20
11
6
6
9
5
24
1
22
18
2
3
24
14
11
21
29
15
29
17
30
8
2
20
19
0
15
18
8
20
31
12
26
20
20
2
21
22
21
4
11
30
24
7
12
0
4
21
7
30
19
21
13
15
28
25
21
15
29
28
3
6
18
24
26
14
14
22
0
31
29
27
16
3
7
12
22
17
14
31
28
17
10
30
25
30
18
16
2
6
23
2
31
23
26
29
31
17
27
15
27
4
11
28
13
11
31
23
5
9
17
7
23
0
26
22
4
19
2
14
8
9
25
3
26
14
12
30
17
21
31
30
18
0
27
4
12
25
21
11
10
4
14
13
27
9
26
12
6
29
25
12
17
31
0
1
7
30
22
28
28
24
1
22
23
30
13
28
21
29
5
23
6
0
19
13
0
12
28
12
21
19
10
27
28
12
13
31
0
5
24
11
15
8
10
7
9
2
14
31
12
19
14
6
7
13
16
17
12
11
18
6
9
2
23
11
17
30
10
5
9
14
12
12
16
7
8
31
3
25
26
24
27
27
19
25
6
22
14
19
26
13
3
2
23
21
24
0
5
15
12
10
12
0
4
14
1
27
10
2
16
12
2
17
7
18
10
5
9
5
0
1
25
28
5
19
3
0
20
30
24
23
6
22
24
0
29
4
20
3
30
5
7
29
16
26
31
9
8
30
27
4
0
10
24
1
29
25
25
4
0
13
18
20
7
0
30
23
25
13
28
9
5
7
6
29
28
20
8
6
26
18
5
11
16
31
11
28
24
29
8
4
17
0
18
1
15
3
15
29
26
23
4
24
29
30
11
18
8
23
18
11
21
2
9
2
12
25
10
25
31
15
7
3
9
8
14
28
31
28
30
5
17
7
24
9
18
24
1
12
18
8
7
30
1
1
11
10
31
22
30
20
15
1
7
13
5
2
21
18
25
4
25
11
30
21
28
30
20
29
29
28
9
12
7
31
9
9
4
22
31
31
16
16
24
2
9
26
16
28
11
6
19
30
17
2
27
18
17
16
26
9
8
14
10
27
22
26
11
18
18
12
18
11
11
27
18
4
18
8
18
9
10
9
9
23
8
4
4
11
9
18
15
27
21
13
8
5
2
11
10
26
24
20
3
5
19
26
15
23
2
29
0
17
31
30
9
27
26
27
28
20
19
8
1
2
13
17
21
3
27
24
2
17
13
0
4
31
9
8
26
29
23
22
10
7
2
18
5
5
29
10
31
5
3
27
4
28
25
12
15
20
26
8
0
17
18
6
25
21
14
24
28
5
18
16
22
5
31
25
11
2
21
12
16
14
0
25
5
13
16
29
11
20
1
5
8
0
14
4
13
2
4
4
15
18
20
15
9
8
8
18
14
3
8
29
16
22
23
8
13
1
5
31
22
13
10
7
6
31
31
11
17
30
30
23
7
31
24
7
21
10
27
19
5
19
25
28
24
22
31
10
15
28
0
8
21
8
13
6
12
10
30
24
22
1
2
29
4
29
15
25
28
27
24
0
12
17
24
21
20
18
0
7
13
25
25
21
18
12
6
16
1
23
17
25
8
21
13
12
28
24
14
28
9
6
18
10
29
5
28
16
16
5
12
9
30
28
31
5
3
16
5
4
6
20
8
17
28
1
16
5
10
0
13
14
4
23
6
25
17
20
11
28
21
10
16
8
11
18
4
25
7
17
8
2
2
16
19
18
3
2
9
9
19
15
20
15
13
22
19
12
22
10
9
18
29
4
26
23
28
8
3
13
7
4
20
30
20
8
5
7
2
11
21
17
25
5
10
20
25
13
4
10
23
6
15
29
27
13
16
16
17
11
2
8
7
9
2
26
27
16
23
9
22
13
1
21
30
24
12
17
8
29
15
21
27
12
9
4
4
1
18
18
7
24
17
23
8
12
20
8
17
26
6
1
22
10
20
6
30
6
0
0
12
23
25
18
20
2
7
27
2
24
15
7
14
7
22
15
22
4
14
10
20
4
17
3
7
8
5
21
5
13
25
28
26
18
5
26
4
30
31
28
17
17
26
17
2
9
23
23
0
28
8
26
16
15
19
7
13
1
22
30
3
24
2
24
5
30
23
16
24
31
24
31
21
7
13
22
20
13
17
29
2
25
23
16
29
4
30
12
25
12
17
10
27
18
25
31
23
13
10
20
3
5
29
8
16
23
28
4
30
6
11
31
14
19
29
17
29
4
9
18
14
1
20
27
19
3
2
2
27
23
14
26
4
6
8
14
2
1
1
26
2
3
6
23
24
8
2
22
10
11
24
31
19
2
29
26
14
28
0
5
15
6
23
10
2
24
10
10
23
15
