0;0
1;0
2;0
3;0
4;2
5;0
6;0
7;2
8;0
9;0
10;0
11;0
12;0
13;0
14;0
15;0
16;2
17;0
18;0
19;0
20;0
21;0
22;0
23;0
24;0
25;2
26;1
27;2
28;2
29;0
30;0
31;0
32;1
33;2
34;0
35;0
36;0
37;0
38;0
39;2
40;0
41;0
42;0
43;0
44;1
45;0
46;0
47;0
48;0
49;0
50;2
51;2
52;0
53;0
54;0
55;0
56;0
57;0
58;0
59;0
60;0
61;0
62;0
63;1
64;0
65;0
66;0
67;0
68;0
69;2
70;0
71;2
72;0
73;0
74;2
75;0
76;0
77;0
78;0
79;0
80;0
81;0
82;1
83;0
84;2
85;0
86;0
87;0
88;0
89;2
90;0
91;0
92;0
93;0
94;0
95;2
96;0
97;1
98;0
99;0
100;2
101;0
102;0
103;2
104;1
105;2
106;0
107;0
108;1
109;0
110;0
111;0
112;1
113;0
114;2
115;0
116;0
117;0
118;1
119;0
120;0
121;0
122;0
123;0
124;0
125;2
126;1
127;0
128;0
129;0
130;0
131;0
132;0
133;0
134;0
135;2
136;0
137;0
138;2
139;0
140;2
141;0
142;0
143;2
144;0
145;2
146;0
147;0
148;0
149;0
150;2
151;0
152;0
153;0
154;0
155;0
156;0
157;2
158;0
159;0
160;2
161;0
162;0
163;0
164;0
165;0
166;0
167;0
168;0
169;0
170;2
171;0
172;0
173;0
174;2
175;0
176;0
177;2
178;0
179;0
180;0
181;1
182;0
183;0
184;0
185;1
186;0
187;2
188;0
189;0
190;0
191;2
192;2
193;0
194;2
195;0
196;2
197;0
198;0
199;1
200;0
201;0
202;0
203;1
204;0
205;0
206;0
207;1
208;0
209;1
210;0
211;2
212;2
213;0
214;0
215;1
216;0
217;0
218;2
219;0
220;0
221;1
222;0
223;0
224;0
225;0
226;0
227;0
228;0
229;0
230;0
231;0
232;0
233;2
234;2
235;1
236;0
237;0
238;0
239;0
240;1
241;0
242;0
243;0
244;1
245;0
246;0
247;2
248;1
249;0
250;0
251;2
252;2
253;0
254;1
255;0
256;1
257;0
258;1
259;0
260;0
261;0
262;0
263;0
264;1
265;0
266;0
267;2
268;0
269;1
270;0
271;0
272;2
273;0
274;2
275;0
276;0
277;0
278;1
279;2
280;2
281;2
282;2
283;0
284;0
285;2
286;2
287;0
288;0
289;0
290;2
291;0
292;0
293;1
294;0
295;0
296;0
297;0
298;0
299;0
300;0
301;0
302;0
303;0
304;1
305;0
306;0
307;0
308;0
309;1
310;0
311;2
312;0
313;0
314;0
315;1
316;2
317;0
318;0
319;0
320;0
321;0
322;0
323;2
324;1
325;0
326;2
327;1
328;0
329;0
330;0
331;0
332;0
333;0
334;0
335;0
336;0
337;0
338;0
339;0
340;2
341;0
342;0
343;0
344;2
345;0
346;0
347;0
348;0
349;0
350;0
351;0
352;1
353;0
354;0
355;0
356;0
357;2
358;0
359;2
360;1
361;0
362;0
363;0
364;0
365;0
366;0
367;0
368;2
369;2
370;1
371;0
372;0
373;0
374;0
375;2
376;0
377;0
378;2
379;0
380;0
381;0
382;0
383;0
384;0
385;1
386;0
387;2
388;1
389;0
390;0
391;0
392;1
393;0
394;0
395;0
396;0
397;0
398;0
399;0
400;0
401;0
402;1
403;0
404;0
405;0
406;1
407;0
408;0
409;2
410;2
411;0
412;0
413;0
414;0
415;1
416;0
417;0
418;2
419;0
420;0
421;0
422;0
423;0
424;0
425;0
426;0
427;2
428;2
429;1
430;0
431;1
432;0
433;0
434;0
435;2
436;0
437;0
438;1
439;0
440;1
441;0
442;0
443;0
444;0
445;0
446;0
447;0
448;2
449;0
450;0
451;1
452;2
453;0
454;0
455;0
456;0
457;0
458;0
459;1
460;0
461;2
462;0
463;0
464;0
465;0
466;0
467;1
468;0
469;0
470;2
471;1
472;1
473;0
474;0
475;0
476;2
477;0
478;0
479;2
480;2
481;0
482;0
483;0
484;0
485;0
486;0
487;2
488;2
489;1
490;0
491;0
492;0
493;0
494;0
495;2
496;0
497;0
498;0
499;0
500;2
501;0
502;0
503;0
504;1
505;1
506;0
507;0
508;0
509;0
510;0
511;0
512;2
513;2
514;1
515;0
516;0
517;0
518;0
519;0
520;0
521;2
522;0
523;2
524;0
525;0
526;0
527;1
528;0
529;0
530;0
531;0
532;0
533;0
534;2
535;0
536;1
537;0
538;0
539;0
540;1
541;0
542;0
543;0
544;0
545;0
546;2
547;1
548;0
549;0
550;0
551;0
552;1
553;0
554;0
555;0
556;2
557;0
558;2
559;0
560;1
561;0
562;1
563;1
564;0
565;0
566;0
567;0
568;1
569;0
570;0
571;0
572;0
573;0
574;0
575;0
576;0
577;0
578;0
579;0
580;2
581;0
582;0
583;0
584;1
585;1
586;0
587;2
588;0
589;0
590;2
591;1
592;0
593;0
594;0
595;2
596;0
597;1
598;0
599;0
600;0
601;1
602;0
603;1
604;0
605;0
606;0
607;0
608;2
609;0
610;2
611;1
612;0
613;0
614;0
615;1
616;0
617;2
618;0
619;0
620;2
621;0
622;0
623;2
624;0
625;0
626;0
627;0
628;0
629;0
630;1
631;2
632;0
633;0
634;2
635;0
636;0
637;1
638;0
639;0
640;0
641;0
642;0
643;0
644;2
645;1
646;2
647;0
648;1
649;0
650;0
651;2
652;2
653;0
654;0
655;0
656;0
657;0
658;0
659;0
660;0
661;2
662;0
663;0
664;1
665;0
666;2
667;1
668;0
669;0
670;0
671;0
672;0
673;1
674;2
675;2
676;2
677;0
678;2
679;2
680;1
681;0
682;0
683;0
684;0
685;0
686;2
687;0
688;1
689;0
690;2
691;1
692;0
693;1
694;0
695;0
696;0
697;0
698;0
699;0
700;0
701;2
702;1
703;0
704;1
705;0
706;0
707;1
708;0
709;1
710;0
711;0
712;1
713;0
714;1
715;2
716;0
717;0
718;0
719;0
720;0
721;0
722;0
723;0
724;0
725;2
726;1
727;2
728;0
729;0
730;0
731;2
732;2
733;0
734;2
735;0
736;0
737;0
738;1
739;0
740;2
741;2
742;0
743;2
744;0
745;2
746;0
747;0
748;0
749;0
750;2
751;0
752;1
753;0
754;0
755;1
756;0
757;2
758;2
759;0
760;1
761;0
762;0
763;0
764;2
765;2
766;0
767;0
768;0
769;2
770;0
771;1
772;0
773;2
774;0
775;2
776;0
777;0
778;0
779;0
780;2
781;0
782;0
783;0
784;0
785;1
786;0
787;0
788;0
789;0
790;0
791;1
792;0
793;1
794;0
795;0
796;2
797;0
798;1
799;0
800;0
801;1
802;0
803;0
804;0
805;0
806;2
807;2
808;0
809;2
810;0
811;0
812;0
813;2
814;0
815;0
816;2
817;0
818;0
819;0
820;1
821;0
822;0
823;1
824;1
825;0
826;2
827;0
828;0
829;0
830;0
831;0
832;0
833;0
834;0
835;0
836;0
837;0
838;0
839;1
840;0
841;2
842;0
843;0
844;0
845;0
846;1
847;0
848;0
849;0
850;2
851;1
852;0
853;1
854;0
855;2
856;2
857;0
858;1
859;1
860;0
861;0
862;2
863;1
864;2
865;0
866;1
867;0
868;0
869;0
870;0
871;1
872;2
873;2
874;0
875;1
876;0
877;2
878;1
879;0
880;0
881;2
882;0
883;0
884;2
885;0
886;0
887;2
888;2
889;0
890;1
891;0
892;1
893;1
894;0
895;0
896;0
897;2
898;1
899;0
900;0
901;0
902;0
903;0
904;0
905;0
906;2
907;0
908;0
909;2
910;0
911;0
912;1
913;0
914;0
915;0
916;0
917;0
918;0
919;0
920;2
921;0
922;0
923;2
924;0
925;0
926;0
927;0
928;0
929;0
930;1
931;1
932;0
933;0
934;0
935;0
936;0
937;0
938;0
939;2
940;0
941;0
942;0
943;1
944;0
945;0
946;0
947;2
948;0
949;0
950;1
951;2
952;0
953;0
954;2
955;0
956;2
957;1
958;0
959;0
960;0
961;2
962;2
963;0
964;0
965;0
966;1
967;1
968;0
969;0
970;0
971;1
972;0
973;0
974;0
975;0
976;0
977;0
978;0
979;2
980;1
981;2
982;0
983;2
984;2
985;0
986;0
987;2
988;0
989;0
990;0
991;1
992;0
993;0
994;0
995;0
996;0
997;0
998;0
999;1
1000;0
1001;2
1002;0
1003;0
1004;1
1005;2
1006;0
1007;0
1008;0
1009;1
1010;0
1011;1
1012;0
1013;1
1014;0
1015;0
1016;0
1017;0
1018;0
1019;0
1020;0
1021;0
1022;0
1023;0
