0;0
1;0
2;1
3;0
4;0
5;0
6;0
7;0
8;0
9;0
10;0
11;0
12;0
13;0
14;0
15;0
16;0
17;0
18;0
19;0
20;0
21;0
22;0
23;2
24;0
25;0
26;0
27;0
28;1
29;0
30;0
31;2
32;0
33;0
34;0
35;0
36;0
37;1
38;0
39;0
40;0
41;0
42;0
43;0
44;0
45;1
46;0
47;2
48;0
49;2
50;0
51;2
52;2
53;0
54;0
55;0
56;0
57;0
58;0
59;0
60;2
61;1
62;0
63;0
64;2
65;0
66;0
67;0
68;0
69;1
70;0
71;0
72;0
73;2
74;0
75;2
76;1
77;0
78;2
79;0
80;0
81;0
82;0
83;0
84;1
85;0
86;0
87;0
88;0
89;2
90;0
91;0
92;0
93;0
94;0
95;0
96;0
97;0
98;1
99;0
100;0
101;0
102;0
103;0
104;0
105;0
106;2
107;0
108;0
109;0
110;0
111;0
112;0
113;0
114;2
115;0
116;1
117;0
118;0
119;0
120;1
121;0
122;0
123;0
124;1
125;0
126;2
127;0
128;0
129;0
130;0
131;1
132;0
133;0
134;0
135;2
136;0
137;0
138;1
139;0
140;0
141;0
142;0
143;0
144;0
145;0
146;0
147;0
148;0
149;0
150;1
151;1
152;0
153;0
154;0
155;0
156;0
157;0
158;0
159;0
160;0
161;0
162;2
163;0
164;0
165;2
166;2
167;2
168;0
169;0
170;0
171;0
172;1
173;0
174;2
175;1
176;0
177;0
178;1
179;0
180;0
181;0
182;0
183;1
184;0
185;1
186;0
187;0
188;2
189;0
190;0
191;0
192;0
193;0
194;0
195;0
196;2
197;0
198;0
199;0
200;0
201;0
202;0
203;1
204;0
205;0
206;2
207;2
208;2
209;2
210;0
211;0
212;1
213;0
214;2
215;2
216;0
217;0
218;1
219;0
220;0
221;1
222;0
223;0
224;0
225;0
226;2
227;0
228;0
229;2
230;2
231;0
232;0
233;0
234;2
235;0
236;0
237;0
238;0
239;0
240;0
241;2
242;0
243;0
244;2
245;0
246;0
247;2
248;0
249;0
250;1
251;1
252;0
253;0
254;0
255;0
256;0
257;0
258;0
259;0
260;0
261;1
262;0
263;0
264;0
265;2
266;1
267;0
268;0
269;0
270;0
271;0
272;0
273;0
274;0
275;2
276;0
277;0
278;2
279;0
280;0
281;2
282;1
283;0
284;2
285;0
286;0
287;0
288;0
289;0
290;0
291;1
292;1
293;0
294;0
295;0
296;0
297;0
298;0
299;0
300;2
301;2
302;1
303;1
304;0
305;0
306;0
307;0
308;0
309;0
310;0
311;0
312;0
313;2
314;0
315;0
316;0
317;1
318;0
319;2
320;0
321;0
322;1
323;0
324;0
325;0
326;2
327;0
328;1
329;0
330;1
331;0
332;2
333;0
334;1
335;2
336;0
337;0
338;0
339;0
340;0
341;0
342;0
343;0
344;0
345;0
346;0
347;0
348;0
349;0
350;1
351;2
352;1
353;1
354;0
355;0
356;1
357;0
358;2
359;1
360;0
361;2
362;2
363;0
364;1
365;0
366;0
367;0
368;0
369;0
370;0
371;1
372;0
373;0
374;0
375;0
376;0
377;0
378;0
379;0
380;0
381;0
382;0
383;0
384;0
385;0
386;1
387;0
388;0
389;0
390;2
391;0
392;0
393;0
394;0
395;0
396;0
397;0
398;0
399;0
400;0
401;0
402;0
403;0
404;0
405;1
406;0
407;0
408;0
409;0
410;0
411;0
412;0
413;2
414;0
415;1
416;0
417;0
418;0
419;0
420;1
421;0
422;0
423;1
424;0
425;0
426;0
427;0
428;0
429;1
430;0
431;2
432;0
433;1
434;0
435;0
436;2
437;0
438;0
439;2
440;0
441;1
442;0
443;0
444;0
445;1
446;0
447;0
448;0
449;0
450;0
451;0
452;0
453;1
454;0
455;0
456;0
457;1
458;0
459;0
460;0
461;2
462;0
463;0
464;1
465;0
466;0
467;0
468;1
469;2
470;0
471;0
472;0
473;2
474;0
475;0
476;0
477;0
478;0
479;0
480;0
481;0
482;0
483;0
484;0
485;1
486;0
487;0
488;0
489;2
490;1
491;1
492;0
493;0
494;0
495;0
496;0
497;0
498;1
499;1
500;0
501;2
502;0
503;0
504;1
505;0
506;2
507;0
508;0
509;0
510;0
511;0
512;2
513;0
514;2
515;1
516;1
517;0
518;0
519;0
520;0
521;0
522;1
523;2
524;0
525;2
526;2
527;0
528;1
529;2
530;2
531;0
532;0
533;0
534;2
535;0
536;0
537;0
538;0
539;1
540;0
541;0
542;0
543;0
544;2
545;0
546;1
547;0
548;2
549;0
550;0
551;0
552;0
553;2
554;2
555;0
556;0
557;0
558;0
559;2
560;0
561;0
562;1
563;0
564;0
565;0
566;0
567;1
568;1
569;2
570;2
571;1
572;0
573;0
574;0
575;0
576;0
577;0
578;0
579;0
580;0
581;0
582;0
583;1
584;0
585;0
586;0
587;2
588;2
589;0
590;2
591;0
592;0
593;0
594;0
595;0
596;1
597;0
598;1
599;0
600;0
601;0
602;0
603;0
604;2
605;0
606;0
607;0
608;0
609;0
610;1
611;0
612;0
613;0
614;0
615;2
616;0
617;2
618;2
619;0
620;0
621;0
622;0
623;0
624;0
625;0
626;0
627;0
628;0
629;0
630;2
631;0
632;2
633;0
634;0
635;2
636;2
637;0
638;0
639;0
640;0
641;0
642;0
643;2
644;1
645;0
646;0
647;0
648;2
649;0
650;0
651;0
652;0
653;0
654;2
655;0
656;2
657;1
658;0
659;0
660;0
661;1
662;0
663;0
664;0
665;2
666;1
667;1
668;0
669;1
670;0
671;0
672;0
673;0
674;2
675;0
676;0
677;1
678;0
679;0
680;2
681;0
682;0
683;0
684;0
685;0
686;0
687;0
688;0
689;0
690;0
691;2
692;0
693;0
694;0
695;0
696;0
697;2
698;1
699;0
700;1
701;0
702;0
703;1
704;0
705;0
706;1
707;2
708;0
709;0
710;0
711;0
712;0
713;0
714;0
715;0
716;1
717;2
718;0
719;0
720;0
721;0
722;0
723;0
724;2
725;0
726;0
727;0
728;0
729;2
730;0
731;0
732;0
733;1
734;0
735;0
736;0
737;0
738;1
739;2
740;0
741;1
742;0
743;1
744;0
745;0
746;2
747;0
748;0
749;0
750;0
751;0
752;0
753;2
754;0
755;0
756;1
757;0
758;0
759;0
760;0
761;0
762;0
763;0
764;0
765;0
766;0
767;0
768;0
769;0
770;0
771;0
772;0
773;0
774;1
775;1
776;0
777;1
778;0
779;0
780;0
781;0
782;0
783;0
784;0
785;0
786;0
787;0
788;0
789;0
790;0
791;0
792;0
793;0
794;0
795;0
796;0
797;0
798;0
799;1
800;0
801;0
802;0
803;0
804;2
805;0
806;0
807;1
808;0
809;2
810;0
811;0
812;1
813;0
814;2
815;2
816;0
817;0
818;0
819;0
820;0
821;0
822;0
823;0
824;1
825;0
826;0
827;2
828;0
829;1
830;0
831;0
832;0
833;1
834;0
835;1
836;0
837;0
838;1
839;0
840;2
841;1
842;0
843;0
844;0
845;0
846;0
847;0
848;0
849;0
850;2
851;2
852;0
853;0
854;0
855;0
856;0
857;2
858;2
859;1
860;0
861;0
862;0
863;2
864;0
865;0
866;0
867;0
868;0
869;0
870;2
871;0
872;0
873;0
874;2
875;1
876;0
877;0
878;0
879;0
880;1
881;0
882;0
883;0
884;0
885;2
886;0
887;0
888;2
889;2
890;0
891;0
892;2
893;0
894;0
895;0
896;0
897;0
898;1
899;1
900;0
901;0
902;0
903;0
904;0
905;0
906;0
907;2
908;1
909;0
910;0
911;2
912;0
913;0
914;0
915;0
916;0
917;0
918;0
919;1
920;0
921;0
922;0
923;0
924;0
925;0
926;0
927;2
928;0
929;0
930;1
931;0
932;0
933;0
934;0
935;2
936;0
937;0
938;2
939;2
940;2
941;1
942;0
943;2
944;0
945;0
946;0
947;2
948;0
949;0
950;0
951;0
952;1
953;0
954;0
955;0
956;2
957;0
958;0
959;0
960;2
961;0
962;0
963;2
964;0
965;0
966;0
967;2
968;0
969;1
970;0
971;0
972;1
973;0
974;0
975;0
976;0
977;1
978;0
979;0
980;0
981;0
982;0
983;1
984;0
985;1
986;0
987;0
988;0
989;0
990;0
991;2
992;2
993;0
994;0
995;0
996;0
997;0
998;0
999;0
1000;0
1001;0
1002;0
1003;0
1004;2
1005;1
1006;2
1007;0
1008;0
1009;0
1010;0
1011;0
1012;0
1013;0
1014;0
1015;0
1016;0
1017;0
1018;0
1019;0
1020;0
1021;0
1022;0
1023;0
