0;0
1;0
2;0
3;0
4;2
5;0
6;0
7;2
8;0
9;0
10;0
11;0
12;0
13;0
14;0
15;2
16;0
17;0
18;0
19;1
20;0
21;0
22;2
23;0
24;0
25;0
26;0
27;2
28;2
29;0
30;1
31;0
32;0
33;0
34;1
35;1
36;0
37;0
38;2
39;1
40;0
41;0
42;0
43;0
44;1
45;0
46;0
47;0
48;0
49;0
50;2
51;2
52;0
53;0
54;0
55;0
56;0
57;2
58;0
59;0
60;0
61;0
62;0
63;0
64;0
65;0
66;1
67;0
68;0
69;0
70;1
71;0
72;0
73;0
74;0
75;0
76;1
77;0
78;0
79;0
80;0
81;0
82;0
83;0
84;0
85;0
86;0
87;0
88;0
89;1
90;0
91;1
92;2
93;0
94;0
95;2
96;0
97;0
98;2
99;1
100;2
101;0
102;2
103;0
104;2
105;0
106;0
107;0
108;0
109;0
110;2
111;0
112;0
113;0
114;2
115;0
116;0
117;0
118;0
119;1
120;0
121;0
122;2
123;2
124;1
125;0
126;0
127;0
128;0
129;0
130;1
131;0
132;0
133;0
134;0
135;0
136;1
137;0
138;2
139;0
140;2
141;0
142;0
143;2
144;0
145;2
146;0
147;0
148;0
149;0
150;2
151;0
152;0
153;0
154;0
155;0
156;0
157;0
158;0
159;0
160;0
161;0
162;0
163;0
164;0
165;0
166;2
167;0
168;0
169;0
170;0
171;0
172;0
173;0
174;1
175;0
176;0
177;2
178;0
179;1
180;0
181;1
182;0
183;0
184;0
185;1
186;0
187;2
188;0
189;0
190;0
191;2
192;2
193;0
194;2
195;0
196;1
197;0
198;0
199;0
200;1
201;0
202;1
203;0
204;0
205;1
206;2
207;1
208;1
209;2
210;0
211;0
212;0
213;0
214;0
215;0
216;0
217;0
218;0
219;0
220;0
221;2
222;0
223;0
224;0
225;0
226;0
227;2
228;0
229;0
230;0
231;0
232;0
233;2
234;0
235;2
236;2
237;0
238;0
239;1
240;2
241;0
242;0
243;0
244;2
245;2
246;0
247;2
248;1
249;0
250;1
251;0
252;0
253;2
254;1
255;0
256;2
257;0
258;2
259;0
260;2
261;0
262;1
263;0
264;0
265;0
266;0
267;0
268;0
269;0
270;0
271;1
272;0
273;0
274;2
275;0
276;0
277;0
278;1
279;2
280;2
281;2
282;2
283;0
284;0
285;2
286;2
287;0
288;0
289;0
290;0
291;0
292;0
293;0
294;0
295;1
296;0
297;0
298;0
299;2
300;0
301;0
302;0
303;0
304;1
305;0
306;0
307;1
308;0
309;0
310;2
311;0
312;0
313;0
314;0
315;0
316;1
317;2
318;0
319;2
320;0
321;1
322;0
323;0
324;0
325;0
326;0
327;0
328;0
329;0
330;0
331;0
332;0
333;0
334;0
335;2
336;2
337;0
338;0
339;0
340;0
341;0
342;1
343;0
344;0
345;2
346;1
347;0
348;0
349;1
350;0
351;0
352;0
353;0
354;2
355;1
356;0
357;0
358;1
359;1
360;0
361;0
362;0
363;0
364;0
365;0
366;0
367;0
368;0
369;2
370;1
371;0
372;0
373;0
374;0
375;2
376;0
377;0
378;2
379;0
380;0
381;0
382;0
383;0
384;0
385;0
386;0
387;0
388;0
389;0
390;0
391;0
392;0
393;0
394;0
395;0
396;0
397;0
398;2
399;0
400;0
401;0
402;0
403;0
404;0
405;0
406;0
407;0
408;0
409;0
410;0
411;1
412;0
413;0
414;0
415;0
416;0
417;0
418;0
419;0
420;0
421;0
422;0
423;0
424;0
425;0
426;2
427;0
428;0
429;0
430;0
431;0
432;1
433;0
434;0
435;2
436;0
437;2
438;2
439;0
440;1
441;0
442;2
443;0
444;0
445;0
446;0
447;0
448;0
449;2
450;0
451;1
452;1
453;0
454;1
455;0
456;0
457;0
458;2
459;0
460;0
461;0
462;1
463;0
464;1
465;0
466;0
467;0
468;0
469;0
470;0
471;0
472;0
473;0
474;0
475;0
476;0
477;0
478;2
479;0
480;0
481;0
482;1
483;0
484;0
485;0
486;0
487;1
488;0
489;0
490;0
491;0
492;0
493;2
494;0
495;0
496;0
497;0
498;0
499;2
500;0
501;0
502;0
503;0
504;1
505;0
506;0
507;1
508;0
509;0
510;0
511;2
512;1
513;0
514;0
515;0
516;1
517;0
518;2
519;1
520;0
521;0
522;1
523;0
524;0
525;0
526;0
527;0
528;0
529;0
530;0
531;1
532;0
533;1
534;1
535;0
536;2
537;0
538;1
539;0
540;0
541;0
542;1
543;0
544;0
545;0
546;2
547;0
548;2
549;0
550;0
551;0
552;0
553;0
554;0
555;2
556;0
557;0
558;2
559;0
560;2
561;0
562;1
563;1
564;1
565;0
566;0
567;0
568;0
569;0
570;1
571;0
572;0
573;0
574;0
575;2
576;0
577;0
578;0
579;0
580;0
581;0
582;0
583;0
584;0
585;0
586;0
587;0
588;0
589;0
590;0
591;2
592;0
593;0
594;0
595;0
596;2
597;0
598;1
599;0
600;0
601;0
602;1
603;0
604;0
605;0
606;0
607;0
608;0
609;0
610;0
611;0
612;1
613;2
614;0
615;0
616;2
617;0
618;0
619;0
620;0
621;0
622;0
623;0
624;0
625;0
626;1
627;1
628;0
629;1
630;0
631;0
632;0
633;0
634;0
635;0
636;1
637;0
638;0
639;0
640;0
641;0
642;0
643;0
644;0
645;0
646;0
647;1
648;0
649;0
650;2
651;0
652;0
653;0
654;0
655;0
656;0
657;0
658;0
659;2
660;2
661;2
662;2
663;0
664;0
665;0
666;2
667;0
668;1
669;0
670;0
671;0
672;0
673;0
674;1
675;0
676;2
677;1
678;1
679;0
680;1
681;2
682;0
683;0
684;2
685;0
686;0
687;1
688;0
689;2
690;0
691;0
692;0
693;0
694;0
695;1
696;0
697;0
698;0
699;0
700;1
701;0
702;2
703;2
704;0
705;0
706;2
707;2
708;0
709;2
710;0
711;0
712;0
713;0
714;2
715;0
716;0
717;0
718;0
719;0
720;0
721;0
722;0
723;1
724;1
725;2
726;0
727;0
728;0
729;2
730;0
731;1
732;0
733;0
734;0
735;0
736;1
737;0
738;1
739;2
740;0
741;0
742;0
743;0
744;0
745;0
746;1
747;2
748;0
749;0
750;0
751;0
752;0
753;0
754;1
755;1
756;0
757;0
758;2
759;0
760;2
761;2
762;0
763;0
764;0
765;0
766;1
767;2
768;0
769;0
770;1
771;0
772;1
773;0
774;0
775;1
776;0
777;0
778;0
779;0
780;0
781;0
782;0
783;0
784;2
785;0
786;0
787;0
788;0
789;0
790;0
791;2
792;0
793;0
794;1
795;0
796;0
797;0
798;0
799;1
800;2
801;0
802;2
803;0
804;0
805;0
806;0
807;0
808;2
809;0
810;0
811;0
812;0
813;0
814;0
815;0
816;0
817;0
818;1
819;0
820;2
821;0
822;0
823;0
824;0
825;1
826;0
827;0
828;0
829;0
830;0
831;0
832;2
833;2
834;2
835;2
836;0
837;0
838;2
839;2
840;0
841;2
842;0
843;1
844;0
845;0
846;0
847;0
848;1
849;2
850;0
851;0
852;1
853;0
854;2
855;2
856;2
857;2
858;1
859;0
860;0
861;0
862;1
863;0
864;0
865;0
866;0
867;2
868;0
869;0
870;0
871;0
872;0
873;0
874;0
875;0
876;0
877;0
878;1
879;0
880;0
881;1
882;0
883;0
884;0
885;0
886;2
887;0
888;0
889;0
890;2
891;1
892;0
893;1
894;2
895;0
896;2
897;0
898;0
899;0
900;0
901;0
902;0
903;0
904;0
905;1
906;0
907;0
908;1
909;0
910;0
911;0
912;1
913;2
914;0
915;0
916;0
917;0
918;0
919;0
920;2
921;0
922;1
923;2
924;2
925;0
926;0
927;0
928;0
929;0
930;0
931;2
932;2
933;0
934;0
935;0
936;0
937;0
938;0
939;0
940;1
941;1
942;0
943;1
944;0
945;0
946;0
947;2
948;2
949;0
950;0
951;0
952;0
953;0
954;2
955;0
956;0
957;0
958;0
959;0
960;0
961;0
962;0
963;0
964;0
965;0
966;0
967;0
968;0
969;0
970;1
971;0
972;0
973;1
974;0
975;0
976;1
977;0
978;0
979;0
980;0
981;0
982;2
983;0
984;2
985;0
986;0
987;0
988;2
989;1
990;0
991;2
992;0
993;0
994;0
995;0
996;0
997;2
998;0
999;0
1000;0
1001;2
1002;0
1003;0
1004;0
1005;0
1006;1
1007;0
1008;0
1009;0
1010;0
1011;0
1012;0
1013;0
1014;0
1015;0
1016;0
1017;0
1018;0
1019;0
1020;0
1021;0
1022;0
1023;0
