0;0
1;0
2;0
3;0
4;2
5;0
6;2
7;1
8;2
9;0
10;2
11;2
12;1
13;0
14;2
15;0
16;1
17;0
18;1
19;0
20;0
21;1
22;0
23;0
24;2
25;2
26;0
27;0
28;0
29;0
30;0
31;2
32;0
33;1
34;0
35;0
36;0
37;0
38;0
39;0
40;1
41;0
42;0
43;2
44;0
45;0
46;0
47;2
48;2
49;0
50;2
51;0
52;2
53;0
54;2
55;0
56;1
57;0
58;0
59;0
60;2
61;0
62;1
63;1
64;0
65;0
66;0
67;2
68;0
69;0
70;0
71;0
72;2
73;2
74;0
75;0
76;0
77;1
78;0
79;2
80;1
81;0
82;0
83;0
84;2
85;2
86;1
87;0
88;2
89;0
90;0
91;2
92;0
93;0
94;0
95;0
96;2
97;0
98;1
99;2
100;0
101;0
102;0
103;0
104;0
105;0
106;1
107;2
108;1
109;1
110;0
111;2
112;2
113;0
114;2
115;1
116;0
117;0
118;2
119;1
120;2
121;0
122;2
123;0
124;2
125;2
126;0
127;0
128;0
129;2
130;0
131;0
132;0
133;0
134;0
135;0
136;0
137;0
138;1
139;0
140;1
141;0
142;0
143;0
144;0
145;0
146;0
147;0
148;1
149;0
150;0
151;0
152;2
153;0
154;0
155;2
156;0
157;0
158;2
159;0
160;0
161;0
162;0
163;0
164;1
165;0
166;0
167;0
168;2
169;1
170;0
171;0
172;0
173;0
174;0
175;2
176;0
177;2
178;0
179;0
180;0
181;0
182;0
183;0
184;0
185;2
186;0
187;1
188;1
189;0
190;0
191;2
192;1
193;0
194;0
195;0
196;0
197;0
198;0
199;0
200;1
201;0
202;0
203;0
204;0
205;0
206;0
207;2
208;1
209;2
210;0
211;0
212;1
213;0
214;0
215;2
216;2
217;0
218;0
219;0
220;2
221;0
222;0
223;0
224;0
225;1
226;0
227;0
228;0
229;1
230;0
231;0
232;1
233;0
234;0
235;0
236;0
237;0
238;0
239;0
240;1
241;0
242;2
243;2
244;0
245;0
246;0
247;0
248;4
249;0
250;0
251;0
252;0
253;0
254;2
255;0
256;2
257;1
258;1
259;2
260;0
261;1
262;0
263;2
264;0
265;0
266;0
267;2
268;2
269;0
270;2
271;2
272;2
273;0
274;2
275;0
276;1
277;1
278;0
279;0
280;2
281;0
282;0
283;0
284;0
285;0
286;0
287;0
288;0
289;0
290;0
291;2
292;2
293;0
294;0
295;1
296;1
297;2
298;0
299;0
300;1
301;0
302;1
303;0
304;1
305;0
306;1
307;0
308;1
309;2
310;0
311;2
312;2
313;0
314;0
315;0
316;1
317;0
318;0
319;0
320;0
321;0
322;0
323;0
324;0
325;1
326;0
327;0
328;2
329;0
330;0
331;2
332;0
333;2
334;0
335;0
336;0
337;0
338;0
339;0
340;2
341;0
342;0
343;0
344;0
345;0
346;0
347;2
348;0
349;0
350;0
351;0
352;0
353;0
354;1
355;0
356;0
357;0
358;2
359;0
360;0
361;0
362;0
363;2
364;2
365;2
366;2
367;1
368;0
369;0
370;0
371;0
372;2
373;1
374;0
375;0
376;0
377;0
378;0
379;0
380;2
381;0
382;0
383;2
384;0
385;0
386;0
387;0
388;0
389;0
390;2
391;2
392;0
393;2
394;2
395;1
396;0
397;0
398;1
399;2
400;0
401;0
402;0
403;0
404;1
405;0
406;0
407;0
408;4
409;0
410;2
411;1
412;0
413;0
414;0
415;0
416;1
417;0
418;1
419;0
420;0
421;0
422;0
423;0
424;2
425;2
426;1
427;0
428;2
429;2
430;0
431;0
432;2
433;2
434;0
435;0
436;0
437;0
438;0
439;0
440;0
441;0
442;0
443;0
444;0
445;0
446;0
447;0
448;2
449;0
450;0
451;1
452;0
453;0
454;0
455;0
456;1
457;0
458;0
459;1
460;0
461;0
462;0
463;0
464;0
465;0
466;2
467;1
468;0
469;2
470;0
471;0
472;0
473;0
474;0
475;1
476;0
477;0
478;2
479;2
480;0
481;0
482;0
483;2
484;2
485;0
486;2
487;0
488;2
489;1
490;2
491;0
492;1
493;0
494;1
495;0
496;0
497;1
498;1
499;2
500;0
501;1
502;0
503;0
504;0
505;0
506;0
507;0
508;1
509;0
510;1
511;1
512;0
513;1
514;0
515;0
516;0
517;1
518;0
519;2
520;1
521;1
522;0
523;0
524;0
525;0
526;0
527;2
528;2
529;0
530;0
531;0
532;0
533;1
534;0
535;0
536;0
537;0
538;0
539;2
540;0
541;0
542;0
543;2
544;0
545;0
546;0
547;2
548;1
549;0
550;0
551;0
552;0
553;0
554;0
555;0
556;0
557;1
558;0
559;0
560;0
561;0
562;0
563;2
564;1
565;0
566;0
567;0
568;2
569;0
570;0
571;1
572;0
573;2
574;0
575;2
576;2
577;0
578;1
579;0
580;0
581;2
582;0
583;0
584;0
585;1
586;0
587;1
588;0
589;0
590;0
591;0
592;0
593;0
594;0
595;0
596;0
597;0
598;0
599;1
600;0
601;0
602;0
603;2
604;2
605;0
606;0
607;1
608;2
609;0
610;0
611;0
612;2
613;0
614;1
615;0
616;0
617;1
618;0
619;0
620;0
621;0
622;0
623;0
624;2
625;0
626;0
627;0
628;0
629;0
630;0
631;0
632;1
633;0
634;0
635;0
636;2
637;0
638;0
639;0
640;0
641;0
642;0
643;0
644;2
645;2
646;0
647;2
648;2
649;2
650;0
651;1
652;0
653;0
654;0
655;0
656;0
657;0
658;0
659;0
660;0
661;0
662;0
663;0
664;0
665;0
666;0
667;0
668;0
669;0
670;0
671;0
672;0
673;0
674;2
675;0
676;0
677;0
678;0
679;2
680;1
681;2
682;2
683;2
684;0
685;0
686;0
687;0
688;1
689;0
690;0
691;1
692;0
693;2
694;0
695;0
696;1
697;0
698;0
699;0
700;0
701;0
702;2
703;1
704;0
705;0
706;1
707;0
708;1
709;0
710;0
711;0
712;0
713;0
714;1
715;0
716;0
717;1
718;0
719;0
720;1
721;0
722;0
723;2
724;2
725;0
726;0
727;1
728;0
729;0
730;2
731;0
732;1
733;2
734;0
735;2
736;0
737;1
738;0
739;1
740;0
741;0
742;0
743;0
744;2
745;0
746;0
747;0
748;0
749;0
750;0
751;0
752;2
753;0
754;0
755;0
756;1
757;0
758;0
759;0
760;1
761;0
762;0
763;2
764;0
765;0
766;2
767;0
768;0
769;0
770;0
771;0
772;2
773;1
774;0
775;0
776;0
777;1
778;0
779;1
780;0
781;2
782;0
783;2
784;0
785;0
786;0
787;0
788;0
789;0
790;0
791;0
792;0
793;0
794;0
795;0
796;0
797;0
798;2
799;1
800;0
801;0
802;2
803;1
804;1
805;0
806;0
807;2
808;1
809;0
810;0
811;1
812;0
813;0
814;0
815;0
816;2
817;1
818;1
819;1
820;0
821;1
822;0
823;1
824;0
825;0
826;2
827;0
828;2
829;0
830;0
831;0
832;0
833;0
834;0
835;2
836;1
837;0
838;0
839;0
840;1
841;0
842;0
843;2
844;1
845;0
846;1
847;0
848;0
849;0
850;2
851;2
852;1
853;0
854;0
855;0
856;0
857;2
858;0
859;2
860;2
861;1
862;0
863;0
864;0
865;0
866;0
867;0
868;0
869;0
870;0
871;1
872;0
873;0
874;0
875;2
876;2
877;0
878;0
879;0
880;0
881;0
882;2
883;0
884;0
885;2
886;0
887;0
888;1
889;0
890;2
891;1
892;0
893;0
894;0
895;2
896;1
897;0
898;0
899;0
900;0
901;0
902;0
903;0
904;0
905;0
906;1
907;2
908;1
909;0
910;0
911;0
912;2
913;0
914;2
915;0
916;0
917;0
918;0
919;2
920;0
921;1
922;0
923;1
924;0
925;2
926;0
927;0
928;0
929;1
930;0
931;0
932;0
933;0
934;2
935;0
936;0
937;1
938;0
939;2
940;2
941;1
942;0
943;1
944;0
945;0
946;0
947;0
948;2
949;0
950;2
951;2
952;0
953;0
954;2
955;2
956;0
957;0
958;2
959;0
960;0
961;0
962;2
963;0
964;1
965;0
966;0
967;0
968;0
969;0
970;0
971;0
972;0
973;0
974;0
975;0
976;0
977;0
978;0
979;2
980;0
981;1
982;0
983;0
984;0
985;0
986;1
987;0
988;0
989;0
990;0
991;0
992;0
993;2
994;1
995;2
996;0
997;0
998;0
999;0
1000;0
1001;2
1002;0
1003;0
1004;0
1005;1
1006;1
1007;0
1008;0
1009;0
1010;0
1011;0
1012;0
1013;1
1014;0
1015;1
1016;0
1017;0
1018;0
1019;0
1020;0
1021;0
1022;0
1023;0
