0;0
1;1
2;1
3;0
4;2
5;2
6;2
7;0
8;2
9;0
10;0
11;2
12;0
13;0
14;0
15;0
16;0
17;0
18;0
19;0
20;0
21;0
22;2
23;0
24;0
25;0
26;0
27;0
28;1
29;0
30;0
31;0
32;0
33;0
34;0
35;0
36;1
37;0
38;0
39;0
40;1
41;0
42;1
43;0
44;0
45;0
46;0
47;0
48;2
49;0
50;1
51;0
52;0
53;0
54;0
55;0
56;0
57;0
58;0
59;1
60;0
61;0
62;0
63;0
64;0
65;0
66;0
67;0
68;0
69;0
70;0
71;0
72;2
73;2
74;1
75;0
76;0
77;0
78;0
79;2
80;2
81;0
82;2
83;0
84;0
85;0
86;0
87;0
88;2
89;2
90;1
91;0
92;0
93;0
94;0
95;0
96;0
97;0
98;0
99;1
100;0
101;0
102;2
103;0
104;0
105;1
106;0
107;0
108;0
109;0
110;0
111;0
112;0
113;0
114;2
115;0
116;2
117;0
118;0
119;0
120;2
121;0
122;0
123;0
124;0
125;0
126;1
127;1
128;0
129;2
130;2
131;1
132;2
133;0
134;2
135;0
136;1
137;0
138;2
139;0
140;0
141;2
142;0
143;0
144;0
145;1
146;0
147;2
148;0
149;0
150;0
151;2
152;1
153;0
154;0
155;1
156;0
157;0
158;0
159;0
160;0
161;0
162;0
163;0
164;2
165;0
166;0
167;0
168;0
169;0
170;0
171;1
172;0
173;0
174;0
175;2
176;1
177;1
178;0
179;2
180;0
181;0
182;0
183;0
184;2
185;0
186;0
187;0
188;0
189;0
190;1
191;0
192;4
193;0
194;1
195;0
196;2
197;2
198;1
199;2
200;1
201;0
202;1
203;0
204;0
205;0
206;0
207;0
208;0
209;0
210;0
211;1
212;2
213;0
214;0
215;0
216;0
217;0
218;0
219;0
220;2
221;2
222;0
223;1
224;0
225;0
226;0
227;0
228;0
229;0
230;0
231;0
232;0
233;1
234;0
235;0
236;2
237;0
238;0
239;0
240;2
241;0
242;0
243;0
244;1
245;0
246;0
247;0
248;0
249;0
250;0
251;0
252;0
253;0
254;0
255;0
256;0
257;1
258;0
259;0
260;2
261;0
262;0
263;2
264;2
265;2
266;2
267;2
268;0
269;0
270;0
271;0
272;1
273;0
274;2
275;1
276;0
277;0
278;0
279;0
280;0
281;0
282;1
283;0
284;0
285;0
286;0
287;0
288;0
289;0
290;0
291;0
292;0
293;1
294;1
295;0
296;0
297;0
298;0
299;0
300;0
301;0
302;0
303;0
304;0
305;0
306;0
307;2
308;0
309;2
310;0
311;0
312;0
313;0
314;0
315;0
316;2
317;0
318;1
319;0
320;1
321;0
322;0
323;0
324;0
325;0
326;0
327;0
328;1
329;0
330;1
331;0
332;0
333;0
334;0
335;2
336;0
337;1
338;2
339;0
340;0
341;0
342;2
343;0
344;0
345;0
346;2
347;0
348;0
349;1
350;0
351;0
352;0
353;1
354;0
355;2
356;0
357;0
358;1
359;0
360;0
361;0
362;0
363;0
364;0
365;0
366;0
367;0
368;0
369;0
370;2
371;0
372;0
373;0
374;1
375;2
376;0
377;0
378;0
379;2
380;0
381;0
382;0
383;0
384;0
385;0
386;0
387;0
388;0
389;0
390;0
391;2
392;0
393;0
394;1
395;0
396;0
397;1
398;0
399;0
400;0
401;0
402;0
403;2
404;1
405;0
406;0
407;1
408;0
409;0
410;0
411;0
412;2
413;0
414;1
415;2
416;0
417;2
418;0
419;0
420;0
421;0
422;2
423;0
424;0
425;0
426;1
427;1
428;0
429;0
430;0
431;0
432;0
433;0
434;0
435;0
436;0
437;1
438;0
439;1
440;0
441;0
442;0
443;2
444;1
445;2
446;0
447;0
448;0
449;1
450;0
451;0
452;0
453;0
454;0
455;0
456;0
457;0
458;0
459;2
460;1
461;0
462;0
463;0
464;0
465;0
466;0
467;0
468;0
469;1
470;0
471;0
472;2
473;0
474;0
475;0
476;0
477;1
478;0
479;0
480;2
481;0
482;0
483;0
484;0
485;0
486;2
487;1
488;0
489;0
490;0
491;0
492;0
493;0
494;0
495;0
496;2
497;0
498;0
499;1
500;0
501;0
502;1
503;0
504;0
505;0
506;1
507;1
508;1
509;0
510;0
511;0
512;0
513;0
514;0
515;0
516;0
517;0
518;1
519;0
520;0
521;0
522;0
523;0
524;0
525;0
526;1
527;0
528;0
529;0
530;0
531;0
532;1
533;0
534;0
535;0
536;0
537;0
538;0
539;0
540;0
541;0
542;0
543;1
544;0
545;0
546;0
547;0
548;2
549;1
550;0
551;2
552;0
553;0
554;0
555;0
556;0
557;0
558;0
559;1
560;0
561;0
562;1
563;0
564;2
565;0
566;2
567;0
568;0
569;2
570;2
571;0
572;0
573;0
574;2
575;0
576;0
577;0
578;0
579;0
580;0
581;0
582;0
583;0
584;2
585;0
586;0
587;0
588;0
589;0
590;0
591;0
592;0
593;2
594;2
595;0
596;0
597;0
598;2
599;0
600;0
601;1
602;0
603;1
604;0
605;0
606;0
607;2
608;1
609;0
610;1
611;0
612;0
613;0
614;2
615;0
616;0
617;0
618;1
619;0
620;0
621;2
622;0
623;0
624;2
625;2
626;0
627;0
628;0
629;0
630;0
631;0
632;0
633;0
634;2
635;0
636;1
637;1
638;0
639;0
640;2
641;2
642;1
643;0
644;0
645;0
646;0
647;0
648;0
649;1
650;0
651;2
652;0
653;0
654;0
655;0
656;0
657;2
658;0
659;0
660;0
661;0
662;0
663;0
664;0
665;0
666;0
667;0
668;2
669;0
670;0
671;0
672;0
673;1
674;0
675;0
676;0
677;2
678;0
679;0
680;0
681;0
682;0
683;1
684;0
685;0
686;0
687;0
688;0
689;0
690;0
691;0
692;0
693;2
694;1
695;1
696;0
697;0
698;0
699;0
700;2
701;0
702;0
703;0
704;0
705;0
706;0
707;0
708;1
709;0
710;2
711;0
712;0
713;2
714;0
715;0
716;2
717;0
718;0
719;0
720;0
721;0
722;0
723;0
724;0
725;1
726;2
727;0
728;0
729;0
730;0
731;0
732;0
733;0
734;1
735;0
736;0
737;0
738;2
739;0
740;0
741;2
742;2
743;1
744;0
745;1
746;0
747;2
748;0
749;2
750;0
751;0
752;0
753;0
754;1
755;0
756;0
757;2
758;0
759;0
760;0
761;0
762;0
763;0
764;0
765;0
766;0
767;0
768;0
769;0
770;1
771;0
772;0
773;2
774;0
775;0
776;0
777;1
778;0
779;1
780;0
781;0
782;1
783;0
784;0
785;0
786;1
787;0
788;1
789;0
790;0
791;0
792;0
793;0
794;0
795;1
796;0
797;1
798;0
799;0
800;1
801;1
802;2
803;0
804;2
805;0
806;0
807;0
808;1
809;0
810;0
811;0
812;0
813;0
814;0
815;0
816;0
817;0
818;0
819;0
820;0
821;0
822;2
823;0
824;0
825;2
826;2
827;0
828;1
829;1
830;0
831;0
832;0
833;1
834;0
835;0
836;0
837;1
838;0
839;0
840;0
841;1
842;0
843;0
844;0
845;2
846;1
847;0
848;0
849;1
850;0
851;0
852;1
853;0
854;2
855;1
856;0
857;1
858;0
859;0
860;0
861;0
862;0
863;0
864;0
865;0
866;0
867;0
868;0
869;0
870;2
871;0
872;0
873;0
874;1
875;0
876;1
877;0
878;0
879;0
880;0
881;0
882;0
883;0
884;0
885;0
886;0
887;0
888;2
889;2
890;0
891;1
892;2
893;1
894;0
895;1
896;0
897;0
898;1
899;0
900;0
901;0
902;2
903;2
904;0
905;1
906;2
907;2
908;0
909;0
910;2
911;1
912;0
913;0
914;0
915;0
916;0
917;0
918;0
919;0
920;0
921;0
922;0
923;0
924;0
925;0
926;1
927;0
928;0
929;0
930;0
931;2
932;0
933;0
934;0
935;0
936;2
937;0
938;0
939;0
940;0
941;0
942;0
943;0
944;0
945;2
946;0
947;0
948;0
949;1
950;0
951;0
952;0
953;0
954;1
955;0
956;2
957;0
958;0
959;0
960;0
961;0
962;1
963;1
964;0
965;0
966;0
967;0
968;1
969;0
970;2
971;0
972;1
973;0
974;0
975;0
976;2
977;0
978;0
979;0
980;2
981;2
982;0
983;0
984;0
985;0
986;0
987;0
988;1
989;0
990;0
991;0
992;2
993;0
994;0
995;2
996;0
997;0
998;0
999;0
1000;0
1001;0
1002;0
1003;0
1004;0
1005;0
1006;0
1007;0
1008;0
1009;0
1010;2
1011;1
1012;0
1013;0
1014;1
1015;0
1016;0
1017;0
1018;0
1019;0
1020;0
1021;0
1022;0
1023;0
