0;0
1;0
2;0
3;0
4;4
5;0
6;0
7;1
8;0
9;2
10;0
11;0
12;2
13;1
14;0
15;0
16;0
17;1
18;0
19;0
20;0
21;2
22;1
23;0
24;0
25;0
26;0
27;0
28;0
29;0
30;1
31;0
32;0
33;0
34;1
35;0
36;2
37;0
38;0
39;1
40;0
41;1
42;0
43;2
44;0
45;0
46;0
47;1
48;0
49;0
50;0
51;2
52;0
53;0
54;2
55;0
56;2
57;0
58;2
59;2
60;2
61;1
62;0
63;0
64;2
65;0
66;0
67;2
68;2
69;0
70;0
71;0
72;2
73;0
74;1
75;0
76;0
77;0
78;0
79;1
80;0
81;0
82;2
83;0
84;0
85;0
86;1
87;2
88;0
89;0
90;0
91;0
92;0
93;0
94;0
95;0
96;1
97;0
98;0
99;0
100;1
101;2
102;2
103;2
104;2
105;0
106;1
107;2
108;0
109;0
110;0
111;2
112;1
113;2
114;0
115;1
116;2
117;0
118;0
119;0
120;0
121;0
122;0
123;0
124;0
125;0
126;1
127;0
128;2
129;0
130;1
131;0
132;0
133;1
134;0
135;0
136;1
137;0
138;0
139;1
140;0
141;1
142;0
143;2
144;0
145;0
146;0
147;0
148;0
149;0
150;2
151;1
152;0
153;0
154;1
155;0
156;2
157;0
158;2
159;1
160;0
161;0
162;0
163;2
164;0
165;1
166;0
167;2
168;0
169;0
170;0
171;1
172;0
173;1
174;0
175;0
176;0
177;1
178;0
179;0
180;0
181;0
182;0
183;2
184;1
185;0
186;0
187;0
188;0
189;0
190;2
191;0
192;0
193;1
194;2
195;2
196;2
197;0
198;1
199;0
200;0
201;0
202;0
203;0
204;0
205;0
206;0
207;0
208;0
209;0
210;0
211;0
212;0
213;0
214;1
215;0
216;0
217;2
218;0
219;2
220;0
221;0
222;0
223;0
224;0
225;0
226;0
227;0
228;0
229;0
230;2
231;0
232;0
233;0
234;0
235;0
236;2
237;2
238;0
239;2
240;0
241;2
242;2
243;0
244;1
245;0
246;0
247;0
248;2
249;2
250;2
251;2
252;0
253;0
254;2
255;1
256;0
257;0
258;0
259;0
260;0
261;0
262;0
263;0
264;0
265;0
266;0
267;2
268;0
269;0
270;0
271;2
272;1
273;1
274;0
275;0
276;0
277;0
278;0
279;0
280;0
281;0
282;0
283;0
284;0
285;0
286;0
287;2
288;0
289;0
290;2
291;0
292;0
293;0
294;0
295;0
296;1
297;0
298;0
299;0
300;2
301;1
302;0
303;0
304;1
305;0
306;0
307;2
308;0
309;0
310;2
311;0
312;0
313;0
314;0
315;2
316;0
317;0
318;0
319;0
320;0
321;0
322;0
323;0
324;0
325;0
326;0
327;1
328;0
329;0
330;0
331;0
332;1
333;0
334;2
335;1
336;0
337;0
338;0
339;0
340;2
341;2
342;0
343;0
344;0
345;2
346;0
347;0
348;0
349;0
350;0
351;2
352;2
353;0
354;0
355;0
356;2
357;0
358;0
359;0
360;0
361;1
362;0
363;0
364;1
365;0
366;0
367;1
368;0
369;0
370;2
371;0
372;0
373;0
374;0
375;0
376;2
377;0
378;2
379;0
380;2
381;0
382;0
383;0
384;2
385;2
386;2
387;0
388;2
389;0
390;0
391;0
392;0
393;1
394;0
395;0
396;2
397;0
398;0
399;0
400;2
401;0
402;1
403;0
404;2
405;0
406;0
407;0
408;1
409;0
410;0
411;0
412;2
413;2
414;0
415;0
416;0
417;0
418;1
419;0
420;0
421;0
422;0
423;0
424;2
425;0
426;2
427;0
428;0
429;0
430;0
431;0
432;1
433;0
434;0
435;0
436;0
437;2
438;0
439;2
440;1
441;0
442;2
443;0
444;0
445;1
446;0
447;0
448;0
449;0
450;0
451;0
452;0
453;0
454;0
455;0
456;1
457;0
458;0
459;0
460;0
461;0
462;1
463;1
464;0
465;2
466;0
467;2
468;2
469;2
470;2
471;2
472;1
473;0
474;2
475;0
476;2
477;1
478;0
479;0
480;0
481;0
482;0
483;1
484;0
485;0
486;0
487;0
488;0
489;0
490;0
491;2
492;0
493;0
494;0
495;0
496;0
497;0
498;0
499;0
500;0
501;0
502;0
503;0
504;0
505;0
506;0
507;0
508;2
509;0
510;0
511;2
512;0
513;0
514;2
515;1
516;0
517;0
518;0
519;1
520;2
521;0
522;1
523;0
524;0
525;2
526;0
527;0
528;2
529;0
530;1
531;0
532;2
533;0
534;2
535;0
536;1
537;0
538;0
539;0
540;0
541;0
542;2
543;0
544;1
545;0
546;0
547;2
548;0
549;0
550;2
551;2
552;1
553;1
554;0
555;2
556;1
557;0
558;0
559;2
560;0
561;0
562;0
563;0
564;1
565;0
566;2
567;1
568;2
569;0
570;0
571;0
572;0
573;0
574;0
575;1
576;0
577;0
578;0
579;2
580;0
581;0
582;2
583;0
584;0
585;0
586;0
587;0
588;0
589;0
590;0
591;0
592;1
593;0
594;0
595;2
596;0
597;0
598;1
599;0
600;2
601;1
602;0
603;0
604;0
605;0
606;0
607;0
608;1
609;0
610;1
611;0
612;2
613;0
614;2
615;0
616;2
617;1
618;0
619;0
620;0
621;0
622;0
623;0
624;0
625;0
626;0
627;0
628;0
629;2
630;0
631;0
632;0
633;1
634;0
635;0
636;2
637;0
638;2
639;0
640;0
641;0
642;0
643;0
644;2
645;0
646;1
647;0
648;1
649;0
650;0
651;1
652;0
653;0
654;0
655;1
656;0
657;0
658;0
659;0
660;1
661;0
662;0
663;0
664;0
665;0
666;2
667;0
668;0
669;0
670;0
671;0
672;0
673;0
674;0
675;0
676;2
677;2
678;2
679;1
680;0
681;1
682;0
683;0
684;2
685;0
686;0
687;0
688;2
689;1
690;0
691;0
692;0
693;0
694;2
695;0
696;1
697;0
698;0
699;0
700;2
701;2
702;0
703;0
704;1
705;0
706;0
707;0
708;0
709;0
710;2
711;0
712;0
713;2
714;0
715;2
716;0
717;0
718;2
719;0
720;0
721;0
722;0
723;2
724;2
725;0
726;0
727;0
728;0
729;0
730;2
731;0
732;0
733;0
734;0
735;1
736;0
737;0
738;0
739;2
740;0
741;0
742;0
743;1
744;2
745;0
746;0
747;2
748;0
749;0
750;1
751;2
752;0
753;0
754;2
755;2
756;1
757;0
758;1
759;0
760;0
761;0
762;1
763;0
764;0
765;2
766;2
767;2
768;0
769;0
770;0
771;0
772;0
773;0
774;0
775;0
776;0
777;2
778;2
779;0
780;1
781;0
782;0
783;0
784;0
785;2
786;0
787;2
788;1
789;1
790;0
791;2
792;2
793;0
794;2
795;0
796;2
797;0
798;0
799;2
800;1
801;0
802;1
803;0
804;0
805;0
806;0
807;0
808;1
809;0
810;2
811;2
812;0
813;1
814;0
815;2
816;0
817;0
818;0
819;0
820;1
821;0
822;0
823;0
824;0
825;1
826;0
827;0
828;2
829;0
830;0
831;1
832;0
833;0
834;0
835;1
836;0
837;1
838;0
839;0
840;1
841;0
842;0
843;2
844;0
845;2
846;1
847;0
848;0
849;0
850;0
851;0
852;2
853;0
854;0
855;0
856;1
857;0
858;2
859;0
860;0
861;0
862;0
863;0
864;0
865;0
866;2
867;0
868;2
869;0
870;2
871;0
872;0
873;0
874;0
875;0
876;0
877;0
878;0
879;0
880;0
881;0
882;0
883;0
884;0
885;2
886;2
887;2
888;2
889;2
890;2
891;2
892;2
893;2
894;2
895;0
896;0
897;2
898;0
899;0
900;1
901;0
902;0
903;0
904;2
905;0
906;1
907;0
908;0
909;1
910;0
911;0
912;1
913;0
914;1
915;0
916;0
917;0
918;0
919;0
920;0
921;0
922;1
923;0
924;1
925;0
926;0
927;0
928;2
929;0
930;1
931;0
932;1
933;0
934;0
935;2
936;2
937;0
938;0
939;0
940;0
941;0
942;0
943;0
944;2
945;1
946;0
947;1
948;0
949;0
950;1
951;0
952;0
953;0
954;0
955;0
956;0
957;1
958;0
959;0
960;0
961;0
962;0
963;0
964;0
965;2
966;0
967;0
968;2
969;0
970;0
971;0
972;1
973;0
974;0
975;1
976;0
977;1
978;0
979;0
980;0
981;1
982;2
983;0
984;0
985;2
986;0
987;0
988;2
989;0
990;0
991;0
992;0
993;0
994;0
995;0
996;0
997;2
998;0
999;0
1000;2
1001;0
1002;2
1003;0
1004;2
1005;0
1006;0
1007;0
1008;1
1009;0
1010;2
1011;0
1012;0
1013;0
1014;0
1015;1
1016;0
1017;0
1018;0
1019;0
1020;0
1021;0
1022;0
1023;0
