0;1
1;0
2;0
3;0
4;2
5;2
6;0
7;2
8;0
9;0
10;2
11;0
12;2
13;0
14;0
15;1
16;0
17;0
18;1
19;0
20;2
21;0
22;2
23;1
24;0
25;0
26;0
27;0
28;0
29;0
30;0
31;0
32;0
33;0
34;0
35;0
36;0
37;0
38;2
39;1
40;1
41;0
42;1
43;0
44;2
45;0
46;1
47;2
48;0
49;2
50;0
51;0
52;2
53;0
54;0
55;1
56;0
57;0
58;0
59;0
60;0
61;0
62;0
63;0
64;0
65;0
66;1
67;0
68;0
69;0
70;0
71;0
72;2
73;0
74;0
75;0
76;0
77;0
78;0
79;0
80;0
81;2
82;0
83;2
84;0
85;0
86;2
87;0
88;0
89;0
90;0
91;0
92;1
93;0
94;2
95;0
96;0
97;0
98;0
99;0
100;2
101;1
102;0
103;0
104;1
105;2
106;0
107;0
108;0
109;0
110;0
111;0
112;0
113;0
114;2
115;0
116;0
117;0
118;0
119;0
120;0
121;0
122;0
123;0
124;0
125;1
126;1
127;0
128;0
129;0
130;0
131;1
132;0
133;0
134;0
135;0
136;1
137;0
138;0
139;1
140;2
141;0
142;0
143;2
144;1
145;0
146;1
147;0
148;0
149;0
150;0
151;0
152;0
153;0
154;0
155;0
156;0
157;1
158;0
159;0
160;0
161;0
162;1
163;0
164;0
165;1
166;0
167;0
168;0
169;0
170;0
171;2
172;2
173;0
174;2
175;0
176;0
177;0
178;0
179;2
180;2
181;0
182;0
183;0
184;0
185;0
186;2
187;0
188;1
189;1
190;0
191;2
192;0
193;0
194;0
195;0
196;2
197;0
198;2
199;0
200;2
201;2
202;2
203;1
204;0
205;2
206;0
207;0
208;0
209;0
210;2
211;2
212;0
213;0
214;0
215;0
216;0
217;2
218;0
219;0
220;0
221;2
222;0
223;0
224;0
225;1
226;0
227;0
228;1
229;2
230;2
231;0
232;0
233;0
234;0
235;0
236;0
237;0
238;2
239;2
240;0
241;0
242;0
243;0
244;2
245;0
246;0
247;1
248;0
249;0
250;0
251;0
252;1
253;0
254;0
255;0
256;0
257;2
258;0
259;0
260;0
261;1
262;2
263;1
264;0
265;0
266;2
267;0
268;0
269;0
270;0
271;0
272;0
273;1
274;0
275;1
276;1
277;0
278;0
279;0
280;0
281;0
282;0
283;0
284;0
285;0
286;0
287;0
288;0
289;1
290;2
291;0
292;0
293;0
294;0
295;0
296;0
297;1
298;0
299;0
300;0
301;0
302;0
303;0
304;1
305;1
306;1
307;0
308;0
309;0
310;0
311;0
312;0
313;0
314;0
315;0
316;1
317;1
318;0
319;0
320;0
321;2
322;0
323;1
324;0
325;0
326;0
327;0
328;0
329;0
330;1
331;0
332;0
333;0
334;1
335;0
336;0
337;0
338;0
339;0
340;0
341;0
342;0
343;2
344;0
345;0
346;0
347;0
348;0
349;0
350;0
351;1
352;0
353;0
354;0
355;0
356;0
357;0
358;0
359;0
360;0
361;0
362;0
363;0
364;0
365;2
366;0
367;2
368;0
369;1
370;1
371;0
372;0
373;2
374;2
375;0
376;1
377;1
378;0
379;0
380;1
381;0
382;0
383;0
384;0
385;0
386;0
387;0
388;0
389;0
390;1
391;0
392;0
393;1
394;2
395;1
396;0
397;1
398;0
399;0
400;0
401;1
402;0
403;0
404;0
405;1
406;0
407;2
408;0
409;0
410;0
411;0
412;2
413;1
414;0
415;2
416;2
417;0
418;0
419;1
420;0
421;1
422;0
423;1
424;0
425;0
426;0
427;0
428;0
429;0
430;0
431;0
432;0
433;0
434;0
435;0
436;0
437;1
438;0
439;2
440;1
441;0
442;0
443;1
444;0
445;0
446;0
447;2
448;2
449;0
450;0
451;0
452;0
453;2
454;0
455;0
456;2
457;0
458;2
459;0
460;0
461;0
462;0
463;0
464;2
465;0
466;0
467;0
468;2
469;0
470;0
471;0
472;0
473;0
474;0
475;1
476;1
477;0
478;0
479;0
480;0
481;0
482;2
483;1
484;2
485;0
486;2
487;2
488;2
489;0
490;0
491;0
492;0
493;0
494;0
495;1
496;0
497;0
498;2
499;0
500;0
501;2
502;0
503;0
504;0
505;0
506;0
507;0
508;0
509;0
510;0
511;0
512;0
513;0
514;0
515;1
516;0
517;0
518;0
519;0
520;0
521;2
522;2
523;1
524;0
525;0
526;2
527;0
528;0
529;0
530;0
531;0
532;0
533;1
534;0
535;0
536;0
537;0
538;2
539;2
540;0
541;2
542;0
543;0
544;0
545;0
546;0
547;2
548;0
549;1
550;0
551;0
552;1
553;2
554;0
555;0
556;0
557;0
558;0
559;0
560;1
561;0
562;1
563;0
564;0
565;0
566;0
567;0
568;1
569;1
570;0
571;1
572;0
573;0
574;0
575;0
576;2
577;0
578;0
579;0
580;2
581;0
582;0
583;0
584;0
585;0
586;0
587;0
588;2
589;1
590;0
591;0
592;1
593;0
594;0
595;1
596;0
597;0
598;0
599;0
600;0
601;0
602;2
603;0
604;1
605;1
606;0
607;0
608;0
609;0
610;2
611;0
612;0
613;0
614;0
615;0
616;2
617;0
618;0
619;0
620;0
621;0
622;1
623;0
624;2
625;0
626;0
627;0
628;0
629;2
630;0
631;0
632;2
633;0
634;0
635;2
636;0
637;2
638;1
639;0
640;0
641;0
642;0
643;0
644;0
645;0
646;0
647;0
648;2
649;0
650;0
651;2
652;1
653;0
654;0
655;0
656;2
657;1
658;0
659;0
660;0
661;0
662;2
663;0
664;1
665;0
666;0
667;2
668;0
669;0
670;0
671;0
672;0
673;0
674;0
675;2
676;0
677;1
678;1
679;0
680;2
681;0
682;0
683;2
684;0
685;0
686;0
687;0
688;0
689;1
690;0
691;0
692;0
693;0
694;0
695;0
696;0
697;0
698;0
699;0
700;0
701;0
702;0
703;1
704;0
705;0
706;0
707;0
708;2
709;1
710;0
711;0
712;0
713;0
714;1
715;0
716;2
717;1
718;0
719;0
720;0
721;0
722;0
723;0
724;0
725;2
726;0
727;0
728;2
729;0
730;0
731;0
732;0
733;0
734;0
735;0
736;0
737;0
738;0
739;1
740;0
741;2
742;2
743;1
744;1
745;0
746;0
747;1
748;1
749;0
750;2
751;0
752;1
753;0
754;0
755;0
756;0
757;1
758;0
759;1
760;0
761;0
762;0
763;0
764;0
765;0
766;1
767;0
768;0
769;2
770;0
771;1
772;1
773;0
774;1
775;0
776;1
777;1
778;0
779;2
780;2
781;1
782;0
783;2
784;0
785;0
786;2
787;0
788;0
789;0
790;0
791;0
792;2
793;2
794;0
795;0
796;0
797;0
798;0
799;0
800;0
801;0
802;2
803;0
804;0
805;0
806;1
807;2
808;0
809;1
810;0
811;0
812;0
813;0
814;2
815;0
816;0
817;0
818;0
819;1
820;0
821;0
822;0
823;0
824;0
825;0
826;0
827;2
828;1
829;0
830;2
831;0
832;2
833;1
834;0
835;2
836;0
837;1
838;0
839;1
840;0
841;0
842;1
843;0
844;0
845;1
846;1
847;0
848;2
849;0
850;0
851;0
852;0
853;0
854;1
855;0
856;0
857;0
858;1
859;0
860;0
861;0
862;1
863;0
864;0
865;0
866;1
867;0
868;1
869;2
870;0
871;0
872;0
873;2
874;0
875;2
876;0
877;1
878;0
879;1
880;0
881;0
882;0
883;0
884;0
885;0
886;0
887;0
888;0
889;2
890;0
891;0
892;0
893;0
894;0
895;0
896;0
897;2
898;0
899;0
900;0
901;0
902;2
903;1
904;0
905;0
906;0
907;0
908;0
909;2
910;0
911;0
912;0
913;0
914;2
915;1
916;2
917;1
918;0
919;2
920;0
921;1
922;0
923;2
924;0
925;0
926;0
927;0
928;1
929;0
930;2
931;0
932;0
933;0
934;1
935;0
936;2
937;0
938;1
939;0
940;0
941;0
942;0
943;0
944;0
945;0
946;2
947;1
948;0
949;0
950;0
951;0
952;0
953;0
954;1
955;0
956;2
957;0
958;2
959;0
960;2
961;0
962;1
963;0
964;2
965;0
966;0
967;0
968;0
969;0
970;2
971;0
972;0
973;0
974;0
975;1
976;0
977;0
978;0
979;0
980;2
981;0
982;0
983;0
984;0
985;1
986;0
987;2
988;2
989;1
990;0
991;0
992;0
993;0
994;0
995;0
996;0
997;0
998;0
999;1
1000;2
1001;1
1002;0
1003;0
1004;0
1005;0
1006;0
1007;1
1008;0
1009;2
1010;1
1011;0
1012;0
1013;0
1014;0
1015;1
1016;0
1017;0
1018;0
1019;0
1020;0
1021;0
1022;0
1023;0
