0;2
1;0
2;0
3;1
4;0
5;0
6;0
7;0
8;0
9;0
10;2
11;0
12;0
13;2
14;2
15;0
16;0
17;0
18;0
19;0
20;0
21;0
22;0
23;0
24;0
25;0
26;2
27;0
28;0
29;0
30;0
31;0
32;0
33;0
34;0
35;2
36;0
37;0
38;0
39;2
40;0
41;0
42;0
43;0
44;0
45;0
46;0
47;0
48;2
49;2
50;2
51;0
52;0
53;0
54;0
55;0
56;0
57;0
58;1
59;0
60;0
61;0
62;0
63;0
64;0
65;0
66;2
67;1
68;0
69;0
70;0
71;0
72;0
73;1
74;0
75;0
76;1
77;1
78;0
79;0
80;1
81;2
82;2
83;0
84;0
85;1
86;0
87;2
88;0
89;0
90;0
91;0
92;0
93;0
94;2
95;0
96;0
97;0
98;1
99;2
100;2
101;0
102;2
103;0
104;2
105;0
106;0
107;0
108;1
109;0
110;0
111;0
112;1
113;0
114;0
115;1
116;0
117;0
118;2
119;0
120;1
121;0
122;0
123;0
124;2
125;0
126;2
127;0
128;0
129;0
130;2
131;1
132;0
133;1
134;0
135;1
136;0
137;0
138;1
139;0
140;0
141;0
142;1
143;2
144;0
145;0
146;0
147;0
148;1
149;2
150;0
151;0
152;0
153;2
154;1
155;0
156;0
157;0
158;1
159;0
160;0
161;0
162;0
163;0
164;0
165;0
166;0
167;0
168;0
169;0
170;2
171;0
172;0
173;0
174;0
175;0
176;2
177;0
178;0
179;0
180;1
181;0
182;0
183;0
184;1
185;0
186;0
187;0
188;0
189;0
190;2
191;1
192;2
193;1
194;0
195;0
196;0
197;0
198;1
199;2
200;0
201;0
202;0
203;1
204;0
205;0
206;1
207;0
208;0
209;1
210;0
211;0
212;0
213;0
214;0
215;0
216;2
217;0
218;2
219;0
220;0
221;0
222;0
223;0
224;0
225;0
226;1
227;0
228;2
229;0
230;0
231;0
232;1
233;2
234;1
235;0
236;0
237;0
238;0
239;1
240;0
241;0
242;0
243;1
244;0
245;1
246;0
247;0
248;2
249;0
250;0
251;2
252;0
253;0
254;0
255;0
256;0
257;0
258;2
259;2
260;1
261;0
262;2
263;0
264;2
265;2
266;0
267;0
268;1
269;0
270;2
271;0
272;0
273;0
274;0
275;0
276;2
277;0
278;0
279;2
280;2
281;0
282;0
283;0
284;0
285;1
286;0
287;0
288;0
289;0
290;0
291;0
292;0
293;1
294;0
295;0
296;0
297;0
298;2
299;0
300;0
301;2
302;0
303;0
304;0
305;2
306;0
307;0
308;1
309;0
310;1
311;2
312;0
313;0
314;1
315;0
316;0
317;0
318;1
319;2
320;0
321;1
322;0
323;0
324;0
325;0
326;2
327;0
328;0
329;0
330;0
331;2
332;0
333;0
334;0
335;0
336;0
337;0
338;0
339;2
340;0
341;2
342;2
343;0
344;0
345;0
346;0
347;1
348;1
349;0
350;0
351;0
352;1
353;0
354;1
355;0
356;0
357;0
358;2
359;2
360;0
361;0
362;0
363;1
364;0
365;0
366;0
367;0
368;0
369;0
370;0
371;0
372;0
373;1
374;0
375;0
376;2
377;0
378;0
379;0
380;0
381;0
382;2
383;0
384;0
385;1
386;0
387;0
388;0
389;0
390;0
391;0
392;0
393;2
394;2
395;0
396;0
397;0
398;0
399;0
400;0
401;0
402;0
403;0
404;0
405;0
406;0
407;2
408;0
409;0
410;1
411;2
412;0
413;0
414;0
415;1
416;0
417;0
418;0
419;0
420;0
421;0
422;1
423;0
424;2
425;0
426;0
427;0
428;0
429;0
430;2
431;1
432;2
433;0
434;0
435;1
436;0
437;1
438;0
439;0
440;0
441;0
442;2
443;0
444;0
445;0
446;0
447;2
448;1
449;0
450;0
451;0
452;0
453;1
454;0
455;0
456;2
457;0
458;0
459;2
460;2
461;0
462;0
463;2
464;0
465;0
466;2
467;0
468;0
469;0
470;0
471;0
472;2
473;1
474;0
475;0
476;0
477;0
478;0
479;0
480;0
481;2
482;1
483;0
484;1
485;1
486;0
487;0
488;0
489;0
490;0
491;0
492;1
493;2
494;0
495;0
496;0
497;0
498;0
499;0
500;0
501;2
502;1
503;1
504;0
505;0
506;0
507;2
508;0
509;0
510;0
511;1
512;0
513;0
514;0
515;0
516;0
517;0
518;0
519;0
520;0
521;0
522;0
523;0
524;0
525;0
526;0
527;0
528;1
529;1
530;0
531;1
532;0
533;0
534;0
535;0
536;0
537;0
538;1
539;0
540;0
541;1
542;0
543;1
544;0
545;0
546;0
547;0
548;0
549;0
550;0
551;2
552;2
553;2
554;0
555;0
556;0
557;1
558;0
559;0
560;2
561;0
562;2
563;0
564;0
565;0
566;0
567;0
568;1
569;2
570;1
571;0
572;0
573;0
574;0
575;0
576;0
577;0
578;0
579;0
580;2
581;0
582;0
583;0
584;0
585;0
586;0
587;0
588;0
589;0
590;0
591;1
592;1
593;0
594;2
595;2
596;2
597;0
598;0
599;0
600;0
601;0
602;0
603;0
604;2
605;1
606;0
607;0
608;0
609;0
610;0
611;0
612;0
613;0
614;0
615;0
616;0
617;0
618;0
619;0
620;0
621;0
622;0
623;0
624;0
625;0
626;0
627;1
628;0
629;1
630;0
631;2
632;0
633;0
634;0
635;0
636;2
637;0
638;0
639;0
640;0
641;2
642;1
643;0
644;0
645;1
646;0
647;0
648;2
649;1
650;0
651;0
652;2
653;0
654;0
655;0
656;1
657;0
658;0
659;0
660;0
661;0
662;1
663;0
664;2
665;2
666;0
667;0
668;0
669;0
670;2
671;0
672;1
673;0
674;0
675;0
676;0
677;1
678;0
679;0
680;0
681;2
682;0
683;0
684;1
685;2
686;0
687;0
688;0
689;0
690;0
691;0
692;1
693;0
694;0
695;0
696;0
697;0
698;0
699;0
700;0
701;0
702;0
703;0
704;0
705;0
706;1
707;0
708;1
709;2
710;1
711;0
712;0
713;2
714;2
715;0
716;0
717;0
718;0
719;0
720;0
721;1
722;0
723;2
724;0
725;1
726;2
727;0
728;0
729;0
730;0
731;0
732;2
733;0
734;0
735;0
736;1
737;0
738;4
739;0
740;2
741;1
742;0
743;0
744;0
745;2
746;1
747;0
748;0
749;0
750;0
751;0
752;0
753;2
754;2
755;0
756;0
757;0
758;0
759;0
760;0
761;0
762;0
763;0
764;0
765;0
766;2
767;0
768;1
769;0
770;0
771;0
772;1
773;2
774;0
775;0
776;0
777;0
778;0
779;0
780;2
781;0
782;0
783;0
784;2
785;2
786;0
787;0
788;0
789;0
790;2
791;0
792;0
793;2
794;0
795;0
796;2
797;0
798;2
799;0
800;2
801;2
802;0
803;0
804;0
805;0
806;0
807;0
808;0
809;0
810;0
811;0
812;0
813;2
814;2
815;0
816;0
817;0
818;0
819;2
820;0
821;1
822;0
823;1
824;0
825;0
826;0
827;0
828;2
829;1
830;0
831;1
832;0
833;0
834;0
835;2
836;0
837;0
838;0
839;2
840;0
841;0
842;0
843;0
844;1
845;0
846;0
847;1
848;1
849;0
850;2
851;0
852;2
853;0
854;0
855;2
856;0
857;0
858;0
859;0
860;1
861;0
862;2
863;0
864;1
865;0
866;0
867;0
868;0
869;0
870;2
871;0
872;0
873;0
874;0
875;0
876;0
877;0
878;1
879;0
880;1
881;0
882;0
883;2
884;0
885;0
886;2
887;0
888;0
889;2
890;1
891;0
892;1
893;2
894;2
895;2
896;0
897;2
898;0
899;1
900;0
901;0
902;2
903;0
904;0
905;0
906;0
907;0
908;0
909;1
910;0
911;1
912;1
913;0
914;0
915;0
916;0
917;2
918;0
919;0
920;0
921;0
922;0
923;0
924;0
925;2
926;0
927;2
928;0
929;0
930;0
931;0
932;0
933;0
934;0
935;0
936;0
937;0
938;0
939;0
940;0
941;0
942;0
943;0
944;0
945;0
946;0
947;0
948;0
949;0
950;0
951;1
952;0
953;0
954;0
955;1
956;0
957;0
958;0
959;0
960;0
961;0
962;0
963;0
964;1
965;0
966;0
967;2
968;1
969;0
970;2
971;0
972;0
973;0
974;0
975;0
976;0
977;0
978;1
979;0
980;0
981;0
982;1
983;0
984;0
985;0
986;1
987;0
988;0
989;0
990;0
991;0
992;0
993;0
994;2
995;0
996;0
997;0
998;0
999;0
1000;0
1001;1
1002;0
1003;0
1004;0
1005;1
1006;0
1007;0
1008;2
1009;1
1010;0
1011;0
1012;1
1013;0
1014;0
1015;0
1016;0
1017;0
1018;0
1019;0
1020;0
1021;0
1022;0
1023;0
