0;0
1;0
2;0
3;0
4;2
5;0
6;2
7;1
8;2
9;0
10;2
11;2
12;1
13;1
14;0
15;1
16;0
17;0
18;0
19;0
20;0
21;0
22;0
23;2
24;2
25;0
26;2
27;0
28;2
29;0
30;0
31;0
32;0
33;1
34;0
35;0
36;0
37;0
38;2
39;2
40;0
41;0
42;0
43;2
44;0
45;0
46;0
47;0
48;1
49;0
50;0
51;0
52;1
53;0
54;0
55;2
56;2
57;0
58;2
59;1
60;0
61;0
62;0
63;0
64;2
65;0
66;1
67;1
68;0
69;0
70;0
71;0
72;0
73;2
74;0
75;0
76;0
77;0
78;0
79;2
80;1
81;1
82;0
83;0
84;0
85;2
86;1
87;0
88;0
89;0
90;0
91;2
92;0
93;2
94;0
95;0
96;0
97;0
98;1
99;0
100;1
101;0
102;0
103;0
104;0
105;0
106;1
107;2
108;2
109;2
110;2
111;1
112;0
113;0
114;2
115;0
116;1
117;0
118;0
119;0
120;0
121;1
122;2
123;0
124;0
125;0
126;0
127;0
128;0
129;0
130;0
131;0
132;2
133;0
134;2
135;0
136;0
137;0
138;2
139;0
140;0
141;0
142;0
143;0
144;0
145;1
146;0
147;0
148;1
149;0
150;0
151;0
152;0
153;0
154;1
155;2
156;2
157;0
158;2
159;1
160;0
161;0
162;2
163;0
164;0
165;0
166;0
167;0
168;0
169;0
170;1
171;0
172;0
173;0
174;0
175;0
176;0
177;0
178;0
179;0
180;2
181;0
182;0
183;0
184;0
185;0
186;0
187;2
188;2
189;1
190;1
191;0
192;1
193;1
194;1
195;0
196;0
197;0
198;2
199;0
200;0
201;1
202;0
203;0
204;1
205;0
206;0
207;2
208;1
209;0
210;0
211;2
212;2
213;0
214;0
215;2
216;1
217;1
218;0
219;1
220;2
221;0
222;1
223;1
224;0
225;0
226;2
227;0
228;0
229;0
230;0
231;1
232;0
233;2
234;0
235;2
236;0
237;0
238;0
239;0
240;0
241;0
242;2
243;2
244;0
245;0
246;0
247;0
248;2
249;0
250;0
251;0
252;0
253;0
254;0
255;0
256;1
257;0
258;0
259;1
260;0
261;0
262;2
263;2
264;0
265;0
266;2
267;0
268;2
269;2
270;2
271;0
272;2
273;0
274;0
275;0
276;0
277;0
278;0
279;0
280;1
281;1
282;0
283;0
284;0
285;0
286;0
287;0
288;0
289;2
290;2
291;2
292;0
293;1
294;0
295;2
296;0
297;0
298;0
299;0
300;2
301;1
302;0
303;2
304;2
305;2
306;2
307;2
308;2
309;0
310;0
311;0
312;2
313;0
314;0
315;0
316;0
317;0
318;0
319;0
320;2
321;0
322;0
323;0
324;1
325;0
326;0
327;1
328;0
329;2
330;2
331;0
332;0
333;2
334;1
335;0
336;0
337;0
338;2
339;0
340;0
341;1
342;0
343;2
344;0
345;2
346;2
347;2
348;0
349;1
350;0
351;1
352;0
353;0
354;0
355;1
356;2
357;0
358;2
359;2
360;2
361;0
362;0
363;0
364;0
365;1
366;0
367;0
368;0
369;0
370;0
371;0
372;2
373;0
374;1
375;0
376;0
377;0
378;0
379;0
380;2
381;0
382;0
383;2
384;0
385;1
386;0
387;0
388;0
389;2
390;1
391;0
392;0
393;0
394;0
395;2
396;0
397;0
398;0
399;2
400;0
401;0
402;2
403;0
404;2
405;0
406;0
407;2
408;0
409;0
410;0
411;0
412;1
413;0
414;0
415;1
416;0
417;0
418;2
419;0
420;0
421;0
422;0
423;2
424;2
425;0
426;0
427;0
428;0
429;2
430;1
431;2
432;1
433;0
434;2
435;0
436;1
437;0
438;0
439;0
440;1
441;0
442;0
443;0
444;2
445;0
446;2
447;2
448;2
449;0
450;0
451;0
452;2
453;0
454;0
455;0
456;0
457;0
458;0
459;2
460;1
461;0
462;0
463;1
464;1
465;0
466;0
467;0
468;1
469;0
470;1
471;0
472;2
473;0
474;0
475;2
476;0
477;0
478;2
479;2
480;0
481;0
482;2
483;2
484;0
485;0
486;1
487;1
488;1
489;0
490;1
491;0
492;0
493;1
494;0
495;1
496;2
497;0
498;0
499;0
500;0
501;0
502;0
503;0
504;1
505;0
506;0
507;0
508;0
509;0
510;2
511;2
512;2
513;2
514;0
515;0
516;0
517;0
518;0
519;0
520;1
521;0
522;1
523;2
524;0
525;0
526;0
527;0
528;0
529;0
530;0
531;2
532;0
533;0
534;0
535;1
536;1
537;0
538;0
539;2
540;0
541;0
542;0
543;2
544;0
545;0
546;0
547;2
548;1
549;0
550;0
551;0
552;0
553;0
554;0
555;0
556;1
557;0
558;0
559;0
560;0
561;0
562;0
563;2
564;0
565;0
566;0
567;1
568;0
569;1
570;0
571;0
572;2
573;2
574;0
575;2
576;0
577;1
578;0
579;0
580;0
581;0
582;2
583;2
584;1
585;0
586;0
587;0
588;0
589;2
590;2
591;0
592;0
593;0
594;2
595;0
596;2
597;1
598;0
599;0
600;0
601;0
602;1
603;2
604;2
605;1
606;0
607;0
608;2
609;0
610;2
611;0
612;2
613;2
614;0
615;0
616;0
617;0
618;0
619;0
620;1
621;0
622;0
623;1
624;0
625;0
626;0
627;2
628;1
629;0
630;0
631;2
632;1
633;1
634;1
635;2
636;2
637;2
638;0
639;2
640;2
641;0
642;1
643;0
644;1
645;0
646;0
647;1
648;0
649;2
650;0
651;2
652;1
653;0
654;2
655;2
656;2
657;0
658;1
659;0
660;2
661;0
662;2
663;0
664;2
665;0
666;0
667;0
668;0
669;2
670;1
671;1
672;0
673;1
674;2
675;2
676;2
677;0
678;2
679;2
680;0
681;1
682;0
683;2
684;0
685;1
686;0
687;2
688;0
689;0
690;0
691;0
692;0
693;0
694;0
695;2
696;2
697;0
698;0
699;2
700;0
701;1
702;0
703;0
704;0
705;0
706;0
707;0
708;2
709;0
710;0
711;0
712;0
713;0
714;0
715;0
716;0
717;2
718;1
719;1
720;1
721;0
722;0
723;1
724;0
725;0
726;0
727;2
728;1
729;0
730;2
731;2
732;2
733;2
734;2
735;0
736;0
737;0
738;0
739;0
740;2
741;0
742;0
743;1
744;0
745;0
746;0
747;0
748;1
749;0
750;1
751;0
752;1
753;2
754;1
755;0
756;2
757;0
758;0
759;0
760;1
761;0
762;0
763;1
764;0
765;0
766;2
767;0
768;0
769;0
770;0
771;1
772;2
773;2
774;2
775;1
776;0
777;0
778;2
779;0
780;0
781;1
782;0
783;0
784;0
785;0
786;0
787;2
788;1
789;0
790;0
791;0
792;1
793;0
794;0
795;0
796;0
797;0
798;0
799;2
800;0
801;0
802;1
803;0
804;1
805;0
806;1
807;0
808;2
809;0
810;0
811;0
812;0
813;0
814;0
815;0
816;1
817;0
818;0
819;1
820;0
821;0
822;0
823;1
824;1
825;0
826;0
827;2
828;2
829;0
830;2
831;0
832;0
833;2
834;0
835;0
836;0
837;0
838;0
839;2
840;0
841;0
842;0
843;1
844;0
845;0
846;0
847;0
848;0
849;0
850;0
851;2
852;0
853;0
854;1
855;0
856;0
857;0
858;2
859;2
860;0
861;0
862;1
863;0
864;0
865;0
866;0
867;0
868;1
869;0
870;0
871;0
872;2
873;0
874;2
875;2
876;2
877;0
878;2
879;2
880;0
881;0
882;0
883;0
884;0
885;1
886;0
887;0
888;0
889;0
890;0
891;0
892;0
893;1
894;0
895;2
896;2
897;2
898;0
899;0
900;0
901;2
902;0
903;0
904;0
905;0
906;0
907;0
908;1
909;0
910;0
911;0
912;0
913;0
914;0
915;2
916;0
917;0
918;2
919;2
920;0
921;0
922;0
923;0
924;0
925;0
926;2
927;2
928;0
929;0
930;0
931;0
932;1
933;1
934;0
935;0
936;0
937;0
938;0
939;2
940;2
941;0
942;0
943;0
944;0
945;2
946;0
947;1
948;0
949;0
950;0
951;0
952;0
953;0
954;2
955;0
956;0
957;0
958;1
959;0
960;1
961;0
962;0
963;2
964;1
965;0
966;0
967;0
968;2
969;2
970;2
971;1
972;0
973;0
974;2
975;0
976;0
977;0
978;0
979;0
980;1
981;2
982;2
983;0
984;0
985;2
986;0
987;0
988;1
989;0
990;0
991;0
992;0
993;0
994;0
995;0
996;0
997;0
998;0
999;0
1000;1
1001;0
1002;2
1003;0
1004;0
1005;0
1006;0
1007;1
1008;1
1009;0
1010;0
1011;2
1012;1
1013;0
1014;0
1015;1
1016;0
1017;0
1018;0
1019;0
1020;0
1021;0
1022;0
1023;0
