0;0
1;0
2;0
3;0
4;2
5;0
6;0
7;2
8;2
9;2
10;0
11;2
12;1
13;0
14;2
15;1
16;0
17;0
18;0
19;0
20;0
21;0
22;1
23;0
24;0
25;0
26;0
27;0
28;0
29;0
30;1
31;0
32;2
33;0
34;0
35;0
36;0
37;0
38;0
39;0
40;2
41;0
42;0
43;0
44;0
45;0
46;0
47;0
48;0
49;0
50;0
51;0
52;0
53;0
54;0
55;0
56;0
57;1
58;0
59;0
60;2
61;1
62;2
63;0
64;0
65;1
66;0
67;0
68;0
69;2
70;0
71;0
72;0
73;0
74;0
75;0
76;0
77;0
78;2
79;0
80;1
81;0
82;0
83;2
84;0
85;0
86;0
87;0
88;0
89;0
90;0
91;0
92;0
93;0
94;2
95;2
96;0
97;0
98;1
99;0
100;0
101;0
102;1
103;0
104;0
105;0
106;0
107;0
108;1
109;0
110;0
111;0
112;2
113;0
114;0
115;0
116;2
117;0
118;0
119;1
120;0
121;1
122;1
123;0
124;1
125;1
126;0
127;0
128;0
129;1
130;0
131;0
132;0
133;0
134;0
135;0
136;0
137;0
138;1
139;0
140;0
141;0
142;0
143;0
144;0
145;0
146;0
147;0
148;2
149;1
150;0
151;0
152;0
153;0
154;0
155;0
156;0
157;0
158;2
159;1
160;0
161;0
162;0
163;0
164;0
165;0
166;0
167;0
168;0
169;0
170;2
171;0
172;0
173;0
174;0
175;0
176;2
177;0
178;0
179;0
180;1
181;0
182;0
183;1
184;0
185;0
186;0
187;0
188;0
189;0
190;2
191;2
192;0
193;1
194;0
195;2
196;2
197;0
198;0
199;2
200;0
201;0
202;0
203;0
204;2
205;0
206;0
207;1
208;0
209;0
210;0
211;0
212;0
213;0
214;1
215;0
216;0
217;0
218;1
219;0
220;0
221;0
222;0
223;0
224;0
225;0
226;2
227;0
228;0
229;0
230;0
231;0
232;0
233;0
234;0
235;0
236;2
237;0
238;0
239;0
240;1
241;0
242;0
243;0
244;1
245;0
246;0
247;0
248;0
249;0
250;2
251;0
252;1
253;0
254;1
255;0
256;1
257;0
258;1
259;0
260;0
261;1
262;0
263;0
264;0
265;0
266;0
267;0
268;2
269;0
270;0
271;2
272;0
273;2
274;0
275;2
276;0
277;0
278;2
279;0
280;2
281;0
282;2
283;1
284;0
285;0
286;0
287;0
288;0
289;0
290;0
291;2
292;0
293;1
294;0
295;0
296;0
297;0
298;0
299;0
300;0
301;0
302;0
303;0
304;0
305;0
306;0
307;1
308;0
309;0
310;2
311;0
312;0
313;0
314;0
315;0
316;0
317;1
318;2
319;0
320;0
321;0
322;0
323;0
324;0
325;0
326;0
327;0
328;1
329;0
330;0
331;0
332;0
333;0
334;1
335;0
336;0
337;0
338;0
339;0
340;0
341;0
342;2
343;0
344;2
345;2
346;0
347;0
348;2
349;0
350;0
351;0
352;0
353;1
354;0
355;1
356;1
357;0
358;0
359;0
360;2
361;2
362;0
363;0
364;0
365;0
366;0
367;0
368;0
369;0
370;0
371;0
372;0
373;1
374;0
375;1
376;0
377;0
378;0
379;0
380;2
381;0
382;0
383;0
384;0
385;0
386;2
387;0
388;0
389;2
390;1
391;0
392;0
393;0
394;0
395;0
396;0
397;0
398;0
399;1
400;0
401;0
402;0
403;1
404;0
405;0
406;0
407;0
408;0
409;0
410;0
411;0
412;2
413;0
414;0
415;0
416;0
417;0
418;0
419;0
420;0
421;0
422;0
423;0
424;0
425;0
426;0
427;0
428;0
429;0
430;1
431;0
432;0
433;0
434;0
435;0
436;0
437;0
438;0
439;0
440;0
441;1
442;0
443;0
444;2
445;0
446;0
447;0
448;0
449;0
450;0
451;0
452;0
453;1
454;0
455;0
456;2
457;2
458;2
459;1
460;0
461;0
462;0
463;0
464;0
465;0
466;2
467;0
468;1
469;2
470;0
471;0
472;0
473;0
474;0
475;0
476;1
477;0
478;0
479;0
480;1
481;0
482;0
483;0
484;1
485;0
486;0
487;0
488;0
489;0
490;0
491;0
492;0
493;1
494;0
495;0
496;2
497;1
498;0
499;0
500;0
501;0
502;0
503;0
504;2
505;0
506;0
507;0
508;0
509;0
510;0
511;0
512;1
513;0
514;0
515;2
516;0
517;0
518;0
519;0
520;0
521;0
522;0
523;0
524;0
525;0
526;0
527;0
528;0
529;1
530;0
531;2
532;2
533;0
534;0
535;0
536;2
537;0
538;1
539;0
540;0
541;0
542;1
543;0
544;0
545;0
546;0
547;0
548;1
549;0
550;0
551;0
552;2
553;1
554;0
555;2
556;0
557;0
558;0
559;0
560;0
561;1
562;0
563;0
564;0
565;0
566;0
567;0
568;0
569;2
570;0
571;1
572;0
573;1
574;0
575;0
576;1
577;0
578;0
579;0
580;0
581;1
582;0
583;0
584;1
585;0
586;0
587;0
588;0
589;2
590;0
591;0
592;0
593;0
594;1
595;0
596;0
597;0
598;1
599;0
600;0
601;1
602;0
603;0
604;0
605;0
606;2
607;2
608;2
609;0
610;2
611;0
612;0
613;0
614;0
615;0
616;2
617;0
618;1
619;4
620;1
621;0
622;0
623;0
624;1
625;0
626;0
627;2
628;2
629;1
630;2
631;0
632;0
633;0
634;0
635;1
636;0
637;0
638;0
639;0
640;0
641;1
642;2
643;0
644;0
645;2
646;0
647;0
648;0
649;2
650;0
651;0
652;0
653;0
654;0
655;2
656;0
657;2
658;2
659;2
660;0
661;0
662;0
663;0
664;1
665;0
666;0
667;0
668;0
669;2
670;0
671;1
672;0
673;0
674;0
675;1
676;0
677;0
678;0
679;1
680;0
681;0
682;2
683;0
684;0
685;0
686;2
687;0
688;2
689;0
690;1
691;0
692;0
693;2
694;2
695;0
696;0
697;0
698;2
699;2
700;0
701;0
702;0
703;1
704;0
705;0
706;0
707;0
708;0
709;0
710;1
711;0
712;0
713;0
714;0
715;0
716;0
717;0
718;0
719;0
720;1
721;0
722;0
723;0
724;0
725;0
726;0
727;0
728;2
729;2
730;1
731;0
732;0
733;0
734;0
735;0
736;0
737;0
738;0
739;0
740;0
741;0
742;1
743;0
744;0
745;0
746;1
747;0
748;0
749;2
750;1
751;0
752;0
753;0
754;0
755;0
756;0
757;0
758;0
759;1
760;0
761;2
762;2
763;1
764;0
765;0
766;0
767;2
768;1
769;0
770;1
771;0
772;0
773;0
774;0
775;0
776;0
777;0
778;2
779;0
780;1
781;1
782;0
783;1
784;0
785;2
786;0
787;1
788;0
789;2
790;0
791;0
792;1
793;0
794;1
795;0
796;0
797;0
798;0
799;0
800;0
801;0
802;0
803;0
804;2
805;0
806;0
807;0
808;1
809;0
810;0
811;1
812;0
813;0
814;0
815;0
816;0
817;0
818;0
819;0
820;0
821;1
822;0
823;0
824;0
825;0
826;0
827;0
828;0
829;2
830;0
831;0
832;0
833;0
834;2
835;0
836;2
837;0
838;1
839;0
840;0
841;0
842;1
843;0
844;1
845;0
846;0
847;0
848;0
849;1
850;0
851;0
852;0
853;2
854;0
855;0
856;0
857;1
858;0
859;0
860;0
861;0
862;0
863;1
864;2
865;0
866;0
867;0
868;2
869;2
870;2
871;0
872;2
873;1
874;2
875;1
876;0
877;2
878;1
879;0
880;0
881;0
882;0
883;1
884;0
885;0
886;0
887;0
888;0
889;0
890;1
891;0
892;0
893;2
894;0
895;1
896;0
897;1
898;0
899;0
900;0
901;0
902;0
903;0
904;2
905;0
906;0
907;1
908;0
909;0
910;0
911;0
912;0
913;1
914;1
915;0
916;0
917;1
918;0
919;0
920;0
921;0
922;2
923;0
924;0
925;0
926;0
927;0
928;2
929;0
930;0
931;2
932;0
933;2
934;0
935;0
936;0
937;1
938;0
939;0
940;2
941;0
942;1
943;2
944;2
945;0
946;0
947;0
948;1
949;0
950;0
951;0
952;1
953;0
954;0
955;2
956;2
957;0
958;2
959;1
960;0
961;0
962;0
963;1
964;0
965;2
966;2
967;0
968;2
969;2
970;0
971;0
972;2
973;0
974;0
975;0
976;1
977;0
978;0
979;0
980;2
981;0
982;1
983;0
984;0
985;1
986;1
987;0
988;1
989;0
990;1
991;0
992;0
993;0
994;0
995;1
996;0
997;0
998;0
999;0
1000;1
1001;1
1002;0
1003;1
1004;0
1005;2
1006;0
1007;0
1008;2
1009;0
1010;0
1011;0
1012;0
1013;0
1014;0
1015;0
1016;0
1017;0
1018;0
1019;0
1020;0
1021;0
1022;0
1023;0
