0;0
1;1
2;0
3;0
4;0
5;0
6;1
7;0
8;0
9;0
10;0
11;0
12;0
13;0
14;0
15;1
16;0
17;0
18;0
19;2
20;0
21;0
22;0
23;0
24;0
25;2
26;0
27;1
28;0
29;0
30;1
31;0
32;0
33;1
34;0
35;0
36;2
37;0
38;0
39;0
40;2
41;0
42;0
43;0
44;0
45;0
46;1
47;0
48;0
49;0
50;0
51;0
52;0
53;2
54;0
55;0
56;1
57;0
58;0
59;2
60;2
61;0
62;0
63;2
64;0
65;2
66;0
67;0
68;0
69;0
70;2
71;0
72;1
73;0
74;0
75;2
76;0
77;0
78;0
79;0
80;0
81;0
82;0
83;0
84;0
85;0
86;0
87;1
88;0
89;0
90;2
91;2
92;0
93;0
94;0
95;2
96;0
97;0
98;0
99;0
100;0
101;1
102;0
103;0
104;0
105;0
106;0
107;0
108;0
109;1
110;0
111;0
112;1
113;0
114;0
115;0
116;2
117;0
118;1
119;0
120;0
121;0
122;0
123;0
124;0
125;2
126;0
127;0
128;2
129;0
130;0
131;0
132;2
133;0
134;1
135;0
136;1
137;0
138;0
139;0
140;0
141;2
142;0
143;2
144;0
145;0
146;0
147;0
148;0
149;0
150;0
151;1
152;0
153;0
154;0
155;1
156;2
157;0
158;0
159;0
160;1
161;2
162;0
163;1
164;0
165;0
166;0
167;1
168;0
169;0
170;0
171;0
172;0
173;1
174;0
175;0
176;0
177;2
178;0
179;0
180;0
181;0
182;0
183;1
184;0
185;0
186;0
187;0
188;0
189;0
190;0
191;0
192;0
193;0
194;0
195;0
196;0
197;0
198;0
199;2
200;0
201;2
202;1
203;0
204;0
205;0
206;2
207;0
208;0
209;0
210;0
211;0
212;0
213;0
214;0
215;0
216;0
217;0
218;0
219;0
220;2
221;0
222;0
223;0
224;0
225;0
226;0
227;0
228;2
229;0
230;1
231;0
232;1
233;0
234;0
235;0
236;0
237;0
238;0
239;0
240;2
241;0
242;0
243;0
244;0
245;0
246;0
247;0
248;0
249;0
250;2
251;0
252;0
253;0
254;2
255;2
256;0
257;0
258;1
259;0
260;0
261;2
262;1
263;2
264;0
265;0
266;0
267;0
268;0
269;0
270;0
271;0
272;1
273;2
274;0
275;0
276;0
277;0
278;0
279;0
280;0
281;0
282;0
283;1
284;0
285;0
286;1
287;0
288;0
289;0
290;2
291;1
292;0
293;0
294;0
295;0
296;0
297;0
298;0
299;0
300;2
301;0
302;1
303;0
304;0
305;0
306;1
307;0
308;1
309;0
310;0
311;2
312;0
313;0
314;0
315;2
316;0
317;0
318;0
319;0
320;0
321;0
322;0
323;0
324;0
325;0
326;0
327;0
328;0
329;0
330;2
331;0
332;1
333;0
334;2
335;0
336;1
337;0
338;1
339;0
340;0
341;2
342;1
343;0
344;0
345;0
346;0
347;2
348;2
349;0
350;0
351;0
352;0
353;0
354;0
355;2
356;0
357;2
358;2
359;2
360;0
361;0
362;0
363;1
364;0
365;0
366;2
367;2
368;0
369;0
370;0
371;0
372;2
373;0
374;2
375;1
376;0
377;0
378;0
379;0
380;0
381;0
382;0
383;0
384;0
385;1
386;0
387;0
388;0
389;2
390;1
391;2
392;0
393;0
394;0
395;0
396;0
397;1
398;0
399;0
400;0
401;0
402;0
403;0
404;1
405;0
406;0
407;0
408;1
409;1
410;0
411;0
412;1
413;0
414;0
415;0
416;0
417;0
418;0
419;0
420;0
421;2
422;0
423;0
424;1
425;0
426;0
427;0
428;0
429;0
430;0
431;0
432;1
433;0
434;2
435;0
436;1
437;0
438;0
439;1
440;0
441;1
442;0
443;0
444;0
445;0
446;0
447;0
448;0
449;0
450;0
451;0
452;0
453;0
454;0
455;0
456;0
457;0
458;1
459;0
460;0
461;0
462;0
463;0
464;1
465;2
466;2
467;1
468;0
469;0
470;0
471;0
472;2
473;1
474;0
475;0
476;0
477;0
478;0
479;2
480;0
481;0
482;0
483;0
484;0
485;0
486;1
487;0
488;2
489;0
490;0
491;0
492;0
493;0
494;0
495;2
496;0
497;0
498;2
499;0
500;0
501;0
502;0
503;0
504;1
505;0
506;0
507;0
508;0
509;0
510;0
511;0
512;0
513;0
514;0
515;0
516;0
517;0
518;1
519;2
520;0
521;1
522;2
523;0
524;0
525;1
526;2
527;0
528;0
529;1
530;0
531;0
532;0
533;2
534;0
535;0
536;1
537;1
538;0
539;2
540;1
541;0
542;2
543;0
544;0
545;0
546;0
547;0
548;0
549;0
550;1
551;0
552;0
553;0
554;0
555;0
556;0
557;0
558;0
559;0
560;0
561;0
562;0
563;0
564;1
565;0
566;0
567;2
568;0
569;1
570;0
571;0
572;0
573;0
574;0
575;2
576;2
577;2
578;0
579;0
580;0
581;0
582;0
583;0
584;0
585;0
586;0
587;2
588;1
589;2
590;0
591;0
592;0
593;0
594;0
595;0
596;0
597;0
598;0
599;1
600;0
601;0
602;0
603;0
604;0
605;0
606;0
607;0
608;0
609;2
610;2
611;0
612;0
613;1
614;0
615;1
616;0
617;2
618;2
619;1
620;0
621;2
622;1
623;0
624;0
625;0
626;0
627;2
628;1
629;2
630;1
631;0
632;0
633;2
634;0
635;0
636;1
637;0
638;0
639;0
640;0
641;0
642;0
643;0
644;0
645;0
646;0
647;0
648;0
649;0
650;0
651;0
652;2
653;1
654;0
655;0
656;1
657;0
658;0
659;0
660;0
661;1
662;0
663;0
664;0
665;1
666;0
667;1
668;2
669;0
670;0
671;0
672;0
673;0
674;0
675;0
676;0
677;0
678;0
679;0
680;0
681;0
682;0
683;0
684;0
685;0
686;0
687;0
688;0
689;2
690;1
691;0
692;0
693;2
694;0
695;1
696;0
697;0
698;2
699;0
700;1
701;0
702;1
703;0
704;0
705;0
706;0
707;2
708;2
709;0
710;0
711;0
712;0
713;0
714;2
715;0
716;2
717;0
718;0
719;2
720;0
721;0
722;0
723;1
724;0
725;0
726;0
727;0
728;0
729;1
730;2
731;2
732;0
733;0
734;2
735;0
736;2
737;1
738;0
739;0
740;0
741;0
742;2
743;1
744;0
745;0
746;0
747;2
748;0
749;1
750;0
751;2
752;0
753;0
754;0
755;2
756;1
757;0
758;0
759;0
760;1
761;0
762;0
763;0
764;2
765;0
766;0
767;0
768;0
769;2
770;0
771;0
772;0
773;0
774;0
775;0
776;0
777;0
778;0
779;1
780;0
781;0
782;0
783;2
784;0
785;0
786;0
787;0
788;0
789;0
790;0
791;2
792;2
793;0
794;0
795;0
796;0
797;1
798;0
799;0
800;0
801;0
802;0
803;0
804;1
805;0
806;0
807;0
808;0
809;0
810;2
811;0
812;2
813;0
814;0
815;0
816;0
817;0
818;0
819;0
820;2
821;0
822;0
823;0
824;2
825;0
826;0
827;0
828;0
829;1
830;0
831;0
832;1
833;0
834;0
835;0
836;0
837;0
838;0
839;0
840;1
841;0
842;0
843;1
844;2
845;0
846;0
847;0
848;0
849;0
850;0
851;1
852;0
853;1
854;2
855;0
856;0
857;0
858;0
859;0
860;0
861;0
862;0
863;0
864;0
865;1
866;0
867;0
868;0
869;0
870;2
871;0
872;0
873;0
874;0
875;0
876;1
877;0
878;1
879;0
880;2
881;2
882;1
883;0
884;2
885;0
886;2
887;0
888;0
889;0
890;0
891;0
892;0
893;1
894;2
895;1
896;0
897;0
898;0
899;0
900;1
901;1
902;0
903;0
904;1
905;0
906;0
907;0
908;0
909;2
910;0
911;1
912;0
913;0
914;0
915;1
916;0
917;0
918;0
919;0
920;0
921;0
922;0
923;0
924;0
925;0
926;0
927;2
928;1
929;0
930;0
931;0
932;2
933;0
934;0
935;0
936;0
937;0
938;0
939;2
940;1
941;2
942;0
943;0
944;0
945;1
946;0
947;2
948;1
949;1
950;1
951;0
952;0
953;1
954;0
955;0
956;0
957;0
958;0
959;0
960;2
961;0
962;0
963;0
964;0
965;0
966;2
967;0
968;0
969;0
970;2
971;0
972;1
973;0
974;0
975;0
976;0
977;0
978;0
979;0
980;0
981;2
982;0
983;0
984;0
985;0
986;0
987;0
988;0
989;0
990;2
991;0
992;0
993;1
994;1
995;0
996;0
997;0
998;0
999;0
1000;0
1001;0
1002;0
1003;0
1004;1
1005;1
1006;0
1007;2
1008;2
1009;0
1010;0
1011;0
1012;1
1013;1
1014;0
1015;0
1016;0
1017;0
1018;0
1019;0
1020;0
1021;0
1022;0
1023;0
