0;0
1;0
2;1
3;0
4;2
5;0
6;0
7;1
8;0
9;0
10;2
11;0
12;0
13;0
14;0
15;0
16;0
17;0
18;0
19;0
20;2
21;0
22;0
23;0
24;1
25;0
26;0
27;1
28;1
29;0
30;0
31;0
32;0
33;0
34;0
35;0
36;0
37;0
38;0
39;0
40;0
41;0
42;1
43;0
44;0
45;0
46;0
47;0
48;0
49;2
50;1
51;1
52;2
53;0
54;0
55;0
56;1
57;0
58;1
59;0
60;0
61;0
62;0
63;0
64;0
65;1
66;0
67;2
68;1
69;0
70;1
71;0
72;0
73;0
74;0
75;0
76;0
77;0
78;0
79;0
80;0
81;0
82;0
83;0
84;2
85;2
86;0
87;0
88;0
89;0
90;0
91;2
92;0
93;0
94;0
95;0
96;2
97;0
98;0
99;0
100;0
101;1
102;2
103;1
104;0
105;0
106;0
107;1
108;1
109;0
110;0
111;2
112;0
113;2
114;0
115;1
116;0
117;0
118;2
119;2
120;0
121;1
122;0
123;0
124;0
125;0
126;2
127;0
128;0
129;0
130;0
131;0
132;2
133;0
134;0
135;0
136;2
137;0
138;0
139;1
140;0
141;0
142;0
143;0
144;0
145;0
146;0
147;0
148;2
149;0
150;0
151;2
152;0
153;2
154;0
155;0
156;1
157;1
158;0
159;0
160;0
161;1
162;0
163;1
164;1
165;0
166;0
167;0
168;0
169;1
170;0
171;0
172;0
173;0
174;0
175;0
176;0
177;0
178;2
179;0
180;0
181;1
182;1
183;0
184;0
185;0
186;2
187;0
188;0
189;0
190;0
191;0
192;0
193;1
194;0
195;0
196;0
197;0
198;0
199;0
200;2
201;2
202;0
203;0
204;0
205;2
206;0
207;0
208;0
209;1
210;0
211;0
212;2
213;0
214;0
215;0
216;0
217;2
218;0
219;2
220;2
221;1
222;0
223;0
224;1
225;2
226;2
227;1
228;0
229;0
230;0
231;0
232;2
233;0
234;0
235;0
236;0
237;1
238;0
239;2
240;2
241;0
242;0
243;2
244;0
245;0
246;1
247;0
248;2
249;2
250;0
251;0
252;0
253;0
254;0
255;0
256;0
257;0
258;0
259;2
260;0
261;0
262;0
263;0
264;1
265;0
266;0
267;0
268;0
269;0
270;0
271;0
272;0
273;1
274;2
275;2
276;0
277;0
278;0
279;1
280;0
281;0
282;0
283;0
284;0
285;1
286;0
287;0
288;0
289;0
290;0
291;1
292;2
293;0
294;0
295;0
296;0
297;0
298;0
299;0
300;0
301;0
302;0
303;0
304;0
305;0
306;0
307;0
308;0
309;2
310;0
311;1
312;0
313;0
314;0
315;0
316;0
317;0
318;0
319;0
320;0
321;0
322;0
323;0
324;0
325;0
326;0
327;0
328;1
329;0
330;0
331;1
332;2
333;0
334;2
335;2
336;2
337;0
338;0
339;0
340;1
341;0
342;0
343;0
344;2
345;0
346;2
347;0
348;0
349;0
350;0
351;0
352;1
353;0
354;0
355;0
356;0
357;0
358;0
359;2
360;1
361;0
362;2
363;0
364;0
365;0
366;0
367;0
368;0
369;0
370;0
371;1
372;0
373;0
374;0
375;0
376;0
377;0
378;0
379;0
380;2
381;0
382;0
383;0
384;1
385;2
386;0
387;0
388;0
389;2
390;0
391;0
392;0
393;0
394;2
395;2
396;0
397;0
398;0
399;0
400;1
401;0
402;0
403;1
404;0
405;0
406;0
407;2
408;0
409;0
410;0
411;0
412;0
413;0
414;0
415;2
416;0
417;1
418;1
419;0
420;0
421;0
422;0
423;0
424;0
425;1
426;0
427;2
428;2
429;1
430;0
431;2
432;0
433;2
434;0
435;2
436;0
437;0
438;0
439;0
440;0
441;0
442;0
443;1
444;0
445;0
446;1
447;0
448;0
449;0
450;0
451;0
452;0
453;1
454;0
455;1
456;2
457;0
458;0
459;0
460;0
461;0
462;0
463;2
464;0
465;0
466;1
467;0
468;0
469;0
470;0
471;0
472;1
473;0
474;0
475;0
476;0
477;0
478;0
479;1
480;0
481;2
482;0
483;2
484;2
485;1
486;0
487;0
488;0
489;1
490;0
491;0
492;0
493;2
494;0
495;0
496;0
497;1
498;0
499;0
500;0
501;0
502;0
503;1
504;0
505;0
506;0
507;0
508;0
509;0
510;0
511;0
512;0
513;2
514;0
515;0
516;0
517;1
518;0
519;0
520;2
521;0
522;0
523;2
524;2
525;0
526;0
527;0
528;2
529;1
530;0
531;0
532;0
533;0
534;0
535;2
536;0
537;0
538;0
539;1
540;0
541;0
542;1
543;0
544;0
545;0
546;0
547;0
548;0
549;0
550;0
551;0
552;0
553;0
554;1
555;0
556;1
557;0
558;0
559;0
560;0
561;0
562;0
563;0
564;0
565;0
566;1
567;0
568;0
569;0
570;0
571;0
572;0
573;0
574;0
575;0
576;0
577;0
578;0
579;0
580;0
581;0
582;2
583;0
584;0
585;0
586;1
587;0
588;0
589;0
590;0
591;0
592;0
593;0
594;0
595;0
596;0
597;0
598;0
599;0
600;0
601;0
602;0
603;0
604;0
605;0
606;0
607;0
608;0
609;0
610;2
611;0
612;2
613;0
614;1
615;0
616;1
617;0
618;2
619;2
620;0
621;0
622;1
623;0
624;2
625;1
626;0
627;0
628;0
629;0
630;2
631;0
632;0
633;0
634;2
635;2
636;0
637;1
638;2
639;0
640;0
641;0
642;0
643;0
644;0
645;0
646;2
647;0
648;0
649;0
650;2
651;0
652;1
653;0
654;0
655;0
656;0
657;0
658;0
659;0
660;0
661;0
662;2
663;1
664;0
665;0
666;0
667;2
668;0
669;2
670;2
671;0
672;0
673;0
674;0
675;0
676;1
677;2
678;1
679;0
680;0
681;0
682;0
683;2
684;2
685;0
686;0
687;1
688;0
689;0
690;1
691;1
692;0
693;0
694;0
695;0
696;1
697;0
698;0
699;0
700;1
701;0
702;0
703;0
704;1
705;0
706;2
707;2
708;1
709;0
710;0
711;2
712;0
713;0
714;0
715;0
716;0
717;0
718;0
719;2
720;0
721;0
722;2
723;0
724;0
725;0
726;0
727;0
728;0
729;1
730;1
731;2
732;1
733;0
734;0
735;0
736;0
737;0
738;0
739;0
740;0
741;1
742;0
743;0
744;2
745;2
746;0
747;0
748;0
749;2
750;0
751;0
752;0
753;0
754;0
755;0
756;1
757;1
758;0
759;0
760;0
761;0
762;2
763;1
764;1
765;0
766;2
767;0
768;0
769;0
770;0
771;1
772;0
773;0
774;0
775;0
776;2
777;0
778;0
779;0
780;0
781;2
782;0
783;0
784;0
785;2
786;0
787;0
788;2
789;0
790;0
791;2
792;1
793;2
794;0
795;0
796;2
797;0
798;0
799;0
800;2
801;2
802;1
803;0
804;0
805;1
806;0
807;0
808;0
809;0
810;0
811;0
812;2
813;0
814;0
815;2
816;0
817;0
818;1
819;0
820;0
821;1
822;2
823;0
824;0
825;0
826;1
827;0
828;2
829;0
830;1
831;0
832;2
833;0
834;0
835;1
836;0
837;2
838;0
839;0
840;0
841;2
842;0
843;0
844;0
845;0
846;1
847;0
848;1
849;0
850;0
851;0
852;0
853;0
854;0
855;0
856;0
857;0
858;0
859;1
860;0
861;0
862;2
863;1
864;0
865;1
866;0
867;0
868;0
869;2
870;1
871;0
872;0
873;0
874;1
875;0
876;0
877;0
878;0
879;2
880;2
881;0
882;0
883;1
884;0
885;0
886;2
887;2
888;0
889;1
890;0
891;0
892;0
893;0
894;0
895;0
896;0
897;0
898;0
899;2
900;1
901;0
902;0
903;2
904;0
905;0
906;2
907;2
908;4
909;0
910;2
911;0
912;1
913;0
914;0
915;0
916;2
917;0
918;0
919;2
920;0
921;0
922;0
923;0
924;0
925;0
926;0
927;0
928;0
929;0
930;0
931;0
932;0
933;0
934;0
935;2
936;2
937;0
938;0
939;0
940;0
941;0
942;0
943;0
944;0
945;0
946;0
947;0
948;0
949;0
950;0
951;0
952;0
953;0
954;2
955;2
956;0
957;0
958;1
959;0
960;1
961;0
962;0
963;0
964;1
965;2
966;2
967;1
968;0
969;0
970;0
971;0
972;0
973;0
974;0
975;2
976;1
977;0
978;0
979;0
980;2
981;1
982;0
983;0
984;0
985;0
986;0
987;0
988;2
989;1
990;0
991;0
992;2
993;0
994;2
995;0
996;0
997;0
998;0
999;2
1000;0
1001;0
1002;0
1003;0
1004;1
1005;0
1006;0
1007;0
1008;0
1009;0
1010;0
1011;0
1012;0
1013;1
1014;0
1015;0
1016;0
1017;0
1018;0
1019;0
1020;0
1021;0
1022;0
1023;0
