0;0
1;0
2;1
3;0
4;0
5;0
6;0
7;0
8;0
9;0
10;0
11;0
12;0
13;0
14;0
15;0
16;0
17;0
18;0
19;0
20;0
21;0
22;0
23;2
24;0
25;0
26;0
27;0
28;0
29;0
30;2
31;2
32;0
33;0
34;0
35;0
36;1
37;0
38;0
39;2
40;0
41;0
42;0
43;0
44;2
45;0
46;0
47;1
48;0
49;0
50;0
51;2
52;1
53;2
54;1
55;1
56;0
57;1
58;0
59;0
60;2
61;0
62;2
63;0
64;0
65;0
66;0
67;0
68;0
69;0
70;0
71;0
72;1
73;0
74;2
75;0
76;0
77;0
78;2
79;1
80;2
81;0
82;2
83;0
84;2
85;0
86;1
87;0
88;0
89;0
90;1
91;0
92;0
93;0
94;2
95;2
96;2
97;0
98;0
99;0
100;0
101;0
102;0
103;1
104;0
105;0
106;2
107;0
108;2
109;2
110;0
111;0
112;1
113;0
114;0
115;0
116;0
117;0
118;0
119;2
120;0
121;1
122;0
123;0
124;1
125;0
126;0
127;1
128;0
129;0
130;0
131;1
132;0
133;0
134;0
135;2
136;0
137;1
138;1
139;0
140;1
141;0
142;0
143;0
144;2
145;0
146;0
147;0
148;0
149;0
150;0
151;0
152;0
153;0
154;0
155;2
156;1
157;2
158;0
159;0
160;0
161;0
162;0
163;2
164;0
165;0
166;0
167;2
168;0
169;0
170;0
171;2
172;2
173;0
174;0
175;0
176;0
177;0
178;2
179;0
180;0
181;0
182;0
183;0
184;1
185;0
186;1
187;0
188;0
189;0
190;0
191;0
192;0
193;1
194;0
195;0
196;1
197;0
198;2
199;0
200;0
201;1
202;0
203;1
204;0
205;2
206;1
207;0
208;0
209;0
210;0
211;0
212;2
213;0
214;0
215;0
216;0
217;0
218;0
219;0
220;0
221;0
222;0
223;1
224;0
225;0
226;2
227;2
228;0
229;0
230;0
231;2
232;2
233;0
234;1
235;0
236;0
237;0
238;0
239;0
240;0
241;1
242;0
243;0
244;0
245;0
246;0
247;0
248;0
249;0
250;0
251;0
252;0
253;0
254;2
255;1
256;0
257;0
258;0
259;2
260;0
261;0
262;0
263;0
264;0
265;0
266;0
267;0
268;0
269;0
270;1
271;0
272;0
273;1
274;1
275;2
276;0
277;0
278;0
279;0
280;2
281;2
282;0
283;1
284;0
285;1
286;0
287;0
288;0
289;1
290;0
291;0
292;0
293;2
294;0
295;0
296;0
297;0
298;0
299;2
300;2
301;2
302;0
303;1
304;0
305;0
306;0
307;2
308;0
309;0
310;0
311;1
312;0
313;0
314;0
315;0
316;0
317;0
318;0
319;1
320;2
321;0
322;0
323;0
324;1
325;2
326;0
327;0
328;2
329;0
330;0
331;2
332;2
333;0
334;0
335;2
336;0
337;0
338;0
339;0
340;0
341;0
342;0
343;2
344;2
345;0
346;0
347;0
348;0
349;0
350;0
351;0
352;0
353;1
354;0
355;0
356;0
357;0
358;0
359;0
360;0
361;0
362;0
363;0
364;1
365;0
366;0
367;0
368;2
369;0
370;0
371;1
372;0
373;0
374;0
375;2
376;2
377;0
378;2
379;1
380;0
381;0
382;0
383;2
384;0
385;0
386;0
387;0
388;0
389;0
390;0
391;0
392;2
393;1
394;0
395;0
396;2
397;0
398;0
399;0
400;1
401;0
402;0
403;0
404;2
405;0
406;0
407;2
408;2
409;1
410;1
411;0
412;0
413;2
414;0
415;0
416;0
417;0
418;0
419;1
420;2
421;0
422;0
423;0
424;0
425;0
426;0
427;2
428;0
429;0
430;1
431;0
432;0
433;1
434;0
435;2
436;0
437;0
438;0
439;2
440;0
441;0
442;2
443;2
444;2
445;2
446;0
447;0
448;1
449;0
450;0
451;2
452;2
453;1
454;2
455;0
456;0
457;0
458;0
459;0
460;0
461;0
462;0
463;0
464;2
465;1
466;0
467;0
468;0
469;2
470;0
471;0
472;0
473;0
474;0
475;0
476;0
477;0
478;0
479;0
480;1
481;1
482;2
483;0
484;1
485;0
486;1
487;2
488;2
489;0
490;0
491;0
492;0
493;0
494;0
495;1
496;2
497;0
498;0
499;0
500;0
501;2
502;2
503;0
504;0
505;0
506;2
507;0
508;0
509;0
510;0
511;0
512;0
513;2
514;0
515;0
516;0
517;1
518;1
519;0
520;0
521;0
522;2
523;0
524;0
525;0
526;1
527;0
528;0
529;0
530;0
531;0
532;0
533;0
534;0
535;0
536;2
537;1
538;0
539;0
540;0
541;0
542;0
543;0
544;0
545;0
546;2
547;0
548;0
549;0
550;0
551;2
552;0
553;0
554;0
555;2
556;0
557;0
558;2
559;0
560;0
561;0
562;2
563;2
564;2
565;0
566;0
567;0
568;0
569;1
570;1
571;2
572;0
573;1
574;0
575;0
576;0
577;0
578;1
579;1
580;0
581;1
582;1
583;1
584;0
585;0
586;0
587;1
588;1
589;0
590;0
591;0
592;1
593;0
594;0
595;0
596;2
597;0
598;0
599;0
600;0
601;2
602;1
603;2
604;0
605;0
606;0
607;1
608;0
609;2
610;0
611;0
612;0
613;0
614;0
615;0
616;0
617;0
618;1
619;0
620;1
621;1
622;0
623;0
624;0
625;0
626;0
627;2
628;0
629;0
630;2
631;0
632;1
633;0
634;0
635;0
636;0
637;0
638;0
639;0
640;0
641;0
642;0
643;0
644;0
645;0
646;2
647;2
648;0
649;0
650;0
651;0
652;0
653;0
654;0
655;0
656;1
657;2
658;1
659;0
660;0
661;0
662;0
663;0
664;2
665;0
666;0
667;0
668;0
669;1
670;0
671;0
672;2
673;0
674;0
675;0
676;1
677;0
678;2
679;0
680;0
681;2
682;1
683;0
684;0
685;2
686;2
687;0
688;1
689;0
690;0
691;0
692;0
693;0
694;0
695;0
696;0
697;0
698;0
699;0
700;0
701;0
702;0
703;0
704;2
705;0
706;0
707;0
708;0
709;1
710;0
711;0
712;0
713;0
714;0
715;0
716;0
717;0
718;0
719;0
720;0
721;2
722;0
723;0
724;1
725;2
726;2
727;0
728;0
729;0
730;2
731;2
732;0
733;0
734;0
735;2
736;1
737;2
738;0
739;0
740;2
741;0
742;0
743;0
744;1
745;0
746;0
747;0
748;1
749;0
750;0
751;0
752;0
753;2
754;0
755;1
756;1
757;2
758;0
759;0
760;1
761;1
762;0
763;0
764;0
765;0
766;0
767;0
768;0
769;1
770;0
771;0
772;1
773;0
774;0
775;0
776;0
777;1
778;0
779;0
780;0
781;0
782;0
783;2
784;1
785;0
786;0
787;2
788;2
789;2
790;0
791;0
792;0
793;0
794;0
795;0
796;2
797;0
798;0
799;0
800;0
801;1
802;0
803;0
804;0
805;0
806;0
807;0
808;2
809;0
810;0
811;1
812;0
813;0
814;0
815;0
816;0
817;0
818;0
819;1
820;0
821;2
822;0
823;2
824;1
825;0
826;0
827;0
828;0
829;2
830;0
831;0
832;0
833;0
834;0
835;0
836;2
837;1
838;0
839;1
840;2
841;0
842;0
843;0
844;0
845;0
846;0
847;1
848;0
849;0
850;0
851;0
852;1
853;0
854;0
855;0
856;0
857;0
858;0
859;0
860;0
861;0
862;0
863;0
864;0
865;0
866;0
867;0
868;0
869;0
870;0
871;0
872;0
873;0
874;0
875;0
876;0
877;0
878;0
879;0
880;2
881;0
882;0
883;0
884;0
885;0
886;0
887;0
888;2
889;0
890;0
891;0
892;0
893;0
894;2
895;0
896;0
897;0
898;0
899;0
900;0
901;1
902;1
903;0
904;1
905;0
906;2
907;2
908;0
909;0
910;0
911;0
912;1
913;0
914;2
915;1
916;0
917;2
918;1
919;0
920;0
921;0
922;0
923;1
924;0
925;0
926;1
927;0
928;0
929;1
930;0
931;0
932;0
933;0
934;2
935;0
936;0
937;0
938;0
939;0
940;0
941;0
942;0
943;0
944;0
945;2
946;1
947;0
948;0
949;0
950;0
951;2
952;2
953;0
954;1
955;2
956;2
957;0
958;0
959;0
960;1
961;0
962;0
963;0
964;2
965;0
966;0
967;0
968;0
969;0
970;0
971;0
972;2
973;0
974;0
975;0
976;0
977;0
978;1
979;0
980;0
981;0
982;0
983;1
984;0
985;1
986;0
987;0
988;0
989;0
990;0
991;2
992;2
993;0
994;0
995;0
996;0
997;0
998;0
999;0
1000;1
1001;0
1002;0
1003;0
1004;0
1005;1
1006;0
1007;0
1008;0
1009;0
1010;0
1011;0
1012;0
1013;0
1014;0
1015;0
1016;0
1017;0
1018;0
1019;0
1020;0
1021;0
1022;0
1023;0
