0;0
1;0
2;0
3;0
4;4
5;0
6;0
7;1
8;0
9;2
10;0
11;0
12;2
13;0
14;2
15;0
16;0
17;0
18;1
19;2
20;0
21;2
22;1
23;0
24;0
25;0
26;0
27;0
28;0
29;0
30;0
31;0
32;0
33;0
34;0
35;1
36;0
37;0
38;0
39;0
40;2
41;0
42;0
43;1
44;0
45;0
46;0
47;1
48;0
49;0
50;0
51;2
52;0
53;0
54;2
55;0
56;2
57;0
58;2
59;2
60;2
61;0
62;1
63;0
64;0
65;1
66;0
67;2
68;2
69;1
70;0
71;2
72;0
73;1
74;0
75;0
76;2
77;0
78;2
79;2
80;0
81;2
82;0
83;0
84;1
85;0
86;2
87;0
88;0
89;0
90;0
91;2
92;1
93;0
94;0
95;0
96;1
97;0
98;0
99;0
100;1
101;2
102;2
103;2
104;2
105;0
106;1
107;2
108;0
109;0
110;1
111;0
112;0
113;0
114;0
115;2
116;0
117;2
118;0
119;1
120;0
121;0
122;0
123;0
124;0
125;0
126;0
127;2
128;0
129;0
130;2
131;0
132;0
133;0
134;0
135;0
136;1
137;0
138;0
139;1
140;0
141;1
142;0
143;2
144;0
145;0
146;0
147;0
148;0
149;0
150;2
151;1
152;0
153;1
154;0
155;2
156;0
157;0
158;0
159;0
160;0
161;2
162;0
163;0
164;0
165;0
166;2
167;0
168;2
169;0
170;1
171;0
172;0
173;0
174;0
175;1
176;1
177;0
178;1
179;2
180;1
181;0
182;0
183;2
184;1
185;0
186;0
187;0
188;0
189;0
190;2
191;0
192;0
193;1
194;2
195;2
196;1
197;0
198;0
199;0
200;0
201;2
202;2
203;0
204;0
205;0
206;0
207;0
208;0
209;0
210;0
211;0
212;0
213;0
214;2
215;0
216;2
217;2
218;0
219;0
220;0
221;0
222;0
223;0
224;1
225;0
226;0
227;2
228;0
229;0
230;2
231;0
232;0
233;0
234;0
235;0
236;2
237;2
238;0
239;2
240;0
241;2
242;2
243;0
244;1
245;0
246;0
247;2
248;2
249;0
250;0
251;1
252;2
253;0
254;1
255;0
256;0
257;0
258;0
259;0
260;2
261;0
262;0
263;0
264;0
265;0
266;0
267;0
268;0
269;2
270;2
271;2
272;0
273;0
274;0
275;2
276;0
277;1
278;0
279;0
280;0
281;0
282;0
283;0
284;0
285;0
286;0
287;2
288;0
289;0
290;2
291;0
292;0
293;0
294;0
295;0
296;2
297;0
298;0
299;0
300;2
301;0
302;0
303;2
304;2
305;0
306;0
307;2
308;0
309;1
310;0
311;2
312;0
313;2
314;2
315;1
316;0
317;1
318;0
319;0
320;0
321;0
322;2
323;0
324;0
325;0
326;0
327;0
328;0
329;0
330;0
331;0
332;2
333;0
334;0
335;2
336;2
337;0
338;2
339;1
340;2
341;0
342;2
343;0
344;0
345;0
346;0
347;0
348;0
349;0
350;1
351;0
352;0
353;0
354;1
355;0
356;0
357;1
358;0
359;2
360;0
361;0
362;2
363;0
364;0
365;0
366;1
367;0
368;0
369;1
370;0
371;1
372;0
373;1
374;0
375;0
376;2
377;0
378;0
379;0
380;0
381;0
382;2
383;2
384;0
385;0
386;0
387;0
388;2
389;0
390;2
391;0
392;0
393;0
394;0
395;0
396;2
397;0
398;1
399;0
400;2
401;1
402;0
403;0
404;0
405;2
406;0
407;0
408;0
409;0
410;0
411;0
412;0
413;1
414;0
415;1
416;0
417;0
418;1
419;0
420;0
421;0
422;0
423;0
424;2
425;1
426;1
427;0
428;0
429;0
430;0
431;0
432;2
433;0
434;0
435;0
436;0
437;2
438;2
439;2
440;2
441;0
442;2
443;2
444;1
445;0
446;2
447;0
448;0
449;2
450;0
451;0
452;0
453;0
454;0
455;2
456;2
457;0
458;1
459;0
460;2
461;2
462;1
463;1
464;0
465;0
466;0
467;0
468;0
469;0
470;0
471;2
472;1
473;0
474;0
475;1
476;0
477;0
478;0
479;1
480;0
481;0
482;2
483;1
484;0
485;0
486;2
487;2
488;0
489;0
490;0
491;0
492;0
493;1
494;1
495;0
496;0
497;0
498;0
499;0
500;0
501;1
502;0
503;0
504;2
505;0
506;0
507;0
508;2
509;0
510;0
511;0
512;0
513;0
514;0
515;0
516;0
517;0
518;0
519;0
520;1
521;0
522;0
523;2
524;2
525;2
526;2
527;0
528;0
529;0
530;2
531;0
532;1
533;2
534;0
535;0
536;0
537;0
538;2
539;0
540;2
541;2
542;1
543;1
544;0
545;0
546;0
547;1
548;0
549;0
550;0
551;0
552;0
553;0
554;0
555;0
556;0
557;0
558;1
559;0
560;1
561;1
562;0
563;0
564;1
565;0
566;2
567;1
568;0
569;0
570;0
571;0
572;2
573;0
574;1
575;0
576;0
577;0
578;0
579;0
580;0
581;0
582;0
583;0
584;0
585;0
586;0
587;0
588;0
589;0
590;1
591;2
592;0
593;0
594;0
595;2
596;1
597;0
598;0
599;0
600;0
601;1
602;0
603;0
604;2
605;0
606;0
607;2
608;0
609;0
610;0
611;1
612;0
613;0
614;2
615;0
616;2
617;0
618;0
619;0
620;1
621;0
622;2
623;1
624;2
625;0
626;0
627;0
628;1
629;0
630;1
631;0
632;0
633;0
634;0
635;0
636;0
637;0
638;2
639;0
640;0
641;2
642;2
643;2
644;0
645;0
646;0
647;0
648;0
649;0
650;1
651;2
652;0
653;0
654;1
655;0
656;0
657;0
658;0
659;0
660;2
661;1
662;0
663;0
664;0
665;0
666;0
667;0
668;0
669;0
670;2
671;2
672;0
673;0
674;2
675;0
676;1
677;0
678;2
679;2
680;0
681;0
682;1
683;0
684;1
685;2
686;1
687;2
688;0
689;0
690;0
691;0
692;0
693;2
694;0
695;2
696;0
697;0
698;0
699;2
700;2
701;0
702;0
703;0
704;0
705;0
706;2
707;0
708;0
709;0
710;0
711;0
712;1
713;2
714;2
715;0
716;0
717;2
718;0
719;0
720;2
721;0
722;1
723;0
724;2
725;0
726;0
727;0
728;0
729;2
730;0
731;2
732;0
733;0
734;0
735;0
736;0
737;0
738;0
739;0
740;0
741;1
742;0
743;1
744;2
745;0
746;0
747;0
748;1
749;0
750;0
751;0
752;0
753;0
754;0
755;2
756;2
757;0
758;2
759;0
760;0
761;0
762;2
763;0
764;0
765;0
766;0
767;2
768;1
769;0
770;0
771;0
772;0
773;2
774;0
775;0
776;0
777;0
778;0
779;0
780;0
781;0
782;1
783;2
784;1
785;0
786;0
787;2
788;1
789;0
790;1
791;0
792;2
793;1
794;0
795;0
796;1
797;0
798;0
799;2
800;0
801;0
802;0
803;2
804;0
805;0
806;2
807;2
808;2
809;0
810;0
811;0
812;2
813;0
814;1
815;0
816;2
817;0
818;0
819;1
820;0
821;0
822;2
823;1
824;2
825;0
826;2
827;2
828;0
829;0
830;0
831;0
832;0
833;1
834;0
835;2
836;0
837;0
838;0
839;0
840;0
841;0
842;1
843;2
844;0
845;0
846;2
847;1
848;0
849;0
850;0
851;1
852;2
853;0
854;2
855;0
856;1
857;0
858;0
859;2
860;2
861;0
862;0
863;2
864;1
865;1
866;0
867;1
868;0
869;0
870;2
871;0
872;0
873;1
874;0
875;2
876;2
877;2
878;0
879;1
880;0
881;0
882;0
883;0
884;2
885;0
886;0
887;0
888;0
889;0
890;0
891;2
892;2
893;1
894;0
895;0
896;0
897;0
898;0
899;2
900;0
901;0
902;2
903;0
904;0
905;0
906;2
907;0
908;0
909;0
910;0
911;0
912;0
913;0
914;0
915;0
916;0
917;0
918;0
919;2
920;1
921;1
922;0
923;0
924;0
925;0
926;0
927;0
928;2
929;0
930;0
931;0
932;0
933;0
934;2
935;0
936;0
937;0
938;0
939;0
940;0
941;0
942;0
943;0
944;1
945;0
946;0
947;2
948;0
949;0
950;1
951;0
952;0
953;0
954;0
955;0
956;0
957;0
958;0
959;0
960;2
961;1
962;0
963;0
964;0
965;2
966;0
967;0
968;0
969;0
970;0
971;0
972;1
973;0
974;0
975;0
976;0
977;0
978;0
979;0
980;0
981;0
982;1
983;2
984;2
985;1
986;0
987;2
988;0
989;1
990;1
991;0
992;0
993;2
994;1
995;0
996;2
997;0
998;0
999;2
1000;4
1001;0
1002;0
1003;2
1004;0
1005;0
1006;0
1007;0
1008;1
1009;0
1010;0
1011;2
1012;0
1013;0
1014;0
1015;0
1016;0
1017;0
1018;0
1019;0
1020;0
1021;0
1022;0
1023;0
