0;0
1;0
2;1
3;0
4;2
5;0
6;0
7;1
8;0
9;0
10;2
11;0
12;0
13;0
14;0
15;0
16;0
17;0
18;0
19;0
20;0
21;0
22;0
23;0
24;0
25;0
26;0
27;0
28;1
29;0
30;0
31;0
32;0
33;2
34;0
35;1
36;2
37;0
38;0
39;0
40;0
41;0
42;1
43;0
44;0
45;0
46;0
47;0
48;0
49;2
50;1
51;1
52;2
53;0
54;0
55;0
56;2
57;2
58;0
59;0
60;0
61;0
62;1
63;0
64;0
65;2
66;0
67;0
68;1
69;0
70;0
71;0
72;0
73;1
74;0
75;1
76;0
77;0
78;0
79;2
80;1
81;0
82;2
83;1
84;0
85;0
86;0
87;0
88;1
89;0
90;0
91;0
92;1
93;0
94;0
95;2
96;0
97;0
98;2
99;0
100;2
101;0
102;2
103;0
104;2
105;0
106;0
107;0
108;0
109;0
110;0
111;0
112;0
113;0
114;2
115;2
116;2
117;2
118;0
119;0
120;0
121;0
122;0
123;0
124;1
125;1
126;0
127;0
128;0
129;0
130;0
131;0
132;1
133;0
134;2
135;0
136;0
137;0
138;0
139;1
140;0
141;0
142;0
143;2
144;2
145;1
146;2
147;1
148;0
149;0
150;2
151;0
152;0
153;0
154;2
155;1
156;0
157;0
158;0
159;0
160;2
161;0
162;0
163;0
164;0
165;0
166;0
167;0
168;0
169;0
170;0
171;1
172;0
173;0
174;0
175;0
176;0
177;2
178;0
179;0
180;0
181;0
182;0
183;2
184;0
185;1
186;0
187;0
188;0
189;0
190;0
191;0
192;0
193;0
194;0
195;2
196;2
197;1
198;0
199;2
200;0
201;0
202;0
203;0
204;2
205;0
206;0
207;0
208;0
209;1
210;0
211;0
212;2
213;0
214;0
215;0
216;0
217;0
218;0
219;0
220;0
221;0
222;2
223;0
224;1
225;2
226;2
227;0
228;0
229;0
230;0
231;2
232;2
233;2
234;2
235;0
236;0
237;2
238;0
239;2
240;2
241;0
242;0
243;0
244;0
245;0
246;0
247;1
248;2
249;0
250;2
251;0
252;0
253;0
254;0
255;0
256;0
257;0
258;2
259;2
260;1
261;1
262;0
263;0
264;2
265;0
266;2
267;0
268;1
269;0
270;0
271;2
272;0
273;0
274;0
275;1
276;0
277;0
278;2
279;1
280;0
281;0
282;1
283;0
284;1
285;0
286;0
287;0
288;0
289;0
290;0
291;0
292;0
293;2
294;2
295;0
296;0
297;1
298;2
299;0
300;0
301;2
302;0
303;0
304;0
305;0
306;0
307;0
308;0
309;0
310;0
311;1
312;1
313;0
314;1
315;0
316;0
317;0
318;0
319;0
320;1
321;0
322;2
323;0
324;0
325;0
326;0
327;0
328;0
329;0
330;0
331;0
332;0
333;0
334;0
335;0
336;2
337;0
338;0
339;0
340;0
341;0
342;1
343;0
344;0
345;0
346;1
347;0
348;0
349;0
350;0
351;0
352;0
353;1
354;0
355;0
356;0
357;0
358;0
359;0
360;2
361;1
362;0
363;0
364;0
365;0
366;0
367;1
368;2
369;0
370;0
371;1
372;0
373;1
374;0
375;0
376;2
377;0
378;0
379;0
380;0
381;0
382;0
383;0
384;0
385;0
386;2
387;0
388;0
389;0
390;0
391;0
392;0
393;0
394;2
395;1
396;0
397;0
398;2
399;2
400;0
401;2
402;0
403;0
404;0
405;0
406;0
407;1
408;0
409;0
410;0
411;0
412;0
413;0
414;2
415;1
416;0
417;0
418;2
419;0
420;1
421;0
422;0
423;0
424;0
425;2
426;2
427;2
428;1
429;0
430;1
431;0
432;0
433;0
434;0
435;0
436;0
437;0
438;0
439;0
440;0
441;0
442;0
443;0
444;0
445;0
446;0
447;2
448;1
449;0
450;0
451;1
452;0
453;0
454;0
455;0
456;0
457;2
458;0
459;4
460;2
461;1
462;0
463;2
464;0
465;0
466;2
467;2
468;0
469;0
470;0
471;1
472;1
473;0
474;0
475;0
476;0
477;0
478;0
479;2
480;2
481;1
482;0
483;0
484;0
485;0
486;1
487;0
488;0
489;0
490;0
491;0
492;0
493;0
494;0
495;0
496;0
497;0
498;0
499;2
500;0
501;0
502;0
503;2
504;0
505;0
506;0
507;0
508;0
509;0
510;1
511;2
512;2
513;0
514;0
515;0
516;0
517;2
518;1
519;2
520;0
521;1
522;0
523;0
524;1
525;0
526;0
527;0
528;1
529;0
530;0
531;0
532;0
533;0
534;1
535;0
536;0
537;2
538;0
539;1
540;0
541;0
542;0
543;2
544;1
545;0
546;2
547;0
548;2
549;0
550;0
551;0
552;0
553;0
554;2
555;0
556;0
557;0
558;0
559;0
560;0
561;0
562;1
563;0
564;1
565;0
566;0
567;0
568;0
569;0
570;0
571;0
572;0
573;1
574;0
575;1
576;1
577;0
578;0
579;2
580;2
581;0
582;1
583;0
584;0
585;0
586;0
587;1
588;0
589;2
590;0
591;1
592;0
593;0
594;0
595;1
596;0
597;0
598;0
599;2
600;0
601;0
602;0
603;2
604;1
605;2
606;1
607;0
608;2
609;1
610;0
611;0
612;0
613;2
614;0
615;0
616;0
617;2
618;2
619;0
620;0
621;0
622;2
623;0
624;0
625;1
626;0
627;1
628;1
629;0
630;1
631;0
632;0
633;0
634;0
635;2
636;2
637;0
638;1
639;0
640;0
641;0
642;0
643;0
644;1
645;0
646;0
647;0
648;1
649;0
650;0
651;2
652;2
653;0
654;0
655;0
656;0
657;0
658;0
659;0
660;0
661;0
662;2
663;0
664;2
665;0
666;0
667;0
668;2
669;2
670;1
671;0
672;2
673;2
674;0
675;0
676;1
677;0
678;0
679;0
680;0
681;0
682;2
683;0
684;0
685;0
686;0
687;0
688;0
689;1
690;0
691;0
692;1
693;0
694;0
695;0
696;2
697;0
698;0
699;2
700;1
701;0
702;2
703;2
704;2
705;2
706;0
707;0
708;2
709;0
710;1
711;0
712;0
713;0
714;2
715;0
716;0
717;0
718;1
719;0
720;0
721;0
722;0
723;2
724;0
725;0
726;0
727;0
728;0
729;0
730;0
731;0
732;0
733;0
734;0
735;0
736;0
737;1
738;0
739;0
740;0
741;0
742;0
743;1
744;0
745;0
746;0
747;0
748;0
749;0
750;2
751;2
752;2
753;0
754;2
755;2
756;1
757;0
758;0
759;0
760;2
761;0
762;0
763;0
764;0
765;0
766;0
767;0
768;0
769;0
770;0
771;0
772;0
773;2
774;0
775;0
776;0
777;0
778;0
779;0
780;0
781;2
782;1
783;2
784;0
785;0
786;0
787;1
788;0
789;2
790;0
791;2
792;0
793;0
794;0
795;0
796;1
797;2
798;0
799;2
800;0
801;0
802;0
803;1
804;0
805;0
806;2
807;0
808;0
809;0
810;0
811;1
812;0
813;0
814;0
815;2
816;0
817;2
818;0
819;0
820;2
821;0
822;0
823;0
824;1
825;0
826;0
827;1
828;0
829;1
830;0
831;0
832;0
833;0
834;0
835;0
836;0
837;0
838;0
839;0
840;0
841;0
842;2
843;1
844;0
845;0
846;0
847;1
848;0
849;0
850;0
851;1
852;0
853;0
854;0
855;0
856;1
857;0
858;1
859;2
860;0
861;0
862;0
863;0
864;1
865;0
866;0
867;1
868;0
869;1
870;0
871;0
872;0
873;1
874;1
875;0
876;0
877;0
878;1
879;0
880;0
881;0
882;0
883;0
884;0
885;0
886;2
887;0
888;1
889;0
890;0
891;0
892;0
893;1
894;0
895;0
896;0
897;0
898;0
899;2
900;1
901;0
902;2
903;0
904;1
905;0
906;0
907;0
908;0
909;0
910;1
911;2
912;0
913;2
914;2
915;1
916;0
917;0
918;0
919;2
920;0
921;0
922;0
923;1
924;0
925;1
926;0
927;1
928;0
929;1
930;0
931;0
932;0
933;0
934;0
935;2
936;0
937;0
938;0
939;0
940;0
941;0
942;0
943;2
944;0
945;1
946;0
947;0
948;0
949;0
950;2
951;0
952;1
953;0
954;0
955;0
956;1
957;0
958;0
959;0
960;1
961;1
962;0
963;0
964;0
965;0
966;1
967;0
968;0
969;1
970;0
971;1
972;0
973;0
974;0
975;2
976;0
977;0
978;1
979;0
980;0
981;0
982;1
983;1
984;0
985;1
986;0
987;0
988;0
989;0
990;1
991;0
992;1
993;0
994;2
995;0
996;2
997;0
998;2
999;2
1000;0
1001;0
1002;2
1003;2
1004;1
1005;0
1006;0
1007;1
1008;0
1009;2
1010;1
1011;0
1012;0
1013;1
1014;1
1015;0
1016;0
1017;0
1018;0
1019;0
1020;0
1021;0
1022;0
1023;0
