0;0
1;0
2;0
3;0
4;0
5;0
6;0
7;0
8;0
9;0
10;0
11;2
12;0
13;0
14;0
15;1
16;0
17;1
18;0
19;1
20;0
21;0
22;0
23;0
24;0
25;0
26;0
27;0
28;0
29;0
30;0
31;2
32;0
33;1
34;0
35;2
36;0
37;0
38;0
39;1
40;0
41;0
42;0
43;0
44;0
45;0
46;1
47;0
48;0
49;0
50;0
51;2
52;2
53;0
54;0
55;0
56;0
57;0
58;0
59;0
60;0
61;0
62;0
63;0
64;0
65;0
66;0
67;1
68;0
69;0
70;0
71;0
72;2
73;1
74;0
75;2
76;0
77;0
78;0
79;0
80;0
81;0
82;0
83;0
84;0
85;0
86;0
87;1
88;0
89;2
90;0
91;2
92;2
93;2
94;0
95;0
96;0
97;0
98;2
99;1
100;0
101;0
102;0
103;0
104;0
105;2
106;0
107;0
108;2
109;2
110;0
111;1
112;0
113;0
114;0
115;1
116;0
117;2
118;1
119;0
120;0
121;1
122;0
123;2
124;0
125;2
126;0
127;0
128;0
129;0
130;0
131;0
132;0
133;0
134;0
135;0
136;0
137;0
138;0
139;0
140;0
141;0
142;0
143;1
144;0
145;0
146;2
147;1
148;0
149;0
150;0
151;0
152;0
153;0
154;0
155;1
156;0
157;0
158;0
159;0
160;0
161;0
162;0
163;2
164;0
165;0
166;1
167;1
168;0
169;0
170;0
171;0
172;0
173;0
174;2
175;0
176;1
177;0
178;0
179;0
180;0
181;1
182;0
183;0
184;2
185;0
186;0
187;2
188;1
189;0
190;0
191;0
192;0
193;0
194;0
195;0
196;0
197;0
198;0
199;2
200;0
201;0
202;1
203;0
204;0
205;0
206;0
207;0
208;1
209;0
210;2
211;0
212;0
213;0
214;1
215;1
216;1
217;0
218;0
219;0
220;2
221;1
222;0
223;0
224;0
225;1
226;0
227;0
228;2
229;0
230;0
231;0
232;0
233;0
234;1
235;0
236;0
237;0
238;2
239;1
240;1
241;1
242;0
243;1
244;2
245;0
246;0
247;0
248;0
249;0
250;2
251;1
252;1
253;1
254;0
255;0
256;0
257;0
258;1
259;0
260;0
261;2
262;1
263;0
264;1
265;0
266;1
267;1
268;2
269;1
270;0
271;1
272;2
273;0
274;2
275;2
276;0
277;0
278;0
279;0
280;0
281;0
282;0
283;0
284;0
285;0
286;0
287;0
288;2
289;0
290;0
291;2
292;2
293;0
294;0
295;1
296;0
297;0
298;1
299;0
300;0
301;1
302;0
303;0
304;0
305;2
306;0
307;0
308;0
309;0
310;0
311;0
312;0
313;0
314;1
315;0
316;0
317;0
318;0
319;0
320;0
321;0
322;0
323;0
324;1
325;0
326;0
327;0
328;0
329;0
330;0
331;0
332;0
333;0
334;0
335;0
336;2
337;0
338;0
339;2
340;0
341;0
342;0
343;0
344;0
345;0
346;0
347;0
348;0
349;1
350;2
351;2
352;0
353;2
354;1
355;0
356;0
357;2
358;0
359;0
360;0
361;0
362;0
363;0
364;0
365;0
366;0
367;2
368;0
369;0
370;0
371;2
372;0
373;0
374;2
375;0
376;0
377;0
378;0
379;0
380;0
381;0
382;0
383;0
384;0
385;0
386;0
387;2
388;1
389;1
390;0
391;0
392;0
393;0
394;1
395;0
396;1
397;2
398;0
399;0
400;2
401;0
402;0
403;2
404;0
405;0
406;1
407;0
408;0
409;1
410;0
411;0
412;0
413;0
414;2
415;0
416;2
417;2
418;2
419;2
420;0
421;0
422;1
423;0
424;0
425;0
426;0
427;0
428;0
429;0
430;1
431;0
432;0
433;0
434;0
435;2
436;0
437;0
438;2
439;2
440;2
441;0
442;0
443;1
444;1
445;0
446;0
447;2
448;1
449;0
450;0
451;0
452;0
453;1
454;1
455;1
456;2
457;0
458;0
459;2
460;0
461;1
462;0
463;0
464;0
465;2
466;0
467;1
468;0
469;2
470;0
471;2
472;0
473;0
474;0
475;0
476;0
477;0
478;0
479;0
480;0
481;0
482;0
483;0
484;0
485;0
486;0
487;2
488;0
489;0
490;1
491;1
492;0
493;2
494;0
495;0
496;0
497;1
498;0
499;0
500;0
501;1
502;0
503;2
504;0
505;0
506;0
507;2
508;0
509;2
510;0
511;0
512;0
513;0
514;0
515;0
516;0
517;2
518;0
519;0
520;0
521;0
522;0
523;0
524;0
525;0
526;0
527;0
528;1
529;0
530;0
531;0
532;0
533;0
534;0
535;2
536;2
537;0
538;1
539;2
540;0
541;0
542;0
543;2
544;0
545;0
546;0
547;0
548;0
549;0
550;0
551;2
552;0
553;0
554;0
555;1
556;0
557;0
558;1
559;1
560;0
561;0
562;0
563;0
564;0
565;0
566;0
567;0
568;0
569;1
570;0
571;0
572;0
573;1
574;0
575;0
576;0
577;0
578;0
579;0
580;0
581;0
582;0
583;0
584;0
585;0
586;2
587;0
588;0
589;0
590;0
591;0
592;0
593;2
594;0
595;1
596;0
597;0
598;0
599;0
600;0
601;0
602;0
603;0
604;0
605;0
606;0
607;0
608;1
609;0
610;1
611;0
612;1
613;0
614;0
615;0
616;0
617;0
618;1
619;2
620;0
621;0
622;0
623;0
624;0
625;0
626;2
627;0
628;2
629;0
630;2
631;1
632;0
633;0
634;0
635;0
636;2
637;0
638;0
639;2
640;1
641;0
642;0
643;0
644;0
645;0
646;0
647;0
648;0
649;1
650;2
651;0
652;0
653;0
654;0
655;0
656;0
657;2
658;1
659;0
660;0
661;0
662;0
663;0
664;1
665;0
666;1
667;0
668;2
669;2
670;0
671;2
672;1
673;0
674;0
675;0
676;0
677;1
678;2
679;0
680;0
681;0
682;2
683;1
684;0
685;0
686;0
687;0
688;2
689;2
690;1
691;0
692;0
693;0
694;1
695;0
696;1
697;0
698;0
699;1
700;0
701;0
702;0
703;1
704;0
705;0
706;0
707;2
708;1
709;0
710;2
711;0
712;0
713;0
714;2
715;2
716;2
717;0
718;1
719;0
720;0
721;0
722;0
723;0
724;0
725;0
726;0
727;2
728;1
729;0
730;1
731;2
732;0
733;2
734;2
735;0
736;0
737;0
738;2
739;0
740;0
741;2
742;2
743;1
744;0
745;0
746;0
747;0
748;0
749;1
750;0
751;0
752;0
753;0
754;0
755;0
756;0
757;0
758;2
759;1
760;0
761;0
762;1
763;0
764;1
765;0
766;0
767;1
768;0
769;0
770;1
771;2
772;0
773;0
774;0
775;0
776;0
777;1
778;0
779;1
780;0
781;0
782;0
783;0
784;0
785;2
786;0
787;0
788;0
789;2
790;0
791;0
792;0
793;0
794;0
795;0
796;1
797;0
798;1
799;0
800;1
801;1
802;2
803;2
804;0
805;0
806;0
807;0
808;0
809;0
810;0
811;0
812;1
813;0
814;0
815;0
816;0
817;0
818;0
819;0
820;0
821;0
822;0
823;2
824;0
825;0
826;0
827;0
828;0
829;0
830;0
831;0
832;0
833;2
834;1
835;0
836;0
837;0
838;1
839;0
840;1
841;0
842;0
843;0
844;0
845;0
846;0
847;0
848;0
849;0
850;0
851;0
852;2
853;0
854;0
855;0
856;0
857;2
858;0
859;0
860;0
861;0
862;0
863;0
864;0
865;0
866;2
867;0
868;0
869;0
870;0
871;1
872;0
873;2
874;1
875;0
876;1
877;0
878;0
879;0
880;0
881;0
882;0
883;0
884;0
885;2
886;0
887;0
888;0
889;0
890;0
891;0
892;0
893;0
894;0
895;0
896;0
897;0
898;0
899;0
900;2
901;2
902;2
903;0
904;2
905;0
906;2
907;1
908;0
909;1
910;0
911;2
912;1
913;0
914;2
915;0
916;0
917;0
918;0
919;1
920;0
921;0
922;0
923;2
924;0
925;0
926;2
927;0
928;0
929;0
930;0
931;0
932;2
933;0
934;0
935;0
936;2
937;0
938;0
939;1
940;0
941;1
942;0
943;0
944;2
945;0
946;0
947;0
948;2
949;0
950;0
951;0
952;1
953;0
954;2
955;0
956;0
957;0
958;0
959;0
960;1
961;0
962;0
963;0
964;1
965;1
966;0
967;0
968;2
969;0
970;0
971;0
972;0
973;1
974;0
975;0
976;1
977;0
978;0
979;0
980;0
981;0
982;0
983;0
984;0
985;0
986;0
987;0
988;0
989;2
990;1
991;0
992;0
993;0
994;0
995;2
996;1
997;1
998;1
999;2
1000;0
1001;0
1002;2
1003;0
1004;0
1005;0
1006;0
1007;1
1008;0
1009;0
1010;0
1011;0
1012;1
1013;0
1014;0
1015;0
1016;0
1017;0
1018;0
1019;0
1020;0
1021;0
1022;0
1023;0
