0;0
1;0
2;0
3;0
4;2
5;0
6;0
7;2
8;2
9;2
10;0
11;2
12;1
13;0
14;2
15;1
16;0
17;0
18;0
19;0
20;0
21;0
22;1
23;0
24;0
25;0
26;0
27;0
28;0
29;0
30;1
31;0
32;2
33;0
34;0
35;0
36;0
37;0
38;0
39;0
40;1
41;0
42;0
43;0
44;0
45;0
46;0
47;0
48;1
49;2
50;0
51;0
52;2
53;0
54;2
55;2
56;0
57;2
58;0
59;0
60;0
61;1
62;0
63;0
64;0
65;0
66;1
67;0
68;0
69;0
70;0
71;0
72;0
73;0
74;0
75;0
76;2
77;0
78;0
79;1
80;0
81;2
82;0
83;0
84;0
85;0
86;0
87;2
88;2
89;0
90;0
91;0
92;0
93;0
94;0
95;1
96;1
97;0
98;0
99;0
100;0
101;0
102;0
103;0
104;0
105;0
106;0
107;1
108;0
109;2
110;0
111;0
112;2
113;0
114;0
115;0
116;0
117;2
118;0
119;2
120;0
121;0
122;1
123;0
124;1
125;0
126;0
127;0
128;2
129;0
130;0
131;0
132;0
133;0
134;0
135;0
136;0
137;1
138;0
139;1
140;0
141;0
142;2
143;0
144;0
145;1
146;0
147;0
148;0
149;0
150;1
151;0
152;0
153;0
154;0
155;0
156;0
157;0
158;0
159;1
160;0
161;0
162;0
163;0
164;0
165;1
166;0
167;0
168;0
169;0
170;2
171;0
172;0
173;0
174;0
175;0
176;2
177;2
178;0
179;0
180;0
181;0
182;0
183;0
184;2
185;0
186;0
187;0
188;2
189;0
190;2
191;2
192;0
193;0
194;0
195;0
196;0
197;0
198;1
199;0
200;0
201;0
202;1
203;0
204;0
205;1
206;1
207;0
208;0
209;0
210;0
211;0
212;1
213;0
214;1
215;0
216;0
217;0
218;1
219;0
220;0
221;0
222;0
223;0
224;0
225;0
226;0
227;2
228;1
229;0
230;0
231;2
232;0
233;0
234;2
235;1
236;0
237;0
238;2
239;0
240;0
241;0
242;0
243;1
244;0
245;0
246;0
247;0
248;0
249;0
250;0
251;2
252;0
253;0
254;0
255;0
256;0
257;0
258;2
259;1
260;0
261;0
262;0
263;0
264;0
265;1
266;0
267;1
268;0
269;1
270;0
271;0
272;0
273;0
274;1
275;0
276;0
277;1
278;0
279;0
280;1
281;1
282;0
283;0
284;0
285;0
286;0
287;0
288;1
289;2
290;0
291;0
292;0
293;1
294;0
295;1
296;0
297;2
298;2
299;0
300;0
301;1
302;0
303;0
304;1
305;0
306;0
307;0
308;0
309;2
310;0
311;1
312;0
313;0
314;0
315;0
316;1
317;0
318;1
319;0
320;0
321;0
322;0
323;0
324;0
325;0
326;0
327;0
328;0
329;1
330;0
331;0
332;2
333;0
334;0
335;0
336;0
337;0
338;2
339;0
340;0
341;0
342;2
343;0
344;0
345;0
346;0
347;2
348;1
349;0
350;1
351;0
352;0
353;0
354;0
355;0
356;0
357;2
358;2
359;0
360;1
361;0
362;0
363;0
364;0
365;0
366;0
367;0
368;0
369;0
370;0
371;2
372;0
373;0
374;0
375;2
376;0
377;0
378;0
379;0
380;1
381;0
382;1
383;1
384;0
385;1
386;0
387;2
388;2
389;0
390;2
391;0
392;0
393;0
394;2
395;0
396;0
397;0
398;0
399;0
400;0
401;0
402;0
403;0
404;0
405;2
406;0
407;0
408;0
409;1
410;0
411;0
412;0
413;0
414;0
415;0
416;1
417;0
418;0
419;1
420;0
421;1
422;0
423;0
424;0
425;0
426;0
427;0
428;0
429;0
430;2
431;1
432;0
433;0
434;0
435;0
436;0
437;0
438;0
439;0
440;0
441;0
442;0
443;0
444;1
445;1
446;0
447;2
448;1
449;0
450;0
451;0
452;0
453;0
454;0
455;0
456;0
457;0
458;0
459;0
460;1
461;0
462;2
463;0
464;0
465;0
466;0
467;1
468;0
469;0
470;2
471;0
472;1
473;0
474;0
475;0
476;2
477;0
478;1
479;0
480;0
481;0
482;0
483;0
484;0
485;0
486;0
487;0
488;0
489;2
490;2
491;2
492;2
493;0
494;0
495;0
496;0
497;2
498;0
499;0
500;0
501;0
502;0
503;1
504;0
505;0
506;0
507;0
508;0
509;1
510;0
511;0
512;1
513;0
514;1
515;0
516;2
517;0
518;0
519;0
520;2
521;0
522;0
523;0
524;2
525;0
526;0
527;0
528;0
529;0
530;0
531;2
532;0
533;0
534;0
535;0
536;2
537;2
538;0
539;0
540;0
541;0
542;1
543;0
544;2
545;0
546;0
547;0
548;2
549;2
550;0
551;0
552;2
553;2
554;0
555;0
556;0
557;0
558;0
559;0
560;1
561;0
562;0
563;0
564;0
565;0
566;0
567;0
568;2
569;0
570;0
571;1
572;0
573;0
574;0
575;0
576;2
577;0
578;2
579;0
580;1
581;0
582;2
583;0
584;0
585;0
586;0
587;0
588;1
589;0
590;0
591;0
592;0
593;0
594;0
595;0
596;0
597;1
598;0
599;0
600;0
601;2
602;2
603;0
604;0
605;0
606;0
607;0
608;0
609;0
610;2
611;0
612;2
613;0
614;0
615;0
616;0
617;0
618;0
619;2
620;0
621;0
622;0
623;0
624;0
625;0
626;0
627;1
628;0
629;1
630;2
631;2
632;2
633;0
634;0
635;0
636;2
637;2
638;0
639;1
640;0
641;0
642;0
643;0
644;0
645;0
646;0
647;0
648;0
649;2
650;2
651;2
652;0
653;0
654;0
655;1
656;0
657;1
658;0
659;0
660;0
661;2
662;0
663;1
664;0
665;0
666;0
667;0
668;0
669;1
670;0
671;0
672;0
673;0
674;0
675;2
676;0
677;0
678;0
679;0
680;2
681;0
682;0
683;0
684;0
685;0
686;1
687;1
688;0
689;1
690;0
691;2
692;0
693;0
694;1
695;0
696;1
697;0
698;0
699;0
700;2
701;2
702;0
703;1
704;2
705;0
706;0
707;1
708;2
709;2
710;0
711;0
712;0
713;0
714;0
715;1
716;0
717;0
718;0
719;0
720;0
721;0
722;0
723;1
724;0
725;0
726;2
727;0
728;0
729;0
730;0
731;0
732;0
733;2
734;0
735;0
736;0
737;0
738;0
739;0
740;2
741;2
742;1
743;0
744;2
745;0
746;2
747;0
748;0
749;0
750;0
751;0
752;0
753;1
754;1
755;0
756;0
757;2
758;0
759;0
760;1
761;0
762;1
763;0
764;0
765;0
766;0
767;0
768;0
769;0
770;1
771;0
772;0
773;2
774;0
775;0
776;0
777;0
778;1
779;0
780;0
781;0
782;0
783;2
784;2
785;0
786;0
787;1
788;2
789;0
790;0
791;2
792;2
793;2
794;0
795;1
796;0
797;0
798;0
799;0
800;0
801;0
802;0
803;2
804;0
805;0
806;0
807;0
808;0
809;0
810;0
811;0
812;2
813;2
814;0
815;0
816;0
817;0
818;2
819;2
820;0
821;0
822;0
823;0
824;0
825;0
826;1
827;0
828;0
829;0
830;0
831;0
832;0
833;1
834;0
835;1
836;0
837;0
838;1
839;0
840;0
841;1
842;0
843;1
844;0
845;0
846;0
847;0
848;0
849;0
850;0
851;0
852;0
853;1
854;0
855;0
856;0
857;0
858;0
859;0
860;0
861;0
862;0
863;0
864;1
865;0
866;1
867;0
868;2
869;0
870;1
871;0
872;2
873;1
874;0
875;0
876;0
877;0
878;0
879;0
880;0
881;0
882;2
883;1
884;0
885;0
886;2
887;1
888;0
889;2
890;0
891;0
892;0
893;0
894;0
895;2
896;0
897;2
898;0
899;0
900;0
901;0
902;0
903;0
904;0
905;0
906;0
907;0
908;1
909;0
910;0
911;2
912;1
913;0
914;0
915;0
916;0
917;1
918;0
919;0
920;0
921;0
922;1
923;0
924;0
925;0
926;0
927;0
928;0
929;0
930;0
931;0
932;0
933;2
934;0
935;0
936;0
937;1
938;0
939;0
940;0
941;0
942;0
943;2
944;1
945;0
946;0
947;0
948;0
949;0
950;0
951;0
952;0
953;0
954;0
955;2
956;0
957;0
958;0
959;0
960;0
961;0
962;0
963;1
964;2
965;0
966;0
967;0
968;2
969;0
970;0
971;0
972;2
973;1
974;0
975;0
976;0
977;0
978;0
979;0
980;0
981;0
982;0
983;0
984;0
985;0
986;0
987;1
988;0
989;0
990;0
991;0
992;0
993;0
994;0
995;2
996;0
997;0
998;1
999;2
1000;0
1001;0
1002;1
1003;2
1004;0
1005;2
1006;2
1007;0
1008;0
1009;0
1010;1
1011;0
1012;0
1013;0
1014;1
1015;1
1016;0
1017;0
1018;0
1019;0
1020;0
1021;0
1022;0
1023;0
