0;0
1;0
2;0
3;0
4;0
5;0
6;0
7;0
8;0
9;0
10;0
11;2
12;0
13;0
14;0
15;1
16;0
17;1
18;0
19;1
20;0
21;0
22;0
23;0
24;0
25;0
26;0
27;0
28;0
29;0
30;0
31;2
32;0
33;1
34;0
35;2
36;0
37;0
38;0
39;1
40;0
41;0
42;0
43;0
44;0
45;0
46;1
47;0
48;0
49;0
50;0
51;2
52;2
53;0
54;0
55;0
56;0
57;0
58;0
59;0
60;0
61;0
62;2
63;0
64;0
65;0
66;0
67;0
68;0
69;0
70;0
71;0
72;2
73;1
74;0
75;2
76;0
77;0
78;0
79;0
80;0
81;0
82;0
83;0
84;0
85;0
86;0
87;1
88;0
89;1
90;0
91;0
92;2
93;2
94;0
95;0
96;0
97;0
98;2
99;1
100;0
101;0
102;0
103;0
104;0
105;2
106;0
107;0
108;2
109;2
110;0
111;1
112;0
113;0
114;0
115;1
116;0
117;2
118;1
119;0
120;0
121;0
122;0
123;2
124;0
125;0
126;0
127;2
128;1
129;0
130;2
131;2
132;1
133;0
134;0
135;0
136;2
137;0
138;0
139;2
140;0
141;0
142;0
143;0
144;2
145;1
146;0
147;0
148;2
149;2
150;0
151;0
152;2
153;0
154;0
155;0
156;0
157;2
158;0
159;0
160;1
161;0
162;0
163;0
164;2
165;0
166;0
167;0
168;0
169;0
170;0
171;0
172;0
173;1
174;0
175;0
176;0
177;0
178;2
179;1
180;0
181;0
182;0
183;0
184;0
185;0
186;0
187;0
188;0
189;0
190;0
191;0
192;0
193;2
194;0
195;0
196;0
197;0
198;0
199;2
200;0
201;0
202;1
203;0
204;0
205;0
206;0
207;0
208;1
209;0
210;2
211;0
212;0
213;2
214;0
215;0
216;0
217;0
218;0
219;0
220;0
221;0
222;0
223;0
224;0
225;0
226;0
227;0
228;0
229;0
230;0
231;0
232;0
233;2
234;2
235;0
236;0
237;0
238;0
239;1
240;0
241;0
242;1
243;0
244;2
245;0
246;0
247;0
248;0
249;0
250;1
251;0
252;0
253;0
254;0
255;0
256;0
257;0
258;1
259;0
260;0
261;1
262;0
263;0
264;0
265;0
266;1
267;0
268;2
269;2
270;0
271;0
272;0
273;0
274;0
275;1
276;0
277;2
278;0
279;0
280;0
281;1
282;0
283;0
284;1
285;0
286;0
287;1
288;0
289;0
290;0
291;0
292;0
293;0
294;1
295;0
296;0
297;0
298;0
299;0
300;0
301;0
302;0
303;2
304;2
305;1
306;0
307;0
308;0
309;0
310;0
311;0
312;0
313;0
314;0
315;0
316;0
317;0
318;0
319;1
320;0
321;0
322;0
323;0
324;1
325;0
326;0
327;0
328;0
329;0
330;0
331;0
332;0
333;0
334;0
335;0
336;1
337;0
338;1
339;1
340;1
341;0
342;2
343;0
344;0
345;0
346;0
347;0
348;0
349;0
350;0
351;0
352;0
353;1
354;2
355;0
356;0
357;0
358;0
359;0
360;1
361;0
362;0
363;0
364;0
365;1
366;0
367;1
368;0
369;1
370;2
371;0
372;0
373;0
374;2
375;0
376;2
377;0
378;0
379;0
380;1
381;0
382;0
383;0
384;0
385;2
386;0
387;0
388;0
389;0
390;0
391;0
392;0
393;0
394;0
395;0
396;0
397;0
398;0
399;0
400;0
401;0
402;0
403;0
404;0
405;0
406;0
407;0
408;0
409;0
410;0
411;0
412;0
413;0
414;0
415;0
416;2
417;0
418;0
419;1
420;2
421;0
422;0
423;0
424;0
425;0
426;0
427;0
428;1
429;0
430;2
431;0
432;0
433;0
434;0
435;0
436;0
437;0
438;0
439;0
440;0
441;1
442;0
443;1
444;2
445;0
446;0
447;0
448;0
449;0
450;0
451;1
452;0
453;0
454;0
455;0
456;1
457;0
458;0
459;0
460;0
461;2
462;2
463;2
464;0
465;0
466;0
467;0
468;0
469;0
470;0
471;2
472;0
473;0
474;0
475;0
476;1
477;0
478;0
479;1
480;0
481;1
482;2
483;0
484;2
485;0
486;0
487;2
488;0
489;0
490;0
491;2
492;0
493;0
494;0
495;0
496;0
497;1
498;0
499;0
500;0
501;2
502;1
503;0
504;1
505;0
506;0
507;2
508;0
509;0
510;2
511;0
512;0
513;0
514;0
515;0
516;0
517;0
518;0
519;2
520;1
521;0
522;0
523;0
524;2
525;0
526;1
527;0
528;0
529;0
530;2
531;2
532;2
533;0
534;2
535;0
536;0
537;0
538;2
539;2
540;1
541;0
542;0
543;0
544;0
545;0
546;0
547;1
548;2
549;2
550;0
551;0
552;1
553;0
554;0
555;0
556;2
557;0
558;0
559;2
560;0
561;0
562;0
563;0
564;0
565;0
566;0
567;0
568;0
569;0
570;0
571;0
572;0
573;0
574;2
575;2
576;2
577;1
578;2
579;0
580;0
581;0
582;0
583;1
584;0
585;2
586;0
587;0
588;0
589;0
590;0
591;2
592;0
593;0
594;2
595;0
596;0
597;0
598;0
599;0
600;0
601;0
602;0
603;1
604;0
605;0
606;0
607;0
608;0
609;2
610;0
611;0
612;0
613;0
614;0
615;0
616;0
617;0
618;0
619;0
620;0
621;0
622;2
623;2
624;0
625;1
626;0
627;0
628;0
629;0
630;0
631;2
632;1
633;0
634;0
635;0
636;0
637;0
638;0
639;0
640;0
641;0
642;0
643;0
644;0
645;1
646;0
647;2
648;1
649;0
650;0
651;0
652;0
653;0
654;1
655;1
656;1
657;0
658;0
659;1
660;0
661;0
662;0
663;2
664;2
665;0
666;0
667;2
668;2
669;0
670;0
671;0
672;2
673;0
674;0
675;0
676;2
677;0
678;1
679;0
680;1
681;2
682;0
683;0
684;0
685;1
686;2
687;0
688;0
689;0
690;0
691;0
692;1
693;2
694;1
695;2
696;0
697;0
698;0
699;2
700;1
701;0
702;2
703;0
704;1
705;0
706;0
707;1
708;0
709;0
710;0
711;0
712;2
713;0
714;1
715;0
716;0
717;0
718;0
719;0
720;0
721;0
722;0
723;2
724;0
725;0
726;0
727;0
728;1
729;0
730;2
731;0
732;0
733;1
734;0
735;0
736;2
737;1
738;0
739;1
740;0
741;0
742;0
743;0
744;1
745;1
746;0
747;0
748;0
749;0
750;0
751;0
752;2
753;0
754;2
755;1
756;0
757;0
758;0
759;0
760;0
761;0
762;1
763;0
764;0
765;0
766;0
767;0
768;1
769;2
770;0
771;0
772;2
773;0
774;0
775;2
776;2
777;0
778;2
779;0
780;1
781;0
782;0
783;0
784;0
785;0
786;0
787;0
788;2
789;1
790;2
791;1
792;0
793;0
794;2
795;0
796;0
797;2
798;0
799;0
800;1
801;0
802;0
803;0
804;1
805;0
806;1
807;0
808;1
809;0
810;2
811;0
812;2
813;0
814;0
815;0
816;2
817;0
818;0
819;0
820;0
821;0
822;0
823;0
824;0
825;0
826;1
827;1
828;0
829;0
830;0
831;0
832;0
833;2
834;0
835;0
836;0
837;0
838;0
839;2
840;2
841;0
842;2
843;0
844;0
845;0
846;0
847;0
848;0
849;0
850;1
851;2
852;2
853;2
854;2
855;0
856;1
857;0
858;0
859;0
860;2
861;0
862;0
863;0
864;0
865;0
866;2
867;0
868;0
869;0
870;1
871;0
872;1
873;1
874;0
875;0
876;0
877;1
878;0
879;0
880;0
881;0
882;0
883;1
884;0
885;0
886;0
887;0
888;1
889;0
890;0
891;0
892;0
893;0
894;0
895;1
896;2
897;0
898;2
899;0
900;0
901;0
902;0
903;0
904;0
905;1
906;0
907;0
908;1
909;1
910;0
911;2
912;2
913;0
914;2
915;0
916;0
917;0
918;0
919;0
920;2
921;2
922;0
923;0
924;0
925;1
926;0
927;0
928;0
929;0
930;0
931;0
932;0
933;0
934;2
935;0
936;1
937;2
938;2
939;2
940;0
941;0
942;2
943;2
944;2
945;0
946;0
947;0
948;1
949;0
950;0
951;0
952;0
953;0
954;1
955;0
956;1
957;0
958;0
959;0
960;0
961;0
962;0
963;2
964;2
965;0
966;1
967;2
968;0
969;0
970;2
971;0
972;1
973;0
974;2
975;0
976;1
977;0
978;0
979;0
980;0
981;2
982;0
983;0
984;0
985;0
986;0
987;0
988;0
989;1
990;0
991;1
992;0
993;0
994;0
995;0
996;2
997;1
998;2
999;2
1000;0
1001;0
1002;2
1003;0
1004;0
1005;0
1006;1
1007;0
1008;2
1009;1
1010;1
1011;1
1012;0
1013;0
1014;1
1015;0
1016;0
1017;0
1018;0
1019;0
1020;0
1021;0
1022;0
1023;0
