0;1
1;0
2;0
3;0
4;2
5;2
6;0
7;2
8;0
9;0
10;2
11;0
12;2
13;0
14;0
15;1
16;0
17;0
18;1
19;0
20;2
21;0
22;2
23;1
24;0
25;0
26;0
27;0
28;0
29;0
30;0
31;0
32;0
33;0
34;0
35;0
36;0
37;0
38;2
39;1
40;1
41;0
42;1
43;0
44;2
45;0
46;1
47;2
48;0
49;2
50;0
51;0
52;2
53;0
54;0
55;1
56;0
57;0
58;0
59;0
60;0
61;2
62;0
63;1
64;0
65;2
66;2
67;0
68;0
69;2
70;0
71;0
72;0
73;2
74;0
75;2
76;0
77;0
78;1
79;0
80;0
81;0
82;0
83;0
84;0
85;0
86;2
87;2
88;0
89;0
90;0
91;0
92;0
93;0
94;0
95;2
96;1
97;1
98;0
99;1
100;0
101;0
102;0
103;2
104;0
105;2
106;2
107;2
108;2
109;0
110;0
111;0
112;0
113;0
114;0
115;0
116;0
117;0
118;1
119;0
120;0
121;0
122;0
123;0
124;0
125;0
126;1
127;2
128;0
129;0
130;1
131;1
132;0
133;0
134;0
135;0
136;0
137;2
138;0
139;2
140;1
141;0
142;0
143;0
144;0
145;0
146;0
147;0
148;0
149;0
150;0
151;0
152;0
153;0
154;0
155;0
156;1
157;2
158;0
159;1
160;0
161;0
162;0
163;0
164;1
165;0
166;0
167;0
168;1
169;0
170;1
171;1
172;0
173;0
174;1
175;0
176;0
177;0
178;0
179;0
180;0
181;0
182;0
183;0
184;0
185;0
186;0
187;0
188;0
189;0
190;0
191;2
192;0
193;0
194;0
195;0
196;0
197;2
198;0
199;2
200;0
201;1
202;0
203;1
204;0
205;0
206;1
207;0
208;0
209;0
210;0
211;1
212;0
213;0
214;0
215;0
216;2
217;0
218;0
219;0
220;0
221;0
222;0
223;0
224;0
225;0
226;0
227;2
228;2
229;0
230;0
231;0
232;0
233;0
234;0
235;0
236;0
237;2
238;0
239;0
240;0
241;2
242;0
243;0
244;0
245;0
246;1
247;0
248;0
249;1
250;0
251;0
252;0
253;0
254;0
255;0
256;2
257;0
258;0
259;0
260;0
261;2
262;0
263;0
264;0
265;0
266;0
267;0
268;0
269;1
270;0
271;0
272;0
273;0
274;0
275;0
276;2
277;1
278;0
279;0
280;0
281;0
282;0
283;0
284;1
285;0
286;1
287;0
288;1
289;0
290;0
291;0
292;2
293;0
294;0
295;0
296;0
297;0
298;1
299;0
300;2
301;0
302;2
303;0
304;1
305;0
306;1
307;0
308;0
309;2
310;2
311;0
312;0
313;0
314;0
315;1
316;0
317;0
318;0
319;0
320;0
321;0
322;0
323;1
324;0
325;1
326;0
327;0
328;1
329;0
330;0
331;0
332;0
333;0
334;0
335;0
336;0
337;0
338;1
339;2
340;2
341;0
342;0
343;0
344;0
345;0
346;0
347;0
348;0
349;0
350;0
351;2
352;0
353;2
354;0
355;0
356;0
357;0
358;0
359;2
360;0
361;0
362;0
363;0
364;2
365;2
366;0
367;0
368;0
369;0
370;0
371;0
372;0
373;0
374;2
375;0
376;0
377;0
378;2
379;0
380;0
381;1
382;0
383;1
384;0
385;0
386;0
387;0
388;2
389;1
390;2
391;2
392;0
393;0
394;0
395;0
396;0
397;1
398;0
399;0
400;0
401;0
402;1
403;0
404;0
405;0
406;1
407;0
408;0
409;2
410;0
411;2
412;0
413;0
414;2
415;2
416;2
417;0
418;0
419;2
420;0
421;0
422;0
423;2
424;0
425;0
426;0
427;0
428;2
429;0
430;0
431;2
432;2
433;2
434;2
435;0
436;1
437;0
438;0
439;0
440;1
441;0
442;0
443;0
444;1
445;0
446;1
447;0
448;2
449;0
450;0
451;0
452;0
453;0
454;2
455;0
456;1
457;0
458;0
459;0
460;0
461;0
462;1
463;0
464;0
465;0
466;2
467;0
468;1
469;0
470;0
471;0
472;2
473;0
474;0
475;0
476;0
477;0
478;0
479;0
480;1
481;0
482;0
483;2
484;0
485;0
486;1
487;0
488;0
489;0
490;0
491;0
492;0
493;0
494;0
495;2
496;1
497;0
498;2
499;0
500;0
501;2
502;0
503;0
504;1
505;1
506;0
507;0
508;0
509;0
510;1
511;0
512;0
513;0
514;0
515;1
516;0
517;0
518;0
519;0
520;2
521;0
522;1
523;0
524;0
525;0
526;0
527;0
528;0
529;1
530;0
531;0
532;0
533;0
534;2
535;1
536;0
537;1
538;0
539;0
540;0
541;0
542;0
543;0
544;0
545;2
546;0
547;2
548;0
549;0
550;0
551;0
552;2
553;0
554;0
555;0
556;1
557;0
558;0
559;0
560;0
561;0
562;2
563;0
564;0
565;2
566;0
567;0
568;2
569;0
570;0
571;0
572;1
573;0
574;0
575;0
576;2
577;0
578;0
579;2
580;2
581;0
582;2
583;0
584;0
585;0
586;0
587;0
588;2
589;2
590;0
591;1
592;2
593;0
594;0
595;1
596;0
597;1
598;0
599;0
600;0
601;0
602;0
603;1
604;0
605;0
606;0
607;0
608;1
609;2
610;0
611;2
612;2
613;0
614;0
615;0
616;0
617;0
618;0
619;0
620;2
621;0
622;0
623;0
624;1
625;0
626;0
627;0
628;0
629;1
630;0
631;0
632;0
633;0
634;0
635;1
636;0
637;0
638;2
639;0
640;2
641;2
642;2
643;0
644;0
645;0
646;2
647;2
648;0
649;0
650;0
651;1
652;0
653;2
654;0
655;0
656;1
657;0
658;0
659;0
660;0
661;0
662;0
663;0
664;1
665;0
666;0
667;1
668;0
669;0
670;2
671;0
672;1
673;0
674;0
675;0
676;0
677;0
678;0
679;0
680;2
681;0
682;0
683;0
684;0
685;0
686;0
687;0
688;0
689;0
690;0
691;0
692;0
693;0
694;2
695;2
696;0
697;0
698;0
699;0
700;0
701;1
702;0
703;2
704;0
705;1
706;0
707;0
708;2
709;0
710;0
711;0
712;0
713;0
714;2
715;0
716;0
717;0
718;1
719;2
720;2
721;1
722;0
723;0
724;1
725;0
726;0
727;0
728;0
729;0
730;0
731;0
732;1
733;0
734;0
735;2
736;0
737;1
738;0
739;0
740;1
741;0
742;0
743;0
744;0
745;0
746;1
747;0
748;0
749;1
750;0
751;0
752;0
753;0
754;0
755;2
756;0
757;1
758;0
759;0
760;2
761;2
762;0
763;0
764;1
765;0
766;0
767;0
768;0
769;0
770;2
771;2
772;2
773;0
774;2
775;0
776;0
777;0
778;0
779;0
780;0
781;0
782;0
783;0
784;0
785;0
786;0
787;0
788;0
789;0
790;2
791;0
792;0
793;0
794;0
795;0
796;0
797;2
798;2
799;0
800;0
801;2
802;2
803;0
804;2
805;0
806;0
807;0
808;0
809;0
810;0
811;2
812;0
813;0
814;0
815;0
816;0
817;2
818;0
819;0
820;0
821;0
822;0
823;0
824;0
825;0
826;0
827;2
828;0
829;0
830;2
831;0
832;2
833;0
834;0
835;0
836;1
837;1
838;0
839;2
840;2
841;0
842;1
843;1
844;0
845;0
846;0
847;0
848;1
849;0
850;0
851;2
852;2
853;0
854;0
855;0
856;0
857;2
858;0
859;0
860;0
861;1
862;0
863;0
864;0
865;0
866;0
867;0
868;0
869;2
870;0
871;2
872;0
873;1
874;2
875;0
876;1
877;0
878;0
879;0
880;0
881;0
882;0
883;1
884;0
885;0
886;0
887;0
888;1
889;0
890;0
891;2
892;2
893;0
894;0
895;0
896;0
897;0
898;0
899;0
900;0
901;0
902;0
903;0
904;1
905;0
906;0
907;0
908;0
909;2
910;0
911;2
912;2
913;1
914;0
915;0
916;0
917;0
918;1
919;0
920;0
921;0
922;0
923;0
924;0
925;0
926;0
927;0
928;0
929;1
930;0
931;0
932;2
933;0
934;2
935;0
936;1
937;0
938;1
939;2
940;0
941;0
942;0
943;0
944;0
945;2
946;0
947;0
948;1
949;0
950;0
951;2
952;1
953;0
954;0
955;0
956;0
957;0
958;1
959;0
960;1
961;0
962;2
963;1
964;0
965;2
966;1
967;0
968;1
969;0
970;0
971;2
972;2
973;0
974;1
975;1
976;0
977;0
978;0
979;0
980;0
981;0
982;0
983;0
984;0
985;1
986;1
987;0
988;2
989;0
990;1
991;0
992;0
993;0
994;0
995;0
996;0
997;0
998;0
999;1
1000;0
1001;0
1002;0
1003;0
1004;0
1005;0
1006;0
1007;0
1008;0
1009;0
1010;1
1011;2
1012;1
1013;1
1014;0
1015;0
1016;0
1017;0
1018;0
1019;0
1020;0
1021;0
1022;0
1023;0
