0;0
1;1
2;0
3;0
4;0
5;0
6;1
7;0
8;0
9;0
10;0
11;0
12;0
13;0
14;0
15;1
16;0
17;0
18;0
19;2
20;0
21;0
22;0
23;0
24;0
25;2
26;0
27;1
28;0
29;0
30;1
31;0
32;0
33;1
34;0
35;0
36;2
37;0
38;0
39;0
40;2
41;0
42;0
43;0
44;0
45;0
46;1
47;0
48;0
49;0
50;0
51;0
52;0
53;2
54;0
55;0
56;1
57;0
58;0
59;2
60;2
61;0
62;0
63;0
64;0
65;2
66;0
67;0
68;0
69;0
70;2
71;0
72;1
73;0
74;0
75;2
76;0
77;0
78;1
79;0
80;0
81;0
82;2
83;0
84;0
85;2
86;0
87;0
88;0
89;1
90;0
91;2
92;1
93;0
94;0
95;2
96;0
97;0
98;0
99;0
100;2
101;2
102;2
103;0
104;0
105;0
106;0
107;0
108;0
109;0
110;0
111;0
112;0
113;1
114;0
115;0
116;0
117;0
118;2
119;0
120;0
121;2
122;1
123;0
124;1
125;0
126;0
127;0
128;2
129;2
130;0
131;0
132;0
133;0
134;2
135;0
136;0
137;1
138;0
139;0
140;0
141;0
142;0
143;0
144;0
145;0
146;0
147;0
148;0
149;0
150;1
151;0
152;0
153;0
154;0
155;1
156;2
157;0
158;0
159;0
160;0
161;0
162;0
163;1
164;0
165;0
166;0
167;1
168;0
169;0
170;2
171;2
172;2
173;0
174;0
175;0
176;1
177;0
178;0
179;1
180;0
181;1
182;2
183;0
184;2
185;0
186;2
187;0
188;0
189;0
190;0
191;0
192;0
193;1
194;0
195;0
196;0
197;0
198;0
199;0
200;0
201;0
202;0
203;2
204;0
205;0
206;0
207;0
208;0
209;0
210;0
211;2
212;0
213;0
214;0
215;0
216;0
217;0
218;0
219;2
220;1
221;0
222;0
223;0
224;0
225;0
226;0
227;2
228;0
229;2
230;2
231;0
232;2
233;0
234;0
235;0
236;0
237;0
238;2
239;0
240;0
241;1
242;0
243;0
244;0
245;0
246;1
247;0
248;0
249;0
250;1
251;0
252;0
253;1
254;2
255;0
256;0
257;0
258;0
259;0
260;2
261;2
262;2
263;0
264;0
265;0
266;1
267;0
268;0
269;0
270;0
271;0
272;0
273;0
274;2
275;0
276;0
277;1
278;0
279;0
280;0
281;0
282;0
283;0
284;0
285;0
286;0
287;0
288;0
289;0
290;0
291;0
292;0
293;1
294;1
295;0
296;0
297;0
298;1
299;0
300;0
301;0
302;2
303;2
304;0
305;1
306;0
307;0
308;0
309;0
310;1
311;1
312;1
313;0
314;0
315;0
316;0
317;0
318;0
319;0
320;1
321;0
322;0
323;0
324;2
325;0
326;0
327;0
328;2
329;0
330;2
331;1
332;0
333;0
334;0
335;0
336;1
337;2
338;2
339;0
340;0
341;0
342;2
343;1
344;0
345;0
346;0
347;1
348;0
349;0
350;1
351;0
352;0
353;0
354;0
355;1
356;0
357;0
358;0
359;0
360;0
361;0
362;0
363;0
364;0
365;2
366;0
367;2
368;0
369;0
370;0
371;1
372;0
373;1
374;2
375;1
376;0
377;0
378;0
379;0
380;0
381;0
382;0
383;0
384;0
385;0
386;0
387;0
388;2
389;0
390;0
391;0
392;0
393;1
394;0
395;0
396;1
397;1
398;0
399;0
400;0
401;2
402;0
403;1
404;0
405;0
406;0
407;2
408;2
409;0
410;1
411;1
412;2
413;0
414;0
415;2
416;0
417;0
418;0
419;0
420;0
421;0
422;0
423;0
424;2
425;0
426;0
427;0
428;0
429;0
430;0
431;0
432;0
433;1
434;0
435;0
436;0
437;0
438;0
439;0
440;0
441;1
442;0
443;0
444;0
445;1
446;0
447;0
448;0
449;0
450;2
451;0
452;2
453;2
454;0
455;0
456;0
457;0
458;0
459;0
460;0
461;0
462;0
463;0
464;0
465;2
466;0
467;0
468;0
469;0
470;2
471;0
472;0
473;0
474;0
475;0
476;0
477;2
478;2
479;2
480;2
481;0
482;0
483;0
484;0
485;1
486;2
487;2
488;0
489;0
490;0
491;0
492;0
493;0
494;0
495;2
496;0
497;1
498;0
499;1
500;0
501;1
502;0
503;0
504;0
505;2
506;0
507;2
508;0
509;0
510;0
511;0
512;0
513;0
514;0
515;2
516;2
517;0
518;2
519;0
520;0
521;2
522;0
523;0
524;0
525;2
526;0
527;0
528;0
529;1
530;0
531;0
532;0
533;2
534;1
535;0
536;1
537;0
538;2
539;0
540;0
541;0
542;0
543;0
544;0
545;0
546;2
547;0
548;2
549;0
550;1
551;0
552;0
553;0
554;0
555;0
556;0
557;0
558;0
559;1
560;0
561;0
562;0
563;0
564;0
565;0
566;0
567;0
568;0
569;0
570;1
571;0
572;0
573;0
574;1
575;0
576;1
577;0
578;0
579;1
580;0
581;2
582;2
583;0
584;0
585;0
586;0
587;0
588;0
589;0
590;0
591;0
592;0
593;0
594;0
595;0
596;0
597;0
598;0
599;2
600;1
601;0
602;0
603;0
604;2
605;2
606;0
607;1
608;0
609;0
610;2
611;0
612;0
613;1
614;0
615;0
616;0
617;0
618;0
619;0
620;0
621;0
622;0
623;0
624;0
625;0
626;1
627;0
628;2
629;0
630;0
631;2
632;0
633;0
634;2
635;0
636;0
637;0
638;0
639;0
640;1
641;1
642;0
643;0
644;0
645;0
646;0
647;0
648;2
649;0
650;2
651;2
652;0
653;0
654;2
655;1
656;0
657;0
658;2
659;0
660;0
661;2
662;2
663;0
664;0
665;2
666;1
667;2
668;0
669;0
670;2
671;0
672;0
673;0
674;1
675;0
676;0
677;2
678;2
679;0
680;1
681;0
682;1
683;0
684;0
685;0
686;2
687;0
688;0
689;2
690;0
691;2
692;2
693;1
694;0
695;0
696;0
697;0
698;0
699;0
700;1
701;0
702;0
703;0
704;2
705;0
706;0
707;2
708;1
709;0
710;0
711;0
712;0
713;2
714;1
715;0
716;0
717;0
718;0
719;0
720;1
721;1
722;0
723;0
724;2
725;0
726;0
727;0
728;1
729;0
730;0
731;1
732;0
733;1
734;0
735;0
736;0
737;0
738;0
739;2
740;0
741;0
742;0
743;1
744;2
745;2
746;2
747;0
748;0
749;0
750;0
751;0
752;1
753;0
754;0
755;0
756;1
757;0
758;2
759;2
760;2
761;1
762;0
763;2
764;0
765;0
766;0
767;0
768;0
769;2
770;2
771;0
772;0
773;0
774;1
775;0
776;0
777;1
778;1
779;1
780;0
781;0
782;1
783;0
784;0
785;0
786;0
787;0
788;0
789;0
790;2
791;0
792;0
793;1
794;0
795;2
796;0
797;1
798;1
799;2
800;2
801;0
802;0
803;2
804;0
805;0
806;0
807;0
808;0
809;0
810;0
811;0
812;1
813;0
814;2
815;2
816;2
817;1
818;0
819;1
820;0
821;0
822;0
823;0
824;0
825;1
826;0
827;0
828;0
829;0
830;0
831;2
832;0
833;0
834;0
835;0
836;2
837;0
838;0
839;0
840;1
841;0
842;0
843;1
844;2
845;0
846;0
847;0
848;0
849;0
850;0
851;1
852;0
853;1
854;0
855;0
856;0
857;0
858;0
859;1
860;0
861;0
862;1
863;0
864;0
865;0
866;0
867;0
868;0
869;0
870;0
871;0
872;0
873;0
874;2
875;0
876;0
877;1
878;2
879;0
880;0
881;0
882;2
883;1
884;2
885;0
886;0
887;0
888;0
889;0
890;0
891;0
892;0
893;2
894;0
895;1
896;0
897;0
898;0
899;1
900;0
901;0
902;0
903;2
904;0
905;2
906;0
907;2
908;0
909;0
910;0
911;2
912;1
913;0
914;0
915;0
916;0
917;0
918;2
919;0
920;0
921;0
922;0
923;0
924;2
925;0
926;2
927;2
928;2
929;2
930;1
931;0
932;0
933;0
934;0
935;1
936;0
937;2
938;0
939;1
940;2
941;0
942;2
943;0
944;0
945;0
946;0
947;0
948;0
949;1
950;0
951;0
952;0
953;0
954;0
955;0
956;0
957;0
958;2
959;0
960;1
961;0
962;0
963;1
964;0
965;0
966;1
967;2
968;1
969;0
970;0
971;0
972;0
973;0
974;0
975;0
976;0
977;0
978;0
979;0
980;0
981;1
982;0
983;0
984;0
985;0
986;0
987;0
988;0
989;2
990;0
991;0
992;1
993;2
994;0
995;0
996;0
997;0
998;0
999;0
1000;0
1001;0
1002;0
1003;0
1004;0
1005;2
1006;0
1007;0
1008;1
1009;0
1010;1
1011;0
1012;0
1013;0
1014;0
1015;0
1016;0
1017;0
1018;0
1019;0
1020;0
1021;0
1022;0
1023;0
