0;0
1;0
2;1
3;0
4;0
5;0
6;0
7;0
8;0
9;0
10;0
11;0
12;0
13;0
14;0
15;0
16;0
17;0
18;0
19;0
20;0
21;0
22;0
23;2
24;0
25;0
26;0
27;0
28;0
29;0
30;2
31;2
32;0
33;0
34;0
35;0
36;1
37;0
38;0
39;2
40;0
41;0
42;0
43;0
44;0
45;2
46;2
47;0
48;1
49;0
50;0
51;0
52;1
53;0
54;2
55;0
56;0
57;0
58;2
59;2
60;2
61;0
62;0
63;0
64;0
65;0
66;0
67;0
68;0
69;0
70;0
71;0
72;1
73;0
74;0
75;0
76;0
77;2
78;0
79;1
80;0
81;0
82;0
83;0
84;0
85;0
86;0
87;0
88;2
89;0
90;0
91;0
92;0
93;0
94;2
95;0
96;0
97;1
98;0
99;1
100;2
101;0
102;0
103;0
104;0
105;0
106;0
107;0
108;1
109;0
110;2
111;0
112;0
113;0
114;2
115;2
116;0
117;0
118;1
119;0
120;0
121;0
122;0
123;0
124;0
125;0
126;0
127;0
128;1
129;0
130;2
131;0
132;2
133;0
134;0
135;2
136;0
137;0
138;0
139;0
140;0
141;0
142;0
143;0
144;2
145;0
146;0
147;0
148;0
149;0
150;1
151;1
152;0
153;0
154;0
155;0
156;0
157;0
158;0
159;0
160;2
161;0
162;0
163;2
164;1
165;0
166;0
167;2
168;2
169;0
170;0
171;0
172;0
173;0
174;0
175;0
176;0
177;0
178;0
179;2
180;1
181;0
182;0
183;0
184;2
185;0
186;1
187;0
188;0
189;0
190;1
191;0
192;1
193;0
194;0
195;0
196;0
197;0
198;0
199;0
200;2
201;0
202;0
203;0
204;0
205;0
206;0
207;1
208;0
209;0
210;2
211;0
212;0
213;0
214;0
215;2
216;2
217;0
218;2
219;0
220;2
221;1
222;0
223;1
224;0
225;0
226;0
227;0
228;0
229;2
230;0
231;0
232;0
233;2
234;2
235;0
236;2
237;0
238;0
239;2
240;1
241;0
242;0
243;1
244;0
245;0
246;2
247;1
248;0
249;0
250;0
251;2
252;0
253;2
254;0
255;0
256;0
257;0
258;0
259;2
260;0
261;0
262;1
263;2
264;1
265;0
266;0
267;0
268;0
269;0
270;0
271;2
272;2
273;0
274;0
275;1
276;0
277;0
278;1
279;0
280;2
281;2
282;0
283;0
284;1
285;0
286;0
287;0
288;0
289;0
290;0
291;0
292;1
293;0
294;0
295;0
296;0
297;0
298;1
299;0
300;2
301;0
302;0
303;1
304;0
305;0
306;0
307;0
308;0
309;0
310;0
311;0
312;0
313;0
314;0
315;0
316;1
317;0
318;0
319;0
320;0
321;0
322;1
323;0
324;0
325;0
326;2
327;0
328;1
329;0
330;1
331;0
332;2
333;0
334;1
335;2
336;0
337;0
338;2
339;2
340;0
341;0
342;0
343;0
344;2
345;2
346;0
347;0
348;0
349;0
350;0
351;2
352;0
353;0
354;0
355;0
356;0
357;0
358;0
359;0
360;0
361;0
362;0
363;2
364;0
365;0
366;0
367;1
368;0
369;0
370;0
371;0
372;0
373;0
374;0
375;2
376;0
377;0
378;0
379;2
380;0
381;0
382;2
383;0
384;0
385;0
386;0
387;0
388;0
389;2
390;1
391;0
392;2
393;0
394;0
395;0
396;2
397;2
398;0
399;0
400;0
401;0
402;0
403;0
404;2
405;1
406;0
407;2
408;0
409;0
410;2
411;0
412;0
413;0
414;0
415;2
416;0
417;2
418;0
419;0
420;2
421;0
422;0
423;0
424;0
425;0
426;0
427;2
428;0
429;1
430;2
431;0
432;1
433;0
434;1
435;0
436;2
437;0
438;1
439;2
440;0
441;0
442;1
443;0
444;0
445;0
446;0
447;0
448;0
449;0
450;2
451;2
452;2
453;0
454;1
455;0
456;1
457;0
458;0
459;0
460;0
461;0
462;2
463;2
464;0
465;0
466;2
467;0
468;0
469;0
470;0
471;0
472;0
473;0
474;0
475;2
476;0
477;2
478;2
479;2
480;2
481;0
482;0
483;0
484;2
485;0
486;0
487;2
488;0
489;0
490;2
491;2
492;2
493;2
494;1
495;0
496;1
497;0
498;0
499;0
500;0
501;0
502;0
503;0
504;0
505;0
506;2
507;0
508;0
509;0
510;0
511;1
512;0
513;1
514;0
515;1
516;0
517;0
518;1
519;0
520;2
521;0
522;2
523;0
524;0
525;1
526;0
527;0
528;0
529;2
530;1
531;0
532;2
533;0
534;0
535;0
536;0
537;0
538;0
539;0
540;0
541;0
542;0
543;0
544;1
545;0
546;0
547;2
548;2
549;0
550;0
551;0
552;1
553;0
554;0
555;0
556;0
557;0
558;2
559;0
560;0
561;0
562;0
563;1
564;0
565;0
566;0
567;0
568;0
569;0
570;0
571;0
572;0
573;0
574;2
575;1
576;0
577;0
578;0
579;1
580;0
581;0
582;0
583;1
584;0
585;0
586;0
587;2
588;0
589;2
590;0
591;0
592;0
593;0
594;0
595;2
596;0
597;0
598;0
599;0
600;0
601;0
602;0
603;2
604;1
605;0
606;1
607;0
608;2
609;2
610;2
611;0
612;2
613;1
614;0
615;0
616;0
617;0
618;0
619;0
620;0
621;0
622;0
623;0
624;0
625;1
626;0
627;0
628;0
629;0
630;1
631;0
632;0
633;0
634;0
635;0
636;0
637;0
638;0
639;0
640;2
641;2
642;0
643;0
644;0
645;0
646;0
647;1
648;0
649;0
650;0
651;0
652;0
653;2
654;0
655;0
656;0
657;0
658;2
659;2
660;0
661;0
662;0
663;0
664;0
665;0
666;0
667;0
668;0
669;0
670;1
671;0
672;0
673;0
674;0
675;1
676;0
677;0
678;0
679;2
680;0
681;0
682;0
683;0
684;0
685;1
686;0
687;0
688;0
689;0
690;0
691;2
692;0
693;2
694;0
695;1
696;0
697;0
698;0
699;0
700;0
701;2
702;0
703;0
704;0
705;0
706;2
707;0
708;2
709;0
710;0
711;0
712;0
713;0
714;0
715;0
716;2
717;0
718;0
719;0
720;0
721;2
722;1
723;0
724;2
725;1
726;0
727;0
728;0
729;0
730;0
731;0
732;2
733;0
734;0
735;0
736;0
737;0
738;0
739;1
740;1
741;0
742;2
743;0
744;1
745;0
746;2
747;0
748;0
749;2
750;0
751;0
752;0
753;1
754;0
755;0
756;0
757;0
758;0
759;0
760;0
761;1
762;1
763;0
764;0
765;0
766;0
767;0
768;0
769;0
770;0
771;0
772;0
773;0
774;0
775;2
776;0
777;0
778;0
779;2
780;2
781;0
782;1
783;0
784;0
785;0
786;0
787;0
788;0
789;0
790;1
791;0
792;0
793;0
794;0
795;0
796;0
797;0
798;0
799;1
800;0
801;0
802;0
803;0
804;2
805;2
806;2
807;0
808;0
809;2
810;2
811;0
812;2
813;0
814;0
815;0
816;0
817;0
818;0
819;0
820;0
821;0
822;0
823;0
824;2
825;2
826;0
827;0
828;2
829;1
830;0
831;0
832;0
833;1
834;0
835;1
836;0
837;0
838;1
839;0
840;2
841;1
842;0
843;0
844;0
845;2
846;0
847;2
848;0
849;0
850;1
851;0
852;1
853;1
854;0
855;0
856;0
857;0
858;0
859;0
860;2
861;0
862;2
863;0
864;0
865;0
866;0
867;2
868;0
869;0
870;0
871;1
872;0
873;0
874;0
875;1
876;0
877;0
878;0
879;0
880;1
881;0
882;0
883;0
884;0
885;1
886;0
887;0
888;0
889;0
890;0
891;0
892;1
893;0
894;0
895;0
896;0
897;0
898;1
899;0
900;0
901;0
902;0
903;0
904;0
905;0
906;0
907;1
908;0
909;0
910;0
911;0
912;0
913;0
914;0
915;0
916;0
917;0
918;0
919;0
920;0
921;0
922;0
923;1
924;0
925;1
926;0
927;0
928;0
929;1
930;0
931;2
932;0
933;0
934;1
935;0
936;0
937;0
938;0
939;0
940;0
941;0
942;0
943;0
944;0
945;0
946;0
947;0
948;1
949;0
950;0
951;0
952;0
953;1
954;0
955;0
956;0
957;1
958;0
959;2
960;0
961;0
962;0
963;0
964;0
965;2
966;1
967;0
968;0
969;0
970;0
971;0
972;2
973;0
974;1
975;1
976;0
977;0
978;1
979;0
980;2
981;0
982;0
983;1
984;1
985;0
986;1
987;2
988;0
989;0
990;1
991;0
992;1
993;0
994;0
995;0
996;0
997;0
998;0
999;0
1000;1
1001;0
1002;0
1003;0
1004;0
1005;2
1006;2
1007;0
1008;0
1009;0
1010;0
1011;0
1012;0
1013;1
1014;1
1015;0
1016;0
1017;0
1018;0
1019;0
1020;0
1021;0
1022;0
1023;0
