0;0
1;0
2;0
3;0
4;2
5;0
6;0
7;2
8;2
9;0
10;2
11;0
12;0
13;0
14;1
15;0
16;2
17;0
18;0
19;0
20;1
21;0
22;2
23;0
24;2
25;2
26;2
27;2
28;2
29;0
30;1
31;2
32;0
33;0
34;0
35;0
36;1
37;0
38;0
39;0
40;1
41;0
42;0
43;0
44;1
45;0
46;0
47;0
48;2
49;2
50;2
51;2
52;2
53;0
54;2
55;2
56;0
57;0
58;2
59;2
60;1
61;0
62;0
63;0
64;2
65;0
66;0
67;0
68;0
69;0
70;2
71;0
72;1
73;0
74;1
75;0
76;0
77;0
78;0
79;0
80;0
81;0
82;0
83;0
84;2
85;0
86;0
87;0
88;0
89;0
90;0
91;0
92;0
93;0
94;0
95;0
96;1
97;0
98;0
99;2
100;2
101;0
102;2
103;2
104;2
105;0
106;2
107;0
108;2
109;0
110;0
111;0
112;1
113;0
114;1
115;0
116;2
117;0
118;0
119;1
120;0
121;0
122;0
123;2
124;2
125;0
126;0
127;0
128;0
129;1
130;0
131;1
132;0
133;2
134;0
135;2
136;0
137;0
138;2
139;1
140;0
141;0
142;0
143;0
144;2
145;2
146;2
147;0
148;2
149;0
150;0
151;0
152;2
153;0
154;0
155;0
156;1
157;2
158;0
159;0
160;2
161;0
162;0
163;2
164;1
165;0
166;0
167;0
168;0
169;1
170;0
171;2
172;1
173;0
174;1
175;0
176;0
177;0
178;0
179;0
180;0
181;0
182;2
183;1
184;0
185;0
186;0
187;0
188;4
189;0
190;0
191;1
192;2
193;0
194;2
195;0
196;1
197;0
198;2
199;0
200;0
201;0
202;0
203;2
204;2
205;2
206;0
207;0
208;1
209;0
210;2
211;0
212;0
213;0
214;0
215;0
216;0
217;0
218;0
219;0
220;0
221;0
222;2
223;0
224;0
225;0
226;2
227;0
228;0
229;0
230;0
231;0
232;2
233;0
234;2
235;0
236;0
237;0
238;2
239;1
240;0
241;2
242;1
243;0
244;1
245;0
246;0
247;0
248;0
249;1
250;0
251;1
252;0
253;0
254;0
255;0
256;2
257;0
258;0
259;0
260;0
261;0
262;1
263;0
264;0
265;1
266;0
267;1
268;0
269;0
270;0
271;1
272;0
273;0
274;1
275;0
276;1
277;0
278;0
279;1
280;2
281;1
282;0
283;1
284;2
285;0
286;1
287;0
288;2
289;2
290;2
291;2
292;0
293;0
294;0
295;1
296;0
297;0
298;2
299;0
300;1
301;0
302;0
303;0
304;1
305;0
306;0
307;0
308;0
309;0
310;0
311;2
312;0
313;0
314;0
315;2
316;2
317;0
318;0
319;2
320;1
321;0
322;2
323;1
324;0
325;2
326;0
327;2
328;2
329;0
330;2
331;2
332;0
333;0
334;2
335;0
336;1
337;0
338;0
339;0
340;0
341;0
342;0
343;2
344;2
345;2
346;0
347;0
348;0
349;0
350;0
351;0
352;2
353;0
354;2
355;0
356;2
357;0
358;2
359;2
360;0
361;0
362;1
363;1
364;0
365;0
366;0
367;0
368;0
369;0
370;2
371;2
372;1
373;0
374;0
375;0
376;2
377;0
378;0
379;2
380;2
381;0
382;2
383;0
384;2
385;0
386;0
387;0
388;2
389;2
390;0
391;0
392;0
393;0
394;0
395;0
396;0
397;0
398;0
399;0
400;0
401;2
402;2
403;2
404;1
405;0
406;0
407;0
408;2
409;2
410;2
411;1
412;0
413;0
414;0
415;0
416;0
417;0
418;0
419;0
420;0
421;0
422;1
423;0
424;1
425;0
426;0
427;2
428;2
429;0
430;2
431;2
432;2
433;2
434;2
435;0
436;2
437;0
438;1
439;0
440;2
441;0
442;0
443;0
444;0
445;0
446;1
447;0
448;2
449;0
450;1
451;0
452;0
453;0
454;0
455;1
456;0
457;0
458;1
459;0
460;2
461;2
462;0
463;0
464;0
465;2
466;2
467;0
468;0
469;0
470;2
471;0
472;0
473;0
474;0
475;1
476;0
477;1
478;0
479;2
480;0
481;0
482;2
483;0
484;0
485;0
486;0
487;0
488;0
489;2
490;1
491;0
492;2
493;0
494;0
495;0
496;0
497;0
498;0
499;0
500;1
501;0
502;1
503;0
504;0
505;0
506;0
507;1
508;2
509;0
510;0
511;0
512;1
513;2
514;1
515;0
516;1
517;0
518;1
519;2
520;1
521;0
522;0
523;0
524;1
525;0
526;0
527;2
528;2
529;2
530;1
531;2
532;2
533;0
534;0
535;0
536;2
537;0
538;0
539;0
540;0
541;0
542;0
543;2
544;0
545;0
546;0
547;0
548;0
549;0
550;2
551;0
552;1
553;2
554;0
555;0
556;2
557;0
558;2
559;0
560;2
561;0
562;0
563;2
564;1
565;0
566;0
567;2
568;1
569;0
570;0
571;2
572;0
573;0
574;2
575;1
576;2
577;0
578;2
579;2
580;2
581;1
582;0
583;2
584;2
585;2
586;1
587;0
588;1
589;0
590;2
591;0
592;0
593;0
594;0
595;0
596;1
597;0
598;0
599;0
600;2
601;1
602;0
603;1
604;0
605;0
606;2
607;2
608;1
609;2
610;2
611;1
612;0
613;0
614;2
615;0
616;0
617;2
618;0
619;1
620;0
621;0
622;2
623;2
624;2
625;2
626;0
627;0
628;2
629;2
630;2
631;1
632;0
633;2
634;1
635;0
636;2
637;0
638;0
639;0
640;0
641;0
642;0
643;0
644;0
645;0
646;2
647;0
648;0
649;0
650;2
651;0
652;4
653;0
654;0
655;2
656;0
657;0
658;0
659;2
660;1
661;0
662;2
663;2
664;1
665;0
666;2
667;2
668;2
669;0
670;2
671;0
672;2
673;1
674;0
675;2
676;2
677;2
678;2
679;2
680;0
681;0
682;0
683;0
684;0
685;0
686;0
687;0
688;0
689;0
690;2
691;0
692;0
693;0
694;0
695;0
696;0
697;0
698;0
699;1
700;0
701;0
702;0
703;0
704;0
705;0
706;1
707;0
708;1
709;0
710;0
711;0
712;4
713;0
714;2
715;1
716;0
717;0
718;0
719;0
720;1
721;0
722;0
723;2
724;0
725;0
726;1
727;2
728;2
729;0
730;0
731;1
732;0
733;0
734;1
735;1
736;0
737;0
738;0
739;2
740;1
741;0
742;1
743;1
744;0
745;2
746;0
747;0
748;0
749;0
750;2
751;2
752;1
753;0
754;0
755;2
756;0
757;0
758;1
759;0
760;2
761;2
762;2
763;0
764;0
765;0
766;0
767;0
768;1
769;1
770;0
771;0
772;0
773;2
774;1
775;0
776;2
777;0
778;0
779;0
780;0
781;1
782;0
783;1
784;0
785;0
786;0
787;0
788;0
789;0
790;0
791;0
792;0
793;0
794;0
795;1
796;0
797;0
798;0
799;0
800;1
801;0
802;0
803;1
804;0
805;0
806;0
807;2
808;4
809;0
810;0
811;2
812;2
813;0
814;0
815;0
816;1
817;0
818;0
819;2
820;1
821;1
822;0
823;1
824;0
825;0
826;1
827;2
828;1
829;0
830;0
831;0
832;0
833;1
834;1
835;0
836;0
837;0
838;0
839;0
840;0
841;2
842;0
843;0
844;0
845;0
846;2
847;1
848;0
849;0
850;2
851;1
852;0
853;1
854;0
855;2
856;2
857;0
858;0
859;2
860;2
861;0
862;2
863;0
864;1
865;0
866;1
867;0
868;1
869;0
870;2
871;0
872;2
873;1
874;1
875;0
876;0
877;0
878;1
879;0
880;1
881;0
882;1
883;0
884;0
885;0
886;0
887;0
888;0
889;0
890;0
891;2
892;2
893;2
894;0
895;0
896;0
897;0
898;2
899;1
900;0
901;0
902;0
903;2
904;4
905;0
906;2
907;0
908;0
909;0
910;1
911;2
912;1
913;0
914;0
915;0
916;2
917;0
918;0
919;0
920;0
921;0
922;0
923;0
924;0
925;2
926;1
927;0
928;0
929;0
930;1
931;0
932;0
933;0
934;0
935;0
936;2
937;0
938;0
939;0
940;0
941;0
942;2
943;1
944;0
945;0
946;0
947;0
948;2
949;0
950;2
951;1
952;0
953;0
954;0
955;0
956;0
957;0
958;2
959;0
960;0
961;0
962;1
963;1
964;0
965;0
966;1
967;0
968;2
969;0
970;0
971;0
972;0
973;0
974;0
975;1
976;0
977;0
978;0
979;0
980;0
981;2
982;0
983;2
984;2
985;0
986;0
987;0
988;0
989;0
990;0
991;1
992;0
993;0
994;2
995;2
996;2
997;0
998;2
999;2
1000;2
1001;0
1002;2
1003;0
1004;2
1005;0
1006;0
1007;0
1008;2
1009;0
1010;0
1011;0
1012;0
1013;1
1014;0
1015;1
1016;0
1017;0
1018;0
1019;0
1020;0
1021;0
1022;0
1023;0
