0;1
1;0
2;0
3;2
4;4
5;0
6;2
7;2
8;2
9;0
10;2
11;1
12;1
13;0
14;2
15;1
16;0
17;0
18;2
19;2
20;2
21;0
22;1
23;0
24;2
25;0
26;0
27;0
28;0
29;0
30;2
31;2
32;0
33;0
34;0
35;0
36;0
37;2
38;0
39;0
40;4
41;0
42;0
43;0
44;0
45;0
46;0
47;2
48;2
49;0
50;0
51;2
52;1
53;0
54;0
55;0
56;1
57;0
58;2
59;2
60;2
61;0
62;0
63;2
64;1
65;0
66;0
67;0
68;0
69;2
70;1
71;0
72;2
73;0
74;0
75;2
76;1
77;0
78;2
79;0
80;4
81;0
82;0
83;0
84;0
85;0
86;0
87;2
88;2
89;2
90;0
91;0
92;2
93;2
94;0
95;0
96;0
97;0
98;0
99;1
100;0
101;0
102;0
103;0
104;2
105;0
106;1
107;0
108;1
109;0
110;0
111;2
112;0
113;0
114;0
115;1
116;4
117;0
118;0
119;0
120;2
121;0
122;2
123;2
124;1
125;1
126;0
127;0
128;0
129;1
130;0
131;0
132;1
133;0
134;0
135;0
136;0
137;0
138;1
139;2
140;1
141;0
142;1
143;0
144;0
145;2
146;0
147;0
148;0
149;0
150;0
151;1
152;0
153;0
154;2
155;0
156;0
157;0
158;2
159;2
160;2
161;0
162;0
163;0
164;0
165;0
166;0
167;0
168;2
169;2
170;0
171;0
172;2
173;2
174;2
175;1
176;0
177;0
178;2
179;1
180;0
181;0
182;0
183;2
184;4
185;0
186;2
187;1
188;2
189;0
190;2
191;0
192;2
193;0
194;0
195;0
196;2
197;0
198;2
199;2
200;0
201;0
202;0
203;0
204;0
205;2
206;1
207;2
208;2
209;0
210;0
211;0
212;0
213;0
214;1
215;2
216;2
217;0
218;2
219;2
220;0
221;0
222;0
223;1
224;0
225;0
226;0
227;0
228;0
229;2
230;2
231;2
232;1
233;0
234;1
235;2
236;1
237;2
238;2
239;2
240;2
241;2
242;0
243;0
244;1
245;0
246;1
247;0
248;4
249;2
250;0
251;2
252;2
253;0
254;0
255;2
256;1
257;0
258;1
259;1
260;0
261;2
262;2
263;0
264;0
265;1
266;0
267;0
268;0
269;0
270;0
271;0
272;0
273;0
274;0
275;0
276;1
277;0
278;0
279;0
280;2
281;0
282;0
283;0
284;0
285;2
286;0
287;2
288;0
289;0
290;0
291;0
292;2
293;0
294;0
295;0
296;0
297;0
298;1
299;0
300;0
301;0
302;0
303;0
304;0
305;0
306;0
307;2
308;2
309;0
310;0
311;0
312;0
313;1
314;0
315;0
316;0
317;1
318;0
319;0
320;1
321;2
322;1
323;4
324;2
325;0
326;0
327;2
328;1
329;0
330;2
331;2
332;1
333;0
334;0
335;2
336;4
337;0
338;2
339;2
340;2
341;0
342;0
343;0
344;1
345;0
346;2
347;2
348;1
349;0
350;0
351;0
352;0
353;1
354;2
355;2
356;2
357;0
358;0
359;0
360;2
361;0
362;0
363;2
364;0
365;0
366;0
367;0
368;0
369;0
370;0
371;0
372;2
373;1
374;0
375;0
376;0
377;1
378;0
379;2
380;1
381;0
382;0
383;0
384;0
385;0
386;2
387;2
388;4
389;0
390;0
391;1
392;0
393;2
394;0
395;2
396;1
397;0
398;2
399;1
400;0
401;0
402;0
403;2
404;2
405;2
406;2
407;2
408;2
409;1
410;2
411;2
412;1
413;0
414;2
415;2
416;0
417;1
418;0
419;2
420;0
421;0
422;1
423;2
424;0
425;4
426;2
427;2
428;1
429;2
430;1
431;0
432;2
433;1
434;0
435;2
436;1
437;0
438;0
439;0
440;0
441;0
442;0
443;2
444;2
445;0
446;1
447;0
448;0
449;2
450;0
451;2
452;1
453;2
454;0
455;0
456;2
457;0
458;2
459;1
460;0
461;0
462;0
463;2
464;1
465;0
466;0
467;0
468;0
469;0
470;0
471;2
472;2
473;1
474;0
475;0
476;2
477;0
478;2
479;0
480;0
481;2
482;0
483;0
484;1
485;1
486;0
487;0
488;0
489;1
490;0
491;2
492;2
493;0
494;0
495;2
496;0
497;0
498;0
499;0
500;2
501;0
502;0
503;0
504;2
505;1
506;0
507;0
508;2
509;0
510;2
511;0
512;2
513;0
514;0
515;0
516;0
517;0
518;0
519;0
520;2
521;0
522;0
523;0
524;2
525;0
526;0
527;2
528;0
529;0
530;0
531;0
532;0
533;0
534;0
535;2
536;0
537;0
538;0
539;0
540;1
541;0
542;0
543;0
544;0
545;0
546;2
547;0
548;0
549;1
550;0
551;0
552;0
553;0
554;0
555;0
556;1
557;0
558;0
559;0
560;0
561;0
562;0
563;2
564;2
565;0
566;0
567;2
568;0
569;0
570;2
571;2
572;1
573;0
574;0
575;2
576;4
577;0
578;2
579;2
580;2
581;0
582;2
583;0
584;1
585;0
586;0
587;1
588;0
589;2
590;1
591;0
592;1
593;0
594;0
595;0
596;0
597;0
598;1
599;0
600;1
601;0
602;1
603;0
604;1
605;0
606;0
607;0
608;0
609;0
610;1
611;0
612;0
613;0
614;0
615;1
616;0
617;0
618;2
619;0
620;0
621;0
622;2
623;2
624;1
625;0
626;0
627;2
628;4
629;2
630;2
631;2
632;2
633;0
634;2
635;0
636;1
637;0
638;0
639;0
640;0
641;1
642;0
643;0
644;0
645;0
646;0
647;0
648;0
649;0
650;0
651;2
652;0
653;2
654;2
655;0
656;4
657;2
658;2
659;0
660;2
661;0
662;0
663;2
664;1
665;0
666;0
667;2
668;1
669;0
670;0
671;2
672;4
673;0
674;2
675;2
676;0
677;0
678;0
679;0
680;2
681;2
682;1
683;0
684;0
685;0
686;0
687;1
688;0
689;0
690;0
691;0
692;0
693;0
694;0
695;0
696;0
697;2
698;2
699;1
700;0
701;0
702;1
703;0
704;1
705;1
706;0
707;2
708;4
709;0
710;2
711;2
712;2
713;1
714;1
715;0
716;2
717;1
718;0
719;2
720;2
721;2
722;2
723;0
724;1
725;0
726;0
727;0
728;2
729;0
730;0
731;0
732;0
733;0
734;0
735;0
736;4
737;0
738;1
739;0
740;1
741;0
742;0
743;2
744;1
745;0
746;1
747;0
748;0
749;0
750;2
751;2
752;1
753;0
754;0
755;1
756;0
757;2
758;0
759;0
760;0
761;1
762;0
763;0
764;1
765;0
766;0
767;0
768;0
769;0
770;0
771;2
772;2
773;2
774;1
775;0
776;1
777;0
778;0
779;1
780;0
781;2
782;1
783;0
784;0
785;2
786;0
787;0
788;1
789;0
790;0
791;2
792;1
793;0
794;1
795;0
796;2
797;0
798;0
799;1
800;0
801;1
802;0
803;1
804;0
805;2
806;0
807;0
808;0
809;0
810;2
811;1
812;0
813;0
814;2
815;0
816;1
817;0
818;2
819;0
820;0
821;2
822;1
823;0
824;2
825;0
826;0
827;0
828;2
829;2
830;2
831;2
832;2
833;2
834;2
835;0
836;1
837;1
838;0
839;0
840;2
841;0
842;0
843;2
844;4
845;0
846;0
847;0
848;0
849;0
850;0
851;2
852;4
853;2
854;1
855;0
856;2
857;0
858;0
859;2
860;2
861;0
862;0
863;0
864;1
865;1
866;1
867;0
868;0
869;0
870;0
871;2
872;0
873;0
874;1
875;0
876;1
877;0
878;0
879;0
880;4
881;0
882;2
883;2
884;2
885;0
886;2
887;0
888;2
889;0
890;0
891;2
892;0
893;2
894;0
895;0
896;1
897;2
898;0
899;0
900;0
901;0
902;2
903;0
904;0
905;0
906;0
907;1
908;0
909;0
910;0
911;1
912;0
913;0
914;0
915;2
916;1
917;0
918;0
919;0
920;1
921;0
922;0
923;1
924;0
925;2
926;0
927;2
928;1
929;0
930;1
931;1
932;2
933;1
934;0
935;0
936;1
937;0
938;0
939;0
940;2
941;0
942;0
943;2
944;1
945;0
946;1
947;0
948;1
949;0
950;0
951;2
952;1
953;0
954;0
955;0
956;0
957;0
958;0
959;0
960;2
961;0
962;0
963;1
964;1
965;0
966;0
967;2
968;0
969;0
970;0
971;2
972;2
973;0
974;0
975;0
976;0
977;1
978;0
979;1
980;0
981;0
982;0
983;0
984;0
985;2
986;2
987;2
988;0
989;0
990;0
991;0
992;0
993;0
994;0
995;0
996;1
997;0
998;2
999;0
1000;2
1001;0
1002;0
1003;0
1004;2
1005;0
1006;0
1007;0
1008;0
1009;0
1010;0
1011;0
1012;1
1013;0
1014;0
1015;0
1016;0
1017;0
1018;0
1019;0
1020;0
1021;0
1022;0
1023;0
