0;0
1;0
2;0
3;0
4;2
5;0
6;2
7;1
8;2
9;0
10;2
11;2
12;2
13;0
14;2
15;2
16;1
17;1
18;0
19;0
20;0
21;0
22;0
23;0
24;0
25;0
26;0
27;2
28;0
29;0
30;0
31;0
32;1
33;0
34;0
35;2
36;0
37;2
38;0
39;0
40;2
41;0
42;0
43;0
44;0
45;0
46;0
47;0
48;0
49;0
50;0
51;0
52;2
53;0
54;1
55;1
56;0
57;0
58;2
59;0
60;1
61;0
62;0
63;1
64;0
65;0
66;0
67;0
68;0
69;1
70;0
71;0
72;0
73;0
74;0
75;0
76;0
77;0
78;0
79;0
80;1
81;0
82;0
83;0
84;1
85;0
86;1
87;0
88;0
89;2
90;0
91;0
92;0
93;2
94;0
95;0
96;0
97;0
98;1
99;1
100;0
101;0
102;0
103;1
104;0
105;0
106;0
107;2
108;2
109;0
110;2
111;0
112;2
113;0
114;2
115;0
116;0
117;0
118;0
119;1
120;0
121;0
122;0
123;0
124;0
125;0
126;0
127;1
128;0
129;2
130;1
131;0
132;1
133;1
134;2
135;0
136;0
137;0
138;1
139;0
140;2
141;1
142;1
143;0
144;1
145;0
146;0
147;0
148;1
149;0
150;0
151;0
152;2
153;0
154;0
155;2
156;0
157;0
158;2
159;0
160;0
161;0
162;2
163;1
164;0
165;0
166;0
167;0
168;1
169;0
170;1
171;2
172;2
173;0
174;0
175;0
176;0
177;2
178;2
179;0
180;0
181;2
182;0
183;0
184;1
185;0
186;0
187;0
188;0
189;2
190;2
191;2
192;1
193;0
194;2
195;2
196;4
197;0
198;2
199;2
200;2
201;0
202;0
203;0
204;1
205;0
206;0
207;0
208;0
209;0
210;0
211;0
212;0
213;1
214;0
215;0
216;0
217;1
218;0
219;1
220;1
221;0
222;0
223;0
224;0
225;0
226;0
227;1
228;0
229;0
230;2
231;0
232;2
233;2
234;0
235;0
236;0
237;0
238;0
239;0
240;1
241;0
242;2
243;2
244;0
245;0
246;0
247;0
248;4
249;0
250;0
251;0
252;0
253;0
254;2
255;0
256;2
257;0
258;0
259;1
260;0
261;0
262;0
263;0
264;2
265;0
266;2
267;2
268;0
269;1
270;0
271;0
272;0
273;0
274;0
275;0
276;0
277;0
278;0
279;0
280;0
281;0
282;0
283;0
284;0
285;0
286;2
287;0
288;1
289;0
290;0
291;2
292;1
293;0
294;0
295;2
296;1
297;0
298;0
299;0
300;2
301;0
302;0
303;0
304;1
305;0
306;0
307;0
308;1
309;0
310;0
311;0
312;0
313;2
314;1
315;0
316;0
317;1
318;0
319;0
320;0
321;2
322;1
323;0
324;0
325;2
326;0
327;0
328;0
329;1
330;0
331;0
332;0
333;2
334;2
335;2
336;0
337;0
338;1
339;0
340;2
341;0
342;0
343;2
344;0
345;0
346;0
347;2
348;0
349;0
350;2
351;2
352;0
353;0
354;0
355;0
356;1
357;2
358;2
359;0
360;1
361;0
362;0
363;0
364;4
365;0
366;0
367;0
368;0
369;0
370;0
371;0
372;1
373;0
374;0
375;0
376;1
377;2
378;0
379;0
380;0
381;0
382;0
383;0
384;0
385;0
386;0
387;0
388;0
389;0
390;0
391;0
392;0
393;0
394;1
395;2
396;0
397;0
398;0
399;0
400;0
401;0
402;1
403;0
404;0
405;0
406;0
407;1
408;2
409;0
410;0
411;0
412;0
413;1
414;0
415;0
416;2
417;2
418;0
419;1
420;0
421;2
422;0
423;2
424;0
425;0
426;0
427;1
428;0
429;0
430;2
431;0
432;0
433;1
434;0
435;0
436;0
437;0
438;1
439;0
440;2
441;0
442;0
443;2
444;1
445;0
446;2
447;0
448;0
449;0
450;1
451;0
452;0
453;0
454;0
455;0
456;1
457;0
458;0
459;0
460;2
461;1
462;0
463;0
464;0
465;2
466;0
467;0
468;0
469;0
470;0
471;0
472;0
473;0
474;0
475;2
476;0
477;0
478;0
479;0
480;0
481;0
482;2
483;0
484;1
485;0
486;0
487;0
488;2
489;0
490;2
491;1
492;0
493;0
494;2
495;0
496;2
497;0
498;2
499;0
500;0
501;1
502;0
503;2
504;2
505;2
506;2
507;2
508;2
509;0
510;0
511;0
512;2
513;2
514;1
515;0
516;0
517;0
518;2
519;0
520;1
521;0
522;0
523;2
524;2
525;0
526;0
527;0
528;0
529;0
530;1
531;0
532;1
533;0
534;0
535;2
536;2
537;0
538;2
539;0
540;0
541;0
542;2
543;0
544;0
545;2
546;0
547;0
548;1
549;0
550;1
551;2
552;0
553;0
554;0
555;0
556;0
557;2
558;0
559;1
560;0
561;0
562;0
563;0
564;0
565;0
566;2
567;2
568;0
569;0
570;1
571;0
572;0
573;0
574;0
575;0
576;1
577;0
578;2
579;2
580;0
581;0
582;2
583;2
584;1
585;0
586;0
587;0
588;0
589;2
590;2
591;0
592;0
593;0
594;2
595;0
596;1
597;0
598;0
599;0
600;2
601;2
602;0
603;0
604;2
605;0
606;0
607;0
608;2
609;2
610;0
611;0
612;2
613;0
614;2
615;2
616;1
617;2
618;0
619;1
620;1
621;1
622;0
623;2
624;1
625;0
626;0
627;0
628;1
629;0
630;0
631;0
632;2
633;0
634;0
635;2
636;2
637;0
638;2
639;0
640;1
641;0
642;0
643;0
644;0
645;1
646;0
647;1
648;0
649;0
650;1
651;0
652;0
653;0
654;2
655;0
656;0
657;0
658;0
659;2
660;0
661;0
662;2
663;0
664;2
665;1
666;0
667;0
668;1
669;0
670;1
671;0
672;1
673;0
674;2
675;0
676;0
677;0
678;0
679;2
680;1
681;2
682;2
683;2
684;0
685;0
686;0
687;0
688;1
689;0
690;0
691;0
692;2
693;0
694;0
695;2
696;2
697;0
698;0
699;0
700;2
701;0
702;0
703;0
704;0
705;0
706;1
707;0
708;0
709;2
710;0
711;0
712;0
713;0
714;2
715;0
716;2
717;1
718;0
719;0
720;1
721;0
722;0
723;2
724;2
725;0
726;0
727;1
728;0
729;0
730;2
731;0
732;2
733;2
734;0
735;0
736;0
737;0
738;0
739;0
740;1
741;2
742;1
743;0
744;0
745;0
746;0
747;0
748;2
749;2
750;0
751;0
752;1
753;0
754;2
755;2
756;0
757;1
758;0
759;0
760;0
761;1
762;2
763;0
764;0
765;0
766;2
767;0
768;0
769;0
770;0
771;1
772;2
773;2
774;2
775;1
776;0
777;0
778;2
779;0
780;0
781;1
782;1
783;0
784;0
785;1
786;0
787;0
788;0
789;0
790;1
791;1
792;0
793;1
794;1
795;0
796;0
797;0
798;0
799;0
800;0
801;1
802;1
803;0
804;1
805;0
806;2
807;0
808;2
809;0
810;1
811;1
812;1
813;0
814;0
815;0
816;0
817;0
818;0
819;1
820;0
821;0
822;0
823;1
824;1
825;0
826;0
827;2
828;2
829;0
830;2
831;0
832;0
833;0
834;1
835;2
836;2
837;0
838;0
839;0
840;2
841;1
842;1
843;0
844;0
845;0
846;0
847;0
848;0
849;0
850;0
851;2
852;0
853;0
854;0
855;2
856;0
857;0
858;0
859;0
860;0
861;0
862;0
863;0
864;2
865;0
866;0
867;0
868;0
869;0
870;0
871;1
872;0
873;0
874;0
875;2
876;2
877;0
878;0
879;0
880;0
881;0
882;2
883;0
884;0
885;0
886;0
887;1
888;0
889;0
890;0
891;0
892;0
893;1
894;0
895;2
896;2
897;2
898;0
899;2
900;0
901;0
902;0
903;0
904;2
905;2
906;1
907;0
908;0
909;2
910;0
911;0
912;1
913;0
914;0
915;0
916;1
917;0
918;2
919;2
920;0
921;0
922;0
923;0
924;0
925;0
926;2
927;2
928;0
929;0
930;0
931;0
932;0
933;0
934;0
935;0
936;2
937;2
938;2
939;0
940;1
941;0
942;0
943;0
944;0
945;0
946;0
947;1
948;0
949;2
950;0
951;0
952;0
953;0
954;0
955;0
956;0
957;0
958;0
959;0
960;0
961;0
962;0
963;0
964;0
965;0
966;0
967;0
968;1
969;0
970;0
971;2
972;2
973;2
974;2
975;1
976;0
977;0
978;0
979;2
980;2
981;0
982;0
983;0
984;0
985;0
986;0
987;0
988;0
989;0
990;2
991;0
992;0
993;0
994;1
995;2
996;0
997;0
998;2
999;0
1000;0
1001;0
1002;2
1003;2
1004;0
1005;0
1006;0
1007;0
1008;2
1009;0
1010;0
1011;0
1012;0
1013;0
1014;0
1015;1
1016;0
1017;0
1018;0
1019;0
1020;0
1021;0
1022;0
1023;0
