0;0
1;0
2;1
3;0
4;2
5;0
6;0
7;1
8;0
9;0
10;2
11;0
12;0
13;0
14;2
15;1
16;2
17;1
18;0
19;0
20;1
21;0
22;0
23;0
24;2
25;0
26;0
27;0
28;2
29;2
30;2
31;1
32;0
33;0
34;0
35;0
36;0
37;0
38;0
39;0
40;0
41;0
42;1
43;0
44;0
45;0
46;0
47;0
48;0
49;2
50;1
51;1
52;2
53;0
54;0
55;0
56;2
57;2
58;0
59;0
60;0
61;2
62;0
63;2
64;1
65;0
66;0
67;0
68;0
69;0
70;0
71;0
72;0
73;0
74;0
75;0
76;0
77;0
78;0
79;0
80;0
81;0
82;1
83;0
84;0
85;0
86;0
87;0
88;1
89;0
90;0
91;0
92;1
93;0
94;0
95;2
96;0
97;0
98;2
99;0
100;2
101;0
102;2
103;0
104;1
105;2
106;1
107;1
108;0
109;0
110;0
111;2
112;0
113;0
114;0
115;2
116;0
117;2
118;1
119;0
120;2
121;0
122;1
123;0
124;1
125;0
126;0
127;0
128;0
129;0
130;0
131;1
132;0
133;0
134;0
135;1
136;0
137;0
138;0
139;1
140;2
141;0
142;2
143;1
144;0
145;0
146;0
147;0
148;4
149;0
150;0
151;0
152;0
153;0
154;0
155;0
156;1
157;0
158;0
159;0
160;2
161;1
162;0
163;1
164;2
165;1
166;0
167;0
168;2
169;0
170;0
171;0
172;0
173;0
174;0
175;0
176;0
177;1
178;0
179;1
180;0
181;0
182;0
183;0
184;0
185;1
186;2
187;0
188;2
189;0
190;0
191;0
192;0
193;0
194;1
195;0
196;0
197;1
198;0
199;0
200;2
201;0
202;1
203;0
204;0
205;0
206;0
207;2
208;0
209;0
210;2
211;2
212;2
213;0
214;0
215;0
216;0
217;0
218;1
219;0
220;2
221;0
222;2
223;2
224;1
225;2
226;2
227;0
228;0
229;0
230;0
231;2
232;2
233;2
234;2
235;0
236;0
237;2
238;0
239;2
240;2
241;1
242;0
243;0
244;0
245;1
246;0
247;1
248;0
249;0
250;0
251;0
252;2
253;1
254;0
255;0
256;0
257;0
258;0
259;0
260;2
261;0
262;0
263;1
264;2
265;0
266;2
267;0
268;0
269;0
270;0
271;2
272;0
273;0
274;0
275;0
276;0
277;0
278;1
279;0
280;0
281;0
282;0
283;0
284;0
285;0
286;0
287;1
288;0
289;0
290;2
291;0
292;0
293;0
294;0
295;0
296;0
297;1
298;0
299;0
300;1
301;0
302;0
303;0
304;0
305;2
306;1
307;0
308;1
309;0
310;2
311;2
312;1
313;0
314;0
315;0
316;2
317;0
318;2
319;0
320;0
321;0
322;0
323;0
324;0
325;0
326;0
327;2
328;1
329;0
330;2
331;1
332;0
333;0
334;2
335;0
336;2
337;0
338;1
339;0
340;0
341;0
342;0
343;0
344;0
345;0
346;0
347;0
348;0
349;0
350;1
351;0
352;1
353;2
354;2
355;2
356;2
357;0
358;0
359;0
360;0
361;1
362;0
363;1
364;0
365;0
366;0
367;0
368;0
369;0
370;0
371;1
372;0
373;0
374;0
375;2
376;2
377;0
378;2
379;2
380;2
381;0
382;0
383;0
384;2
385;0
386;0
387;0
388;0
389;0
390;2
391;0
392;0
393;0
394;0
395;0
396;0
397;0
398;0
399;0
400;0
401;0
402;0
403;1
404;0
405;0
406;2
407;0
408;0
409;1
410;0
411;0
412;0
413;2
414;0
415;0
416;0
417;0
418;0
419;2
420;0
421;0
422;0
423;2
424;0
425;0
426;0
427;2
428;2
429;0
430;2
431;0
432;0
433;0
434;1
435;0
436;0
437;0
438;0
439;1
440;0
441;0
442;0
443;0
444;1
445;0
446;0
447;2
448;0
449;0
450;0
451;0
452;0
453;0
454;0
455;0
456;0
457;1
458;0
459;0
460;0
461;0
462;0
463;2
464;0
465;0
466;0
467;0
468;0
469;2
470;0
471;0
472;1
473;0
474;2
475;0
476;0
477;0
478;0
479;0
480;1
481;0
482;0
483;0
484;2
485;0
486;0
487;0
488;0
489;0
490;0
491;0
492;0
493;0
494;0
495;0
496;0
497;0
498;1
499;0
500;0
501;0
502;1
503;0
504;2
505;0
506;0
507;0
508;2
509;0
510;2
511;0
512;0
513;0
514;1
515;0
516;1
517;0
518;0
519;0
520;0
521;0
522;0
523;0
524;1
525;2
526;2
527;2
528;2
529;2
530;0
531;0
532;2
533;0
534;0
535;0
536;0
537;0
538;0
539;2
540;0
541;1
542;0
543;2
544;0
545;0
546;0
547;0
548;0
549;1
550;0
551;1
552;0
553;0
554;1
555;0
556;1
557;0
558;0
559;0
560;0
561;0
562;0
563;0
564;1
565;0
566;0
567;0
568;0
569;0
570;0
571;1
572;0
573;0
574;1
575;2
576;1
577;0
578;0
579;0
580;1
581;0
582;2
583;0
584;0
585;0
586;0
587;0
588;0
589;2
590;0
591;1
592;0
593;2
594;2
595;0
596;2
597;0
598;0
599;0
600;1
601;2
602;0
603;1
604;0
605;0
606;0
607;0
608;0
609;0
610;0
611;0
612;0
613;0
614;0
615;1
616;2
617;1
618;0
619;0
620;0
621;0
622;0
623;2
624;2
625;1
626;0
627;0
628;0
629;2
630;1
631;0
632;0
633;0
634;0
635;0
636;1
637;0
638;0
639;2
640;1
641;0
642;2
643;0
644;0
645;0
646;1
647;0
648;0
649;1
650;0
651;1
652;0
653;0
654;0
655;0
656;0
657;0
658;0
659;1
660;1
661;0
662;0
663;1
664;0
665;0
666;0
667;0
668;0
669;0
670;0
671;2
672;1
673;0
674;0
675;0
676;0
677;0
678;0
679;0
680;0
681;0
682;0
683;0
684;0
685;0
686;0
687;0
688;0
689;0
690;0
691;0
692;0
693;0
694;0
695;0
696;2
697;2
698;0
699;0
700;0
701;0
702;0
703;0
704;2
705;0
706;1
707;2
708;0
709;0
710;1
711;0
712;0
713;2
714;1
715;0
716;0
717;0
718;0
719;1
720;0
721;0
722;1
723;0
724;1
725;0
726;0
727;1
728;0
729;0
730;0
731;0
732;1
733;0
734;0
735;0
736;0
737;0
738;0
739;0
740;1
741;0
742;0
743;1
744;0
745;0
746;0
747;0
748;0
749;0
750;2
751;2
752;2
753;0
754;2
755;2
756;1
757;0
758;1
759;0
760;0
761;0
762;0
763;0
764;0
765;0
766;0
767;0
768;0
769;0
770;1
771;0
772;0
773;0
774;0
775;0
776;2
777;0
778;2
779;0
780;2
781;0
782;0
783;0
784;0
785;0
786;0
787;2
788;0
789;0
790;0
791;2
792;1
793;0
794;2
795;0
796;2
797;0
798;0
799;0
800;0
801;0
802;0
803;1
804;0
805;0
806;0
807;0
808;0
809;0
810;0
811;0
812;0
813;0
814;0
815;0
816;0
817;0
818;2
819;2
820;2
821;2
822;0
823;2
824;0
825;0
826;2
827;0
828;0
829;0
830;0
831;0
832;0
833;1
834;0
835;1
836;0
837;0
838;0
839;0
840;2
841;0
842;1
843;0
844;0
845;0
846;4
847;0
848;0
849;0
850;1
851;0
852;0
853;2
854;1
855;0
856;1
857;0
858;0
859;0
860;1
861;2
862;1
863;2
864;0
865;0
866;1
867;0
868;0
869;0
870;0
871;2
872;0
873;0
874;0
875;0
876;0
877;1
878;0
879;0
880;2
881;1
882;0
883;2
884;0
885;0
886;2
887;2
888;2
889;0
890;0
891;0
892;0
893;0
894;0
895;0
896;0
897;1
898;2
899;2
900;0
901;0
902;2
903;0
904;0
905;2
906;0
907;1
908;0
909;1
910;0
911;0
912;2
913;0
914;0
915;0
916;0
917;0
918;0
919;0
920;0
921;1
922;0
923;1
924;0
925;0
926;0
927;0
928;0
929;0
930;0
931;2
932;0
933;2
934;1
935;0
936;0
937;0
938;2
939;2
940;0
941;0
942;0
943;0
944;2
945;2
946;0
947;0
948;1
949;0
950;0
951;0
952;0
953;0
954;2
955;0
956;1
957;0
958;0
959;0
960;0
961;0
962;0
963;0
964;0
965;0
966;2
967;0
968;2
969;1
970;0
971;0
972;1
973;0
974;0
975;0
976;2
977;0
978;2
979;0
980;2
981;0
982;1
983;0
984;0
985;1
986;0
987;0
988;0
989;0
990;1
991;0
992;2
993;1
994;0
995;0
996;1
997;0
998;0
999;0
1000;0
1001;0
1002;0
1003;2
1004;2
1005;0
1006;0
1007;1
1008;2
1009;0
1010;0
1011;0
1012;0
1013;1
1014;0
1015;0
1016;0
1017;0
1018;0
1019;0
1020;0
1021;0
1022;0
1023;0
