0;1
1;0
2;2
3;2
4;1
5;0
6;2
7;1
8;2
9;0
10;0
11;1
12;1
13;0
14;1
15;0
16;0
17;0
18;2
19;2
20;2
21;2
22;0
23;2
24;1
25;0
26;0
27;0
28;2
29;0
30;0
31;2
32;1
33;2
34;2
35;0
36;2
37;1
38;0
39;0
40;0
41;0
42;2
43;0
44;2
45;0
46;0
47;0
48;0
49;2
50;0
51;0
52;2
53;0
54;0
55;0
56;0
57;0
58;0
59;0
60;1
61;1
62;0
63;0
64;0
65;0
66;0
67;2
68;0
69;0
70;0
71;0
72;1
73;0
74;0
75;0
76;2
77;2
78;2
79;2
80;2
81;0
82;0
83;0
84;0
85;0
86;0
87;0
88;1
89;0
90;1
91;2
92;2
93;0
94;1
95;0
96;0
97;0
98;0
99;0
100;2
101;0
102;1
103;0
104;2
105;0
106;0
107;1
108;0
109;0
110;0
111;0
112;0
113;2
114;2
115;2
116;2
117;2
118;0
119;0
120;0
121;2
122;2
123;2
124;2
125;0
126;0
127;0
128;0
129;0
130;2
131;2
132;2
133;0
134;0
135;0
136;0
137;0
138;0
139;0
140;2
141;0
142;2
143;0
144;0
145;0
146;0
147;2
148;0
149;2
150;2
151;0
152;1
153;0
154;1
155;0
156;0
157;0
158;1
159;0
160;0
161;0
162;0
163;0
164;1
165;0
166;0
167;0
168;0
169;0
170;0
171;2
172;2
173;0
174;1
175;0
176;2
177;2
178;2
179;2
180;0
181;0
182;1
183;0
184;0
185;0
186;0
187;0
188;0
189;1
190;0
191;0
192;1
193;0
194;0
195;0
196;2
197;0
198;2
199;0
200;0
201;0
202;0
203;2
204;0
205;0
206;0
207;0
208;0
209;0
210;0
211;0
212;1
213;0
214;0
215;2
216;1
217;2
218;2
219;2
220;1
221;0
222;0
223;0
224;2
225;0
226;1
227;0
228;0
229;2
230;0
231;0
232;0
233;2
234;0
235;0
236;0
237;2
238;0
239;0
240;2
241;0
242;1
243;0
244;0
245;2
246;0
247;2
248;1
249;1
250;1
251;0
252;0
253;0
254;2
255;0
256;0
257;0
258;0
259;0
260;0
261;0
262;1
263;2
264;0
265;2
266;2
267;0
268;0
269;0
270;2
271;2
272;2
273;1
274;1
275;0
276;0
277;0
278;0
279;0
280;0
281;0
282;2
283;1
284;0
285;0
286;0
287;2
288;2
289;0
290;2
291;2
292;0
293;0
294;2
295;0
296;0
297;0
298;2
299;0
300;0
301;0
302;2
303;0
304;2
305;0
306;0
307;0
308;0
309;1
310;0
311;0
312;0
313;0
314;1
315;0
316;0
317;0
318;0
319;0
320;1
321;0
322;2
323;2
324;1
325;0
326;0
327;0
328;0
329;0
330;1
331;0
332;1
333;0
334;0
335;2
336;4
337;0
338;0
339;2
340;0
341;2
342;2
343;2
344;1
345;0
346;0
347;0
348;1
349;1
350;1
351;0
352;2
353;0
354;0
355;2
356;2
357;2
358;0
359;2
360;0
361;1
362;0
363;2
364;2
365;1
366;0
367;2
368;2
369;0
370;1
371;0
372;0
373;0
374;0
375;0
376;0
377;0
378;1
379;0
380;0
381;0
382;2
383;2
384;0
385;0
386;0
387;0
388;0
389;0
390;0
391;0
392;0
393;0
394;0
395;0
396;0
397;0
398;0
399;0
400;0
401;0
402;2
403;0
404;2
405;2
406;0
407;0
408;2
409;0
410;0
411;0
412;1
413;0
414;1
415;0
416;0
417;0
418;0
419;2
420;2
421;1
422;0
423;1
424;0
425;0
426;0
427;0
428;2
429;1
430;0
431;2
432;2
433;0
434;1
435;0
436;0
437;0
438;0
439;0
440;0
441;2
442;0
443;1
444;0
445;0
446;2
447;2
448;1
449;0
450;0
451;2
452;0
453;0
454;0
455;0
456;1
457;1
458;0
459;0
460;0
461;0
462;0
463;0
464;0
465;0
466;2
467;2
468;2
469;0
470;1
471;0
472;0
473;2
474;0
475;0
476;0
477;0
478;1
479;0
480;0
481;0
482;0
483;0
484;1
485;1
486;0
487;0
488;1
489;0
490;1
491;0
492;1
493;0
494;0
495;0
496;0
497;0
498;0
499;0
500;0
501;1
502;0
503;0
504;2
505;2
506;2
507;2
508;2
509;1
510;0
511;0
512;0
513;2
514;2
515;0
516;0
517;0
518;2
519;2
520;0
521;0
522;1
523;0
524;0
525;0
526;0
527;0
528;1
529;0
530;0
531;0
532;0
533;0
534;1
535;0
536;0
537;0
538;0
539;0
540;1
541;0
542;2
543;0
544;0
545;2
546;2
547;2
548;1
549;2
550;2
551;0
552;0
553;1
554;1
555;0
556;0
557;2
558;2
559;2
560;2
561;0
562;2
563;0
564;0
565;0
566;0
567;0
568;0
569;0
570;0
571;0
572;0
573;0
574;2
575;2
576;1
577;0
578;0
579;2
580;4
581;0
582;2
583;0
584;2
585;0
586;2
587;0
588;2
589;0
590;0
591;1
592;0
593;0
594;0
595;0
596;0
597;0
598;0
599;0
600;1
601;0
602;0
603;0
604;1
605;0
606;0
607;0
608;2
609;0
610;0
611;0
612;2
613;0
614;0
615;0
616;2
617;2
618;0
619;0
620;2
621;1
622;1
623;0
624;0
625;0
626;2
627;0
628;0
629;0
630;0
631;2
632;2
633;2
634;0
635;2
636;2
637;1
638;1
639;0
640;1
641;2
642;0
643;0
644;0
645;1
646;2
647;0
648;0
649;0
650;0
651;0
652;2
653;0
654;0
655;0
656;0
657;0
658;0
659;0
660;0
661;0
662;1
663;0
664;0
665;0
666;2
667;0
668;0
669;0
670;0
671;2
672;0
673;0
674;2
675;2
676;0
677;0
678;0
679;0
680;1
681;0
682;0
683;2
684;1
685;0
686;1
687;2
688;0
689;0
690;0
691;1
692;0
693;0
694;0
695;2
696;1
697;0
698;2
699;2
700;2
701;0
702;2
703;0
704;2
705;0
706;0
707;0
708;0
709;0
710;1
711;1
712;0
713;0
714;0
715;0
716;0
717;0
718;0
719;2
720;1
721;0
722;0
723;0
724;0
725;0
726;0
727;0
728;0
729;0
730;0
731;0
732;0
733;2
734;0
735;0
736;0
737;0
738;2
739;0
740;1
741;0
742;1
743;2
744;1
745;0
746;0
747;2
748;4
749;0
750;2
751;2
752;0
753;0
754;2
755;0
756;1
757;0
758;0
759;0
760;0
761;0
762;1
763;0
764;0
765;0
766;2
767;0
768;1
769;0
770;2
771;2
772;4
773;0
774;2
775;2
776;0
777;0
778;0
779;0
780;2
781;0
782;2
783;0
784;0
785;0
786;2
787;2
788;0
789;0
790;0
791;0
792;1
793;0
794;0
795;0
796;0
797;2
798;0
799;2
800;0
801;0
802;0
803;0
804;0
805;2
806;4
807;2
808;0
809;0
810;1
811;0
812;0
813;2
814;2
815;0
816;0
817;0
818;0
819;0
820;0
821;0
822;2
823;1
824;0
825;0
826;0
827;0
828;0
829;0
830;0
831;0
832;0
833;0
834;0
835;0
836;0
837;1
838;0
839;0
840;0
841;2
842;2
843;0
844;2
845;0
846;0
847;0
848;2
849;0
850;0
851;0
852;0
853;0
854;1
855;0
856;2
857;2
858;2
859;2
860;2
861;0
862;0
863;0
864;0
865;2
866;1
867;2
868;1
869;0
870;1
871;2
872;2
873;1
874;1
875;0
876;0
877;0
878;1
879;0
880;0
881;0
882;1
883;0
884;0
885;0
886;0
887;0
888;0
889;2
890;2
891;0
892;0
893;0
894;0
895;0
896;1
897;2
898;0
899;0
900;0
901;2
902;0
903;1
904;0
905;1
906;1
907;0
908;0
909;0
910;2
911;2
912;1
913;0
914;0
915;2
916;2
917;0
918;2
919;2
920;2
921;0
922;0
923;0
924;2
925;1
926;0
927;1
928;0
929;0
930;0
931;0
932;1
933;0
934;2
935;2
936;1
937;0
938;0
939;2
940;2
941;0
942;2
943;0
944;2
945;0
946;2
947;0
948;2
949;0
950;0
951;2
952;0
953;0
954;1
955;0
956;0
957;0
958;0
959;0
960;2
961;2
962;0
963;0
964;0
965;0
966;1
967;0
968;2
969;0
970;0
971;0
972;0
973;0
974;1
975;0
976;2
977;0
978;1
979;0
980;0
981;0
982;2
983;2
984;0
985;0
986;0
987;0
988;2
989;2
990;2
991;2
992;2
993;0
994;0
995;0
996;0
997;0
998;0
999;0
1000;0
1001;0
1002;1
1003;0
1004;0
1005;2
1006;1
1007;0
1008;0
1009;2
1010;2
1011;0
1012;1
1013;1
1014;1
1015;0
1016;0
1017;0
1018;0
1019;0
1020;0
1021;0
1022;0
1023;0
