0;1
1;0
2;0
3;1
4;2
5;0
6;2
7;1
8;2
9;0
10;2
11;0
12;1
13;0
14;0
15;0
16;0
17;1
18;1
19;0
20;2
21;0
22;0
23;0
24;0
25;2
26;1
27;2
28;0
29;0
30;0
31;0
32;1
33;2
34;2
35;2
36;0
37;0
38;0
39;2
40;1
41;0
42;0
43;1
44;1
45;0
46;0
47;2
48;1
49;0
50;0
51;0
52;2
53;0
54;0
55;2
56;2
57;0
58;0
59;2
60;2
61;0
62;0
63;0
64;0
65;0
66;0
67;1
68;0
69;0
70;0
71;2
72;0
73;0
74;0
75;0
76;2
77;2
78;2
79;2
80;0
81;0
82;0
83;0
84;0
85;0
86;0
87;2
88;2
89;1
90;0
91;1
92;1
93;0
94;0
95;0
96;0
97;0
98;0
99;2
100;2
101;0
102;2
103;1
104;0
105;0
106;2
107;2
108;0
109;0
110;1
111;0
112;2
113;2
114;0
115;0
116;0
117;0
118;0
119;0
120;0
121;0
122;0
123;0
124;1
125;0
126;0
127;0
128;2
129;2
130;0
131;2
132;0
133;2
134;2
135;0
136;1
137;0
138;0
139;0
140;0
141;0
142;1
143;0
144;0
145;0
146;0
147;2
148;4
149;2
150;2
151;2
152;0
153;0
154;0
155;0
156;1
157;0
158;0
159;0
160;0
161;1
162;0
163;0
164;0
165;0
166;1
167;1
168;0
169;0
170;0
171;0
172;2
173;2
174;0
175;0
176;0
177;0
178;2
179;0
180;0
181;0
182;0
183;2
184;1
185;0
186;0
187;2
188;2
189;0
190;2
191;2
192;2
193;0
194;0
195;0
196;0
197;0
198;0
199;0
200;0
201;0
202;0
203;0
204;2
205;0
206;0
207;2
208;2
209;0
210;0
211;0
212;0
213;2
214;1
215;0
216;1
217;0
218;1
219;2
220;2
221;0
222;0
223;0
224;2
225;2
226;0
227;0
228;0
229;0
230;0
231;0
232;0
233;2
234;0
235;0
236;0
237;2
238;0
239;2
240;2
241;1
242;1
243;0
244;2
245;0
246;0
247;0
248;1
249;0
250;1
251;0
252;0
253;0
254;0
255;1
256;0
257;0
258;0
259;2
260;4
261;0
262;1
263;2
264;2
265;0
266;2
267;0
268;2
269;2
270;0
271;0
272;0
273;0
274;1
275;2
276;0
277;2
278;2
279;2
280;1
281;0
282;1
283;1
284;1
285;0
286;2
287;2
288;1
289;1
290;0
291;2
292;4
293;0
294;2
295;2
296;2
297;0
298;2
299;0
300;2
301;0
302;0
303;0
304;1
305;0
306;0
307;2
308;0
309;1
310;2
311;2
312;2
313;0
314;2
315;2
316;1
317;0
318;0
319;1
320;0
321;0
322;0
323;0
324;0
325;2
326;2
327;0
328;2
329;0
330;0
331;2
332;2
333;0
334;0
335;0
336;2
337;1
338;0
339;1
340;0
341;1
342;0
343;0
344;0
345;0
346;0
347;0
348;0
349;0
350;2
351;2
352;0
353;0
354;0
355;0
356;1
357;0
358;2
359;2
360;1
361;0
362;0
363;0
364;2
365;0
366;2
367;2
368;2
369;0
370;2
371;0
372;0
373;1
374;0
375;0
376;0
377;1
378;4
379;0
380;0
381;0
382;0
383;0
384;1
385;2
386;1
387;0
388;4
389;2
390;0
391;2
392;2
393;0
394;0
395;0
396;2
397;0
398;1
399;0
400;0
401;0
402;0
403;0
404;1
405;0
406;0
407;0
408;0
409;1
410;0
411;2
412;2
413;0
414;2
415;0
416;0
417;0
418;2
419;0
420;2
421;2
422;0
423;0
424;2
425;2
426;0
427;0
428;1
429;0
430;1
431;0
432;2
433;0
434;0
435;0
436;0
437;0
438;0
439;0
440;0
441;2
442;2
443;2
444;1
445;2
446;0
447;0
448;2
449;1
450;0
451;0
452;0
453;2
454;0
455;0
456;1
457;2
458;0
459;1
460;0
461;0
462;0
463;2
464;1
465;0
466;0
467;2
468;4
469;0
470;2
471;1
472;0
473;0
474;0
475;0
476;1
477;0
478;0
479;0
480;0
481;2
482;0
483;0
484;0
485;0
486;1
487;0
488;1
489;1
490;0
491;2
492;0
493;0
494;0
495;2
496;0
497;1
498;0
499;2
500;2
501;0
502;0
503;0
504;0
505;0
506;2
507;0
508;2
509;0
510;1
511;2
512;0
513;0
514;2
515;0
516;0
517;0
518;0
519;0
520;0
521;0
522;1
523;0
524;0
525;0
526;1
527;0
528;1
529;0
530;0
531;0
532;0
533;0
534;0
535;2
536;1
537;0
538;0
539;2
540;1
541;2
542;1
543;0
544;2
545;0
546;2
547;0
548;2
549;0
550;1
551;0
552;1
553;0
554;0
555;0
556;1
557;0
558;2
559;0
560;0
561;0
562;0
563;0
564;0
565;0
566;0
567;0
568;1
569;0
570;0
571;2
572;0
573;0
574;0
575;2
576;4
577;0
578;2
579;2
580;2
581;0
582;2
583;0
584;4
585;1
586;0
587;2
588;1
589;0
590;0
591;0
592;1
593;0
594;0
595;1
596;0
597;1
598;0
599;2
600;0
601;0
602;2
603;2
604;2
605;0
606;0
607;0
608;1
609;0
610;0
611;0
612;0
613;2
614;2
615;0
616;2
617;2
618;0
619;1
620;0
621;0
622;1
623;0
624;0
625;0
626;2
627;1
628;2
629;1
630;0
631;0
632;0
633;0
634;0
635;0
636;0
637;0
638;2
639;2
640;1
641;0
642;0
643;2
644;2
645;0
646;2
647;2
648;2
649;0
650;0
651;0
652;0
653;0
654;1
655;0
656;0
657;0
658;2
659;2
660;2
661;0
662;0
663;0
664;0
665;0
666;0
667;0
668;1
669;0
670;0
671;2
672;2
673;1
674;2
675;2
676;1
677;1
678;0
679;2
680;0
681;0
682;0
683;0
684;1
685;0
686;2
687;1
688;1
689;0
690;0
691;2
692;2
693;0
694;2
695;1
696;0
697;0
698;2
699;0
700;1
701;0
702;2
703;0
704;1
705;1
706;0
707;1
708;1
709;0
710;2
711;1
712;1
713;0
714;2
715;0
716;2
717;2
718;2
719;2
720;2
721;0
722;2
723;0
724;0
725;2
726;2
727;0
728;2
729;2
730;0
731;0
732;0
733;1
734;0
735;0
736;0
737;0
738;1
739;0
740;0
741;0
742;1
743;0
744;1
745;0
746;0
747;2
748;2
749;0
750;0
751;2
752;2
753;0
754;0
755;0
756;2
757;0
758;0
759;0
760;0
761;1
762;1
763;0
764;0
765;1
766;0
767;0
768;0
769;0
770;0
771;0
772;2
773;0
774;1
775;0
776;1
777;0
778;2
779;0
780;0
781;0
782;0
783;2
784;1
785;0
786;0
787;2
788;4
789;0
790;2
791;1
792;0
793;0
794;0
795;0
796;1
797;0
798;1
799;0
800;0
801;1
802;0
803;0
804;0
805;1
806;0
807;0
808;0
809;1
810;0
811;0
812;0
813;0
814;0
815;2
816;0
817;0
818;1
819;0
820;0
821;0
822;0
823;0
824;0
825;0
826;0
827;0
828;0
829;0
830;0
831;2
832;1
833;0
834;2
835;0
836;0
837;2
838;1
839;1
840;2
841;0
842;1
843;0
844;1
845;0
846;2
847;1
848;0
849;0
850;0
851;2
852;2
853;0
854;0
855;2
856;2
857;0
858;0
859;0
860;0
861;2
862;1
863;0
864;2
865;0
866;2
867;2
868;2
869;0
870;0
871;2
872;0
873;0
874;0
875;0
876;0
877;0
878;1
879;2
880;1
881;0
882;0
883;2
884;4
885;0
886;2
887;1
888;0
889;0
890;0
891;0
892;2
893;2
894;0
895;0
896;0
897;2
898;2
899;0
900;0
901;1
902;0
903;0
904;0
905;0
906;2
907;1
908;2
909;1
910;2
911;0
912;1
913;0
914;0
915;2
916;0
917;0
918;1
919;0
920;1
921;0
922;2
923;0
924;0
925;0
926;0
927;0
928;0
929;2
930;1
931;2
932;1
933;0
934;1
935;0
936;2
937;0
938;0
939;0
940;2
941;0
942;0
943;0
944;0
945;2
946;2
947;1
948;0
949;0
950;0
951;2
952;2
953;0
954;1
955;2
956;2
957;0
958;2
959;0
960;1
961;0
962;0
963;0
964;1
965;1
966;2
967;0
968;0
969;0
970;0
971;2
972;0
973;0
974;2
975;0
976;0
977;0
978;2
979;1
980;1
981;0
982;0
983;2
984;2
985;0
986;2
987;1
988;0
989;0
990;0
991;0
992;1
993;2
994;0
995;2
996;0
997;2
998;0
999;2
1000;1
1001;1
1002;0
1003;2
1004;1
1005;0
1006;0
1007;1
1008;0
1009;0
1010;0
1011;0
1012;0
1013;1
1014;0
1015;1
1016;0
1017;0
1018;0
1019;0
1020;0
1021;0
1022;0
1023;0
