0;2
1;0
2;0
3;2
4;2
5;0
6;1
7;0
8;1
9;0
10;2
11;0
12;0
13;0
14;0
15;0
16;0
17;2
18;0
19;0
20;0
21;2
22;1
23;0
24;1
25;1
26;2
27;2
28;2
29;0
30;0
31;2
32;0
33;0
34;0
35;2
36;0
37;0
38;0
39;0
40;0
41;0
42;1
43;0
44;0
45;1
46;0
47;0
48;1
49;0
50;0
51;0
52;0
53;0
54;0
55;0
56;0
57;1
58;0
59;2
60;1
61;0
62;0
63;0
64;0
65;0
66;0
67;0
68;0
69;2
70;1
71;0
72;0
73;0
74;0
75;0
76;0
77;0
78;0
79;0
80;1
81;0
82;0
83;0
84;1
85;1
86;1
87;0
88;1
89;2
90;2
91;0
92;2
93;0
94;0
95;0
96;2
97;0
98;0
99;0
100;0
101;0
102;1
103;2
104;0
105;0
106;0
107;2
108;0
109;0
110;0
111;0
112;0
113;0
114;0
115;0
116;0
117;0
118;0
119;0
120;0
121;0
122;0
123;0
124;0
125;0
126;0
127;2
128;2
129;0
130;2
131;0
132;2
133;0
134;0
135;0
136;0
137;2
138;2
139;2
140;1
141;0
142;2
143;0
144;0
145;0
146;1
147;2
148;2
149;2
150;2
151;0
152;0
153;0
154;0
155;0
156;1
157;0
158;0
159;2
160;2
161;0
162;0
163;0
164;2
165;0
166;0
167;0
168;0
169;2
170;1
171;0
172;0
173;0
174;0
175;0
176;0
177;0
178;2
179;1
180;0
181;0
182;0
183;2
184;1
185;0
186;0
187;2
188;1
189;0
190;1
191;0
192;0
193;0
194;0
195;1
196;2
197;2
198;2
199;2
200;2
201;0
202;0
203;0
204;0
205;1
206;0
207;0
208;0
209;0
210;1
211;0
212;0
213;0
214;0
215;0
216;1
217;0
218;0
219;0
220;0
221;0
222;2
223;2
224;0
225;0
226;0
227;0
228;0
229;0
230;0
231;0
232;0
233;1
234;0
235;2
236;1
237;0
238;4
239;4
240;0
241;0
242;2
243;1
244;0
245;0
246;2
247;2
248;1
249;0
250;0
251;2
252;2
253;0
254;2
255;2
256;2
257;0
258;2
259;1
260;0
261;0
262;0
263;1
264;1
265;2
266;2
267;1
268;0
269;0
270;0
271;0
272;0
273;0
274;1
275;0
276;1
277;0
278;0
279;0
280;0
281;2
282;1
283;0
284;1
285;0
286;1
287;0
288;1
289;2
290;0
291;0
292;2
293;0
294;0
295;0
296;2
297;0
298;0
299;0
300;0
301;1
302;0
303;0
304;0
305;0
306;0
307;0
308;2
309;0
310;0
311;0
312;0
313;0
314;0
315;0
316;0
317;0
318;0
319;0
320;0
321;0
322;0
323;0
324;1
325;0
326;0
327;0
328;0
329;0
330;0
331;1
332;1
333;0
334;0
335;0
336;2
337;0
338;0
339;0
340;1
341;1
342;0
343;0
344;1
345;0
346;0
347;0
348;0
349;0
350;0
351;2
352;1
353;0
354;2
355;0
356;0
357;0
358;0
359;0
360;2
361;0
362;0
363;0
364;1
365;0
366;1
367;0
368;2
369;2
370;2
371;2
372;1
373;0
374;1
375;0
376;2
377;1
378;0
379;0
380;0
381;0
382;0
383;1
384;1
385;0
386;0
387;0
388;0
389;0
390;2
391;2
392;2
393;2
394;1
395;0
396;0
397;0
398;0
399;1
400;0
401;0
402;0
403;2
404;2
405;0
406;2
407;2
408;2
409;0
410;2
411;0
412;2
413;0
414;0
415;0
416;2
417;0
418;0
419;0
420;2
421;0
422;2
423;0
424;0
425;0
426;0
427;0
428;2
429;1
430;0
431;0
432;2
433;0
434;2
435;2
436;2
437;0
438;0
439;0
440;1
441;2
442;0
443;0
444;0
445;0
446;1
447;0
448;0
449;0
450;2
451;1
452;2
453;0
454;2
455;1
456;0
457;0
458;2
459;2
460;0
461;0
462;0
463;2
464;2
465;0
466;2
467;2
468;2
469;0
470;2
471;0
472;4
473;0
474;2
475;2
476;2
477;1
478;0
479;1
480;2
481;0
482;0
483;0
484;1
485;2
486;2
487;1
488;0
489;2
490;0
491;0
492;1
493;0
494;2
495;0
496;1
497;1
498;0
499;0
500;4
501;2
502;2
503;1
504;0
505;0
506;0
507;0
508;2
509;0
510;0
511;0
512;0
513;0
514;0
515;0
516;0
517;0
518;0
519;0
520;0
521;2
522;0
523;0
524;0
525;0
526;0
527;0
528;0
529;0
530;0
531;0
532;0
533;0
534;0
535;0
536;2
537;0
538;0
539;1
540;0
541;0
542;0
543;0
544;0
545;0
546;2
547;0
548;2
549;2
550;0
551;0
552;0
553;0
554;0
555;0
556;1
557;0
558;0
559;0
560;0
561;0
562;1
563;0
564;0
565;0
566;0
567;0
568;0
569;0
570;1
571;0
572;2
573;2
574;1
575;2
576;0
577;2
578;0
579;0
580;2
581;0
582;2
583;0
584;0
585;2
586;0
587;0
588;0
589;0
590;0
591;0
592;0
593;0
594;0
595;0
596;1
597;0
598;2
599;1
600;0
601;1
602;0
603;2
604;0
605;0
606;0
607;0
608;2
609;0
610;1
611;0
612;2
613;0
614;0
615;0
616;0
617;0
618;0
619;0
620;0
621;0
622;0
623;0
624;0
625;0
626;2
627;1
628;0
629;0
630;0
631;0
632;0
633;0
634;2
635;2
636;2
637;0
638;0
639;0
640;0
641;2
642;0
643;0
644;1
645;0
646;2
647;2
648;1
649;0
650;0
651;2
652;4
653;1
654;0
655;0
656;0
657;0
658;0
659;0
660;2
661;0
662;2
663;0
664;0
665;0
666;0
667;0
668;0
669;0
670;0
671;2
672;0
673;2
674;1
675;0
676;2
677;0
678;0
679;0
680;0
681;0
682;0
683;0
684;2
685;2
686;0
687;0
688;4
689;0
690;0
691;0
692;2
693;0
694;2
695;0
696;1
697;0
698;0
699;0
700;2
701;0
702;0
703;0
704;1
705;0
706;0
707;2
708;0
709;2
710;0
711;2
712;2
713;0
714;2
715;2
716;0
717;0
718;0
719;0
720;1
721;0
722;0
723;0
724;0
725;0
726;0
727;0
728;2
729;0
730;0
731;0
732;0
733;0
734;0
735;1
736;0
737;0
738;0
739;0
740;1
741;0
742;0
743;2
744;1
745;0
746;2
747;1
748;0
749;0
750;0
751;0
752;1
753;0
754;0
755;0
756;0
757;0
758;1
759;0
760;0
761;0
762;2
763;1
764;0
765;0
766;2
767;2
768;1
769;2
770;0
771;2
772;2
773;0
774;2
775;0
776;0
777;0
778;2
779;0
780;0
781;0
782;2
783;0
784;0
785;0
786;0
787;0
788;0
789;0
790;0
791;1
792;2
793;0
794;2
795;0
796;1
797;0
798;2
799;1
800;0
801;0
802;0
803;0
804;1
805;0
806;0
807;0
808;0
809;2
810;0
811;0
812;0
813;2
814;2
815;0
816;1
817;0
818;0
819;0
820;1
821;2
822;2
823;1
824;0
825;0
826;0
827;0
828;2
829;0
830;0
831;0
832;0
833;0
834;0
835;0
836;0
837;0
838;0
839;0
840;0
841;2
842;1
843;0
844;2
845;2
846;2
847;1
848;0
849;0
850;0
851;0
852;2
853;2
854;2
855;2
856;0
857;0
858;2
859;0
860;0
861;0
862;0
863;0
864;0
865;2
866;1
867;0
868;2
869;0
870;0
871;0
872;1
873;0
874;1
875;0
876;0
877;0
878;1
879;0
880;2
881;0
882;0
883;0
884;0
885;1
886;0
887;0
888;0
889;2
890;2
891;2
892;2
893;0
894;0
895;0
896;0
897;0
898;1
899;0
900;0
901;2
902;0
903;0
904;0
905;0
906;1
907;0
908;1
909;0
910;0
911;1
912;1
913;0
914;2
915;2
916;0
917;0
918;2
919;0
920;2
921;0
922;0
923;2
924;2
925;0
926;0
927;0
928;2
929;0
930;2
931;1
932;0
933;0
934;0
935;0
936;1
937;0
938;1
939;0
940;2
941;2
942;1
943;0
944;1
945;1
946;0
947;0
948;0
949;1
950;1
951;0
952;2
953;0
954;0
955;0
956;0
957;1
958;0
959;0
960;2
961;1
962;2
963;0
964;1
965;1
966;1
967;0
968;0
969;1
970;0
971;2
972;1
973;1
974;0
975;0
976;0
977;0
978;0
979;0
980;1
981;0
982;2
983;0
984;1
985;0
986;0
987;2
988;0
989;0
990;0
991;0
992;0
993;0
994;0
995;0
996;1
997;1
998;0
999;0
1000;1
1001;0
1002;0
1003;2
1004;0
1005;0
1006;1
1007;0
1008;0
1009;0
1010;0
1011;2
1012;1
1013;0
1014;0
1015;1
1016;0
1017;0
1018;0
1019;0
1020;0
1021;0
1022;0
1023;0
