0;1
1;0
2;0
3;2
4;2
5;0
6;2
7;2
8;2
9;0
10;2
11;0
12;2
13;0
14;0
15;0
16;0
17;1
18;1
19;0
20;2
21;0
22;0
23;2
24;0
25;0
26;0
27;2
28;0
29;0
30;0
31;0
32;1
33;0
34;1
35;0
36;0
37;0
38;0
39;0
40;1
41;0
42;1
43;0
44;0
45;1
46;0
47;0
48;1
49;0
50;2
51;2
52;1
53;0
54;0
55;2
56;2
57;0
58;2
59;2
60;2
61;0
62;2
63;0
64;2
65;0
66;0
67;1
68;0
69;1
70;0
71;0
72;2
73;0
74;1
75;0
76;0
77;2
78;2
79;0
80;0
81;0
82;0
83;1
84;0
85;0
86;0
87;2
88;2
89;1
90;0
91;1
92;1
93;0
94;1
95;0
96;0
97;0
98;2
99;0
100;0
101;0
102;0
103;0
104;0
105;0
106;0
107;0
108;1
109;0
110;0
111;0
112;0
113;0
114;1
115;0
116;1
117;0
118;0
119;2
120;1
121;0
122;0
123;2
124;2
125;0
126;0
127;2
128;1
129;1
130;0
131;0
132;1
133;2
134;0
135;0
136;0
137;2
138;2
139;2
140;1
141;0
142;2
143;1
144;0
145;0
146;0
147;2
148;4
149;0
150;2
151;2
152;2
153;0
154;2
155;0
156;2
157;0
158;2
159;0
160;0
161;0
162;2
163;0
164;0
165;0
166;0
167;1
168;1
169;0
170;2
171;1
172;2
173;0
174;2
175;0
176;2
177;2
178;2
179;0
180;1
181;0
182;2
183;0
184;2
185;0
186;0
187;0
188;1
189;0
190;0
191;0
192;0
193;0
194;0
195;2
196;0
197;1
198;0
199;1
200;0
201;0
202;0
203;0
204;0
205;2
206;2
207;0
208;0
209;0
210;2
211;0
212;1
213;0
214;0
215;0
216;0
217;0
218;2
219;0
220;0
221;0
222;0
223;1
224;0
225;0
226;0
227;0
228;0
229;0
230;2
231;0
232;1
233;0
234;2
235;2
236;1
237;0
238;2
239;1
240;0
241;0
242;2
243;0
244;1
245;2
246;1
247;0
248;1
249;2
250;1
251;0
252;2
253;0
254;0
255;0
256;0
257;0
258;1
259;0
260;0
261;0
262;2
263;2
264;2
265;0
266;2
267;2
268;0
269;0
270;0
271;0
272;2
273;1
274;1
275;0
276;0
277;0
278;0
279;2
280;1
281;0
282;0
283;2
284;2
285;0
286;2
287;1
288;0
289;0
290;2
291;0
292;0
293;0
294;0
295;2
296;0
297;0
298;0
299;0
300;0
301;0
302;0
303;1
304;0
305;1
306;0
307;0
308;1
309;0
310;0
311;0
312;0
313;0
314;0
315;0
316;1
317;0
318;1
319;0
320;0
321;1
322;0
323;0
324;0
325;0
326;1
327;0
328;2
329;0
330;0
331;0
332;0
333;0
334;0
335;2
336;1
337;0
338;0
339;0
340;2
341;0
342;0
343;2
344;1
345;0
346;2
347;2
348;1
349;0
350;0
351;2
352;1
353;1
354;0
355;0
356;2
357;0
358;2
359;0
360;1
361;0
362;0
363;0
364;0
365;0
366;0
367;0
368;2
369;2
370;1
371;2
372;2
373;2
374;2
375;2
376;1
377;0
378;1
379;0
380;0
381;2
382;1
383;0
384;1
385;0
386;0
387;2
388;4
389;0
390;2
391;2
392;2
393;0
394;2
395;0
396;1
397;0
398;1
399;0
400;1
401;0
402;0
403;2
404;2
405;0
406;1
407;2
408;0
409;2
410;1
411;0
412;2
413;2
414;1
415;0
416;2
417;0
418;0
419;0
420;2
421;0
422;0
423;0
424;0
425;0
426;2
427;2
428;2
429;0
430;0
431;0
432;2
433;1
434;0
435;2
436;2
437;0
438;0
439;0
440;1
441;0
442;0
443;0
444;0
445;2
446;1
447;0
448;2
449;0
450;2
451;2
452;1
453;0
454;0
455;2
456;2
457;0
458;2
459;1
460;0
461;0
462;0
463;0
464;1
465;0
466;1
467;0
468;1
469;0
470;0
471;2
472;0
473;0
474;0
475;1
476;0
477;0
478;2
479;0
480;1
481;0
482;2
483;0
484;0
485;0
486;0
487;0
488;0
489;0
490;0
491;0
492;0
493;0
494;2
495;2
496;1
497;0
498;0
499;2
500;4
501;0
502;2
503;2
504;0
505;0
506;0
507;0
508;2
509;2
510;2
511;2
512;0
513;0
514;0
515;1
516;0
517;0
518;0
519;0
520;2
521;0
522;2
523;0
524;0
525;0
526;2
527;0
528;0
529;0
530;0
531;0
532;0
533;0
534;1
535;0
536;0
537;0
538;1
539;0
540;0
541;0
542;0
543;0
544;0
545;0
546;0
547;0
548;0
549;0
550;2
551;2
552;1
553;0
554;0
555;2
556;1
557;0
558;2
559;0
560;2
561;0
562;0
563;0
564;0
565;0
566;1
567;0
568;2
569;0
570;0
571;0
572;0
573;0
574;2
575;2
576;1
577;0
578;0
579;2
580;2
581;0
582;0
583;2
584;2
585;0
586;2
587;2
588;2
589;0
590;1
591;0
592;0
593;0
594;0
595;1
596;2
597;1
598;0
599;1
600;0
601;2
602;2
603;2
604;2
605;0
606;0
607;0
608;0
609;0
610;0
611;0
612;0
613;0
614;2
615;1
616;1
617;1
618;0
619;1
620;4
621;0
622;2
623;2
624;4
625;0
626;0
627;0
628;2
629;1
630;2
631;2
632;1
633;0
634;0
635;0
636;2
637;0
638;2
639;0
640;0
641;0
642;1
643;0
644;1
645;0
646;0
647;2
648;4
649;0
650;2
651;1
652;0
653;0
654;2
655;0
656;2
657;0
658;2
659;0
660;1
661;1
662;0
663;0
664;2
665;0
666;0
667;0
668;0
669;0
670;1
671;0
672;2
673;0
674;1
675;0
676;0
677;0
678;0
679;0
680;2
681;0
682;0
683;0
684;0
685;1
686;0
687;0
688;1
689;0
690;0
691;2
692;2
693;0
694;1
695;0
696;2
697;2
698;2
699;2
700;1
701;0
702;0
703;2
704;4
705;0
706;2
707;1
708;0
709;0
710;2
711;0
712;1
713;0
714;0
715;0
716;0
717;1
718;0
719;0
720;0
721;2
722;1
723;0
724;0
725;2
726;2
727;2
728;2
729;0
730;0
731;1
732;0
733;0
734;0
735;0
736;0
737;2
738;2
739;0
740;0
741;2
742;0
743;0
744;0
745;1
746;0
747;1
748;0
749;0
750;0
751;0
752;0
753;0
754;2
755;0
756;0
757;0
758;0
759;0
760;0
761;0
762;0
763;0
764;0
765;0
766;0
767;2
768;2
769;0
770;0
771;0
772;1
773;1
774;1
775;0
776;1
777;0
778;1
779;2
780;1
781;0
782;0
783;2
784;4
785;0
786;2
787;2
788;4
789;0
790;2
791;0
792;2
793;0
794;1
795;0
796;1
797;0
798;0
799;0
800;0
801;0
802;2
803;2
804;0
805;0
806;0
807;2
808;4
809;2
810;2
811;2
812;2
813;0
814;2
815;0
816;1
817;0
818;0
819;0
820;0
821;1
822;0
823;0
824;0
825;0
826;0
827;2
828;0
829;0
830;2
831;2
832;4
833;0
834;0
835;2
836;0
837;0
838;2
839;0
840;4
841;1
842;0
843;0
844;2
845;2
846;1
847;2
848;1
849;1
850;0
851;0
852;0
853;0
854;0
855;0
856;0
857;0
858;2
859;1
860;0
861;0
862;0
863;2
864;2
865;0
866;2
867;1
868;0
869;0
870;0
871;0
872;2
873;0
874;0
875;1
876;0
877;1
878;2
879;0
880;0
881;0
882;0
883;0
884;2
885;0
886;0
887;0
888;2
889;0
890;0
891;0
892;0
893;2
894;2
895;2
896;1
897;0
898;0
899;2
900;4
901;0
902;2
903;2
904;2
905;0
906;2
907;0
908;2
909;0
910;0
911;0
912;1
913;2
914;0
915;2
916;0
917;0
918;0
919;0
920;0
921;0
922;0
923;0
924;0
925;2
926;0
927;0
928;0
929;1
930;2
931;0
932;2
933;0
934;0
935;0
936;2
937;1
938;2
939;2
940;2
941;2
942;2
943;0
944;0
945;0
946;0
947;0
948;0
949;2
950;0
951;0
952;0
953;2
954;2
955;0
956;0
957;0
958;0
959;0
960;0
961;0
962;2
963;0
964;1
965;0
966;0
967;1
968;0
969;2
970;2
971;2
972;2
973;0
974;0
975;0
976;0
977;0
978;2
979;1
980;0
981;0
982;0
983;0
984;0
985;2
986;2
987;2
988;1
989;2
990;1
991;0
992;1
993;0
994;0
995;0
996;0
997;1
998;0
999;0
1000;0
1001;0
1002;0
1003;0
1004;0
1005;2
1006;1
1007;0
1008;0
1009;2
1010;0
1011;1
1012;0
1013;0
1014;0
1015;1
1016;0
1017;0
1018;0
1019;0
1020;0
1021;0
1022;0
1023;0
