0;0
1;0
2;0
3;1
4;0
5;0
6;2
7;0
8;2
9;0
10;2
11;0
12;2
13;0
14;0
15;0
16;0
17;1
18;0
19;1
20;0
21;2
22;1
23;0
24;0
25;0
26;2
27;0
28;0
29;0
30;0
31;2
32;0
33;0
34;1
35;0
36;0
37;2
38;0
39;0
40;0
41;0
42;0
43;0
44;2
45;0
46;0
47;0
48;0
49;0
50;0
51;0
52;0
53;0
54;0
55;0
56;0
57;1
58;0
59;2
60;1
61;0
62;2
63;1
64;0
65;0
66;0
67;2
68;2
69;0
70;0
71;1
72;0
73;0
74;2
75;0
76;2
77;0
78;0
79;0
80;0
81;0
82;1
83;0
84;1
85;0
86;0
87;0
88;0
89;0
90;0
91;0
92;1
93;0
94;2
95;0
96;1
97;2
98;0
99;0
100;0
101;0
102;2
103;2
104;2
105;0
106;0
107;0
108;0
109;0
110;0
111;1
112;0
113;0
114;0
115;0
116;0
117;0
118;0
119;2
120;0
121;2
122;0
123;0
124;0
125;0
126;0
127;0
128;0
129;0
130;0
131;0
132;0
133;1
134;0
135;0
136;2
137;2
138;0
139;0
140;0
141;0
142;2
143;0
144;2
145;0
146;0
147;0
148;0
149;2
150;2
151;2
152;1
153;0
154;2
155;0
156;1
157;1
158;0
159;0
160;0
161;0
162;0
163;0
164;0
165;0
166;1
167;0
168;0
169;0
170;0
171;0
172;0
173;0
174;0
175;0
176;0
177;0
178;0
179;0
180;0
181;0
182;0
183;0
184;2
185;0
186;0
187;0
188;2
189;0
190;0
191;0
192;0
193;0
194;0
195;1
196;2
197;2
198;1
199;0
200;0
201;0
202;0
203;2
204;0
205;0
206;0
207;0
208;0
209;0
210;0
211;0
212;0
213;0
214;0
215;2
216;1
217;0
218;0
219;1
220;0
221;2
222;2
223;2
224;0
225;0
226;0
227;0
228;0
229;0
230;0
231;0
232;0
233;2
234;2
235;2
236;2
237;2
238;2
239;2
240;0
241;0
242;2
243;0
244;1
245;0
246;0
247;0
248;0
249;0
250;0
251;2
252;0
253;0
254;2
255;0
256;2
257;0
258;2
259;0
260;1
261;0
262;0
263;1
264;1
265;0
266;0
267;1
268;0
269;0
270;0
271;0
272;2
273;1
274;0
275;0
276;1
277;0
278;0
279;0
280;0
281;1
282;0
283;0
284;1
285;1
286;0
287;2
288;0
289;0
290;0
291;0
292;0
293;2
294;0
295;0
296;2
297;0
298;0
299;1
300;0
301;0
302;2
303;2
304;1
305;0
306;0
307;2
308;2
309;0
310;2
311;0
312;2
313;0
314;2
315;0
316;2
317;0
318;0
319;0
320;2
321;0
322;0
323;0
324;0
325;0
326;0
327;0
328;0
329;0
330;1
331;0
332;0
333;0
334;0
335;0
336;0
337;0
338;0
339;0
340;1
341;0
342;0
343;0
344;2
345;0
346;0
347;0
348;0
349;0
350;0
351;0
352;0
353;0
354;0
355;0
356;2
357;0
358;0
359;0
360;0
361;0
362;0
363;2
364;2
365;0
366;0
367;0
368;0
369;2
370;0
371;0
372;0
373;0
374;1
375;0
376;0
377;0
378;0
379;0
380;2
381;2
382;2
383;1
384;2
385;1
386;0
387;0
388;2
389;1
390;0
391;0
392;0
393;0
394;0
395;0
396;1
397;0
398;0
399;0
400;0
401;0
402;0
403;2
404;2
405;1
406;0
407;0
408;0
409;0
410;0
411;0
412;0
413;2
414;2
415;2
416;1
417;0
418;0
419;0
420;0
421;0
422;0
423;0
424;0
425;0
426;0
427;0
428;0
429;0
430;2
431;1
432;0
433;2
434;2
435;0
436;2
437;0
438;0
439;0
440;2
441;0
442;0
443;0
444;1
445;0
446;0
447;0
448;0
449;0
450;2
451;2
452;1
453;0
454;0
455;2
456;2
457;0
458;2
459;1
460;2
461;2
462;2
463;0
464;0
465;0
466;1
467;0
468;1
469;1
470;0
471;2
472;2
473;2
474;2
475;2
476;2
477;0
478;2
479;2
480;0
481;0
482;0
483;2
484;2
485;0
486;0
487;0
488;2
489;0
490;0
491;0
492;0
493;0
494;0
495;0
496;2
497;0
498;0
499;0
500;0
501;2
502;1
503;0
504;2
505;0
506;0
507;0
508;0
509;0
510;0
511;0
512;2
513;2
514;2
515;2
516;0
517;2
518;0
519;1
520;0
521;2
522;0
523;2
524;2
525;2
526;1
527;0
528;0
529;0
530;0
531;0
532;1
533;0
534;0
535;0
536;0
537;0
538;2
539;2
540;2
541;2
542;0
543;2
544;0
545;0
546;0
547;1
548;0
549;0
550;0
551;0
552;0
553;0
554;2
555;2
556;0
557;0
558;0
559;0
560;0
561;0
562;0
563;0
564;2
565;1
566;0
567;2
568;2
569;1
570;0
571;0
572;2
573;0
574;0
575;0
576;0
577;2
578;0
579;1
580;0
581;0
582;0
583;2
584;0
585;0
586;0
587;0
588;1
589;0
590;0
591;1
592;0
593;0
594;0
595;2
596;0
597;0
598;0
599;0
600;0
601;0
602;0
603;0
604;0
605;0
606;0
607;2
608;0
609;0
610;1
611;0
612;1
613;0
614;0
615;2
616;0
617;0
618;2
619;2
620;2
621;0
622;2
623;0
624;1
625;0
626;0
627;0
628;0
629;0
630;0
631;0
632;0
633;0
634;2
635;0
636;1
637;0
638;2
639;2
640;2
641;0
642;2
643;0
644;2
645;0
646;1
647;1
648;0
649;1
650;0
651;0
652;2
653;2
654;2
655;1
656;0
657;0
658;0
659;0
660;0
661;0
662;2
663;0
664;0
665;0
666;0
667;1
668;2
669;2
670;1
671;0
672;2
673;0
674;2
675;0
676;2
677;0
678;0
679;2
680;0
681;0
682;0
683;0
684;0
685;2
686;0
687;0
688;1
689;0
690;2
691;0
692;0
693;0
694;0
695;0
696;2
697;0
698;0
699;0
700;2
701;0
702;0
703;0
704;0
705;0
706;0
707;2
708;2
709;2
710;0
711;0
712;1
713;0
714;0
715;0
716;1
717;0
718;0
719;0
720;0
721;1
722;0
723;0
724;1
725;0
726;0
727;0
728;2
729;0
730;1
731;0
732;2
733;2
734;1
735;0
736;0
737;0
738;2
739;2
740;1
741;1
742;0
743;0
744;0
745;0
746;0
747;0
748;0
749;0
750;0
751;0
752;0
753;0
754;0
755;0
756;0
757;0
758;0
759;1
760;0
761;1
762;0
763;2
764;1
765;0
766;0
767;0
768;0
769;0
770;0
771;0
772;0
773;1
774;1
775;0
776;0
777;2
778;2
779;2
780;0
781;0
782;0
783;0
784;0
785;0
786;0
787;0
788;0
789;0
790;0
791;2
792;1
793;0
794;0
795;2
796;4
797;2
798;2
799;1
800;0
801;0
802;2
803;0
804;2
805;2
806;0
807;0
808;0
809;1
810;0
811;0
812;1
813;0
814;0
815;0
816;0
817;2
818;2
819;2
820;2
821;0
822;0
823;0
824;0
825;0
826;0
827;0
828;0
829;0
830;0
831;0
832;0
833;1
834;0
835;1
836;1
837;2
838;1
839;0
840;1
841;0
842;0
843;2
844;1
845;0
846;2
847;0
848;0
849;0
850;2
851;2
852;0
853;0
854;2
855;0
856;0
857;0
858;0
859;0
860;0
861;2
862;1
863;0
864;2
865;0
866;0
867;0
868;0
869;0
870;0
871;0
872;0
873;2
874;0
875;1
876;0
877;0
878;0
879;0
880;0
881;0
882;0
883;0
884;0
885;2
886;0
887;2
888;2
889;0
890;0
891;0
892;0
893;0
894;0
895;0
896;0
897;0
898;0
899;0
900;2
901;0
902;0
903;2
904;2
905;0
906;2
907;2
908;2
909;2
910;0
911;0
912;0
913;0
914;2
915;2
916;2
917;2
918;0
919;0
920;2
921;0
922;1
923;0
924;0
925;0
926;1
927;0
928;1
929;0
930;1
931;0
932;2
933;1
934;2
935;0
936;1
937;0
938;0
939;0
940;0
941;1
942;0
943;2
944;1
945;1
946;2
947;0
948;1
949;0
950;0
951;0
952;2
953;0
954;2
955;0
956;1
957;2
958;0
959;1
960;0
961;0
962;0
963;0
964;0
965;0
966;0
967;0
968;0
969;0
970;2
971;2
972;1
973;0
974;0
975;2
976;2
977;0
978;2
979;2
980;0
981;0
982;2
983;0
984;4
985;0
986;0
987;0
988;0
989;0
990;2
991;2
992;1
993;0
994;0
995;2
996;2
997;0
998;0
999;2
1000;1
1001;0
1002;2
1003;0
1004;1
1005;0
1006;0
1007;0
1008;0
1009;0
1010;0
1011;0
1012;0
1013;1
1014;0
1015;1
1016;0
1017;0
1018;0
1019;0
1020;0
1021;0
1022;0
1023;0
