0;1
1;0
2;0
3;2
4;4
5;0
6;2
7;0
8;0
9;0
10;0
11;0
12;2
13;1
14;0
15;1
16;0
17;0
18;0
19;0
20;4
21;0
22;2
23;2
24;1
25;0
26;0
27;2
28;2
29;0
30;0
31;2
32;2
33;0
34;2
35;0
36;2
37;2
38;1
39;0
40;0
41;1
42;1
43;0
44;2
45;2
46;2
47;2
48;2
49;0
50;0
51;0
52;0
53;0
54;0
55;1
56;0
57;0
58;0
59;2
60;1
61;0
62;0
63;0
64;0
65;0
66;0
67;0
68;2
69;2
70;2
71;0
72;0
73;0
74;2
75;0
76;1
77;0
78;1
79;0
80;1
81;0
82;0
83;2
84;0
85;0
86;0
87;0
88;0
89;0
90;0
91;0
92;1
93;0
94;0
95;2
96;1
97;0
98;2
99;2
100;0
101;0
102;2
103;2
104;1
105;2
106;1
107;1
108;0
109;0
110;0
111;0
112;2
113;2
114;0
115;0
116;0
117;0
118;2
119;2
120;0
121;0
122;2
123;2
124;2
125;2
126;2
127;1
128;0
129;0
130;0
131;0
132;0
133;0
134;0
135;2
136;0
137;0
138;2
139;0
140;1
141;0
142;0
143;2
144;1
145;0
146;2
147;2
148;2
149;0
150;2
151;2
152;2
153;0
154;0
155;0
156;0
157;0
158;0
159;0
160;1
161;0
162;0
163;0
164;1
165;0
166;0
167;0
168;1
169;0
170;2
171;0
172;2
173;2
174;2
175;0
176;0
177;0
178;0
179;0
180;1
181;1
182;0
183;0
184;0
185;0
186;2
187;0
188;0
189;0
190;0
191;1
192;0
193;0
194;0
195;2
196;1
197;0
198;0
199;0
200;2
201;0
202;2
203;0
204;2
205;0
206;0
207;0
208;2
209;2
210;2
211;0
212;0
213;2
214;0
215;0
216;2
217;0
218;0
219;0
220;1
221;0
222;1
223;0
224;0
225;2
226;0
227;2
228;1
229;2
230;2
231;2
232;2
233;0
234;0
235;0
236;1
237;2
238;2
239;0
240;0
241;2
242;2
243;1
244;0
245;0
246;0
247;2
248;2
249;2
250;2
251;2
252;0
253;0
254;2
255;0
256;2
257;0
258;0
259;1
260;0
261;0
262;0
263;0
264;0
265;0
266;0
267;0
268;0
269;0
270;0
271;0
272;0
273;0
274;1
275;0
276;1
277;0
278;0
279;2
280;2
281;0
282;2
283;1
284;0
285;0
286;2
287;0
288;1
289;0
290;2
291;2
292;0
293;0
294;0
295;2
296;0
297;2
298;0
299;0
300;1
301;0
302;0
303;0
304;0
305;1
306;0
307;0
308;2
309;0
310;0
311;0
312;0
313;0
314;2
315;4
316;2
317;0
318;0
319;2
320;2
321;0
322;0
323;2
324;4
325;0
326;2
327;2
328;0
329;0
330;0
331;2
332;1
333;0
334;1
335;0
336;1
337;0
338;1
339;0
340;0
341;0
342;0
343;0
344;0
345;0
346;0
347;2
348;2
349;0
350;2
351;0
352;1
353;0
354;2
355;0
356;0
357;0
358;0
359;0
360;2
361;0
362;1
363;2
364;0
365;0
366;2
367;2
368;1
369;0
370;0
371;0
372;4
373;0
374;2
375;0
376;2
377;0
378;2
379;0
380;1
381;0
382;1
383;0
384;2
385;0
386;0
387;0
388;2
389;0
390;0
391;2
392;1
393;0
394;2
395;2
396;0
397;0
398;0
399;1
400;0
401;0
402;2
403;2
404;2
405;0
406;0
407;0
408;1
409;0
410;0
411;1
412;1
413;2
414;0
415;1
416;0
417;0
418;2
419;2
420;2
421;0
422;0
423;0
424;0
425;1
426;2
427;2
428;2
429;0
430;0
431;2
432;4
433;0
434;2
435;1
436;0
437;0
438;2
439;0
440;1
441;0
442;0
443;0
444;0
445;0
446;0
447;2
448;1
449;0
450;0
451;2
452;4
453;0
454;2
455;2
456;2
457;0
458;2
459;0
460;2
461;0
462;2
463;2
464;2
465;0
466;0
467;0
468;0
469;2
470;1
471;0
472;0
473;0
474;0
475;0
476;0
477;0
478;2
479;2
480;0
481;0
482;0
483;0
484;1
485;0
486;0
487;2
488;2
489;0
490;0
491;1
492;0
493;2
494;2
495;2
496;2
497;0
498;2
499;0
500;1
501;2
502;1
503;0
504;0
505;0
506;0
507;0
508;0
509;0
510;1
511;0
512;1
513;0
514;0
515;0
516;0
517;0
518;2
519;2
520;1
521;0
522;0
523;2
524;2
525;0
526;2
527;1
528;0
529;0
530;0
531;0
532;2
533;0
534;0
535;0
536;0
537;0
538;2
539;0
540;1
541;0
542;1
543;0
544;0
545;0
546;2
547;0
548;0
549;0
550;2
551;0
552;1
553;0
554;0
555;1
556;0
557;0
558;0
559;2
560;1
561;2
562;2
563;2
564;1
565;0
566;2
567;0
568;2
569;0
570;1
571;0
572;0
573;0
574;0
575;0
576;0
577;0
578;0
579;2
580;0
581;1
582;2
583;0
584;1
585;0
586;0
587;2
588;1
589;0
590;0
591;2
592;2
593;0
594;2
595;1
596;0
597;0
598;2
599;0
600;2
601;0
602;2
603;0
604;1
605;1
606;0
607;1
608;0
609;2
610;0
611;1
612;0
613;0
614;1
615;0
616;2
617;1
618;0
619;1
620;0
621;2
622;0
623;2
624;0
625;0
626;0
627;1
628;1
629;0
630;0
631;0
632;2
633;0
634;0
635;0
636;0
637;0
638;2
639;0
640;1
641;0
642;0
643;0
644;0
645;0
646;2
647;1
648;0
649;0
650;0
651;2
652;4
653;0
654;0
655;2
656;0
657;0
658;2
659;0
660;2
661;2
662;2
663;0
664;0
665;1
666;0
667;0
668;0
669;0
670;0
671;1
672;0
673;0
674;2
675;1
676;0
677;0
678;0
679;0
680;0
681;0
682;1
683;0
684;0
685;0
686;2
687;0
688;0
689;0
690;0
691;0
692;0
693;0
694;2
695;2
696;2
697;0
698;2
699;0
700;0
701;1
702;0
703;0
704;2
705;0
706;2
707;1
708;0
709;0
710;0
711;2
712;1
713;0
714;1
715;0
716;0
717;0
718;0
719;0
720;0
721;0
722;1
723;0
724;1
725;0
726;2
727;2
728;0
729;0
730;0
731;2
732;2
733;0
734;2
735;0
736;0
737;0
738;2
739;0
740;2
741;2
742;0
743;0
744;2
745;0
746;0
747;0
748;1
749;0
750;0
751;0
752;0
753;0
754;0
755;2
756;1
757;0
758;0
759;2
760;2
761;0
762;2
763;0
764;0
765;0
766;2
767;2
768;1
769;0
770;2
771;2
772;1
773;0
774;0
775;2
776;0
777;0
778;0
779;0
780;0
781;0
782;0
783;2
784;0
785;0
786;0
787;2
788;1
789;2
790;2
791;2
792;2
793;0
794;2
795;0
796;2
797;2
798;1
799;0
800;0
801;0
802;0
803;0
804;1
805;0
806;0
807;2
808;0
809;0
810;0
811;2
812;1
813;0
814;2
815;2
816;2
817;0
818;1
819;0
820;2
821;0
822;0
823;0
824;2
825;0
826;1
827;0
828;0
829;0
830;0
831;2
832;2
833;0
834;2
835;1
836;2
837;0
838;2
839;0
840;0
841;0
842;0
843;0
844;0
845;0
846;0
847;0
848;0
849;1
850;0
851;0
852;0
853;0
854;2
855;2
856;0
857;0
858;0
859;2
860;4
861;0
862;1
863;0
864;2
865;0
866;0
867;0
868;2
869;0
870;0
871;1
872;0
873;0
874;0
875;0
876;1
877;0
878;2
879;2
880;1
881;1
882;0
883;2
884;4
885;0
886;2
887;2
888;2
889;0
890;2
891;0
892;1
893;2
894;2
895;2
896;2
897;1
898;1
899;1
900;0
901;2
902;0
903;0
904;0
905;2
906;0
907;2
908;0
909;0
910;2
911;2
912;1
913;0
914;0
915;2
916;1
917;0
918;0
919;2
920;2
921;0
922;2
923;0
924;1
925;1
926;0
927;2
928;0
929;0
930;1
931;0
932;0
933;1
934;0
935;0
936;0
937;2
938;0
939;2
940;2
941;1
942;0
943;2
944;2
945;2
946;1
947;0
948;1
949;0
950;0
951;0
952;2
953;0
954;2
955;2
956;2
957;0
958;0
959;0
960;0
961;0
962;0
963;0
964;0
965;2
966;2
967;0
968;0
969;1
970;0
971;2
972;0
973;1
974;0
975;0
976;0
977;0
978;1
979;1
980;1
981;0
982;0
983;2
984;4
985;0
986;0
987;2
988;0
989;0
990;0
991;0
992;1
993;1
994;0
995;0
996;0
997;0
998;0
999;0
1000;2
1001;2
1002;0
1003;0
1004;1
1005;0
1006;0
1007;2
1008;2
1009;2
1010;0
1011;2
1012;1
1013;0
1014;1
1015;0
1016;0
1017;0
1018;0
1019;0
1020;0
1021;0
1022;0
1023;0
