0;0
1;0
2;0
3;2
4;2
5;0
6;2
7;2
8;2
9;0
10;2
11;0
12;2
13;0
14;0
15;4
16;0
17;2
18;2
19;1
20;0
21;0
22;2
23;2
24;1
25;1
26;0
27;0
28;2
29;0
30;0
31;2
32;0
33;0
34;0
35;2
36;0
37;0
38;1
39;0
40;0
41;0
42;1
43;0
44;0
45;0
46;1
47;0
48;0
49;0
50;0
51;0
52;0
53;0
54;0
55;0
56;0
57;1
58;0
59;1
60;0
61;0
62;1
63;0
64;2
65;2
66;1
67;0
68;0
69;0
70;0
71;2
72;1
73;0
74;0
75;0
76;0
77;0
78;0
79;0
80;1
81;0
82;2
83;1
84;1
85;2
86;0
87;0
88;2
89;2
90;2
91;2
92;2
93;2
94;1
95;0
96;0
97;0
98;2
99;0
100;0
101;0
102;0
103;0
104;0
105;0
106;0
107;0
108;0
109;2
110;0
111;0
112;0
113;0
114;0
115;0
116;1
117;0
118;0
119;2
120;4
121;0
122;2
123;2
124;2
125;0
126;0
127;0
128;1
129;0
130;1
131;0
132;0
133;1
134;0
135;0
136;1
137;0
138;0
139;0
140;0
141;0
142;0
143;0
144;2
145;0
146;0
147;0
148;0
149;0
150;0
151;2
152;1
153;0
154;0
155;1
156;4
157;0
158;2
159;1
160;0
161;0
162;2
163;0
164;2
165;2
166;2
167;2
168;0
169;2
170;0
171;0
172;0
173;0
174;0
175;0
176;0
177;0
178;1
179;0
180;0
181;0
182;1
183;0
184;0
185;0
186;2
187;0
188;0
189;0
190;2
191;0
192;1
193;0
194;0
195;0
196;0
197;0
198;1
199;0
200;2
201;0
202;0
203;2
204;2
205;0
206;1
207;0
208;0
209;0
210;0
211;1
212;2
213;2
214;2
215;2
216;2
217;0
218;2
219;0
220;0
221;0
222;0
223;0
224;0
225;0
226;0
227;0
228;0
229;0
230;0
231;2
232;1
233;0
234;0
235;1
236;0
237;1
238;2
239;2
240;2
241;0
242;0
243;0
244;0
245;0
246;0
247;0
248;0
249;2
250;2
251;2
252;0
253;0
254;0
255;2
256;0
257;0
258;2
259;1
260;0
261;0
262;0
263;0
264;0
265;0
266;2
267;1
268;0
269;0
270;0
271;0
272;1
273;2
274;0
275;2
276;1
277;0
278;0
279;0
280;0
281;0
282;0
283;0
284;0
285;0
286;0
287;0
288;2
289;2
290;1
291;0
292;0
293;2
294;0
295;0
296;1
297;0
298;1
299;0
300;0
301;0
302;0
303;0
304;2
305;0
306;0
307;2
308;2
309;0
310;0
311;0
312;0
313;0
314;0
315;0
316;0
317;0
318;1
319;0
320;0
321;0
322;2
323;2
324;1
325;1
326;0
327;2
328;4
329;0
330;2
331;1
332;2
333;0
334;0
335;0
336;2
337;2
338;2
339;0
340;1
341;0
342;2
343;0
344;2
345;1
346;0
347;0
348;0
349;0
350;0
351;0
352;2
353;0
354;1
355;0
356;0
357;0
358;1
359;2
360;1
361;0
362;0
363;2
364;4
365;2
366;2
367;0
368;2
369;0
370;2
371;0
372;2
373;0
374;2
375;0
376;0
377;0
378;1
379;0
380;0
381;0
382;2
383;0
384;0
385;0
386;0
387;0
388;2
389;0
390;0
391;0
392;2
393;0
394;1
395;0
396;0
397;0
398;1
399;0
400;1
401;0
402;0
403;0
404;0
405;0
406;0
407;0
408;1
409;0
410;1
411;0
412;0
413;0
414;2
415;2
416;2
417;1
418;0
419;0
420;0
421;0
422;0
423;0
424;0
425;0
426;2
427;2
428;1
429;0
430;0
431;0
432;2
433;0
434;1
435;0
436;0
437;0
438;0
439;0
440;0
441;0
442;1
443;0
444;2
445;1
446;0
447;0
448;2
449;2
450;0
451;0
452;2
453;0
454;0
455;0
456;2
457;1
458;0
459;0
460;0
461;0
462;2
463;2
464;1
465;0
466;2
467;2
468;0
469;0
470;0
471;0
472;0
473;0
474;0
475;0
476;0
477;0
478;1
479;0
480;0
481;0
482;0
483;0
484;0
485;2
486;2
487;2
488;0
489;2
490;0
491;0
492;0
493;0
494;0
495;0
496;0
497;0
498;2
499;2
500;0
501;0
502;0
503;0
504;0
505;0
506;0
507;0
508;0
509;0
510;1
511;0
512;0
513;0
514;0
515;1
516;0
517;0
518;0
519;0
520;0
521;0
522;2
523;1
524;0
525;0
526;0
527;2
528;1
529;0
530;0
531;2
532;2
533;0
534;2
535;2
536;0
537;0
538;0
539;0
540;1
541;1
542;0
543;1
544;0
545;0
546;2
547;0
548;0
549;1
550;2
551;0
552;0
553;0
554;0
555;0
556;0
557;2
558;0
559;0
560;0
561;0
562;0
563;0
564;0
565;0
566;1
567;0
568;0
569;0
570;2
571;2
572;1
573;0
574;0
575;2
576;1
577;0
578;2
579;2
580;2
581;0
582;0
583;0
584;1
585;0
586;0
587;0
588;1
589;0
590;0
591;2
592;0
593;1
594;0
595;2
596;0
597;0
598;2
599;0
600;0
601;0
602;2
603;2
604;2
605;1
606;0
607;2
608;2
609;0
610;1
611;0
612;0
613;0
614;0
615;0
616;2
617;0
618;0
619;2
620;0
621;2
622;0
623;0
624;0
625;0
626;0
627;0
628;0
629;2
630;4
631;0
632;1
633;0
634;0
635;1
636;0
637;0
638;1
639;2
640;2
641;0
642;0
643;0
644;0
645;2
646;0
647;0
648;0
649;1
650;2
651;1
652;0
653;0
654;0
655;0
656;2
657;0
658;2
659;0
660;0
661;0
662;0
663;1
664;2
665;2
666;1
667;0
668;1
669;0
670;4
671;0
672;0
673;0
674;0
675;2
676;1
677;2
678;2
679;2
680;2
681;0
682;2
683;2
684;2
685;0
686;1
687;0
688;2
689;2
690;2
691;0
692;0
693;0
694;2
695;0
696;2
697;0
698;0
699;0
700;2
701;0
702;1
703;0
704;0
705;0
706;0
707;0
708;2
709;0
710;0
711;2
712;0
713;0
714;0
715;0
716;0
717;0
718;0
719;1
720;2
721;0
722;0
723;0
724;1
725;0
726;0
727;0
728;1
729;0
730;0
731;0
732;0
733;0
734;0
735;0
736;0
737;0
738;0
739;0
740;0
741;0
742;2
743;2
744;2
745;1
746;0
747;0
748;0
749;0
750;0
751;0
752;1
753;0
754;0
755;0
756;0
757;0
758;0
759;2
760;1
761;0
762;0
763;0
764;0
765;0
766;0
767;0
768;0
769;0
770;0
771;1
772;1
773;0
774;1
775;1
776;0
777;2
778;0
779;0
780;0
781;0
782;0
783;0
784;0
785;1
786;1
787;0
788;0
789;0
790;0
791;0
792;2
793;0
794;1
795;0
796;0
797;0
798;0
799;0
800;1
801;1
802;0
803;0
804;0
805;2
806;0
807;0
808;0
809;1
810;0
811;0
812;1
813;0
814;0
815;0
816;0
817;0
818;2
819;0
820;0
821;0
822;1
823;0
824;0
825;0
826;1
827;0
828;0
829;0
830;0
831;0
832;0
833;1
834;0
835;0
836;1
837;2
838;2
839;1
840;0
841;2
842;2
843;2
844;1
845;0
846;2
847;1
848;0
849;2
850;2
851;2
852;0
853;0
854;2
855;0
856;0
857;0
858;0
859;0
860;0
861;2
862;1
863;0
864;0
865;0
866;1
867;0
868;0
869;2
870;0
871;0
872;0
873;0
874;1
875;0
876;0
877;0
878;0
879;0
880;0
881;0
882;0
883;0
884;0
885;1
886;0
887;2
888;1
889;0
890;2
891;2
892;0
893;0
894;0
895;2
896;2
897;0
898;2
899;1
900;0
901;0
902;0
903;2
904;2
905;1
906;1
907;0
908;0
909;2
910;0
911;0
912;0
913;0
914;1
915;2
916;0
917;0
918;2
919;0
920;2
921;2
922;0
923;0
924;2
925;1
926;0
927;1
928;0
929;2
930;1
931;0
932;0
933;0
934;1
935;2
936;0
937;2
938;1
939;0
940;0
941;0
942;0
943;0
944;1
945;1
946;2
947;0
948;0
949;0
950;1
951;0
952;0
953;0
954;0
955;2
956;2
957;0
958;2
959;2
960;2
961;0
962;0
963;0
964;1
965;1
966;0
967;2
968;2
969;2
970;0
971;0
972;0
973;1
974;1
975;0
976;0
977;2
978;2
979;2
980;4
981;2
982;0
983;0
984;0
985;0
986;2
987;0
988;2
989;0
990;0
991;0
992;0
993;0
994;0
995;2
996;0
997;0
998;0
999;0
1000;0
1001;0
1002;0
1003;0
1004;0
1005;0
1006;1
1007;0
1008;0
1009;0
1010;0
1011;2
1012;0
1013;0
1014;1
1015;0
1016;0
1017;0
1018;0
1019;0
1020;0
1021;0
1022;0
1023;0
