0;0
1;0
2;0
3;2
4;1
5;0
6;2
7;0
8;2
9;0
10;2
11;0
12;2
13;0
14;0
15;1
16;0
17;2
18;0
19;0
20;0
21;2
22;1
23;0
24;1
25;0
26;0
27;2
28;2
29;0
30;2
31;2
32;0
33;0
34;0
35;0
36;0
37;0
38;0
39;0
40;0
41;2
42;0
43;0
44;2
45;0
46;2
47;0
48;0
49;0
50;0
51;0
52;0
53;0
54;0
55;0
56;1
57;0
58;2
59;2
60;1
61;1
62;0
63;2
64;4
65;0
66;2
67;2
68;2
69;0
70;0
71;0
72;1
73;0
74;2
75;0
76;0
77;0
78;0
79;0
80;1
81;0
82;0
83;0
84;2
85;0
86;0
87;0
88;1
89;1
90;2
91;0
92;1
93;0
94;0
95;0
96;0
97;0
98;2
99;1
100;0
101;0
102;0
103;0
104;4
105;2
106;0
107;2
108;2
109;0
110;2
111;0
112;2
113;0
114;0
115;0
116;0
117;2
118;0
119;0
120;0
121;0
122;1
123;0
124;0
125;0
126;0
127;2
128;0
129;0
130;0
131;0
132;0
133;0
134;0
135;2
136;0
137;1
138;2
139;0
140;0
141;1
142;0
143;2
144;2
145;0
146;2
147;2
148;2
149;0
150;2
151;0
152;0
153;0
154;0
155;0
156;0
157;2
158;2
159;2
160;1
161;0
162;2
163;0
164;0
165;0
166;0
167;0
168;2
169;0
170;2
171;0
172;0
173;2
174;1
175;1
176;0
177;2
178;0
179;0
180;0
181;0
182;2
183;2
184;0
185;0
186;0
187;0
188;0
189;0
190;2
191;2
192;0
193;0
194;2
195;0
196;2
197;0
198;0
199;0
200;0
201;2
202;0
203;0
204;2
205;2
206;0
207;2
208;0
209;0
210;0
211;2
212;1
213;0
214;0
215;0
216;2
217;1
218;0
219;0
220;2
221;1
222;0
223;1
224;2
225;2
226;2
227;2
228;2
229;0
230;2
231;0
232;0
233;0
234;0
235;0
236;0
237;0
238;0
239;0
240;2
241;0
242;0
243;2
244;1
245;0
246;1
247;1
248;0
249;0
250;2
251;0
252;0
253;0
254;0
255;2
256;0
257;0
258;0
259;0
260;0
261;1
262;0
263;2
264;2
265;2
266;2
267;2
268;0
269;0
270;2
271;2
272;2
273;0
274;0
275;0
276;1
277;0
278;2
279;0
280;0
281;0
282;0
283;0
284;1
285;2
286;2
287;2
288;1
289;0
290;0
291;1
292;0
293;1
294;0
295;0
296;1
297;0
298;2
299;2
300;1
301;0
302;0
303;2
304;4
305;0
306;2
307;0
308;2
309;0
310;2
311;0
312;1
313;2
314;0
315;0
316;2
317;0
318;0
319;0
320;2
321;0
322;0
323;0
324;2
325;0
326;0
327;0
328;0
329;0
330;0
331;0
332;1
333;1
334;1
335;0
336;0
337;0
338;2
339;2
340;1
341;0
342;0
343;1
344;2
345;0
346;2
347;2
348;2
349;0
350;1
351;0
352;0
353;2
354;1
355;0
356;0
357;1
358;0
359;2
360;2
361;1
362;0
363;0
364;0
365;0
366;0
367;0
368;0
369;0
370;0
371;0
372;2
373;0
374;0
375;2
376;2
377;0
378;2
379;0
380;0
381;0
382;0
383;0
384;0
385;0
386;0
387;0
388;2
389;0
390;0
391;0
392;2
393;1
394;0
395;0
396;1
397;0
398;0
399;0
400;2
401;1
402;0
403;0
404;0
405;0
406;0
407;0
408;1
409;0
410;2
411;0
412;0
413;2
414;2
415;2
416;2
417;2
418;1
419;0
420;0
421;0
422;0
423;0
424;0
425;2
426;2
427;2
428;0
429;0
430;1
431;0
432;0
433;0
434;0
435;2
436;4
437;0
438;2
439;1
440;4
441;0
442;0
443;0
444;2
445;1
446;0
447;0
448;2
449;0
450;0
451;2
452;2
453;1
454;2
455;2
456;0
457;0
458;1
459;0
460;2
461;1
462;0
463;0
464;1
465;2
466;0
467;0
468;0
469;0
470;0
471;2
472;0
473;0
474;2
475;0
476;2
477;0
478;0
479;0
480;2
481;0
482;0
483;0
484;0
485;1
486;1
487;1
488;0
489;1
490;0
491;0
492;0
493;2
494;0
495;0
496;0
497;0
498;0
499;0
500;0
501;0
502;0
503;2
504;2
505;2
506;2
507;0
508;2
509;2
510;0
511;0
512;0
513;2
514;0
515;0
516;0
517;0
518;0
519;0
520;0
521;0
522;0
523;0
524;0
525;1
526;0
527;0
528;0
529;0
530;2
531;2
532;2
533;0
534;0
535;2
536;0
537;0
538;0
539;1
540;0
541;0
542;0
543;0
544;0
545;0
546;2
547;2
548;0
549;0
550;0
551;0
552;0
553;0
554;2
555;0
556;0
557;0
558;2
559;2
560;1
561;0
562;0
563;0
564;4
565;0
566;2
567;2
568;2
569;0
570;2
571;0
572;2
573;2
574;2
575;0
576;0
577;0
578;2
579;0
580;0
581;2
582;0
583;0
584;1
585;0
586;0
587;0
588;2
589;0
590;0
591;0
592;1
593;0
594;2
595;0
596;0
597;0
598;0
599;2
600;0
601;0
602;0
603;0
604;0
605;0
606;2
607;0
608;2
609;0
610;0
611;2
612;0
613;0
614;0
615;0
616;1
617;0
618;0
619;0
620;2
621;2
622;2
623;2
624;1
625;0
626;0
627;2
628;2
629;0
630;2
631;2
632;2
633;0
634;0
635;0
636;0
637;1
638;0
639;2
640;1
641;0
642;0
643;0
644;1
645;0
646;0
647;2
648;1
649;0
650;2
651;2
652;0
653;0
654;2
655;0
656;0
657;0
658;0
659;0
660;0
661;0
662;2
663;0
664;0
665;0
666;0
667;0
668;2
669;2
670;1
671;0
672;0
673;0
674;0
675;0
676;1
677;0
678;0
679;0
680;1
681;0
682;0
683;0
684;0
685;2
686;0
687;0
688;1
689;0
690;0
691;0
692;0
693;0
694;0
695;0
696;2
697;0
698;0
699;2
700;2
701;0
702;0
703;0
704;0
705;1
706;0
707;0
708;0
709;0
710;0
711;0
712;1
713;0
714;0
715;0
716;1
717;0
718;1
719;0
720;0
721;0
722;0
723;0
724;0
725;0
726;2
727;2
728;1
729;0
730;0
731;2
732;4
733;2
734;2
735;1
736;2
737;0
738;2
739;0
740;2
741;0
742;0
743;0
744;2
745;1
746;0
747;2
748;0
749;1
750;0
751;1
752;0
753;1
754;0
755;1
756;0
757;0
758;0
759;0
760;0
761;0
762;0
763;0
764;0
765;0
766;0
767;0
768;0
769;0
770;2
771;1
772;0
773;0
774;2
775;1
776;0
777;0
778;0
779;0
780;0
781;0
782;0
783;0
784;2
785;1
786;1
787;2
788;0
789;1
790;0
791;0
792;2
793;0
794;0
795;0
796;0
797;0
798;0
799;0
800;1
801;0
802;0
803;0
804;2
805;2
806;0
807;0
808;0
809;2
810;0
811;0
812;1
813;0
814;0
815;1
816;0
817;0
818;2
819;0
820;0
821;0
822;2
823;2
824;0
825;0
826;0
827;2
828;2
829;0
830;0
831;2
832;0
833;0
834;2
835;0
836;2
837;0
838;0
839;0
840;0
841;1
842;0
843;0
844;4
845;2
846;1
847;0
848;1
849;2
850;2
851;2
852;1
853;0
854;2
855;0
856;0
857;0
858;2
859;2
860;0
861;0
862;2
863;0
864;0
865;0
866;0
867;0
868;0
869;0
870;0
871;0
872;0
873;0
874;0
875;0
876;0
877;2
878;0
879;0
880;0
881;0
882;0
883;0
884;2
885;0
886;0
887;0
888;0
889;0
890;0
891;2
892;1
893;0
894;0
895;0
896;1
897;2
898;2
899;1
900;2
901;0
902;2
903;0
904;0
905;1
906;2
907;2
908;2
909;0
910;0
911;0
912;0
913;0
914;0
915;0
916;0
917;2
918;0
919;0
920;2
921;0
922;0
923;1
924;0
925;0
926;0
927;0
928;0
929;2
930;0
931;2
932;2
933;0
934;0
935;1
936;0
937;0
938;0
939;0
940;0
941;0
942;1
943;0
944;2
945;1
946;0
947;0
948;1
949;0
950;0
951;0
952;0
953;1
954;2
955;2
956;2
957;0
958;0
959;0
960;0
961;1
962;0
963;1
964;2
965;1
966;2
967;0
968;1
969;0
970;0
971;2
972;1
973;0
974;1
975;0
976;1
977;1
978;0
979;0
980;0
981;0
982;0
983;0
984;2
985;0
986;2
987;0
988;0
989;0
990;0
991;2
992;0
993;0
994;0
995;0
996;0
997;0
998;0
999;2
1000;0
1001;1
1002;0
1003;0
1004;0
1005;0
1006;2
1007;1
1008;0
1009;0
1010;0
1011;2
1012;1
1013;0
1014;1
1015;1
1016;0
1017;0
1018;0
1019;0
1020;0
1021;0
1022;0
1023;0
