0;0
1;0
2;0
3;2
4;4
5;0
6;2
7;2
8;2
9;0
10;2
11;0
12;2
13;0
14;0
15;0
16;0
17;2
18;2
19;2
20;2
21;2
22;1
23;1
24;0
25;1
26;2
27;2
28;2
29;0
30;0
31;2
32;0
33;0
34;0
35;0
36;0
37;0
38;2
39;0
40;0
41;0
42;0
43;0
44;1
45;0
46;0
47;2
48;2
49;0
50;0
51;2
52;2
53;0
54;0
55;2
56;0
57;0
58;2
59;0
60;2
61;0
62;0
63;4
64;0
65;0
66;2
67;0
68;0
69;0
70;2
71;2
72;1
73;0
74;0
75;1
76;0
77;0
78;2
79;0
80;1
81;0
82;1
83;0
84;1
85;0
86;0
87;1
88;0
89;0
90;2
91;2
92;2
93;0
94;2
95;2
96;1
97;2
98;0
99;0
100;0
101;1
102;0
103;0
104;2
105;2
106;1
107;2
108;1
109;0
110;0
111;2
112;0
113;0
114;1
115;2
116;2
117;0
118;2
119;0
120;2
121;0
122;0
123;0
124;0
125;0
126;1
127;0
128;0
129;2
130;0
131;0
132;2
133;0
134;0
135;0
136;0
137;0
138;0
139;0
140;0
141;1
142;1
143;0
144;1
145;0
146;0
147;0
148;2
149;0
150;2
151;0
152;2
153;0
154;0
155;0
156;0
157;2
158;2
159;1
160;1
161;0
162;2
163;0
164;0
165;0
166;0
167;0
168;0
169;0
170;2
171;0
172;0
173;0
174;0
175;0
176;0
177;2
178;2
179;0
180;0
181;0
182;0
183;0
184;0
185;0
186;0
187;0
188;0
189;0
190;0
191;0
192;2
193;0
194;2
195;0
196;2
197;0
198;2
199;0
200;0
201;0
202;1
203;0
204;0
205;0
206;0
207;2
208;1
209;0
210;2
211;2
212;2
213;0
214;2
215;0
216;2
217;0
218;0
219;0
220;2
221;0
222;2
223;0
224;0
225;0
226;0
227;0
228;0
229;0
230;0
231;0
232;0
233;0
234;0
235;2
236;2
237;0
238;0
239;0
240;0
241;2
242;2
243;2
244;0
245;0
246;0
247;0
248;0
249;0
250;0
251;1
252;0
253;0
254;2
255;1
256;0
257;2
258;2
259;2
260;0
261;0
262;2
263;0
264;0
265;0
266;0
267;0
268;1
269;0
270;2
271;0
272;2
273;0
274;0
275;0
276;1
277;0
278;1
279;2
280;1
281;0
282;0
283;0
284;0
285;1
286;0
287;0
288;4
289;0
290;0
291;0
292;2
293;0
294;2
295;0
296;1
297;0
298;0
299;2
300;1
301;0
302;0
303;2
304;2
305;1
306;2
307;1
308;2
309;0
310;0
311;0
312;0
313;0
314;0
315;0
316;0
317;2
318;1
319;0
320;1
321;2
322;0
323;0
324;2
325;1
326;0
327;0
328;0
329;0
330;0
331;0
332;0
333;1
334;0
335;0
336;1
337;0
338;0
339;0
340;0
341;0
342;0
343;1
344;0
345;0
346;0
347;2
348;2
349;0
350;2
351;2
352;1
353;0
354;2
355;0
356;0
357;2
358;2
359;2
360;2
361;0
362;0
363;0
364;0
365;0
366;0
367;0
368;0
369;0
370;2
371;0
372;0
373;0
374;0
375;1
376;2
377;2
378;1
379;0
380;2
381;0
382;2
383;0
384;0
385;0
386;0
387;1
388;1
389;0
390;0
391;0
392;0
393;2
394;1
395;0
396;1
397;0
398;0
399;0
400;2
401;1
402;0
403;0
404;0
405;0
406;1
407;0
408;0
409;0
410;2
411;0
412;0
413;2
414;2
415;0
416;0
417;1
418;0
419;0
420;0
421;2
422;0
423;0
424;0
425;2
426;2
427;2
428;2
429;0
430;0
431;0
432;0
433;0
434;2
435;0
436;0
437;0
438;2
439;0
440;0
441;0
442;2
443;2
444;0
445;0
446;2
447;0
448;2
449;0
450;1
451;0
452;4
453;0
454;0
455;0
456;1
457;0
458;2
459;2
460;1
461;0
462;0
463;0
464;4
465;0
466;2
467;2
468;2
469;0
470;2
471;0
472;2
473;1
474;0
475;0
476;1
477;0
478;1
479;1
480;0
481;0
482;1
483;0
484;0
485;0
486;0
487;1
488;0
489;0
490;0
491;0
492;1
493;0
494;0
495;2
496;2
497;0
498;2
499;2
500;2
501;0
502;1
503;0
504;2
505;0
506;2
507;0
508;0
509;0
510;2
511;2
512;2
513;0
514;2
515;0
516;0
517;0
518;0
519;0
520;2
521;2
522;2
523;0
524;0
525;0
526;2
527;1
528;0
529;2
530;1
531;0
532;0
533;0
534;2
535;0
536;0
537;0
538;2
539;2
540;1
541;0
542;0
543;0
544;4
545;0
546;2
547;2
548;2
549;0
550;0
551;0
552;2
553;2
554;2
555;2
556;2
557;1
558;0
559;0
560;2
561;0
562;0
563;0
564;0
565;0
566;0
567;0
568;0
569;2
570;0
571;0
572;0
573;0
574;2
575;0
576;0
577;1
578;0
579;0
580;0
581;0
582;0
583;0
584;2
585;2
586;0
587;0
588;0
589;0
590;0
591;0
592;0
593;0
594;0
595;0
596;0
597;2
598;2
599;0
600;0
601;0
602;2
603;0
604;0
605;2
606;0
607;1
608;1
609;0
610;0
611;0
612;0
613;0
614;0
615;0
616;1
617;0
618;0
619;1
620;0
621;0
622;0
623;2
624;2
625;2
626;2
627;1
628;0
629;0
630;4
631;0
632;2
633;2
634;2
635;0
636;0
637;0
638;2
639;2
640;2
641;0
642;0
643;2
644;0
645;0
646;2
647;0
648;0
649;0
650;0
651;0
652;2
653;0
654;0
655;0
656;2
657;2
658;0
659;0
660;0
661;0
662;2
663;0
664;0
665;0
666;2
667;0
668;0
669;0
670;0
671;4
672;0
673;0
674;2
675;2
676;1
677;0
678;2
679;1
680;0
681;0
682;0
683;2
684;2
685;2
686;1
687;0
688;2
689;0
690;0
691;0
692;1
693;0
694;2
695;0
696;0
697;0
698;0
699;0
700;2
701;0
702;0
703;0
704;0
705;0
706;0
707;0
708;2
709;0
710;2
711;0
712;0
713;2
714;2
715;1
716;1
717;0
718;0
719;2
720;4
721;0
722;2
723;0
724;0
725;0
726;2
727;0
728;1
729;0
730;0
731;0
732;2
733;1
734;0
735;2
736;2
737;2
738;2
739;0
740;0
741;0
742;0
743;0
744;0
745;2
746;2
747;0
748;0
749;0
750;0
751;0
752;0
753;0
754;0
755;0
756;0
757;0
758;0
759;0
760;2
761;0
762;0
763;0
764;4
765;0
766;0
767;0
768;0
769;1
770;0
771;2
772;2
773;0
774;0
775;0
776;1
777;0
778;2
779;2
780;1
781;2
782;0
783;0
784;0
785;0
786;0
787;0
788;0
789;1
790;0
791;2
792;0
793;0
794;0
795;2
796;2
797;1
798;0
799;0
800;0
801;0
802;0
803;2
804;1
805;0
806;1
807;0
808;1
809;0
810;0
811;2
812;4
813;0
814;2
815;2
816;2
817;0
818;0
819;0
820;2
821;0
822;1
823;0
824;0
825;0
826;2
827;0
828;0
829;0
830;2
831;2
832;2
833;0
834;0
835;0
836;0
837;0
838;2
839;1
840;0
841;0
842;2
843;1
844;0
845;2
846;0
847;0
848;1
849;0
850;0
851;0
852;1
853;0
854;0
855;0
856;1
857;0
858;0
859;2
860;1
861;2
862;2
863;1
864;0
865;0
866;2
867;0
868;1
869;0
870;0
871;1
872;0
873;0
874;0
875;0
876;2
877;0
878;0
879;1
880;0
881;0
882;2
883;0
884;2
885;0
886;0
887;4
888;0
889;2
890;2
891;2
892;0
893;2
894;2
895;2
896;1
897;0
898;0
899;2
900;2
901;0
902;2
903;1
904;0
905;0
906;2
907;0
908;1
909;0
910;0
911;2
912;1
913;0
914;0
915;0
916;4
917;0
918;2
919;2
920;2
921;0
922;2
923;0
924;1
925;0
926;0
927;0
928;1
929;2
930;0
931;0
932;0
933;0
934;1
935;0
936;0
937;2
938;0
939;0
940;0
941;1
942;0
943;0
944;0
945;0
946;0
947;0
948;0
949;1
950;0
951;0
952;0
953;1
954;0
955;0
956;2
957;2
958;2
959;2
960;0
961;0
962;2
963;0
964;2
965;0
966;2
967;2
968;0
969;0
970;2
971;0
972;0
973;0
974;1
975;0
976;0
977;0
978;0
979;0
980;1
981;0
982;0
983;2
984;2
985;0
986;2
987;2
988;2
989;0
990;2
991;0
992;2
993;1
994;0
995;2
996;2
997;0
998;0
999;0
1000;2
1001;0
1002;0
1003;0
1004;0
1005;0
1006;2
1007;0
1008;2
1009;0
1010;0
1011;0
1012;1
1013;0
1014;0
1015;0
1016;0
1017;0
1018;0
1019;0
1020;0
1021;0
1022;0
1023;0
