0;1
1;0
2;0
3;1
4;1
5;0
6;1
7;2
8;2
9;0
10;2
11;0
12;2
13;0
14;2
15;0
16;0
17;1
18;0
19;0
20;0
21;0
22;0
23;0
24;0
25;2
26;1
27;1
28;1
29;0
30;0
31;0
32;0
33;0
34;0
35;2
36;1
37;0
38;1
39;2
40;0
41;0
42;0
43;0
44;1
45;1
46;0
47;0
48;1
49;0
50;2
51;1
52;0
53;0
54;0
55;2
56;2
57;0
58;0
59;2
60;2
61;0
62;2
63;0
64;2
65;0
66;0
67;1
68;1
69;0
70;0
71;2
72;2
73;2
74;1
75;0
76;0
77;2
78;2
79;0
80;0
81;0
82;0
83;2
84;0
85;0
86;0
87;0
88;1
89;1
90;0
91;1
92;1
93;0
94;2
95;1
96;0
97;2
98;0
99;0
100;0
101;0
102;0
103;0
104;0
105;0
106;0
107;0
108;1
109;0
110;0
111;2
112;0
113;0
114;0
115;0
116;1
117;0
118;0
119;0
120;2
121;0
122;2
123;2
124;2
125;0
126;2
127;1
128;1
129;0
130;1
131;0
132;0
133;0
134;0
135;0
136;0
137;2
138;2
139;2
140;1
141;0
142;2
143;0
144;0
145;0
146;0
147;2
148;2
149;0
150;2
151;2
152;2
153;0
154;0
155;0
156;2
157;0
158;0
159;0
160;1
161;0
162;2
163;2
164;2
165;0
166;0
167;2
168;1
169;2
170;2
171;0
172;2
173;0
174;2
175;0
176;2
177;2
178;2
179;0
180;1
181;0
182;0
183;0
184;0
185;1
186;0
187;0
188;0
189;0
190;0
191;0
192;2
193;0
194;0
195;2
196;0
197;0
198;0
199;0
200;0
201;0
202;0
203;0
204;0
205;0
206;2
207;0
208;0
209;0
210;2
211;2
212;1
213;0
214;0
215;0
216;0
217;0
218;1
219;0
220;0
221;0
222;0
223;0
224;0
225;0
226;0
227;0
228;0
229;0
230;1
231;0
232;1
233;0
234;2
235;2
236;2
237;0
238;2
239;2
240;1
241;0
242;0
243;0
244;2
245;2
246;1
247;2
248;1
249;0
250;1
251;0
252;0
253;0
254;1
255;0
256;1
257;0
258;1
259;1
260;0
261;0
262;2
263;0
264;2
265;0
266;2
267;0
268;1
269;0
270;0
271;1
272;0
273;0
274;1
275;0
276;1
277;0
278;2
279;1
280;0
281;0
282;0
283;0
284;4
285;0
286;2
287;2
288;2
289;0
290;1
291;0
292;2
293;0
294;0
295;2
296;0
297;0
298;0
299;0
300;0
301;0
302;0
303;2
304;1
305;0
306;0
307;0
308;1
309;0
310;0
311;0
312;0
313;0
314;0
315;2
316;2
317;0
318;2
319;0
320;2
321;1
322;1
323;0
324;0
325;2
326;1
327;0
328;2
329;0
330;0
331;0
332;0
333;0
334;0
335;2
336;1
337;0
338;0
339;0
340;0
341;1
342;2
343;2
344;1
345;0
346;2
347;0
348;0
349;0
350;0
351;0
352;1
353;0
354;2
355;1
356;2
357;0
358;0
359;0
360;2
361;1
362;0
363;0
364;0
365;0
366;0
367;0
368;1
369;0
370;0
371;0
372;2
373;2
374;2
375;2
376;2
377;2
378;1
379;0
380;0
381;0
382;0
383;2
384;2
385;0
386;0
387;1
388;4
389;0
390;1
391;1
392;2
393;2
394;2
395;0
396;2
397;0
398;1
399;0
400;0
401;0
402;0
403;0
404;2
405;2
406;1
407;0
408;0
409;0
410;0
411;0
412;0
413;2
414;1
415;0
416;0
417;0
418;0
419;0
420;0
421;0
422;0
423;1
424;0
425;0
426;1
427;0
428;2
429;0
430;0
431;0
432;1
433;1
434;0
435;0
436;0
437;0
438;0
439;0
440;1
441;0
442;0
443;0
444;2
445;2
446;2
447;1
448;1
449;0
450;0
451;2
452;2
453;0
454;0
455;0
456;0
457;0
458;1
459;0
460;2
461;0
462;2
463;0
464;1
465;0
466;2
467;0
468;1
469;0
470;0
471;0
472;0
473;0
474;2
475;2
476;0
477;0
478;2
479;0
480;0
481;2
482;0
483;0
484;0
485;0
486;0
487;2
488;1
489;0
490;0
491;0
492;1
493;0
494;1
495;0
496;1
497;0
498;0
499;2
500;4
501;0
502;2
503;2
504;2
505;0
506;0
507;0
508;2
509;2
510;2
511;2
512;1
513;0
514;0
515;0
516;0
517;0
518;0
519;0
520;1
521;0
522;0
523;1
524;0
525;0
526;2
527;0
528;0
529;0
530;0
531;0
532;0
533;0
534;1
535;0
536;2
537;2
538;1
539;0
540;0
541;0
542;0
543;0
544;0
545;0
546;0
547;0
548;0
549;0
550;2
551;2
552;1
553;0
554;0
555;2
556;1
557;0
558;0
559;0
560;0
561;0
562;0
563;0
564;0
565;2
566;0
567;0
568;0
569;0
570;0
571;0
572;0
573;2
574;2
575;0
576;0
577;0
578;0
579;2
580;1
581;2
582;1
583;0
584;0
585;0
586;0
587;0
588;2
589;2
590;1
591;0
592;0
593;0
594;2
595;1
596;2
597;0
598;0
599;1
600;0
601;1
602;0
603;1
604;0
605;0
606;0
607;0
608;1
609;0
610;0
611;0
612;0
613;0
614;0
615;1
616;0
617;0
618;0
619;1
620;4
621;0
622;2
623;2
624;2
625;0
626;1
627;0
628;2
629;0
630;1
631;0
632;0
633;2
634;0
635;0
636;2
637;0
638;1
639;0
640;0
641;0
642;2
643;1
644;0
645;0
646;0
647;2
648;2
649;0
650;2
651;0
652;2
653;0
654;2
655;2
656;2
657;0
658;0
659;0
660;2
661;1
662;0
663;0
664;2
665;0
666;0
667;0
668;0
669;0
670;1
671;0
672;0
673;0
674;0
675;0
676;0
677;0
678;0
679;2
680;2
681;0
682;0
683;0
684;0
685;0
686;0
687;0
688;1
689;0
690;0
691;2
692;0
693;0
694;0
695;0
696;1
697;0
698;2
699;2
700;1
701;0
702;0
703;1
704;0
705;0
706;2
707;0
708;0
709;0
710;2
711;0
712;1
713;0
714;0
715;0
716;0
717;2
718;0
719;0
720;2
721;2
722;1
723;0
724;0
725;2
726;2
727;2
728;2
729;0
730;2
731;1
732;0
733;0
734;0
735;1
736;0
737;0
738;2
739;0
740;0
741;0
742;0
743;0
744;0
745;1
746;1
747;0
748;0
749;0
750;1
751;0
752;0
753;0
754;2
755;0
756;0
757;0
758;0
759;0
760;0
761;0
762;0
763;0
764;0
765;2
766;1
767;0
768;0
769;0
770;0
771;0
772;0
773;0
774;0
775;0
776;0
777;0
778;0
779;0
780;1
781;0
782;0
783;2
784;2
785;0
786;2
787;2
788;2
789;0
790;2
791;0
792;2
793;0
794;0
795;0
796;2
797;0
798;2
799;1
800;0
801;0
802;1
803;0
804;0
805;0
806;0
807;2
808;2
809;0
810;2
811;2
812;1
813;0
814;2
815;0
816;1
817;0
818;0
819;0
820;0
821;1
822;0
823;0
824;1
825;0
826;0
827;0
828;1
829;0
830;0
831;2
832;1
833;0
834;2
835;2
836;2
837;0
838;2
839;1
840;4
841;1
842;0
843;1
844;2
845;2
846;2
847;2
848;1
849;0
850;0
851;0
852;1
853;0
854;0
855;0
856;0
857;0
858;0
859;2
860;1
861;0
862;0
863;2
864;0
865;0
866;2
867;1
868;0
869;0
870;2
871;0
872;0
873;0
874;0
875;2
876;1
877;1
878;2
879;0
880;0
881;1
882;0
883;0
884;0
885;2
886;2
887;0
888;2
889;0
890;0
891;0
892;0
893;0
894;2
895;0
896;1
897;0
898;0
899;2
900;2
901;0
902;2
903;0
904;2
905;0
906;2
907;2
908;2
909;0
910;0
911;2
912;2
913;0
914;2
915;0
916;0
917;0
918;0
919;0
920;0
921;0
922;0
923;0
924;0
925;2
926;0
927;0
928;0
929;0
930;1
931;0
932;2
933;0
934;0
935;0
936;1
937;0
938;2
939;2
940;1
941;0
942;0
943;0
944;0
945;0
946;0
947;2
948;0
949;0
950;0
951;0
952;0
953;2
954;2
955;0
956;0
957;0
958;0
959;0
960;0
961;0
962;0
963;1
964;0
965;0
966;0
967;0
968;2
969;0
970;2
971;0
972;2
973;0
974;2
975;1
976;2
977;0
978;1
979;0
980;1
981;0
982;0
983;0
984;0
985;1
986;0
987;1
988;0
989;0
990;0
991;0
992;0
993;0
994;0
995;0
996;1
997;1
998;0
999;0
1000;0
1001;0
1002;2
1003;0
1004;0
1005;1
1006;0
1007;1
1008;0
1009;2
1010;2
1011;0
1012;0
1013;0
1014;1
1015;1
1016;0
1017;0
1018;0
1019;0
1020;0
1021;0
1022;0
1023;0
