0;1
1;0
2;0
3;2
4;0
5;0
6;2
7;2
8;2
9;0
10;2
11;1
12;0
13;0
14;1
15;0
16;0
17;2
18;2
19;1
20;0
21;0
22;2
23;0
24;1
25;0
26;0
27;0
28;0
29;0
30;0
31;0
32;1
33;2
34;1
35;0
36;1
37;1
38;0
39;0
40;0
41;0
42;1
43;0
44;1
45;0
46;0
47;0
48;0
49;2
50;0
51;0
52;2
53;0
54;0
55;0
56;0
57;0
58;0
59;0
60;1
61;1
62;0
63;2
64;0
65;0
66;0
67;0
68;0
69;0
70;0
71;0
72;1
73;0
74;0
75;0
76;0
77;0
78;2
79;2
80;2
81;0
82;0
83;0
84;0
85;0
86;0
87;0
88;1
89;0
90;0
91;0
92;2
93;0
94;2
95;0
96;2
97;0
98;0
99;0
100;0
101;2
102;0
103;0
104;0
105;0
106;0
107;1
108;0
109;0
110;2
111;0
112;0
113;2
114;2
115;2
116;0
117;2
118;0
119;0
120;0
121;1
122;0
123;2
124;2
125;0
126;0
127;0
128;0
129;2
130;0
131;2
132;2
133;2
134;0
135;1
136;0
137;0
138;0
139;0
140;2
141;0
142;0
143;0
144;2
145;0
146;0
147;0
148;2
149;0
150;0
151;0
152;1
153;0
154;0
155;1
156;0
157;0
158;2
159;2
160;2
161;0
162;2
163;0
164;0
165;0
166;2
167;0
168;0
169;0
170;0
171;0
172;0
173;0
174;2
175;0
176;0
177;0
178;0
179;0
180;1
181;0
182;0
183;0
184;1
185;0
186;2
187;1
188;0
189;0
190;2
191;2
192;0
193;0
194;0
195;2
196;2
197;0
198;2
199;2
200;2
201;0
202;0
203;0
204;1
205;0
206;0
207;0
208;2
209;1
210;0
211;0
212;0
213;1
214;1
215;0
216;0
217;2
218;1
219;0
220;2
221;0
222;0
223;0
224;0
225;0
226;0
227;2
228;0
229;0
230;0
231;0
232;0
233;0
234;0
235;0
236;2
237;0
238;0
239;0
240;0
241;0
242;0
243;0
244;0
245;0
246;0
247;0
248;2
249;2
250;2
251;0
252;0
253;2
254;0
255;2
256;1
257;1
258;1
259;0
260;0
261;0
262;0
263;0
264;0
265;2
266;1
267;0
268;0
269;0
270;2
271;0
272;0
273;2
274;2
275;2
276;0
277;2
278;2
279;1
280;0
281;2
282;2
283;0
284;0
285;0
286;0
287;2
288;0
289;0
290;0
291;0
292;0
293;0
294;0
295;0
296;0
297;0
298;0
299;0
300;2
301;0
302;0
303;1
304;0
305;1
306;0
307;0
308;0
309;0
310;0
311;0
312;0
313;1
314;0
315;0
316;2
317;2
318;0
319;0
320;0
321;0
322;0
323;2
324;0
325;0
326;0
327;0
328;0
329;0
330;0
331;0
332;2
333;2
334;0
335;0
336;1
337;0
338;2
339;0
340;1
341;2
342;0
343;0
344;2
345;1
346;1
347;0
348;2
349;0
350;0
351;0
352;0
353;0
354;0
355;2
356;0
357;1
358;0
359;2
360;2
361;1
362;0
363;2
364;1
365;0
366;0
367;0
368;0
369;2
370;0
371;0
372;0
373;0
374;2
375;0
376;0
377;0
378;2
379;2
380;0
381;2
382;1
383;0
384;0
385;0
386;0
387;0
388;1
389;0
390;1
391;0
392;0
393;0
394;0
395;0
396;0
397;0
398;2
399;0
400;0
401;0
402;0
403;0
404;2
405;0
406;0
407;0
408;2
409;0
410;2
411;0
412;0
413;0
414;0
415;2
416;1
417;0
418;0
419;2
420;0
421;1
422;0
423;2
424;4
425;0
426;2
427;2
428;2
429;0
430;2
431;0
432;2
433;2
434;2
435;2
436;0
437;1
438;2
439;2
440;1
441;0
442;0
443;0
444;0
445;0
446;0
447;0
448;0
449;2
450;0
451;0
452;1
453;0
454;2
455;2
456;1
457;0
458;0
459;0
460;0
461;0
462;0
463;0
464;0
465;0
466;0
467;2
468;0
469;0
470;0
471;0
472;0
473;0
474;0
475;0
476;1
477;0
478;2
479;0
480;0
481;0
482;0
483;0
484;0
485;2
486;2
487;0
488;0
489;0
490;0
491;0
492;2
493;0
494;0
495;0
496;1
497;0
498;0
499;2
500;1
501;0
502;0
503;0
504;0
505;0
506;0
507;0
508;0
509;0
510;0
511;0
512;2
513;2
514;2
515;2
516;0
517;2
518;0
519;0
520;0
521;2
522;2
523;4
524;0
525;0
526;2
527;2
528;0
529;0
530;2
531;1
532;0
533;0
534;0
535;2
536;4
537;0
538;2
539;1
540;0
541;0
542;2
543;0
544;2
545;0
546;0
547;0
548;0
549;0
550;0
551;0
552;0
553;2
554;2
555;2
556;2
557;1
558;0
559;0
560;1
561;0
562;2
563;0
564;0
565;2
566;1
567;0
568;0
569;0
570;2
571;0
572;0
573;0
574;2
575;0
576;0
577;0
578;2
579;1
580;0
581;0
582;0
583;0
584;0
585;0
586;0
587;0
588;0
589;0
590;0
591;0
592;2
593;2
594;0
595;0
596;0
597;0
598;0
599;0
600;0
601;1
602;0
603;0
604;0
605;0
606;0
607;0
608;1
609;0
610;0
611;0
612;2
613;2
614;0
615;0
616;2
617;0
618;0
619;0
620;2
621;0
622;0
623;0
624;2
625;1
626;0
627;0
628;0
629;0
630;2
631;0
632;0
633;0
634;0
635;2
636;2
637;2
638;0
639;0
640;1
641;0
642;0
643;0
644;1
645;1
646;0
647;0
648;0
649;0
650;0
651;0
652;0
653;0
654;0
655;0
656;0
657;2
658;0
659;2
660;0
661;0
662;0
663;0
664;0
665;0
666;0
667;0
668;0
669;0
670;2
671;0
672;0
673;0
674;0
675;0
676;0
677;0
678;2
679;2
680;0
681;0
682;0
683;0
684;0
685;0
686;2
687;2
688;1
689;0
690;1
691;2
692;1
693;0
694;0
695;0
696;0
697;0
698;0
699;2
700;2
701;0
702;1
703;0
704;0
705;0
706;0
707;0
708;0
709;0
710;0
711;0
712;1
713;0
714;0
715;0
716;0
717;0
718;0
719;0
720;0
721;0
722;0
723;0
724;0
725;0
726;0
727;0
728;0
729;2
730;2
731;0
732;0
733;0
734;0
735;2
736;0
737;0
738;2
739;0
740;0
741;0
742;0
743;0
744;1
745;0
746;2
747;1
748;0
749;2
750;2
751;0
752;0
753;0
754;0
755;0
756;0
757;0
758;0
759;0
760;0
761;0
762;0
763;1
764;0
765;0
766;0
767;2
768;0
769;2
770;2
771;1
772;0
773;0
774;2
775;1
776;0
777;0
778;0
779;2
780;2
781;0
782;2
783;2
784;2
785;2
786;2
787;0
788;1
789;0
790;0
791;0
792;0
793;2
794;0
795;0
796;0
797;0
798;0
799;1
800;0
801;0
802;1
803;0
804;0
805;0
806;0
807;0
808;0
809;0
810;0
811;0
812;0
813;2
814;0
815;0
816;2
817;2
818;2
819;0
820;0
821;1
822;0
823;2
824;2
825;0
826;0
827;0
828;0
829;1
830;0
831;0
832;2
833;2
834;2
835;2
836;0
837;2
838;0
839;2
840;0
841;0
842;1
843;2
844;1
845;0
846;1
847;2
848;2
849;0
850;2
851;0
852;2
853;0
854;2
855;0
856;0
857;0
858;0
859;0
860;0
861;0
862;0
863;1
864;0
865;0
866;2
867;0
868;1
869;0
870;0
871;0
872;1
873;2
874;0
875;1
876;0
877;0
878;2
879;0
880;0
881;1
882;1
883;0
884;0
885;0
886;0
887;0
888;0
889;0
890;0
891;0
892;0
893;0
894;0
895;2
896;1
897;0
898;1
899;0
900;0
901;0
902;0
903;2
904;0
905;0
906;0
907;0
908;2
909;0
910;0
911;0
912;1
913;0
914;0
915;0
916;0
917;0
918;2
919;0
920;0
921;0
922;0
923;1
924;2
925;0
926;1
927;0
928;2
929;1
930;2
931;0
932;0
933;0
934;2
935;1
936;2
937;0
938;0
939;0
940;0
941;2
942;0
943;2
944;2
945;0
946;0
947;0
948;0
949;0
950;0
951;0
952;0
953;0
954;2
955;0
956;0
957;0
958;0
959;0
960;1
961;0
962;2
963;2
964;2
965;0
966;0
967;0
968;0
969;0
970;0
971;0
972;0
973;0
974;0
975;2
976;1
977;0
978;0
979;0
980;0
981;0
982;0
983;0
984;0
985;0
986;0
987;2
988;0
989;0
990;0
991;2
992;1
993;0
994;0
995;0
996;0
997;0
998;0
999;2
1000;1
1001;0
1002;0
1003;2
1004;4
1005;0
1006;2
1007;2
1008;2
1009;0
1010;0
1011;0
1012;1
1013;1
1014;0
1015;0
1016;0
1017;0
1018;0
1019;0
1020;0
1021;0
1022;0
1023;0
