0;1
1;0
2;0
3;2
4;2
5;0
6;2
7;2
8;2
9;0
10;2
11;0
12;0
13;0
14;2
15;1
16;0
17;0
18;0
19;1
20;0
21;1
22;1
23;0
24;1
25;0
26;0
27;0
28;2
29;0
30;0
31;0
32;0
33;0
34;2
35;2
36;1
37;0
38;0
39;2
40;2
41;0
42;2
43;2
44;2
45;0
46;2
47;0
48;1
49;0
50;0
51;1
52;2
53;0
54;0
55;0
56;0
57;0
58;0
59;1
60;0
61;0
62;0
63;1
64;0
65;0
66;1
67;0
68;0
69;2
70;0
71;0
72;0
73;2
74;0
75;2
76;1
77;0
78;0
79;0
80;2
81;0
82;0
83;0
84;2
85;0
86;0
87;0
88;2
89;2
90;0
91;0
92;2
93;0
94;2
95;0
96;0
97;0
98;0
99;0
100;0
101;0
102;0
103;0
104;0
105;0
106;1
107;0
108;1
109;0
110;0
111;2
112;2
113;0
114;1
115;1
116;0
117;2
118;2
119;0
120;1
121;0
122;0
123;0
124;0
125;0
126;0
127;1
128;0
129;0
130;2
131;0
132;0
133;1
134;0
135;0
136;0
137;0
138;0
139;2
140;0
141;2
142;0
143;2
144;2
145;0
146;0
147;0
148;0
149;0
150;0
151;0
152;0
153;0
154;0
155;0
156;0
157;0
158;0
159;2
160;1
161;1
162;0
163;0
164;1
165;2
166;0
167;0
168;0
169;0
170;0
171;0
172;0
173;0
174;0
175;0
176;0
177;2
178;2
179;1
180;0
181;0
182;0
183;0
184;0
185;1
186;0
187;0
188;0
189;0
190;2
191;1
192;1
193;0
194;0
195;2
196;2
197;0
198;0
199;1
200;0
201;0
202;0
203;2
204;2
205;0
206;0
207;2
208;2
209;0
210;0
211;0
212;0
213;0
214;0
215;0
216;0
217;0
218;0
219;0
220;2
221;2
222;2
223;1
224;1
225;0
226;2
227;2
228;1
229;0
230;0
231;1
232;0
233;0
234;0
235;1
236;0
237;2
238;2
239;0
240;1
241;0
242;1
243;0
244;0
245;0
246;1
247;0
248;2
249;1
250;1
251;0
252;0
253;0
254;2
255;0
256;1
257;0
258;0
259;0
260;0
261;0
262;0
263;0
264;2
265;0
266;2
267;0
268;0
269;0
270;0
271;1
272;0
273;0
274;0
275;2
276;1
277;0
278;0
279;0
280;2
281;0
282;0
283;0
284;0
285;0
286;0
287;0
288;2
289;2
290;0
291;0
292;1
293;0
294;0
295;0
296;1
297;1
298;2
299;1
300;0
301;0
302;2
303;0
304;0
305;2
306;0
307;0
308;0
309;0
310;0
311;0
312;0
313;0
314;1
315;0
316;0
317;0
318;0
319;0
320;0
321;0
322;1
323;0
324;1
325;0
326;0
327;1
328;1
329;0
330;0
331;0
332;0
333;0
334;0
335;2
336;1
337;0
338;0
339;0
340;0
341;2
342;1
343;0
344;2
345;0
346;1
347;0
348;0
349;2
350;0
351;1
352;0
353;0
354;2
355;0
356;1
357;0
358;0
359;0
360;0
361;0
362;1
363;2
364;0
365;0
366;2
367;1
368;0
369;0
370;0
371;0
372;0
373;0
374;0
375;1
376;0
377;0
378;2
379;2
380;2
381;0
382;0
383;2
384;4
385;0
386;2
387;2
388;2
389;0
390;2
391;0
392;2
393;0
394;0
395;0
396;0
397;0
398;0
399;0
400;0
401;0
402;0
403;0
404;0
405;0
406;0
407;1
408;0
409;1
410;0
411;1
412;0
413;0
414;1
415;0
416;1
417;0
418;0
419;1
420;0
421;2
422;2
423;2
424;1
425;0
426;1
427;0
428;2
429;0
430;0
431;1
432;0
433;2
434;2
435;0
436;2
437;0
438;0
439;0
440;0
441;0
442;0
443;0
444;0
445;2
446;1
447;0
448;2
449;0
450;0
451;0
452;1
453;0
454;1
455;0
456;1
457;0
458;0
459;2
460;2
461;2
462;0
463;0
464;0
465;0
466;2
467;2
468;0
469;0
470;0
471;0
472;4
473;0
474;0
475;2
476;2
477;0
478;2
479;0
480;2
481;0
482;0
483;0
484;1
485;0
486;1
487;0
488;0
489;0
490;0
491;2
492;1
493;0
494;1
495;0
496;1
497;0
498;0
499;0
500;2
501;2
502;2
503;2
504;1
505;0
506;1
507;0
508;2
509;2
510;2
511;0
512;2
513;0
514;1
515;0
516;0
517;1
518;2
519;2
520;2
521;2
522;0
523;0
524;0
525;2
526;2
527;2
528;1
529;0
530;0
531;0
532;0
533;0
534;1
535;0
536;2
537;0
538;1
539;0
540;2
541;0
542;0
543;0
544;2
545;0
546;0
547;1
548;1
549;0
550;0
551;2
552;2
553;0
554;0
555;2
556;0
557;2
558;2
559;1
560;0
561;0
562;0
563;2
564;1
565;1
566;0
567;0
568;1
569;0
570;0
571;0
572;2
573;0
574;0
575;0
576;0
577;0
578;0
579;0
580;0
581;2
582;0
583;2
584;2
585;2
586;2
587;2
588;0
589;0
590;0
591;0
592;0
593;1
594;0
595;0
596;1
597;0
598;0
599;0
600;1
601;1
602;0
603;1
604;0
605;0
606;1
607;0
608;0
609;0
610;2
611;2
612;1
613;0
614;0
615;0
616;0
617;2
618;2
619;2
620;2
621;0
622;0
623;1
624;0
625;0
626;2
627;0
628;2
629;0
630;0
631;1
632;0
633;0
634;0
635;0
636;0
637;0
638;0
639;0
640;0
641;2
642;1
643;0
644;2
645;0
646;0
647;0
648;2
649;0
650;2
651;0
652;0
653;0
654;0
655;0
656;0
657;2
658;0
659;0
660;1
661;0
662;0
663;0
664;2
665;0
666;0
667;0
668;0
669;0
670;0
671;1
672;0
673;0
674;0
675;0
676;0
677;1
678;0
679;0
680;0
681;1
682;0
683;0
684;0
685;0
686;0
687;0
688;0
689;0
690;0
691;0
692;2
693;4
694;0
695;0
696;1
697;0
698;2
699;0
700;0
701;2
702;0
703;0
704;2
705;0
706;0
707;1
708;0
709;0
710;0
711;0
712;1
713;1
714;0
715;0
716;0
717;0
718;0
719;1
720;0
721;1
722;0
723;0
724;1
725;0
726;0
727;2
728;2
729;0
730;0
731;0
732;0
733;2
734;1
735;0
736;1
737;0
738;2
739;0
740;2
741;0
742;2
743;0
744;0
745;0
746;0
747;0
748;0
749;0
750;1
751;0
752;0
753;0
754;0
755;0
756;0
757;0
758;2
759;2
760;0
761;0
762;0
763;1
764;0
765;0
766;0
767;1
768;0
769;0
770;0
771;1
772;2
773;1
774;0
775;0
776;2
777;2
778;2
779;1
780;0
781;0
782;0
783;0
784;0
785;0
786;0
787;0
788;0
789;2
790;2
791;1
792;0
793;0
794;0
795;0
796;0
797;0
798;0
799;0
800;1
801;2
802;0
803;1
804;0
805;0
806;0
807;2
808;0
809;2
810;0
811;0
812;0
813;0
814;0
815;2
816;0
817;0
818;2
819;2
820;2
821;0
822;0
823;0
824;0
825;1
826;0
827;0
828;0
829;0
830;0
831;2
832;0
833;0
834;2
835;2
836;2
837;0
838;0
839;2
840;2
841;2
842;2
843;2
844;2
845;0
846;2
847;0
848;2
849;1
850;1
851;0
852;0
853;0
854;1
855;0
856;0
857;0
858;0
859;0
860;2
861;2
862;0
863;0
864;0
865;0
866;0
867;1
868;0
869;2
870;2
871;0
872;2
873;0
874;0
875;2
876;0
877;0
878;0
879;0
880;0
881;0
882;0
883;0
884;0
885;0
886;0
887;0
888;0
889;0
890;0
891;0
892;2
893;0
894;0
895;0
896;0
897;0
898;0
899;0
900;0
901;2
902;2
903;0
904;2
905;2
906;1
907;0
908;1
909;2
910;2
911;1
912;0
913;2
914;0
915;1
916;0
917;2
918;0
919;0
920;0
921;0
922;0
923;2
924;2
925;0
926;0
927;1
928;0
929;0
930;0
931;2
932;0
933;1
934;0
935;0
936;0
937;0
938;0
939;0
940;0
941;0
942;2
943;1
944;0
945;0
946;0
947;0
948;1
949;0
950;0
951;0
952;0
953;0
954;0
955;0
956;0
957;2
958;0
959;0
960;0
961;0
962;0
963;0
964;2
965;0
966;2
967;0
968;0
969;2
970;2
971;0
972;0
973;1
974;0
975;0
976;2
977;2
978;2
979;0
980;2
981;2
982;2
983;1
984;0
985;2
986;2
987;2
988;0
989;0
990;0
991;1
992;0
993;2
994;2
995;2
996;2
997;2
998;2
999;2
1000;1
1001;0
1002;0
1003;0
1004;1
1005;0
1006;0
1007;0
1008;0
1009;2
1010;0
1011;0
1012;0
1013;0
1014;0
1015;1
1016;0
1017;0
1018;0
1019;0
1020;0
1021;0
1022;0
1023;0
