0;1
1;0
2;0
3;2
4;2
5;0
6;2
7;2
8;2
9;0
10;2
11;0
12;0
13;0
14;2
15;1
16;0
17;0
18;0
19;0
20;0
21;1
22;1
23;0
24;1
25;0
26;0
27;0
28;2
29;0
30;0
31;1
32;0
33;1
34;0
35;0
36;2
37;0
38;0
39;0
40;0
41;0
42;0
43;1
44;0
45;0
46;0
47;0
48;0
49;0
50;0
51;1
52;0
53;2
54;0
55;0
56;0
57;0
58;0
59;0
60;2
61;0
62;0
63;0
64;2
65;0
66;0
67;0
68;2
69;0
70;0
71;0
72;0
73;0
74;0
75;0
76;2
77;1
78;0
79;0
80;1
81;1
82;0
83;0
84;0
85;0
86;2
87;1
88;0
89;0
90;2
91;1
92;1
93;0
94;0
95;0
96;2
97;2
98;1
99;1
100;0
101;0
102;1
103;0
104;0
105;0
106;0
107;0
108;0
109;0
110;0
111;1
112;0
113;0
114;0
115;0
116;0
117;1
118;0
119;0
120;0
121;0
122;2
123;0
124;2
125;2
126;0
127;2
128;2
129;0
130;0
131;0
132;0
133;0
134;0
135;0
136;0
137;0
138;0
139;0
140;0
141;0
142;0
143;0
144;2
145;1
146;0
147;0
148;2
149;0
150;0
151;0
152;2
153;0
154;0
155;0
156;0
157;0
158;0
159;1
160;1
161;0
162;2
163;1
164;0
165;0
166;0
167;2
168;4
169;0
170;1
171;0
172;0
173;0
174;0
175;0
176;2
177;2
178;2
179;2
180;2
181;2
182;1
183;0
184;0
185;0
186;2
187;1
188;0
189;0
190;0
191;2
192;2
193;0
194;0
195;1
196;0
197;2
198;0
199;1
200;0
201;0
202;0
203;0
204;2
205;0
206;0
207;0
208;2
209;0
210;1
211;0
212;0
213;0
214;0
215;2
216;0
217;0
218;2
219;2
220;1
221;0
222;0
223;2
224;1
225;0
226;2
227;2
228;1
229;0
230;0
231;2
232;0
233;2
234;1
235;0
236;0
237;0
238;0
239;0
240;0
241;0
242;2
243;0
244;0
245;1
246;0
247;0
248;1
249;0
250;1
251;1
252;1
253;0
254;0
255;0
256;0
257;1
258;0
259;1
260;0
261;1
262;0
263;0
264;0
265;0
266;0
267;1
268;0
269;0
270;0
271;0
272;1
273;0
274;0
275;0
276;0
277;2
278;0
279;0
280;0
281;0
282;0
283;0
284;2
285;0
286;0
287;0
288;1
289;0
290;0
291;0
292;0
293;1
294;0
295;1
296;0
297;0
298;2
299;2
300;0
301;0
302;0
303;0
304;0
305;1
306;0
307;1
308;0
309;0
310;1
311;0
312;0
313;0
314;1
315;0
316;0
317;0
318;2
319;0
320;1
321;0
322;0
323;1
324;0
325;0
326;0
327;0
328;2
329;1
330;0
331;1
332;0
333;0
334;0
335;0
336;2
337;2
338;2
339;2
340;2
341;0
342;0
343;1
344;0
345;2
346;2
347;1
348;0
349;0
350;1
351;1
352;0
353;0
354;0
355;0
356;0
357;0
358;0
359;2
360;0
361;1
362;2
363;0
364;0
365;0
366;0
367;0
368;0
369;0
370;0
371;0
372;0
373;2
374;1
375;0
376;1
377;0
378;0
379;0
380;2
381;0
382;0
383;0
384;0
385;0
386;0
387;0
388;1
389;0
390;1
391;0
392;2
393;2
394;0
395;0
396;0
397;2
398;2
399;0
400;0
401;0
402;0
403;0
404;2
405;1
406;0
407;1
408;0
409;0
410;0
411;0
412;0
413;0
414;0
415;0
416;0
417;0
418;0
419;0
420;0
421;0
422;0
423;1
424;1
425;0
426;0
427;1
428;4
429;0
430;0
431;2
432;2
433;0
434;2
435;0
436;1
437;0
438;1
439;0
440;2
441;0
442;0
443;0
444;2
445;2
446;0
447;0
448;0
449;1
450;0
451;0
452;1
453;0
454;0
455;0
456;1
457;1
458;2
459;0
460;2
461;0
462;0
463;2
464;0
465;2
466;0
467;2
468;0
469;0
470;2
471;0
472;1
473;0
474;0
475;1
476;0
477;0
478;0
479;0
480;2
481;1
482;0
483;2
484;2
485;0
486;0
487;1
488;0
489;1
490;2
491;2
492;2
493;0
494;0
495;1
496;0
497;1
498;0
499;0
500;1
501;0
502;0
503;0
504;0
505;2
506;1
507;0
508;2
509;0
510;1
511;0
512;2
513;0
514;0
515;0
516;0
517;0
518;0
519;0
520;1
521;0
522;0
523;2
524;0
525;0
526;0
527;1
528;0
529;2
530;2
531;1
532;0
533;0
534;0
535;2
536;1
537;1
538;0
539;0
540;0
541;0
542;1
543;0
544;2
545;0
546;0
547;0
548;1
549;0
550;0
551;0
552;2
553;2
554;2
555;2
556;2
557;2
558;2
559;1
560;0
561;0
562;0
563;0
564;0
565;0
566;0
567;0
568;1
569;0
570;0
571;0
572;0
573;1
574;0
575;0
576;0
577;0
578;1
579;0
580;0
581;2
582;0
583;1
584;0
585;1
586;0
587;0
588;0
589;2
590;2
591;2
592;2
593;1
594;0
595;1
596;0
597;0
598;2
599;0
600;2
601;0
602;0
603;0
604;2
605;0
606;0
607;0
608;0
609;0
610;0
611;0
612;0
613;2
614;1
615;0
616;2
617;0
618;2
619;2
620;2
621;0
622;2
623;0
624;0
625;0
626;0
627;0
628;0
629;2
630;0
631;0
632;2
633;0
634;1
635;0
636;2
637;0
638;0
639;0
640;1
641;0
642;0
643;1
644;0
645;0
646;2
647;0
648;1
649;1
650;0
651;0
652;0
653;0
654;0
655;0
656;0
657;0
658;2
659;0
660;0
661;0
662;0
663;0
664;0
665;1
666;1
667;0
668;1
669;0
670;2
671;0
672;1
673;0
674;0
675;0
676;2
677;0
678;0
679;1
680;0
681;2
682;2
683;0
684;0
685;0
686;0
687;0
688;0
689;1
690;0
691;2
692;1
693;0
694;0
695;1
696;2
697;0
698;0
699;2
700;4
701;0
702;2
703;2
704;0
705;2
706;2
707;0
708;2
709;0
710;0
711;1
712;1
713;0
714;0
715;0
716;2
717;2
718;2
719;0
720;0
721;0
722;0
723;2
724;1
725;0
726;2
727;2
728;2
729;0
730;1
731;0
732;0
733;0
734;0
735;0
736;2
737;2
738;1
739;0
740;2
741;0
742;0
743;0
744;0
745;1
746;0
747;2
748;0
749;0
750;0
751;1
752;0
753;0
754;0
755;1
756;0
757;0
758;1
759;1
760;2
761;2
762;2
763;2
764;1
765;0
766;2
767;1
768;2
769;0
770;0
771;2
772;0
773;1
774;0
775;0
776;2
777;2
778;0
779;2
780;2
781;0
782;0
783;2
784;0
785;0
786;0
787;1
788;1
789;2
790;0
791;1
792;0
793;2
794;0
795;0
796;0
797;1
798;0
799;0
800;0
801;0
802;0
803;2
804;2
805;0
806;2
807;2
808;0
809;0
810;0
811;0
812;2
813;2
814;2
815;0
816;0
817;1
818;0
819;1
820;0
821;0
822;2
823;2
824;1
825;0
826;0
827;2
828;2
829;0
830;2
831;2
832;2
833;0
834;2
835;0
836;0
837;1
838;0
839;0
840;0
841;0
842;1
843;0
844;2
845;0
846;0
847;0
848;2
849;2
850;0
851;0
852;0
853;1
854;0
855;1
856;0
857;1
858;0
859;0
860;2
861;0
862;2
863;2
864;0
865;0
866;0
867;0
868;0
869;0
870;0
871;0
872;0
873;0
874;0
875;2
876;0
877;0
878;0
879;0
880;2
881;0
882;0
883;0
884;0
885;0
886;1
887;0
888;0
889;1
890;0
891;0
892;2
893;2
894;0
895;0
896;1
897;0
898;2
899;0
900;2
901;1
902;0
903;1
904;0
905;2
906;0
907;0
908;0
909;0
910;0
911;0
912;0
913;0
914;0
915;1
916;0
917;0
918;2
919;2
920;0
921;1
922;0
923;0
924;0
925;0
926;2
927;0
928;0
929;0
930;0
931;2
932;0
933;0
934;0
935;0
936;1
937;0
938;0
939;0
940;0
941;0
942;0
943;0
944;0
945;0
946;2
947;2
948;0
949;0
950;0
951;2
952;0
953;0
954;0
955;0
956;0
957;2
958;0
959;0
960;0
961;1
962;1
963;0
964;1
965;0
966;2
967;2
968;2
969;2
970;2
971;2
972;2
973;2
974;1
975;0
976;4
977;0
978;0
979;0
980;1
981;0
982;0
983;2
984;2
985;0
986;0
987;2
988;1
989;0
990;0
991;0
992;0
993;0
994;0
995;0
996;0
997;2
998;2
999;0
1000;0
1001;0
1002;0
1003;2
1004;0
1005;0
1006;0
1007;0
1008;2
1009;0
1010;2
1011;2
1012;0
1013;1
1014;1
1015;0
1016;0
1017;0
1018;0
1019;0
1020;0
1021;0
1022;0
1023;0
