0;0
1;0
2;0
3;2
4;4
5;0
6;2
7;1
8;0
9;0
10;2
11;0
12;2
13;0
14;1
15;0
16;0
17;0
18;0
19;1
20;0
21;2
22;0
23;2
24;1
25;0
26;0
27;0
28;2
29;0
30;0
31;0
32;1
33;2
34;0
35;0
36;2
37;1
38;1
39;0
40;1
41;0
42;1
43;0
44;2
45;0
46;0
47;0
48;1
49;1
50;1
51;0
52;2
53;0
54;0
55;0
56;0
57;0
58;0
59;2
60;1
61;1
62;0
63;2
64;0
65;0
66;0
67;0
68;0
69;0
70;0
71;0
72;1
73;0
74;0
75;0
76;0
77;2
78;2
79;2
80;2
81;0
82;0
83;0
84;1
85;0
86;0
87;0
88;0
89;0
90;0
91;2
92;2
93;1
94;0
95;0
96;0
97;0
98;0
99;0
100;0
101;1
102;0
103;0
104;0
105;0
106;2
107;1
108;0
109;0
110;1
111;0
112;0
113;1
114;0
115;0
116;0
117;2
118;0
119;0
120;0
121;0
122;2
123;2
124;2
125;0
126;0
127;0
128;0
129;1
130;0
131;2
132;2
133;0
134;0
135;0
136;0
137;0
138;0
139;0
140;2
141;0
142;0
143;0
144;2
145;0
146;0
147;2
148;0
149;0
150;2
151;0
152;2
153;1
154;0
155;0
156;0
157;0
158;0
159;0
160;0
161;0
162;0
163;0
164;1
165;0
166;0
167;0
168;0
169;0
170;0
171;0
172;2
173;0
174;0
175;0
176;0
177;1
178;0
179;0
180;2
181;0
182;0
183;0
184;0
185;0
186;0
187;0
188;0
189;0
190;1
191;0
192;2
193;2
194;1
195;0
196;2
197;0
198;0
199;0
200;0
201;0
202;2
203;0
204;0
205;0
206;0
207;0
208;0
209;0
210;0
211;0
212;1
213;0
214;0
215;0
216;0
217;0
218;0
219;0
220;0
221;2
222;0
223;0
224;2
225;0
226;0
227;0
228;0
229;2
230;0
231;2
232;0
233;1
234;1
235;0
236;0
237;0
238;0
239;0
240;0
241;0
242;1
243;0
244;0
245;0
246;2
247;0
248;0
249;2
250;2
251;0
252;0
253;0
254;0
255;1
256;0
257;0
258;0
259;0
260;0
261;0
262;0
263;0
264;1
265;0
266;0
267;0
268;2
269;0
270;0
271;0
272;0
273;0
274;0
275;2
276;1
277;0
278;0
279;0
280;1
281;0
282;0
283;2
284;2
285;2
286;1
287;0
288;0
289;0
290;0
291;0
292;1
293;0
294;0
295;0
296;0
297;1
298;0
299;0
300;0
301;0
302;0
303;2
304;2
305;2
306;2
307;2
308;1
309;0
310;2
311;0
312;0
313;0
314;0
315;0
316;0
317;0
318;0
319;1
320;0
321;0
322;2
323;2
324;2
325;2
326;2
327;1
328;0
329;0
330;0
331;0
332;2
333;1
334;0
335;0
336;1
337;0
338;0
339;0
340;0
341;0
342;0
343;2
344;0
345;1
346;0
347;0
348;2
349;2
350;1
351;2
352;1
353;0
354;0
355;0
356;0
357;2
358;2
359;0
360;0
361;1
362;0
363;0
364;0
365;0
366;2
367;2
368;1
369;0
370;0
371;0
372;0
373;0
374;0
375;0
376;0
377;0
378;1
379;0
380;0
381;0
382;2
383;2
384;1
385;0
386;0
387;2
388;4
389;2
390;2
391;1
392;0
393;0
394;0
395;0
396;2
397;1
398;0
399;0
400;1
401;0
402;0
403;0
404;2
405;2
406;2
407;0
408;0
409;0
410;0
411;0
412;0
413;0
414;2
415;2
416;2
417;1
418;0
419;0
420;1
421;1
422;0
423;2
424;2
425;0
426;0
427;2
428;0
429;0
430;0
431;0
432;0
433;0
434;0
435;0
436;0
437;0
438;0
439;1
440;0
441;0
442;2
443;2
444;1
445;0
446;0
447;0
448;0
449;0
450;0
451;0
452;0
453;0
454;0
455;2
456;0
457;0
458;1
459;1
460;0
461;0
462;1
463;2
464;2
465;0
466;0
467;0
468;0
469;0
470;0
471;0
472;0
473;0
474;0
475;0
476;2
477;0
478;0
479;2
480;2
481;0
482;0
483;0
484;1
485;0
486;1
487;0
488;2
489;0
490;0
491;0
492;0
493;2
494;0
495;0
496;0
497;0
498;0
499;0
500;2
501;2
502;2
503;2
504;2
505;2
506;0
507;0
508;0
509;2
510;2
511;0
512;0
513;0
514;0
515;2
516;0
517;0
518;2
519;2
520;1
521;0
522;0
523;2
524;4
525;0
526;2
527;2
528;2
529;0
530;2
531;0
532;2
533;0
534;0
535;0
536;0
537;0
538;0
539;0
540;0
541;2
542;1
543;0
544;2
545;1
546;0
547;0
548;1
549;0
550;2
551;0
552;0
553;1
554;0
555;0
556;2
557;2
558;2
559;0
560;0
561;1
562;0
563;2
564;2
565;0
566;0
567;1
568;0
569;1
570;0
571;0
572;0
573;0
574;0
575;0
576;0
577;0
578;0
579;0
580;2
581;2
582;0
583;0
584;1
585;0
586;0
587;0
588;0
589;0
590;1
591;0
592;0
593;0
594;0
595;0
596;1
597;0
598;0
599;0
600;2
601;0
602;0
603;0
604;2
605;0
606;0
607;0
608;2
609;0
610;0
611;0
612;2
613;0
614;0
615;0
616;0
617;0
618;0
619;1
620;0
621;0
622;0
623;1
624;0
625;2
626;0
627;0
628;1
629;0
630;1
631;0
632;1
633;0
634;0
635;0
636;0
637;0
638;0
639;0
640;0
641;0
642;0
643;0
644;1
645;0
646;0
647;2
648;0
649;0
650;2
651;0
652;0
653;1
654;0
655;0
656;0
657;0
658;2
659;0
660;0
661;0
662;0
663;0
664;2
665;0
666;2
667;1
668;0
669;0
670;0
671;0
672;0
673;0
674;0
675;2
676;2
677;2
678;1
679;2
680;2
681;1
682;0
683;0
684;0
685;0
686;0
687;2
688;0
689;0
690;0
691;0
692;0
693;0
694;0
695;0
696;0
697;2
698;0
699;0
700;1
701;0
702;1
703;0
704;0
705;0
706;0
707;0
708;0
709;0
710;0
711;2
712;0
713;2
714;0
715;0
716;0
717;0
718;1
719;0
720;2
721;0
722;0
723;2
724;0
725;0
726;0
727;0
728;0
729;0
730;0
731;0
732;1
733;0
734;2
735;0
736;0
737;0
738;1
739;0
740;0
741;2
742;0
743;0
744;1
745;0
746;0
747;0
748;0
749;2
750;1
751;0
752;0
753;0
754;0
755;0
756;0
757;2
758;2
759;2
760;0
761;0
762;1
763;0
764;0
765;0
766;2
767;0
768;0
769;0
770;0
771;0
772;0
773;0
774;0
775;0
776;0
777;0
778;0
779;0
780;1
781;0
782;0
783;0
784;0
785;0
786;0
787;0
788;0
789;0
790;0
791;0
792;0
793;1
794;0
795;0
796;1
797;2
798;0
799;0
800;2
801;1
802;0
803;0
804;0
805;0
806;0
807;0
808;2
809;2
810;2
811;1
812;0
813;0
814;0
815;0
816;0
817;2
818;1
819;2
820;1
821;0
822;1
823;2
824;1
825;0
826;0
827;0
828;0
829;0
830;0
831;0
832;2
833;2
834;0
835;0
836;0
837;0
838;0
839;0
840;0
841;2
842;2
843;0
844;0
845;0
846;0
847;0
848;2
849;0
850;0
851;1
852;0
853;0
854;2
855;2
856;2
857;0
858;2
859;0
860;2
861;1
862;1
863;0
864;2
865;0
866;1
867;0
868;1
869;0
870;0
871;0
872;0
873;0
874;1
875;1
876;0
877;2
878;0
879;2
880;0
881;0
882;0
883;0
884;0
885;0
886;0
887;0
888;1
889;1
890;1
891;1
892;0
893;0
894;0
895;2
896;0
897;2
898;0
899;0
900;0
901;0
902;0
903;0
904;4
905;2
906;0
907;0
908;0
909;0
910;0
911;0
912;2
913;0
914;0
915;1
916;0
917;0
918;1
919;0
920;0
921;1
922;1
923;0
924;0
925;0
926;1
927;0
928;0
929;0
930;0
931;0
932;0
933;2
934;2
935;2
936;2
937;0
938;2
939;0
940;0
941;0
942;0
943;0
944;0
945;0
946;0
947;0
948;0
949;1
950;0
951;0
952;1
953;2
954;2
955;0
956;2
957;0
958;0
959;0
960;2
961;0
962;0
963;0
964;0
965;0
966;2
967;2
968;1
969;0
970;0
971;2
972;0
973;0
974;0
975;0
976;0
977;0
978;0
979;2
980;0
981;0
982;0
983;2
984;1
985;0
986;0
987;0
988;0
989;0
990;2
991;1
992;0
993;2
994;0
995;0
996;2
997;0
998;0
999;2
1000;0
1001;0
1002;0
1003;0
1004;0
1005;2
1006;0
1007;1
1008;0
1009;1
1010;0
1011;0
1012;0
1013;0
1014;0
1015;0
1016;0
1017;0
1018;0
1019;0
1020;0
1021;0
1022;0
1023;0
