0;0
1;0
2;0
3;2
4;4
5;0
6;2
7;2
8;1
9;0
10;0
11;0
12;2
13;1
14;2
15;1
16;0
17;0
18;0
19;1
20;0
21;1
22;1
23;0
24;2
25;0
26;0
27;0
28;2
29;0
30;0
31;0
32;0
33;2
34;0
35;0
36;0
37;0
38;1
39;0
40;0
41;2
42;0
43;0
44;0
45;0
46;2
47;0
48;0
49;0
50;0
51;1
52;0
53;2
54;0
55;0
56;0
57;2
58;0
59;0
60;2
61;0
62;1
63;0
64;0
65;0
66;0
67;0
68;2
69;0
70;0
71;0
72;1
73;0
74;0
75;0
76;2
77;1
78;0
79;0
80;1
81;2
82;0
83;0
84;0
85;1
86;0
87;0
88;0
89;0
90;1
91;0
92;1
93;0
94;0
95;2
96;2
97;2
98;1
99;1
100;0
101;0
102;0
103;0
104;1
105;0
106;0
107;0
108;0
109;0
110;0
111;2
112;1
113;0
114;2
115;2
116;0
117;1
118;2
119;0
120;0
121;0
122;2
123;0
124;0
125;0
126;2
127;0
128;2
129;0
130;1
131;0
132;0
133;0
134;2
135;0
136;0
137;0
138;0
139;0
140;0
141;0
142;0
143;0
144;0
145;0
146;0
147;0
148;0
149;0
150;0
151;2
152;2
153;1
154;0
155;0
156;1
157;0
158;0
159;0
160;2
161;0
162;0
163;0
164;0
165;0
166;0
167;1
168;0
169;0
170;2
171;2
172;2
173;0
174;1
175;0
176;0
177;0
178;0
179;0
180;0
181;0
182;2
183;1
184;1
185;0
186;0
187;0
188;2
189;0
190;0
191;0
192;2
193;0
194;0
195;0
196;0
197;2
198;1
199;1
200;2
201;0
202;0
203;0
204;2
205;0
206;1
207;0
208;0
209;0
210;0
211;0
212;1
213;0
214;2
215;1
216;0
217;0
218;2
219;2
220;1
221;0
222;0
223;0
224;0
225;0
226;0
227;2
228;0
229;0
230;0
231;0
232;1
233;0
234;2
235;0
236;0
237;0
238;2
239;1
240;0
241;1
242;0
243;0
244;0
245;0
246;0
247;1
248;0
249;0
250;0
251;0
252;0
253;0
254;0
255;0
256;2
257;0
258;0
259;0
260;0
261;0
262;0
263;0
264;0
265;2
266;0
267;1
268;0
269;0
270;0
271;0
272;1
273;2
274;0
275;0
276;0
277;0
278;0
279;0
280;0
281;0
282;0
283;0
284;1
285;0
286;1
287;0
288;0
289;0
290;0
291;0
292;1
293;0
294;2
295;2
296;0
297;2
298;1
299;0
300;0
301;0
302;0
303;0
304;2
305;0
306;1
307;0
308;0
309;1
310;1
311;0
312;0
313;0
314;2
315;0
316;1
317;0
318;0
319;1
320;0
321;0
322;0
323;0
324;0
325;0
326;1
327;0
328;1
329;0
330;0
331;0
332;0
333;2
334;2
335;2
336;2
337;0
338;1
339;0
340;0
341;0
342;2
343;0
344;2
345;0
346;2
347;2
348;1
349;0
350;0
351;0
352;0
353;0
354;2
355;2
356;0
357;0
358;0
359;0
360;0
361;0
362;0
363;2
364;4
365;0
366;2
367;1
368;2
369;0
370;2
371;0
372;2
373;1
374;0
375;1
376;0
377;0
378;0
379;2
380;1
381;0
382;0
383;1
384;2
385;1
386;0
387;2
388;1
389;2
390;0
391;0
392;2
393;0
394;0
395;0
396;0
397;0
398;2
399;0
400;0
401;1
402;0
403;0
404;2
405;2
406;2
407;0
408;1
409;0
410;2
411;0
412;0
413;0
414;0
415;0
416;2
417;0
418;1
419;0
420;0
421;0
422;0
423;0
424;0
425;1
426;0
427;0
428;0
429;2
430;0
431;0
432;2
433;1
434;0
435;0
436;0
437;0
438;0
439;0
440;1
441;0
442;0
443;0
444;0
445;0
446;1
447;0
448;0
449;0
450;0
451;0
452;0
453;1
454;2
455;0
456;0
457;1
458;2
459;2
460;2
461;0
462;0
463;0
464;0
465;2
466;0
467;0
468;2
469;0
470;2
471;0
472;2
473;1
474;1
475;0
476;1
477;0
478;2
479;0
480;2
481;2
482;1
483;1
484;0
485;0
486;1
487;0
488;1
489;1
490;2
491;2
492;2
493;0
494;1
495;0
496;2
497;2
498;1
499;0
500;2
501;1
502;0
503;0
504;2
505;1
506;0
507;0
508;2
509;0
510;2
511;2
512;2
513;0
514;0
515;0
516;2
517;0
518;0
519;0
520;1
521;0
522;0
523;0
524;0
525;0
526;1
527;0
528;2
529;2
530;0
531;1
532;2
533;0
534;0
535;0
536;1
537;1
538;0
539;0
540;0
541;0
542;0
543;0
544;2
545;2
546;0
547;0
548;0
549;0
550;0
551;0
552;0
553;1
554;0
555;2
556;2
557;2
558;2
559;2
560;1
561;2
562;0
563;0
564;0
565;0
566;0
567;0
568;0
569;0
570;1
571;0
572;1
573;0
574;2
575;0
576;0
577;0
578;1
579;0
580;0
581;0
582;2
583;0
584;1
585;0
586;0
587;0
588;1
589;1
590;0
591;0
592;0
593;0
594;1
595;0
596;2
597;0
598;2
599;0
600;2
601;0
602;0
603;1
604;0
605;0
606;0
607;0
608;1
609;0
610;0
611;0
612;0
613;2
614;0
615;0
616;2
617;0
618;2
619;0
620;2
621;0
622;2
623;0
624;0
625;0
626;0
627;0
628;0
629;0
630;0
631;0
632;1
633;0
634;1
635;0
636;1
637;0
638;0
639;0
640;1
641;0
642;1
643;0
644;0
645;0
646;0
647;0
648;1
649;1
650;0
651;1
652;0
653;0
654;0
655;1
656;0
657;0
658;2
659;0
660;0
661;0
662;0
663;0
664;0
665;2
666;1
667;0
668;1
669;0
670;2
671;0
672;0
673;0
674;0
675;0
676;2
677;1
678;1
679;0
680;2
681;2
682;2
683;0
684;0
685;0
686;0
687;0
688;0
689;0
690;0
691;2
692;1
693;0
694;0
695;2
696;4
697;0
698;0
699;2
700;2
701;0
702;2
703;0
704;1
705;1
706;0
707;1
708;0
709;0
710;0
711;0
712;2
713;2
714;0
715;0
716;0
717;0
718;0
719;2
720;1
721;0
722;0
723;2
724;1
725;0
726;2
727;2
728;2
729;0
730;2
731;0
732;0
733;2
734;2
735;2
736;2
737;0
738;1
739;2
740;0
741;0
742;0
743;0
744;0
745;0
746;0
747;1
748;1
749;0
750;1
751;0
752;0
753;0
754;0
755;0
756;0
757;0
758;1
759;0
760;4
761;1
762;1
763;0
764;0
765;0
766;0
767;0
768;1
769;0
770;0
771;0
772;2
773;2
774;2
775;2
776;0
777;0
778;0
779;2
780;0
781;0
782;0
783;0
784;0
785;1
786;0
787;0
788;0
789;1
790;2
791;2
792;0
793;2
794;0
795;0
796;0
797;0
798;0
799;1
800;1
801;2
802;0
803;1
804;0
805;0
806;0
807;0
808;0
809;2
810;0
811;0
812;0
813;0
814;0
815;2
816;1
817;0
818;0
819;2
820;0
821;2
822;0
823;0
824;0
825;2
826;2
827;0
828;0
829;1
830;1
831;0
832;2
833;0
834;0
835;0
836;2
837;1
838;0
839;0
840;0
841;0
842;1
843;0
844;0
845;0
846;0
847;0
848;2
849;2
850;0
851;0
852;0
853;0
854;2
855;0
856;0
857;0
858;0
859;0
860;2
861;0
862;0
863;2
864;0
865;0
866;0
867;0
868;0
869;0
870;0
871;1
872;0
873;0
874;0
875;0
876;0
877;0
878;0
879;0
880;2
881;0
882;0
883;0
884;0
885;1
886;0
887;0
888;0
889;2
890;2
891;0
892;1
893;0
894;0
895;2
896;0
897;0
898;2
899;0
900;2
901;0
902;1
903;0
904;1
905;1
906;0
907;0
908;0
909;0
910;1
911;0
912;0
913;0
914;1
915;0
916;2
917;0
918;0
919;2
920;0
921;1
922;0
923;0
924;2
925;0
926;0
927;0
928;0
929;0
930;1
931;0
932;0
933;0
934;0
935;0
936;1
937;0
938;0
939;0
940;0
941;0
942;0
943;0
944;0
945;1
946;1
947;0
948;0
949;0
950;0
951;2
952;2
953;0
954;0
955;0
956;0
957;2
958;2
959;0
960;0
961;1
962;1
963;0
964;2
965;1
966;0
967;1
968;2
969;2
970;0
971;2
972;2
973;0
974;0
975;2
976;2
977;0
978;0
979;1
980;0
981;0
982;1
983;0
984;0
985;0
986;0
987;2
988;4
989;0
990;2
991;2
992;2
993;0
994;0
995;0
996;2
997;0
998;1
999;0
1000;2
1001;1
1002;0
1003;2
1004;1
1005;0
1006;2
1007;0
1008;1
1009;0
1010;0
1011;0
1012;0
1013;1
1014;0
1015;0
1016;0
1017;0
1018;0
1019;0
1020;0
1021;0
1022;0
1023;0
