0;0
1;0
2;0
3;2
4;4
5;0
6;0
7;1
8;2
9;2
10;2
11;0
12;2
13;0
14;0
15;0
16;0
17;2
18;2
19;1
20;0
21;0
22;2
23;2
24;1
25;1
26;0
27;2
28;2
29;0
30;0
31;1
32;0
33;0
34;0
35;0
36;2
37;2
38;0
39;1
40;0
41;0
42;0
43;0
44;2
45;0
46;0
47;1
48;0
49;0
50;0
51;0
52;0
53;0
54;0
55;0
56;0
57;2
58;0
59;2
60;0
61;0
62;0
63;0
64;0
65;0
66;0
67;1
68;0
69;0
70;2
71;2
72;1
73;0
74;0
75;0
76;0
77;0
78;0
79;0
80;2
81;0
82;2
83;0
84;1
85;2
86;0
87;0
88;0
89;2
90;2
91;2
92;2
93;2
94;0
95;1
96;0
97;0
98;0
99;2
100;1
101;0
102;0
103;0
104;2
105;0
106;0
107;2
108;2
109;0
110;2
111;2
112;0
113;1
114;0
115;0
116;0
117;0
118;0
119;1
120;0
121;0
122;1
123;0
124;2
125;2
126;2
127;1
128;1
129;0
130;0
131;0
132;0
133;0
134;0
135;0
136;0
137;2
138;0
139;1
140;0
141;1
142;1
143;0
144;1
145;0
146;0
147;0
148;0
149;0
150;0
151;2
152;0
153;0
154;0
155;2
156;2
157;0
158;0
159;2
160;0
161;0
162;2
163;0
164;2
165;0
166;0
167;2
168;1
169;0
170;1
171;2
172;2
173;2
174;2
175;2
176;0
177;0
178;2
179;0
180;1
181;0
182;0
183;0
184;0
185;0
186;2
187;0
188;0
189;0
190;1
191;0
192;0
193;0
194;0
195;2
196;2
197;0
198;0
199;0
200;0
201;0
202;0
203;0
204;0
205;0
206;0
207;0
208;2
209;1
210;0
211;0
212;2
213;2
214;0
215;0
216;0
217;0
218;0
219;1
220;2
221;1
222;2
223;2
224;2
225;0
226;1
227;0
228;0
229;0
230;0
231;0
232;0
233;0
234;0
235;0
236;0
237;0
238;0
239;0
240;1
241;0
242;0
243;0
244;0
245;1
246;0
247;0
248;0
249;0
250;0
251;2
252;0
253;0
254;0
255;0
256;0
257;1
258;0
259;0
260;2
261;2
262;0
263;2
264;0
265;0
266;2
267;2
268;1
269;0
270;0
271;0
272;2
273;0
274;2
275;0
276;0
277;0
278;0
279;0
280;0
281;2
282;0
283;2
284;1
285;0
286;0
287;0
288;0
289;1
290;0
291;0
292;1
293;0
294;2
295;0
296;1
297;0
298;0
299;2
300;1
301;2
302;2
303;2
304;2
305;0
306;2
307;0
308;1
309;2
310;0
311;0
312;2
313;0
314;0
315;2
316;0
317;0
318;0
319;0
320;2
321;0
322;0
323;0
324;0
325;0
326;0
327;0
328;0
329;1
330;1
331;2
332;0
333;0
334;0
335;0
336;0
337;0
338;0
339;0
340;1
341;0
342;0
343;1
344;1
345;0
346;0
347;0
348;1
349;0
350;0
351;1
352;0
353;0
354;0
355;0
356;2
357;0
358;0
359;1
360;0
361;0
362;0
363;2
364;2
365;0
366;0
367;1
368;0
369;0
370;0
371;0
372;0
373;0
374;0
375;0
376;2
377;0
378;0
379;2
380;2
381;0
382;0
383;2
384;2
385;1
386;0
387;0
388;2
389;1
390;0
391;0
392;0
393;0
394;0
395;0
396;0
397;0
398;0
399;2
400;1
401;0
402;2
403;2
404;2
405;0
406;0
407;0
408;0
409;0
410;2
411;0
412;0
413;0
414;2
415;1
416;0
417;0
418;0
419;1
420;0
421;0
422;0
423;2
424;0
425;1
426;2
427;1
428;0
429;0
430;2
431;2
432;2
433;2
434;1
435;2
436;2
437;0
438;2
439;0
440;2
441;1
442;0
443;2
444;1
445;1
446;0
447;0
448;0
449;0
450;1
451;0
452;0
453;0
454;2
455;2
456;0
457;0
458;0
459;2
460;2
461;2
462;2
463;2
464;2
465;0
466;0
467;0
468;1
469;0
470;0
471;2
472;0
473;1
474;0
475;0
476;0
477;0
478;0
479;0
480;0
481;0
482;1
483;2
484;1
485;0
486;0
487;2
488;2
489;0
490;0
491;2
492;2
493;0
494;2
495;0
496;1
497;0
498;2
499;0
500;0
501;0
502;0
503;2
504;0
505;0
506;1
507;0
508;2
509;0
510;0
511;2
512;0
513;0
514;0
515;0
516;2
517;0
518;2
519;2
520;0
521;0
522;0
523;0
524;0
525;0
526;1
527;0
528;0
529;0
530;0
531;1
532;0
533;0
534;0
535;1
536;0
537;0
538;0
539;2
540;1
541;0
542;0
543;2
544;1
545;0
546;1
547;2
548;2
549;0
550;2
551;0
552;2
553;2
554;0
555;2
556;2
557;1
558;0
559;1
560;2
561;2
562;0
563;2
564;0
565;0
566;0
567;1
568;0
569;0
570;0
571;0
572;0
573;0
574;2
575;2
576;0
577;0
578;0
579;0
580;0
581;0
582;0
583;0
584;1
585;0
586;1
587;0
588;0
589;0
590;0
591;0
592;0
593;2
594;2
595;2
596;0
597;0
598;2
599;0
600;0
601;2
602;2
603;0
604;2
605;0
606;2
607;0
608;0
609;2
610;0
611;1
612;1
613;0
614;0
615;0
616;0
617;1
618;0
619;0
620;1
621;0
622;0
623;0
624;0
625;2
626;0
627;2
628;0
629;0
630;0
631;1
632;0
633;0
634;0
635;2
636;2
637;0
638;0
639;2
640;2
641;0
642;0
643;0
644;0
645;2
646;0
647;0
648;0
649;0
650;2
651;0
652;0
653;0
654;0
655;2
656;2
657;0
658;0
659;0
660;0
661;0
662;0
663;0
664;0
665;2
666;0
667;0
668;0
669;2
670;2
671;0
672;0
673;0
674;0
675;0
676;2
677;0
678;2
679;0
680;0
681;0
682;0
683;1
684;2
685;2
686;0
687;2
688;2
689;0
690;0
691;0
692;1
693;0
694;0
695;0
696;0
697;0
698;0
699;1
700;0
701;2
702;0
703;0
704;2
705;0
706;2
707;1
708;0
709;0
710;0
711;0
712;2
713;1
714;0
715;0
716;1
717;0
718;0
719;0
720;1
721;0
722;0
723;2
724;2
725;0
726;0
727;0
728;0
729;0
730;0
731;0
732;1
733;0
734;0
735;0
736;0
737;0
738;0
739;0
740;0
741;0
742;2
743;2
744;1
745;0
746;0
747;2
748;4
749;0
750;2
751;2
752;0
753;0
754;0
755;0
756;1
757;0
758;1
759;0
760;2
761;1
762;0
763;0
764;0
765;0
766;0
767;2
768;0
769;1
770;0
771;1
772;0
773;0
774;0
775;0
776;1
777;2
778;0
779;0
780;2
781;0
782;0
783;0
784;0
785;0
786;0
787;1
788;1
789;0
790;2
791;0
792;0
793;2
794;0
795;0
796;0
797;0
798;0
799;0
800;0
801;1
802;1
803;0
804;0
805;2
806;2
807;0
808;2
809;2
810;0
811;1
812;0
813;0
814;0
815;0
816;1
817;0
818;0
819;0
820;0
821;0
822;0
823;0
824;0
825;0
826;2
827;2
828;1
829;0
830;0
831;0
832;0
833;0
834;0
835;2
836;2
837;0
838;2
839;1
840;0
841;0
842;2
843;1
844;0
845;0
846;0
847;0
848;0
849;0
850;2
851;1
852;0
853;2
854;1
855;0
856;1
857;2
858;1
859;0
860;1
861;0
862;1
863;0
864;2
865;2
866;2
867;0
868;0
869;0
870;1
871;0
872;0
873;0
874;0
875;0
876;0
877;0
878;2
879;0
880;0
881;0
882;0
883;0
884;0
885;0
886;0
887;0
888;0
889;0
890;0
891;0
892;1
893;0
894;2
895;2
896;2
897;0
898;0
899;2
900;2
901;0
902;0
903;1
904;0
905;0
906;2
907;0
908;1
909;0
910;2
911;0
912;2
913;2
914;2
915;1
916;1
917;2
918;0
919;0
920;0
921;1
922;0
923;0
924;0
925;1
926;0
927;0
928;0
929;0
930;1
931;0
932;0
933;0
934;2
935;0
936;1
937;0
938;0
939;0
940;2
941;0
942;2
943;1
944;0
945;0
946;0
947;1
948;0
949;0
950;1
951;0
952;2
953;2
954;1
955;0
956;2
957;0
958;0
959;0
960;2
961;0
962;2
963;0
964;1
965;0
966;0
967;0
968;0
969;1
970;0
971;2
972;1
973;1
974;2
975;0
976;0
977;1
978;1
979;0
980;2
981;2
982;2
983;2
984;1
985;1
986;0
987;0
988;0
989;0
990;0
991;2
992;2
993;0
994;2
995;0
996;0
997;1
998;0
999;2
1000;0
1001;0
1002;0
1003;0
1004;0
1005;0
1006;0
1007;0
1008;1
1009;1
1010;0
1011;0
1012;0
1013;1
1014;0
1015;1
1016;0
1017;0
1018;0
1019;0
1020;0
1021;0
1022;0
1023;0
