0;1
1;0
2;0
3;2
4;1
5;0
6;2
7;2
8;0
9;0
10;2
11;0
12;0
13;0
14;0
15;0
16;0
17;1
18;1
19;0
20;2
21;0
22;0
23;0
24;0
25;0
26;0
27;2
28;2
29;0
30;2
31;2
32;2
33;0
34;2
35;0
36;2
37;1
38;0
39;0
40;0
41;1
42;0
43;0
44;2
45;2
46;0
47;2
48;2
49;0
50;0
51;1
52;0
53;0
54;0
55;1
56;0
57;0
58;0
59;2
60;1
61;0
62;2
63;0
64;2
65;0
66;0
67;2
68;1
69;0
70;2
71;1
72;0
73;0
74;2
75;0
76;0
77;1
78;0
79;2
80;1
81;0
82;0
83;0
84;0
85;0
86;0
87;0
88;0
89;0
90;0
91;0
92;1
93;0
94;0
95;0
96;1
97;0
98;0
99;1
100;1
101;0
102;0
103;2
104;1
105;0
106;2
107;2
108;2
109;0
110;2
111;0
112;2
113;2
114;0
115;2
116;0
117;1
118;0
119;2
120;0
121;0
122;0
123;0
124;2
125;2
126;2
127;1
128;2
129;0
130;0
131;0
132;0
133;0
134;0
135;2
136;0
137;0
138;0
139;0
140;1
141;0
142;0
143;2
144;0
145;2
146;2
147;2
148;2
149;0
150;2
151;0
152;1
153;0
154;0
155;0
156;0
157;0
158;0
159;0
160;1
161;0
162;0
163;0
164;1
165;0
166;0
167;1
168;0
169;0
170;0
171;0
172;0
173;2
174;2
175;2
176;2
177;0
178;2
179;2
180;1
181;0
182;1
183;2
184;0
185;0
186;2
187;0
188;0
189;1
190;0
191;0
192;0
193;0
194;0
195;0
196;0
197;0
198;0
199;1
200;4
201;0
202;1
203;0
204;0
205;0
206;2
207;0
208;2
209;0
210;0
211;0
212;1
213;0
214;0
215;0
216;0
217;0
218;0
219;0
220;1
221;0
222;1
223;0
224;1
225;0
226;0
227;2
228;2
229;0
230;0
231;0
232;2
233;0
234;2
235;0
236;0
237;0
238;0
239;0
240;0
241;0
242;1
243;2
244;1
245;0
246;0
247;0
248;2
249;0
250;2
251;1
252;2
253;0
254;0
255;0
256;2
257;0
258;0
259;0
260;0
261;2
262;0
263;0
264;0
265;0
266;2
267;1
268;0
269;2
270;0
271;0
272;2
273;0
274;2
275;2
276;1
277;0
278;0
279;2
280;2
281;2
282;0
283;0
284;2
285;2
286;2
287;0
288;0
289;0
290;0
291;2
292;0
293;0
294;0
295;2
296;0
297;0
298;0
299;0
300;0
301;0
302;0
303;0
304;0
305;0
306;0
307;0
308;0
309;2
310;0
311;0
312;0
313;0
314;0
315;2
316;1
317;0
318;0
319;2
320;2
321;0
322;0
323;2
324;2
325;0
326;0
327;0
328;0
329;0
330;0
331;0
332;2
333;0
334;0
335;0
336;1
337;2
338;0
339;1
340;0
341;0
342;0
343;2
344;2
345;0
346;2
347;1
348;2
349;0
350;2
351;0
352;0
353;0
354;0
355;0
356;2
357;2
358;2
359;0
360;0
361;0
362;1
363;2
364;0
365;0
366;2
367;1
368;0
369;0
370;0
371;1
372;0
373;0
374;2
375;2
376;2
377;0
378;0
379;2
380;2
381;2
382;1
383;1
384;2
385;0
386;0
387;0
388;2
389;0
390;0
391;0
392;0
393;0
394;2
395;1
396;0
397;0
398;0
399;1
400;2
401;0
402;2
403;1
404;0
405;0
406;0
407;0
408;2
409;0
410;0
411;1
412;1
413;0
414;0
415;0
416;2
417;0
418;2
419;0
420;1
421;0
422;0
423;1
424;0
425;0
426;1
427;0
428;1
429;0
430;0
431;2
432;2
433;0
434;0
435;1
436;0
437;0
438;0
439;0
440;1
441;0
442;0
443;0
444;0
445;0
446;2
447;2
448;0
449;0
450;0
451;2
452;1
453;2
454;0
455;2
456;2
457;0
458;0
459;0
460;2
461;0
462;2
463;0
464;0
465;0
466;0
467;0
468;0
469;1
470;1
471;0
472;2
473;0
474;0
475;0
476;0
477;0
478;0
479;0
480;1
481;0
482;0
483;0
484;0
485;0
486;0
487;0
488;2
489;0
490;0
491;2
492;2
493;0
494;2
495;2
496;2
497;0
498;2
499;0
500;1
501;2
502;1
503;0
504;0
505;1
506;0
507;0
508;0
509;0
510;0
511;2
512;2
513;0
514;2
515;0
516;1
517;0
518;2
519;2
520;1
521;2
522;0
523;2
524;2
525;2
526;2
527;0
528;2
529;0
530;0
531;0
532;2
533;0
534;0
535;0
536;0
537;2
538;0
539;2
540;1
541;0
542;0
543;0
544;2
545;0
546;2
547;0
548;0
549;0
550;2
551;0
552;0
553;0
554;2
555;1
556;0
557;0
558;0
559;2
560;2
561;0
562;1
563;0
564;0
565;0
566;2
567;0
568;2
569;0
570;2
571;1
572;0
573;0
574;2
575;0
576;0
577;0
578;0
579;2
580;0
581;1
582;2
583;0
584;1
585;0
586;0
587;2
588;1
589;0
590;0
591;2
592;1
593;2
594;2
595;0
596;2
597;0
598;0
599;0
600;0
601;0
602;2
603;0
604;1
605;0
606;0
607;0
608;0
609;2
610;0
611;0
612;0
613;0
614;1
615;0
616;0
617;1
618;0
619;2
620;0
621;2
622;0
623;2
624;0
625;0
626;2
627;2
628;0
629;0
630;0
631;0
632;1
633;2
634;2
635;2
636;2
637;2
638;2
639;0
640;1
641;0
642;0
643;0
644;0
645;0
646;0
647;0
648;1
649;0
650;0
651;2
652;4
653;0
654;0
655;1
656;0
657;0
658;2
659;0
660;2
661;0
662;0
663;0
664;0
665;0
666;0
667;0
668;0
669;0
670;0
671;0
672;1
673;0
674;1
675;0
676;2
677;1
678;0
679;0
680;0
681;0
682;0
683;0
684;0
685;0
686;2
687;0
688;1
689;0
690;0
691;2
692;4
693;0
694;2
695;1
696;0
697;0
698;2
699;0
700;2
701;2
702;0
703;0
704;0
705;0
706;0
707;0
708;0
709;0
710;2
711;2
712;1
713;0
714;2
715;0
716;0
717;0
718;0
719;0
720;0
721;0
722;0
723;2
724;0
725;1
726;0
727;2
728;1
729;0
730;0
731;2
732;4
733;0
734;0
735;1
736;0
737;0
738;2
739;0
740;2
741;1
742;0
743;1
744;0
745;2
746;2
747;0
748;1
749;0
750;0
751;0
752;0
753;0
754;1
755;0
756;1
757;0
758;0
759;1
760;2
761;0
762;0
763;0
764;2
765;0
766;2
767;0
768;0
769;2
770;2
771;0
772;1
773;0
774;1
775;0
776;1
777;0
778;0
779;0
780;0
781;0
782;1
783;0
784;0
785;0
786;0
787;2
788;0
789;0
790;2
791;2
792;2
793;0
794;0
795;1
796;0
797;2
798;2
799;2
800;0
801;0
802;0
803;0
804;0
805;0
806;0
807;2
808;0
809;2
810;0
811;2
812;4
813;2
814;2
815;2
816;0
817;0
818;0
819;1
820;2
821;0
822;0
823;0
824;0
825;0
826;2
827;1
828;0
829;0
830;0
831;2
832;1
833;0
834;2
835;2
836;2
837;0
838;0
839;0
840;2
841;0
842;0
843;0
844;0
845;0
846;0
847;0
848;0
849;1
850;0
851;0
852;1
853;0
854;2
855;1
856;1
857;0
858;0
859;2
860;1
861;0
862;0
863;2
864;2
865;1
866;0
867;0
868;1
869;0
870;2
871;1
872;1
873;0
874;2
875;0
876;0
877;0
878;2
879;2
880;1
881;0
882;0
883;2
884;1
885;0
886;2
887;2
888;0
889;0
890;0
891;0
892;1
893;2
894;2
895;2
896;2
897;2
898;2
899;2
900;1
901;2
902;0
903;0
904;0
905;0
906;0
907;0
908;0
909;0
910;0
911;2
912;1
913;0
914;0
915;0
916;4
917;0
918;0
919;1
920;0
921;0
922;2
923;0
924;2
925;0
926;0
927;2
928;0
929;1
930;0
931;0
932;0
933;0
934;0
935;0
936;0
937;0
938;0
939;0
940;0
941;2
942;2
943;2
944;1
945;0
946;2
947;2
948;1
949;1
950;0
951;2
952;4
953;0
954;2
955;2
956;2
957;0
958;2
959;0
960;2
961;0
962;0
963;0
964;0
965;0
966;2
967;0
968;0
969;2
970;0
971;0
972;0
973;2
974;0
975;0
976;0
977;0
978;2
979;1
980;0
981;0
982;0
983;2
984;2
985;0
986;2
987;1
988;0
989;0
990;2
991;2
992;1
993;1
994;0
995;0
996;2
997;0
998;1
999;0
1000;0
1001;0
1002;2
1003;0
1004;0
1005;0
1006;2
1007;2
1008;1
1009;1
1010;0
1011;1
1012;0
1013;0
1014;1
1015;0
1016;0
1017;0
1018;0
1019;0
1020;0
1021;0
1022;0
1023;0
