0;1
1;0
2;0
3;2
4;2
5;0
6;0
7;0
8;1
9;0
10;0
11;0
12;0
13;0
14;0
15;0
16;0
17;0
18;2
19;2
20;2
21;2
22;1
23;0
24;0
25;2
26;2
27;2
28;2
29;0
30;0
31;2
32;0
33;2
34;0
35;0
36;0
37;0
38;0
39;0
40;0
41;0
42;0
43;0
44;2
45;0
46;0
47;0
48;0
49;0
50;0
51;0
52;0
53;0
54;0
55;0
56;0
57;0
58;0
59;2
60;1
61;0
62;0
63;0
64;0
65;0
66;0
67;2
68;2
69;0
70;0
71;0
72;2
73;0
74;2
75;0
76;1
77;0
78;0
79;2
80;1
81;0
82;0
83;0
84;0
85;0
86;0
87;0
88;1
89;0
90;2
91;2
92;1
93;0
94;0
95;0
96;0
97;0
98;1
99;0
100;1
101;0
102;0
103;2
104;2
105;0
106;2
107;2
108;1
109;0
110;2
111;0
112;0
113;2
114;0
115;0
116;0
117;0
118;0
119;0
120;0
121;0
122;1
123;0
124;0
125;0
126;1
127;0
128;0
129;0
130;0
131;0
132;0
133;0
134;0
135;1
136;0
137;0
138;0
139;0
140;0
141;1
142;1
143;0
144;1
145;0
146;0
147;0
148;2
149;0
150;2
151;0
152;2
153;0
154;0
155;0
156;0
157;2
158;2
159;2
160;1
161;0
162;2
163;0
164;0
165;0
166;0
167;1
168;0
169;0
170;2
171;0
172;0
173;0
174;1
175;0
176;0
177;2
178;0
179;0
180;0
181;0
182;2
183;2
184;1
185;0
186;0
187;2
188;4
189;0
190;2
191;1
192;0
193;0
194;2
195;0
196;2
197;0
198;0
199;0
200;2
201;0
202;0
203;0
204;0
205;0
206;0
207;1
208;0
209;0
210;0
211;0
212;1
213;0
214;0
215;0
216;2
217;1
218;0
219;2
220;1
221;0
222;0
223;1
224;2
225;2
226;2
227;2
228;2
229;0
230;2
231;0
232;0
233;0
234;1
235;0
236;0
237;0
238;1
239;0
240;0
241;0
242;0
243;1
244;0
245;1
246;0
247;0
248;1
249;2
250;1
251;0
252;0
253;0
254;0
255;0
256;0
257;0
258;0
259;2
260;0
261;2
262;1
263;0
264;0
265;2
266;0
267;0
268;0
269;0
270;0
271;2
272;0
273;0
274;0
275;0
276;1
277;0
278;2
279;1
280;0
281;0
282;0
283;0
284;2
285;2
286;0
287;0
288;1
289;0
290;0
291;0
292;0
293;0
294;0
295;0
296;1
297;0
298;0
299;2
300;1
301;0
302;0
303;2
304;2
305;0
306;2
307;1
308;0
309;2
310;2
311;0
312;1
313;2
314;0
315;0
316;1
317;2
318;0
319;1
320;0
321;0
322;0
323;0
324;2
325;0
326;0
327;0
328;0
329;0
330;0
331;0
332;0
333;1
334;1
335;0
336;0
337;0
338;0
339;0
340;1
341;0
342;0
343;2
344;4
345;0
346;2
347;2
348;2
349;0
350;2
351;0
352;1
353;0
354;2
355;2
356;2
357;2
358;1
359;2
360;2
361;1
362;0
363;0
364;0
365;0
366;0
367;0
368;2
369;2
370;0
371;0
372;0
373;2
374;0
375;2
376;1
377;0
378;0
379;0
380;0
381;0
382;0
383;0
384;0
385;0
386;0
387;0
388;2
389;0
390;0
391;0
392;2
393;1
394;0
395;0
396;0
397;0
398;0
399;0
400;2
401;1
402;0
403;0
404;0
405;0
406;0
407;0
408;1
409;0
410;0
411;0
412;0
413;1
414;0
415;2
416;1
417;0
418;0
419;0
420;0
421;0
422;0
423;0
424;0
425;1
426;0
427;0
428;1
429;0
430;0
431;0
432;0
433;0
434;0
435;2
436;1
437;2
438;2
439;2
440;2
441;0
442;2
443;0
444;2
445;0
446;0
447;0
448;0
449;0
450;2
451;2
452;2
453;2
454;2
455;0
456;2
457;0
458;2
459;0
460;2
461;0
462;0
463;0
464;1
465;2
466;0
467;0
468;0
469;0
470;2
471;1
472;0
473;0
474;0
475;0
476;0
477;0
478;2
479;2
480;2
481;0
482;0
483;0
484;2
485;0
486;0
487;0
488;2
489;0
490;0
491;0
492;0
493;1
494;0
495;2
496;2
497;0
498;0
499;0
500;0
501;0
502;0
503;0
504;2
505;2
506;2
507;0
508;2
509;0
510;0
511;1
512;0
513;2
514;0
515;1
516;0
517;0
518;0
519;0
520;0
521;0
522;0
523;2
524;0
525;0
526;0
527;0
528;0
529;1
530;0
531;0
532;0
533;2
534;0
535;2
536;0
537;0
538;0
539;1
540;0
541;0
542;0
543;0
544;0
545;0
546;0
547;2
548;0
549;0
550;0
551;0
552;0
553;0
554;0
555;0
556;1
557;0
558;0
559;0
560;1
561;0
562;0
563;2
564;2
565;0
566;2
567;2
568;2
569;0
570;2
571;0
572;2
573;1
574;0
575;0
576;0
577;0
578;2
579;0
580;0
581;2
582;0
583;1
584;0
585;0
586;0
587;0
588;0
589;0
590;0
591;0
592;1
593;0
594;2
595;0
596;0
597;0
598;0
599;2
600;0
601;0
602;0
603;0
604;0
605;0
606;0
607;0
608;0
609;0
610;0
611;2
612;0
613;0
614;1
615;0
616;2
617;0
618;0
619;0
620;0
621;2
622;2
623;0
624;0
625;2
626;0
627;2
628;2
629;0
630;0
631;2
632;2
633;0
634;0
635;1
636;0
637;2
638;0
639;0
640;1
641;0
642;2
643;1
644;0
645;0
646;0
647;2
648;2
649;0
650;2
651;2
652;2
653;0
654;2
655;0
656;2
657;0
658;0
659;0
660;2
661;0
662;2
663;0
664;0
665;0
666;0
667;1
668;2
669;2
670;1
671;0
672;0
673;0
674;0
675;0
676;0
677;0
678;0
679;0
680;0
681;0
682;0
683;0
684;0
685;2
686;0
687;0
688;2
689;0
690;2
691;0
692;0
693;0
694;0
695;2
696;2
697;0
698;0
699;0
700;1
701;0
702;0
703;0
704;0
705;2
706;2
707;2
708;2
709;0
710;0
711;0
712;1
713;0
714;0
715;1
716;0
717;0
718;0
719;0
720;0
721;0
722;0
723;0
724;0
725;0
726;2
727;2
728;1
729;0
730;0
731;2
732;2
733;0
734;0
735;2
736;2
737;0
738;2
739;0
740;1
741;0
742;0
743;2
744;2
745;1
746;0
747;2
748;0
749;0
750;0
751;1
752;1
753;1
754;1
755;0
756;0
757;0
758;0
759;0
760;0
761;0
762;0
763;0
764;0
765;0
766;0
767;0
768;0
769;0
770;0
771;0
772;0
773;0
774;2
775;2
776;2
777;2
778;0
779;0
780;0
781;0
782;0
783;0
784;2
785;1
786;1
787;0
788;0
789;0
790;2
791;2
792;2
793;0
794;0
795;0
796;0
797;0
798;0
799;0
800;1
801;0
802;0
803;0
804;0
805;2
806;0
807;2
808;0
809;2
810;1
811;0
812;1
813;0
814;0
815;1
816;0
817;2
818;1
819;0
820;1
821;0
822;2
823;2
824;1
825;0
826;0
827;2
828;4
829;0
830;0
831;2
832;2
833;0
834;0
835;0
836;1
837;2
838;0
839;0
840;0
841;1
842;0
843;0
844;1
845;2
846;2
847;2
848;2
849;0
850;0
851;2
852;1
853;0
854;2
855;0
856;2
857;0
858;0
859;2
860;0
861;0
862;2
863;0
864;0
865;0
866;0
867;0
868;1
869;2
870;2
871;0
872;2
873;0
874;0
875;0
876;0
877;0
878;0
879;0
880;0
881;0
882;2
883;0
884;2
885;0
886;1
887;0
888;0
889;0
890;0
891;2
892;0
893;1
894;0
895;2
896;1
897;0
898;2
899;0
900;1
901;0
902;2
903;0
904;2
905;1
906;2
907;0
908;0
909;2
910;0
911;0
912;0
913;0
914;0
915;0
916;0
917;2
918;2
919;0
920;0
921;0
922;1
923;2
924;2
925;0
926;2
927;2
928;2
929;2
930;0
931;0
932;2
933;0
934;2
935;1
936;0
937;0
938;0
939;0
940;0
941;2
942;0
943;0
944;1
945;0
946;0
947;0
948;0
949;0
950;0
951;0
952;1
953;0
954;1
955;0
956;2
957;0
958;0
959;0
960;0
961;0
962;0
963;0
964;2
965;2
966;2
967;1
968;0
969;0
970;1
971;0
972;2
973;1
974;0
975;2
976;2
977;0
978;0
979;0
980;1
981;0
982;0
983;2
984;2
985;0
986;2
987;0
988;1
989;0
990;0
991;0
992;0
993;1
994;0
995;0
996;0
997;0
998;0
999;0
1000;0
1001;0
1002;0
1003;1
1004;0
1005;0
1006;1
1007;0
1008;1
1009;0
1010;0
1011;2
1012;1
1013;0
1014;1
1015;1
1016;0
1017;0
1018;0
1019;0
1020;0
1021;0
1022;0
1023;0
