0;0
1;0
2;0
3;2
4;1
5;0
6;2
7;2
8;2
9;0
10;0
11;0
12;2
13;0
14;0
15;0
16;1
17;2
18;2
19;1
20;0
21;2
22;0
23;2
24;1
25;0
26;2
27;2
28;0
29;0
30;0
31;1
32;0
33;0
34;0
35;0
36;0
37;0
38;2
39;2
40;1
41;0
42;0
43;2
44;4
45;0
46;2
47;2
48;2
49;0
50;2
51;0
52;2
53;0
54;0
55;0
56;0
57;0
58;2
59;1
60;0
61;0
62;0
63;0
64;2
65;2
66;2
67;1
68;0
69;0
70;0
71;0
72;0
73;0
74;0
75;4
76;0
77;2
78;0
79;0
80;0
81;0
82;2
83;1
84;0
85;0
86;0
87;0
88;0
89;0
90;0
91;0
92;0
93;0
94;2
95;0
96;2
97;2
98;0
99;0
100;0
101;0
102;1
103;0
104;0
105;0
106;0
107;0
108;0
109;0
110;0
111;0
112;0
113;0
114;1
115;0
116;0
117;0
118;2
119;0
120;0
121;1
122;0
123;0
124;0
125;0
126;0
127;0
128;0
129;0
130;0
131;0
132;0
133;1
134;0
135;0
136;0
137;0
138;0
139;0
140;0
141;2
142;2
143;0
144;2
145;0
146;0
147;0
148;0
149;2
150;2
151;1
152;0
153;0
154;2
155;0
156;0
157;0
158;0
159;0
160;0
161;0
162;2
163;0
164;0
165;1
166;0
167;0
168;1
169;0
170;0
171;2
172;4
173;0
174;2
175;1
176;0
177;0
178;2
179;0
180;1
181;1
182;0
183;0
184;0
185;0
186;0
187;0
188;0
189;0
190;0
191;2
192;0
193;2
194;0
195;2
196;1
197;0
198;0
199;0
200;2
201;1
202;0
203;2
204;2
205;0
206;0
207;0
208;2
209;2
210;2
211;2
212;2
213;0
214;2
215;0
216;0
217;0
218;0
219;0
220;0
221;0
222;0
223;0
224;0
225;0
226;0
227;2
228;0
229;0
230;0
231;1
232;1
233;0
234;2
235;1
236;0
237;0
238;2
239;1
240;2
241;2
242;2
243;2
244;0
245;2
246;2
247;2
248;0
249;0
250;0
251;0
252;0
253;0
254;0
255;1
256;0
257;2
258;2
259;2
260;2
261;2
262;0
263;0
264;0
265;0
266;2
267;2
268;2
269;0
270;0
271;0
272;1
273;0
274;1
275;0
276;2
277;0
278;0
279;0
280;2
281;0
282;1
283;2
284;0
285;0
286;0
287;0
288;0
289;0
290;0
291;0
292;0
293;0
294;0
295;0
296;2
297;2
298;0
299;0
300;0
301;0
302;1
303;0
304;0
305;0
306;0
307;2
308;0
309;0
310;2
311;2
312;2
313;0
314;2
315;0
316;2
317;0
318;0
319;2
320;0
321;0
322;0
323;2
324;2
325;0
326;0
327;0
328;2
329;1
330;0
331;0
332;0
333;0
334;0
335;0
336;0
337;1
338;0
339;0
340;0
341;0
342;0
343;0
344;0
345;0
346;0
347;0
348;1
349;2
350;0
351;2
352;0
353;0
354;0
355;0
356;2
357;0
358;0
359;1
360;0
361;0
362;0
363;0
364;2
365;2
366;0
367;0
368;0
369;0
370;0
371;2
372;2
373;0
374;0
375;0
376;0
377;0
378;0
379;0
380;0
381;0
382;0
383;0
384;1
385;2
386;0
387;0
388;2
389;2
390;2
391;2
392;1
393;0
394;0
395;0
396;2
397;1
398;0
399;0
400;0
401;0
402;0
403;0
404;0
405;0
406;0
407;0
408;0
409;0
410;0
411;2
412;2
413;1
414;0
415;0
416;0
417;0
418;2
419;2
420;1
421;0
422;0
423;2
424;2
425;0
426;2
427;2
428;2
429;0
430;0
431;0
432;2
433;0
434;0
435;0
436;2
437;0
438;4
439;0
440;0
441;0
442;0
443;0
444;2
445;0
446;2
447;2
448;2
449;2
450;2
451;0
452;2
453;0
454;2
455;0
456;0
457;0
458;0
459;0
460;1
461;2
462;1
463;0
464;0
465;0
466;1
467;0
468;0
469;0
470;1
471;0
472;0
473;0
474;0
475;0
476;2
477;0
478;2
479;0
480;2
481;2
482;0
483;0
484;0
485;0
486;0
487;0
488;2
489;2
490;2
491;0
492;2
493;2
494;0
495;0
496;0
497;0
498;0
499;0
500;2
501;2
502;2
503;2
504;1
505;0
506;0
507;1
508;0
509;0
510;2
511;2
512;2
513;0
514;2
515;0
516;1
517;0
518;0
519;0
520;0
521;0
522;0
523;0
524;0
525;0
526;2
527;0
528;0
529;0
530;0
531;0
532;0
533;2
534;2
535;0
536;0
537;1
538;0
539;0
540;0
541;0
542;0
543;0
544;0
545;2
546;2
547;0
548;2
549;0
550;0
551;0
552;0
553;0
554;0
555;1
556;0
557;0
558;0
559;0
560;0
561;0
562;2
563;2
564;0
565;0
566;2
567;0
568;0
569;0
570;0
571;0
572;2
573;1
574;0
575;0
576;2
577;1
578;0
579;0
580;2
581;0
582;2
583;0
584;0
585;2
586;0
587;1
588;1
589;0
590;0
591;0
592;0
593;0
594;0
595;0
596;1
597;0
598;2
599;0
600;0
601;2
602;0
603;0
604;0
605;2
606;0
607;0
608;0
609;0
610;1
611;0
612;2
613;0
614;0
615;2
616;0
617;0
618;0
619;0
620;0
621;2
622;0
623;0
624;0
625;2
626;2
627;0
628;1
629;0
630;0
631;0
632;2
633;0
634;1
635;0
636;0
637;0
638;1
639;0
640;0
641;1
642;1
643;0
644;1
645;0
646;0
647;2
648;0
649;0
650;0
651;2
652;4
653;0
654;2
655;2
656;2
657;0
658;2
659;0
660;2
661;0
662;0
663;0
664;1
665;0
666;2
667;1
668;0
669;0
670;0
671;2
672;2
673;0
674;2
675;2
676;2
677;0
678;0
679;2
680;2
681;0
682;0
683;2
684;0
685;0
686;0
687;0
688;2
689;2
690;2
691;1
692;0
693;2
694;2
695;0
696;0
697;2
698;0
699;0
700;0
701;2
702;2
703;0
704;0
705;2
706;1
707;0
708;2
709;0
710;0
711;0
712;0
713;0
714;0
715;0
716;0
717;0
718;0
719;0
720;4
721;0
722;0
723;0
724;0
725;2
726;1
727;0
728;2
729;0
730;0
731;0
732;1
733;0
734;0
735;0
736;1
737;0
738;1
739;0
740;0
741;0
742;0
743;2
744;2
745;0
746;2
747;2
748;2
749;0
750;2
751;0
752;0
753;1
754;0
755;0
756;0
757;0
758;0
759;0
760;0
761;0
762;2
763;2
764;2
765;0
766;0
767;0
768;0
769;0
770;0
771;0
772;1
773;1
774;0
775;1
776;0
777;0
778;0
779;0
780;0
781;0
782;0
783;0
784;0
785;0
786;1
787;0
788;0
789;2
790;0
791;0
792;1
793;0
794;1
795;0
796;2
797;2
798;0
799;0
800;0
801;0
802;0
803;2
804;1
805;0
806;1
807;0
808;0
809;0
810;1
811;0
812;2
813;0
814;0
815;0
816;0
817;0
818;0
819;0
820;1
821;0
822;0
823;1
824;0
825;0
826;0
827;0
828;0
829;2
830;2
831;2
832;1
833;0
834;0
835;0
836;0
837;0
838;0
839;2
840;2
841;0
842;0
843;0
844;0
845;2
846;0
847;0
848;2
849;0
850;0
851;0
852;0
853;0
854;1
855;0
856;0
857;2
858;0
859;0
860;1
861;0
862;2
863;1
864;0
865;0
866;0
867;2
868;4
869;2
870;1
871;0
872;1
873;0
874;2
875;0
876;1
877;0
878;0
879;2
880;0
881;0
882;0
883;0
884;0
885;2
886;2
887;1
888;0
889;2
890;0
891;1
892;0
893;0
894;0
895;0
896;0
897;2
898;2
899;1
900;2
901;0
902;0
903;0
904;2
905;0
906;0
907;0
908;0
909;0
910;1
911;0
912;0
913;0
914;0
915;0
916;2
917;0
918;0
919;0
920;1
921;0
922;0
923;2
924;0
925;0
926;0
927;0
928;1
929;0
930;0
931;1
932;0
933;0
934;1
935;0
936;0
937;0
938;0
939;0
940;0
941;0
942;0
943;2
944;2
945;2
946;0
947;0
948;2
949;0
950;2
951;2
952;2
953;0
954;0
955;0
956;0
957;0
958;1
959;0
960;2
961;1
962;1
963;0
964;0
965;0
966;0
967;0
968;1
969;1
970;2
971;0
972;1
973;0
974;0
975;0
976;0
977;1
978;0
979;2
980;0
981;1
982;2
983;0
984;0
985;1
986;1
987;0
988;0
989;0
990;2
991;0
992;1
993;0
994;0
995;2
996;4
997;0
998;2
999;0
1000;0
1001;0
1002;2
1003;0
1004;1
1005;0
1006;0
1007;1
1008;0
1009;1
1010;0
1011;0
1012;0
1013;0
1014;0
1015;0
1016;0
1017;0
1018;0
1019;0
1020;0
1021;0
1022;0
1023;0
