0;1
1;1
2;0
3;0
4;0
5;2
6;2
7;2
8;1
9;0
10;2
11;0
12;2
13;0
14;0
15;0
16;2
17;0
18;2
19;2
20;1
21;2
22;1
23;0
24;0
25;1
26;0
27;2
28;2
29;2
30;1
31;0
32;0
33;0
34;0
35;0
36;0
37;0
38;0
39;0
40;0
41;0
42;0
43;0
44;1
45;0
46;0
47;0
48;1
49;0
50;0
51;0
52;0
53;0
54;0
55;0
56;0
57;1
58;0
59;2
60;1
61;0
62;0
63;0
64;0
65;2
66;0
67;0
68;0
69;0
70;2
71;2
72;1
73;0
74;0
75;0
76;0
77;2
78;0
79;0
80;0
81;0
82;2
83;1
84;0
85;2
86;0
87;0
88;0
89;0
90;2
91;2
92;2
93;0
94;0
95;0
96;0
97;0
98;0
99;2
100;1
101;0
102;0
103;0
104;0
105;0
106;0
107;0
108;0
109;2
110;0
111;0
112;0
113;0
114;0
115;0
116;0
117;0
118;0
119;2
120;4
121;2
122;2
123;2
124;2
125;0
126;2
127;0
128;2
129;0
130;0
131;0
132;0
133;0
134;0
135;0
136;1
137;0
138;0
139;0
140;2
141;0
142;0
143;1
144;0
145;0
146;0
147;0
148;1
149;0
150;0
151;0
152;0
153;0
154;2
155;0
156;2
157;2
158;0
159;0
160;0
161;2
162;2
163;2
164;1
165;0
166;0
167;0
168;0
169;0
170;0
171;0
172;0
173;0
174;2
175;0
176;0
177;0
178;1
179;0
180;0
181;0
182;0
183;2
184;2
185;0
186;0
187;0
188;0
189;0
190;0
191;0
192;0
193;0
194;0
195;0
196;2
197;0
198;0
199;0
200;2
201;0
202;0
203;0
204;0
205;0
206;0
207;2
208;0
209;2
210;2
211;0
212;2
213;0
214;2
215;0
216;0
217;0
218;0
219;0
220;0
221;0
222;0
223;0
224;0
225;0
226;0
227;0
228;0
229;1
230;0
231;0
232;1
233;2
234;2
235;2
236;0
237;0
238;0
239;0
240;0
241;2
242;0
243;1
244;0
245;2
246;2
247;2
248;1
249;0
250;2
251;2
252;0
253;0
254;0
255;2
256;2
257;2
258;0
259;0
260;0
261;0
262;2
263;1
264;0
265;0
266;0
267;0
268;1
269;0
270;0
271;2
272;1
273;0
274;0
275;2
276;4
277;0
278;1
279;0
280;2
281;0
282;2
283;0
284;2
285;0
286;0
287;0
288;1
289;0
290;0
291;1
292;0
293;0
294;0
295;0
296;0
297;0
298;0
299;2
300;0
301;0
302;0
303;0
304;0
305;2
306;0
307;0
308;2
309;0
310;0
311;0
312;0
313;0
314;0
315;0
316;0
317;2
318;0
319;0
320;1
321;0
322;0
323;0
324;0
325;0
326;1
327;0
328;0
329;0
330;0
331;1
332;4
333;0
334;0
335;0
336;0
337;0
338;0
339;0
340;1
341;0
342;0
343;0
344;2
345;1
346;0
347;1
348;0
349;0
350;0
351;2
352;4
353;0
354;0
355;0
356;0
357;0
358;0
359;0
360;2
361;0
362;0
363;0
364;2
365;0
366;0
367;0
368;2
369;0
370;1
371;0
372;1
373;0
374;0
375;2
376;2
377;1
378;0
379;0
380;0
381;0
382;0
383;0
384;2
385;1
386;0
387;0
388;0
389;0
390;1
391;1
392;0
393;0
394;0
395;2
396;2
397;2
398;2
399;2
400;2
401;0
402;0
403;0
404;0
405;0
406;0
407;0
408;0
409;0
410;2
411;0
412;2
413;1
414;1
415;0
416;2
417;0
418;0
419;1
420;0
421;1
422;0
423;0
424;0
425;0
426;0
427;0
428;0
429;2
430;2
431;0
432;0
433;0
434;2
435;0
436;0
437;0
438;0
439;0
440;1
441;1
442;0
443;4
444;0
445;2
446;0
447;2
448;1
449;0
450;0
451;2
452;1
453;0
454;0
455;2
456;2
457;0
458;1
459;0
460;0
461;0
462;2
463;0
464;1
465;1
466;0
467;2
468;2
469;1
470;0
471;0
472;2
473;0
474;0
475;0
476;0
477;0
478;0
479;2
480;1
481;0
482;0
483;0
484;0
485;0
486;2
487;1
488;0
489;0
490;0
491;0
492;0
493;0
494;0
495;2
496;2
497;2
498;2
499;2
500;0
501;2
502;0
503;1
504;0
505;0
506;0
507;1
508;1
509;0
510;0
511;2
512;2
513;2
514;0
515;1
516;0
517;0
518;0
519;0
520;0
521;2
522;2
523;1
524;0
525;1
526;0
527;0
528;0
529;0
530;0
531;2
532;0
533;0
534;0
535;2
536;0
537;0
538;2
539;2
540;0
541;0
542;0
543;0
544;0
545;0
546;0
547;0
548;2
549;2
550;2
551;1
552;0
553;2
554;2
555;0
556;2
557;0
558;2
559;0
560;0
561;2
562;0
563;1
564;1
565;0
566;1
567;0
568;0
569;0
570;0
571;0
572;1
573;0
574;2
575;1
576;1
577;0
578;0
579;0
580;0
581;0
582;2
583;0
584;2
585;0
586;0
587;0
588;2
589;0
590;0
591;0
592;1
593;0
594;0
595;0
596;0
597;0
598;0
599;0
600;2
601;2
602;2
603;0
604;1
605;0
606;0
607;2
608;2
609;0
610;1
611;0
612;0
613;2
614;2
615;0
616;2
617;2
618;0
619;0
620;2
621;1
622;1
623;0
624;0
625;0
626;0
627;0
628;0
629;0
630;2
631;2
632;2
633;1
634;0
635;2
636;2
637;0
638;0
639;2
640;2
641;0
642;0
643;0
644;2
645;0
646;0
647;1
648;1
649;0
650;0
651;0
652;2
653;1
654;0
655;2
656;2
657;0
658;0
659;0
660;2
661;2
662;0
663;2
664;0
665;0
666;0
667;0
668;0
669;0
670;1
671;0
672;0
673;2
674;1
675;0
676;2
677;0
678;0
679;0
680;2
681;0
682;0
683;0
684;0
685;0
686;0
687;0
688;0
689;0
690;0
691;2
692;1
693;0
694;0
695;0
696;0
697;0
698;0
699;0
700;2
701;2
702;0
703;0
704;0
705;0
706;1
707;0
708;0
709;0
710;0
711;0
712;0
713;0
714;1
715;0
716;0
717;1
718;0
719;0
720;0
721;0
722;0
723;0
724;2
725;0
726;0
727;0
728;0
729;0
730;0
731;0
732;1
733;0
734;0
735;2
736;0
737;0
738;0
739;0
740;0
741;0
742;0
743;1
744;0
745;0
746;0
747;0
748;2
749;2
750;0
751;0
752;2
753;0
754;0
755;0
756;2
757;0
758;0
759;0
760;0
761;0
762;2
763;0
764;2
765;0
766;0
767;0
768;1
769;0
770;0
771;0
772;2
773;0
774;0
775;0
776;0
777;0
778;0
779;0
780;0
781;0
782;2
783;2
784;1
785;0
786;0
787;0
788;0
789;0
790;0
791;2
792;2
793;0
794;2
795;2
796;2
797;0
798;0
799;0
800;2
801;1
802;0
803;0
804;0
805;0
806;2
807;2
808;2
809;0
810;0
811;0
812;0
813;0
814;1
815;0
816;2
817;0
818;0
819;1
820;0
821;0
822;2
823;2
824;0
825;0
826;0
827;0
828;0
829;0
830;1
831;0
832;2
833;2
834;2
835;2
836;1
837;0
838;0
839;2
840;0
841;0
842;0
843;0
844;0
845;2
846;1
847;0
848;2
849;2
850;2
851;0
852;0
853;0
854;0
855;0
856;0
857;0
858;2
859;0
860;0
861;2
862;2
863;0
864;0
865;0
866;0
867;0
868;1
869;0
870;1
871;0
872;0
873;0
874;1
875;0
876;2
877;0
878;0
879;0
880;0
881;0
882;0
883;1
884;0
885;0
886;2
887;0
888;1
889;0
890;0
891;0
892;0
893;0
894;2
895;2
896;2
897;0
898;1
899;0
900;0
901;0
902;2
903;2
904;2
905;0
906;0
907;0
908;2
909;0
910;2
911;0
912;0
913;0
914;1
915;0
916;0
917;0
918;1
919;0
920;1
921;0
922;1
923;0
924;1
925;0
926;0
927;0
928;1
929;0
930;2
931;0
932;2
933;0
934;0
935;2
936;0
937;1
938;0
939;2
940;1
941;0
942;2
943;0
944;0
945;1
946;1
947;0
948;1
949;0
950;1
951;2
952;1
953;1
954;0
955;1
956;0
957;0
958;0
959;0
960;2
961;0
962;2
963;0
964;0
965;0
966;2
967;0
968;1
969;0
970;0
971;2
972;0
973;0
974;1
975;2
976;2
977;0
978;2
979;0
980;2
981;0
982;0
983;0
984;0
985;0
986;0
987;0
988;0
989;1
990;0
991;0
992;0
993;1
994;0
995;2
996;0
997;0
998;2
999;0
1000;4
1001;2
1002;0
1003;0
1004;2
1005;0
1006;0
1007;0
1008;2
1009;0
1010;0
1011;0
1012;0
1013;0
1014;0
1015;1
1016;0
1017;0
1018;0
1019;0
1020;0
1021;0
1022;0
1023;0
