0;0
1;0
2;0
3;2
4;2
5;0
6;2
7;2
8;2
9;0
10;2
11;1
12;1
13;0
14;1
15;0
16;0
17;2
18;2
19;2
20;2
21;2
22;0
23;2
24;1
25;0
26;0
27;0
28;2
29;2
30;0
31;2
32;0
33;2
34;2
35;0
36;1
37;0
38;1
39;0
40;1
41;0
42;1
43;0
44;2
45;1
46;0
47;0
48;0
49;2
50;0
51;0
52;2
53;0
54;0
55;0
56;0
57;0
58;0
59;0
60;1
61;0
62;0
63;0
64;0
65;0
66;0
67;0
68;0
69;0
70;0
71;0
72;1
73;0
74;0
75;0
76;1
77;0
78;0
79;2
80;2
81;0
82;0
83;2
84;0
85;0
86;0
87;0
88;1
89;0
90;0
91;1
92;0
93;0
94;0
95;0
96;0
97;0
98;2
99;0
100;0
101;0
102;0
103;0
104;2
105;0
106;0
107;1
108;0
109;0
110;0
111;0
112;0
113;2
114;0
115;1
116;0
117;0
118;0
119;0
120;0
121;2
122;2
123;2
124;2
125;0
126;0
127;0
128;0
129;1
130;0
131;1
132;0
133;0
134;0
135;0
136;0
137;0
138;0
139;0
140;2
141;0
142;2
143;0
144;1
145;0
146;0
147;0
148;0
149;2
150;2
151;0
152;2
153;0
154;0
155;0
156;0
157;0
158;0
159;0
160;0
161;0
162;0
163;0
164;1
165;0
166;1
167;0
168;0
169;0
170;2
171;1
172;0
173;0
174;0
175;0
176;0
177;1
178;0
179;0
180;0
181;0
182;0
183;0
184;0
185;0
186;0
187;0
188;0
189;1
190;1
191;0
192;2
193;2
194;1
195;0
196;2
197;0
198;2
199;0
200;0
201;0
202;2
203;0
204;1
205;0
206;0
207;2
208;4
209;0
210;2
211;2
212;2
213;0
214;2
215;0
216;2
217;0
218;0
219;0
220;0
221;2
222;2
223;2
224;2
225;0
226;0
227;1
228;0
229;0
230;0
231;0
232;0
233;2
234;0
235;0
236;0
237;2
238;0
239;0
240;1
241;0
242;2
243;2
244;0
245;0
246;0
247;2
248;4
249;0
250;1
251;0
252;2
253;0
254;0
255;0
256;2
257;0
258;2
259;2
260;2
261;0
262;0
263;2
264;0
265;0
266;1
267;0
268;1
269;0
270;2
271;0
272;0
273;2
274;0
275;0
276;0
277;0
278;2
279;2
280;2
281;0
282;0
283;0
284;0
285;0
286;0
287;0
288;0
289;0
290;0
291;0
292;2
293;0
294;0
295;0
296;0
297;0
298;0
299;0
300;2
301;0
302;0
303;1
304;0
305;1
306;0
307;0
308;0
309;0
310;0
311;1
312;2
313;1
314;0
315;0
316;1
317;0
318;2
319;2
320;1
321;0
322;2
323;0
324;0
325;0
326;0
327;1
328;0
329;2
330;1
331;2
332;2
333;2
334;0
335;0
336;0
337;0
338;2
339;2
340;1
341;0
342;0
343;1
344;2
345;1
346;1
347;2
348;2
349;0
350;0
351;0
352;0
353;0
354;0
355;2
356;0
357;1
358;0
359;0
360;2
361;1
362;0
363;2
364;2
365;0
366;0
367;0
368;0
369;2
370;0
371;0
372;0
373;0
374;0
375;0
376;0
377;0
378;0
379;2
380;0
381;0
382;0
383;0
384;0
385;0
386;0
387;0
388;1
389;0
390;1
391;0
392;0
393;0
394;0
395;0
396;0
397;0
398;0
399;0
400;2
401;2
402;0
403;0
404;2
405;0
406;0
407;0
408;2
409;0
410;0
411;0
412;2
413;0
414;2
415;2
416;2
417;1
418;0
419;2
420;2
421;0
422;0
423;0
424;2
425;1
426;0
427;2
428;2
429;0
430;0
431;0
432;0
433;0
434;0
435;0
436;0
437;2
438;0
439;1
440;0
441;0
442;2
443;2
444;1
445;0
446;0
447;0
448;0
449;0
450;2
451;0
452;0
453;0
454;0
455;0
456;0
457;1
458;0
459;1
460;2
461;0
462;2
463;2
464;2
465;1
466;0
467;0
468;0
469;0
470;0
471;0
472;0
473;0
474;0
475;0
476;0
477;0
478;0
479;0
480;0
481;0
482;1
483;0
484;0
485;2
486;1
487;0
488;1
489;0
490;0
491;2
492;0
493;0
494;2
495;0
496;2
497;0
498;0
499;0
500;2
501;0
502;0
503;0
504;0
505;0
506;0
507;0
508;2
509;0
510;0
511;0
512;0
513;0
514;0
515;0
516;2
517;2
518;2
519;0
520;2
521;0
522;0
523;0
524;0
525;1
526;2
527;0
528;0
529;0
530;2
531;2
532;0
533;1
534;0
535;0
536;2
537;0
538;0
539;0
540;1
541;0
542;0
543;0
544;0
545;0
546;1
547;2
548;2
549;0
550;0
551;0
552;1
553;0
554;2
555;0
556;0
557;2
558;0
559;2
560;2
561;2
562;1
563;0
564;0
565;0
566;0
567;0
568;0
569;1
570;2
571;2
572;2
573;0
574;0
575;0
576;1
577;0
578;0
579;0
580;0
581;0
582;0
583;0
584;2
585;2
586;0
587;0
588;1
589;0
590;0
591;0
592;0
593;0
594;0
595;0
596;1
597;0
598;0
599;0
600;1
601;0
602;0
603;0
604;2
605;0
606;0
607;0
608;2
609;0
610;0
611;0
612;2
613;0
614;0
615;2
616;2
617;0
618;0
619;0
620;0
621;0
622;0
623;0
624;0
625;0
626;2
627;2
628;2
629;2
630;0
631;0
632;1
633;0
634;0
635;0
636;1
637;1
638;0
639;0
640;0
641;1
642;0
643;0
644;0
645;0
646;0
647;0
648;0
649;0
650;0
651;2
652;0
653;0
654;0
655;0
656;0
657;0
658;1
659;1
660;0
661;0
662;0
663;0
664;0
665;0
666;0
667;0
668;0
669;0
670;2
671;1
672;0
673;0
674;0
675;0
676;0
677;0
678;0
679;2
680;1
681;0
682;1
683;2
684;1
685;0
686;0
687;0
688;0
689;0
690;0
691;0
692;0
693;0
694;0
695;0
696;0
697;0
698;0
699;0
700;0
701;0
702;0
703;0
704;1
705;0
706;0
707;0
708;0
709;0
710;1
711;0
712;0
713;0
714;0
715;0
716;0
717;0
718;0
719;0
720;0
721;2
722;0
723;0
724;2
725;0
726;0
727;2
728;2
729;0
730;0
731;2
732;1
733;0
734;0
735;0
736;1
737;2
738;2
739;0
740;0
741;0
742;2
743;2
744;0
745;2
746;0
747;0
748;1
749;0
750;0
751;0
752;0
753;2
754;2
755;2
756;0
757;0
758;0
759;0
760;0
761;0
762;4
763;0
764;0
765;0
766;0
767;0
768;0
769;0
770;2
771;0
772;0
773;0
774;0
775;0
776;2
777;0
778;0
779;1
780;0
781;0
782;0
783;0
784;0
785;1
786;0
787;0
788;0
789;0
790;2
791;0
792;1
793;1
794;0
795;0
796;0
797;0
798;2
799;0
800;1
801;0
802;0
803;0
804;2
805;0
806;0
807;0
808;0
809;0
810;0
811;0
812;1
813;0
814;2
815;1
816;0
817;0
818;0
819;0
820;1
821;0
822;2
823;2
824;2
825;0
826;0
827;0
828;2
829;0
830;0
831;0
832;2
833;2
834;1
835;0
836;0
837;2
838;0
839;2
840;0
841;0
842;1
843;0
844;2
845;2
846;2
847;0
848;0
849;2
850;0
851;0
852;0
853;1
854;0
855;0
856;0
857;0
858;0
859;0
860;0
861;2
862;1
863;0
864;0
865;1
866;0
867;0
868;2
869;0
870;0
871;2
872;0
873;0
874;1
875;0
876;1
877;1
878;1
879;0
880;0
881;0
882;0
883;0
884;0
885;1
886;0
887;0
888;0
889;0
890;0
891;0
892;2
893;2
894;0
895;0
896;0
897;0
898;0
899;0
900;0
901;0
902;2
903;0
904;0
905;0
906;1
907;0
908;2
909;0
910;1
911;0
912;0
913;0
914;0
915;0
916;0
917;0
918;1
919;0
920;0
921;2
922;2
923;2
924;0
925;2
926;2
927;0
928;0
929;0
930;0
931;0
932;0
933;0
934;0
935;0
936;0
937;1
938;0
939;0
940;2
941;2
942;2
943;2
944;1
945;0
946;0
947;0
948;0
949;0
950;0
951;0
952;0
953;0
954;2
955;2
956;1
957;0
958;0
959;2
960;0
961;0
962;0
963;0
964;0
965;0
966;0
967;2
968;0
969;1
970;0
971;0
972;1
973;0
974;0
975;2
976;0
977;0
978;2
979;1
980;0
981;2
982;0
983;0
984;2
985;0
986;0
987;0
988;2
989;0
990;0
991;0
992;0
993;2
994;1
995;0
996;2
997;1
998;0
999;0
1000;0
1001;0
1002;0
1003;0
1004;2
1005;2
1006;1
1007;2
1008;1
1009;2
1010;0
1011;1
1012;1
1013;0
1014;1
1015;0
1016;0
1017;0
1018;0
1019;0
1020;0
1021;0
1022;0
1023;0
