0;1
1;0
2;0
3;2
4;2
5;0
6;2
7;2
8;2
9;1
10;2
11;1
12;1
13;0
14;0
15;0
16;0
17;2
18;2
19;2
20;2
21;2
22;0
23;2
24;1
25;0
26;0
27;0
28;2
29;0
30;0
31;0
32;0
33;2
34;2
35;0
36;2
37;1
38;1
39;0
40;1
41;1
42;1
43;0
44;2
45;0
46;0
47;0
48;1
49;2
50;0
51;0
52;2
53;0
54;0
55;0
56;0
57;0
58;0
59;0
60;1
61;1
62;0
63;2
64;0
65;0
66;0
67;0
68;0
69;1
70;0
71;0
72;1
73;0
74;0
75;0
76;0
77;2
78;0
79;2
80;2
81;0
82;0
83;2
84;0
85;0
86;0
87;0
88;1
89;0
90;0
91;2
92;2
93;0
94;0
95;0
96;4
97;0
98;2
99;0
100;0
101;0
102;1
103;0
104;2
105;0
106;0
107;0
108;0
109;0
110;0
111;0
112;0
113;2
114;2
115;1
116;0
117;0
118;0
119;0
120;0
121;1
122;0
123;2
124;2
125;0
126;0
127;0
128;0
129;2
130;2
131;2
132;2
133;0
134;0
135;0
136;0
137;0
138;0
139;0
140;2
141;0
142;0
143;0
144;1
145;0
146;0
147;0
148;0
149;2
150;2
151;0
152;4
153;2
154;0
155;1
156;2
157;0
158;0
159;0
160;1
161;0
162;2
163;2
164;1
165;0
166;0
167;2
168;4
169;0
170;2
171;2
172;2
173;0
174;0
175;0
176;2
177;0
178;0
179;0
180;1
181;0
182;0
183;0
184;0
185;1
186;0
187;2
188;2
189;0
190;0
191;0
192;1
193;1
194;0
195;1
196;2
197;0
198;0
199;0
200;2
201;2
202;2
203;2
204;1
205;0
206;0
207;2
208;4
209;0
210;2
211;2
212;2
213;0
214;2
215;0
216;2
217;1
218;1
219;0
220;0
221;2
222;1
223;0
224;0
225;0
226;0
227;0
228;0
229;0
230;2
231;1
232;0
233;1
234;0
235;0
236;0
237;0
238;0
239;0
240;2
241;2
242;0
243;0
244;0
245;2
246;0
247;0
248;0
249;2
250;0
251;0
252;2
253;0
254;0
255;0
256;1
257;2
258;0
259;2
260;1
261;1
262;1
263;0
264;0
265;0
266;2
267;0
268;0
269;0
270;1
271;0
272;0
273;0
274;1
275;0
276;0
277;2
278;2
279;0
280;0
281;0
282;2
283;2
284;2
285;0
286;0
287;2
288;2
289;0
290;2
291;2
292;2
293;0
294;2
295;2
296;2
297;1
298;0
299;2
300;2
301;0
302;0
303;0
304;0
305;0
306;0
307;0
308;0
309;0
310;0
311;0
312;0
313;0
314;0
315;0
316;2
317;0
318;0
319;1
320;0
321;1
322;0
323;0
324;0
325;0
326;0
327;0
328;0
329;0
330;0
331;0
332;2
333;2
334;2
335;2
336;1
337;0
338;0
339;0
340;0
341;2
342;0
343;1
344;1
345;0
346;0
347;2
348;1
349;0
350;0
351;2
352;4
353;0
354;2
355;2
356;2
357;0
358;0
359;0
360;1
361;0
362;0
363;0
364;2
365;0
366;0
367;0
368;0
369;0
370;2
371;2
372;2
373;1
374;1
375;0
376;2
377;0
378;0
379;0
380;2
381;0
382;0
383;0
384;0
385;0
386;0
387;2
388;2
389;2
390;2
391;2
392;2
393;0
394;0
395;0
396;0
397;2
398;2
399;0
400;2
401;0
402;0
403;0
404;0
405;0
406;1
407;2
408;0
409;0
410;0
411;0
412;0
413;0
414;0
415;0
416;0
417;0
418;1
419;0
420;0
421;0
422;0
423;0
424;0
425;0
426;2
427;0
428;2
429;2
430;0
431;0
432;4
433;0
434;0
435;0
436;2
437;0
438;0
439;0
440;1
441;0
442;0
443;2
444;2
445;1
446;0
447;2
448;4
449;0
450;2
451;2
452;2
453;0
454;2
455;0
456;2
457;2
458;0
459;2
460;1
461;0
462;0
463;0
464;0
465;1
466;0
467;0
468;1
469;0
470;0
471;0
472;0
473;0
474;0
475;0
476;1
477;0
478;0
479;0
480;0
481;2
482;0
483;1
484;0
485;0
486;2
487;1
488;1
489;0
490;0
491;0
492;0
493;0
494;0
495;0
496;1
497;1
498;0
499;2
500;0
501;0
502;0
503;0
504;4
505;0
506;2
507;2
508;2
509;0
510;0
511;0
512;4
513;0
514;0
515;0
516;0
517;2
518;0
519;0
520;2
521;0
522;1
523;0
524;2
525;0
526;0
527;0
528;1
529;0
530;1
531;2
532;1
533;0
534;0
535;2
536;4
537;0
538;2
539;0
540;0
541;0
542;0
543;0
544;2
545;0
546;0
547;0
548;0
549;0
550;0
551;2
552;2
553;2
554;0
555;0
556;0
557;0
558;0
559;2
560;2
561;0
562;2
563;0
564;1
565;0
566;0
567;0
568;0
569;0
570;2
571;0
572;0
573;0
574;2
575;2
576;0
577;0
578;0
579;0
580;2
581;0
582;0
583;0
584;0
585;0
586;0
587;0
588;0
589;0
590;1
591;0
592;0
593;0
594;0
595;0
596;1
597;0
598;2
599;0
600;0
601;1
602;0
603;2
604;4
605;2
606;2
607;1
608;0
609;0
610;0
611;0
612;2
613;2
614;2
615;2
616;2
617;0
618;0
619;0
620;0
621;0
622;2
623;0
624;2
625;0
626;0
627;0
628;2
629;2
630;0
631;0
632;1
633;0
634;0
635;0
636;0
637;0
638;0
639;1
640;0
641;0
642;0
643;0
644;1
645;0
646;0
647;0
648;2
649;0
650;0
651;0
652;2
653;0
654;0
655;0
656;0
657;0
658;0
659;0
660;4
661;0
662;0
663;1
664;2
665;0
666;0
667;0
668;1
669;0
670;2
671;2
672;2
673;0
674;0
675;0
676;2
677;1
678;2
679;2
680;1
681;0
682;0
683;0
684;0
685;1
686;0
687;0
688;1
689;0
690;0
691;0
692;0
693;0
694;0
695;2
696;0
697;0
698;1
699;0
700;1
701;0
702;0
703;2
704;4
705;0
706;2
707;2
708;4
709;0
710;2
711;0
712;1
713;0
714;0
715;2
716;1
717;0
718;2
719;0
720;0
721;0
722;1
723;0
724;0
725;0
726;2
727;2
728;0
729;0
730;2
731;1
732;0
733;0
734;0
735;2
736;2
737;0
738;2
739;2
740;2
741;0
742;1
743;1
744;1
745;0
746;0
747;2
748;1
749;0
750;0
751;2
752;1
753;0
754;0
755;0
756;0
757;2
758;0
759;2
760;0
761;0
762;1
763;0
764;0
765;0
766;0
767;0
768;0
769;0
770;0
771;0
772;1
773;0
774;0
775;0
776;2
777;0
778;0
779;0
780;0
781;0
782;0
783;0
784;0
785;2
786;0
787;0
788;0
789;2
790;1
791;0
792;2
793;0
794;0
795;2
796;2
797;2
798;0
799;0
800;1
801;0
802;0
803;0
804;0
805;0
806;2
807;0
808;0
809;0
810;2
811;2
812;0
813;2
814;0
815;0
816;1
817;0
818;0
819;0
820;0
821;2
822;0
823;2
824;0
825;0
826;0
827;0
828;0
829;2
830;4
831;2
832;0
833;0
834;1
835;0
836;0
837;0
838;2
839;0
840;0
841;0
842;0
843;0
844;0
845;0
846;0
847;1
848;0
849;0
850;0
851;0
852;0
853;0
854;0
855;0
856;0
857;0
858;1
859;0
860;0
861;1
862;0
863;0
864;0
865;2
866;2
867;0
868;1
869;1
870;0
871;0
872;2
873;0
874;0
875;0
876;0
877;0
878;0
879;0
880;2
881;2
882;2
883;2
884;2
885;0
886;0
887;0
888;0
889;0
890;0
891;2
892;1
893;0
894;1
895;2
896;2
897;0
898;0
899;0
900;4
901;0
902;0
903;0
904;0
905;0
906;1
907;0
908;1
909;0
910;0
911;0
912;0
913;2
914;2
915;0
916;0
917;0
918;0
919;0
920;1
921;2
922;0
923;0
924;0
925;0
926;2
927;0
928;0
929;1
930;1
931;0
932;0
933;1
934;0
935;4
936;1
937;0
938;0
939;2
940;0
941;0
942;2
943;2
944;1
945;1
946;1
947;1
948;0
949;0
950;0
951;2
952;0
953;0
954;0
955;0
956;0
957;0
958;0
959;0
960;2
961;2
962;2
963;0
964;0
965;0
966;0
967;0
968;0
969;0
970;0
971;1
972;0
973;0
974;1
975;0
976;2
977;0
978;1
979;0
980;0
981;0
982;2
983;1
984;0
985;0
986;0
987;2
988;1
989;0
990;2
991;2
992;2
993;0
994;2
995;0
996;0
997;2
998;0
999;0
1000;0
1001;0
1002;0
1003;0
1004;1
1005;0
1006;0
1007;0
1008;0
1009;0
1010;0
1011;0
1012;1
1013;1
1014;0
1015;0
1016;0
1017;0
1018;0
1019;0
1020;0
1021;0
1022;0
1023;0
