0;1
1;0
2;0
3;2
4;2
5;0
6;0
7;0
8;0
9;0
10;2
11;0
12;2
13;1
14;0
15;0
16;0
17;2
18;0
19;0
20;0
21;0
22;0
23;2
24;0
25;0
26;1
27;2
28;0
29;2
30;0
31;0
32;1
33;0
34;1
35;0
36;1
37;0
38;0
39;1
40;0
41;0
42;0
43;0
44;1
45;0
46;2
47;1
48;0
49;0
50;0
51;2
52;2
53;0
54;2
55;2
56;2
57;0
58;2
59;0
60;2
61;0
62;0
63;0
64;0
65;0
66;0
67;1
68;0
69;0
70;0
71;2
72;0
73;2
74;0
75;2
76;2
77;2
78;2
79;0
80;2
81;0
82;0
83;2
84;0
85;0
86;0
87;0
88;1
89;0
90;0
91;1
92;1
93;0
94;2
95;2
96;0
97;0
98;0
99;2
100;1
101;0
102;2
103;2
104;2
105;0
106;2
107;0
108;4
109;0
110;1
111;0
112;0
113;0
114;0
115;0
116;2
117;0
118;0
119;0
120;0
121;2
122;0
123;0
124;1
125;0
126;0
127;0
128;2
129;0
130;0
131;0
132;1
133;0
134;1
135;0
136;1
137;0
138;0
139;0
140;0
141;0
142;2
143;2
144;1
145;0
146;0
147;2
148;4
149;2
150;2
151;2
152;2
153;0
154;2
155;0
156;1
157;0
158;0
159;0
160;0
161;0
162;0
163;0
164;1
165;0
166;2
167;1
168;0
169;0
170;0
171;0
172;1
173;0
174;2
175;0
176;1
177;0
178;0
179;0
180;2
181;1
182;0
183;1
184;0
185;0
186;0
187;0
188;2
189;2
190;2
191;1
192;0
193;0
194;2
195;1
196;1
197;0
198;0
199;2
200;1
201;0
202;2
203;1
204;0
205;2
206;0
207;2
208;2
209;0
210;0
211;0
212;0
213;0
214;0
215;0
216;1
217;0
218;1
219;2
220;2
221;0
222;0
223;0
224;2
225;0
226;0
227;1
228;0
229;0
230;0
231;2
232;0
233;0
234;0
235;0
236;0
237;2
238;2
239;0
240;4
241;1
242;0
243;0
244;2
245;0
246;0
247;0
248;1
249;0
250;1
251;0
252;0
253;0
254;2
255;2
256;1
257;0
258;0
259;2
260;2
261;0
262;2
263;1
264;0
265;0
266;2
267;0
268;0
269;2
270;0
271;0
272;2
273;0
274;1
275;2
276;0
277;2
278;1
279;0
280;1
281;2
282;1
283;2
284;0
285;0
286;0
287;2
288;1
289;1
290;0
291;2
292;2
293;0
294;0
295;2
296;0
297;0
298;0
299;0
300;1
301;0
302;0
303;2
304;1
305;0
306;0
307;2
308;0
309;2
310;2
311;2
312;2
313;0
314;2
315;0
316;1
317;0
318;0
319;1
320;0
321;0
322;1
323;0
324;0
325;2
326;1
327;0
328;0
329;0
330;0
331;2
332;0
333;0
334;0
335;2
336;2
337;1
338;0
339;0
340;0
341;2
342;1
343;0
344;0
345;0
346;0
347;0
348;0
349;0
350;0
351;2
352;1
353;0
354;0
355;0
356;0
357;0
358;2
359;2
360;1
361;0
362;0
363;2
364;2
365;0
366;2
367;2
368;1
369;0
370;2
371;2
372;1
373;2
374;1
375;0
376;0
377;1
378;0
379;0
380;0
381;0
382;0
383;0
384;2
385;2
386;1
387;0
388;4
389;2
390;0
391;2
392;2
393;0
394;0
395;0
396;2
397;0
398;1
399;0
400;1
401;0
402;0
403;0
404;0
405;0
406;2
407;0
408;0
409;0
410;0
411;2
412;4
413;0
414;0
415;1
416;0
417;0
418;2
419;0
420;4
421;0
422;0
423;0
424;0
425;0
426;0
427;0
428;2
429;2
430;1
431;0
432;2
433;0
434;0
435;0
436;0
437;0
438;0
439;0
440;0
441;2
442;2
443;2
444;0
445;0
446;0
447;0
448;2
449;1
450;0
451;0
452;2
453;0
454;0
455;0
456;1
457;1
458;0
459;0
460;0
461;0
462;2
463;2
464;1
465;0
466;0
467;0
468;2
469;0
470;1
471;0
472;2
473;0
474;2
475;2
476;1
477;0
478;0
479;0
480;0
481;0
482;0
483;0
484;0
485;0
486;0
487;0
488;1
489;1
490;0
491;2
492;0
493;2
494;0
495;2
496;0
497;2
498;2
499;2
500;0
501;0
502;0
503;2
504;0
505;1
506;2
507;0
508;2
509;0
510;0
511;0
512;0
513;0
514;2
515;0
516;0
517;0
518;0
519;0
520;0
521;0
522;1
523;0
524;0
525;0
526;1
527;0
528;0
529;0
530;0
531;0
532;0
533;0
534;0
535;1
536;0
537;0
538;0
539;2
540;4
541;2
542;2
543;1
544;0
545;0
546;2
547;0
548;2
549;0
550;2
551;2
552;1
553;0
554;0
555;2
556;1
557;0
558;0
559;0
560;0
561;0
562;0
563;0
564;0
565;0
566;0
567;0
568;1
569;0
570;1
571;1
572;0
573;0
574;0
575;2
576;2
577;0
578;2
579;2
580;2
581;0
582;0
583;0
584;4
585;2
586;2
587;2
588;2
589;2
590;0
591;0
592;1
593;0
594;0
595;1
596;2
597;0
598;0
599;1
600;0
601;2
602;1
603;0
604;1
605;0
606;0
607;0
608;1
609;0
610;0
611;0
612;0
613;0
614;2
615;0
616;2
617;2
618;0
619;0
620;1
621;0
622;1
623;0
624;0
625;0
626;2
627;0
628;2
629;0
630;0
631;0
632;2
633;0
634;0
635;0
636;1
637;0
638;0
639;2
640;1
641;0
642;0
643;2
644;4
645;0
646;2
647;2
648;2
649;0
650;2
651;0
652;2
653;0
654;1
655;0
656;0
657;0
658;0
659;1
660;0
661;0
662;0
663;0
664;0
665;0
666;0
667;0
668;1
669;0
670;0
671;2
672;1
673;0
674;2
675;0
676;2
677;1
678;0
679;0
680;0
681;0
682;0
683;0
684;0
685;0
686;1
687;0
688;1
689;0
690;0
691;0
692;2
693;0
694;2
695;2
696;2
697;0
698;0
699;0
700;1
701;0
702;2
703;1
704;0
705;0
706;0
707;0
708;4
709;2
710;2
711;2
712;4
713;0
714;2
715;0
716;2
717;1
718;0
719;2
720;2
721;0
722;0
723;0
724;0
725;0
726;2
727;0
728;2
729;2
730;0
731;2
732;0
733;1
734;0
735;0
736;0
737;0
738;0
739;0
740;0
741;0
742;0
743;2
744;0
745;0
746;0
747;2
748;2
749;0
750;2
751;2
752;0
753;2
754;2
755;0
756;2
757;0
758;0
759;0
760;0
761;1
762;0
763;0
764;0
765;1
766;0
767;0
768;0
769;0
770;0
771;1
772;0
773;0
774;0
775;0
776;1
777;0
778;2
779;0
780;0
781;0
782;2
783;4
784;1
785;0
786;0
787;2
788;1
789;1
790;0
791;2
792;2
793;0
794;0
795;0
796;1
797;0
798;0
799;0
800;0
801;1
802;0
803;0
804;0
805;1
806;0
807;0
808;1
809;0
810;1
811;0
812;2
813;2
814;1
815;0
816;0
817;0
818;0
819;0
820;0
821;0
822;0
823;0
824;0
825;2
826;1
827;0
828;0
829;0
830;0
831;2
832;1
833;1
834;2
835;0
836;0
837;2
838;0
839;0
840;2
841;0
842;1
843;0
844;0
845;0
846;1
847;0
848;1
849;0
850;0
851;2
852;0
853;0
854;0
855;0
856;2
857;0
858;2
859;0
860;2
861;2
862;2
863;2
864;2
865;0
866;0
867;0
868;2
869;0
870;0
871;1
872;0
873;0
874;0
875;0
876;1
877;0
878;2
879;1
880;0
881;0
882;0
883;2
884;2
885;0
886;2
887;2
888;2
889;0
890;2
891;2
892;2
893;2
894;0
895;0
896;0
897;1
898;0
899;0
900;2
901;0
902;0
903;0
904;2
905;1
906;2
907;1
908;0
909;2
910;2
911;0
912;1
913;0
914;0
915;2
916;0
917;0
918;0
919;0
920;0
921;0
922;2
923;0
924;0
925;0
926;0
927;0
928;0
929;2
930;2
931;0
932;1
933;0
934;1
935;0
936;0
937;2
938;0
939;0
940;0
941;0
942;0
943;0
944;0
945;0
946;2
947;2
948;1
949;0
950;0
951;2
952;4
953;0
954;2
955;2
956;2
957;0
958;0
959;0
960;1
961;1
962;0
963;0
964;0
965;1
966;0
967;0
968;0
969;2
970;0
971;0
972;0
973;0
974;2
975;0
976;0
977;0
978;2
979;2
980;1
981;0
982;0
983;1
984;2
985;0
986;2
987;2
988;2
989;0
990;2
991;0
992;2
993;0
994;0
995;2
996;0
997;0
998;2
999;2
1000;1
1001;1
1002;2
1003;2
1004;2
1005;1
1006;0
1007;1
1008;0
1009;0
1010;0
1011;1
1012;1
1013;1
1014;0
1015;1
1016;0
1017;0
1018;0
1019;0
1020;0
1021;0
1022;0
1023;0
