0;1
1;0
2;0
3;1
4;1
5;0
6;2
7;2
8;2
9;0
10;2
11;0
12;2
13;0
14;0
15;0
16;0
17;2
18;2
19;2
20;2
21;2
22;1
23;0
24;1
25;0
26;2
27;2
28;2
29;0
30;0
31;2
32;0
33;0
34;0
35;0
36;0
37;0
38;2
39;0
40;1
41;0
42;0
43;0
44;1
45;0
46;0
47;1
48;0
49;0
50;0
51;2
52;4
53;0
54;2
55;2
56;2
57;0
58;0
59;0
60;2
61;0
62;0
63;4
64;0
65;0
66;2
67;0
68;0
69;0
70;2
71;2
72;1
73;0
74;0
75;0
76;0
77;0
78;0
79;0
80;1
81;0
82;2
83;2
84;1
85;0
86;0
87;2
88;1
89;0
90;0
91;2
92;2
93;0
94;2
95;0
96;1
97;2
98;0
99;0
100;0
101;2
102;2
103;2
104;1
105;0
106;2
107;2
108;1
109;0
110;0
111;0
112;4
113;0
114;2
115;2
116;2
117;0
118;2
119;0
120;2
121;0
122;1
123;0
124;0
125;0
126;0
127;0
128;0
129;2
130;0
131;0
132;0
133;0
134;0
135;1
136;0
137;0
138;2
139;0
140;0
141;1
142;1
143;0
144;2
145;2
146;0
147;0
148;2
149;0
150;2
151;0
152;2
153;0
154;1
155;0
156;0
157;2
158;2
159;2
160;1
161;0
162;2
163;0
164;0
165;1
166;0
167;0
168;0
169;0
170;2
171;0
172;0
173;0
174;1
175;0
176;0
177;0
178;2
179;0
180;0
181;0
182;2
183;0
184;0
185;0
186;0
187;1
188;0
189;0
190;0
191;0
192;0
193;0
194;0
195;0
196;2
197;0
198;1
199;0
200;0
201;0
202;1
203;0
204;1
205;0
206;0
207;2
208;4
209;0
210;2
211;2
212;2
213;0
214;0
215;0
216;2
217;0
218;0
219;0
220;2
221;1
222;0
223;0
224;0
225;0
226;0
227;0
228;0
229;0
230;0
231;0
232;0
233;0
234;0
235;2
236;1
237;0
238;0
239;0
240;0
241;2
242;1
243;0
244;0
245;0
246;0
247;0
248;0
249;0
250;0
251;0
252;0
253;0
254;2
255;2
256;2
257;2
258;0
259;2
260;0
261;0
262;2
263;2
264;2
265;0
266;0
267;0
268;1
269;0
270;2
271;1
272;0
273;0
274;0
275;0
276;1
277;0
278;1
279;2
280;1
281;0
282;0
283;0
284;0
285;1
286;0
287;0
288;4
289;0
290;0
291;0
292;2
293;0
294;2
295;0
296;1
297;0
298;2
299;2
300;1
301;0
302;0
303;2
304;4
305;0
306;2
307;2
308;2
309;0
310;2
311;0
312;2
313;0
314;0
315;2
316;0
317;0
318;2
319;0
320;0
321;0
322;0
323;0
324;2
325;0
326;0
327;0
328;0
329;0
330;0
331;0
332;0
333;1
334;2
335;0
336;0
337;0
338;0
339;0
340;0
341;0
342;2
343;2
344;1
345;0
346;0
347;2
348;2
349;0
350;2
351;2
352;2
353;0
354;0
355;2
356;2
357;2
358;2
359;2
360;2
361;1
362;0
363;0
364;0
365;0
366;0
367;0
368;2
369;2
370;2
371;0
372;0
373;0
374;2
375;2
376;2
377;0
378;2
379;0
380;0
381;0
382;2
383;0
384;0
385;0
386;0
387;0
388;2
389;0
390;0
391;0
392;1
393;0
394;0
395;0
396;1
397;0
398;0
399;0
400;2
401;1
402;0
403;0
404;0
405;0
406;1
407;0
408;0
409;0
410;2
411;0
412;0
413;2
414;2
415;0
416;2
417;1
418;0
419;0
420;0
421;0
422;0
423;0
424;0
425;0
426;1
427;0
428;2
429;0
430;2
431;0
432;0
433;0
434;4
435;0
436;0
437;2
438;2
439;0
440;0
441;0
442;2
443;2
444;2
445;2
446;2
447;0
448;2
449;0
450;2
451;0
452;0
453;0
454;0
455;0
456;1
457;0
458;2
459;2
460;1
461;0
462;0
463;2
464;4
465;0
466;2
467;2
468;2
469;0
470;2
471;0
472;2
473;0
474;1
475;0
476;1
477;0
478;0
479;0
480;0
481;0
482;1
483;1
484;0
485;0
486;0
487;2
488;1
489;0
490;0
491;2
492;1
493;0
494;0
495;2
496;1
497;0
498;0
499;2
500;2
501;0
502;2
503;0
504;2
505;0
506;2
507;0
508;1
509;2
510;2
511;2
512;2
513;0
514;2
515;0
516;1
517;0
518;0
519;0
520;2
521;1
522;0
523;2
524;1
525;0
526;2
527;1
528;0
529;2
530;0
531;1
532;0
533;0
534;2
535;0
536;0
537;0
538;2
539;2
540;1
541;0
542;0
543;2
544;2
545;0
546;2
547;2
548;2
549;0
550;2
551;0
552;2
553;1
554;2
555;1
556;0
557;2
558;2
559;0
560;2
561;0
562;0
563;0
564;0
565;1
566;0
567;1
568;0
569;0
570;2
571;0
572;0
573;2
574;2
575;0
576;0
577;1
578;2
579;0
580;0
581;0
582;0
583;0
584;0
585;0
586;0
587;0
588;0
589;0
590;0
591;0
592;0
593;0
594;1
595;0
596;0
597;2
598;2
599;0
600;2
601;0
602;2
603;0
604;0
605;2
606;0
607;1
608;1
609;0
610;0
611;0
612;0
613;0
614;0
615;0
616;1
617;0
618;2
619;2
620;1
621;0
622;0
623;2
624;2
625;0
626;2
627;2
628;2
629;0
630;2
631;0
632;2
633;0
634;2
635;0
636;0
637;0
638;0
639;0
640;2
641;1
642;0
643;2
644;0
645;0
646;2
647;0
648;0
649;0
650;0
651;0
652;2
653;0
654;0
655;2
656;0
657;0
658;0
659;0
660;0
661;0
662;2
663;0
664;0
665;2
666;2
667;0
668;1
669;0
670;0
671;1
672;0
673;0
674;2
675;2
676;1
677;0
678;2
679;2
680;1
681;0
682;0
683;2
684;4
685;0
686;2
687;2
688;2
689;0
690;2
691;0
692;1
693;0
694;0
695;0
696;0
697;0
698;0
699;0
700;1
701;2
702;0
703;0
704;0
705;0
706;0
707;0
708;2
709;0
710;2
711;0
712;0
713;0
714;2
715;1
716;1
717;0
718;0
719;0
720;4
721;0
722;0
723;2
724;2
725;0
726;2
727;1
728;1
729;0
730;0
731;0
732;2
733;2
734;2
735;2
736;2
737;0
738;0
739;0
740;0
741;2
742;0
743;2
744;0
745;0
746;2
747;0
748;0
749;0
750;0
751;0
752;2
753;1
754;0
755;0
756;0
757;0
758;0
759;0
760;2
761;0
762;0
763;0
764;4
765;0
766;0
767;0
768;2
769;2
770;2
771;2
772;2
773;0
774;0
775;0
776;1
777;0
778;0
779;0
780;1
781;0
782;0
783;0
784;1
785;0
786;0
787;0
788;0
789;0
790;0
791;0
792;0
793;0
794;2
795;2
796;2
797;1
798;0
799;0
800;0
801;0
802;0
803;0
804;0
805;0
806;2
807;2
808;1
809;0
810;0
811;0
812;4
813;0
814;2
815;2
816;2
817;0
818;0
819;0
820;1
821;0
822;1
823;0
824;0
825;0
826;2
827;0
828;0
829;0
830;0
831;0
832;0
833;0
834;0
835;1
836;0
837;0
838;0
839;1
840;0
841;0
842;2
843;2
844;0
845;2
846;0
847;0
848;0
849;0
850;0
851;0
852;1
853;0
854;2
855;1
856;1
857;0
858;0
859;2
860;2
861;0
862;2
863;2
864;2
865;0
866;2
867;0
868;1
869;0
870;2
871;2
872;1
873;0
874;0
875;2
876;4
877;0
878;2
879;2
880;2
881;0
882;2
883;0
884;2
885;0
886;2
887;0
888;0
889;2
890;2
891;2
892;0
893;0
894;2
895;0
896;1
897;0
898;0
899;2
900;4
901;0
902;2
903;1
904;0
905;0
906;2
907;0
908;1
909;0
910;0
911;2
912;1
913;0
914;0
915;2
916;2
917;0
918;0
919;2
920;2
921;0
922;0
923;0
924;1
925;0
926;0
927;0
928;0
929;2
930;0
931;0
932;0
933;0
934;0
935;0
936;0
937;2
938;0
939;0
940;2
941;0
942;2
943;0
944;0
945;2
946;0
947;0
948;0
949;0
950;0
951;0
952;1
953;1
954;0
955;2
956;2
957;2
958;2
959;2
960;1
961;0
962;2
963;0
964;2
965;0
966;2
967;2
968;0
969;0
970;2
971;0
972;0
973;0
974;0
975;0
976;0
977;0
978;0
979;2
980;0
981;0
982;0
983;2
984;4
985;0
986;2
987;2
988;2
989;0
990;2
991;0
992;2
993;0
994;0
995;2
996;2
997;0
998;0
999;0
1000;1
1001;0
1002;0
1003;0
1004;0
1005;0
1006;1
1007;0
1008;2
1009;0
1010;0
1011;0
1012;1
1013;0
1014;0
1015;0
1016;0
1017;0
1018;0
1019;0
1020;0
1021;0
1022;0
1023;0
