0;0
1;0
2;0
3;2
4;4
5;0
6;2
7;2
8;2
9;0
10;4
11;0
12;2
13;0
14;0
15;1
16;0
17;2
18;2
19;2
20;1
21;2
22;2
23;2
24;1
25;1
26;0
27;1
28;0
29;2
30;0
31;2
32;1
33;0
34;0
35;0
36;0
37;0
38;0
39;0
40;0
41;0
42;0
43;0
44;2
45;0
46;1
47;0
48;1
49;0
50;0
51;0
52;0
53;0
54;0
55;0
56;0
57;1
58;0
59;2
60;0
61;0
62;0
63;0
64;0
65;0
66;0
67;2
68;1
69;0
70;1
71;0
72;1
73;0
74;0
75;0
76;0
77;2
78;0
79;0
80;2
81;0
82;0
83;1
84;0
85;0
86;0
87;0
88;0
89;2
90;2
91;2
92;0
93;0
94;0
95;0
96;2
97;0
98;0
99;0
100;1
101;0
102;1
103;0
104;0
105;0
106;0
107;2
108;4
109;0
110;2
111;1
112;0
113;0
114;2
115;0
116;2
117;0
118;0
119;0
120;0
121;0
122;2
123;0
124;1
125;0
126;0
127;1
128;2
129;0
130;2
131;0
132;2
133;0
134;2
135;2
136;1
137;0
138;2
139;0
140;0
141;0
142;1
143;0
144;0
145;0
146;0
147;0
148;0
149;0
150;0
151;0
152;0
153;1
154;1
155;0
156;1
157;0
158;0
159;0
160;2
161;0
162;2
163;0
164;2
165;0
166;1
167;0
168;0
169;2
170;2
171;1
172;0
173;0
174;0
175;0
176;0
177;0
178;0
179;0
180;0
181;0
182;2
183;0
184;0
185;2
186;1
187;0
188;0
189;0
190;0
191;0
192;0
193;0
194;0
195;0
196;0
197;0
198;0
199;0
200;0
201;0
202;1
203;0
204;4
205;0
206;1
207;0
208;2
209;0
210;0
211;2
212;2
213;0
214;0
215;0
216;2
217;2
218;1
219;0
220;0
221;0
222;2
223;0
224;0
225;0
226;0
227;0
228;0
229;0
230;0
231;0
232;0
233;0
234;2
235;2
236;1
237;0
238;0
239;2
240;0
241;0
242;0
243;0
244;1
245;0
246;2
247;2
248;1
249;2
250;2
251;2
252;1
253;2
254;2
255;2
256;0
257;0
258;0
259;0
260;0
261;0
262;0
263;0
264;0
265;0
266;2
267;2
268;2
269;2
270;2
271;2
272;0
273;0
274;1
275;0
276;2
277;0
278;0
279;0
280;0
281;0
282;2
283;0
284;0
285;0
286;0
287;0
288;0
289;2
290;2
291;0
292;1
293;0
294;0
295;0
296;0
297;1
298;0
299;2
300;0
301;0
302;0
303;0
304;1
305;0
306;2
307;1
308;0
309;0
310;0
311;2
312;4
313;0
314;2
315;2
316;0
317;0
318;0
319;0
320;2
321;0
322;0
323;0
324;0
325;0
326;0
327;0
328;2
329;0
330;0
331;0
332;0
333;0
334;0
335;0
336;0
337;1
338;1
339;0
340;0
341;0
342;0
343;0
344;0
345;0
346;1
347;2
348;0
349;0
350;0
351;1
352;2
353;0
354;0
355;0
356;2
357;0
358;1
359;0
360;0
361;0
362;0
363;1
364;2
365;0
366;0
367;0
368;2
369;0
370;0
371;0
372;2
373;1
374;0
375;0
376;2
377;2
378;0
379;0
380;2
381;0
382;0
383;0
384;2
385;0
386;0
387;0
388;2
389;2
390;1
391;0
392;1
393;0
394;0
395;0
396;1
397;0
398;0
399;2
400;0
401;0
402;1
403;0
404;0
405;1
406;0
407;0
408;2
409;2
410;1
411;0
412;1
413;0
414;0
415;0
416;0
417;0
418;0
419;2
420;0
421;0
422;1
423;0
424;2
425;0
426;0
427;0
428;0
429;0
430;0
431;2
432;2
433;0
434;0
435;0
436;0
437;0
438;0
439;0
440;1
441;0
442;0
443;2
444;2
445;0
446;2
447;1
448;0
449;0
450;2
451;0
452;2
453;2
454;1
455;0
456;2
457;0
458;2
459;0
460;2
461;0
462;0
463;0
464;0
465;1
466;0
467;0
468;1
469;0
470;1
471;0
472;1
473;0
474;0
475;1
476;0
477;0
478;0
479;2
480;4
481;0
482;2
483;1
484;0
485;0
486;2
487;0
488;2
489;0
490;2
491;0
492;1
493;0
494;0
495;0
496;2
497;0
498;0
499;0
500;0
501;0
502;1
503;0
504;1
505;0
506;0
507;2
508;2
509;0
510;2
511;2
512;2
513;0
514;2
515;0
516;2
517;0
518;2
519;0
520;0
521;1
522;0
523;0
524;2
525;0
526;2
527;2
528;0
529;1
530;0
531;1
532;0
533;0
534;0
535;0
536;0
537;2
538;2
539;2
540;2
541;2
542;0
543;1
544;1
545;0
546;1
547;0
548;0
549;0
550;0
551;0
552;2
553;0
554;0
555;1
556;0
557;0
558;0
559;0
560;0
561;2
562;2
563;2
564;0
565;0
566;0
567;0
568;0
569;2
570;0
571;0
572;0
573;0
574;1
575;2
576;1
577;0
578;0
579;2
580;4
581;0
582;1
583;1
584;0
585;0
586;2
587;0
588;2
589;0
590;2
591;2
592;1
593;1
594;0
595;0
596;1
597;2
598;1
599;2
600;2
601;0
602;0
603;2
604;2
605;0
606;2
607;2
608;1
609;2
610;2
611;0
612;2
613;0
614;0
615;0
616;0
617;2
618;0
619;1
620;1
621;0
622;0
623;0
624;0
625;0
626;0
627;0
628;1
629;0
630;0
631;0
632;0
633;2
634;0
635;2
636;0
637;0
638;0
639;2
640;0
641;0
642;0
643;2
644;4
645;0
646;2
647;1
648;0
649;0
650;2
651;0
652;1
653;0
654;2
655;2
656;0
657;0
658;0
659;0
660;0
661;0
662;0
663;2
664;4
665;2
666;2
667;2
668;2
669;0
670;2
671;0
672;1
673;0
674;0
675;0
676;0
677;0
678;0
679;0
680;0
681;2
682;2
683;0
684;1
685;0
686;0
687;0
688;2
689;0
690;1
691;0
692;2
693;0
694;0
695;0
696;0
697;2
698;0
699;0
700;0
701;0
702;0
703;0
704;2
705;0
706;0
707;2
708;2
709;2
710;0
711;2
712;0
713;0
714;0
715;0
716;2
717;0
718;0
719;0
720;2
721;2
722;1
723;0
724;0
725;0
726;0
727;1
728;2
729;2
730;2
731;0
732;0
733;1
734;0
735;0
736;1
737;0
738;0
739;2
740;2
741;2
742;0
743;0
744;2
745;2
746;0
747;1
748;2
749;0
750;0
751;0
752;0
753;0
754;2
755;1
756;0
757;0
758;0
759;2
760;4
761;0
762;2
763;1
764;0
765;0
766;2
767;0
768;2
769;0
770;0
771;0
772;2
773;0
774;1
775;0
776;2
777;2
778;0
779;2
780;2
781;0
782;0
783;0
784;1
785;0
786;0
787;0
788;1
789;0
790;0
791;0
792;0
793;0
794;1
795;0
796;0
797;0
798;0
799;0
800;0
801;0
802;0
803;2
804;0
805;1
806;0
807;1
808;0
809;0
810;0
811;1
812;1
813;0
814;0
815;1
816;1
817;0
818;0
819;0
820;2
821;2
822;0
823;0
824;0
825;0
826;0
827;0
828;0
829;0
830;0
831;1
832;0
833;0
834;0
835;2
836;0
837;0
838;0
839;2
840;0
841;0
842;0
843;2
844;2
845;1
846;1
847;0
848;1
849;0
850;0
851;0
852;0
853;0
854;0
855;0
856;2
857;0
858;0
859;0
860;1
861;0
862;0
863;0
864;0
865;2
866;0
867;0
868;0
869;2
870;0
871;1
872;0
873;2
874;2
875;2
876;1
877;0
878;0
879;0
880;2
881;0
882;2
883;1
884;0
885;0
886;0
887;2
888;2
889;0
890;0
891;0
892;2
893;1
894;1
895;0
896;0
897;1
898;0
899;2
900;2
901;0
902;0
903;0
904;0
905;0
906;0
907;0
908;0
909;2
910;0
911;0
912;0
913;0
914;0
915;0
916;0
917;0
918;0
919;2
920;0
921;1
922;0
923;0
924;2
925;0
926;2
927;0
928;1
929;0
930;0
931;0
932;0
933;0
934;0
935;0
936;2
937;0
938;2
939;2
940;0
941;2
942;2
943;0
944;0
945;0
946;0
947;0
948;0
949;2
950;0
951;0
952;1
953;0
954;0
955;2
956;0
957;0
958;0
959;0
960;0
961;0
962;0
963;0
964;2
965;0
966;0
967;2
968;0
969;1
970;0
971;0
972;0
973;2
974;2
975;2
976;2
977;0
978;0
979;0
980;0
981;0
982;1
983;1
984;0
985;0
986;2
987;2
988;0
989;0
990;2
991;2
992;0
993;0
994;2
995;2
996;2
997;0
998;0
999;2
1000;1
1001;0
1002;1
1003;0
1004;0
1005;1
1006;0
1007;0
1008;1
1009;0
1010;0
1011;0
1012;1
1013;0
1014;1
1015;0
1016;0
1017;0
1018;0
1019;0
1020;0
1021;0
1022;0
1023;0
