0;1
1;0
2;0
3;2
4;2
5;2
6;2
7;1
8;0
9;0
10;2
11;4
12;4
13;0
14;0
15;0
16;0
17;2
18;2
19;2
20;2
21;1
22;0
23;1
24;0
25;0
26;0
27;0
28;0
29;0
30;0
31;2
32;1
33;0
34;0
35;0
36;2
37;0
38;2
39;2
40;2
41;0
42;2
43;0
44;2
45;0
46;2
47;0
48;0
49;0
50;2
51;0
52;1
53;0
54;1
55;0
56;2
57;1
58;0
59;0
60;2
61;0
62;2
63;0
64;0
65;0
66;0
67;0
68;2
69;0
70;0
71;0
72;0
73;0
74;0
75;2
76;0
77;1
78;0
79;2
80;0
81;0
82;0
83;0
84;0
85;0
86;0
87;0
88;1
89;0
90;0
91;0
92;2
93;2
94;2
95;2
96;2
97;0
98;0
99;2
100;2
101;0
102;0
103;2
104;1
105;0
106;1
107;0
108;2
109;0
110;2
111;0
112;0
113;0
114;0
115;0
116;0
117;0
118;1
119;0
120;0
121;0
122;0
123;1
124;0
125;0
126;0
127;0
128;0
129;0
130;2
131;2
132;0
133;2
134;0
135;2
136;0
137;1
138;2
139;1
140;0
141;2
142;2
143;0
144;0
145;2
146;2
147;0
148;2
149;0
150;0
151;0
152;0
153;0
154;0
155;0
156;2
157;0
158;2
159;0
160;1
161;0
162;0
163;2
164;0
165;1
166;0
167;0
168;2
169;0
170;1
171;0
172;2
173;2
174;2
175;0
176;0
177;0
178;2
179;0
180;1
181;2
182;1
183;0
184;0
185;0
186;2
187;2
188;1
189;0
190;2
191;2
192;1
193;0
194;0
195;0
196;4
197;0
198;2
199;2
200;0
201;0
202;0
203;0
204;1
205;0
206;0
207;0
208;0
209;2
210;2
211;0
212;0
213;1
214;0
215;0
216;1
217;0
218;2
219;0
220;1
221;0
222;0
223;2
224;2
225;0
226;2
227;2
228;2
229;0
230;0
231;0
232;2
233;0
234;0
235;0
236;0
237;0
238;0
239;0
240;0
241;0
242;0
243;0
244;2
245;0
246;0
247;0
248;0
249;0
250;2
251;2
252;0
253;0
254;2
255;1
256;0
257;0
258;0
259;2
260;4
261;0
262;1
263;2
264;2
265;0
266;0
267;0
268;2
269;2
270;0
271;0
272;0
273;2
274;0
275;0
276;0
277;0
278;0
279;0
280;2
281;0
282;2
283;0
284;0
285;0
286;0
287;2
288;1
289;1
290;0
291;0
292;0
293;0
294;2
295;0
296;0
297;0
298;1
299;0
300;0
301;0
302;2
303;0
304;0
305;1
306;0
307;0
308;0
309;2
310;1
311;0
312;2
313;0
314;0
315;0
316;0
317;0
318;0
319;0
320;0
321;0
322;0
323;0
324;0
325;0
326;0
327;0
328;0
329;0
330;0
331;0
332;2
333;0
334;0
335;1
336;0
337;0
338;0
339;0
340;0
341;2
342;0
343;0
344;0
345;0
346;0
347;0
348;1
349;0
350;2
351;1
352;0
353;0
354;2
355;0
356;0
357;0
358;2
359;0
360;1
361;1
362;0
363;2
364;1
365;2
366;2
367;1
368;0
369;2
370;2
371;2
372;1
373;0
374;0
375;0
376;2
377;1
378;0
379;0
380;2
381;0
382;0
383;2
384;0
385;2
386;0
387;2
388;0
389;1
390;0
391;0
392;2
393;1
394;0
395;2
396;2
397;0
398;2
399;0
400;0
401;0
402;0
403;0
404;0
405;0
406;2
407;0
408;0
409;0
410;2
411;2
412;0
413;0
414;0
415;1
416;0
417;0
418;0
419;0
420;0
421;0
422;1
423;0
424;0
425;0
426;1
427;0
428;0
429;0
430;2
431;0
432;2
433;2
434;0
435;0
436;2
437;0
438;0
439;0
440;2
441;0
442;2
443;0
444;0
445;0
446;2
447;0
448;0
449;0
450;0
451;2
452;1
453;0
454;0
455;2
456;0
457;0
458;2
459;2
460;2
461;0
462;2
463;0
464;2
465;2
466;2
467;1
468;0
469;2
470;2
471;0
472;0
473;0
474;2
475;0
476;0
477;0
478;0
479;0
480;0
481;2
482;0
483;1
484;0
485;0
486;1
487;0
488;1
489;0
490;0
491;0
492;0
493;0
494;0
495;0
496;1
497;0
498;0
499;2
500;0
501;0
502;0
503;0
504;0
505;0
506;2
507;2
508;2
509;0
510;2
511;0
512;0
513;0
514;0
515;0
516;0
517;0
518;2
519;0
520;0
521;0
522;0
523;1
524;0
525;2
526;0
527;0
528;1
529;0
530;0
531;0
532;1
533;1
534;0
535;0
536;0
537;0
538;0
539;0
540;0
541;0
542;0
543;1
544;2
545;0
546;2
547;2
548;2
549;2
550;1
551;0
552;0
553;2
554;2
555;0
556;0
557;0
558;0
559;2
560;0
561;0
562;2
563;0
564;0
565;0
566;0
567;0
568;2
569;0
570;0
571;0
572;0
573;0
574;1
575;0
576;0
577;0
578;0
579;0
580;1
581;0
582;2
583;0
584;0
585;1
586;0
587;1
588;0
589;2
590;2
591;0
592;0
593;2
594;2
595;0
596;0
597;0
598;1
599;2
600;0
601;0
602;2
603;0
604;0
605;2
606;0
607;0
608;0
609;2
610;0
611;0
612;2
613;2
614;0
615;0
616;2
617;1
618;0
619;0
620;0
621;0
622;0
623;0
624;0
625;0
626;0
627;0
628;1
629;0
630;0
631;0
632;1
633;0
634;0
635;0
636;2
637;0
638;0
639;0
640;2
641;0
642;0
643;2
644;2
645;0
646;0
647;0
648;0
649;0
650;2
651;0
652;0
653;0
654;2
655;1
656;0
657;2
658;0
659;0
660;2
661;0
662;0
663;0
664;1
665;1
666;0
667;0
668;0
669;0
670;0
671;0
672;0
673;0
674;0
675;0
676;2
677;0
678;0
679;0
680;0
681;0
682;0
683;0
684;0
685;0
686;2
687;0
688;0
689;0
690;2
691;0
692;0
693;0
694;0
695;0
696;0
697;0
698;2
699;1
700;0
701;0
702;0
703;1
704;1
705;0
706;1
707;2
708;2
709;0
710;0
711;0
712;1
713;1
714;0
715;0
716;0
717;0
718;2
719;2
720;0
721;0
722;1
723;1
724;0
725;1
726;0
727;0
728;0
729;0
730;0
731;2
732;1
733;2
734;1
735;1
736;0
737;0
738;0
739;0
740;0
741;0
742;0
743;2
744;2
745;0
746;0
747;1
748;0
749;0
750;0
751;0
752;0
753;0
754;0
755;0
756;0
757;2
758;0
759;0
760;0
761;2
762;1
763;0
764;2
765;0
766;0
767;1
768;0
769;0
770;0
771;0
772;0
773;0
774;0
775;0
776;1
777;0
778;2
779;2
780;1
781;0
782;2
783;2
784;2
785;0
786;2
787;2
788;2
789;0
790;2
791;0
792;1
793;0
794;1
795;0
796;0
797;0
798;0
799;0
800;0
801;1
802;0
803;0
804;2
805;0
806;0
807;0
808;0
809;0
810;0
811;0
812;0
813;0
814;0
815;1
816;2
817;2
818;2
819;2
820;2
821;2
822;2
823;2
824;2
825;2
826;4
827;2
828;0
829;0
830;1
831;0
832;1
833;0
834;2
835;0
836;0
837;0
838;0
839;0
840;0
841;0
842;0
843;1
844;0
845;0
846;0
847;0
848;0
849;0
850;0
851;0
852;0
853;0
854;0
855;0
856;0
857;2
858;0
859;0
860;0
861;0
862;2
863;0
864;1
865;1
866;0
867;0
868;2
869;0
870;0
871;0
872;0
873;0
874;0
875;0
876;2
877;2
878;0
879;2
880;1
881;0
882;0
883;0
884;0
885;2
886;1
887;2
888;0
889;0
890;1
891;2
892;1
893;0
894;2
895;0
896;0
897;0
898;2
899;0
900;0
901;0
902;2
903;0
904;0
905;0
906;0
907;0
908;0
909;0
910;2
911;0
912;0
913;0
914;0
915;0
916;1
917;1
918;1
919;0
920;0
921;0
922;2
923;0
924;0
925;1
926;1
927;0
928;0
929;2
930;1
931;0
932;0
933;0
934;0
935;2
936;0
937;0
938;0
939;2
940;2
941;0
942;0
943;1
944;0
945;0
946;0
947;2
948;0
949;0
950;1
951;1
952;0
953;0
954;0
955;0
956;2
957;0
958;0
959;0
960;0
961;0
962;0
963;0
964;0
965;0
966;1
967;1
968;2
969;0
970;0
971;0
972;1
973;0
974;2
975;2
976;2
977;0
978;0
979;2
980;2
981;0
982;4
983;2
984;4
985;1
986;2
987;0
988;2
989;2
990;2
991;2
992;2
993;2
994;1
995;0
996;0
997;0
998;0
999;0
1000;2
1001;2
1002;2
1003;2
1004;2
1005;0
1006;0
1007;0
1008;0
1009;0
1010;0
1011;0
1012;0
1013;0
1014;1
1015;0
1016;0
1017;0
1018;0
1019;0
1020;0
1021;0
1022;0
1023;0
