0;0
1;0
2;0
3;2
4;4
5;0
6;0
7;2
8;2
9;2
10;0
11;0
12;2
13;1
14;0
15;0
16;0
17;1
18;0
19;0
20;1
21;0
22;2
23;2
24;1
25;0
26;0
27;0
28;1
29;0
30;0
31;2
32;0
33;0
34;2
35;0
36;2
37;2
38;1
39;2
40;2
41;1
42;1
43;0
44;2
45;0
46;0
47;2
48;0
49;0
50;0
51;0
52;0
53;0
54;2
55;1
56;0
57;0
58;0
59;2
60;0
61;0
62;1
63;0
64;2
65;0
66;0
67;2
68;4
69;0
70;0
71;2
72;1
73;0
74;0
75;0
76;2
77;0
78;0
79;0
80;0
81;2
82;0
83;0
84;0
85;0
86;0
87;0
88;0
89;0
90;0
91;0
92;0
93;0
94;0
95;2
96;2
97;0
98;2
99;0
100;1
101;0
102;0
103;2
104;0
105;0
106;2
107;2
108;2
109;0
110;2
111;0
112;2
113;2
114;0
115;1
116;2
117;1
118;0
119;0
120;0
121;0
122;2
123;1
124;0
125;2
126;1
127;0
128;1
129;1
130;1
131;0
132;0
133;0
134;0
135;2
136;0
137;0
138;0
139;0
140;2
141;0
142;0
143;1
144;2
145;0
146;0
147;1
148;2
149;0
150;2
151;2
152;2
153;0
154;0
155;0
156;0
157;0
158;0
159;0
160;1
161;0
162;0
163;0
164;1
165;0
166;0
167;0
168;1
169;0
170;0
171;1
172;2
173;0
174;2
175;2
176;2
177;0
178;2
179;2
180;1
181;2
182;0
183;0
184;1
185;0
186;1
187;0
188;0
189;2
190;2
191;0
192;2
193;0
194;1
195;0
196;1
197;0
198;0
199;2
200;2
201;0
202;2
203;1
204;0
205;0
206;2
207;0
208;2
209;0
210;0
211;2
212;0
213;0
214;2
215;0
216;0
217;1
218;0
219;0
220;0
221;0
222;2
223;2
224;1
225;0
226;0
227;2
228;4
229;0
230;1
231;0
232;0
233;2
234;2
235;0
236;1
237;2
238;2
239;0
240;0
241;0
242;2
243;2
244;1
245;0
246;0
247;2
248;2
249;0
250;2
251;0
252;2
253;0
254;2
255;0
256;0
257;0
258;1
259;0
260;2
261;0
262;0
263;0
264;0
265;0
266;0
267;0
268;0
269;2
270;0
271;0
272;1
273;0
274;0
275;2
276;1
277;0
278;0
279;2
280;2
281;0
282;2
283;2
284;2
285;0
286;1
287;1
288;2
289;0
290;2
291;2
292;1
293;0
294;0
295;0
296;0
297;0
298;0
299;0
300;1
301;1
302;2
303;0
304;0
305;0
306;1
307;0
308;0
309;0
310;0
311;0
312;0
313;0
314;2
315;2
316;1
317;0
318;0
319;2
320;1
321;2
322;2
323;2
324;1
325;0
326;2
327;0
328;0
329;0
330;0
331;2
332;2
333;1
334;0
335;0
336;0
337;0
338;1
339;0
340;1
341;0
342;0
343;2
344;0
345;0
346;2
347;2
348;0
349;0
350;2
351;0
352;0
353;0
354;0
355;0
356;2
357;0
358;0
359;0
360;2
361;0
362;0
363;1
364;0
365;0
366;2
367;2
368;1
369;0
370;0
371;2
372;4
373;0
374;2
375;2
376;2
377;0
378;0
379;0
380;1
381;2
382;1
383;0
384;2
385;0
386;0
387;0
388;2
389;0
390;2
391;2
392;0
393;0
394;2
395;2
396;0
397;0
398;0
399;0
400;2
401;0
402;2
403;1
404;0
405;0
406;2
407;0
408;0
409;0
410;0
411;0
412;2
413;0
414;2
415;2
416;2
417;0
418;0
419;2
420;1
421;0
422;0
423;2
424;1
425;0
426;2
427;0
428;1
429;2
430;0
431;0
432;2
433;0
434;2
435;1
436;2
437;0
438;2
439;0
440;1
441;0
442;1
443;2
444;1
445;0
446;0
447;0
448;0
449;0
450;0
451;0
452;1
453;0
454;2
455;1
456;0
457;0
458;2
459;0
460;2
461;0
462;1
463;2
464;2
465;1
466;2
467;0
468;0
469;2
470;1
471;0
472;2
473;0
474;0
475;1
476;0
477;0
478;1
479;2
480;2
481;2
482;0
483;0
484;1
485;0
486;0
487;1
488;1
489;0
490;0
491;2
492;2
493;0
494;0
495;0
496;2
497;0
498;2
499;2
500;2
501;0
502;0
503;0
504;0
505;0
506;0
507;0
508;0
509;0
510;0
511;0
512;2
513;1
514;1
515;0
516;1
517;0
518;0
519;0
520;1
521;1
522;0
523;2
524;1
525;0
526;1
527;2
528;2
529;0
530;0
531;0
532;2
533;0
534;0
535;1
536;0
537;0
538;0
539;0
540;0
541;0
542;0
543;0
544;0
545;0
546;2
547;0
548;0
549;0
550;2
551;0
552;1
553;0
554;0
555;0
556;1
557;0
558;0
559;1
560;1
561;0
562;0
563;2
564;2
565;0
566;2
567;0
568;2
569;0
570;2
571;0
572;1
573;0
574;1
575;0
576;0
577;0
578;0
579;0
580;0
581;0
582;2
583;0
584;1
585;0
586;1
587;0
588;0
589;2
590;2
591;0
592;4
593;0
594;0
595;2
596;2
597;0
598;0
599;0
600;1
601;2
602;0
603;0
604;0
605;0
606;0
607;0
608;0
609;2
610;0
611;0
612;0
613;0
614;0
615;0
616;2
617;1
618;0
619;2
620;0
621;0
622;0
623;2
624;0
625;0
626;0
627;0
628;2
629;0
630;0
631;2
632;2
633;0
634;2
635;2
636;2
637;2
638;0
639;1
640;2
641;0
642;0
643;2
644;0
645;0
646;2
647;2
648;1
649;0
650;0
651;2
652;4
653;0
654;2
655;0
656;2
657;0
658;2
659;0
660;2
661;0
662;1
663;0
664;0
665;1
666;0
667;0
668;2
669;2
670;0
671;2
672;1
673;0
674;2
675;0
676;0
677;1
678;0
679;0
680;0
681;1
682;2
683;0
684;0
685;2
686;2
687;2
688;0
689;0
690;0
691;1
692;2
693;0
694;2
695;2
696;1
697;2
698;2
699;0
700;2
701;2
702;0
703;0
704;0
705;1
706;0
707;1
708;0
709;0
710;0
711;1
712;1
713;0
714;2
715;0
716;0
717;0
718;0
719;0
720;0
721;0
722;1
723;0
724;0
725;0
726;2
727;2
728;0
729;0
730;0
731;2
732;2
733;0
734;1
735;0
736;2
737;0
738;2
739;0
740;2
741;0
742;0
743;2
744;2
745;1
746;0
747;0
748;2
749;0
750;0
751;1
752;1
753;0
754;1
755;0
756;0
757;0
758;0
759;2
760;2
761;0
762;2
763;2
764;2
765;2
766;0
767;0
768;2
769;0
770;2
771;2
772;1
773;0
774;0
775;0
776;1
777;0
778;0
779;0
780;0
781;0
782;2
783;2
784;0
785;0
786;0
787;2
788;2
789;0
790;2
791;2
792;2
793;0
794;0
795;0
796;2
797;2
798;0
799;0
800;1
801;0
802;0
803;1
804;1
805;0
806;0
807;2
808;0
809;0
810;0
811;1
812;1
813;0
814;2
815;2
816;2
817;0
818;0
819;0
820;2
821;0
822;0
823;0
824;0
825;0
826;2
827;2
828;1
829;1
830;0
831;2
832;0
833;0
834;2
835;0
836;0
837;0
838;2
839;0
840;2
841;0
842;0
843;0
844;1
845;1
846;0
847;0
848;0
849;0
850;0
851;2
852;1
853;0
854;1
855;0
856;1
857;0
858;0
859;2
860;2
861;1
862;2
863;2
864;0
865;0
866;0
867;0
868;0
869;0
870;2
871;1
872;2
873;0
874;0
875;0
876;1
877;0
878;0
879;0
880;1
881;0
882;0
883;2
884;1
885;0
886;2
887;2
888;2
889;0
890;2
891;0
892;1
893;0
894;2
895;1
896;1
897;0
898;2
899;2
900;1
901;1
902;0
903;0
904;0
905;0
906;0
907;1
908;1
909;0
910;0
911;2
912;1
913;0
914;0
915;0
916;2
917;0
918;2
919;2
920;2
921;0
922;2
923;0
924;1
925;0
926;0
927;0
928;0
929;0
930;0
931;0
932;0
933;1
934;0
935;0
936;0
937;0
938;0
939;0
940;0
941;2
942;2
943;0
944;1
945;0
946;1
947;0
948;1
949;1
950;0
951;2
952;2
953;2
954;2
955;2
956;2
957;2
958;0
959;0
960;2
961;0
962;0
963;1
964;0
965;2
966;0
967;0
968;0
969;2
970;0
971;0
972;0
973;1
974;0
975;1
976;0
977;0
978;0
979;2
980;1
981;0
982;0
983;2
984;4
985;0
986;2
987;2
988;0
989;0
990;2
991;0
992;1
993;1
994;0
995;0
996;2
997;2
998;0
999;0
1000;1
1001;0
1002;0
1003;0
1004;1
1005;0
1006;0
1007;1
1008;0
1009;0
1010;0
1011;2
1012;1
1013;0
1014;1
1015;0
1016;0
1017;0
1018;0
1019;0
1020;0
1021;0
1022;0
1023;0
