0;1
1;0
2;0
3;2
4;2
5;0
6;1
7;0
8;2
9;0
10;2
11;2
12;0
13;0
14;0
15;0
16;0
17;2
18;2
19;2
20;2
21;1
22;2
23;1
24;0
25;1
26;0
27;2
28;1
29;0
30;0
31;2
32;1
33;2
34;1
35;0
36;0
37;0
38;0
39;0
40;1
41;2
42;0
43;0
44;1
45;0
46;0
47;0
48;0
49;1
50;1
51;0
52;0
53;0
54;0
55;0
56;0
57;1
58;0
59;2
60;0
61;0
62;0
63;0
64;0
65;0
66;0
67;1
68;2
69;1
70;0
71;2
72;0
73;0
74;2
75;1
76;1
77;0
78;2
79;0
80;1
81;0
82;1
83;0
84;1
85;0
86;0
87;0
88;0
89;0
90;0
91;0
92;0
93;0
94;2
95;1
96;0
97;2
98;0
99;0
100;0
101;2
102;2
103;2
104;4
105;0
106;0
107;0
108;0
109;0
110;0
111;0
112;1
113;0
114;2
115;0
116;0
117;0
118;0
119;0
120;0
121;1
122;1
123;0
124;0
125;0
126;0
127;1
128;0
129;2
130;0
131;0
132;2
133;1
134;1
135;0
136;2
137;2
138;0
139;0
140;0
141;0
142;2
143;0
144;0
145;0
146;0
147;0
148;0
149;2
150;0
151;1
152;1
153;0
154;0
155;0
156;0
157;0
158;0
159;0
160;0
161;0
162;2
163;2
164;1
165;0
166;0
167;0
168;2
169;0
170;1
171;0
172;2
173;0
174;0
175;0
176;0
177;0
178;0
179;0
180;0
181;0
182;1
183;0
184;1
185;0
186;0
187;2
188;1
189;0
190;2
191;2
192;2
193;0
194;0
195;0
196;1
197;0
198;0
199;0
200;0
201;1
202;0
203;0
204;0
205;0
206;0
207;0
208;0
209;0
210;0
211;2
212;0
213;2
214;1
215;2
216;2
217;0
218;2
219;0
220;0
221;0
222;0
223;0
224;0
225;0
226;0
227;0
228;0
229;0
230;0
231;0
232;1
233;0
234;0
235;0
236;0
237;0
238;2
239;2
240;0
241;0
242;0
243;0
244;0
245;0
246;1
247;1
248;2
249;2
250;2
251;1
252;0
253;0
254;0
255;2
256;0
257;0
258;0
259;0
260;0
261;2
262;2
263;1
264;1
265;0
266;0
267;1
268;0
269;2
270;2
271;2
272;2
273;0
274;0
275;0
276;1
277;0
278;2
279;2
280;0
281;0
282;0
283;1
284;0
285;0
286;0
287;0
288;0
289;0
290;1
291;0
292;1
293;0
294;0
295;2
296;0
297;1
298;0
299;0
300;2
301;0
302;0
303;0
304;0
305;0
306;0
307;0
308;4
309;0
310;0
311;0
312;0
313;0
314;0
315;0
316;2
317;0
318;0
319;0
320;0
321;0
322;0
323;0
324;2
325;0
326;0
327;0
328;0
329;1
330;0
331;2
332;1
333;1
334;0
335;2
336;4
337;2
338;2
339;0
340;4
341;0
342;0
343;0
344;2
345;0
346;0
347;0
348;1
349;2
350;0
351;0
352;4
353;2
354;0
355;0
356;0
357;0
358;1
359;2
360;1
361;0
362;0
363;2
364;1
365;0
366;0
367;2
368;2
369;2
370;2
371;0
372;0
373;0
374;0
375;2
376;2
377;2
378;2
379;0
380;0
381;0
382;0
383;0
384;2
385;0
386;0
387;0
388;2
389;1
390;0
391;2
392;1
393;2
394;0
395;0
396;0
397;0
398;0
399;0
400;1
401;0
402;1
403;0
404;1
405;0
406;0
407;2
408;2
409;0
410;1
411;0
412;2
413;0
414;2
415;2
416;2
417;0
418;1
419;2
420;0
421;1
422;1
423;1
424;0
425;1
426;0
427;0
428;0
429;0
430;0
431;0
432;0
433;2
434;0
435;0
436;2
437;0
438;0
439;2
440;0
441;1
442;0
443;0
444;0
445;0
446;0
447;0
448;0
449;2
450;2
451;2
452;4
453;2
454;0
455;0
456;4
457;0
458;1
459;0
460;2
461;0
462;0
463;0
464;2
465;0
466;0
467;0
468;2
469;2
470;2
471;0
472;0
473;0
474;0
475;0
476;0
477;0
478;0
479;0
480;1
481;1
482;0
483;0
484;0
485;0
486;2
487;1
488;1
489;0
490;0
491;2
492;2
493;0
494;0
495;1
496;0
497;0
498;0
499;0
500;1
501;0
502;1
503;0
504;2
505;0
506;0
507;2
508;1
509;0
510;0
511;0
512;1
513;0
514;0
515;0
516;2
517;0
518;0
519;0
520;0
521;0
522;1
523;0
524;2
525;0
526;0
527;0
528;0
529;2
530;2
531;2
532;1
533;0
534;0
535;0
536;2
537;2
538;2
539;1
540;0
541;0
542;2
543;0
544;0
545;0
546;0
547;2
548;0
549;2
550;0
551;0
552;0
553;0
554;0
555;0
556;0
557;0
558;0
559;0
560;0
561;0
562;2
563;0
564;0
565;0
566;2
567;2
568;2
569;0
570;0
571;2
572;4
573;0
574;2
575;2
576;2
577;0
578;2
579;1
580;2
581;2
582;2
583;2
584;2
585;0
586;0
587;2
588;0
589;1
590;0
591;0
592;0
593;1
594;0
595;2
596;0
597;2
598;2
599;0
600;0
601;0
602;1
603;0
604;1
605;0
606;0
607;2
608;4
609;2
610;2
611;2
612;4
613;0
614;0
615;0
616;2
617;0
618;0
619;0
620;2
621;1
622;2
623;0
624;0
625;0
626;0
627;0
628;0
629;2
630;0
631;0
632;0
633;0
634;0
635;0
636;0
637;0
638;0
639;0
640;2
641;1
642;0
643;0
644;2
645;0
646;2
647;0
648;0
649;2
650;0
651;1
652;1
653;0
654;1
655;0
656;0
657;0
658;0
659;0
660;0
661;0
662;2
663;0
664;0
665;0
666;0
667;2
668;0
669;0
670;1
671;0
672;2
673;0
674;0
675;0
676;2
677;0
678;0
679;0
680;0
681;2
682;0
683;0
684;0
685;2
686;0
687;0
688;2
689;0
690;2
691;0
692;0
693;0
694;0
695;1
696;0
697;0
698;1
699;0
700;1
701;0
702;1
703;0
704;1
705;0
706;0
707;1
708;2
709;0
710;0
711;1
712;2
713;2
714;2
715;0
716;0
717;2
718;2
719;0
720;0
721;0
722;0
723;0
724;0
725;0
726;0
727;0
728;0
729;0
730;0
731;0
732;2
733;2
734;2
735;2
736;0
737;0
738;0
739;0
740;0
741;2
742;2
743;2
744;0
745;0
746;0
747;0
748;0
749;0
750;0
751;0
752;0
753;2
754;0
755;0
756;0
757;0
758;0
759;0
760;2
761;0
762;0
763;0
764;0
765;0
766;0
767;2
768;2
769;0
770;0
771;0
772;2
773;0
774;0
775;0
776;0
777;0
778;0
779;0
780;2
781;0
782;0
783;0
784;1
785;0
786;0
787;0
788;1
789;0
790;0
791;0
792;0
793;0
794;1
795;0
796;0
797;0
798;0
799;0
800;0
801;0
802;2
803;2
804;1
805;0
806;0
807;0
808;2
809;0
810;2
811;2
812;2
813;0
814;0
815;0
816;2
817;2
818;1
819;0
820;0
821;0
822;0
823;2
824;1
825;1
826;0
827;0
828;0
829;0
830;1
831;0
832;1
833;0
834;0
835;2
836;0
837;0
838;0
839;0
840;0
841;0
842;0
843;0
844;0
845;0
846;2
847;0
848;0
849;0
850;2
851;0
852;0
853;0
854;0
855;2
856;2
857;1
858;1
859;0
860;0
861;2
862;2
863;2
864;0
865;0
866;0
867;0
868;0
869;1
870;0
871;0
872;1
873;0
874;0
875;0
876;0
877;2
878;0
879;2
880;2
881;4
882;2
883;0
884;0
885;0
886;0
887;2
888;0
889;2
890;2
891;2
892;0
893;2
894;0
895;0
896;0
897;0
898;0
899;0
900;0
901;0
902;0
903;2
904;0
905;1
906;0
907;0
908;0
909;1
910;0
911;0
912;0
913;0
914;2
915;0
916;1
917;0
918;0
919;2
920;2
921;2
922;2
923;2
924;2
925;0
926;0
927;0
928;1
929;0
930;0
931;2
932;1
933;1
934;0
935;0
936;0
937;2
938;2
939;2
940;1
941;0
942;0
943;0
944;0
945;0
946;0
947;0
948;0
949;0
950;0
951;2
952;2
953;0
954;0
955;0
956;2
957;0
958;0
959;0
960;0
961;0
962;1
963;0
964;2
965;0
966;0
967;1
968;1
969;0
970;0
971;0
972;0
973;1
974;0
975;1
976;0
977;0
978;0
979;0
980;1
981;0
982;1
983;0
984;0
985;2
986;0
987;0
988;0
989;0
990;1
991;2
992;0
993;0
994;0
995;1
996;0
997;2
998;0
999;0
1000;2
1001;0
1002;0
1003;1
1004;0
1005;0
1006;0
1007;0
1008;1
1009;0
1010;1
1011;0
1012;1
1013;0
1014;1
1015;0
1016;0
1017;0
1018;0
1019;0
1020;0
1021;0
1022;0
1023;0
