0;0
1;1
2;0
3;2
4;1
5;1
6;2
7;2
8;1
9;0
10;0
11;0
12;2
13;0
14;0
15;0
16;1
17;0
18;0
19;2
20;2
21;1
22;0
23;2
24;1
25;0
26;2
27;0
28;2
29;0
30;2
31;2
32;0
33;0
34;0
35;2
36;0
37;2
38;1
39;1
40;0
41;0
42;0
43;0
44;1
45;2
46;1
47;0
48;0
49;1
50;0
51;0
52;0
53;0
54;0
55;0
56;0
57;1
58;0
59;2
60;1
61;1
62;0
63;0
64;1
65;0
66;0
67;2
68;0
69;1
70;2
71;1
72;0
73;2
74;0
75;0
76;0
77;0
78;0
79;0
80;2
81;0
82;0
83;1
84;1
85;1
86;0
87;0
88;0
89;2
90;1
91;0
92;2
93;2
94;2
95;1
96;0
97;0
98;1
99;1
100;0
101;0
102;1
103;0
104;0
105;0
106;0
107;2
108;0
109;0
110;0
111;1
112;0
113;0
114;0
115;0
116;2
117;1
118;0
119;2
120;0
121;1
122;2
123;2
124;0
125;0
126;0
127;2
128;0
129;0
130;2
131;2
132;2
133;0
134;0
135;0
136;0
137;0
138;2
139;0
140;0
141;0
142;2
143;0
144;0
145;0
146;0
147;0
148;0
149;0
150;2
151;0
152;0
153;0
154;2
155;0
156;0
157;0
158;0
159;2
160;0
161;0
162;2
163;2
164;2
165;0
166;2
167;0
168;0
169;1
170;1
171;0
172;0
173;1
174;0
175;0
176;0
177;0
178;0
179;2
180;0
181;2
182;2
183;2
184;1
185;0
186;0
187;0
188;2
189;1
190;0
191;2
192;1
193;0
194;0
195;1
196;1
197;2
198;2
199;2
200;0
201;0
202;0
203;2
204;0
205;0
206;0
207;0
208;0
209;0
210;0
211;0
212;0
213;0
214;0
215;2
216;1
217;0
218;0
219;2
220;1
221;0
222;0
223;2
224;2
225;1
226;0
227;2
228;2
229;0
230;2
231;0
232;2
233;2
234;2
235;2
236;2
237;0
238;0
239;2
240;0
241;0
242;2
243;0
244;0
245;2
246;0
247;0
248;2
249;0
250;0
251;2
252;0
253;0
254;0
255;2
256;0
257;0
258;0
259;1
260;1
261;0
262;2
263;0
264;0
265;0
266;0
267;2
268;2
269;2
270;1
271;0
272;0
273;0
274;0
275;0
276;0
277;0
278;0
279;0
280;2
281;0
282;0
283;2
284;2
285;0
286;2
287;1
288;0
289;0
290;0
291;0
292;0
293;0
294;2
295;1
296;0
297;0
298;0
299;0
300;0
301;0
302;0
303;0
304;2
305;0
306;0
307;0
308;0
309;0
310;0
311;0
312;0
313;1
314;1
315;0
316;0
317;0
318;0
319;0
320;0
321;0
322;0
323;0
324;1
325;0
326;2
327;1
328;0
329;0
330;0
331;0
332;1
333;0
334;2
335;1
336;0
337;0
338;0
339;1
340;2
341;0
342;2
343;1
344;0
345;0
346;0
347;2
348;2
349;2
350;2
351;1
352;0
353;0
354;0
355;1
356;0
357;0
358;0
359;2
360;0
361;0
362;2
363;1
364;0
365;0
366;0
367;0
368;0
369;0
370;1
371;2
372;2
373;0
374;0
375;0
376;0
377;2
378;2
379;0
380;1
381;0
382;0
383;0
384;0
385;1
386;0
387;0
388;0
389;0
390;0
391;0
392;1
393;2
394;2
395;0
396;1
397;0
398;2
399;2
400;2
401;1
402;0
403;0
404;2
405;0
406;0
407;0
408;0
409;0
410;1
411;2
412;1
413;2
414;2
415;1
416;0
417;0
418;0
419;2
420;2
421;0
422;1
423;2
424;2
425;0
426;0
427;0
428;0
429;0
430;2
431;2
432;2
433;0
434;1
435;0
436;0
437;0
438;0
439;0
440;0
441;2
442;1
443;0
444;0
445;0
446;0
447;0
448;0
449;0
450;1
451;0
452;2
453;0
454;0
455;2
456;2
457;0
458;0
459;0
460;0
461;2
462;1
463;1
464;0
465;0
466;0
467;1
468;0
469;0
470;2
471;2
472;1
473;0
474;2
475;2
476;1
477;0
478;0
479;2
480;1
481;0
482;0
483;0
484;0
485;0
486;0
487;0
488;0
489;2
490;1
491;0
492;0
493;1
494;0
495;2
496;1
497;0
498;0
499;1
500;0
501;0
502;0
503;2
504;2
505;0
506;0
507;1
508;0
509;0
510;0
511;0
512;0
513;2
514;0
515;0
516;0
517;2
518;0
519;0
520;0
521;0
522;0
523;1
524;0
525;0
526;0
527;0
528;0
529;0
530;2
531;2
532;0
533;0
534;0
535;0
536;0
537;0
538;0
539;0
540;2
541;2
542;1
543;0
544;2
545;0
546;0
547;0
548;2
549;0
550;2
551;0
552;0
553;2
554;0
555;1
556;1
557;0
558;0
559;0
560;0
561;0
562;0
563;0
564;2
565;2
566;2
567;0
568;2
569;1
570;0
571;0
572;0
573;0
574;0
575;1
576;0
577;0
578;1
579;0
580;0
581;0
582;0
583;2
584;0
585;0
586;0
587;0
588;0
589;0
590;2
591;2
592;1
593;0
594;2
595;0
596;1
597;0
598;0
599;2
600;2
601;0
602;0
603;1
604;0
605;0
606;1
607;0
608;0
609;0
610;0
611;0
612;2
613;1
614;0
615;1
616;0
617;0
618;0
619;0
620;2
621;0
622;2
623;0
624;0
625;0
626;0
627;2
628;1
629;0
630;0
631;1
632;4
633;0
634;2
635;2
636;2
637;0
638;2
639;0
640;1
641;0
642;0
643;0
644;0
645;2
646;2
647;2
648;2
649;0
650;1
651;1
652;0
653;2
654;0
655;0
656;0
657;2
658;0
659;0
660;0
661;0
662;0
663;0
664;2
665;0
666;2
667;1
668;0
669;0
670;0
671;0
672;2
673;0
674;0
675;0
676;4
677;0
678;0
679;0
680;0
681;1
682;0
683;2
684;1
685;0
686;0
687;0
688;0
689;0
690;1
691;0
692;1
693;0
694;1
695;0
696;0
697;0
698;0
699;0
700;0
701;0
702;0
703;0
704;0
705;0
706;0
707;0
708;2
709;1
710;0
711;0
712;0
713;0
714;0
715;2
716;1
717;1
718;0
719;0
720;0
721;0
722;0
723;0
724;0
725;0
726;0
727;2
728;0
729;0
730;2
731;0
732;0
733;0
734;0
735;0
736;0
737;0
738;2
739;2
740;2
741;2
742;0
743;0
744;0
745;0
746;0
747;1
748;1
749;2
750;0
751;0
752;0
753;0
754;2
755;2
756;2
757;0
758;2
759;1
760;0
761;0
762;0
763;0
764;2
765;0
766;0
767;0
768;0
769;2
770;0
771;0
772;0
773;0
774;4
775;2
776;1
777;0
778;0
779;0
780;0
781;2
782;2
783;2
784;2
785;0
786;0
787;0
788;0
789;2
790;2
791;1
792;0
793;0
794;0
795;0
796;0
797;0
798;1
799;0
800;0
801;1
802;0
803;0
804;1
805;0
806;2
807;2
808;1
809;0
810;0
811;0
812;1
813;0
814;0
815;2
816;2
817;2
818;2
819;2
820;2
821;0
822;0
823;2
824;0
825;2
826;2
827;2
828;2
829;0
830;0
831;0
832;0
833;1
834;0
835;1
836;0
837;2
838;0
839;0
840;0
841;0
842;0
843;2
844;0
845;2
846;2
847;2
848;2
849;0
850;0
851;0
852;2
853;0
854;0
855;0
856;0
857;0
858;0
859;0
860;2
861;0
862;0
863;0
864;2
865;0
866;0
867;0
868;1
869;0
870;0
871;0
872;0
873;0
874;0
875;0
876;0
877;0
878;0
879;0
880;0
881;2
882;0
883;0
884;0
885;0
886;0
887;1
888;0
889;0
890;2
891;0
892;1
893;0
894;2
895;2
896;4
897;0
898;0
899;2
900;2
901;0
902;2
903;0
904;1
905;0
906;0
907;1
908;0
909;1
910;0
911;0
912;2
913;1
914;1
915;0
916;0
917;1
918;0
919;0
920;0
921;0
922;1
923;0
924;2
925;2
926;1
927;0
928;1
929;0
930;0
931;0
932;0
933;1
934;1
935;0
936;2
937;0
938;0
939;0
940;0
941;1
942;0
943;2
944;0
945;0
946;2
947;0
948;0
949;1
950;1
951;0
952;0
953;0
954;0
955;2
956;1
957;0
958;0
959;0
960;0
961;0
962;0
963;2
964;2
965;0
966;1
967;0
968;0
969;0
970;0
971;2
972;0
973;0
974;0
975;0
976;0
977;0
978;2
979;2
980;0
981;1
982;0
983;0
984;0
985;1
986;0
987;2
988;0
989;0
990;2
991;0
992;0
993;2
994;0
995;1
996;0
997;0
998;2
999;1
1000;0
1001;0
1002;0
1003;0
1004;0
1005;0
1006;1
1007;2
1008;2
1009;2
1010;0
1011;0
1012;0
1013;1
1014;0
1015;1
1016;0
1017;0
1018;0
1019;0
1020;0
1021;0
1022;0
1023;0
