0;2
1;0
2;0
3;0
4;4
5;0
6;2
7;1
8;2
9;0
10;0
11;0
12;1
13;0
14;1
15;0
16;0
17;1
18;0
19;1
20;0
21;2
22;0
23;2
24;1
25;0
26;0
27;0
28;2
29;0
30;0
31;0
32;2
33;2
34;2
35;0
36;2
37;1
38;1
39;0
40;0
41;0
42;1
43;0
44;0
45;0
46;0
47;0
48;0
49;1
50;1
51;0
52;2
53;0
54;1
55;0
56;0
57;0
58;0
59;0
60;1
61;1
62;0
63;2
64;0
65;0
66;0
67;2
68;0
69;0
70;0
71;0
72;0
73;0
74;0
75;0
76;1
77;0
78;2
79;1
80;0
81;0
82;2
83;0
84;0
85;0
86;0
87;0
88;0
89;0
90;0
91;2
92;0
93;2
94;0
95;0
96;0
97;0
98;2
99;0
100;0
101;0
102;1
103;0
104;0
105;0
106;0
107;1
108;0
109;0
110;0
111;0
112;0
113;0
114;2
115;2
116;2
117;1
118;2
119;0
120;0
121;2
122;2
123;2
124;2
125;2
126;0
127;0
128;0
129;2
130;1
131;0
132;2
133;0
134;0
135;0
136;0
137;0
138;0
139;0
140;0
141;0
142;2
143;0
144;1
145;0
146;1
147;0
148;0
149;0
150;0
151;0
152;0
153;0
154;1
155;0
156;0
157;0
158;0
159;0
160;0
161;0
162;0
163;0
164;1
165;0
166;0
167;0
168;0
169;0
170;0
171;2
172;0
173;0
174;1
175;0
176;1
177;2
178;2
179;0
180;2
181;2
182;0
183;0
184;0
185;0
186;0
187;1
188;0
189;0
190;1
191;0
192;1
193;0
194;0
195;0
196;2
197;0
198;2
199;2
200;0
201;0
202;0
203;0
204;1
205;0
206;2
207;2
208;0
209;2
210;0
211;0
212;0
213;0
214;1
215;0
216;1
217;2
218;0
219;0
220;2
221;0
222;0
223;0
224;0
225;2
226;2
227;2
228;0
229;0
230;0
231;1
232;0
233;0
234;0
235;0
236;0
237;0
238;0
239;0
240;0
241;0
242;0
243;0
244;2
245;2
246;1
247;0
248;1
249;2
250;0
251;2
252;1
253;1
254;1
255;0
256;0
257;1
258;1
259;0
260;0
261;0
262;1
263;0
264;0
265;0
266;0
267;0
268;1
269;2
270;0
271;0
272;0
273;1
274;0
275;2
276;1
277;0
278;1
279;0
280;0
281;0
282;0
283;0
284;0
285;0
286;0
287;0
288;2
289;0
290;0
291;0
292;0
293;0
294;0
295;0
296;2
297;0
298;0
299;1
300;0
301;0
302;0
303;0
304;0
305;0
306;1
307;0
308;0
309;0
310;0
311;0
312;2
313;1
314;0
315;0
316;0
317;0
318;2
319;0
320;0
321;0
322;1
323;0
324;0
325;0
326;1
327;2
328;2
329;2
330;2
331;2
332;2
333;2
334;2
335;1
336;0
337;0
338;0
339;0
340;1
341;0
342;0
343;0
344;2
345;0
346;2
347;0
348;2
349;0
350;0
351;2
352;0
353;1
354;0
355;1
356;1
357;1
358;0
359;2
360;2
361;0
362;0
363;0
364;2
365;1
366;0
367;0
368;0
369;0
370;1
371;0
372;0
373;0
374;2
375;2
376;0
377;0
378;0
379;0
380;0
381;0
382;0
383;0
384;1
385;0
386;1
387;0
388;2
389;0
390;0
391;2
392;0
393;0
394;1
395;0
396;2
397;2
398;0
399;2
400;2
401;0
402;0
403;0
404;2
405;2
406;0
407;0
408;0
409;0
410;0
411;0
412;2
413;1
414;0
415;0
416;2
417;0
418;0
419;0
420;2
421;1
422;0
423;0
424;2
425;0
426;1
427;0
428;0
429;0
430;0
431;0
432;0
433;2
434;0
435;1
436;0
437;0
438;2
439;0
440;1
441;0
442;0
443;0
444;0
445;0
446;0
447;0
448;2
449;0
450;0
451;0
452;0
453;0
454;0
455;0
456;0
457;0
458;0
459;2
460;2
461;2
462;1
463;0
464;0
465;0
466;0
467;0
468;0
469;0
470;1
471;1
472;0
473;0
474;0
475;2
476;4
477;0
478;2
479;1
480;0
481;0
482;0
483;0
484;1
485;0
486;0
487;0
488;0
489;1
490;0
491;0
492;0
493;1
494;0
495;2
496;0
497;0
498;0
499;0
500;0
501;0
502;0
503;0
504;1
505;0
506;2
507;0
508;1
509;0
510;0
511;0
512;0
513;2
514;2
515;0
516;0
517;0
518;2
519;2
520;0
521;0
522;1
523;0
524;0
525;0
526;0
527;0
528;0
529;0
530;0
531;0
532;0
533;2
534;0
535;1
536;0
537;0
538;0
539;0
540;1
541;0
542;2
543;0
544;0
545;2
546;0
547;1
548;0
549;2
550;2
551;0
552;0
553;0
554;1
555;0
556;0
557;2
558;2
559;2
560;0
561;0
562;1
563;0
564;0
565;0
566;0
567;0
568;0
569;0
570;0
571;0
572;2
573;2
574;2
575;0
576;1
577;0
578;0
579;0
580;0
581;0
582;0
583;0
584;0
585;0
586;0
587;0
588;1
589;0
590;0
591;0
592;2
593;0
594;0
595;0
596;2
597;0
598;0
599;0
600;2
601;2
602;0
603;0
604;4
605;0
606;0
607;0
608;0
609;0
610;1
611;0
612;2
613;0
614;0
615;2
616;2
617;2
618;0
619;0
620;2
621;1
622;1
623;0
624;1
625;1
626;0
627;0
628;0
629;1
630;0
631;0
632;1
633;0
634;0
635;0
636;2
637;0
638;0
639;2
640;0
641;0
642;0
643;2
644;0
645;0
646;0
647;0
648;2
649;0
650;2
651;0
652;2
653;0
654;0
655;0
656;2
657;0
658;2
659;2
660;0
661;0
662;0
663;0
664;0
665;0
666;0
667;1
668;0
669;0
670;1
671;0
672;1
673;0
674;0
675;0
676;0
677;0
678;0
679;1
680;0
681;2
682;0
683;1
684;0
685;2
686;1
687;0
688;0
689;0
690;0
691;2
692;1
693;0
694;2
695;2
696;2
697;0
698;2
699;0
700;2
701;1
702;1
703;0
704;0
705;0
706;0
707;0
708;0
709;0
710;1
711;0
712;0
713;0
714;0
715;2
716;0
717;1
718;0
719;0
720;0
721;2
722;1
723;0
724;1
725;0
726;0
727;2
728;0
729;0
730;1
731;0
732;0
733;0
734;0
735;0
736;1
737;0
738;0
739;0
740;0
741;0
742;0
743;1
744;0
745;1
746;1
747;0
748;0
749;0
750;0
751;0
752;0
753;2
754;2
755;2
756;0
757;0
758;0
759;0
760;0
761;0
762;1
763;2
764;0
765;0
766;1
767;0
768;0
769;0
770;2
771;0
772;1
773;0
774;0
775;0
776;0
777;0
778;0
779;1
780;0
781;0
782;2
783;0
784;0
785;0
786;0
787;0
788;0
789;0
790;1
791;0
792;0
793;0
794;0
795;0
796;0
797;2
798;2
799;0
800;1
801;1
802;0
803;0
804;2
805;0
806;1
807;0
808;0
809;0
810;0
811;0
812;2
813;0
814;2
815;0
816;2
817;0
818;0
819;0
820;0
821;2
822;0
823;2
824;1
825;0
826;1
827;2
828;0
829;0
830;1
831;0
832;0
833;2
834;0
835;0
836;0
837;0
838;0
839;0
840;0
841;0
842;0
843;0
844;0
845;0
846;1
847;0
848;0
849;0
850;0
851;0
852;2
853;0
854;0
855;0
856;0
857;0
858;0
859;0
860;0
861;1
862;1
863;0
864;0
865;0
866;0
867;1
868;2
869;0
870;0
871;2
872;0
873;0
874;2
875;2
876;1
877;1
878;1
879;0
880;0
881;0
882;0
883;2
884;2
885;0
886;1
887;0
888;0
889;0
890;0
891;0
892;2
893;2
894;0
895;0
896;0
897;2
898;1
899;0
900;0
901;0
902;0
903;1
904;0
905;0
906;0
907;1
908;2
909;0
910;1
911;0
912;0
913;0
914;1
915;0
916;1
917;0
918;0
919;0
920;0
921;1
922;0
923;2
924;2
925;0
926;2
927;0
928;0
929;0
930;0
931;1
932;0
933;0
934;1
935;0
936;0
937;2
938;0
939;0
940;4
941;2
942;1
943;0
944;2
945;0
946;0
947;0
948;2
949;0
950;0
951;0
952;2
953;0
954;0
955;2
956;2
957;1
958;0
959;0
960;0
961;0
962;0
963;0
964;1
965;0
966;0
967;2
968;0
969;0
970;0
971;0
972;1
973;0
974;0
975;0
976;0
977;0
978;1
979;1
980;0
981;2
982;0
983;0
984;2
985;0
986;0
987;2
988;2
989;0
990;0
991;2
992;0
993;1
994;2
995;1
996;0
997;1
998;0
999;0
1000;0
1001;2
1002;0
1003;0
1004;1
1005;2
1006;2
1007;2
1008;2
1009;0
1010;0
1011;0
1012;0
1013;0
1014;1
1015;0
1016;0
1017;0
1018;0
1019;0
1020;0
1021;0
1022;0
1023;0
