0;1
1;0
2;0
3;2
4;2
5;0
6;0
7;2
8;2
9;0
10;2
11;0
12;2
13;1
14;0
15;0
16;0
17;0
18;1
19;0
20;0
21;0
22;2
23;2
24;0
25;1
26;0
27;0
28;2
29;0
30;0
31;2
32;0
33;0
34;0
35;0
36;0
37;0
38;0
39;2
40;1
41;0
42;0
43;0
44;4
45;0
46;2
47;2
48;2
49;0
50;2
51;0
52;2
53;0
54;0
55;0
56;0
57;0
58;1
59;0
60;0
61;0
62;0
63;2
64;2
65;0
66;0
67;2
68;0
69;2
70;2
71;0
72;2
73;0
74;0
75;1
76;0
77;0
78;2
79;0
80;0
81;0
82;2
83;2
84;1
85;0
86;0
87;2
88;0
89;0
90;2
91;0
92;0
93;0
94;2
95;1
96;2
97;0
98;0
99;0
100;0
101;2
102;2
103;2
104;2
105;0
106;0
107;0
108;0
109;0
110;0
111;0
112;0
113;0
114;0
115;0
116;0
117;0
118;0
119;0
120;0
121;2
122;0
123;0
124;0
125;0
126;0
127;0
128;0
129;0
130;0
131;0
132;0
133;2
134;1
135;0
136;0
137;0
138;0
139;0
140;0
141;0
142;2
143;0
144;1
145;2
146;0
147;0
148;2
149;1
150;2
151;2
152;1
153;0
154;0
155;0
156;0
157;0
158;0
159;0
160;0
161;0
162;2
163;0
164;0
165;0
166;2
167;0
168;0
169;0
170;0
171;2
172;2
173;0
174;2
175;2
176;2
177;0
178;2
179;0
180;1
181;2
182;0
183;0
184;0
185;0
186;0
187;0
188;0
189;0
190;0
191;1
192;0
193;0
194;0
195;2
196;1
197;0
198;0
199;0
200;2
201;0
202;0
203;2
204;0
205;0
206;0
207;1
208;2
209;2
210;1
211;0
212;2
213;0
214;0
215;0
216;0
217;0
218;0
219;0
220;0
221;0
222;0
223;0
224;0
225;1
226;0
227;0
228;0
229;0
230;0
231;0
232;2
233;1
234;0
235;2
236;0
237;0
238;0
239;0
240;2
241;0
242;2
243;0
244;0
245;2
246;1
247;0
248;0
249;0
250;0
251;0
252;0
253;0
254;1
255;1
256;1
257;0
258;1
259;0
260;0
261;2
262;0
263;2
264;1
265;0
266;2
267;0
268;0
269;0
270;0
271;0
272;2
273;0
274;2
275;1
276;0
277;0
278;0
279;0
280;0
281;0
282;1
283;2
284;1
285;0
286;0
287;0
288;0
289;1
290;0
291;0
292;2
293;0
294;0
295;0
296;2
297;2
298;0
299;0
300;0
301;0
302;2
303;1
304;0
305;0
306;0
307;2
308;0
309;0
310;2
311;2
312;2
313;0
314;2
315;0
316;2
317;0
318;0
319;0
320;0
321;2
322;0
323;0
324;2
325;1
326;0
327;0
328;2
329;0
330;0
331;0
332;0
333;0
334;0
335;0
336;0
337;0
338;1
339;0
340;0
341;0
342;0
343;0
344;0
345;0
346;0
347;0
348;1
349;0
350;1
351;1
352;2
353;0
354;0
355;0
356;0
357;0
358;0
359;0
360;0
361;0
362;0
363;0
364;0
365;0
366;0
367;0
368;0
369;0
370;0
371;1
372;0
373;0
374;0
375;0
376;0
377;0
378;0
379;0
380;0
381;0
382;0
383;0
384;0
385;0
386;0
387;0
388;0
389;2
390;1
391;0
392;2
393;0
394;0
395;0
396;1
397;0
398;0
399;0
400;0
401;0
402;0
403;0
404;0
405;2
406;0
407;0
408;0
409;0
410;2
411;2
412;2
413;0
414;0
415;0
416;1
417;0
418;2
419;1
420;0
421;0
422;0
423;2
424;2
425;0
426;2
427;1
428;0
429;0
430;2
431;2
432;2
433;0
434;0
435;0
436;1
437;0
438;0
439;0
440;0
441;0
442;2
443;0
444;2
445;0
446;1
447;0
448;2
449;0
450;2
451;0
452;2
453;0
454;2
455;0
456;2
457;0
458;0
459;0
460;1
461;2
462;0
463;0
464;0
465;0
466;0
467;0
468;0
469;0
470;2
471;0
472;2
473;0
474;0
475;2
476;0
477;0
478;0
479;0
480;0
481;2
482;0
483;0
484;0
485;0
486;0
487;0
488;0
489;1
490;2
491;2
492;1
493;0
494;0
495;0
496;0
497;0
498;0
499;0
500;0
501;0
502;0
503;2
504;1
505;1
506;0
507;2
508;1
509;0
510;2
511;2
512;2
513;0
514;0
515;0
516;1
517;0
518;0
519;0
520;0
521;0
522;0
523;0
524;0
525;0
526;2
527;0
528;0
529;0
530;0
531;0
532;0
533;0
534;0
535;1
536;0
537;0
538;0
539;0
540;0
541;0
542;0
543;0
544;0
545;2
546;1
547;0
548;0
549;2
550;0
551;0
552;0
553;0
554;0
555;1
556;0
557;0
558;0
559;0
560;2
561;0
562;2
563;2
564;0
565;0
566;2
567;0
568;0
569;0
570;0
571;0
572;2
573;2
574;1
575;0
576;2
577;2
578;2
579;0
580;2
581;0
582;0
583;0
584;0
585;2
586;0
587;1
588;1
589;0
590;0
591;2
592;0
593;0
594;2
595;0
596;0
597;0
598;2
599;0
600;0
601;2
602;0
603;0
604;0
605;2
606;0
607;0
608;0
609;0
610;2
611;0
612;2
613;0
614;0
615;2
616;0
617;0
618;0
619;0
620;0
621;0
622;0
623;0
624;0
625;2
626;2
627;0
628;1
629;0
630;0
631;2
632;2
633;0
634;0
635;0
636;0
637;0
638;1
639;0
640;0
641;1
642;0
643;0
644;2
645;1
646;0
647;2
648;1
649;0
650;0
651;2
652;0
653;0
654;2
655;2
656;2
657;0
658;2
659;0
660;2
661;0
662;0
663;0
664;0
665;0
666;2
667;1
668;0
669;0
670;0
671;2
672;2
673;2
674;2
675;2
676;2
677;0
678;2
679;0
680;2
681;2
682;0
683;2
684;0
685;0
686;0
687;0
688;1
689;2
690;2
691;1
692;0
693;2
694;0
695;1
696;0
697;2
698;0
699;2
700;0
701;0
702;2
703;0
704;0
705;0
706;0
707;0
708;2
709;0
710;2
711;1
712;0
713;0
714;0
715;0
716;2
717;0
718;0
719;0
720;0
721;0
722;0
723;0
724;0
725;0
726;2
727;2
728;2
729;2
730;0
731;0
732;1
733;0
734;0
735;0
736;1
737;0
738;1
739;0
740;0
741;0
742;0
743;0
744;2
745;0
746;1
747;0
748;0
749;0
750;2
751;0
752;1
753;0
754;0
755;0
756;1
757;1
758;2
759;0
760;0
761;0
762;2
763;2
764;2
765;1
766;0
767;0
768;0
769;0
770;0
771;2
772;1
773;1
774;0
775;0
776;0
777;0
778;0
779;0
780;1
781;0
782;0
783;0
784;2
785;0
786;0
787;0
788;0
789;0
790;0
791;1
792;0
793;0
794;2
795;0
796;2
797;2
798;0
799;0
800;0
801;0
802;0
803;0
804;2
805;2
806;0
807;0
808;0
809;2
810;0
811;1
812;0
813;2
814;0
815;0
816;0
817;0
818;1
819;0
820;1
821;0
822;0
823;0
824;1
825;0
826;0
827;0
828;0
829;0
830;2
831;2
832;1
833;0
834;0
835;0
836;0
837;2
838;2
839;1
840;0
841;0
842;0
843;0
844;2
845;0
846;0
847;0
848;2
849;0
850;0
851;0
852;0
853;0
854;0
855;1
856;0
857;2
858;2
859;2
860;1
861;0
862;1
863;0
864;1
865;0
866;0
867;2
868;2
869;0
870;2
871;1
872;0
873;0
874;2
875;0
876;0
877;0
878;0
879;2
880;0
881;0
882;0
883;0
884;2
885;2
886;1
887;0
888;2
889;0
890;0
891;0
892;0
893;0
894;0
895;0
896;0
897;2
898;0
899;2
900;1
901;0
902;0
903;0
904;2
905;0
906;0
907;0
908;0
909;0
910;1
911;2
912;2
913;0
914;0
915;0
916;0
917;0
918;0
919;0
920;0
921;0
922;1
923;0
924;0
925;0
926;2
927;0
928;1
929;0
930;0
931;0
932;0
933;2
934;0
935;2
936;0
937;0
938;1
939;2
940;2
941;0
942;2
943;2
944;2
945;2
946;0
947;0
948;1
949;0
950;0
951;2
952;0
953;2
954;0
955;0
956;0
957;0
958;1
959;0
960;2
961;2
962;1
963;0
964;1
965;1
966;0
967;0
968;0
969;0
970;2
971;0
972;2
973;0
974;0
975;0
976;0
977;2
978;1
979;0
980;2
981;1
982;2
983;0
984;0
985;1
986;0
987;0
988;1
989;0
990;2
991;2
992;1
993;0
994;0
995;2
996;0
997;0
998;1
999;1
1000;0
1001;0
1002;2
1003;0
1004;0
1005;0
1006;0
1007;0
1008;0
1009;0
1010;0
1011;0
1012;1
1013;0
1014;0
1015;0
1016;0
1017;0
1018;0
1019;0
1020;0
1021;0
1022;0
1023;0
