0;1
1;0
2;0
3;2
4;4
5;0
6;2
7;2
8;2
9;0
10;2
11;0
12;2
13;1
14;0
15;0
16;0
17;1
18;0
19;0
20;2
21;0
22;0
23;2
24;0
25;2
26;1
27;1
28;1
29;0
30;0
31;0
32;1
33;0
34;1
35;0
36;1
37;0
38;0
39;2
40;1
41;0
42;0
43;1
44;1
45;1
46;0
47;0
48;0
49;0
50;0
51;0
52;0
53;0
54;0
55;0
56;1
57;0
58;2
59;1
60;0
61;0
62;0
63;2
64;4
65;0
66;0
67;2
68;2
69;0
70;2
71;0
72;2
73;0
74;0
75;2
76;2
77;0
78;0
79;1
80;2
81;2
82;0
83;2
84;1
85;0
86;0
87;0
88;2
89;1
90;0
91;1
92;2
93;2
94;1
95;0
96;0
97;0
98;2
99;0
100;0
101;0
102;0
103;0
104;0
105;0
106;0
107;0
108;2
109;2
110;1
111;0
112;1
113;0
114;0
115;2
116;4
117;2
118;2
119;2
120;0
121;0
122;2
123;1
124;2
125;0
126;0
127;0
128;1
129;0
130;2
131;2
132;1
133;0
134;0
135;0
136;2
137;0
138;2
139;2
140;2
141;0
142;2
143;2
144;1
145;0
146;0
147;0
148;0
149;0
150;0
151;0
152;0
153;2
154;2
155;2
156;1
157;1
158;1
159;0
160;0
161;0
162;2
163;2
164;2
165;0
166;0
167;1
168;0
169;2
170;0
171;0
172;1
173;0
174;2
175;2
176;1
177;0
178;0
179;2
180;4
181;0
182;2
183;2
184;2
185;0
186;2
187;0
188;2
189;2
190;0
191;1
192;0
193;0
194;2
195;2
196;2
197;2
198;0
199;2
200;0
201;0
202;0
203;0
204;0
205;0
206;0
207;0
208;1
209;0
210;0
211;2
212;4
213;0
214;2
215;2
216;2
217;0
218;2
219;0
220;1
221;0
222;0
223;0
224;0
225;0
226;1
227;0
228;0
229;2
230;2
231;2
232;1
233;0
234;0
235;0
236;0
237;0
238;1
239;2
240;1
241;0
242;0
243;0
244;0
245;0
246;0
247;0
248;0
249;0
250;0
251;0
252;0
253;2
254;1
255;0
256;2
257;0
258;1
259;1
260;0
261;0
262;1
263;1
264;0
265;0
266;0
267;2
268;2
269;0
270;2
271;0
272;2
273;0
274;2
275;0
276;1
277;0
278;0
279;0
280;1
281;0
282;2
283;2
284;1
285;0
286;0
287;2
288;4
289;0
290;2
291;2
292;1
293;0
294;2
295;0
296;2
297;0
298;0
299;0
300;0
301;0
302;0
303;0
304;0
305;0
306;1
307;2
308;2
309;2
310;2
311;2
312;2
313;0
314;0
315;2
316;0
317;0
318;0
319;0
320;0
321;0
322;0
323;0
324;2
325;1
326;0
327;0
328;1
329;0
330;0
331;0
332;1
333;0
334;0
335;0
336;2
337;1
338;1
339;1
340;1
341;0
342;2
343;2
344;0
345;0
346;0
347;0
348;2
349;0
350;2
351;2
352;2
353;0
354;2
355;0
356;2
357;2
358;1
359;0
360;0
361;0
362;0
363;0
364;0
365;2
366;0
367;2
368;1
369;0
370;0
371;0
372;2
373;2
374;0
375;2
376;0
377;0
378;1
379;0
380;0
381;0
382;1
383;1
384;0
385;0
386;0
387;0
388;0
389;0
390;0
391;0
392;2
393;2
394;1
395;0
396;2
397;2
398;2
399;2
400;2
401;0
402;1
403;1
404;0
405;0
406;2
407;2
408;1
409;0
410;0
411;2
412;1
413;0
414;2
415;1
416;0
417;0
418;2
419;0
420;2
421;2
422;0
423;0
424;1
425;0
426;2
427;2
428;1
429;2
430;0
431;2
432;2
433;0
434;2
435;1
436;0
437;0
438;2
439;0
440;1
441;0
442;0
443;0
444;0
445;2
446;1
447;0
448;2
449;0
450;0
451;0
452;0
453;0
454;0
455;0
456;0
457;0
458;2
459;2
460;2
461;0
462;0
463;0
464;2
465;1
466;0
467;0
468;1
469;0
470;1
471;0
472;2
473;0
474;0
475;2
476;4
477;0
478;2
479;2
480;2
481;0
482;0
483;0
484;2
485;0
486;2
487;0
488;1
489;0
490;0
491;0
492;0
493;2
494;2
495;1
496;0
497;0
498;0
499;0
500;2
501;0
502;2
503;2
504;2
505;0
506;2
507;0
508;1
509;0
510;0
511;0
512;0
513;0
514;0
515;0
516;0
517;0
518;1
519;0
520;0
521;1
522;0
523;2
524;0
525;2
526;0
527;2
528;0
529;2
530;2
531;2
532;2
533;0
534;1
535;0
536;0
537;0
538;2
539;0
540;0
541;0
542;2
543;2
544;2
545;0
546;0
547;2
548;1
549;0
550;0
551;2
552;4
553;0
554;2
555;2
556;2
557;0
558;2
559;0
560;1
561;0
562;2
563;2
564;2
565;1
566;0
567;0
568;0
569;0
570;1
571;0
572;0
573;2
574;1
575;0
576;0
577;0
578;0
579;0
580;0
581;0
582;0
583;1
584;0
585;0
586;2
587;2
588;1
589;0
590;0
591;2
592;4
593;0
594;2
595;2
596;2
597;0
598;2
599;0
600;1
601;0
602;0
603;2
604;1
605;0
606;0
607;2
608;4
609;0
610;2
611;2
612;2
613;0
614;2
615;0
616;1
617;0
618;0
619;0
620;0
621;0
622;0
623;0
624;0
625;0
626;0
627;0
628;2
629;0
630;0
631;0
632;0
633;2
634;1
635;0
636;2
637;0
638;0
639;1
640;0
641;0
642;0
643;1
644;2
645;0
646;0
647;0
648;0
649;2
650;2
651;0
652;0
653;0
654;1
655;0
656;1
657;0
658;0
659;0
660;0
661;0
662;2
663;2
664;1
665;0
666;0
667;1
668;1
669;0
670;2
671;2
672;4
673;0
674;2
675;0
676;2
677;2
678;2
679;2
680;1
681;0
682;0
683;0
684;2
685;0
686;2
687;0
688;0
689;0
690;2
691;0
692;0
693;1
694;0
695;0
696;2
697;1
698;0
699;0
700;0
701;0
702;0
703;0
704;0
705;0
706;1
707;0
708;0
709;0
710;1
711;0
712;0
713;0
714;0
715;2
716;2
717;0
718;0
719;0
720;0
721;0
722;0
723;0
724;2
725;2
726;2
727;2
728;1
729;0
730;0
731;2
732;2
733;2
734;2
735;2
736;2
737;0
738;2
739;0
740;2
741;1
742;1
743;0
744;0
745;1
746;0
747;2
748;0
749;0
750;0
751;0
752;0
753;1
754;1
755;0
756;0
757;0
758;0
759;1
760;0
761;1
762;2
763;2
764;2
765;0
766;2
767;2
768;2
769;0
770;0
771;1
772;0
773;2
774;2
775;0
776;0
777;0
778;0
779;2
780;1
781;0
782;0
783;1
784;2
785;0
786;2
787;2
788;2
789;0
790;2
791;2
792;1
793;1
794;0
795;0
796;0
797;0
798;1
799;1
800;0
801;0
802;0
803;0
804;0
805;0
806;0
807;0
808;0
809;0
810;0
811;1
812;0
813;0
814;2
815;1
816;0
817;0
818;2
819;2
820;1
821;1
822;0
823;0
824;4
825;0
826;2
827;2
828;0
829;0
830;2
831;0
832;1
833;1
834;0
835;0
836;0
837;0
838;0
839;0
840;0
841;0
842;1
843;1
844;0
845;0
846;2
847;0
848;0
849;1
850;0
851;0
852;1
853;0
854;0
855;2
856;1
857;0
858;0
859;0
860;2
861;0
862;2
863;2
864;2
865;0
866;2
867;1
868;0
869;1
870;0
871;0
872;0
873;1
874;0
875;0
876;1
877;0
878;0
879;0
880;0
881;2
882;2
883;2
884;0
885;0
886;0
887;0
888;0
889;0
890;0
891;0
892;0
893;2
894;0
895;0
896;0
897;0
898;0
899;2
900;1
901;1
902;2
903;0
904;0
905;2
906;0
907;0
908;2
909;0
910;1
911;0
912;2
913;0
914;0
915;0
916;0
917;0
918;2
919;2
920;1
921;1
922;0
923;2
924;4
925;0
926;2
927;2
928;2
929;0
930;2
931;0
932;2
933;0
934;0
935;2
936;1
937;0
938;2
939;2
940;0
941;0
942;2
943;0
944;0
945;0
946;0
947;2
948;1
949;0
950;0
951;0
952;0
953;0
954;2
955;0
956;2
957;0
958;0
959;0
960;0
961;0
962;2
963;2
964;2
965;2
966;2
967;0
968;1
969;0
970;2
971;2
972;0
973;0
974;1
975;0
976;0
977;0
978;2
979;0
980;0
981;0
982;0
983;0
984;0
985;0
986;2
987;2
988;0
989;0
990;0
991;2
992;4
993;0
994;2
995;2
996;2
997;0
998;2
999;0
1000;2
1001;0
1002;4
1003;2
1004;1
1005;1
1006;0
1007;2
1008;2
1009;2
1010;2
1011;2
1012;1
1013;0
1014;1
1015;0
1016;0
1017;0
1018;0
1019;0
1020;0
1021;0
1022;0
1023;0
