0;0
1;0
2;0
3;2
4;2
5;0
6;1
7;2
8;0
9;0
10;2
11;0
12;2
13;0
14;2
15;0
16;0
17;0
18;0
19;0
20;0
21;1
22;1
23;0
24;0
25;0
26;0
27;0
28;0
29;0
30;0
31;0
32;0
33;0
34;0
35;0
36;0
37;0
38;0
39;0
40;0
41;0
42;0
43;1
44;0
45;0
46;0
47;1
48;0
49;0
50;0
51;0
52;0
53;2
54;0
55;0
56;0
57;0
58;0
59;0
60;2
61;0
62;0
63;0
64;2
65;0
66;0
67;0
68;0
69;0
70;2
71;0
72;1
73;0
74;0
75;0
76;0
77;1
78;0
79;0
80;0
81;0
82;0
83;0
84;0
85;0
86;1
87;0
88;2
89;1
90;0
91;2
92;2
93;0
94;0
95;2
96;0
97;2
98;1
99;1
100;0
101;0
102;0
103;0
104;0
105;0
106;0
107;0
108;0
109;1
110;0
111;2
112;1
113;0
114;0
115;0
116;1
117;0
118;2
119;1
120;0
121;0
122;2
123;0
124;2
125;0
126;2
127;0
128;0
129;0
130;0
131;0
132;0
133;0
134;2
135;0
136;0
137;0
138;0
139;1
140;0
141;0
142;0
143;0
144;1
145;0
146;0
147;0
148;0
149;0
150;0
151;0
152;2
153;1
154;0
155;0
156;1
157;0
158;0
159;0
160;2
161;0
162;0
163;0
164;0
165;0
166;0
167;2
168;1
169;2
170;2
171;2
172;2
173;0
174;1
175;2
176;1
177;1
178;0
179;0
180;0
181;0
182;2
183;1
184;1
185;0
186;0
187;2
188;1
189;0
190;1
191;1
192;0
193;0
194;0
195;1
196;0
197;0
198;2
199;2
200;2
201;0
202;0
203;2
204;0
205;0
206;0
207;0
208;0
209;0
210;0
211;0
212;1
213;0
214;1
215;0
216;1
217;0
218;2
219;2
220;1
221;0
222;2
223;1
224;0
225;0
226;0
227;2
228;0
229;1
230;0
231;2
232;1
233;0
234;0
235;1
236;0
237;0
238;0
239;1
240;0
241;1
242;0
243;0
244;0
245;0
246;0
247;1
248;1
249;0
250;0
251;0
252;0
253;0
254;1
255;0
256;0
257;0
258;0
259;0
260;0
261;0
262;0
263;1
264;0
265;0
266;2
267;0
268;1
269;0
270;0
271;0
272;0
273;0
274;0
275;2
276;0
277;0
278;0
279;2
280;2
281;0
282;0
283;0
284;1
285;0
286;0
287;0
288;1
289;1
290;0
291;0
292;1
293;0
294;1
295;0
296;0
297;2
298;2
299;0
300;0
301;0
302;1
303;0
304;2
305;0
306;1
307;1
308;0
309;1
310;0
311;0
312;0
313;0
314;0
315;0
316;1
317;0
318;0
319;0
320;0
321;0
322;0
323;0
324;0
325;0
326;1
327;1
328;0
329;0
330;0
331;0
332;1
333;2
334;0
335;2
336;2
337;0
338;0
339;0
340;2
341;0
342;1
343;0
344;0
345;0
346;1
347;0
348;1
349;0
350;0
351;0
352;0
353;0
354;2
355;2
356;0
357;0
358;2
359;2
360;1
361;0
362;0
363;2
364;2
365;0
366;2
367;1
368;2
369;0
370;2
371;0
372;2
373;0
374;0
375;0
376;0
377;0
378;0
379;2
380;1
381;0
382;0
383;0
384;1
385;0
386;0
387;2
388;1
389;2
390;0
391;0
392;2
393;0
394;0
395;0
396;0
397;0
398;2
399;0
400;0
401;2
402;0
403;0
404;2
405;2
406;0
407;0
408;0
409;2
410;0
411;0
412;0
413;0
414;0
415;0
416;1
417;0
418;1
419;0
420;1
421;2
422;1
423;0
424;0
425;0
426;0
427;0
428;0
429;0
430;0
431;0
432;0
433;0
434;0
435;0
436;0
437;0
438;1
439;0
440;1
441;0
442;0
443;2
444;2
445;2
446;0
447;0
448;0
449;2
450;0
451;0
452;0
453;1
454;0
455;0
456;2
457;0
458;0
459;2
460;0
461;0
462;0
463;0
464;0
465;2
466;0
467;2
468;1
469;0
470;0
471;0
472;2
473;0
474;2
475;0
476;4
477;1
478;0
479;0
480;1
481;0
482;0
483;2
484;1
485;0
486;1
487;0
488;2
489;1
490;0
491;4
492;1
493;0
494;1
495;0
496;0
497;2
498;2
499;1
500;1
501;0
502;0
503;0
504;0
505;1
506;0
507;0
508;2
509;0
510;1
511;0
512;2
513;2
514;1
515;0
516;0
517;1
518;0
519;0
520;1
521;0
522;0
523;0
524;0
525;0
526;1
527;0
528;2
529;2
530;2
531;0
532;1
533;0
534;1
535;1
536;0
537;1
538;0
539;0
540;0
541;0
542;1
543;0
544;2
545;0
546;0
547;0
548;1
549;0
550;0
551;0
552;2
553;2
554;2
555;1
556;0
557;0
558;2
559;2
560;0
561;0
562;0
563;0
564;1
565;0
566;0
567;0
568;1
569;0
570;0
571;0
572;0
573;1
574;0
575;1
576;0
577;0
578;1
579;0
580;0
581;0
582;1
583;0
584;0
585;0
586;0
587;0
588;2
589;2
590;1
591;0
592;2
593;0
594;2
595;0
596;0
597;0
598;2
599;0
600;2
601;0
602;0
603;2
604;0
605;0
606;0
607;0
608;0
609;0
610;1
611;0
612;2
613;1
614;0
615;0
616;0
617;0
618;0
619;2
620;2
621;0
622;0
623;0
624;0
625;1
626;0
627;0
628;0
629;2
630;0
631;0
632;2
633;0
634;2
635;0
636;2
637;0
638;0
639;0
640;1
641;0
642;1
643;1
644;0
645;0
646;1
647;0
648;1
649;1
650;0
651;0
652;0
653;0
654;0
655;0
656;0
657;0
658;2
659;0
660;0
661;1
662;0
663;1
664;0
665;1
666;1
667;0
668;1
669;0
670;2
671;0
672;0
673;0
674;0
675;0
676;0
677;0
678;1
679;2
680;2
681;2
682;2
683;0
684;0
685;0
686;0
687;0
688;0
689;0
690;1
691;0
692;2
693;2
694;0
695;2
696;4
697;2
698;0
699;2
700;0
701;0
702;2
703;0
704;1
705;0
706;0
707;0
708;0
709;0
710;0
711;0
712;0
713;0
714;0
715;0
716;1
717;0
718;2
719;2
720;1
721;0
722;0
723;2
724;2
725;0
726;0
727;2
728;2
729;0
730;2
731;0
732;2
733;2
734;2
735;1
736;0
737;1
738;2
739;0
740;2
741;0
742;2
743;0
744;0
745;0
746;0
747;0
748;2
749;0
750;1
751;0
752;2
753;0
754;0
755;0
756;1
757;0
758;2
759;2
760;0
761;0
762;1
763;0
764;2
765;0
766;2
767;0
768;1
769;0
770;0
771;0
772;2
773;1
774;0
775;1
776;0
777;1
778;0
779;2
780;2
781;0
782;0
783;0
784;0
785;2
786;0
787;0
788;0
789;2
790;2
791;2
792;0
793;2
794;0
795;0
796;0
797;0
798;0
799;0
800;2
801;0
802;2
803;1
804;0
805;0
806;0
807;1
808;2
809;2
810;0
811;2
812;0
813;0
814;0
815;0
816;0
817;2
818;0
819;2
820;0
821;0
822;0
823;0
824;0
825;1
826;0
827;0
828;0
829;0
830;1
831;0
832;2
833;0
834;0
835;2
836;0
837;1
838;0
839;0
840;0
841;0
842;1
843;0
844;0
845;0
846;0
847;0
848;4
849;2
850;0
851;0
852;0
853;0
854;1
855;0
856;2
857;0
858;0
859;0
860;2
861;0
862;0
863;2
864;0
865;0
866;0
867;1
868;0
869;0
870;0
871;1
872;1
873;0
874;2
875;2
876;0
877;0
878;0
879;0
880;2
881;0
882;0
883;0
884;0
885;1
886;0
887;0
888;0
889;2
890;2
891;0
892;0
893;0
894;2
895;2
896;4
897;0
898;2
899;0
900;0
901;0
902;2
903;0
904;1
905;0
906;0
907;0
908;0
909;0
910;1
911;0
912;0
913;1
914;1
915;0
916;0
917;0
918;2
919;2
920;0
921;1
922;0
923;0
924;0
925;0
926;0
927;0
928;0
929;0
930;1
931;0
932;1
933;0
934;0
935;0
936;2
937;1
938;0
939;0
940;2
941;0
942;0
943;0
944;0
945;1
946;0
947;0
948;0
949;2
950;0
951;0
952;2
953;0
954;2
955;0
956;1
957;2
958;1
959;0
960;0
961;1
962;0
963;2
964;2
965;2
966;1
967;0
968;2
969;2
970;2
971;2
972;0
973;2
974;2
975;2
976;2
977;0
978;0
979;0
980;0
981;0
982;2
983;1
984;0
985;0
986;0
987;0
988;0
989;0
990;1
991;2
992;2
993;0
994;2
995;0
996;1
997;0
998;0
999;1
1000;0
1001;1
1002;0
1003;1
1004;0
1005;0
1006;0
1007;0
1008;1
1009;0
1010;0
1011;0
1012;0
1013;1
1014;0
1015;0
1016;0
1017;0
1018;0
1019;0
1020;0
1021;0
1022;0
1023;0
