0;1
1;0
2;0
3;0
4;4
5;0
6;2
7;2
8;0
9;0
10;2
11;0
12;2
13;0
14;0
15;0
16;1
17;2
18;1
19;2
20;0
21;2
22;2
23;2
24;1
25;1
26;2
27;1
28;0
29;0
30;0
31;2
32;0
33;0
34;0
35;0
36;0
37;0
38;1
39;0
40;0
41;0
42;0
43;2
44;2
45;0
46;1
47;2
48;2
49;0
50;0
51;0
52;0
53;0
54;0
55;0
56;0
57;0
58;2
59;2
60;1
61;0
62;0
63;2
64;4
65;0
66;0
67;2
68;0
69;0
70;2
71;0
72;2
73;0
74;2
75;2
76;0
77;0
78;0
79;0
80;0
81;0
82;1
83;0
84;1
85;0
86;0
87;0
88;0
89;0
90;2
91;0
92;2
93;0
94;2
95;1
96;1
97;2
98;0
99;0
100;0
101;2
102;2
103;2
104;1
105;0
106;0
107;0
108;0
109;0
110;0
111;0
112;0
113;0
114;1
115;2
116;0
117;2
118;0
119;0
120;1
121;1
122;1
123;0
124;0
125;0
126;0
127;0
128;0
129;0
130;0
131;0
132;0
133;1
134;1
135;0
136;1
137;0
138;0
139;0
140;2
141;0
142;2
143;0
144;2
145;0
146;0
147;2
148;0
149;2
150;2
151;2
152;1
153;0
154;0
155;1
156;0
157;0
158;0
159;0
160;0
161;0
162;2
163;0
164;1
165;0
166;0
167;1
168;0
169;0
170;0
171;2
172;2
173;0
174;2
175;2
176;2
177;0
178;2
179;0
180;1
181;1
182;0
183;0
184;0
185;0
186;0
187;0
188;0
189;0
190;0
191;2
192;0
193;0
194;0
195;2
196;1
197;0
198;0
199;0
200;2
201;1
202;0
203;1
204;0
205;0
206;2
207;0
208;2
209;2
210;1
211;0
212;2
213;0
214;2
215;0
216;0
217;0
218;0
219;0
220;0
221;0
222;0
223;0
224;0
225;0
226;2
227;1
228;1
229;0
230;0
231;2
232;2
233;0
234;2
235;2
236;2
237;0
238;2
239;2
240;2
241;2
242;2
243;2
244;0
245;2
246;2
247;2
248;0
249;0
250;0
251;0
252;0
253;1
254;0
255;0
256;0
257;2
258;2
259;2
260;0
261;2
262;0
263;2
264;0
265;0
266;2
267;1
268;0
269;0
270;0
271;0
272;1
273;0
274;2
275;1
276;0
277;0
278;0
279;0
280;2
281;2
282;1
283;2
284;1
285;0
286;0
287;0
288;0
289;0
290;0
291;0
292;0
293;0
294;0
295;0
296;2
297;0
298;0
299;0
300;0
301;0
302;0
303;0
304;1
305;0
306;0
307;0
308;4
309;0
310;2
311;2
312;0
313;0
314;0
315;0
316;1
317;0
318;0
319;2
320;0
321;0
322;0
323;1
324;0
325;0
326;0
327;2
328;2
329;0
330;0
331;0
332;0
333;0
334;0
335;0
336;0
337;1
338;1
339;0
340;0
341;0
342;0
343;0
344;0
345;0
346;1
347;0
348;1
349;0
350;0
351;0
352;2
353;0
354;0
355;0
356;2
357;2
358;0
359;0
360;0
361;0
362;0
363;0
364;2
365;0
366;0
367;0
368;0
369;0
370;0
371;2
372;2
373;0
374;0
375;0
376;0
377;0
378;0
379;0
380;0
381;0
382;0
383;0
384;0
385;0
386;0
387;0
388;2
389;1
390;2
391;2
392;1
393;0
394;0
395;0
396;2
397;1
398;0
399;0
400;0
401;0
402;0
403;0
404;0
405;2
406;0
407;0
408;0
409;1
410;0
411;0
412;2
413;1
414;0
415;0
416;0
417;0
418;0
419;2
420;1
421;0
422;0
423;2
424;4
425;0
426;2
427;0
428;0
429;0
430;2
431;0
432;2
433;0
434;0
435;0
436;0
437;0
438;0
439;0
440;0
441;0
442;0
443;0
444;2
445;0
446;2
447;2
448;0
449;0
450;2
451;0
452;2
453;0
454;2
455;0
456;2
457;0
458;0
459;0
460;2
461;0
462;0
463;0
464;0
465;0
466;1
467;0
468;1
469;0
470;2
471;0
472;2
473;0
474;0
475;2
476;2
477;0
478;0
479;0
480;1
481;0
482;0
483;0
484;0
485;1
486;0
487;0
488;0
489;1
490;0
491;2
492;0
493;0
494;0
495;1
496;0
497;0
498;0
499;2
500;1
501;0
502;2
503;0
504;1
505;0
506;0
507;2
508;2
509;0
510;2
511;2
512;2
513;0
514;0
515;0
516;2
517;0
518;0
519;0
520;0
521;0
522;0
523;0
524;0
525;0
526;2
527;0
528;0
529;0
530;0
531;1
532;0
533;0
534;0
535;0
536;0
537;0
538;0
539;1
540;0
541;0
542;0
543;0
544;0
545;2
546;2
547;2
548;2
549;2
550;2
551;0
552;0
553;0
554;0
555;0
556;0
557;0
558;0
559;0
560;0
561;0
562;2
563;2
564;0
565;1
566;0
567;0
568;0
569;0
570;0
571;0
572;2
573;2
574;1
575;0
576;0
577;2
578;2
579;0
580;2
581;0
582;2
583;0
584;0
585;0
586;0
587;1
588;0
589;0
590;0
591;0
592;0
593;0
594;0
595;0
596;1
597;0
598;2
599;0
600;0
601;1
602;0
603;0
604;0
605;0
606;0
607;0
608;0
609;0
610;0
611;0
612;2
613;0
614;0
615;2
616;0
617;0
618;0
619;0
620;0
621;0
622;0
623;0
624;0
625;1
626;1
627;0
628;1
629;0
630;0
631;0
632;1
633;0
634;2
635;2
636;2
637;0
638;0
639;0
640;0
641;1
642;0
643;0
644;1
645;0
646;0
647;0
648;1
649;0
650;0
651;2
652;2
653;0
654;2
655;1
656;0
657;0
658;2
659;0
660;0
661;0
662;0
663;0
664;0
665;0
666;0
667;2
668;1
669;0
670;0
671;2
672;1
673;2
674;2
675;2
676;1
677;0
678;2
679;0
680;2
681;0
682;0
683;0
684;0
685;0
686;0
687;0
688;2
689;2
690;2
691;1
692;0
693;0
694;0
695;1
696;0
697;2
698;0
699;0
700;0
701;0
702;2
703;0
704;0
705;0
706;0
707;0
708;2
709;0
710;0
711;1
712;0
713;0
714;0
715;0
716;2
717;0
718;0
719;0
720;2
721;0
722;0
723;0
724;0
725;2
726;2
727;2
728;0
729;0
730;0
731;0
732;1
733;0
734;0
735;0
736;1
737;0
738;2
739;2
740;1
741;0
742;0
743;2
744;2
745;0
746;2
747;2
748;2
749;0
750;2
751;0
752;2
753;0
754;0
755;2
756;0
757;0
758;0
759;0
760;0
761;0
762;2
763;2
764;1
765;1
766;0
767;0
768;0
769;0
770;1
771;1
772;0
773;1
774;0
775;1
776;2
777;0
778;0
779;0
780;1
781;0
782;0
783;0
784;0
785;0
786;0
787;0
788;0
789;0
790;0
791;1
792;1
793;0
794;0
795;0
796;2
797;2
798;0
799;0
800;0
801;0
802;0
803;0
804;2
805;0
806;1
807;0
808;0
809;0
810;2
811;2
812;2
813;2
814;0
815;0
816;0
817;0
818;0
819;0
820;0
821;0
822;0
823;0
824;0
825;2
826;0
827;0
828;0
829;1
830;0
831;2
832;1
833;0
834;0
835;0
836;0
837;2
838;2
839;2
840;2
841;0
842;0
843;1
844;0
845;0
846;2
847;0
848;2
849;0
850;0
851;0
852;0
853;1
854;0
855;0
856;0
857;2
858;2
859;2
860;1
861;0
862;2
863;1
864;0
865;0
866;0
867;2
868;2
869;0
870;2
871;2
872;1
873;0
874;2
875;2
876;1
877;0
878;0
879;2
880;0
881;1
882;0
883;0
884;0
885;0
886;0
887;0
888;2
889;2
890;0
891;2
892;0
893;0
894;0
895;0
896;0
897;0
898;0
899;2
900;2
901;0
902;0
903;0
904;2
905;0
906;0
907;0
908;0
909;0
910;0
911;2
912;0
913;0
914;0
915;0
916;1
917;0
918;0
919;0
920;1
921;0
922;2
923;2
924;1
925;0
926;0
927;0
928;2
929;0
930;0
931;1
932;2
933;2
934;0
935;0
936;0
937;0
938;2
939;1
940;0
941;0
942;0
943;0
944;0
945;0
946;0
947;0
948;0
949;0
950;2
951;1
952;0
953;0
954;0
955;0
956;0
957;0
958;1
959;0
960;2
961;0
962;1
963;0
964;2
965;0
966;0
967;0
968;2
969;1
970;1
971;0
972;1
973;0
974;0
975;0
976;0
977;1
978;0
979;2
980;2
981;1
982;2
983;0
984;0
985;1
986;1
987;0
988;1
989;0
990;0
991;2
992;1
993;0
994;0
995;2
996;4
997;0
998;2
999;1
1000;0
1001;0
1002;2
1003;0
1004;2
1005;2
1006;2
1007;0
1008;0
1009;1
1010;0
1011;0
1012;0
1013;0
1014;0
1015;0
1016;0
1017;0
1018;0
1019;0
1020;0
1021;0
1022;0
1023;0
