0;1
1;0
2;0
3;2
4;4
5;0
6;2
7;2
8;2
9;0
10;0
11;0
12;2
13;0
14;0
15;0
16;0
17;2
18;2
19;2
20;2
21;2
22;1
23;0
24;0
25;1
26;2
27;1
28;0
29;0
30;2
31;2
32;0
33;0
34;0
35;0
36;0
37;2
38;0
39;2
40;1
41;0
42;0
43;0
44;2
45;0
46;0
47;0
48;1
49;0
50;0
51;0
52;0
53;0
54;0
55;0
56;0
57;0
58;1
59;0
60;1
61;0
62;0
63;0
64;0
65;2
66;2
67;0
68;0
69;0
70;2
71;2
72;1
73;0
74;0
75;0
76;0
77;0
78;0
79;0
80;1
81;0
82;0
83;0
84;1
85;2
86;0
87;0
88;1
89;0
90;0
91;1
92;0
93;1
94;0
95;0
96;1
97;0
98;0
99;0
100;0
101;0
102;1
103;0
104;0
105;0
106;0
107;0
108;0
109;2
110;0
111;0
112;0
113;0
114;0
115;0
116;0
117;0
118;0
119;0
120;2
121;1
122;0
123;0
124;1
125;0
126;0
127;0
128;2
129;0
130;0
131;0
132;2
133;0
134;0
135;1
136;0
137;2
138;2
139;2
140;1
141;0
142;0
143;0
144;0
145;0
146;0
147;0
148;0
149;0
150;2
151;0
152;0
153;0
154;1
155;0
156;0
157;0
158;0
159;0
160;2
161;0
162;0
163;2
164;0
165;1
166;0
167;0
168;0
169;0
170;1
171;0
172;1
173;0
174;0
175;2
176;2
177;0
178;2
179;2
180;2
181;0
182;0
183;0
184;1
185;0
186;0
187;0
188;0
189;1
190;0
191;2
192;0
193;0
194;0
195;0
196;0
197;0
198;0
199;0
200;2
201;1
202;0
203;2
204;2
205;0
206;2
207;0
208;0
209;0
210;0
211;2
212;0
213;0
214;0
215;0
216;0
217;0
218;0
219;2
220;1
221;1
222;0
223;0
224;0
225;2
226;2
227;2
228;0
229;0
230;0
231;0
232;0
233;0
234;1
235;0
236;0
237;1
238;0
239;1
240;0
241;2
242;0
243;2
244;0
245;0
246;2
247;2
248;1
249;0
250;0
251;2
252;4
253;0
254;0
255;0
256;2
257;0
258;2
259;0
260;2
261;0
262;0
263;0
264;1
265;0
266;2
267;1
268;0
269;0
270;0
271;0
272;2
273;2
274;1
275;2
276;1
277;0
278;0
279;0
280;0
281;1
282;0
283;0
284;0
285;0
286;0
287;0
288;0
289;0
290;0
291;0
292;1
293;0
294;0
295;0
296;2
297;1
298;0
299;0
300;0
301;0
302;0
303;0
304;0
305;2
306;0
307;0
308;2
309;0
310;0
311;0
312;0
313;0
314;0
315;0
316;0
317;1
318;1
319;0
320;0
321;1
322;0
323;0
324;0
325;0
326;0
327;0
328;1
329;0
330;2
331;0
332;4
333;0
334;0
335;0
336;0
337;0
338;0
339;2
340;1
341;0
342;0
343;0
344;0
345;0
346;0
347;0
348;2
349;0
350;0
351;1
352;2
353;0
354;0
355;0
356;2
357;0
358;0
359;0
360;0
361;0
362;1
363;0
364;2
365;0
366;2
367;0
368;2
369;2
370;2
371;0
372;1
373;0
374;0
375;2
376;2
377;1
378;0
379;0
380;0
381;0
382;0
383;0
384;1
385;1
386;0
387;0
388;2
389;2
390;2
391;2
392;2
393;1
394;0
395;0
396;0
397;0
398;2
399;0
400;0
401;2
402;2
403;0
404;0
405;0
406;0
407;0
408;1
409;0
410;0
411;1
412;0
413;0
414;0
415;0
416;2
417;0
418;2
419;1
420;0
421;0
422;2
423;2
424;2
425;0
426;2
427;0
428;2
429;0
430;0
431;0
432;0
433;2
434;0
435;0
436;0
437;0
438;1
439;0
440;0
441;0
442;2
443;0
444;2
445;0
446;0
447;0
448;1
449;0
450;0
451;0
452;0
453;0
454;0
455;0
456;2
457;0
458;2
459;1
460;0
461;0
462;2
463;0
464;0
465;0
466;2
467;2
468;1
469;0
470;0
471;0
472;0
473;0
474;0
475;0
476;4
477;2
478;2
479;2
480;2
481;0
482;0
483;0
484;1
485;0
486;0
487;0
488;0
489;2
490;2
491;1
492;0
493;0
494;0
495;1
496;0
497;0
498;0
499;0
500;0
501;0
502;0
503;0
504;0
505;0
506;0
507;0
508;1
509;0
510;0
511;0
512;0
513;0
514;2
515;2
516;2
517;2
518;2
519;0
520;0
521;0
522;0
523;0
524;0
525;0
526;0
527;0
528;0
529;0
530;2
531;2
532;0
533;0
534;0
535;0
536;0
537;0
538;0
539;0
540;2
541;2
542;2
543;2
544;2
545;2
546;2
547;0
548;2
549;0
550;2
551;0
552;0
553;1
554;1
555;1
556;1
557;0
558;0
559;0
560;0
561;0
562;2
563;0
564;1
565;0
566;2
567;0
568;1
569;1
570;0
571;0
572;2
573;0
574;0
575;0
576;1
577;0
578;0
579;2
580;1
581;0
582;0
583;2
584;4
585;0
586;0
587;2
588;2
589;0
590;2
591;0
592;2
593;2
594;0
595;0
596;0
597;0
598;2
599;0
600;0
601;0
602;0
603;0
604;2
605;0
606;0
607;0
608;1
609;0
610;2
611;2
612;2
613;0
614;0
615;0
616;0
617;0
618;1
619;0
620;0
621;2
622;0
623;0
624;2
625;2
626;1
627;0
628;0
629;0
630;0
631;0
632;2
633;0
634;2
635;0
636;0
637;0
638;0
639;1
640;0
641;0
642;2
643;1
644;2
645;0
646;0
647;2
648;4
649;0
650;2
651;2
652;2
653;0
654;2
655;0
656;2
657;0
658;0
659;0
660;4
661;1
662;0
663;0
664;0
665;0
666;0
667;0
668;1
669;2
670;0
671;0
672;2
673;2
674;0
675;2
676;1
677;0
678;0
679;0
680;0
681;0
682;0
683;0
684;2
685;0
686;0
687;1
688;0
689;1
690;0
691;0
692;2
693;0
694;0
695;0
696;1
697;0
698;0
699;0
700;1
701;0
702;0
703;0
704;0
705;0
706;0
707;1
708;0
709;0
710;0
711;0
712;0
713;0
714;0
715;2
716;2
717;0
718;0
719;0
720;0
721;0
722;0
723;1
724;0
725;1
726;0
727;1
728;2
729;0
730;0
731;0
732;1
733;1
734;2
735;0
736;0
737;0
738;0
739;0
740;0
741;0
742;0
743;1
744;0
745;0
746;0
747;1
748;0
749;2
750;0
751;0
752;0
753;0
754;0
755;0
756;1
757;0
758;2
759;2
760;1
761;0
762;0
763;0
764;2
765;0
766;2
767;2
768;2
769;0
770;2
771;0
772;1
773;0
774;1
775;1
776;0
777;0
778;0
779;0
780;0
781;2
782;2
783;1
784;0
785;0
786;0
787;0
788;1
789;0
790;2
791;0
792;0
793;2
794;0
795;0
796;0
797;2
798;2
799;2
800;1
801;0
802;0
803;0
804;1
805;0
806;1
807;0
808;4
809;0
810;0
811;0
812;2
813;0
814;0
815;0
816;2
817;2
818;0
819;2
820;1
821;1
822;1
823;1
824;0
825;2
826;1
827;0
828;1
829;2
830;2
831;2
832;2
833;0
834;0
835;0
836;2
837;0
838;0
839;2
840;0
841;0
842;2
843;0
844;0
845;0
846;2
847;0
848;0
849;0
850;2
851;1
852;0
853;0
854;0
855;2
856;2
857;0
858;2
859;2
860;2
861;0
862;2
863;0
864;2
865;0
866;2
867;2
868;2
869;0
870;0
871;0
872;2
873;0
874;0
875;0
876;0
877;0
878;1
879;0
880;2
881;0
882;0
883;0
884;1
885;0
886;0
887;0
888;1
889;0
890;0
891;2
892;1
893;0
894;0
895;2
896;2
897;0
898;0
899;0
900;0
901;2
902;0
903;0
904;0
905;0
906;0
907;1
908;0
909;0
910;2
911;2
912;1
913;0
914;0
915;0
916;1
917;0
918;2
919;2
920;1
921;0
922;0
923;2
924;2
925;0
926;2
927;2
928;2
929;0
930;0
931;0
932;0
933;0
934;0
935;2
936;2
937;0
938;0
939;0
940;1
941;0
942;2
943;2
944;1
945;0
946;0
947;0
948;2
949;1
950;2
951;0
952;2
953;0
954;0
955;0
956;0
957;1
958;2
959;2
960;2
961;2
962;0
963;0
964;0
965;1
966;0
967;0
968;0
969;2
970;2
971;2
972;1
973;0
974;0
975;0
976;0
977;0
978;1
979;0
980;1
981;0
982;0
983;2
984;1
985;0
986;2
987;2
988;0
989;0
990;2
991;0
992;1
993;2
994;0
995;0
996;0
997;1
998;0
999;2
1000;0
1001;0
1002;0
1003;2
1004;0
1005;0
1006;0
1007;0
1008;0
1009;0
1010;0
1011;0
1012;1
1013;0
1014;0
1015;1
1016;0
1017;0
1018;0
1019;0
1020;0
1021;0
1022;0
1023;0
