0;1
1;0
2;0
3;2
4;4
5;0
6;2
7;2
8;2
9;2
10;2
11;0
12;2
13;0
14;0
15;0
16;0
17;1
18;0
19;0
20;0
21;0
22;2
23;2
24;1
25;2
26;0
27;0
28;2
29;0
30;0
31;2
32;0
33;0
34;0
35;0
36;0
37;0
38;0
39;0
40;0
41;0
42;1
43;0
44;2
45;1
46;0
47;0
48;0
49;0
50;0
51;0
52;0
53;0
54;0
55;1
56;0
57;2
58;0
59;2
60;0
61;0
62;0
63;0
64;0
65;0
66;1
67;0
68;0
69;0
70;2
71;2
72;1
73;2
74;0
75;0
76;0
77;0
78;2
79;0
80;2
81;0
82;2
83;1
84;4
85;2
86;0
87;0
88;0
89;0
90;2
91;2
92;2
93;1
94;0
95;0
96;0
97;0
98;0
99;0
100;0
101;0
102;0
103;0
104;0
105;0
106;0
107;0
108;0
109;0
110;0
111;0
112;0
113;0
114;0
115;0
116;0
117;0
118;1
119;0
120;0
121;1
122;0
123;2
124;2
125;1
126;2
127;0
128;0
129;0
130;2
131;0
132;0
133;2
134;0
135;2
136;0
137;0
138;2
139;2
140;1
141;0
142;2
143;0
144;0
145;0
146;0
147;0
148;0
149;0
150;0
151;2
152;2
153;0
154;1
155;0
156;0
157;1
158;0
159;0
160;0
161;0
162;1
163;0
164;1
165;0
166;0
167;2
168;2
169;0
170;2
171;2
172;1
173;0
174;2
175;0
176;2
177;0
178;0
179;0
180;0
181;0
182;0
183;1
184;0
185;0
186;0
187;2
188;0
189;0
190;0
191;2
192;0
193;0
194;2
195;0
196;0
197;1
198;0
199;0
200;1
201;0
202;0
203;1
204;2
205;2
206;2
207;1
208;2
209;0
210;2
211;0
212;2
213;0
214;0
215;2
216;1
217;0
218;0
219;0
220;0
221;2
222;0
223;0
224;1
225;0
226;0
227;0
228;1
229;2
230;2
231;1
232;0
233;0
234;0
235;0
236;0
237;0
238;0
239;0
240;0
241;2
242;2
243;2
244;2
245;2
246;0
247;0
248;0
249;0
250;2
251;2
252;2
253;0
254;0
255;1
256;1
257;0
258;2
259;1
260;0
261;0
262;2
263;0
264;1
265;0
266;0
267;0
268;0
269;0
270;0
271;0
272;0
273;1
274;0
275;0
276;0
277;0
278;0
279;0
280;2
281;0
282;0
283;1
284;0
285;0
286;0
287;0
288;0
289;0
290;0
291;0
292;0
293;0
294;0
295;0
296;0
297;0
298;0
299;0
300;2
301;0
302;0
303;0
304;1
305;0
306;0
307;2
308;1
309;0
310;0
311;2
312;2
313;0
314;2
315;2
316;0
317;0
318;0
319;0
320;2
321;0
322;0
323;0
324;0
325;2
326;1
327;1
328;4
329;0
330;0
331;0
332;0
333;2
334;2
335;2
336;2
337;1
338;2
339;0
340;2
341;1
342;0
343;0
344;0
345;0
346;0
347;0
348;0
349;0
350;0
351;0
352;0
353;0
354;0
355;2
356;0
357;0
358;0
359;0
360;0
361;0
362;0
363;0
364;0
365;0
366;0
367;0
368;4
369;0
370;0
371;0
372;2
373;2
374;2
375;2
376;1
377;1
378;0
379;0
380;2
381;0
382;0
383;0
384;0
385;0
386;0
387;0
388;1
389;1
390;0
391;0
392;0
393;1
394;2
395;2
396;1
397;0
398;0
399;0
400;0
401;2
402;0
403;2
404;0
405;2
406;1
407;0
408;0
409;0
410;0
411;0
412;0
413;0
414;2
415;2
416;1
417;0
418;0
419;2
420;0
421;0
422;2
423;2
424;2
425;0
426;2
427;0
428;0
429;0
430;2
431;0
432;2
433;0
434;2
435;2
436;2
437;0
438;2
439;0
440;2
441;0
442;0
443;0
444;1
445;2
446;0
447;0
448;0
449;0
450;0
451;2
452;1
453;0
454;2
455;0
456;2
457;0
458;0
459;2
460;2
461;0
462;0
463;0
464;2
465;2
466;0
467;0
468;0
469;0
470;0
471;0
472;0
473;0
474;2
475;1
476;2
477;0
478;0
479;0
480;0
481;0
482;0
483;0
484;2
485;1
486;0
487;2
488;2
489;0
490;0
491;1
492;0
493;2
494;0
495;0
496;0
497;0
498;0
499;0
500;0
501;1
502;1
503;1
504;0
505;1
506;0
507;0
508;0
509;2
510;2
511;1
512;0
513;0
514;0
515;0
516;0
517;0
518;0
519;1
520;0
521;0
522;0
523;0
524;0
525;0
526;2
527;2
528;0
529;0
530;0
531;2
532;0
533;0
534;0
535;2
536;2
537;2
538;2
539;2
540;2
541;2
542;2
543;0
544;2
545;0
546;2
547;0
548;2
549;2
550;0
551;0
552;1
553;0
554;2
555;1
556;0
557;0
558;0
559;2
560;1
561;0
562;0
563;1
564;0
565;0
566;0
567;0
568;2
569;2
570;2
571;0
572;0
573;1
574;0
575;2
576;0
577;0
578;0
579;1
580;0
581;0
582;2
583;1
584;0
585;0
586;0
587;0
588;0
589;0
590;0
591;0
592;0
593;0
594;0
595;0
596;2
597;2
598;2
599;2
600;1
601;0
602;0
603;2
604;2
605;0
606;1
607;0
608;2
609;0
610;0
611;0
612;0
613;1
614;0
615;0
616;2
617;2
618;1
619;0
620;2
621;0
622;1
623;0
624;1
625;0
626;2
627;0
628;0
629;0
630;0
631;1
632;0
633;2
634;1
635;1
636;0
637;0
638;1
639;0
640;2
641;0
642;0
643;0
644;0
645;0
646;1
647;2
648;2
649;2
650;0
651;0
652;0
653;0
654;0
655;0
656;0
657;0
658;0
659;0
660;2
661;0
662;0
663;2
664;1
665;1
666;0
667;0
668;0
669;1
670;0
671;0
672;0
673;2
674;0
675;1
676;0
677;0
678;0
679;0
680;1
681;0
682;0
683;0
684;0
685;0
686;0
687;1
688;0
689;0
690;0
691;0
692;0
693;0
694;2
695;2
696;0
697;0
698;0
699;2
700;2
701;0
702;2
703;1
704;0
705;0
706;2
707;0
708;0
709;1
710;0
711;0
712;1
713;0
714;0
715;2
716;0
717;1
718;0
719;0
720;0
721;0
722;0
723;0
724;0
725;0
726;0
727;2
728;0
729;0
730;1
731;0
732;1
733;0
734;0
735;1
736;0
737;0
738;2
739;2
740;2
741;2
742;0
743;0
744;0
745;0
746;0
747;0
748;1
749;0
750;1
751;0
752;0
753;2
754;1
755;0
756;0
757;0
758;0
759;1
760;0
761;0
762;0
763;0
764;1
765;0
766;0
767;1
768;0
769;0
770;0
771;0
772;0
773;2
774;0
775;0
776;1
777;0
778;0
779;0
780;0
781;2
782;2
783;2
784;0
785;0
786;0
787;0
788;0
789;0
790;0
791;0
792;0
793;0
794;0
795;2
796;0
797;1
798;0
799;1
800;0
801;0
802;2
803;1
804;0
805;0
806;0
807;0
808;4
809;0
810;2
811;1
812;0
813;0
814;0
815;0
816;2
817;2
818;2
819;2
820;0
821;0
822;0
823;0
824;2
825;0
826;2
827;2
828;0
829;0
830;2
831;0
832;0
833;0
834;0
835;0
836;0
837;1
838;0
839;0
840;1
841;0
842;1
843;0
844;1
845;0
846;0
847;0
848;4
849;0
850;2
851;1
852;0
853;0
854;2
855;0
856;2
857;0
858;0
859;0
860;0
861;0
862;1
863;0
864;0
865;0
866;0
867;0
868;0
869;0
870;0
871;0
872;0
873;0
874;2
875;0
876;1
877;1
878;0
879;0
880;2
881;0
882;0
883;0
884;0
885;2
886;0
887;2
888;0
889;2
890;0
891;2
892;0
893;0
894;2
895;1
896;0
897;1
898;0
899;2
900;2
901;0
902;0
903;0
904;0
905;0
906;0
907;1
908;0
909;0
910;1
911;0
912;2
913;2
914;1
915;0
916;1
917;0
918;1
919;0
920;2
921;1
922;2
923;0
924;1
925;0
926;0
927;2
928;0
929;0
930;0
931;2
932;2
933;2
934;0
935;0
936;0
937;2
938;1
939;0
940;0
941;0
942;2
943;0
944;2
945;1
946;0
947;0
948;0
949;0
950;2
951;0
952;2
953;0
954;2
955;0
956;0
957;0
958;0
959;0
960;0
961;0
962;0
963;0
964;0
965;0
966;0
967;0
968;0
969;2
970;0
971;0
972;0
973;2
974;0
975;2
976;2
977;1
978;1
979;0
980;2
981;2
982;1
983;2
984;2
985;0
986;0
987;0
988;0
989;0
990;0
991;0
992;0
993;0
994;2
995;2
996;1
997;0
998;0
999;0
1000;0
1001;0
1002;2
1003;0
1004;2
1005;0
1006;2
1007;0
1008;0
1009;1
1010;0
1011;0
1012;1
1013;1
1014;1
1015;0
1016;0
1017;0
1018;0
1019;0
1020;0
1021;0
1022;0
1023;0
