0;1
1;0
2;0
3;1
4;0
5;0
6;2
7;1
8;0
9;0
10;2
11;0
12;0
13;0
14;2
15;1
16;0
17;0
18;0
19;1
20;0
21;1
22;1
23;2
24;1
25;0
26;0
27;0
28;0
29;0
30;0
31;0
32;0
33;0
34;0
35;0
36;0
37;0
38;0
39;0
40;0
41;0
42;0
43;1
44;0
45;0
46;0
47;0
48;0
49;0
50;0
51;1
52;0
53;2
54;0
55;2
56;2
57;2
58;0
59;0
60;2
61;0
62;0
63;0
64;1
65;2
66;0
67;0
68;2
69;0
70;2
71;0
72;1
73;0
74;0
75;0
76;2
77;1
78;0
79;0
80;1
81;0
82;0
83;0
84;0
85;1
86;0
87;0
88;0
89;0
90;1
91;0
92;2
93;0
94;0
95;2
96;0
97;0
98;0
99;1
100;0
101;2
102;2
103;0
104;1
105;0
106;0
107;0
108;0
109;0
110;0
111;1
112;1
113;0
114;0
115;0
116;0
117;1
118;0
119;0
120;0
121;0
122;0
123;0
124;2
125;2
126;0
127;2
128;1
129;0
130;0
131;0
132;0
133;0
134;0
135;0
136;0
137;0
138;0
139;0
140;0
141;0
142;0
143;0
144;2
145;1
146;0
147;0
148;2
149;0
150;1
151;0
152;2
153;0
154;1
155;0
156;0
157;0
158;0
159;1
160;0
161;0
162;1
163;0
164;2
165;2
166;0
167;0
168;1
169;0
170;0
171;0
172;0
173;0
174;2
175;0
176;1
177;0
178;0
179;2
180;1
181;0
182;0
183;0
184;0
185;0
186;0
187;1
188;0
189;2
190;1
191;2
192;0
193;0
194;0
195;0
196;2
197;0
198;2
199;0
200;0
201;0
202;0
203;0
204;0
205;2
206;2
207;1
208;1
209;0
210;0
211;2
212;2
213;0
214;0
215;1
216;0
217;0
218;0
219;2
220;0
221;0
222;0
223;2
224;1
225;0
226;1
227;0
228;2
229;0
230;2
231;2
232;2
233;1
234;0
235;0
236;0
237;0
238;1
239;0
240;1
241;0
242;1
243;0
244;2
245;2
246;0
247;0
248;0
249;2
250;2
251;0
252;0
253;0
254;0
255;1
256;0
257;0
258;1
259;0
260;1
261;0
262;0
263;0
264;2
265;2
266;0
267;0
268;0
269;0
270;0
271;0
272;2
273;0
274;0
275;0
276;1
277;0
278;0
279;0
280;2
281;2
282;0
283;2
284;1
285;0
286;0
287;2
288;2
289;0
290;0
291;2
292;2
293;0
294;2
295;0
296;1
297;0
298;0
299;0
300;0
301;2
302;0
303;0
304;0
305;0
306;0
307;0
308;0
309;0
310;2
311;0
312;0
313;1
314;0
315;0
316;0
317;0
318;1
319;0
320;1
321;0
322;0
323;0
324;0
325;0
326;0
327;0
328;0
329;0
330;0
331;0
332;0
333;0
334;2
335;0
336;1
337;2
338;0
339;2
340;0
341;0
342;0
343;1
344;2
345;0
346;2
347;0
348;0
349;0
350;2
351;1
352;0
353;0
354;0
355;0
356;1
357;0
358;2
359;2
360;0
361;0
362;1
363;0
364;0
365;0
366;0
367;0
368;0
369;0
370;0
371;0
372;2
373;0
374;0
375;2
376;1
377;2
378;2
379;0
380;2
381;0
382;1
383;0
384;0
385;0
386;2
387;1
388;0
389;1
390;0
391;0
392;2
393;0
394;1
395;0
396;0
397;2
398;2
399;0
400;0
401;2
402;0
403;0
404;2
405;0
406;0
407;0
408;0
409;0
410;0
411;2
412;0
413;1
414;0
415;0
416;1
417;2
418;0
419;0
420;2
421;0
422;0
423;0
424;0
425;0
426;0
427;0
428;1
429;0
430;0
431;0
432;2
433;2
434;0
435;0
436;0
437;1
438;0
439;2
440;0
441;1
442;0
443;0
444;2
445;1
446;2
447;0
448;2
449;0
450;0
451;0
452;0
453;2
454;0
455;2
456;0
457;0
458;0
459;1
460;2
461;0
462;0
463;1
464;0
465;0
466;2
467;0
468;0
469;0
470;1
471;2
472;0
473;0
474;0
475;0
476;0
477;1
478;2
479;2
480;2
481;1
482;0
483;0
484;0
485;2
486;2
487;2
488;1
489;0
490;0
491;0
492;0
493;0
494;1
495;0
496;1
497;0
498;0
499;0
500;2
501;0
502;0
503;0
504;0
505;0
506;0
507;0
508;0
509;0
510;0
511;2
512;0
513;0
514;2
515;0
516;0
517;2
518;2
519;2
520;1
521;0
522;0
523;2
524;1
525;1
526;0
527;0
528;0
529;0
530;0
531;0
532;2
533;0
534;0
535;0
536;0
537;1
538;0
539;0
540;0
541;2
542;1
543;0
544;0
545;2
546;2
547;1
548;0
549;0
550;0
551;0
552;0
553;0
554;0
555;0
556;1
557;0
558;0
559;0
560;1
561;1
562;0
563;0
564;2
565;0
566;1
567;0
568;0
569;0
570;1
571;0
572;1
573;0
574;0
575;0
576;0
577;0
578;2
579;2
580;0
581;0
582;0
583;0
584;1
585;0
586;0
587;1
588;2
589;1
590;0
591;0
592;0
593;0
594;0
595;0
596;0
597;0
598;0
599;1
600;0
601;0
602;0
603;2
604;2
605;0
606;0
607;0
608;0
609;0
610;2
611;0
612;0
613;0
614;0
615;1
616;0
617;2
618;0
619;2
620;2
621;0
622;0
623;2
624;2
625;0
626;0
627;0
628;1
629;0
630;0
631;0
632;0
633;0
634;0
635;0
636;2
637;0
638;0
639;0
640;0
641;0
642;0
643;0
644;0
645;0
646;0
647;0
648;2
649;0
650;1
651;0
652;2
653;1
654;2
655;2
656;1
657;0
658;2
659;0
660;0
661;2
662;0
663;0
664;1
665;0
666;0
667;0
668;0
669;2
670;2
671;0
672;0
673;1
674;0
675;0
676;0
677;0
678;0
679;0
680;0
681;1
682;0
683;0
684;1
685;0
686;2
687;0
688;0
689;0
690;0
691;2
692;2
693;2
694;2
695;2
696;2
697;0
698;2
699;0
700;0
701;0
702;0
703;1
704;0
705;0
706;0
707;2
708;2
709;0
710;2
711;1
712;0
713;0
714;0
715;1
716;0
717;0
718;0
719;0
720;0
721;0
722;0
723;0
724;2
725;0
726;1
727;0
728;1
729;0
730;0
731;0
732;0
733;0
734;0
735;2
736;0
737;0
738;0
739;2
740;1
741;0
742;1
743;0
744;0
745;0
746;0
747;0
748;0
749;2
750;2
751;2
752;2
753;2
754;1
755;0
756;2
757;0
758;0
759;0
760;0
761;1
762;1
763;0
764;0
765;2
766;2
767;1
768;0
769;0
770;0
771;0
772;0
773;0
774;0
775;1
776;1
777;0
778;2
779;1
780;0
781;0
782;0
783;2
784;4
785;0
786;0
787;2
788;2
789;0
790;2
791;0
792;1
793;0
794;0
795;2
796;0
797;2
798;0
799;0
800;0
801;0
802;0
803;2
804;0
805;0
806;1
807;0
808;0
809;0
810;0
811;0
812;0
813;1
814;0
815;0
816;0
817;0
818;0
819;0
820;0
821;0
822;0
823;0
824;0
825;1
826;0
827;0
828;0
829;0
830;1
831;0
832;0
833;0
834;0
835;0
836;2
837;2
838;0
839;2
840;0
841;1
842;0
843;0
844;0
845;2
846;2
847;0
848;2
849;0
850;0
851;2
852;0
853;0
854;0
855;0
856;0
857;0
858;0
859;1
860;0
861;0
862;0
863;0
864;0
865;0
866;1
867;0
868;1
869;2
870;0
871;2
872;0
873;1
874;1
875;2
876;0
877;1
878;2
879;0
880;2
881;2
882;2
883;2
884;1
885;0
886;2
887;0
888;2
889;2
890;0
891;0
892;1
893;2
894;2
895;2
896;0
897;0
898;0
899;0
900;0
901;0
902;2
903;0
904;0
905;0
906;2
907;2
908;0
909;1
910;0
911;0
912;0
913;0
914;1
915;0
916;0
917;1
918;0
919;0
920;0
921;0
922;0
923;0
924;1
925;0
926;2
927;0
928;0
929;0
930;2
931;0
932;0
933;0
934;2
935;1
936;0
937;0
938;0
939;0
940;0
941;0
942;2
943;0
944;0
945;2
946;2
947;0
948;0
949;1
950;0
951;0
952;1
953;0
954;2
955;2
956;2
957;2
958;1
959;0
960;1
961;0
962;2
963;2
964;2
965;0
966;0
967;4
968;1
969;0
970;1
971;0
972;2
973;0
974;2
975;2
976;1
977;2
978;0
979;0
980;0
981;0
982;0
983;0
984;0
985;2
986;0
987;0
988;0
989;0
990;0
991;2
992;0
993;0
994;0
995;0
996;2
997;1
998;2
999;0
1000;0
1001;0
1002;0
1003;0
1004;0
1005;1
1006;0
1007;0
1008;1
1009;0
1010;0
1011;0
1012;0
1013;0
1014;0
1015;0
1016;0
1017;0
1018;0
1019;0
1020;0
1021;0
1022;0
1023;0
