0;0
1;0
2;0
3;2
4;2
5;0
6;2
7;2
8;2
9;0
10;2
11;0
12;0
13;0
14;2
15;0
16;2
17;0
18;2
19;1
20;0
21;1
22;1
23;0
24;0
25;2
26;0
27;2
28;2
29;0
30;0
31;0
32;0
33;0
34;0
35;0
36;0
37;0
38;0
39;0
40;0
41;0
42;0
43;1
44;0
45;2
46;0
47;0
48;0
49;0
50;1
51;1
52;0
53;2
54;0
55;0
56;0
57;2
58;0
59;2
60;1
61;0
62;0
63;0
64;2
65;0
66;0
67;0
68;2
69;0
70;0
71;0
72;1
73;0
74;0
75;0
76;0
77;2
78;2
79;0
80;1
81;2
82;0
83;0
84;0
85;0
86;1
87;0
88;0
89;1
90;1
91;0
92;1
93;0
94;0
95;2
96;0
97;2
98;1
99;1
100;0
101;0
102;2
103;0
104;0
105;0
106;0
107;0
108;0
109;0
110;0
111;1
112;0
113;0
114;0
115;0
116;0
117;1
118;0
119;0
120;0
121;0
122;0
123;0
124;0
125;0
126;0
127;2
128;2
129;0
130;0
131;0
132;0
133;0
134;0
135;2
136;0
137;0
138;0
139;0
140;0
141;0
142;0
143;0
144;2
145;1
146;0
147;0
148;1
149;2
150;2
151;1
152;2
153;0
154;0
155;0
156;0
157;0
158;0
159;2
160;0
161;0
162;2
163;2
164;0
165;0
166;2
167;2
168;4
169;0
170;2
171;2
172;2
173;0
174;0
175;0
176;2
177;2
178;1
179;0
180;1
181;2
182;1
183;0
184;0
185;0
186;1
187;0
188;0
189;0
190;0
191;2
192;2
193;0
194;2
195;1
196;0
197;0
198;0
199;0
200;0
201;0
202;2
203;0
204;0
205;2
206;0
207;2
208;2
209;0
210;1
211;0
212;0
213;0
214;0
215;0
216;1
217;0
218;0
219;2
220;1
221;0
222;0
223;1
224;0
225;0
226;2
227;0
228;0
229;0
230;1
231;2
232;0
233;0
234;0
235;0
236;1
237;0
238;1
239;0
240;0
241;0
242;1
243;0
244;2
245;1
246;0
247;0
248;0
249;0
250;0
251;1
252;0
253;0
254;0
255;0
256;0
257;0
258;0
259;0
260;0
261;0
262;0
263;0
264;1
265;2
266;0
267;1
268;0
269;0
270;0
271;2
272;0
273;0
274;0
275;0
276;2
277;2
278;0
279;0
280;0
281;0
282;0
283;0
284;2
285;0
286;0
287;0
288;2
289;1
290;0
291;0
292;1
293;0
294;0
295;0
296;1
297;0
298;2
299;0
300;0
301;0
302;0
303;0
304;0
305;2
306;2
307;0
308;0
309;0
310;1
311;0
312;0
313;0
314;0
315;0
316;0
317;0
318;1
319;0
320;1
321;0
322;0
323;1
324;0
325;0
326;0
327;0
328;0
329;0
330;0
331;2
332;1
333;0
334;0
335;1
336;0
337;0
338;2
339;2
340;4
341;0
342;0
343;0
344;0
345;0
346;0
347;0
348;1
349;0
350;2
351;1
352;0
353;2
354;0
355;0
356;0
357;2
358;2
359;2
360;0
361;0
362;2
363;1
364;0
365;0
366;0
367;0
368;0
369;0
370;0
371;1
372;2
373;1
374;0
375;2
376;1
377;2
378;0
379;0
380;0
381;1
382;0
383;1
384;0
385;0
386;0
387;0
388;0
389;0
390;1
391;0
392;0
393;0
394;2
395;0
396;2
397;2
398;2
399;1
400;2
401;0
402;0
403;2
404;0
405;0
406;0
407;2
408;2
409;0
410;1
411;0
412;0
413;0
414;0
415;0
416;1
417;2
418;0
419;0
420;2
421;0
422;0
423;0
424;0
425;0
426;1
427;0
428;1
429;0
430;2
431;0
432;0
433;0
434;0
435;2
436;0
437;0
438;2
439;0
440;2
441;0
442;0
443;0
444;0
445;1
446;0
447;0
448;0
449;2
450;0
451;0
452;0
453;1
454;0
455;0
456;1
457;1
458;0
459;0
460;0
461;1
462;2
463;0
464;2
465;0
466;0
467;2
468;0
469;2
470;0
471;1
472;0
473;0
474;2
475;0
476;1
477;0
478;0
479;0
480;0
481;0
482;2
483;0
484;0
485;2
486;1
487;0
488;0
489;0
490;1
491;0
492;0
493;0
494;2
495;4
496;2
497;0
498;0
499;0
500;2
501;2
502;2
503;2
504;0
505;0
506;0
507;0
508;0
509;0
510;0
511;0
512;2
513;0
514;0
515;0
516;2
517;0
518;0
519;0
520;2
521;0
522;0
523;0
524;0
525;0
526;0
527;0
528;0
529;0
530;0
531;0
532;0
533;2
534;2
535;2
536;1
537;0
538;0
539;1
540;0
541;1
542;0
543;0
544;0
545;0
546;1
547;0
548;2
549;0
550;0
551;0
552;0
553;0
554;0
555;0
556;0
557;2
558;2
559;2
560;2
561;2
562;2
563;2
564;1
565;0
566;0
567;0
568;0
569;0
570;0
571;0
572;1
573;0
574;0
575;0
576;1
577;2
578;0
579;4
580;0
581;0
582;1
583;0
584;2
585;0
586;2
587;2
588;1
589;0
590;0
591;0
592;0
593;0
594;2
595;0
596;1
597;0
598;0
599;0
600;0
601;0
602;0
603;0
604;0
605;0
606;0
607;0
608;0
609;0
610;0
611;0
612;0
613;0
614;0
615;0
616;0
617;0
618;0
619;2
620;2
621;0
622;0
623;0
624;2
625;0
626;2
627;0
628;0
629;0
630;0
631;0
632;0
633;2
634;0
635;0
636;1
637;0
638;1
639;0
640;2
641;2
642;0
643;0
644;0
645;0
646;0
647;0
648;0
649;1
650;1
651;0
652;0
653;1
654;0
655;0
656;0
657;0
658;0
659;0
660;0
661;0
662;2
663;0
664;0
665;1
666;1
667;0
668;2
669;0
670;1
671;0
672;1
673;0
674;2
675;0
676;2
677;2
678;0
679;0
680;0
681;0
682;0
683;0
684;0
685;2
686;2
687;0
688;0
689;0
690;0
691;0
692;0
693;0
694;0
695;0
696;0
697;1
698;1
699;0
700;1
701;1
702;0
703;0
704;2
705;0
706;0
707;2
708;0
709;2
710;2
711;1
712;1
713;0
714;1
715;0
716;2
717;0
718;2
719;0
720;0
721;0
722;0
723;1
724;2
725;0
726;1
727;0
728;0
729;0
730;0
731;0
732;0
733;2
734;2
735;1
736;0
737;1
738;0
739;2
740;1
741;0
742;0
743;2
744;4
745;0
746;2
747;2
748;2
749;0
750;0
751;0
752;1
753;0
754;0
755;4
756;2
757;1
758;2
759;2
760;2
761;0
762;2
763;1
764;0
765;0
766;0
767;0
768;0
769;0
770;1
771;0
772;0
773;0
774;2
775;2
776;2
777;0
778;2
779;0
780;0
781;0
782;0
783;1
784;0
785;0
786;0
787;1
788;0
789;0
790;0
791;2
792;0
793;2
794;0
795;0
796;0
797;0
798;0
799;2
800;0
801;0
802;2
803;2
804;0
805;0
806;0
807;0
808;0
809;0
810;0
811;0
812;0
813;0
814;0
815;0
816;0
817;0
818;2
819;2
820;1
821;0
822;0
823;2
824;2
825;0
826;2
827;2
828;0
829;2
830;1
831;0
832;2
833;0
834;0
835;0
836;0
837;0
838;1
839;0
840;0
841;1
842;2
843;0
844;2
845;0
846;0
847;0
848;0
849;1
850;0
851;0
852;2
853;0
854;0
855;0
856;2
857;0
858;0
859;2
860;0
861;0
862;0
863;0
864;0
865;0
866;0
867;1
868;0
869;0
870;0
871;2
872;0
873;0
874;0
875;0
876;2
877;0
878;1
879;0
880;0
881;1
882;0
883;0
884;0
885;2
886;2
887;0
888;1
889;0
890;2
891;1
892;0
893;0
894;2
895;0
896;2
897;0
898;0
899;0
900;0
901;2
902;0
903;0
904;0
905;0
906;0
907;2
908;0
909;0
910;0
911;0
912;0
913;0
914;0
915;2
916;0
917;1
918;0
919;0
920;0
921;0
922;0
923;0
924;0
925;1
926;0
927;0
928;0
929;0
930;0
931;0
932;0
933;0
934;1
935;0
936;0
937;0
938;0
939;0
940;0
941;1
942;1
943;0
944;0
945;0
946;2
947;0
948;0
949;0
950;0
951;0
952;0
953;2
954;0
955;0
956;0
957;1
958;2
959;2
960;2
961;2
962;2
963;2
964;0
965;0
966;2
967;2
968;2
969;2
970;2
971;2
972;2
973;0
974;0
975;1
976;0
977;0
978;0
979;2
980;2
981;2
982;1
983;0
984;1
985;0
986;0
987;0
988;2
989;0
990;0
991;0
992;0
993;2
994;0
995;0
996;0
997;2
998;0
999;2
1000;0
1001;0
1002;0
1003;0
1004;2
1005;1
1006;2
1007;0
1008;0
1009;0
1010;1
1011;0
1012;1
1013;1
1014;1
1015;0
1016;0
1017;0
1018;0
1019;0
1020;0
1021;0
1022;0
1023;0
