0;1
1;0
2;0
3;2
4;0
5;0
6;0
7;2
8;2
9;0
10;2
11;2
12;2
13;1
14;0
15;2
16;2
17;1
18;0
19;0
20;1
21;0
22;0
23;0
24;0
25;0
26;1
27;2
28;0
29;2
30;0
31;0
32;1
33;0
34;0
35;0
36;1
37;0
38;1
39;0
40;1
41;0
42;0
43;0
44;0
45;2
46;2
47;0
48;2
49;0
50;0
51;0
52;0
53;0
54;1
55;1
56;0
57;0
58;0
59;0
60;2
61;0
62;2
63;2
64;2
65;0
66;0
67;0
68;0
69;0
70;0
71;0
72;2
73;2
74;1
75;0
76;0
77;2
78;2
79;0
80;2
81;0
82;0
83;0
84;0
85;0
86;0
87;0
88;2
89;1
90;0
91;0
92;1
93;0
94;2
95;1
96;0
97;0
98;0
99;0
100;2
101;0
102;0
103;2
104;2
105;2
106;2
107;0
108;4
109;2
110;1
111;0
112;0
113;0
114;0
115;0
116;2
117;0
118;2
119;0
120;0
121;0
122;1
123;0
124;1
125;0
126;0
127;1
128;2
129;0
130;2
131;2
132;0
133;0
134;2
135;0
136;1
137;0
138;2
139;0
140;2
141;0
142;0
143;0
144;2
145;2
146;0
147;0
148;0
149;1
150;0
151;0
152;0
153;0
154;0
155;1
156;0
157;1
158;0
159;0
160;0
161;0
162;2
163;2
164;1
165;0
166;0
167;2
168;1
169;0
170;0
171;2
172;2
173;2
174;2
175;1
176;2
177;0
178;4
179;0
180;2
181;0
182;0
183;1
184;0
185;2
186;2
187;0
188;1
189;0
190;0
191;1
192;0
193;2
194;2
195;0
196;0
197;2
198;0
199;2
200;2
201;0
202;0
203;0
204;0
205;2
206;0
207;0
208;2
209;0
210;0
211;0
212;1
213;0
214;1
215;0
216;2
217;1
218;1
219;0
220;2
221;0
222;0
223;0
224;0
225;0
226;0
227;2
228;2
229;0
230;2
231;1
232;0
233;0
234;2
235;2
236;1
237;0
238;0
239;0
240;0
241;0
242;0
243;0
244;0
245;1
246;0
247;2
248;2
249;0
250;1
251;0
252;1
253;0
254;1
255;0
256;0
257;0
258;0
259;0
260;1
261;0
262;0
263;0
264;2
265;0
266;2
267;2
268;1
269;0
270;2
271;0
272;0
273;0
274;1
275;0
276;1
277;0
278;1
279;0
280;0
281;2
282;2
283;2
284;1
285;1
286;0
287;0
288;2
289;0
290;1
291;0
292;1
293;0
294;2
295;1
296;0
297;0
298;0
299;1
300;2
301;0
302;0
303;0
304;0
305;0
306;2
307;0
308;2
309;2
310;1
311;0
312;1
313;0
314;2
315;2
316;0
317;0
318;0
319;2
320;2
321;0
322;1
323;1
324;1
325;0
326;2
327;2
328;2
329;0
330;1
331;0
332;2
333;0
334;0
335;2
336;2
337;0
338;0
339;0
340;1
341;0
342;0
343;2
344;0
345;0
346;0
347;0
348;0
349;0
350;2
351;2
352;0
353;1
354;0
355;2
356;0
357;0
358;2
359;0
360;2
361;0
362;2
363;0
364;2
365;0
366;2
367;2
368;1
369;0
370;1
371;2
372;2
373;0
374;0
375;0
376;2
377;1
378;0
379;0
380;0
381;0
382;1
383;0
384;2
385;0
386;0
387;0
388;0
389;0
390;0
391;2
392;0
393;0
394;0
395;0
396;1
397;0
398;0
399;0
400;0
401;0
402;0
403;0
404;1
405;0
406;0
407;2
408;2
409;0
410;2
411;1
412;1
413;0
414;1
415;0
416;0
417;1
418;0
419;0
420;0
421;0
422;0
423;0
424;1
425;0
426;0
427;1
428;0
429;0
430;0
431;2
432;2
433;0
434;2
435;2
436;2
437;0
438;2
439;0
440;0
441;2
442;2
443;0
444;2
445;2
446;2
447;0
448;2
449;0
450;1
451;1
452;0
453;0
454;2
455;0
456;1
457;0
458;0
459;0
460;0
461;2
462;2
463;0
464;0
465;0
466;2
467;0
468;0
469;0
470;2
471;0
472;0
473;0
474;0
475;2
476;2
477;0
478;2
479;2
480;2
481;2
482;2
483;1
484;2
485;0
486;2
487;0
488;0
489;0
490;2
491;2
492;0
493;0
494;0
495;2
496;0
497;1
498;1
499;0
500;1
501;0
502;2
503;0
504;0
505;0
506;2
507;0
508;1
509;0
510;0
511;0
512;0
513;2
514;0
515;0
516;0
517;0
518;1
519;0
520;1
521;0
522;2
523;2
524;1
525;0
526;0
527;2
528;2
529;0
530;2
531;2
532;2
533;0
534;0
535;0
536;2
537;2
538;0
539;2
540;0
541;1
542;2
543;2
544;2
545;0
546;0
547;2
548;0
549;0
550;2
551;0
552;1
553;0
554;1
555;0
556;1
557;0
558;0
559;2
560;2
561;0
562;2
563;2
564;2
565;0
566;2
567;2
568;2
569;1
570;0
571;0
572;2
573;0
574;0
575;1
576;1
577;0
578;0
579;0
580;0
581;0
582;1
583;0
584;1
585;0
586;0
587;0
588;4
589;0
590;2
591;1
592;0
593;0
594;2
595;0
596;1
597;1
598;0
599;0
600;1
601;0
602;0
603;0
604;1
605;0
606;0
607;0
608;0
609;0
610;1
611;0
612;0
613;0
614;0
615;0
616;1
617;0
618;0
619;0
620;1
621;0
622;0
623;0
624;2
625;0
626;2
627;0
628;0
629;0
630;2
631;0
632;1
633;0
634;1
635;0
636;0
637;0
638;0
639;0
640;0
641;2
642;2
643;2
644;0
645;1
646;0
647;2
648;1
649;0
650;2
651;2
652;1
653;0
654;0
655;2
656;2
657;0
658;2
659;2
660;0
661;0
662;2
663;0
664;2
665;0
666;0
667;0
668;2
669;1
670;1
671;0
672;1
673;0
674;0
675;0
676;1
677;0
678;0
679;0
680;0
681;0
682;1
683;0
684;1
685;0
686;0
687;0
688;2
689;0
690;1
691;0
692;0
693;1
694;0
695;2
696;1
697;0
698;0
699;0
700;2
701;1
702;0
703;2
704;2
705;0
706;0
707;0
708;2
709;0
710;2
711;0
712;0
713;1
714;0
715;0
716;2
717;0
718;0
719;0
720;0
721;0
722;0
723;0
724;0
725;2
726;1
727;0
728;2
729;0
730;0
731;0
732;0
733;0
734;0
735;0
736;1
737;0
738;2
739;0
740;0
741;0
742;0
743;0
744;1
745;0
746;0
747;2
748;1
749;0
750;1
751;1
752;0
753;0
754;0
755;2
756;4
757;0
758;2
759;2
760;2
761;0
762;2
763;0
764;2
765;0
766;0
767;0
768;1
769;0
770;1
771;0
772;1
773;0
774;0
775;2
776;2
777;0
778;2
779;2
780;2
781;0
782;0
783;1
784;0
785;0
786;0
787;2
788;0
789;2
790;2
791;2
792;1
793;0
794;0
795;0
796;0
797;2
798;2
799;0
800;0
801;0
802;2
803;1
804;0
805;0
806;0
807;0
808;1
809;0
810;2
811;0
812;0
813;0
814;2
815;0
816;1
817;1
818;1
819;0
820;0
821;0
822;2
823;0
824;0
825;0
826;2
827;0
828;0
829;0
830;2
831;0
832;0
833;0
834;0
835;0
836;0
837;0
838;2
839;2
840;1
841;0
842;0
843;0
844;1
845;0
846;2
847;1
848;0
849;0
850;0
851;1
852;2
853;0
854;2
855;2
856;4
857;0
858;2
859;0
860;2
861;0
862;0
863;0
864;1
865;0
866;0
867;0
868;0
869;2
870;0
871;0
872;1
873;0
874;2
875;0
876;0
877;0
878;0
879;0
880;0
881;0
882;0
883;0
884;1
885;0
886;2
887;0
888;0
889;0
890;2
891;2
892;2
893;0
894;0
895;2
896;2
897;0
898;2
899;1
900;0
901;0
902;2
903;2
904;2
905;0
906;0
907;0
908;1
909;0
910;0
911;1
912;0
913;0
914;0
915;0
916;1
917;0
918;2
919;1
920;0
921;0
922;0
923;1
924;1
925;0
926;2
927;0
928;2
929;0
930;0
931;2
932;1
933;0
934;2
935;0
936;0
937;0
938;0
939;0
940;0
941;0
942;0
943;0
944;0
945;0
946;0
947;2
948;0
949;0
950;0
951;0
952;0
953;0
954;0
955;0
956;0
957;0
958;2
959;2
960;1
961;1
962;0
963;2
964;4
965;0
966;2
967;2
968;2
969;0
970;2
971;0
972;2
973;0
974;0
975;0
976;2
977;2
978;0
979;0
980;0
981;0
982;0
983;2
984;0
985;0
986;0
987;0
988;1
989;0
990;2
991;2
992;0
993;0
994;0
995;2
996;2
997;0
998;2
999;2
1000;2
1001;2
1002;2
1003;0
1004;2
1005;0
1006;0
1007;0
1008;1
1009;0
1010;1
1011;2
1012;1
1013;0
1014;0
1015;0
1016;0
1017;0
1018;0
1019;0
1020;0
1021;0
1022;0
1023;0
