0;1
1;0
2;0
3;0
4;2
5;0
6;2
7;2
8;2
9;0
10;2
11;0
12;2
13;1
14;0
15;0
16;0
17;0
18;0
19;2
20;2
21;0
22;0
23;0
24;0
25;2
26;1
27;2
28;0
29;0
30;0
31;1
32;0
33;0
34;1
35;0
36;0
37;0
38;0
39;0
40;0
41;1
42;0
43;0
44;0
45;1
46;0
47;0
48;2
49;0
50;0
51;0
52;0
53;2
54;0
55;0
56;1
57;0
58;2
59;2
60;1
61;0
62;0
63;0
64;1
65;2
66;2
67;2
68;1
69;0
70;0
71;0
72;2
73;0
74;0
75;2
76;2
77;2
78;2
79;1
80;0
81;0
82;0
83;2
84;2
85;0
86;0
87;2
88;2
89;1
90;2
91;0
92;2
93;0
94;0
95;2
96;0
97;0
98;0
99;0
100;2
101;1
102;0
103;1
104;0
105;0
106;1
107;1
108;0
109;0
110;0
111;0
112;0
113;0
114;0
115;0
116;0
117;0
118;0
119;0
120;0
121;0
122;0
123;0
124;2
125;0
126;0
127;0
128;1
129;0
130;0
131;2
132;1
133;0
134;0
135;2
136;1
137;0
138;2
139;1
140;0
141;0
142;0
143;0
144;1
145;2
146;0
147;0
148;1
149;0
150;0
151;0
152;0
153;0
154;2
155;1
156;0
157;0
158;0
159;0
160;0
161;0
162;0
163;0
164;2
165;0
166;0
167;1
168;0
169;2
170;2
171;0
172;1
173;0
174;2
175;0
176;2
177;0
178;0
179;0
180;0
181;0
182;0
183;0
184;2
185;0
186;0
187;0
188;0
189;0
190;0
191;2
192;0
193;0
194;2
195;2
196;1
197;0
198;0
199;2
200;2
201;0
202;2
203;2
204;2
205;0
206;2
207;2
208;0
209;2
210;2
211;1
212;0
213;0
214;0
215;0
216;0
217;1
218;0
219;2
220;4
221;0
222;2
223;1
224;1
225;0
226;2
227;0
228;1
229;0
230;0
231;0
232;0
233;0
234;0
235;0
236;0
237;0
238;0
239;0
240;0
241;0
242;0
243;0
244;0
245;0
246;0
247;2
248;0
249;2
250;1
251;0
252;2
253;1
254;0
255;1
256;0
257;0
258;0
259;0
260;0
261;2
262;1
263;0
264;0
265;0
266;2
267;0
268;1
269;0
270;0
271;2
272;1
273;0
274;0
275;1
276;2
277;0
278;2
279;1
280;0
281;0
282;2
283;0
284;2
285;0
286;0
287;1
288;0
289;0
290;2
291;2
292;2
293;0
294;0
295;0
296;0
297;0
298;0
299;0
300;0
301;0
302;0
303;2
304;0
305;0
306;0
307;0
308;1
309;0
310;0
311;1
312;0
313;0
314;0
315;0
316;2
317;1
318;0
319;1
320;2
321;0
322;2
323;0
324;0
325;2
326;1
327;0
328;2
329;0
330;2
331;1
332;0
333;0
334;0
335;2
336;2
337;0
338;2
339;0
340;2
341;0
342;2
343;2
344;1
345;0
346;0
347;0
348;1
349;0
350;0
351;0
352;2
353;2
354;0
355;1
356;0
357;2
358;0
359;1
360;0
361;0
362;0
363;1
364;0
365;1
366;1
367;0
368;0
369;0
370;0
371;0
372;1
373;0
374;2
375;0
376;2
377;2
378;2
379;2
380;2
381;0
382;0
383;1
384;0
385;0
386;1
387;0
388;1
389;0
390;1
391;0
392;0
393;0
394;0
395;0
396;1
397;0
398;0
399;2
400;4
401;0
402;2
403;2
404;2
405;0
406;0
407;0
408;2
409;0
410;0
411;1
412;0
413;0
414;0
415;1
416;0
417;2
418;0
419;0
420;2
421;0
422;0
423;0
424;0
425;0
426;0
427;0
428;2
429;0
430;2
431;1
432;0
433;0
434;0
435;0
436;2
437;1
438;0
439;0
440;2
441;0
442;0
443;0
444;0
445;0
446;0
447;0
448;0
449;2
450;1
451;0
452;1
453;0
454;0
455;2
456;1
457;0
458;0
459;0
460;4
461;0
462;2
463;2
464;2
465;0
466;0
467;0
468;1
469;0
470;0
471;0
472;0
473;0
474;2
475;0
476;1
477;0
478;0
479;2
480;2
481;2
482;2
483;2
484;2
485;0
486;2
487;0
488;0
489;0
490;0
491;0
492;0
493;1
494;0
495;2
496;0
497;2
498;0
499;2
500;0
501;1
502;0
503;0
504;2
505;0
506;0
507;0
508;0
509;0
510;2
511;0
512;0
513;0
514;0
515;2
516;0
517;0
518;2
519;0
520;0
521;0
522;0
523;0
524;0
525;0
526;0
527;0
528;0
529;0
530;1
531;0
532;0
533;0
534;2
535;2
536;1
537;0
538;0
539;1
540;0
541;0
542;2
543;2
544;2
545;0
546;2
547;0
548;0
549;0
550;0
551;0
552;2
553;1
554;0
555;0
556;1
557;0
558;0
559;1
560;0
561;0
562;2
563;0
564;0
565;0
566;0
567;0
568;0
569;0
570;2
571;2
572;2
573;0
574;0
575;2
576;2
577;0
578;0
579;2
580;2
581;0
582;2
583;2
584;2
585;0
586;2
587;1
588;0
589;0
590;0
591;1
592;0
593;0
594;0
595;2
596;0
597;0
598;0
599;0
600;2
601;0
602;0
603;0
604;2
605;2
606;2
607;2
608;1
609;0
610;0
611;1
612;0
613;0
614;0
615;1
616;2
617;0
618;2
619;0
620;0
621;0
622;2
623;0
624;1
625;0
626;0
627;0
628;0
629;0
630;2
631;0
632;0
633;2
634;0
635;1
636;2
637;0
638;1
639;0
640;0
641;0
642;1
643;2
644;2
645;1
646;0
647;2
648;2
649;0
650;0
651;0
652;0
653;0
654;1
655;0
656;0
657;0
658;1
659;0
660;0
661;0
662;2
663;2
664;0
665;0
666;0
667;2
668;1
669;0
670;0
671;2
672;1
673;0
674;0
675;1
676;0
677;0
678;2
679;0
680;2
681;0
682;2
683;2
684;1
685;0
686;0
687;0
688;0
689;2
690;0
691;0
692;0
693;2
694;1
695;0
696;2
697;2
698;2
699;2
700;1
701;2
702;0
703;0
704;0
705;0
706;0
707;1
708;0
709;2
710;0
711;2
712;2
713;2
714;2
715;0
716;0
717;0
718;0
719;2
720;1
721;0
722;2
723;2
724;2
725;0
726;0
727;0
728;2
729;0
730;0
731;0
732;0
733;2
734;2
735;0
736;0
737;2
738;0
739;0
740;0
741;1
742;1
743;0
744;0
745;0
746;0
747;1
748;0
749;0
750;0
751;0
752;0
753;0
754;0
755;0
756;0
757;0
758;1
759;0
760;1
761;1
762;0
763;2
764;1
765;0
766;2
767;2
768;2
769;1
770;0
771;0
772;1
773;0
774;2
775;0
776;2
777;0
778;0
779;1
780;0
781;1
782;0
783;0
784;0
785;0
786;0
787;0
788;0
789;1
790;0
791;2
792;1
793;0
794;2
795;0
796;0
797;0
798;0
799;2
800;1
801;0
802;2
803;0
804;2
805;0
806;2
807;0
808;0
809;1
810;0
811;0
812;1
813;0
814;0
815;0
816;0
817;2
818;2
819;0
820;1
821;0
822;2
823;1
824;0
825;0
826;0
827;2
828;4
829;0
830;2
831;2
832;2
833;0
834;0
835;0
836;2
837;2
838;2
839;1
840;0
841;0
842;2
843;1
844;0
845;0
846;0
847;2
848;0
849;0
850;2
851;2
852;0
853;0
854;2
855;0
856;0
857;0
858;2
859;1
860;0
861;0
862;0
863;0
864;0
865;2
866;0
867;0
868;0
869;0
870;0
871;2
872;0
873;0
874;0
875;1
876;0
877;0
878;0
879;2
880;1
881;0
882;0
883;2
884;2
885;0
886;2
887;2
888;2
889;0
890;0
891;0
892;0
893;2
894;0
895;1
896;0
897;0
898;0
899;0
900;0
901;2
902;2
903;1
904;0
905;0
906;0
907;2
908;2
909;0
910;2
911;2
912;2
913;0
914;2
915;0
916;2
917;2
918;0
919;2
920;2
921;0
922;2
923;2
924;0
925;0
926;0
927;1
928;0
929;0
930;0
931;0
932;2
933;2
934;0
935;0
936;0
937;2
938;1
939;0
940;1
941;0
942;0
943;0
944;0
945;2
946;0
947;2
948;1
949;0
950;0
951;0
952;1
953;0
954;0
955;1
956;1
957;0
958;2
959;0
960;1
961;0
962;0
963;0
964;1
965;1
966;0
967;0
968;2
969;0
970;0
971;0
972;0
973;2
974;0
975;0
976;0
977;0
978;0
979;0
980;0
981;1
982;1
983;2
984;1
985;0
986;1
987;0
988;1
989;2
990;0
991;0
992;2
993;0
994;0
995;0
996;0
997;0
998;2
999;0
1000;1
1001;1
1002;0
1003;0
1004;0
1005;0
1006;0
1007;0
1008;0
1009;0
1010;1
1011;0
1012;0
1013;0
1014;1
1015;0
1016;0
1017;0
1018;0
1019;0
1020;0
1021;0
1022;0
1023;0
