0;1
1;0
2;0
3;2
4;4
5;0
6;2
7;2
8;2
9;0
10;2
11;0
12;2
13;1
14;0
15;0
16;0
17;1
18;0
19;0
20;2
21;0
22;0
23;2
24;0
25;0
26;2
27;2
28;1
29;0
30;0
31;2
32;4
33;0
34;2
35;2
36;2
37;0
38;2
39;0
40;2
41;2
42;2
43;0
44;2
45;0
46;0
47;0
48;0
49;0
50;0
51;1
52;0
53;0
54;0
55;2
56;2
57;0
58;0
59;0
60;0
61;0
62;0
63;2
64;1
65;0
66;2
67;2
68;1
69;0
70;0
71;2
72;4
73;0
74;2
75;2
76;2
77;2
78;2
79;0
80;1
81;0
82;2
83;2
84;1
85;0
86;0
87;2
88;4
89;0
90;2
91;2
92;2
93;0
94;2
95;0
96;1
97;0
98;0
99;0
100;1
101;0
102;2
103;2
104;2
105;0
106;0
107;0
108;2
109;2
110;2
111;0
112;2
113;0
114;0
115;2
116;0
117;0
118;0
119;0
120;2
121;1
122;0
123;1
124;1
125;0
126;1
127;0
128;0
129;0
130;2
131;2
132;1
133;0
134;0
135;2
136;4
137;0
138;2
139;2
140;4
141;0
142;2
143;0
144;2
145;0
146;0
147;0
148;2
149;0
150;0
151;0
152;2
153;0
154;0
155;0
156;1
157;0
158;0
159;0
160;2
161;0
162;0
163;0
164;1
165;2
166;1
167;0
168;0
169;0
170;0
171;0
172;0
173;2
174;2
175;2
176;1
177;0
178;0
179;0
180;0
181;0
182;0
183;1
184;1
185;0
186;2
187;2
188;1
189;0
190;2
191;2
192;1
193;0
194;0
195;2
196;4
197;0
198;2
199;2
200;2
201;0
202;2
203;0
204;2
205;2
206;0
207;1
208;0
209;1
210;2
211;1
212;1
213;0
214;0
215;1
216;0
217;2
218;2
219;2
220;2
221;2
222;0
223;1
224;0
225;0
226;0
227;0
228;0
229;2
230;0
231;0
232;1
233;0
234;1
235;4
236;2
237;0
238;0
239;0
240;1
241;0
242;2
243;2
244;1
245;0
246;0
247;2
248;4
249;0
250;2
251;2
252;2
253;0
254;2
255;0
256;2
257;2
258;2
259;0
260;2
261;2
262;0
263;0
264;1
265;2
266;1
267;0
268;2
269;0
270;0
271;0
272;1
273;0
274;1
275;0
276;0
277;0
278;2
279;2
280;2
281;0
282;2
283;2
284;1
285;0
286;0
287;0
288;0
289;0
290;2
291;2
292;1
293;0
294;0
295;2
296;4
297;0
298;2
299;2
300;4
301;0
302;2
303;1
304;2
305;0
306;0
307;0
308;1
309;0
310;2
311;1
312;1
313;0
314;0
315;2
316;4
317;0
318;2
319;2
320;4
321;0
322;2
323;0
324;2
325;1
326;2
327;2
328;2
329;0
330;0
331;0
332;0
333;0
334;0
335;2
336;1
337;0
338;0
339;0
340;1
341;0
342;2
343;2
344;1
345;0
346;0
347;2
348;4
349;0
350;2
351;2
352;2
353;0
354;2
355;0
356;1
357;0
358;0
359;0
360;0
361;0
362;0
363;0
364;2
365;0
366;1
367;2
368;2
369;1
370;0
371;0
372;0
373;2
374;1
375;0
376;2
377;0
378;0
379;0
380;0
381;0
382;0
383;2
384;1
385;0
386;0
387;0
388;4
389;2
390;0
391;2
392;4
393;0
394;0
395;0
396;2
397;0
398;0
399;0
400;2
401;1
402;1
403;0
404;0
405;0
406;2
407;2
408;1
409;0
410;0
411;2
412;4
413;0
414;2
415;2
416;2
417;0
418;2
419;0
420;4
421;0
422;2
423;0
424;0
425;0
426;0
427;0
428;4
429;2
430;2
431;2
432;2
433;0
434;0
435;0
436;2
437;0
438;1
439;0
440;1
441;0
442;0
443;0
444;0
445;0
446;2
447;0
448;0
449;0
450;2
451;2
452;1
453;0
454;0
455;2
456;4
457;0
458;2
459;2
460;2
461;0
462;2
463;0
464;2
465;0
466;0
467;0
468;0
469;0
470;2
471;2
472;1
473;0
474;0
475;2
476;4
477;0
478;2
479;2
480;2
481;0
482;2
483;0
484;2
485;0
486;2
487;0
488;1
489;0
490;1
491;0
492;0
493;0
494;0
495;2
496;0
497;1
498;2
499;0
500;1
501;0
502;0
503;0
504;0
505;0
506;0
507;0
508;1
509;0
510;0
511;0
512;0
513;2
514;0
515;0
516;0
517;0
518;1
519;0
520;1
521;0
522;2
523;2
524;1
525;0
526;0
527;2
528;4
529;0
530;2
531;2
532;2
533;0
534;2
535;1
536;2
537;2
538;0
539;2
540;0
541;2
542;2
543;2
544;2
545;0
546;0
547;0
548;0
549;0
550;2
551;0
552;2
553;0
554;2
555;2
556;0
557;0
558;2
559;0
560;0
561;0
562;0
563;0
564;0
565;0
566;1
567;0
568;0
569;2
570;1
571;0
572;0
573;0
574;0
575;0
576;0
577;0
578;0
579;1
580;0
581;0
582;2
583;2
584;1
585;0
586;2
587;2
588;1
589;0
590;0
591;1
592;4
593;0
594;2
595;2
596;2
597;0
598;2
599;0
600;1
601;0
602;2
603;0
604;0
605;0
606;0
607;0
608;0
609;0
610;2
611;2
612;1
613;0
614;0
615;2
616;4
617;0
618;2
619;2
620;2
621;0
622;2
623;0
624;2
625;0
626;2
627;1
628;1
629;0
630;0
631;1
632;0
633;0
634;0
635;0
636;1
637;0
638;0
639;1
640;1
641;0
642;0
643;1
644;0
645;2
646;2
647;2
648;1
649;0
650;0
651;0
652;1
653;0
654;0
655;0
656;0
657;0
658;2
659;2
660;1
661;0
662;0
663;2
664;4
665;0
666;2
667;2
668;4
669;0
670;2
671;0
672;2
673;2
674;2
675;2
676;1
677;0
678;0
679;0
680;1
681;0
682;0
683;0
684;2
685;0
686;2
687;0
688;0
689;1
690;0
691;0
692;0
693;1
694;0
695;0
696;2
697;0
698;0
699;0
700;0
701;0
702;1
703;0
704;0
705;0
706;0
707;0
708;0
709;0
710;0
711;2
712;2
713;0
714;0
715;0
716;0
717;0
718;2
719;2
720;1
721;0
722;0
723;2
724;4
725;0
726;2
727;2
728;0
729;0
730;2
731;0
732;1
733;0
734;0
735;0
736;0
737;1
738;1
739;0
740;1
741;0
742;2
743;1
744;0
745;0
746;0
747;2
748;4
749;0
750;2
751;2
752;2
753;0
754;2
755;0
756;1
757;0
758;0
759;0
760;0
761;1
762;0
763;0
764;0
765;0
766;0
767;0
768;0
769;1
770;0
771;2
772;2
773;0
774;2
775;2
776;2
777;0
778;0
779;0
780;0
781;2
782;2
783;1
784;1
785;2
786;0
787;0
788;0
789;0
790;2
791;2
792;1
793;0
794;0
795;2
796;4
797;0
798;2
799;2
800;4
801;0
802;2
803;0
804;2
805;0
806;0
807;0
808;1
809;0
810;2
811;0
812;0
813;0
814;0
815;0
816;2
817;0
818;0
819;0
820;0
821;0
822;2
823;2
824;1
825;0
826;0
827;0
828;1
829;1
830;0
831;0
832;0
833;0
834;0
835;0
836;0
837;0
838;0
839;0
840;0
841;0
842;2
843;0
844;0
845;0
846;2
847;2
848;1
849;0
850;0
851;1
852;0
853;0
854;2
855;2
856;2
857;0
858;2
859;0
860;1
861;0
862;1
863;0
864;0
865;1
866;0
867;0
868;0
869;1
870;0
871;0
872;1
873;0
874;0
875;0
876;0
877;2
878;2
879;2
880;0
881;0
882;0
883;0
884;0
885;0
886;0
887;0
888;0
889;2
890;0
891;0
892;0
893;0
894;0
895;2
896;1
897;1
898;2
899;0
900;0
901;2
902;0
903;0
904;0
905;0
906;1
907;0
908;2
909;0
910;0
911;0
912;0
913;0
914;0
915;0
916;2
917;2
918;0
919;0
920;0
921;0
922;0
923;2
924;1
925;0
926;0
927;2
928;1
929;0
930;2
931;2
932;4
933;0
934;2
935;0
936;2
937;0
938;0
939;0
940;2
941;0
942;0
943;0
944;2
945;2
946;0
947;0
948;0
949;2
950;2
951;0
952;2
953;0
954;0
955;0
956;2
957;1
958;2
959;2
960;2
961;2
962;2
963;0
964;1
965;0
966;0
967;2
968;0
969;0
970;0
971;0
972;0
973;2
974;2
975;0
976;0
977;0
978;0
979;0
980;0
981;1
982;0
983;2
984;1
985;0
986;1
987;0
988;0
989;0
990;0
991;0
992;1
993;0
994;0
995;0
996;0
997;0
998;0
999;2
1000;1
1001;0
1002;0
1003;2
1004;1
1005;2
1006;2
1007;2
1008;2
1009;0
1010;2
1011;0
1012;1
1013;0
1014;0
1015;1
1016;0
1017;0
1018;0
1019;0
1020;0
1021;0
1022;0
1023;0
