0;1
1;0
2;0
3;2
4;4
5;0
6;2
7;2
8;2
9;0
10;2
11;1
12;1
13;0
14;0
15;0
16;0
17;0
18;2
19;2
20;2
21;2
22;0
23;2
24;0
25;0
26;0
27;0
28;2
29;0
30;0
31;0
32;2
33;0
34;2
35;0
36;2
37;1
38;1
39;0
40;1
41;0
42;2
43;2
44;2
45;0
46;1
47;0
48;0
49;2
50;0
51;2
52;2
53;0
54;0
55;0
56;0
57;0
58;0
59;0
60;0
61;0
62;0
63;0
64;0
65;0
66;0
67;0
68;0
69;0
70;1
71;0
72;0
73;0
74;0
75;1
76;2
77;2
78;2
79;2
80;2
81;0
82;0
83;0
84;0
85;0
86;0
87;0
88;1
89;0
90;0
91;2
92;2
93;2
94;2
95;0
96;1
97;0
98;0
99;0
100;0
101;0
102;1
103;2
104;2
105;0
106;0
107;1
108;0
109;2
110;0
111;1
112;0
113;2
114;1
115;1
116;2
117;2
118;0
119;0
120;0
121;0
122;2
123;1
124;2
125;2
126;0
127;2
128;0
129;1
130;0
131;2
132;0
133;0
134;0
135;2
136;0
137;0
138;2
139;1
140;2
141;0
142;2
143;0
144;2
145;0
146;0
147;0
148;0
149;0
150;0
151;0
152;1
153;1
154;1
155;2
156;2
157;0
158;1
159;0
160;1
161;0
162;0
163;0
164;1
165;0
166;0
167;0
168;1
169;0
170;2
171;1
172;0
173;0
174;1
175;0
176;1
177;1
178;0
179;0
180;1
181;0
182;2
183;0
184;1
185;0
186;1
187;0
188;0
189;0
190;0
191;0
192;2
193;2
194;0
195;0
196;1
197;0
198;2
199;2
200;1
201;0
202;0
203;1
204;1
205;0
206;0
207;2
208;0
209;0
210;0
211;0
212;2
213;1
214;0
215;0
216;0
217;0
218;0
219;0
220;2
221;2
222;0
223;0
224;2
225;2
226;2
227;2
228;0
229;0
230;1
231;1
232;0
233;0
234;0
235;0
236;0
237;2
238;0
239;0
240;0
241;2
242;1
243;2
244;2
245;0
246;1
247;0
248;0
249;2
250;0
251;2
252;2
253;0
254;1
255;0
256;0
257;0
258;1
259;0
260;0
261;0
262;1
263;0
264;0
265;0
266;2
267;0
268;0
269;1
270;0
271;0
272;0
273;0
274;0
275;2
276;2
277;0
278;0
279;0
280;2
281;2
282;0
283;0
284;1
285;0
286;0
287;0
288;0
289;0
290;0
291;0
292;1
293;0
294;0
295;0
296;2
297;0
298;0
299;1
300;0
301;1
302;1
303;0
304;0
305;0
306;1
307;0
308;2
309;1
310;0
311;0
312;1
313;0
314;1
315;0
316;0
317;0
318;0
319;0
320;0
321;1
322;0
323;2
324;0
325;0
326;1
327;2
328;2
329;0
330;2
331;0
332;2
333;0
334;1
335;0
336;1
337;0
338;0
339;0
340;2
341;0
342;0
343;0
344;2
345;0
346;0
347;0
348;0
349;0
350;2
351;2
352;2
353;0
354;0
355;2
356;2
357;2
358;2
359;0
360;1
361;0
362;1
363;0
364;0
365;0
366;0
367;0
368;0
369;0
370;0
371;0
372;2
373;0
374;2
375;0
376;0
377;0
378;0
379;0
380;0
381;0
382;0
383;0
384;0
385;0
386;0
387;0
388;0
389;0
390;0
391;0
392;1
393;0
394;0
395;0
396;2
397;0
398;0
399;2
400;2
401;0
402;0
403;0
404;0
405;0
406;1
407;0
408;2
409;0
410;2
411;0
412;1
413;0
414;1
415;2
416;0
417;0
418;0
419;0
420;0
421;2
422;0
423;2
424;2
425;2
426;0
427;1
428;0
429;0
430;0
431;0
432;0
433;0
434;0
435;1
436;0
437;0
438;0
439;2
440;2
441;1
442;0
443;0
444;0
445;2
446;2
447;0
448;1
449;2
450;0
451;2
452;0
453;0
454;0
455;0
456;0
457;0
458;2
459;2
460;2
461;0
462;1
463;0
464;1
465;0
466;0
467;0
468;0
469;0
470;0
471;0
472;2
473;0
474;0
475;2
476;0
477;0
478;0
479;0
480;1
481;0
482;0
483;0
484;1
485;1
486;0
487;0
488;0
489;0
490;0
491;0
492;1
493;0
494;0
495;0
496;1
497;0
498;2
499;2
500;2
501;2
502;0
503;0
504;0
505;0
506;2
507;2
508;1
509;1
510;0
511;2
512;2
513;0
514;2
515;2
516;2
517;0
518;0
519;2
520;2
521;2
522;0
523;2
524;0
525;0
526;0
527;0
528;0
529;0
530;0
531;0
532;1
533;0
534;2
535;1
536;0
537;0
538;0
539;0
540;1
541;0
542;0
543;0
544;0
545;2
546;2
547;2
548;1
549;0
550;2
551;0
552;2
553;1
554;2
555;0
556;4
557;0
558;0
559;2
560;2
561;0
562;0
563;0
564;1
565;0
566;0
567;0
568;0
569;0
570;0
571;0
572;2
573;0
574;0
575;0
576;1
577;0
578;0
579;0
580;0
581;0
582;0
583;0
584;2
585;0
586;0
587;2
588;1
589;0
590;0
591;0
592;0
593;0
594;0
595;2
596;2
597;0
598;0
599;0
600;2
601;0
602;0
603;0
604;2
605;0
606;1
607;0
608;0
609;0
610;1
611;0
612;1
613;0
614;2
615;2
616;1
617;0
618;0
619;0
620;2
621;1
622;1
623;0
624;1
625;0
626;0
627;0
628;0
629;0
630;0
631;0
632;0
633;0
634;0
635;0
636;2
637;0
638;0
639;2
640;0
641;0
642;0
643;0
644;0
645;0
646;1
647;0
648;0
649;0
650;0
651;0
652;0
653;0
654;0
655;0
656;2
657;0
658;2
659;2
660;0
661;0
662;0
663;0
664;0
665;2
666;0
667;2
668;1
669;0
670;2
671;2
672;2
673;0
674;0
675;0
676;0
677;0
678;0
679;0
680;0
681;1
682;0
683;0
684;0
685;0
686;0
687;2
688;0
689;0
690;2
691;0
692;0
693;0
694;1
695;0
696;0
697;0
698;0
699;0
700;0
701;0
702;0
703;0
704;0
705;2
706;0
707;0
708;0
709;1
710;0
711;0
712;0
713;0
714;0
715;2
716;2
717;0
718;1
719;1
720;1
721;0
722;0
723;0
724;0
725;0
726;2
727;0
728;0
729;0
730;2
731;0
732;0
733;0
734;0
735;0
736;0
737;0
738;0
739;0
740;0
741;0
742;1
743;0
744;0
745;0
746;0
747;0
748;0
749;2
750;2
751;0
752;0
753;0
754;1
755;0
756;0
757;0
758;2
759;0
760;0
761;0
762;0
763;0
764;0
765;1
766;0
767;1
768;0
769;0
770;0
771;2
772;0
773;0
774;0
775;0
776;0
777;0
778;0
779;0
780;0
781;2
782;0
783;0
784;1
785;2
786;2
787;2
788;1
789;0
790;2
791;2
792;1
793;0
794;0
795;0
796;4
797;0
798;2
799;0
800;0
801;0
802;0
803;0
804;2
805;0
806;2
807;0
808;0
809;0
810;0
811;0
812;0
813;0
814;0
815;0
816;0
817;0
818;0
819;2
820;0
821;0
822;1
823;2
824;0
825;0
826;0
827;0
828;0
829;0
830;1
831;2
832;0
833;2
834;1
835;0
836;1
837;0
838;2
839;1
840;0
841;1
842;1
843;0
844;2
845;0
846;0
847;0
848;1
849;0
850;0
851;0
852;0
853;1
854;0
855;0
856;0
857;0
858;0
859;0
860;1
861;0
862;0
863;0
864;0
865;0
866;0
867;0
868;0
869;1
870;1
871;0
872;1
873;1
874;0
875;0
876;0
877;0
878;0
879;2
880;0
881;0
882;0
883;0
884;1
885;1
886;1
887;1
888;1
889;0
890;0
891;2
892;0
893;0
894;1
895;0
896;2
897;0
898;0
899;0
900;2
901;2
902;0
903;0
904;0
905;0
906;0
907;0
908;0
909;0
910;0
911;1
912;0
913;0
914;2
915;1
916;2
917;0
918;1
919;0
920;0
921;0
922;2
923;2
924;1
925;0
926;1
927;0
928;0
929;0
930;2
931;2
932;0
933;2
934;0
935;0
936;1
937;0
938;0
939;0
940;0
941;0
942;0
943;0
944;1
945;1
946;0
947;0
948;1
949;2
950;2
951;0
952;2
953;0
954;1
955;0
956;1
957;2
958;0
959;0
960;0
961;0
962;2
963;1
964;0
965;0
966;0
967;2
968;0
969;0
970;0
971;0
972;0
973;0
974;0
975;2
976;0
977;0
978;0
979;0
980;1
981;0
982;0
983;0
984;0
985;0
986;1
987;0
988;1
989;0
990;0
991;2
992;1
993;2
994;2
995;1
996;0
997;0
998;2
999;2
1000;2
1001;0
1002;0
1003;0
1004;0
1005;2
1006;0
1007;1
1008;2
1009;0
1010;2
1011;2
1012;0
1013;0
1014;0
1015;1
1016;0
1017;0
1018;0
1019;0
1020;0
1021;0
1022;0
1023;0
