0;0
1;0
2;0
3;2
4;4
5;0
6;2
7;2
8;0
9;0
10;2
11;0
12;2
13;0
14;0
15;0
16;0
17;2
18;1
19;0
20;0
21;0
22;2
23;1
24;0
25;0
26;2
27;2
28;1
29;0
30;2
31;2
32;0
33;0
34;0
35;0
36;0
37;0
38;0
39;0
40;0
41;2
42;0
43;0
44;2
45;0
46;0
47;2
48;0
49;0
50;0
51;0
52;2
53;0
54;0
55;0
56;0
57;1
58;0
59;2
60;1
61;0
62;1
63;0
64;0
65;0
66;0
67;1
68;0
69;0
70;2
71;2
72;1
73;0
74;0
75;0
76;0
77;1
78;2
79;0
80;2
81;0
82;0
83;0
84;1
85;0
86;2
87;2
88;0
89;0
90;0
91;2
92;2
93;0
94;0
95;0
96;0
97;0
98;2
99;0
100;1
101;0
102;0
103;0
104;0
105;0
106;2
107;1
108;0
109;0
110;0
111;1
112;0
113;0
114;2
115;0
116;0
117;0
118;0
119;0
120;0
121;2
122;0
123;0
124;0
125;0
126;0
127;0
128;0
129;0
130;0
131;1
132;0
133;1
134;1
135;0
136;1
137;0
138;0
139;0
140;1
141;0
142;2
143;2
144;2
145;0
146;0
147;0
148;0
149;2
150;2
151;2
152;1
153;0
154;2
155;0
156;1
157;0
158;0
159;0
160;0
161;0
162;0
163;0
164;0
165;0
166;0
167;0
168;2
169;0
170;0
171;1
172;0
173;0
174;0
175;0
176;0
177;0
178;0
179;0
180;0
181;0
182;1
183;0
184;2
185;0
186;0
187;0
188;2
189;0
190;0
191;1
192;0
193;0
194;0
195;1
196;1
197;0
198;0
199;0
200;2
201;0
202;2
203;2
204;0
205;2
206;0
207;1
208;0
209;0
210;0
211;2
212;2
213;2
214;2
215;1
216;0
217;0
218;2
219;0
220;0
221;0
222;0
223;0
224;0
225;0
226;0
227;0
228;1
229;0
230;0
231;0
232;1
233;2
234;2
235;1
236;0
237;0
238;0
239;2
240;0
241;0
242;0
243;0
244;0
245;1
246;0
247;2
248;0
249;0
250;2
251;0
252;0
253;0
254;2
255;2
256;1
257;0
258;2
259;2
260;2
261;0
262;0
263;2
264;2
265;0
266;2
267;2
268;1
269;0
270;2
271;0
272;1
273;0
274;1
275;0
276;1
277;0
278;2
279;1
280;0
281;0
282;0
283;0
284;0
285;2
286;1
287;0
288;0
289;0
290;0
291;0
292;2
293;1
294;1
295;0
296;1
297;0
298;0
299;0
300;1
301;0
302;0
303;1
304;0
305;0
306;1
307;0
308;0
309;0
310;0
311;1
312;0
313;0
314;0
315;0
316;0
317;0
318;0
319;2
320;1
321;0
322;0
323;0
324;0
325;0
326;0
327;0
328;0
329;0
330;1
331;0
332;0
333;0
334;0
335;0
336;0
337;0
338;1
339;0
340;0
341;0
342;0
343;1
344;1
345;0
346;2
347;1
348;0
349;0
350;2
351;0
352;2
353;1
354;0
355;2
356;2
357;1
358;0
359;0
360;0
361;0
362;0
363;1
364;0
365;0
366;0
367;1
368;0
369;2
370;0
371;2
372;2
373;0
374;0
375;0
376;0
377;0
378;0
379;1
380;0
381;0
382;1
383;0
384;4
385;0
386;0
387;0
388;2
389;2
390;2
391;2
392;2
393;0
394;1
395;0
396;2
397;1
398;0
399;0
400;0
401;0
402;0
403;0
404;0
405;0
406;0
407;1
408;0
409;0
410;2
411;1
412;0
413;1
414;0
415;0
416;0
417;0
418;0
419;0
420;0
421;0
422;2
423;2
424;2
425;0
426;0
427;2
428;0
429;0
430;0
431;0
432;0
433;0
434;2
435;1
436;0
437;0
438;2
439;0
440;0
441;2
442;2
443;2
444;2
445;0
446;2
447;0
448;2
449;0
450;0
451;0
452;1
453;2
454;0
455;0
456;0
457;0
458;2
459;2
460;1
461;0
462;2
463;0
464;2
465;0
466;0
467;0
468;0
469;0
470;0
471;0
472;0
473;0
474;0
475;1
476;0
477;0
478;0
479;0
480;0
481;0
482;0
483;1
484;0
485;0
486;0
487;1
488;0
489;1
490;0
491;0
492;2
493;2
494;1
495;0
496;2
497;0
498;0
499;4
500;2
501;2
502;0
503;1
504;0
505;0
506;2
507;1
508;0
509;0
510;0
511;2
512;1
513;0
514;2
515;2
516;0
517;0
518;2
519;2
520;2
521;0
522;2
523;0
524;2
525;2
526;2
527;1
528;0
529;0
530;0
531;0
532;0
533;0
534;2
535;1
536;0
537;0
538;0
539;0
540;0
541;0
542;0
543;0
544;0
545;0
546;0
547;1
548;0
549;0
550;2
551;0
552;0
553;0
554;0
555;0
556;2
557;0
558;2
559;2
560;2
561;0
562;2
563;0
564;2
565;1
566;0
567;2
568;2
569;1
570;0
571;0
572;1
573;0
574;1
575;0
576;1
577;0
578;0
579;1
580;0
581;0
582;0
583;0
584;0
585;0
586;0
587;0
588;0
589;0
590;0
591;1
592;0
593;0
594;0
595;0
596;0
597;0
598;0
599;0
600;2
601;0
602;0
603;0
604;2
605;0
606;0
607;2
608;0
609;0
610;1
611;0
612;0
613;0
614;0
615;1
616;0
617;2
618;2
619;0
620;0
621;0
622;0
623;2
624;2
625;0
626;2
627;1
628;0
629;0
630;1
631;0
632;1
633;0
634;0
635;0
636;2
637;2
638;0
639;0
640;2
641;0
642;0
643;0
644;0
645;2
646;2
647;0
648;0
649;2
650;0
651;1
652;2
653;2
654;2
655;1
656;0
657;0
658;0
659;0
660;2
661;0
662;0
663;0
664;0
665;0
666;0
667;1
668;0
669;1
670;0
671;2
672;2
673;0
674;0
675;1
676;0
677;0
678;0
679;0
680;2
681;0
682;0
683;2
684;2
685;0
686;0
687;0
688;0
689;2
690;2
691;1
692;0
693;0
694;0
695;1
696;1
697;0
698;0
699;0
700;1
701;0
702;2
703;2
704;1
705;0
706;0
707;1
708;2
709;0
710;0
711;1
712;0
713;0
714;0
715;0
716;0
717;0
718;0
719;0
720;0
721;0
722;0
723;0
724;0
725;0
726;1
727;0
728;0
729;0
730;0
731;0
732;1
733;0
734;0
735;0
736;0
737;0
738;1
739;0
740;0
741;0
742;0
743;0
744;2
745;0
746;0
747;0
748;0
749;0
750;0
751;1
752;0
753;0
754;0
755;1
756;0
757;0
758;1
759;0
760;2
761;1
762;0
763;0
764;0
765;0
766;0
767;0
768;2
769;1
770;1
771;0
772;0
773;2
774;2
775;2
776;2
777;0
778;0
779;1
780;0
781;0
782;0
783;0
784;1
785;0
786;0
787;0
788;0
789;0
790;2
791;0
792;0
793;2
794;2
795;2
796;0
797;0
798;0
799;0
800;0
801;2
802;0
803;0
804;2
805;1
806;0
807;1
808;0
809;0
810;0
811;1
812;0
813;0
814;2
815;0
816;0
817;2
818;0
819;1
820;0
821;2
822;0
823;0
824;1
825;0
826;0
827;2
828;1
829;0
830;2
831;0
832;2
833;2
834;2
835;2
836;0
837;0
838;0
839;0
840;0
841;0
842;0
843;0
844;0
845;2
846;1
847;0
848;2
849;0
850;2
851;2
852;1
853;0
854;0
855;1
856;4
857;0
858;2
859;0
860;2
861;0
862;2
863;0
864;2
865;0
866;0
867;0
868;0
869;0
870;1
871;0
872;1
873;0
874;0
875;0
876;1
877;0
878;0
879;0
880;0
881;0
882;2
883;2
884;1
885;0
886;0
887;0
888;1
889;0
890;0
891;1
892;0
893;2
894;0
895;2
896;0
897;0
898;1
899;1
900;0
901;0
902;0
903;0
904;2
905;2
906;0
907;0
908;2
909;0
910;0
911;0
912;0
913;0
914;0
915;1
916;0
917;0
918;0
919;0
920;2
921;2
922;0
923;0
924;1
925;0
926;0
927;0
928;0
929;1
930;2
931;0
932;2
933;0
934;0
935;0
936;0
937;1
938;0
939;2
940;2
941;0
942;2
943;0
944;0
945;1
946;0
947;0
948;2
949;2
950;1
951;0
952;1
953;2
954;0
955;0
956;0
957;0
958;0
959;0
960;1
961;0
962;2
963;0
964;0
965;0
966;2
967;2
968;0
969;0
970;0
971;0
972;0
973;0
974;0
975;0
976;0
977;2
978;2
979;1
980;0
981;1
982;0
983;2
984;0
985;0
986;1
987;0
988;0
989;0
990;1
991;0
992;0
993;0
994;0
995;1
996;0
997;0
998;0
999;0
1000;0
1001;0
1002;1
1003;0
1004;2
1005;0
1006;0
1007;0
1008;1
1009;2
1010;2
1011;2
1012;0
1013;0
1014;0
1015;0
1016;0
1017;0
1018;0
1019;0
1020;0
1021;0
1022;0
1023;0
