0;0
1;0
2;2
3;2
4;4
5;2
6;2
7;2
8;2
9;0
10;0
11;0
12;2
13;1
14;0
15;2
16;0
17;1
18;0
19;0
20;0
21;0
22;0
23;2
24;0
25;0
26;2
27;2
28;1
29;0
30;0
31;2
32;2
33;0
34;2
35;2
36;2
37;0
38;2
39;0
40;0
41;0
42;2
43;2
44;0
45;2
46;1
47;0
48;0
49;0
50;0
51;1
52;0
53;0
54;0
55;2
56;2
57;0
58;0
59;0
60;0
61;2
62;1
63;0
64;0
65;0
66;2
67;2
68;1
69;0
70;0
71;2
72;2
73;0
74;2
75;1
76;0
77;0
78;0
79;0
80;1
81;0
82;2
83;2
84;1
85;0
86;0
87;2
88;1
89;2
90;2
91;2
92;2
93;0
94;0
95;0
96;1
97;0
98;0
99;0
100;1
101;0
102;1
103;0
104;0
105;0
106;0
107;0
108;2
109;2
110;2
111;0
112;1
113;0
114;0
115;0
116;0
117;0
118;0
119;0
120;2
121;1
122;0
123;0
124;1
125;0
126;1
127;0
128;0
129;0
130;0
131;1
132;1
133;0
134;0
135;2
136;2
137;0
138;0
139;2
140;2
141;0
142;0
143;2
144;2
145;0
146;0
147;0
148;0
149;0
150;0
151;0
152;0
153;0
154;0
155;0
156;1
157;0
158;0
159;0
160;2
161;0
162;0
163;0
164;1
165;2
166;0
167;0
168;0
169;0
170;0
171;0
172;0
173;1
174;0
175;1
176;1
177;0
178;0
179;0
180;0
181;0
182;0
183;0
184;0
185;0
186;0
187;2
188;1
189;0
190;2
191;2
192;1
193;0
194;0
195;1
196;0
197;0
198;2
199;2
200;2
201;0
202;0
203;0
204;1
205;0
206;0
207;1
208;0
209;2
210;0
211;1
212;1
213;0
214;0
215;1
216;0
217;0
218;0
219;2
220;2
221;2
222;0
223;1
224;0
225;0
226;0
227;0
228;2
229;0
230;0
231;0
232;1
233;0
234;2
235;1
236;0
237;1
238;0
239;0
240;0
241;2
242;1
243;0
244;0
245;0
246;0
247;2
248;0
249;0
250;2
251;2
252;2
253;0
254;2
255;0
256;2
257;2
258;1
259;0
260;2
261;0
262;0
263;0
264;1
265;0
266;1
267;0
268;2
269;0
270;0
271;0
272;1
273;0
274;2
275;0
276;0
277;0
278;1
279;0
280;2
281;0
282;0
283;2
284;1
285;0
286;0
287;0
288;2
289;0
290;0
291;2
292;0
293;0
294;0
295;2
296;0
297;0
298;2
299;2
300;2
301;0
302;0
303;0
304;2
305;1
306;0
307;0
308;0
309;0
310;2
311;1
312;0
313;0
314;0
315;2
316;2
317;0
318;2
319;2
320;2
321;0
322;2
323;0
324;1
325;0
326;2
327;2
328;2
329;0
330;0
331;0
332;0
333;0
334;0
335;2
336;0
337;0
338;0
339;0
340;0
341;0
342;0
343;0
344;0
345;0
346;0
347;2
348;2
349;0
350;2
351;1
352;0
353;0
354;0
355;0
356;1
357;0
358;0
359;0
360;0
361;0
362;0
363;0
364;0
365;0
366;0
367;2
368;1
369;1
370;0
371;1
372;0
373;2
374;1
375;0
376;2
377;0
378;0
379;0
380;0
381;0
382;2
383;2
384;1
385;0
386;0
387;0
388;0
389;2
390;0
391;2
392;2
393;1
394;0
395;0
396;2
397;0
398;0
399;0
400;2
401;2
402;1
403;0
404;1
405;0
406;1
407;0
408;0
409;0
410;0
411;1
412;0
413;0
414;2
415;1
416;0
417;0
418;2
419;0
420;4
421;0
422;0
423;0
424;0
425;1
426;0
427;0
428;2
429;2
430;2
431;2
432;2
433;0
434;0
435;0
436;0
437;0
438;0
439;0
440;1
441;0
442;0
443;0
444;0
445;0
446;1
447;0
448;0
449;0
450;0
451;0
452;0
453;0
454;0
455;2
456;0
457;0
458;2
459;0
460;2
461;0
462;0
463;0
464;0
465;0
466;0
467;0
468;0
469;0
470;1
471;0
472;1
473;0
474;0
475;2
476;2
477;0
478;2
479;2
480;2
481;0
482;2
483;0
484;0
485;0
486;2
487;0
488;2
489;1
490;1
491;0
492;0
493;0
494;0
495;2
496;0
497;1
498;2
499;0
500;1
501;0
502;0
503;0
504;0
505;0
506;0
507;0
508;0
509;1
510;0
511;0
512;0
513;2
514;0
515;0
516;0
517;0
518;0
519;0
520;0
521;0
522;0
523;2
524;1
525;0
526;2
527;0
528;0
529;0
530;2
531;2
532;2
533;0
534;0
535;0
536;2
537;2
538;1
539;0
540;0
541;2
542;1
543;0
544;0
545;0
546;0
547;0
548;0
549;0
550;2
551;0
552;2
553;0
554;0
555;2
556;0
557;0
558;2
559;0
560;0
561;0
562;0
563;0
564;0
565;0
566;1
567;0
568;2
569;2
570;1
571;0
572;0
573;0
574;0
575;0
576;0
577;0
578;0
579;0
580;1
581;0
582;0
583;0
584;0
585;0
586;1
587;0
588;1
589;0
590;0
591;2
592;4
593;0
594;0
595;2
596;1
597;0
598;2
599;0
600;1
601;0
602;2
603;0
604;0
605;0
606;0
607;0
608;1
609;0
610;1
611;0
612;0
613;0
614;0
615;0
616;2
617;0
618;2
619;2
620;2
621;0
622;0
623;0
624;0
625;0
626;0
627;1
628;0
629;0
630;0
631;0
632;2
633;1
634;0
635;0
636;1
637;0
638;0
639;2
640;0
641;0
642;0
643;0
644;0
645;2
646;2
647;0
648;1
649;0
650;0
651;0
652;1
653;0
654;0
655;0
656;0
657;0
658;0
659;0
660;1
661;0
662;0
663;2
664;4
665;2
666;2
667;0
668;0
669;0
670;2
671;0
672;2
673;2
674;2
675;2
676;0
677;0
678;0
679;0
680;2
681;1
682;0
683;0
684;2
685;0
686;2
687;0
688;0
689;1
690;0
691;0
692;0
693;1
694;0
695;0
696;2
697;0
698;0
699;0
700;2
701;0
702;0
703;0
704;0
705;0
706;1
707;0
708;0
709;0
710;0
711;2
712;2
713;0
714;2
715;0
716;0
717;0
718;0
719;0
720;1
721;0
722;0
723;2
724;2
725;0
726;2
727;2
728;2
729;0
730;2
731;0
732;1
733;0
734;0
735;0
736;0
737;0
738;1
739;0
740;2
741;2
742;2
743;1
744;0
745;0
746;0
747;2
748;4
749;0
750;2
751;2
752;2
753;0
754;2
755;0
756;1
757;0
758;0
759;0
760;0
761;1
762;0
763;1
764;0
765;0
766;0
767;0
768;0
769;0
770;0
771;0
772;1
773;0
774;0
775;2
776;0
777;0
778;1
779;0
780;0
781;2
782;0
783;2
784;0
785;0
786;0
787;0
788;0
789;0
790;1
791;2
792;1
793;0
794;0
795;0
796;1
797;0
798;2
799;1
800;0
801;0
802;0
803;0
804;0
805;0
806;0
807;0
808;0
809;0
810;2
811;0
812;0
813;0
814;0
815;0
816;0
817;0
818;0
819;0
820;1
821;0
822;2
823;2
824;2
825;0
826;0
827;0
828;1
829;1
830;0
831;1
832;1
833;0
834;0
835;0
836;0
837;0
838;0
839;1
840;0
841;0
842;0
843;0
844;0
845;2
846;1
847;0
848;0
849;0
850;0
851;2
852;2
853;0
854;2
855;1
856;0
857;0
858;2
859;0
860;1
861;0
862;1
863;0
864;0
865;1
866;0
867;0
868;0
869;1
870;0
871;0
872;1
873;0
874;0
875;0
876;0
877;2
878;2
879;2
880;0
881;0
882;1
883;0
884;0
885;0
886;0
887;0
888;0
889;2
890;0
891;0
892;0
893;0
894;0
895;2
896;1
897;1
898;0
899;0
900;0
901;0
902;0
903;0
904;2
905;0
906;1
907;0
908;2
909;0
910;0
911;0
912;0
913;0
914;0
915;0
916;2
917;2
918;0
919;0
920;0
921;0
922;1
923;0
924;1
925;1
926;0
927;2
928;2
929;0
930;2
931;2
932;4
933;2
934;2
935;0
936;0
937;1
938;1
939;0
940;2
941;0
942;0
943;0
944;2
945;2
946;0
947;0
948;0
949;1
950;0
951;0
952;2
953;0
954;1
955;0
956;2
957;1
958;2
959;2
960;2
961;1
962;0
963;0
964;1
965;0
966;0
967;0
968;0
969;0
970;0
971;0
972;0
973;2
974;0
975;0
976;0
977;0
978;0
979;0
980;0
981;1
982;0
983;0
984;1
985;0
986;1
987;0
988;0
989;2
990;0
991;0
992;1
993;0
994;0
995;0
996;0
997;0
998;1
999;0
1000;0
1001;0
1002;0
1003;1
1004;4
1005;0
1006;2
1007;0
1008;0
1009;0
1010;0
1011;0
1012;1
1013;0
1014;0
1015;1
1016;0
1017;0
1018;0
1019;0
1020;0
1021;0
1022;0
1023;0
