0;0
1;0
2;0
3;2
4;2
5;0
6;2
7;1
8;0
9;0
10;0
11;0
12;2
13;0
14;0
15;0
16;1
17;2
18;2
19;2
20;0
21;1
22;0
23;2
24;1
25;1
26;2
27;2
28;2
29;0
30;2
31;1
32;0
33;0
34;0
35;0
36;0
37;0
38;0
39;0
40;0
41;2
42;0
43;0
44;0
45;0
46;0
47;0
48;0
49;0
50;1
51;1
52;0
53;0
54;0
55;0
56;0
57;0
58;1
59;1
60;0
61;0
62;0
63;0
64;0
65;2
66;0
67;0
68;0
69;2
70;2
71;2
72;1
73;0
74;1
75;0
76;0
77;0
78;0
79;0
80;1
81;0
82;2
83;0
84;0
85;2
86;0
87;0
88;0
89;0
90;0
91;1
92;0
93;0
94;0
95;2
96;1
97;0
98;2
99;1
100;0
101;2
102;2
103;0
104;1
105;0
106;0
107;0
108;0
109;0
110;0
111;0
112;2
113;0
114;1
115;0
116;0
117;0
118;0
119;0
120;0
121;2
122;0
123;0
124;0
125;0
126;0
127;0
128;0
129;0
130;0
131;0
132;0
133;1
134;1
135;0
136;1
137;0
138;0
139;0
140;2
141;0
142;2
143;0
144;2
145;0
146;0
147;0
148;0
149;0
150;2
151;2
152;1
153;0
154;2
155;0
156;0
157;0
158;0
159;0
160;0
161;0
162;2
163;0
164;0
165;0
166;1
167;1
168;0
169;0
170;0
171;2
172;2
173;0
174;2
175;2
176;2
177;0
178;2
179;0
180;2
181;0
182;0
183;0
184;1
185;0
186;0
187;0
188;0
189;0
190;0
191;2
192;0
193;2
194;0
195;2
196;1
197;0
198;0
199;0
200;2
201;1
202;0
203;0
204;1
205;0
206;0
207;1
208;0
209;2
210;2
211;0
212;2
213;0
214;2
215;2
216;0
217;0
218;0
219;0
220;0
221;0
222;0
223;0
224;0
225;0
226;0
227;2
228;1
229;0
230;0
231;0
232;0
233;0
234;2
235;0
236;1
237;0
238;0
239;2
240;4
241;0
242;2
243;2
244;0
245;0
246;0
247;0
248;2
249;0
250;0
251;0
252;0
253;1
254;0
255;0
256;0
257;0
258;0
259;2
260;1
261;0
262;0
263;2
264;4
265;0
266;0
267;2
268;2
269;0
270;2
271;0
272;2
273;2
274;2
275;2
276;0
277;0
278;2
279;0
280;0
281;2
282;0
283;0
284;0
285;0
286;2
287;1
288;0
289;0
290;0
291;0
292;2
293;0
294;1
295;1
296;1
297;0
298;0
299;0
300;0
301;2
302;2
303;2
304;0
305;0
306;0
307;0
308;2
309;2
310;2
311;0
312;0
313;0
314;0
315;2
316;2
317;0
318;0
319;0
320;0
321;0
322;0
323;1
324;0
325;2
326;0
327;0
328;0
329;0
330;0
331;0
332;0
333;0
334;0
335;0
336;0
337;0
338;0
339;0
340;0
341;2
342;0
343;2
344;2
345;0
346;0
347;2
348;1
349;0
350;1
351;1
352;0
353;0
354;2
355;0
356;1
357;0
358;2
359;2
360;0
361;2
362;2
363;2
364;2
365;1
366;0
367;0
368;0
369;0
370;0
371;0
372;2
373;1
374;2
375;0
376;0
377;0
378;0
379;2
380;0
381;2
382;0
383;0
384;0
385;0
386;0
387;0
388;0
389;2
390;2
391;1
392;0
393;0
394;0
395;2
396;2
397;0
398;0
399;2
400;2
401;0
402;0
403;1
404;1
405;0
406;1
407;2
408;0
409;0
410;0
411;2
412;4
413;0
414;2
415;2
416;2
417;0
418;2
419;0
420;1
421;0
422;0
423;0
424;2
425;1
426;1
427;0
428;0
429;0
430;0
431;0
432;0
433;0
434;0
435;0
436;0
437;0
438;0
439;0
440;0
441;0
442;0
443;1
444;0
445;1
446;0
447;0
448;0
449;0
450;0
451;0
452;0
453;0
454;2
455;2
456;2
457;0
458;0
459;0
460;0
461;1
462;1
463;0
464;2
465;2
466;0
467;0
468;2
469;0
470;0
471;1
472;2
473;2
474;2
475;0
476;2
477;0
478;1
479;0
480;2
481;0
482;0
483;0
484;1
485;2
486;0
487;0
488;0
489;0
490;1
491;0
492;1
493;0
494;0
495;0
496;2
497;0
498;2
499;0
500;2
501;0
502;0
503;2
504;2
505;0
506;0
507;0
508;0
509;0
510;0
511;0
512;0
513;1
514;0
515;0
516;1
517;0
518;0
519;0
520;0
521;0
522;0
523;0
524;1
525;0
526;0
527;2
528;0
529;0
530;0
531;1
532;0
533;2
534;0
535;0
536;0
537;2
538;0
539;0
540;1
541;0
542;0
543;1
544;0
545;0
546;0
547;0
548;0
549;2
550;2
551;2
552;2
553;2
554;0
555;0
556;0
557;0
558;0
559;0
560;1
561;0
562;0
563;0
564;0
565;0
566;2
567;2
568;0
569;0
570;0
571;0
572;0
573;0
574;0
575;0
576;0
577;1
578;0
579;2
580;1
581;0
582;0
583;0
584;0
585;0
586;1
587;0
588;0
589;2
590;0
591;0
592;0
593;0
594;0
595;0
596;0
597;0
598;0
599;0
600;1
601;0
602;0
603;0
604;1
605;0
606;0
607;2
608;2
609;0
610;2
611;2
612;2
613;0
614;2
615;2
616;0
617;0
618;0
619;0
620;1
621;0
622;2
623;1
624;0
625;1
626;0
627;2
628;0
629;0
630;0
631;0
632;0
633;0
634;0
635;0
636;2
637;0
638;0
639;2
640;0
641;0
642;0
643;0
644;0
645;0
646;0
647;0
648;0
649;1
650;2
651;0
652;1
653;0
654;0
655;0
656;2
657;0
658;2
659;2
660;2
661;0
662;0
663;0
664;0
665;1
666;0
667;0
668;2
669;2
670;2
671;2
672;0
673;0
674;0
675;0
676;0
677;0
678;1
679;0
680;0
681;0
682;0
683;2
684;0
685;2
686;2
687;0
688;0
689;0
690;0
691;0
692;0
693;1
694;0
695;2
696;0
697;0
698;0
699;0
700;0
701;0
702;0
703;0
704;0
705;2
706;0
707;0
708;0
709;0
710;0
711;0
712;0
713;0
714;0
715;0
716;0
717;0
718;0
719;0
720;0
721;0
722;2
723;2
724;2
725;0
726;0
727;0
728;0
729;0
730;0
731;0
732;1
733;0
734;0
735;2
736;0
737;0
738;1
739;0
740;0
741;0
742;0
743;0
744;4
745;1
746;2
747;1
748;0
749;0
750;0
751;0
752;2
753;2
754;0
755;0
756;2
757;0
758;1
759;0
760;0
761;1
762;0
763;0
764;0
765;1
766;0
767;1
768;0
769;0
770;0
771;2
772;1
773;0
774;2
775;2
776;2
777;0
778;2
779;0
780;1
781;0
782;0
783;0
784;0
785;0
786;0
787;0
788;1
789;0
790;0
791;2
792;0
793;0
794;0
795;0
796;0
797;0
798;0
799;0
800;0
801;0
802;1
803;0
804;0
805;2
806;2
807;0
808;2
809;0
810;0
811;0
812;0
813;0
814;0
815;0
816;0
817;2
818;0
819;2
820;0
821;2
822;0
823;0
824;0
825;0
826;2
827;2
828;0
829;0
830;1
831;0
832;1
833;1
834;0
835;0
836;0
837;0
838;0
839;0
840;0
841;1
842;0
843;1
844;0
845;0
846;0
847;0
848;0
849;2
850;1
851;0
852;4
853;2
854;0
855;0
856;0
857;0
858;0
859;0
860;2
861;0
862;0
863;0
864;0
865;0
866;0
867;0
868;1
869;1
870;0
871;0
872;1
873;0
874;2
875;2
876;1
877;0
878;2
879;0
880;2
881;0
882;2
883;2
884;0
885;0
886;2
887;0
888;0
889;0
890;0
891;0
892;0
893;2
894;2
895;0
896;2
897;0
898;0
899;0
900;0
901;0
902;0
903;0
904;0
905;0
906;0
907;0
908;0
909;0
910;0
911;0
912;0
913;1
914;0
915;0
916;0
917;2
918;2
919;2
920;2
921;0
922;0
923;0
924;0
925;0
926;0
927;0
928;0
929;2
930;0
931;0
932;0
933;2
934;1
935;2
936;0
937;0
938;2
939;2
940;2
941;2
942;0
943;0
944;2
945;0
946;2
947;1
948;0
949;0
950;0
951;0
952;0
953;0
954;1
955;0
956;2
957;2
958;1
959;0
960;0
961;0
962;0
963;0
964;2
965;1
966;2
967;0
968;2
969;0
970;0
971;0
972;0
973;0
974;0
975;2
976;0
977;2
978;0
979;2
980;4
981;0
982;2
983;2
984;2
985;0
986;2
987;0
988;2
989;0
990;0
991;0
992;0
993;0
994;2
995;0
996;0
997;1
998;1
999;0
1000;2
1001;1
1002;0
1003;2
1004;2
1005;0
1006;0
1007;0
1008;0
1009;0
1010;0
1011;0
1012;1
1013;0
1014;1
1015;0
1016;0
1017;0
1018;0
1019;0
1020;0
1021;0
1022;0
1023;0
