0;1
1;0
2;0
3;0
4;2
5;0
6;2
7;1
8;2
9;1
10;2
11;0
12;1
13;0
14;2
15;0
16;0
17;2
18;2
19;2
20;2
21;0
22;0
23;2
24;1
25;0
26;0
27;0
28;2
29;2
30;0
31;0
32;1
33;2
34;2
35;0
36;1
37;0
38;1
39;0
40;1
41;0
42;1
43;0
44;2
45;0
46;0
47;0
48;0
49;2
50;0
51;0
52;2
53;0
54;0
55;0
56;0
57;0
58;0
59;0
60;1
61;1
62;0
63;2
64;2
65;0
66;0
67;0
68;0
69;0
70;0
71;0
72;1
73;0
74;0
75;1
76;2
77;2
78;2
79;2
80;2
81;0
82;0
83;0
84;0
85;0
86;0
87;0
88;0
89;0
90;0
91;1
92;0
93;0
94;0
95;2
96;0
97;0
98;0
99;0
100;0
101;0
102;0
103;0
104;0
105;0
106;0
107;1
108;0
109;0
110;0
111;0
112;2
113;2
114;2
115;2
116;2
117;2
118;0
119;0
120;0
121;2
122;2
123;2
124;2
125;0
126;2
127;0
128;0
129;0
130;1
131;0
132;2
133;0
134;0
135;0
136;0
137;0
138;0
139;0
140;2
141;0
142;2
143;0
144;1
145;0
146;0
147;2
148;0
149;2
150;2
151;0
152;2
153;0
154;0
155;0
156;0
157;1
158;0
159;0
160;0
161;1
162;0
163;0
164;1
165;0
166;0
167;0
168;0
169;2
170;2
171;2
172;2
173;2
174;1
175;0
176;0
177;2
178;2
179;0
180;1
181;0
182;0
183;0
184;0
185;0
186;0
187;0
188;0
189;1
190;1
191;0
192;2
193;0
194;1
195;0
196;0
197;0
198;0
199;0
200;0
201;0
202;2
203;2
204;1
205;0
206;0
207;2
208;2
209;0
210;2
211;1
212;0
213;0
214;0
215;0
216;2
217;0
218;0
219;0
220;0
221;2
222;2
223;2
224;0
225;0
226;1
227;2
228;2
229;0
230;0
231;0
232;0
233;2
234;0
235;0
236;0
237;0
238;0
239;0
240;2
241;0
242;2
243;2
244;1
245;0
246;0
247;2
248;2
249;0
250;2
251;2
252;2
253;0
254;2
255;0
256;2
257;0
258;0
259;0
260;0
261;0
262;0
263;2
264;0
265;0
266;1
267;0
268;0
269;0
270;2
271;0
272;4
273;2
274;0
275;0
276;0
277;1
278;0
279;2
280;2
281;0
282;0
283;0
284;2
285;0
286;0
287;0
288;0
289;0
290;0
291;0
292;2
293;0
294;0
295;0
296;0
297;0
298;0
299;2
300;2
301;0
302;1
303;1
304;0
305;0
306;0
307;1
308;0
309;0
310;0
311;0
312;0
313;0
314;0
315;0
316;2
317;1
318;0
319;2
320;1
321;0
322;0
323;2
324;0
325;1
326;0
327;0
328;0
329;0
330;0
331;2
332;4
333;0
334;0
335;2
336;1
337;0
338;2
339;2
340;1
341;0
342;0
343;0
344;1
345;0
346;2
347;0
348;2
349;0
350;0
351;0
352;0
353;0
354;0
355;2
356;0
357;1
358;0
359;2
360;2
361;2
362;2
363;2
364;2
365;2
366;1
367;1
368;0
369;0
370;0
371;0
372;0
373;0
374;0
375;0
376;0
377;0
378;2
379;2
380;1
381;0
382;0
383;1
384;2
385;0
386;0
387;0
388;0
389;0
390;0
391;0
392;0
393;0
394;0
395;0
396;0
397;0
398;2
399;0
400;2
401;2
402;0
403;0
404;0
405;0
406;0
407;0
408;0
409;0
410;1
411;0
412;0
413;0
414;2
415;2
416;2
417;1
418;0
419;2
420;1
421;1
422;0
423;0
424;2
425;1
426;0
427;2
428;2
429;0
430;0
431;0
432;0
433;0
434;0
435;0
436;0
437;2
438;0
439;1
440;0
441;0
442;0
443;2
444;0
445;0
446;1
447;0
448;0
449;0
450;0
451;0
452;0
453;2
454;0
455;1
456;0
457;1
458;0
459;1
460;0
461;0
462;2
463;0
464;2
465;0
466;0
467;0
468;0
469;0
470;0
471;0
472;0
473;1
474;0
475;0
476;0
477;0
478;0
479;2
480;2
481;0
482;0
483;0
484;0
485;0
486;2
487;2
488;0
489;0
490;0
491;0
492;4
493;0
494;2
495;2
496;0
497;0
498;2
499;0
500;2
501;0
502;0
503;0
504;0
505;0
506;0
507;0
508;2
509;0
510;2
511;0
512;0
513;0
514;0
515;2
516;2
517;2
518;2
519;0
520;1
521;1
522;0
523;0
524;0
525;2
526;2
527;0
528;0
529;0
530;1
531;0
532;0
533;0
534;0
535;0
536;0
537;0
538;0
539;0
540;1
541;0
542;0
543;0
544;0
545;0
546;1
547;1
548;0
549;0
550;0
551;0
552;1
553;0
554;2
555;0
556;0
557;2
558;1
559;0
560;0
561;0
562;1
563;0
564;0
565;1
566;0
567;0
568;0
569;0
570;2
571;2
572;2
573;0
574;0
575;0
576;0
577;0
578;0
579;0
580;0
581;2
582;0
583;0
584;2
585;2
586;0
587;1
588;1
589;0
590;0
591;0
592;0
593;0
594;0
595;0
596;0
597;0
598;0
599;0
600;1
601;0
602;0
603;0
604;0
605;0
606;0
607;0
608;2
609;0
610;0
611;0
612;2
613;0
614;0
615;0
616;2
617;0
618;0
619;0
620;0
621;0
622;0
623;0
624;1
625;0
626;2
627;2
628;2
629;2
630;0
631;0
632;0
633;1
634;1
635;0
636;1
637;1
638;0
639;2
640;0
641;0
642;0
643;0
644;0
645;0
646;0
647;0
648;2
649;0
650;0
651;2
652;0
653;0
654;2
655;0
656;0
657;0
658;0
659;1
660;0
661;0
662;0
663;0
664;0
665;0
666;1
667;0
668;0
669;0
670;0
671;2
672;0
673;0
674;0
675;0
676;0
677;0
678;0
679;2
680;0
681;0
682;1
683;2
684;0
685;0
686;0
687;0
688;2
689;0
690;0
691;2
692;0
693;0
694;0
695;0
696;0
697;0
698;0
699;0
700;1
701;0
702;0
703;0
704;1
705;0
706;0
707;0
708;0
709;1
710;0
711;0
712;0
713;0
714;0
715;0
716;2
717;2
718;2
719;0
720;0
721;0
722;0
723;0
724;0
725;0
726;0
727;0
728;0
729;0
730;0
731;0
732;0
733;0
734;2
735;0
736;0
737;0
738;2
739;0
740;1
741;0
742;2
743;0
744;0
745;0
746;0
747;0
748;1
749;0
750;0
751;0
752;0
753;2
754;0
755;2
756;0
757;0
758;0
759;0
760;0
761;2
762;2
763;0
764;0
765;0
766;1
767;0
768;0
769;0
770;0
771;2
772;0
773;0
774;0
775;0
776;2
777;1
778;0
779;1
780;0
781;0
782;0
783;0
784;0
785;0
786;0
787;0
788;0
789;0
790;1
791;0
792;0
793;1
794;0
795;0
796;0
797;2
798;1
799;0
800;1
801;0
802;0
803;0
804;2
805;0
806;0
807;0
808;0
809;0
810;0
811;0
812;0
813;0
814;2
815;2
816;1
817;0
818;0
819;0
820;2
821;1
822;0
823;2
824;2
825;0
826;2
827;0
828;2
829;0
830;2
831;2
832;1
833;0
834;1
835;0
836;0
837;2
838;0
839;2
840;0
841;0
842;0
843;0
844;0
845;2
846;2
847;0
848;0
849;2
850;0
851;0
852;1
853;1
854;0
855;0
856;0
857;0
858;2
859;1
860;0
861;1
862;1
863;1
864;0
865;2
866;0
867;0
868;1
869;0
870;0
871;2
872;0
873;0
874;0
875;1
876;0
877;0
878;2
879;1
880;0
881;0
882;0
883;2
884;0
885;0
886;0
887;0
888;0
889;0
890;0
891;0
892;2
893;2
894;0
895;0
896;0
897;0
898;0
899;1
900;0
901;0
902;0
903;1
904;0
905;0
906;0
907;0
908;4
909;0
910;1
911;0
912;0
913;1
914;0
915;2
916;1
917;0
918;0
919;0
920;0
921;2
922;2
923;2
924;2
925;0
926;0
927;0
928;0
929;0
930;0
931;0
932;0
933;0
934;0
935;0
936;0
937;1
938;0
939;0
940;0
941;0
942;1
943;0
944;2
945;0
946;0
947;0
948;0
949;0
950;2
951;0
952;0
953;0
954;0
955;0
956;0
957;0
958;0
959;2
960;0
961;0
962;0
963;0
964;2
965;0
966;0
967;0
968;0
969;0
970;0
971;0
972;1
973;0
974;0
975;0
976;0
977;0
978;2
979;0
980;0
981;2
982;0
983;0
984;2
985;0
986;0
987;2
988;2
989;0
990;2
991;0
992;2
993;2
994;2
995;0
996;0
997;1
998;0
999;0
1000;0
1001;0
1002;0
1003;0
1004;2
1005;1
1006;0
1007;2
1008;2
1009;0
1010;0
1011;0
1012;0
1013;0
1014;0
1015;0
1016;0
1017;0
1018;0
1019;0
1020;0
1021;0
1022;0
1023;0
