0;1
1;0
2;0
3;2
4;2
5;0
6;0
7;2
8;1
9;0
10;2
11;0
12;2
13;0
14;1
15;0
16;0
17;1
18;0
19;2
20;2
21;1
22;0
23;1
24;0
25;1
26;2
27;2
28;2
29;0
30;0
31;0
32;0
33;0
34;0
35;0
36;0
37;0
38;2
39;2
40;0
41;2
42;0
43;0
44;1
45;0
46;0
47;0
48;1
49;0
50;0
51;1
52;4
53;0
54;2
55;2
56;0
57;0
58;2
59;0
60;2
61;0
62;2
63;1
64;0
65;0
66;2
67;0
68;0
69;0
70;2
71;2
72;1
73;0
74;0
75;0
76;0
77;0
78;0
79;2
80;1
81;0
82;2
83;0
84;0
85;1
86;0
87;2
88;2
89;0
90;2
91;1
92;0
93;2
94;2
95;4
96;1
97;2
98;0
99;0
100;0
101;0
102;0
103;2
104;0
105;0
106;0
107;2
108;0
109;0
110;0
111;0
112;0
113;0
114;1
115;0
116;0
117;0
118;2
119;0
120;0
121;2
122;0
123;0
124;0
125;0
126;0
127;0
128;0
129;0
130;0
131;2
132;2
133;0
134;1
135;0
136;0
137;2
138;0
139;0
140;2
141;0
142;2
143;0
144;2
145;0
146;0
147;0
148;2
149;2
150;0
151;0
152;1
153;0
154;2
155;0
156;0
157;0
158;0
159;0
160;0
161;2
162;1
163;1
164;0
165;0
166;0
167;1
168;0
169;0
170;0
171;1
172;2
173;0
174;0
175;0
176;0
177;0
178;0
179;0
180;0
181;0
182;0
183;0
184;2
185;0
186;0
187;0
188;0
189;0
190;2
191;2
192;2
193;0
194;0
195;2
196;4
197;0
198;2
199;2
200;2
201;0
202;0
203;0
204;2
205;0
206;0
207;0
208;0
209;1
210;2
211;2
212;2
213;0
214;2
215;0
216;0
217;0
218;0
219;0
220;1
221;0
222;0
223;0
224;0
225;0
226;0
227;2
228;2
229;2
230;0
231;0
232;0
233;0
234;2
235;2
236;1
237;0
238;0
239;0
240;2
241;0
242;2
243;1
244;2
245;0
246;2
247;0
248;1
249;0
250;0
251;0
252;0
253;0
254;0
255;0
256;0
257;2
258;2
259;1
260;0
261;0
262;0
263;2
264;0
265;0
266;0
267;0
268;0
269;0
270;0
271;0
272;0
273;0
274;2
275;1
276;0
277;0
278;0
279;0
280;2
281;2
282;1
283;0
284;0
285;0
286;0
287;0
288;0
289;1
290;0
291;0
292;2
293;0
294;0
295;0
296;0
297;0
298;0
299;1
300;0
301;0
302;0
303;0
304;2
305;0
306;0
307;1
308;0
309;0
310;0
311;0
312;0
313;0
314;0
315;0
316;2
317;0
318;0
319;0
320;0
321;0
322;0
323;2
324;0
325;1
326;1
327;0
328;0
329;0
330;0
331;0
332;1
333;0
334;0
335;2
336;2
337;2
338;2
339;1
340;0
341;0
342;0
343;0
344;0
345;2
346;1
347;0
348;0
349;0
350;0
351;2
352;2
353;0
354;2
355;0
356;0
357;0
358;0
359;1
360;0
361;0
362;0
363;1
364;0
365;0
366;0
367;2
368;1
369;0
370;2
371;2
372;0
373;0
374;0
375;2
376;2
377;0
378;0
379;0
380;2
381;0
382;0
383;2
384;1
385;0
386;1
387;0
388;2
389;0
390;0
391;0
392;2
393;2
394;2
395;2
396;0
397;0
398;0
399;0
400;0
401;1
402;0
403;0
404;0
405;0
406;0
407;0
408;2
409;0
410;0
411;2
412;2
413;2
414;0
415;1
416;2
417;0
418;0
419;0
420;0
421;0
422;0
423;0
424;0
425;2
426;2
427;0
428;1
429;0
430;0
431;1
432;0
433;1
434;2
435;0
436;0
437;1
438;0
439;1
440;0
441;0
442;2
443;2
444;2
445;2
446;2
447;0
448;1
449;0
450;2
451;1
452;0
453;0
454;0
455;1
456;0
457;0
458;2
459;1
460;0
461;0
462;2
463;0
464;0
465;0
466;0
467;0
468;2
469;0
470;0
471;0
472;0
473;2
474;0
475;0
476;0
477;0
478;0
479;0
480;1
481;0
482;0
483;0
484;2
485;0
486;0
487;2
488;2
489;0
490;0
491;0
492;0
493;1
494;0
495;0
496;2
497;0
498;1
499;0
500;0
501;0
502;0
503;2
504;0
505;1
506;0
507;1
508;0
509;1
510;0
511;0
512;2
513;2
514;2
515;0
516;0
517;0
518;0
519;1
520;0
521;1
522;0
523;0
524;0
525;0
526;0
527;2
528;2
529;0
530;0
531;0
532;0
533;0
534;1
535;0
536;0
537;2
538;2
539;2
540;2
541;2
542;2
543;0
544;0
545;0
546;2
547;2
548;0
549;0
550;0
551;2
552;4
553;0
554;2
555;0
556;0
557;0
558;0
559;0
560;2
561;0
562;0
563;2
564;0
565;0
566;2
567;1
568;0
569;0
570;0
571;2
572;0
573;2
574;0
575;0
576;0
577;0
578;0
579;1
580;0
581;0
582;0
583;2
584;0
585;2
586;0
587;0
588;0
589;0
590;0
591;0
592;0
593;1
594;0
595;0
596;1
597;0
598;0
599;0
600;0
601;0
602;2
603;0
604;1
605;0
606;2
607;0
608;2
609;0
610;0
611;2
612;4
613;0
614;2
615;2
616;2
617;0
618;2
619;0
620;2
621;1
622;0
623;2
624;1
625;2
626;2
627;2
628;2
629;1
630;0
631;2
632;0
633;0
634;0
635;2
636;1
637;0
638;0
639;2
640;2
641;0
642;0
643;2
644;2
645;0
646;0
647;0
648;2
649;0
650;1
651;0
652;0
653;0
654;1
655;0
656;1
657;0
658;0
659;0
660;2
661;2
662;2
663;0
664;1
665;0
666;2
667;2
668;2
669;0
670;2
671;1
672;0
673;0
674;1
675;0
676;0
677;0
678;0
679;0
680;2
681;2
682;2
683;1
684;0
685;0
686;0
687;0
688;0
689;0
690;0
691;1
692;0
693;0
694;0
695;0
696;2
697;2
698;2
699;2
700;2
701;0
702;0
703;0
704;2
705;0
706;0
707;0
708;0
709;0
710;0
711;2
712;0
713;2
714;0
715;2
716;2
717;0
718;0
719;2
720;1
721;0
722;0
723;0
724;2
725;0
726;0
727;0
728;2
729;0
730;0
731;0
732;0
733;0
734;2
735;2
736;0
737;0
738;2
739;2
740;1
741;0
742;0
743;2
744;2
745;0
746;0
747;2
748;2
749;0
750;2
751;2
752;2
753;0
754;1
755;0
756;0
757;2
758;2
759;1
760;1
761;0
762;0
763;0
764;0
765;0
766;0
767;2
768;0
769;0
770;2
771;2
772;2
773;1
774;0
775;0
776;0
777;0
778;0
779;2
780;1
781;2
782;2
783;0
784;0
785;2
786;0
787;0
788;2
789;2
790;0
791;0
792;0
793;0
794;0
795;0
796;0
797;0
798;0
799;0
800;0
801;1
802;0
803;1
804;0
805;2
806;0
807;0
808;0
809;0
810;0
811;0
812;2
813;1
814;1
815;2
816;0
817;0
818;2
819;2
820;2
821;0
822;0
823;0
824;0
825;0
826;2
827;2
828;1
829;0
830;0
831;0
832;0
833;2
834;0
835;0
836;0
837;2
838;2
839;2
840;1
841;1
842;0
843;0
844;0
845;0
846;0
847;1
848;0
849;0
850;1
851;0
852;1
853;0
854;1
855;0
856;4
857;0
858;2
859;2
860;2
861;0
862;0
863;0
864;2
865;0
866;0
867;0
868;1
869;1
870;1
871;0
872;0
873;2
874;2
875;2
876;1
877;2
878;1
879;0
880;1
881;0
882;2
883;0
884;2
885;0
886;1
887;0
888;0
889;0
890;2
891;2
892;0
893;0
894;0
895;0
896;0
897;2
898;1
899;0
900;1
901;0
902;0
903;0
904;0
905;0
906;0
907;0
908;0
909;0
910;0
911;0
912;0
913;0
914;0
915;0
916;0
917;1
918;0
919;0
920;0
921;2
922;1
923;2
924;2
925;0
926;0
927;1
928;0
929;0
930;2
931;0
932;0
933;2
934;0
935;0
936;0
937;0
938;1
939;2
940;0
941;2
942;2
943;0
944;1
945;0
946;0
947;2
948;4
949;0
950;2
951;2
952;0
953;0
954;2
955;0
956;1
957;2
958;0
959;1
960;0
961;2
962;0
963;0
964;2
965;0
966;2
967;1
968;0
969;0
970;0
971;1
972;0
973;0
974;0
975;2
976;2
977;2
978;1
979;0
980;1
981;0
982;0
983;0
984;0
985;1
986;2
987;0
988;1
989;0
990;2
991;2
992;0
993;1
994;0
995;2
996;0
997;1
998;0
999;0
1000;1
1001;1
1002;0
1003;0
1004;2
1005;2
1006;2
1007;2
1008;1
1009;0
1010;0
1011;0
1012;0
1013;0
1014;0
1015;0
1016;0
1017;0
1018;0
1019;0
1020;0
1021;0
1022;0
1023;0
