0;1
1;0
2;0
3;2
4;2
5;0
6;2
7;0
8;2
9;0
10;2
11;0
12;2
13;0
14;0
15;0
16;0
17;0
18;0
19;2
20;0
21;0
22;2
23;2
24;1
25;0
26;2
27;2
28;2
29;0
30;0
31;2
32;0
33;0
34;0
35;0
36;0
37;0
38;1
39;0
40;1
41;0
42;0
43;0
44;2
45;2
46;0
47;0
48;0
49;0
50;0
51;0
52;0
53;1
54;0
55;0
56;0
57;0
58;1
59;0
60;0
61;0
62;0
63;2
64;4
65;0
66;2
67;2
68;2
69;0
70;2
71;0
72;2
73;0
74;2
75;0
76;0
77;0
78;2
79;1
80;0
81;0
82;0
83;0
84;0
85;0
86;2
87;0
88;2
89;0
90;2
91;2
92;0
93;0
94;0
95;0
96;0
97;0
98;1
99;0
100;2
101;0
102;2
103;1
104;0
105;2
106;1
107;0
108;0
109;0
110;1
111;0
112;0
113;0
114;0
115;0
116;0
117;2
118;0
119;0
120;0
121;0
122;0
123;0
124;0
125;0
126;1
127;0
128;0
129;1
130;0
131;0
132;2
133;0
134;0
135;1
136;0
137;0
138;2
139;0
140;2
141;0
142;0
143;0
144;0
145;0
146;2
147;2
148;1
149;0
150;2
151;0
152;1
153;0
154;0
155;0
156;0
157;0
158;2
159;1
160;0
161;0
162;0
163;2
164;2
165;0
166;0
167;0
168;4
169;0
170;1
171;2
172;2
173;2
174;1
175;0
176;2
177;0
178;1
179;0
180;0
181;0
182;1
183;0
184;0
185;0
186;0
187;0
188;0
189;0
190;0
191;0
192;0
193;0
194;1
195;0
196;2
197;0
198;0
199;0
200;2
201;0
202;1
203;0
204;0
205;0
206;0
207;1
208;2
209;1
210;0
211;0
212;2
213;0
214;0
215;0
216;0
217;0
218;0
219;0
220;0
221;0
222;0
223;0
224;0
225;0
226;2
227;2
228;1
229;0
230;0
231;0
232;1
233;2
234;2
235;2
236;0
237;0
238;0
239;0
240;0
241;0
242;0
243;0
244;2
245;2
246;2
247;0
248;0
249;2
250;0
251;2
252;2
253;0
254;0
255;0
256;1
257;0
258;0
259;0
260;1
261;0
262;2
263;1
264;0
265;0
266;1
267;0
268;1
269;0
270;0
271;2
272;2
273;0
274;2
275;1
276;0
277;0
278;2
279;0
280;0
281;0
282;1
283;2
284;0
285;0
286;2
287;2
288;1
289;0
290;0
291;0
292;0
293;0
294;0
295;0
296;0
297;0
298;0
299;2
300;2
301;2
302;2
303;2
304;1
305;0
306;2
307;1
308;0
309;1
310;0
311;1
312;2
313;0
314;2
315;0
316;0
317;0
318;2
319;2
320;2
321;0
322;0
323;0
324;0
325;0
326;0
327;0
328;0
329;2
330;1
331;0
332;0
333;1
334;0
335;0
336;1
337;0
338;0
339;2
340;1
341;0
342;0
343;2
344;2
345;0
346;2
347;2
348;2
349;0
350;0
351;2
352;1
353;0
354;0
355;2
356;2
357;2
358;0
359;0
360;0
361;0
362;0
363;0
364;0
365;0
366;2
367;0
368;0
369;0
370;0
371;2
372;0
373;0
374;0
375;0
376;1
377;0
378;0
379;0
380;0
381;0
382;0
383;0
384;2
385;0
386;0
387;0
388;1
389;0
390;2
391;2
392;1
393;0
394;0
395;0
396;0
397;1
398;0
399;0
400;0
401;0
402;0
403;0
404;0
405;0
406;1
407;0
408;0
409;2
410;2
411;1
412;0
413;1
414;0
415;0
416;0
417;0
418;0
419;0
420;0
421;1
422;0
423;0
424;0
425;0
426;0
427;0
428;0
429;0
430;0
431;0
432;0
433;0
434;1
435;0
436;0
437;0
438;2
439;2
440;2
441;1
442;2
443;2
444;2
445;0
446;2
447;0
448;2
449;0
450;1
451;0
452;1
453;0
454;0
455;0
456;0
457;0
458;2
459;1
460;1
461;0
462;0
463;0
464;0
465;0
466;2
467;2
468;1
469;0
470;0
471;2
472;0
473;0
474;0
475;0
476;0
477;0
478;0
479;0
480;1
481;0
482;0
483;2
484;0
485;0
486;2
487;0
488;2
489;0
490;0
491;2
492;2
493;2
494;1
495;0
496;0
497;2
498;1
499;0
500;2
501;2
502;1
503;0
504;1
505;0
506;0
507;2
508;2
509;1
510;2
511;2
512;0
513;0
514;0
515;0
516;0
517;0
518;1
519;0
520;0
521;2
522;0
523;0
524;1
525;0
526;0
527;1
528;0
529;0
530;2
531;0
532;0
533;0
534;0
535;0
536;0
537;0
538;1
539;0
540;0
541;0
542;0
543;1
544;0
545;0
546;0
547;0
548;0
549;2
550;2
551;1
552;0
553;0
554;0
555;0
556;0
557;0
558;0
559;1
560;0
561;2
562;0
563;0
564;1
565;1
566;0
567;0
568;0
569;2
570;2
571;1
572;0
573;2
574;0
575;0
576;0
577;2
578;0
579;2
580;1
581;2
582;2
583;0
584;1
585;0
586;0
587;2
588;2
589;0
590;0
591;0
592;2
593;2
594;0
595;2
596;0
597;0
598;0
599;2
600;1
601;0
602;0
603;0
604;2
605;0
606;2
607;1
608;0
609;0
610;0
611;0
612;2
613;0
614;0
615;0
616;0
617;0
618;0
619;2
620;0
621;0
622;0
623;2
624;0
625;0
626;2
627;0
628;0
629;0
630;2
631;2
632;2
633;0
634;0
635;0
636;0
637;0
638;0
639;0
640;0
641;0
642;1
643;0
644;2
645;0
646;0
647;2
648;1
649;0
650;0
651;0
652;0
653;0
654;1
655;0
656;0
657;0
658;0
659;0
660;0
661;0
662;0
663;2
664;1
665;0
666;2
667;2
668;2
669;0
670;0
671;0
672;0
673;0
674;0
675;0
676;2
677;2
678;2
679;1
680;0
681;0
682;2
683;0
684;2
685;2
686;1
687;0
688;0
689;0
690;0
691;1
692;2
693;0
694;1
695;0
696;0
697;2
698;0
699;0
700;0
701;0
702;0
703;0
704;0
705;2
706;1
707;0
708;0
709;0
710;0
711;0
712;2
713;0
714;1
715;0
716;0
717;0
718;0
719;0
720;0
721;0
722;0
723;2
724;2
725;0
726;0
727;0
728;0
729;0
730;2
731;2
732;0
733;0
734;0
735;0
736;0
737;0
738;0
739;0
740;1
741;0
742;0
743;2
744;2
745;0
746;1
747;2
748;4
749;0
750;0
751;2
752;2
753;2
754;2
755;2
756;1
757;0
758;0
759;2
760;0
761;0
762;0
763;2
764;0
765;0
766;2
767;2
768;1
769;1
770;0
771;0
772;1
773;0
774;0
775;2
776;1
777;1
778;0
779;0
780;1
781;0
782;1
783;0
784;0
785;0
786;0
787;0
788;0
789;0
790;0
791;0
792;0
793;0
794;2
795;1
796;0
797;0
798;0
799;2
800;2
801;2
802;0
803;0
804;0
805;0
806;0
807;0
808;0
809;1
810;1
811;0
812;0
813;1
814;0
815;0
816;2
817;0
818;0
819;0
820;0
821;0
822;0
823;0
824;1
825;0
826;0
827;2
828;2
829;0
830;0
831;0
832;0
833;2
834;2
835;2
836;1
837;0
838;1
839;0
840;0
841;2
842;0
843;0
844;2
845;0
846;1
847;0
848;2
849;0
850;1
851;0
852;0
853;0
854;0
855;0
856;0
857;1
858;1
859;0
860;0
861;2
862;0
863;1
864;0
865;2
866;1
867;2
868;0
869;0
870;2
871;0
872;1
873;1
874;1
875;0
876;2
877;0
878;1
879;0
880;0
881;0
882;2
883;1
884;0
885;0
886;0
887;2
888;2
889;0
890;2
891;2
892;2
893;0
894;2
895;0
896;2
897;0
898;0
899;0
900;0
901;0
902;2
903;2
904;1
905;0
906;1
907;0
908;1
909;0
910;0
911;2
912;2
913;0
914;2
915;2
916;2
917;0
918;0
919;0
920;0
921;0
922;0
923;0
924;0
925;0
926;0
927;0
928;2
929;0
930;0
931;0
932;0
933;1
934;0
935;0
936;0
937;2
938;2
939;2
940;2
941;2
942;1
943;0
944;0
945;0
946;0
947;0
948;0
949;2
950;0
951;0
952;2
953;0
954;1
955;1
956;0
957;2
958;0
959;2
960;2
961;0
962;0
963;0
964;1
965;0
966;2
967;2
968;1
969;0
970;0
971;2
972;2
973;0
974;2
975;1
976;0
977;0
978;0
979;2
980;1
981;0
982;0
983;2
984;4
985;0
986;1
987;0
988;0
989;0
990;2
991;2
992;1
993;0
994;0
995;0
996;1
997;0
998;2
999;0
1000;1
1001;0
1002;1
1003;0
1004;1
1005;0
1006;0
1007;2
1008;3
1009;0
1010;0
1011;0
1012;0
1013;0
1014;1
1015;0
1016;0
1017;0
1018;0
1019;0
1020;0
1021;0
1022;0
1023;0
