0;1
1;0
2;0
3;1
4;4
5;0
6;2
7;2
8;2
9;0
10;2
11;0
12;2
13;0
14;0
15;0
16;2
17;2
18;1
19;0
20;0
21;0
22;2
23;0
24;1
25;1
26;2
27;2
28;2
29;0
30;2
31;1
32;0
33;0
34;0
35;0
36;0
37;0
38;0
39;0
40;0
41;0
42;0
43;0
44;2
45;0
46;0
47;0
48;0
49;0
50;0
51;0
52;0
53;0
54;0
55;0
56;0
57;0
58;0
59;1
60;0
61;0
62;0
63;0
64;0
65;0
66;0
67;0
68;0
69;0
70;0
71;0
72;2
73;0
74;0
75;0
76;0
77;0
78;0
79;0
80;2
81;0
82;2
83;1
84;1
85;2
86;0
87;0
88;0
89;1
90;2
91;1
92;0
93;0
94;0
95;0
96;0
97;0
98;0
99;0
100;0
101;0
102;1
103;0
104;0
105;2
106;0
107;0
108;0
109;0
110;0
111;0
112;0
113;1
114;0
115;0
116;0
117;1
118;0
119;0
120;0
121;0
122;1
123;0
124;1
125;0
126;0
127;0
128;2
129;0
130;2
131;0
132;2
133;0
134;0
135;0
136;0
137;2
138;2
139;2
140;1
141;0
142;2
143;0
144;0
145;0
146;0
147;1
148;2
149;0
150;2
151;0
152;0
153;0
154;1
155;0
156;0
157;0
158;0
159;0
160;0
161;0
162;2
163;2
164;1
165;0
166;0
167;2
168;2
169;0
170;2
171;1
172;0
173;0
174;2
175;1
176;0
177;0
178;0
179;0
180;0
181;1
182;0
183;0
184;0
185;0
186;0
187;2
188;0
189;2
190;0
191;2
192;0
193;0
194;0
195;0
196;1
197;1
198;0
199;0
200;1
201;0
202;0
203;1
204;2
205;0
206;2
207;1
208;0
209;0
210;2
211;0
212;0
213;0
214;0
215;0
216;0
217;0
218;0
219;0
220;0
221;0
222;0
223;2
224;1
225;0
226;0
227;0
228;0
229;0
230;1
231;0
232;2
233;0
234;0
235;2
236;0
237;0
238;0
239;0
240;0
241;2
242;2
243;2
244;2
245;2
246;0
247;2
248;0
249;0
250;0
251;2
252;2
253;2
254;0
255;0
256;1
257;0
258;2
259;1
260;0
261;0
262;0
263;0
264;2
265;0
266;1
267;2
268;1
269;0
270;0
271;0
272;0
273;1
274;1
275;0
276;1
277;0
278;0
279;0
280;0
281;0
282;1
283;0
284;0
285;0
286;0
287;0
288;2
289;0
290;0
291;0
292;0
293;0
294;0
295;1
296;0
297;0
298;0
299;0
300;2
301;0
302;0
303;0
304;0
305;0
306;2
307;2
308;1
309;0
310;0
311;2
312;4
313;0
314;2
315;2
316;2
317;1
318;0
319;0
320;2
321;0
322;1
323;0
324;0
325;2
326;0
327;0
328;2
329;0
330;0
331;2
332;0
333;0
334;2
335;2
336;2
337;2
338;0
339;2
340;2
341;1
342;0
343;0
344;0
345;0
346;0
347;0
348;2
349;0
350;0
351;0
352;0
353;0
354;0
355;2
356;2
357;0
358;0
359;0
360;2
361;0
362;0
363;0
364;0
365;0
366;0
367;0
368;2
369;0
370;0
371;0
372;2
373;1
374;0
375;1
376;0
377;0
378;0
379;0
380;0
381;1
382;0
383;0
384;0
385;0
386;0
387;0
388;2
389;0
390;0
391;0
392;0
393;0
394;2
395;2
396;0
397;1
398;0
399;0
400;0
401;0
402;0
403;0
404;0
405;0
406;2
407;2
408;0
409;0
410;0
411;0
412;0
413;0
414;1
415;0
416;1
417;0
418;0
419;2
420;2
421;2
422;2
423;2
424;2
425;2
426;2
427;0
428;2
429;0
430;1
431;2
432;2
433;2
434;2
435;0
436;2
437;0
438;2
439;2
440;2
441;0
442;0
443;0
444;1
445;2
446;0
447;0
448;0
449;0
450;0
451;2
452;1
453;0
454;0
455;0
456;2
457;0
458;0
459;0
460;2
461;0
462;0
463;0
464;1
465;0
466;0
467;0
468;0
469;0
470;0
471;0
472;2
473;1
474;0
475;2
476;2
477;0
478;0
479;0
480;0
481;0
482;0
483;0
484;0
485;0
486;2
487;2
488;2
489;0
490;0
491;2
492;2
493;2
494;0
495;0
496;0
497;0
498;1
499;0
500;0
501;0
502;0
503;1
504;0
505;0
506;0
507;0
508;0
509;2
510;0
511;2
512;2
513;2
514;0
515;0
516;0
517;0
518;0
519;2
520;0
521;0
522;0
523;0
524;0
525;0
526;2
527;2
528;0
529;0
530;0
531;0
532;0
533;0
534;1
535;0
536;2
537;2
538;2
539;2
540;1
541;0
542;2
543;0
544;2
545;0
546;2
547;0
548;0
549;2
550;0
551;1
552;0
553;1
554;2
555;2
556;1
557;0
558;0
559;2
560;2
561;0
562;2
563;2
564;2
565;0
566;0
567;0
568;0
569;1
570;0
571;2
572;0
573;0
574;0
575;2
576;2
577;0
578;1
579;0
580;0
581;0
582;0
583;0
584;2
585;0
586;1
587;0
588;0
589;0
590;0
591;0
592;1
593;0
594;0
595;0
596;2
597;2
598;2
599;2
600;2
601;2
602;0
603;2
604;2
605;0
606;2
607;1
608;0
609;0
610;0
611;0
612;0
613;2
614;0
615;0
616;2
617;1
618;0
619;2
620;2
621;0
622;0
623;0
624;2
625;0
626;2
627;1
628;0
629;0
630;0
631;1
632;1
633;2
634;2
635;2
636;1
637;0
638;0
639;0
640;2
641;1
642;0
643;0
644;0
645;0
646;0
647;0
648;0
649;2
650;0
651;0
652;2
653;0
654;0
655;0
656;0
657;0
658;0
659;0
660;2
661;0
662;0
663;0
664;0
665;0
666;0
667;0
668;0
669;0
670;2
671;2
672;2
673;0
674;0
675;0
676;1
677;0
678;0
679;2
680;1
681;0
682;0
683;0
684;0
685;0
686;0
687;0
688;0
689;0
690;0
691;0
692;0
693;0
694;0
695;0
696;0
697;0
698;0
699;2
700;2
701;0
702;2
703;1
704;0
705;0
706;2
707;0
708;1
709;1
710;0
711;0
712;0
713;0
714;0
715;2
716;1
717;1
718;0
719;0
720;0
721;0
722;0
723;0
724;1
725;0
726;0
727;0
728;0
729;0
730;0
731;1
732;0
733;0
734;0
735;1
736;0
737;0
738;0
739;2
740;2
741;2
742;0
743;0
744;0
745;0
746;0
747;0
748;2
749;1
750;1
751;0
752;0
753;2
754;2
755;2
756;2
757;0
758;0
759;0
760;0
761;0
762;0
763;0
764;1
765;0
766;0
767;1
768;0
769;1
770;0
771;0
772;0
773;2
774;2
775;2
776;1
777;1
778;0
779;0
780;0
781;2
782;1
783;0
784;2
785;0
786;0
787;0
788;0
789;0
790;0
791;0
792;0
793;0
794;0
795;0
796;0
797;1
798;0
799;0
800;0
801;0
802;2
803;2
804;1
805;0
806;0
807;2
808;4
809;0
810;0
811;2
812;2
813;0
814;2
815;0
816;1
817;0
818;2
819;2
820;1
821;0
822;1
823;0
824;2
825;0
826;2
827;2
828;0
829;0
830;2
831;0
832;0
833;0
834;0
835;0
836;0
837;2
838;1
839;2
840;1
841;0
842;2
843;1
844;0
845;0
846;0
847;2
848;4
849;0
850;1
851;0
852;1
853;0
854;2
855;0
856;2
857;0
858;0
859;0
860;1
861;0
862;1
863;2
864;2
865;0
866;0
867;0
868;0
869;0
870;0
871;0
872;1
873;0
874;2
875;2
876;1
877;0
878;0
879;1
880;0
881;1
882;0
883;0
884;0
885;2
886;0
887;2
888;0
889;0
890;0
891;2
892;0
893;0
894;2
895;2
896;2
897;2
898;0
899;0
900;2
901;0
902;2
903;0
904;2
905;0
906;0
907;1
908;0
909;1
910;1
911;0
912;2
913;2
914;1
915;0
916;1
917;0
918;0
919;0
920;0
921;1
922;1
923;0
924;1
925;0
926;0
927;0
928;0
929;1
930;0
931;2
932;2
933;1
934;2
935;0
936;0
937;1
938;1
939;0
940;2
941;0
942;2
943;2
944;1
945;0
946;0
947;0
948;0
949;0
950;2
951;0
952;2
953;0
954;2
955;0
956;0
957;0
958;0
959;2
960;0
961;1
962;0
963;0
964;0
965;2
966;0
967;2
968;1
969;1
970;0
971;0
972;0
973;1
974;0
975;2
976;2
977;0
978;1
979;0
980;2
981;0
982;1
983;0
984;2
985;0
986;0
987;0
988;0
989;0
990;0
991;0
992;0
993;0
994;2
995;2
996;1
997;0
998;0
999;1
1000;2
1001;0
1002;0
1003;2
1004;0
1005;0
1006;2
1007;0
1008;2
1009;2
1010;0
1011;0
1012;1
1013;0
1014;1
1015;0
1016;0
1017;0
1018;0
1019;0
1020;0
1021;0
1022;0
1023;0
