0;1
1;0
2;0
3;2
4;4
5;0
6;2
7;2
8;2
9;0
10;0
11;0
12;2
13;0
14;0
15;0
16;1
17;2
18;1
19;0
20;2
21;2
22;2
23;2
24;1
25;1
26;2
27;2
28;2
29;0
30;0
31;2
32;0
33;0
34;0
35;0
36;0
37;0
38;0
39;0
40;0
41;0
42;0
43;0
44;2
45;0
46;1
47;0
48;0
49;1
50;0
51;0
52;0
53;0
54;0
55;0
56;0
57;0
58;0
59;2
60;1
61;0
62;0
63;1
64;4
65;2
66;2
67;1
68;2
69;0
70;2
71;0
72;2
73;0
74;2
75;0
76;0
77;0
78;0
79;2
80;1
81;0
82;0
83;0
84;0
85;0
86;0
87;2
88;2
89;0
90;2
91;1
92;1
93;2
94;0
95;0
96;0
97;2
98;2
99;2
100;2
101;0
102;1
103;0
104;0
105;0
106;1
107;0
108;0
109;0
110;1
111;0
112;0
113;0
114;0
115;0
116;0
117;2
118;0
119;0
120;0
121;0
122;0
123;0
124;0
125;0
126;1
127;0
128;0
129;1
130;1
131;0
132;1
133;0
134;0
135;0
136;2
137;0
138;2
139;0
140;2
141;2
142;0
143;0
144;0
145;2
146;2
147;2
148;1
149;0
150;2
151;0
152;0
153;0
154;0
155;0
156;0
157;2
158;2
159;2
160;1
161;0
162;0
163;2
164;4
165;0
166;2
167;0
168;4
169;0
170;2
171;0
172;2
173;1
174;0
175;2
176;2
177;0
178;1
179;0
180;0
181;0
182;1
183;0
184;0
185;0
186;0
187;0
188;0
189;0
190;0
191;0
192;0
193;0
194;0
195;0
196;0
197;0
198;0
199;0
200;1
201;0
202;1
203;0
204;0
205;0
206;2
207;1
208;2
209;2
210;2
211;2
212;2
213;2
214;2
215;0
216;0
217;0
218;0
219;2
220;0
221;0
222;0
223;0
224;0
225;0
226;0
227;2
228;1
229;1
230;0
231;0
232;0
233;2
234;2
235;2
236;0
237;0
238;0
239;0
240;0
241;2
242;0
243;0
244;0
245;1
246;0
247;1
248;0
249;0
250;1
251;0
252;0
253;2
254;2
255;1
256;0
257;0
258;0
259;0
260;1
261;0
262;2
263;1
264;0
265;0
266;2
267;2
268;1
269;0
270;0
271;2
272;4
273;0
274;2
275;2
276;0
277;0
278;0
279;0
280;2
281;1
282;0
283;0
284;2
285;2
286;2
287;2
288;1
289;0
290;0
291;0
292;0
293;0
294;0
295;0
296;0
297;0
298;0
299;2
300;0
301;0
302;1
303;0
304;0
305;0
306;2
307;2
308;1
309;0
310;0
311;2
312;4
313;0
314;2
315;2
316;2
317;2
318;2
319;0
320;2
321;0
322;0
323;0
324;0
325;0
326;0
327;0
328;0
329;1
330;2
331;0
332;0
333;0
334;0
335;0
336;0
337;0
338;2
339;2
340;1
341;0
342;0
343;2
344;2
345;0
346;2
347;1
348;0
349;0
350;0
351;0
352;0
353;2
354;2
355;2
356;2
357;2
358;0
359;0
360;0
361;0
362;0
363;0
364;2
365;0
366;1
367;0
368;0
369;0
370;0
371;0
372;2
373;0
374;1
375;0
376;0
377;2
378;1
379;0
380;0
381;0
382;0
383;1
384;2
385;0
386;0
387;0
388;1
389;0
390;2
391;0
392;1
393;0
394;1
395;0
396;2
397;1
398;0
399;0
400;0
401;0
402;0
403;0
404;0
405;0
406;1
407;0
408;0
409;2
410;1
411;0
412;2
413;1
414;0
415;0
416;0
417;0
418;0
419;0
420;2
421;1
422;0
423;0
424;2
425;0
426;1
427;0
428;0
429;2
430;0
431;0
432;0
433;0
434;1
435;0
436;0
437;2
438;2
439;0
440;0
441;1
442;0
443;2
444;2
445;0
446;2
447;1
448;0
449;0
450;0
451;0
452;0
453;2
454;0
455;0
456;0
457;0
458;2
459;2
460;1
461;0
462;2
463;0
464;2
465;0
466;0
467;2
468;2
469;0
470;1
471;2
472;0
473;0
474;0
475;0
476;0
477;0
478;2
479;0
480;1
481;0
482;0
483;2
484;2
485;0
486;2
487;2
488;2
489;0
490;2
491;0
492;0
493;0
494;0
495;0
496;0
497;2
498;0
499;2
500;2
501;0
502;0
503;0
504;0
505;1
506;0
507;0
508;2
509;2
510;2
511;2
512;2
513;0
514;0
515;1
516;0
517;0
518;2
519;2
520;1
521;0
522;0
523;2
524;4
525;0
526;1
527;1
528;0
529;0
530;2
531;0
532;1
533;0
534;0
535;0
536;0
537;0
538;1
539;0
540;0
541;0
542;0
543;1
544;0
545;0
546;0
547;0
548;0
549;1
550;0
551;2
552;2
553;2
554;0
555;0
556;0
557;0
558;0
559;0
560;0
561;0
562;1
563;0
564;0
565;0
566;0
567;0
568;2
569;0
570;0
571;2
572;2
573;0
574;0
575;0
576;2
577;2
578;2
579;2
580;1
581;1
582;0
583;0
584;1
585;0
586;0
587;1
588;2
589;0
590;0
591;0
592;2
593;2
594;2
595;4
596;1
597;0
598;1
599;0
600;1
601;0
602;0
603;2
604;4
605;0
606;2
607;2
608;2
609;0
610;2
611;0
612;1
613;0
614;0
615;0
616;0
617;0
618;0
619;2
620;0
621;0
622;0
623;2
624;0
625;0
626;2
627;0
628;0
629;0
630;2
631;2
632;2
633;1
634;0
635;2
636;0
637;0
638;1
639;0
640;0
641;0
642;1
643;0
644;2
645;0
646;0
647;2
648;0
649;0
650;0
651;0
652;0
653;2
654;1
655;0
656;0
657;2
658;2
659;0
660;1
661;0
662;0
663;2
664;2
665;0
666;2
667;1
668;0
669;0
670;1
671;0
672;0
673;2
674;0
675;0
676;2
677;2
678;0
679;2
680;2
681;0
682;0
683;0
684;2
685;0
686;0
687;1
688;0
689;0
690;0
691;1
692;2
693;2
694;2
695;2
696;2
697;0
698;0
699;0
700;2
701;0
702;0
703;0
704;0
705;0
706;1
707;0
708;0
709;2
710;0
711;0
712;2
713;0
714;1
715;0
716;0
717;0
718;0
719;0
720;2
721;0
722;0
723;0
724;2
725;0
726;0
727;0
728;0
729;2
730;2
731;0
732;0
733;0
734;0
735;0
736;1
737;0
738;1
739;0
740;1
741;0
742;0
743;2
744;4
745;0
746;2
747;2
748;2
749;0
750;2
751;0
752;2
753;2
754;2
755;1
756;0
757;0
758;0
759;0
760;0
761;0
762;0
763;0
764;0
765;0
766;2
767;2
768;2
769;1
770;0
771;0
772;0
773;0
774;0
775;2
776;1
777;1
778;0
779;0
780;0
781;0
782;0
783;0
784;1
785;0
786;0
787;0
788;0
789;0
790;0
791;0
792;0
793;0
794;0
795;1
796;1
797;0
798;0
799;2
800;2
801;2
802;0
803;0
804;0
805;0
806;0
807;0
808;2
809;1
810;1
811;0
812;0
813;0
814;2
815;2
816;2
817;0
818;0
819;0
820;0
821;0
822;0
823;0
824;1
825;0
826;0
827;0
828;0
829;2
830;2
831;0
832;0
833;2
834;2
835;2
836;1
837;0
838;0
839;0
840;0
841;2
842;2
843;0
844;2
845;0
846;1
847;0
848;0
849;2
850;0
851;0
852;0
853;0
854;0
855;0
856;0
857;1
858;0
859;0
860;2
861;2
862;2
863;2
864;2
865;2
866;1
867;0
868;1
869;0
870;2
871;0
872;0
873;0
874;2
875;2
876;0
877;0
878;2
879;0
880;0
881;0
882;2
883;2
884;1
885;0
886;0
887;2
888;4
889;0
890;2
891;1
892;0
893;0
894;2
895;0
896;2
897;1
898;0
899;1
900;0
901;0
902;1
903;0
904;1
905;0
906;2
907;2
908;1
909;0
910;0
911;2
912;2
913;0
914;2
915;2
916;2
917;0
918;2
919;0
920;1
921;0
922;0
923;0
924;0
925;0
926;0
927;0
928;2
929;0
930;0
931;0
932;0
933;1
934;0
935;0
936;0
937;2
938;2
939;2
940;2
941;0
942;1
943;0
944;0
945;0
946;0
947;0
948;0
949;1
950;0
951;0
952;0
953;0
954;1
955;1
956;0
957;0
958;2
959;0
960;2
961;2
962;0
963;0
964;0
965;0
966;0
967;2
968;1
969;0
970;0
971;1
972;4
973;0
974;2
975;2
976;2
977;0
978;2
979;0
980;1
981;0
982;0
983;2
984;4
985;0
986;0
987;0
988;0
989;0
990;2
991;2
992;1
993;0
994;0
995;0
996;2
997;2
998;2
999;0
1000;0
1001;0
1002;2
1003;2
1004;1
1005;0
1006;0
1007;2
1008;3
1009;0
1010;2
1011;2
1012;1
1013;0
1014;0
1015;0
1016;0
1017;0
1018;0
1019;0
1020;0
1021;0
1022;0
1023;0
