0;1
1;0
2;0
3;0
4;2
5;1
6;0
7;2
8;0
9;0
10;2
11;0
12;2
13;1
14;0
15;0
16;0
17;0
18;0
19;1
20;0
21;0
22;2
23;2
24;0
25;2
26;1
27;0
28;0
29;1
30;0
31;0
32;1
33;0
34;0
35;2
36;0
37;0
38;0
39;0
40;1
41;0
42;0
43;1
44;1
45;0
46;1
47;2
48;1
49;0
50;0
51;2
52;2
53;2
54;2
55;2
56;0
57;0
58;2
59;0
60;2
61;1
62;0
63;0
64;0
65;0
66;0
67;1
68;0
69;0
70;0
71;2
72;2
73;0
74;0
75;0
76;2
77;0
78;2
79;0
80;2
81;0
82;0
83;2
84;0
85;0
86;0
87;0
88;2
89;1
90;0
91;1
92;1
93;0
94;2
95;2
96;1
97;1
98;0
99;1
100;2
101;0
102;2
103;2
104;0
105;0
106;2
107;0
108;4
109;0
110;1
111;0
112;2
113;0
114;0
115;0
116;2
117;0
118;0
119;0
120;0
121;0
122;0
123;0
124;1
125;0
126;0
127;2
128;2
129;2
130;0
131;0
132;1
133;2
134;1
135;0
136;0
137;0
138;0
139;0
140;0
141;0
142;0
143;2
144;1
145;0
146;0
147;2
148;2
149;0
150;2
151;1
152;0
153;0
154;2
155;0
156;0
157;0
158;0
159;0
160;0
161;1
162;0
163;0
164;0
165;0
166;2
167;0
168;0
169;0
170;0
171;0
172;2
173;2
174;0
175;0
176;1
177;0
178;0
179;0
180;1
181;0
182;0
183;1
184;0
185;0
186;0
187;1
188;1
189;0
190;2
191;0
192;0
193;0
194;2
195;0
196;1
197;0
198;0
199;2
200;0
201;0
202;0
203;2
204;1
205;0
206;2
207;0
208;2
209;0
210;0
211;0
212;0
213;2
214;1
215;0
216;0
217;0
218;0
219;2
220;1
221;0
222;0
223;2
224;2
225;0
226;0
227;2
228;1
229;0
230;0
231;0
232;0
233;0
234;0
235;0
236;0
237;2
238;0
239;0
240;1
241;0
242;1
243;0
244;2
245;2
246;0
247;2
248;1
249;0
250;1
251;0
252;0
253;0
254;2
255;0
256;1
257;0
258;0
259;0
260;2
261;0
262;0
263;2
264;0
265;0
266;0
267;0
268;0
269;0
270;0
271;0
272;0
273;0
274;0
275;2
276;0
277;0
278;2
279;1
280;0
281;0
282;2
283;1
284;0
285;0
286;2
287;2
288;1
289;0
290;0
291;2
292;1
293;0
294;2
295;1
296;0
297;0
298;2
299;0
300;2
301;0
302;0
303;2
304;1
305;0
306;0
307;2
308;0
309;2
310;2
311;2
312;0
313;0
314;2
315;2
316;1
317;0
318;0
319;1
320;0
321;0
322;0
323;0
324;0
325;0
326;1
327;0
328;2
329;0
330;0
331;2
332;1
333;0
334;1
335;2
336;2
337;1
338;0
339;0
340;0
341;0
342;1
343;0
344;2
345;0
346;0
347;2
348;0
349;0
350;0
351;2
352;1
353;0
354;0
355;0
356;2
357;1
358;0
359;2
360;1
361;0
362;0
363;1
364;2
365;2
366;0
367;2
368;2
369;0
370;2
371;0
372;1
373;1
374;1
375;0
376;0
377;1
378;1
379;0
380;0
381;0
382;0
383;0
384;2
385;2
386;1
387;0
388;2
389;2
390;0
391;0
392;1
393;0
394;0
395;0
396;0
397;0
398;1
399;0
400;2
401;0
402;1
403;0
404;0
405;0
406;1
407;2
408;1
409;0
410;0
411;2
412;2
413;0
414;1
415;1
416;1
417;0
418;2
419;0
420;0
421;0
422;0
423;0
424;2
425;2
426;2
427;0
428;0
429;2
430;1
431;0
432;0
433;0
434;0
435;0
436;0
437;0
438;0
439;0
440;0
441;0
442;2
443;1
444;0
445;0
446;0
447;0
448;0
449;1
450;1
451;0
452;2
453;0
454;0
455;1
456;0
457;0
458;0
459;1
460;0
461;0
462;0
463;0
464;1
465;0
466;0
467;2
468;2
469;0
470;0
471;1
472;2
473;0
474;2
475;0
476;1
477;0
478;0
479;0
480;2
481;0
482;0
483;0
484;0
485;0
486;1
487;0
488;2
489;1
490;0
491;0
492;0
493;2
494;0
495;2
496;0
497;0
498;0
499;2
500;2
501;1
502;0
503;0
504;0
505;0
506;2
507;0
508;2
509;0
510;2
511;2
512;0
513;0
514;2
515;2
516;0
517;0
518;0
519;0
520;0
521;0
522;1
523;0
524;0
525;2
526;1
527;0
528;0
529;0
530;1
531;0
532;0
533;0
534;0
535;0
536;0
537;0
538;0
539;2
540;1
541;0
542;2
543;2
544;2
545;0
546;2
547;0
548;2
549;1
550;0
551;0
552;2
553;2
554;2
555;2
556;1
557;0
558;2
559;0
560;0
561;2
562;0
563;0
564;0
565;2
566;1
567;0
568;0
569;0
570;2
571;2
572;1
573;0
574;0
575;2
576;2
577;0
578;2
579;1
580;0
581;0
582;2
583;2
584;1
585;0
586;0
587;2
588;1
589;0
590;0
591;0
592;2
593;0
594;0
595;1
596;2
597;0
598;0
599;1
600;0
601;1
602;0
603;2
604;1
605;0
606;0
607;0
608;1
609;0
610;0
611;0
612;0
613;1
614;0
615;0
616;2
617;2
618;0
619;0
620;2
621;0
622;0
623;0
624;0
625;0
626;2
627;2
628;2
629;0
630;0
631;0
632;2
633;0
634;0
635;0
636;0
637;0
638;0
639;0
640;0
641;0
642;0
643;2
644;4
645;0
646;2
647;0
648;2
649;0
650;0
651;0
652;2
653;0
654;1
655;0
656;0
657;0
658;0
659;2
660;2
661;0
662;0
663;0
664;0
665;0
666;0
667;0
668;1
669;0
670;0
671;1
672;2
673;1
674;0
675;0
676;1
677;1
678;0
679;0
680;0
681;0
682;0
683;0
684;0
685;0
686;0
687;0
688;0
689;0
690;0
691;2
692;4
693;0
694;0
695;1
696;2
697;0
698;2
699;0
700;1
701;0
702;0
703;1
704;0
705;0
706;0
707;0
708;0
709;0
710;2
711;2
712;2
713;2
714;2
715;0
716;0
717;0
718;0
719;0
720;0
721;0
722;0
723;0
724;0
725;2
726;1
727;0
728;0
729;2
730;0
731;0
732;0
733;1
734;0
735;0
736;1
737;0
738;0
739;0
740;1
741;0
742;1
743;2
744;1
745;0
746;0
747;2
748;2
749;0
750;2
751;2
752;2
753;0
754;2
755;0
756;0
757;0
758;0
759;2
760;0
761;0
762;2
763;2
764;0
765;1
766;1
767;0
768;0
769;0
770;0
771;0
772;0
773;0
774;0
775;0
776;1
777;0
778;1
779;0
780;0
781;0
782;2
783;0
784;0
785;0
786;0
787;2
788;4
789;0
790;0
791;0
792;0
793;2
794;2
795;0
796;1
797;0
798;0
799;0
800;0
801;1
802;0
803;0
804;0
805;1
806;0
807;0
808;1
809;0
810;0
811;0
812;0
813;1
814;2
815;0
816;0
817;0
818;0
819;0
820;1
821;0
822;0
823;0
824;0
825;2
826;0
827;0
828;2
829;0
830;0
831;0
832;1
833;0
834;2
835;0
836;0
837;2
838;2
839;0
840;1
841;0
842;1
843;0
844;1
845;0
846;1
847;0
848;0
849;0
850;0
851;0
852;1
853;2
854;2
855;2
856;2
857;0
858;0
859;0
860;2
861;1
862;0
863;2
864;0
865;0
866;0
867;2
868;1
869;0
870;1
871;0
872;0
873;2
874;0
875;0
876;1
877;0
878;0
879;0
880;0
881;0
882;0
883;0
884;0
885;1
886;2
887;2
888;2
889;0
890;2
891;0
892;2
893;2
894;0
895;0
896;0
897;2
898;2
899;0
900;0
901;0
902;0
903;0
904;2
905;0
906;2
907;2
908;2
909;1
910;0
911;0
912;2
913;2
914;0
915;2
916;0
917;0
918;0
919;0
920;0
921;0
922;1
923;0
924;0
925;0
926;0
927;0
928;0
929;1
930;0
931;0
932;1
933;0
934;1
935;0
936;2
937;2
938;0
939;0
940;0
941;0
942;0
943;0
944;0
945;0
946;2
947;2
948;1
949;0
950;0
951;1
952;4
953;0
954;2
955;2
956;2
957;0
958;2
959;0
960;1
961;0
962;0
963;2
964;0
965;1
966;0
967;0
968;0
969;0
970;0
971;2
972;0
973;0
974;1
975;0
976;0
977;2
978;2
979;1
980;0
981;1
982;0
983;2
984;0
985;0
986;0
987;0
988;2
989;0
990;2
991;0
992;2
993;2
994;0
995;1
996;2
997;2
998;2
999;1
1000;0
1001;2
1002;2
1003;1
1004;2
1005;1
1006;1
1007;1
1008;0
1009;0
1010;0
1011;1
1012;1
1013;0
1014;0
1015;0
1016;0
1017;0
1018;0
1019;0
1020;0
1021;0
1022;0
1023;0
