0;1
1;0
2;0
3;2
4;2
5;0
6;2
7;2
8;2
9;1
10;2
11;0
12;1
13;0
14;1
15;0
16;0
17;2
18;1
19;0
20;2
21;1
22;2
23;2
24;1
25;0
26;0
27;0
28;2
29;0
30;0
31;0
32;1
33;0
34;2
35;0
36;0
37;1
38;1
39;0
40;1
41;0
42;1
43;0
44;0
45;0
46;1
47;2
48;0
49;2
50;0
51;0
52;2
53;0
54;0
55;2
56;0
57;0
58;0
59;0
60;1
61;0
62;0
63;2
64;0
65;0
66;0
67;0
68;0
69;0
70;0
71;0
72;1
73;0
74;0
75;0
76;2
77;2
78;2
79;2
80;2
81;0
82;0
83;0
84;0
85;0
86;0
87;0
88;1
89;0
90;0
91;2
92;1
93;0
94;1
95;0
96;1
97;0
98;0
99;0
100;0
101;0
102;2
103;0
104;0
105;0
106;0
107;1
108;0
109;0
110;2
111;0
112;0
113;0
114;2
115;2
116;2
117;2
118;0
119;2
120;0
121;2
122;1
123;0
124;2
125;0
126;2
127;0
128;0
129;1
130;0
131;1
132;0
133;0
134;0
135;0
136;0
137;0
138;0
139;0
140;2
141;0
142;0
143;0
144;2
145;0
146;0
147;0
148;1
149;2
150;2
151;0
152;2
153;0
154;1
155;0
156;2
157;0
158;0
159;2
160;2
161;0
162;0
163;0
164;0
165;0
166;0
167;1
168;0
169;0
170;2
171;0
172;1
173;0
174;2
175;0
176;0
177;2
178;2
179;0
180;2
181;1
182;1
183;2
184;1
185;0
186;1
187;0
188;0
189;1
190;0
191;0
192;2
193;0
194;0
195;0
196;2
197;0
198;0
199;0
200;0
201;0
202;2
203;1
204;0
205;0
206;0
207;0
208;0
209;0
210;0
211;0
212;2
213;0
214;0
215;0
216;0
217;2
218;0
219;0
220;0
221;2
222;0
223;0
224;2
225;0
226;1
227;1
228;0
229;2
230;0
231;2
232;1
233;2
234;1
235;0
236;0
237;0
238;0
239;0
240;0
241;0
242;1
243;0
244;1
245;0
246;0
247;0
248;1
249;2
250;2
251;1
252;0
253;2
254;2
255;2
256;1
257;0
258;2
259;2
260;1
261;0
262;0
263;1
264;2
265;0
266;2
267;2
268;2
269;0
270;2
271;0
272;2
273;1
274;0
275;2
276;0
277;0
278;0
279;0
280;2
281;0
282;0
283;0
284;0
285;0
286;0
287;0
288;2
289;0
290;1
291;0
292;0
293;1
294;0
295;0
296;0
297;0
298;2
299;2
300;1
301;0
302;0
303;0
304;2
305;2
306;1
307;0
308;0
309;0
310;0
311;0
312;0
313;0
314;1
315;2
316;1
317;1
318;0
319;2
320;2
321;2
322;2
323;2
324;2
325;0
326;2
327;2
328;1
329;0
330;0
331;0
332;2
333;1
334;0
335;0
336;0
337;0
338;0
339;0
340;0
341;2
342;0
343;2
344;0
345;1
346;0
347;2
348;2
349;2
350;2
351;2
352;2
353;0
354;1
355;2
356;2
357;2
358;0
359;0
360;0
361;1
362;1
363;0
364;2
365;0
366;0
367;2
368;0
369;0
370;0
371;0
372;0
373;1
374;0
375;0
376;0
377;0
378;1
379;0
380;0
381;0
382;0
383;2
384;1
385;0
386;2
387;0
388;2
389;0
390;0
391;0
392;0
393;0
394;0
395;0
396;1
397;0
398;1
399;2
400;2
401;0
402;1
403;2
404;2
405;1
406;0
407;2
408;1
409;0
410;0
411;0
412;2
413;2
414;2
415;2
416;1
417;1
418;1
419;1
420;0
421;0
422;0
423;0
424;0
425;2
426;0
427;1
428;0
429;0
430;2
431;0
432;1
433;0
434;0
435;0
436;0
437;0
438;0
439;0
440;0
441;0
442;0
443;1
444;0
445;0
446;0
447;0
448;0
449;0
450;2
451;2
452;2
453;0
454;0
455;2
456;1
457;0
458;0
459;0
460;0
461;0
462;0
463;2
464;1
465;0
466;0
467;0
468;2
469;0
470;0
471;0
472;1
473;0
474;0
475;0
476;1
477;1
478;0
479;0
480;0
481;0
482;0
483;0
484;0
485;0
486;0
487;0
488;2
489;2
490;2
491;0
492;1
493;0
494;0
495;0
496;0
497;2
498;2
499;0
500;0
501;0
502;0
503;2
504;0
505;0
506;1
507;1
508;0
509;0
510;0
511;0
512;0
513;0
514;0
515;1
516;0
517;0
518;1
519;0
520;0
521;0
522;0
523;2
524;1
525;0
526;2
527;0
528;0
529;1
530;0
531;1
532;2
533;1
534;0
535;0
536;0
537;1
538;1
539;0
540;2
541;2
542;0
543;1
544;0
545;1
546;1
547;0
548;1
549;0
550;0
551;0
552;2
553;0
554;2
555;0
556;2
557;2
558;0
559;1
560;2
561;0
562;0
563;0
564;0
565;0
566;0
567;0
568;0
569;0
570;0
571;0
572;0
573;0
574;0
575;0
576;0
577;2
578;0
579;0
580;2
581;0
582;0
583;0
584;4
585;0
586;0
587;1
588;2
589;0
590;1
591;0
592;1
593;0
594;2
595;2
596;1
597;0
598;0
599;2
600;2
601;0
602;2
603;1
604;2
605;0
606;2
607;0
608;0
609;0
610;0
611;0
612;1
613;0
614;0
615;1
616;0
617;1
618;0
619;0
620;1
621;0
622;1
623;0
624;0
625;2
626;2
627;0
628;0
629;2
630;0
631;0
632;2
633;0
634;0
635;0
636;0
637;0
638;1
639;2
640;1
641;0
642;2
643;0
644;0
645;0
646;0
647;2
648;0
649;0
650;2
651;2
652;0
653;0
654;0
655;0
656;0
657;0
658;0
659;2
660;1
661;0
662;1
663;2
664;1
665;0
666;0
667;0
668;0
669;0
670;0
671;2
672;0
673;0
674;0
675;0
676;0
677;0
678;0
679;0
680;0
681;2
682;0
683;0
684;1
685;0
686;0
687;0
688;0
689;0
690;0
691;0
692;1
693;0
694;0
695;0
696;0
697;1
698;0
699;0
700;0
701;0
702;0
703;0
704;2
705;0
706;0
707;2
708;0
709;1
710;2
711;0
712;0
713;1
714;0
715;0
716;0
717;0
718;2
719;0
720;0
721;0
722;2
723;2
724;1
725;2
726;0
727;0
728;1
729;0
730;0
731;0
732;0
733;2
734;0
735;2
736;0
737;0
738;0
739;0
740;0
741;2
742;2
743;2
744;0
745;0
746;1
747;0
748;0
749;2
750;2
751;0
752;0
753;0
754;0
755;2
756;0
757;0
758;0
759;2
760;0
761;0
762;1
763;0
764;0
765;0
766;0
767;0
768;0
769;0
770;0
771;0
772;0
773;1
774;0
775;0
776;0
777;2
778;2
779;0
780;0
781;0
782;2
783;0
784;2
785;0
786;0
787;0
788;0
789;0
790;0
791;0
792;2
793;2
794;2
795;2
796;0
797;0
798;0
799;0
800;0
801;2
802;1
803;2
804;1
805;0
806;1
807;1
808;0
809;0
810;0
811;1
812;0
813;0
814;1
815;2
816;1
817;0
818;2
819;1
820;0
821;0
822;0
823;2
824;2
825;0
826;2
827;2
828;2
829;0
830;2
831;0
832;2
833;0
834;1
835;2
836;2
837;0
838;0
839;0
840;0
841;1
842;1
843;0
844;0
845;0
846;0
847;0
848;0
849;1
850;0
851;0
852;0
853;0
854;2
855;0
856;0
857;1
858;1
859;0
860;0
861;0
862;1
863;0
864;1
865;0
866;0
867;2
868;0
869;0
870;1
871;0
872;1
873;0
874;1
875;1
876;0
877;0
878;0
879;2
880;0
881;0
882;0
883;2
884;2
885;0
886;0
887;0
888;2
889;2
890;0
891;0
892;0
893;0
894;0
895;2
896;1
897;0
898;0
899;0
900;0
901;0
902;1
903;0
904;0
905;0
906;1
907;0
908;1
909;1
910;2
911;1
912;2
913;0
914;2
915;2
916;2
917;2
918;2
919;2
920;2
921;0
922;0
923;0
924;0
925;0
926;0
927;0
928;0
929;0
930;1
931;2
932;2
933;0
934;0
935;0
936;0
937;1
938;0
939;0
940;2
941;0
942;2
943;0
944;0
945;0
946;0
947;0
948;0
949;0
950;2
951;1
952;0
953;0
954;0
955;2
956;0
957;0
958;0
959;0
960;0
961;0
962;0
963;0
964;0
965;0
966;0
967;0
968;1
969;0
970;0
971;0
972;0
973;0
974;2
975;0
976;0
977;2
978;0
979;0
980;2
981;0
982;0
983;2
984;2
985;0
986;0
987;0
988;2
989;2
990;2
991;2
992;0
993;1
994;0
995;0
996;0
997;0
998;0
999;0
1000;2
1001;1
1002;0
1003;2
1004;2
1005;0
1006;0
1007;0
1008;0
1009;0
1010;0
1011;0
1012;0
1013;0
1014;0
1015;0
1016;0
1017;0
1018;0
1019;0
1020;0
1021;0
1022;0
1023;0
