0;2
1;0
2;0
3;2
4;2
5;0
6;2
7;2
8;2
9;0
10;2
11;0
12;1
13;0
14;1
15;0
16;0
17;2
18;2
19;0
20;0
21;2
22;0
23;0
24;1
25;0
26;0
27;0
28;2
29;0
30;0
31;0
32;1
33;2
34;1
35;0
36;2
37;1
38;2
39;2
40;2
41;1
42;0
43;0
44;2
45;0
46;0
47;0
48;0
49;2
50;0
51;0
52;2
53;0
54;0
55;0
56;1
57;0
58;0
59;0
60;1
61;2
62;0
63;2
64;0
65;0
66;0
67;0
68;0
69;1
70;0
71;0
72;0
73;0
74;0
75;0
76;2
77;2
78;2
79;0
80;0
81;0
82;0
83;2
84;0
85;0
86;0
87;0
88;0
89;0
90;1
91;2
92;0
93;0
94;1
95;0
96;0
97;0
98;0
99;0
100;0
101;0
102;2
103;1
104;0
105;0
106;0
107;0
108;0
109;0
110;0
111;0
112;0
113;2
114;2
115;2
116;2
117;2
118;0
119;0
120;0
121;2
122;2
123;2
124;2
125;0
126;0
127;0
128;0
129;0
130;1
131;2
132;2
133;0
134;0
135;0
136;0
137;0
138;0
139;0
140;2
141;0
142;0
143;0
144;2
145;0
146;0
147;0
148;0
149;2
150;2
151;0
152;2
153;0
154;1
155;0
156;0
157;0
158;0
159;0
160;0
161;0
162;0
163;1
164;1
165;0
166;0
167;0
168;0
169;0
170;1
171;0
172;2
173;0
174;1
175;0
176;0
177;2
178;1
179;0
180;2
181;0
182;0
183;0
184;0
185;0
186;0
187;0
188;0
189;1
190;1
191;0
192;1
193;0
194;1
195;0
196;0
197;0
198;0
199;0
200;0
201;0
202;2
203;0
204;0
205;0
206;0
207;0
208;0
209;0
210;2
211;1
212;0
213;0
214;0
215;2
216;2
217;0
218;2
219;2
220;2
221;0
222;2
223;0
224;2
225;1
226;1
227;0
228;0
229;0
230;0
231;0
232;0
233;2
234;0
235;0
236;0
237;1
238;0
239;0
240;2
241;0
242;1
243;0
244;0
245;2
246;0
247;2
248;0
249;0
250;1
251;0
252;0
253;0
254;2
255;0
256;0
257;0
258;0
259;0
260;0
261;0
262;2
263;0
264;0
265;2
266;2
267;0
268;0
269;0
270;1
271;0
272;2
273;0
274;1
275;0
276;0
277;0
278;0
279;2
280;0
281;2
282;2
283;1
284;0
285;0
286;0
287;2
288;4
289;0
290;2
291;2
292;2
293;0
294;2
295;0
296;2
297;0
298;0
299;1
300;0
301;0
302;0
303;0
304;2
305;0
306;0
307;0
308;0
309;1
310;0
311;0
312;0
313;1
314;1
315;0
316;0
317;1
318;0
319;0
320;2
321;0
322;0
323;0
324;1
325;0
326;0
327;0
328;2
329;0
330;1
331;0
332;0
333;1
334;0
335;2
336;2
337;2
338;0
339;1
340;0
341;2
342;2
343;2
344;0
345;0
346;0
347;0
348;0
349;1
350;1
351;2
352;2
353;2
354;0
355;0
356;0
357;0
358;0
359;2
360;0
361;1
362;0
363;0
364;2
365;2
366;2
367;2
368;2
369;0
370;1
371;0
372;0
373;2
374;0
375;0
376;0
377;0
378;1
379;0
380;2
381;0
382;2
383;0
384;0
385;2
386;2
387;1
388;2
389;0
390;0
391;0
392;0
393;0
394;0
395;0
396;2
397;0
398;0
399;0
400;0
401;0
402;2
403;0
404;2
405;0
406;0
407;0
408;2
409;0
410;0
411;0
412;2
413;0
414;0
415;0
416;0
417;0
418;2
419;2
420;2
421;1
422;1
423;2
424;1
425;1
426;0
427;0
428;2
429;2
430;1
431;2
432;2
433;1
434;1
435;0
436;0
437;0
438;0
439;0
440;0
441;0
442;0
443;0
444;1
445;0
446;2
447;2
448;2
449;0
450;0
451;0
452;0
453;0
454;0
455;1
456;0
457;2
458;0
459;2
460;0
461;0
462;0
463;1
464;0
465;0
466;2
467;2
468;2
469;0
470;1
471;0
472;0
473;2
474;0
475;1
476;0
477;0
478;1
479;0
480;0
481;0
482;0
483;2
484;2
485;0
486;0
487;0
488;1
489;0
490;0
491;0
492;1
493;2
494;0
495;0
496;2
497;0
498;0
499;0
500;0
501;0
502;0
503;1
504;2
505;2
506;2
507;0
508;0
509;2
510;0
511;0
512;0
513;2
514;2
515;0
516;0
517;2
518;2
519;2
520;0
521;1
522;1
523;0
524;0
525;0
526;2
527;0
528;0
529;0
530;0
531;0
532;0
533;0
534;1
535;1
536;0
537;0
538;1
539;2
540;1
541;0
542;2
543;0
544;0
545;2
546;0
547;2
548;2
549;2
550;2
551;0
552;0
553;1
554;0
555;0
556;0
557;2
558;0
559;1
560;0
561;1
562;1
563;0
564;0
565;0
566;0
567;0
568;0
569;0
570;0
571;0
572;1
573;0
574;0
575;1
576;0
577;0
578;0
579;2
580;2
581;0
582;2
583;1
584;0
585;0
586;2
587;0
588;0
589;0
590;0
591;1
592;0
593;0
594;1
595;0
596;0
597;0
598;0
599;0
600;4
601;0
602;0
603;0
604;1
605;0
606;0
607;0
608;2
609;0
610;0
611;0
612;2
613;0
614;0
615;0
616;2
617;0
618;0
619;0
620;2
621;0
622;0
623;0
624;0
625;0
626;1
627;0
628;0
629;0
630;2
631;0
632;2
633;2
634;0
635;0
636;0
637;1
638;1
639;0
640;2
641;0
642;0
643;0
644;0
645;0
646;0
647;0
648;1
649;1
650;0
651;0
652;0
653;0
654;0
655;2
656;0
657;0
658;0
659;0
660;0
661;0
662;1
663;0
664;0
665;0
666;1
667;0
668;0
669;0
670;0
671;0
672;0
673;0
674;2
675;1
676;0
677;0
678;0
679;0
680;0
681;0
682;0
683;0
684;1
685;0
686;1
687;0
688;0
689;0
690;1
691;0
692;2
693;1
694;0
695;2
696;4
697;2
698;2
699;2
700;2
701;0
702;2
703;0
704;2
705;0
706;0
707;2
708;0
709;1
710;0
711;0
712;0
713;0
714;0
715;0
716;0
717;0
718;0
719;0
720;0
721;0
722;0
723;0
724;0
725;1
726;0
727;0
728;0
729;0
730;0
731;0
732;0
733;2
734;0
735;0
736;0
737;2
738;1
739;0
740;1
741;0
742;2
743;2
744;2
745;2
746;0
747;2
748;2
749;0
750;2
751;0
752;2
753;0
754;2
755;2
756;1
757;0
758;0
759;0
760;0
761;0
762;2
763;0
764;0
765;0
766;1
767;0
768;1
769;0
770;0
771;2
772;2
773;2
774;2
775;2
776;2
777;0
778;2
779;2
780;1
781;0
782;2
783;0
784;1
785;0
786;2
787;2
788;0
789;1
790;0
791;2
792;1
793;1
794;0
795;0
796;0
797;2
798;0
799;1
800;1
801;0
802;0
803;0
804;0
805;2
806;4
807;0
808;0
809;0
810;1
811;0
812;0
813;0
814;2
815;0
816;0
817;0
818;0
819;0
820;0
821;0
822;2
823;1
824;0
825;0
826;1
827;1
828;0
829;0
830;0
831;0
832;0
833;0
834;1
835;0
836;0
837;1
838;0
839;0
840;0
841;2
842;2
843;0
844;1
845;1
846;1
847;0
848;2
849;0
850;0
851;0
852;0
853;0
854;0
855;0
856;0
857;2
858;1
859;0
860;2
861;0
862;0
863;0
864;0
865;2
866;1
867;2
868;1
869;0
870;1
871;2
872;2
873;0
874;1
875;0
876;0
877;0
878;0
879;0
880;2
881;0
882;0
883;0
884;0
885;0
886;0
887;1
888;0
889;2
890;2
891;0
892;0
893;0
894;0
895;0
896;1
897;1
898;0
899;0
900;0
901;0
902;2
903;0
904;0
905;0
906;1
907;0
908;0
909;0
910;2
911;2
912;1
913;0
914;0
915;1
916;1
917;0
918;2
919;2
920;2
921;0
922;2
923;0
924;2
925;1
926;0
927;1
928;0
929;0
930;0
931;1
932;1
933;0
934;2
935;2
936;1
937;2
938;0
939;2
940;4
941;0
942;2
943;2
944;2
945;0
946;2
947;0
948;2
949;0
950;0
951;1
952;0
953;0
954;2
955;1
956;0
957;0
958;0
959;0
960;2
961;2
962;0
963;0
964;0
965;0
966;2
967;0
968;0
969;0
970;0
971;1
972;0
973;0
974;1
975;0
976;4
977;1
978;1
979;0
980;0
981;2
982;2
983;2
984;2
985;0
986;1
987;0
988;0
989;2
990;2
991;2
992;0
993;0
994;2
995;0
996;0
997;0
998;0
999;0
1000;0
1001;0
1002;1
1003;0
1004;0
1005;1
1006;0
1007;0
1008;0
1009;0
1010;2
1011;2
1012;0
1013;0
1014;1
1015;0
1016;0
1017;0
1018;0
1019;0
1020;0
1021;0
1022;0
1023;0
