0;1
1;0
2;0
3;1
4;0
5;0
6;0
7;2
8;2
9;0
10;2
11;0
12;2
13;0
14;0
15;0
16;0
17;1
18;0
19;0
20;2
21;2
22;1
23;0
24;1
25;0
26;2
27;2
28;0
29;2
30;0
31;2
32;0
33;0
34;0
35;0
36;0
37;0
38;2
39;1
40;0
41;0
42;0
43;0
44;2
45;0
46;0
47;0
48;0
49;0
50;0
51;2
52;0
53;0
54;0
55;0
56;0
57;0
58;1
59;0
60;1
61;0
62;0
63;1
64;0
65;0
66;2
67;1
68;0
69;0
70;2
71;2
72;1
73;0
74;0
75;0
76;0
77;0
78;0
79;0
80;1
81;0
82;2
83;1
84;0
85;2
86;0
87;0
88;0
89;2
90;2
91;2
92;2
93;2
94;2
95;1
96;0
97;0
98;2
99;1
100;0
101;0
102;1
103;0
104;0
105;0
106;2
107;0
108;0
109;2
110;0
111;0
112;0
113;0
114;0
115;1
116;0
117;0
118;2
119;1
120;0
121;2
122;1
123;0
124;1
125;0
126;0
127;0
128;2
129;0
130;2
131;0
132;2
133;0
134;2
135;2
136;1
137;0
138;0
139;0
140;1
141;0
142;0
143;2
144;2
145;0
146;2
147;0
148;2
149;0
150;2
151;2
152;1
153;0
154;2
155;0
156;0
157;0
158;0
159;0
160;0
161;0
162;1
163;0
164;0
165;0
166;0
167;0
168;0
169;0
170;2
171;1
172;0
173;2
174;2
175;2
176;1
177;1
178;0
179;0
180;1
181;2
182;2
183;2
184;2
185;0
186;2
187;2
188;2
189;0
190;2
191;1
192;0
193;0
194;2
195;1
196;0
197;2
198;0
199;2
200;0
201;0
202;0
203;2
204;1
205;0
206;0
207;0
208;2
209;1
210;0
211;2
212;1
213;0
214;0
215;1
216;2
217;0
218;2
219;2
220;2
221;0
222;2
223;0
224;0
225;0
226;0
227;0
228;0
229;0
230;0
231;0
232;0
233;0
234;2
235;2
236;1
237;0
238;0
239;0
240;0
241;0
242;2
243;2
244;1
245;0
246;0
247;2
248;2
249;0
250;2
251;2
252;2
253;0
254;2
255;0
256;0
257;0
258;0
259;2
260;0
261;0
262;0
263;0
264;0
265;0
266;2
267;1
268;0
269;2
270;0
271;2
272;0
273;0
274;2
275;2
276;2
277;0
278;0
279;0
280;0
281;0
282;0
283;1
284;0
285;0
286;0
287;0
288;2
289;2
290;0
291;1
292;0
293;0
294;0
295;0
296;0
297;1
298;0
299;0
300;2
301;0
302;0
303;0
304;2
305;0
306;0
307;2
308;0
309;0
310;0
311;0
312;0
313;0
314;2
315;1
316;0
317;0
318;2
319;2
320;1
321;0
322;0
323;2
324;2
325;0
326;1
327;1
328;0
329;0
330;2
331;0
332;0
333;0
334;0
335;0
336;0
337;1
338;0
339;0
340;0
341;0
342;0
343;0
344;0
345;1
346;1
347;0
348;0
349;0
350;0
351;0
352;1
353;0
354;0
355;2
356;1
357;0
358;2
359;1
360;2
361;0
362;0
363;0
364;0
365;0
366;2
367;1
368;0
369;0
370;0
371;0
372;0
373;0
374;1
375;2
376;1
377;0
378;0
379;2
380;2
381;0
382;2
383;1
384;2
385;0
386;2
387;0
388;2
389;0
390;2
391;0
392;0
393;2
394;0
395;2
396;2
397;0
398;0
399;0
400;4
401;0
402;2
403;0
404;0
405;1
406;0
407;2
408;1
409;0
410;0
411;0
412;2
413;1
414;0
415;0
416;0
417;0
418;0
419;0
420;0
421;0
422;2
423;1
424;0
425;2
426;1
427;0
428;0
429;0
430;0
431;0
432;0
433;0
434;0
435;1
436;0
437;2
438;1
439;2
440;2
441;2
442;2
443;2
444;0
445;2
446;2
447;1
448;0
449;0
450;2
451;1
452;0
453;0
454;0
455;2
456;2
457;2
458;0
459;0
460;2
461;0
462;2
463;0
464;2
465;0
466;0
467;0
468;0
469;1
470;0
471;0
472;1
473;0
474;2
475;2
476;1
477;0
478;2
479;0
480;2
481;0
482;2
483;2
484;2
485;0
486;2
487;0
488;0
489;0
490;2
491;1
492;0
493;0
494;0
495;0
496;0
497;2
498;0
499;1
500;0
501;0
502;0
503;2
504;0
505;0
506;0
507;0
508;2
509;0
510;2
511;2
512;2
513;0
514;0
515;1
516;0
517;0
518;0
519;0
520;0
521;0
522;2
523;2
524;0
525;0
526;0
527;0
528;0
529;0
530;0
531;0
532;0
533;0
534;2
535;2
536;1
537;0
538;0
539;2
540;1
541;2
542;1
543;2
544;0
545;0
546;2
547;0
548;2
549;1
550;0
551;0
552;0
553;0
554;2
555;1
556;0
557;0
558;0
559;0
560;0
561;0
562;2
563;2
564;0
565;0
566;0
567;0
568;0
569;0
570;4
571;1
572;0
573;0
574;0
575;2
576;4
577;0
578;2
579;2
580;2
581;2
582;2
583;0
584;2
585;2
586;1
587;0
588;0
589;0
590;1
591;2
592;0
593;0
594;0
595;2
596;2
597;0
598;2
599;2
600;2
601;0
602;0
603;0
604;1
605;0
606;2
607;2
608;0
609;0
610;0
611;0
612;2
613;0
614;2
615;2
616;2
617;0
618;2
619;0
620;2
621;0
622;2
623;1
624;0
625;0
626;2
627;0
628;0
629;0
630;0
631;1
632;1
633;0
634;0
635;0
636;0
637;0
638;2
639;0
640;1
641;0
642;2
643;1
644;0
645;1
646;0
647;2
648;0
649;0
650;0
651;2
652;2
653;0
654;0
655;0
656;2
657;0
658;0
659;2
660;0
661;0
662;0
663;0
664;0
665;0
666;0
667;0
668;0
669;2
670;2
671;0
672;1
673;0
674;0
675;2
676;1
677;0
678;2
679;1
680;0
681;0
682;0
683;0
684;0
685;2
686;0
687;0
688;2
689;2
690;2
691;1
692;0
693;0
694;0
695;0
696;0
697;0
698;2
699;1
700;0
701;0
702;0
703;0
704;2
705;2
706;2
707;2
708;2
709;0
710;0
711;0
712;0
713;0
714;0
715;0
716;0
717;0
718;0
719;1
720;0
721;2
722;0
723;0
724;0
725;0
726;2
727;1
728;0
729;0
730;0
731;0
732;1
733;0
734;1
735;0
736;1
737;0
738;0
739;0
740;4
741;0
742;2
743;2
744;2
745;0
746;2
747;0
748;1
749;0
750;0
751;0
752;4
753;0
754;2
755;2
756;0
757;1
758;0
759;2
760;2
761;2
762;0
763;0
764;1
765;0
766;0
767;0
768;1
769;2
770;0
771;0
772;1
773;0
774;0
775;0
776;0
777;0
778;0
779;0
780;0
781;0
782;0
783;2
784;2
785;1
786;0
787;0
788;0
789;0
790;0
791;0
792;1
793;1
794;0
795;0
796;1
797;0
798;0
799;2
800;1
801;2
802;0
803;2
804;1
805;2
806;2
807;2
808;2
809;0
810;0
811;0
812;0
813;0
814;2
815;1
816;0
817;0
818;0
819;0
820;2
821;0
822;0
823;0
824;0
825;0
826;0
827;0
828;0
829;0
830;2
831;0
832;2
833;2
834;0
835;0
836;0
837;0
838;0
839;2
840;2
841;1
842;1
843;0
844;0
845;2
846;2
847;2
848;2
849;0
850;0
851;1
852;0
853;0
854;0
855;0
856;1
857;1
858;0
859;0
860;0
861;2
862;0
863;0
864;0
865;2
866;2
867;2
868;1
869;0
870;0
871;0
872;0
873;0
874;1
875;0
876;0
877;0
878;0
879;2
880;4
881;0
882;2
883;2
884;2
885;0
886;2
887;0
888;2
889;0
890;0
891;0
892;0
893;0
894;0
895;0
896;0
897;2
898;0
899;0
900;0
901;2
902;2
903;1
904;0
905;2
906;2
907;2
908;1
909;0
910;2
911;0
912;2
913;0
914;2
915;2
916;0
917;1
918;0
919;0
920;0
921;0
922;0
923;0
924;0
925;2
926;1
927;0
928;2
929;0
930;0
931;1
932;0
933;0
934;0
935;0
936;0
937;0
938;0
939;2
940;1
941;0
942;0
943;2
944;2
945;0
946;2
947;2
948;2
949;0
950;2
951;0
952;2
953;0
954;0
955;0
956;1
957;0
958;0
959;0
960;0
961;0
962;0
963;2
964;0
965;0
966;0
967;0
968;1
969;0
970;0
971;0
972;0
973;0
974;0
975;2
976;0
977;0
978;1
979;0
980;0
981;0
982;2
983;2
984;2
985;2
986;0
987;0
988;4
989;0
990;2
991;1
992;0
993;0
994;1
995;2
996;1
997;0
998;1
999;0
1000;2
1001;2
1002;1
1003;0
1004;1
1005;0
1006;0
1007;0
1008;0
1009;1
1010;2
1011;0
1012;1
1013;0
1014;0
1015;0
1016;0
1017;0
1018;0
1019;0
1020;0
1021;0
1022;0
1023;0
