0;1
1;0
2;0
3;1
4;0
5;0
6;0
7;2
8;2
9;0
10;2
11;0
12;1
13;0
14;0
15;0
16;0
17;0
18;0
19;0
20;2
21;0
22;0
23;2
24;0
25;0
26;1
27;2
28;0
29;0
30;1
31;1
32;0
33;0
34;0
35;2
36;4
37;0
38;2
39;2
40;2
41;0
42;0
43;0
44;1
45;0
46;1
47;0
48;0
49;0
50;0
51;0
52;0
53;0
54;0
55;2
56;1
57;2
58;2
59;2
60;2
61;0
62;0
63;0
64;1
65;0
66;0
67;2
68;0
69;0
70;0
71;2
72;2
73;0
74;0
75;0
76;0
77;0
78;1
79;2
80;1
81;0
82;0
83;0
84;0
85;2
86;0
87;2
88;0
89;0
90;0
91;2
92;1
93;0
94;2
95;0
96;0
97;0
98;0
99;0
100;0
101;0
102;0
103;1
104;1
105;0
106;0
107;2
108;2
109;0
110;0
111;2
112;2
113;0
114;2
115;0
116;0
117;1
118;2
119;1
120;0
121;0
122;0
123;2
124;2
125;0
126;0
127;0
128;0
129;0
130;0
131;0
132;0
133;1
134;0
135;0
136;1
137;0
138;1
139;0
140;0
141;0
142;2
143;2
144;1
145;1
146;0
147;0
148;2
149;0
150;2
151;0
152;0
153;0
154;0
155;2
156;2
157;0
158;0
159;1
160;0
161;1
162;0
163;1
164;0
165;0
166;0
167;0
168;1
169;0
170;0
171;0
172;2
173;0
174;0
175;0
176;1
177;0
178;1
179;2
180;0
181;0
182;0
183;0
184;0
185;0
186;2
187;2
188;1
189;0
190;0
191;1
192;0
193;0
194;2
195;2
196;0
197;2
198;2
199;0
200;0
201;0
202;0
203;0
204;0
205;1
206;0
207;0
208;0
209;0
210;0
211;2
212;1
213;0
214;0
215;1
216;0
217;2
218;2
219;0
220;1
221;0
222;2
223;0
224;0
225;0
226;1
227;0
228;0
229;0
230;0
231;2
232;2
233;2
234;0
235;1
236;0
237;0
238;0
239;0
240;0
241;0
242;0
243;0
244;0
245;0
246;2
247;2
248;2
249;2
250;0
251;2
252;2
253;0
254;0
255;0
256;0
257;2
258;0
259;0
260;0
261;0
262;0
263;1
264;0
265;0
266;0
267;0
268;0
269;0
270;2
271;2
272;2
273;0
274;0
275;0
276;2
277;0
278;2
279;2
280;1
281;0
282;0
283;0
284;0
285;1
286;2
287;0
288;0
289;0
290;0
291;2
292;0
293;0
294;0
295;0
296;0
297;2
298;0
299;0
300;0
301;0
302;2
303;0
304;1
305;0
306;1
307;0
308;1
309;0
310;0
311;2
312;1
313;0
314;0
315;2
316;0
317;0
318;0
319;0
320;0
321;0
322;2
323;0
324;1
325;0
326;0
327;0
328;2
329;0
330;0
331;0
332;0
333;0
334;2
335;2
336;2
337;0
338;0
339;2
340;2
341;0
342;2
343;1
344;0
345;0
346;0
347;0
348;0
349;0
350;0
351;2
352;1
353;0
354;0
355;0
356;4
357;2
358;1
359;2
360;2
361;0
362;2
363;0
364;2
365;0
366;0
367;0
368;0
369;0
370;0
371;0
372;0
373;2
374;0
375;0
376;0
377;2
378;0
379;0
380;2
381;0
382;0
383;2
384;1
385;0
386;0
387;2
388;1
389;0
390;0
391;2
392;2
393;0
394;2
395;0
396;2
397;0
398;0
399;0
400;0
401;0
402;0
403;0
404;0
405;0
406;0
407;0
408;0
409;0
410;0
411;2
412;2
413;1
414;0
415;0
416;0
417;2
418;1
419;2
420;1
421;0
422;0
423;0
424;0
425;0
426;0
427;2
428;1
429;0
430;0
431;2
432;2
433;0
434;2
435;2
436;2
437;0
438;2
439;0
440;0
441;0
442;0
443;0
444;2
445;2
446;0
447;2
448;1
449;0
450;0
451;1
452;0
453;2
454;0
455;0
456;2
457;1
458;0
459;0
460;0
461;0
462;0
463;0
464;1
465;0
466;1
467;0
468;2
469;1
470;1
471;0
472;0
473;0
474;0
475;0
476;1
477;0
478;0
479;2
480;2
481;0
482;2
483;2
484;0
485;2
486;2
487;0
488;1
489;0
490;0
491;0
492;1
493;1
494;0
495;1
496;0
497;2
498;2
499;0
500;0
501;2
502;2
503;0
504;0
505;0
506;0
507;0
508;0
509;0
510;0
511;0
512;2
513;0
514;0
515;0
516;2
517;1
518;0
519;0
520;2
521;0
522;0
523;0
524;1
525;0
526;2
527;1
528;0
529;0
530;0
531;0
532;2
533;0
534;2
535;2
536;2
537;0
538;0
539;0
540;0
541;2
542;1
543;0
544;2
545;2
546;0
547;0
548;0
549;0
550;0
551;0
552;0
553;1
554;0
555;0
556;0
557;2
558;2
559;0
560;0
561;0
562;2
563;1
564;0
565;0
566;0
567;0
568;0
569;0
570;2
571;2
572;1
573;0
574;0
575;0
576;0
577;0
578;0
579;0
580;2
581;0
582;0
583;1
584;0
585;0
586;2
587;0
588;0
589;2
590;0
591;0
592;0
593;0
594;0
595;2
596;1
597;0
598;0
599;4
600;0
601;1
602;0
603;0
604;0
605;0
606;2
607;2
608;1
609;0
610;0
611;2
612;2
613;0
614;0
615;2
616;2
617;0
618;2
619;0
620;0
621;0
622;2
623;1
624;0
625;0
626;0
627;2
628;2
629;0
630;2
631;2
632;2
633;0
634;2
635;0
636;1
637;0
638;0
639;0
640;0
641;0
642;0
643;0
644;0
645;0
646;0
647;0
648;0
649;0
650;0
651;2
652;1
653;0
654;0
655;0
656;1
657;2
658;1
659;0
660;0
661;0
662;0
663;0
664;0
665;0
666;0
667;0
668;1
669;0
670;2
671;2
672;1
673;0
674;0
675;2
676;1
677;0
678;0
679;2
680;2
681;0
682;2
683;0
684;0
685;0
686;2
687;1
688;2
689;0
690;0
691;0
692;0
693;0
694;2
695;2
696;0
697;0
698;0
699;1
700;0
701;2
702;0
703;2
704;1
705;0
706;0
707;1
708;0
709;0
710;0
711;2
712;4
713;0
714;2
715;2
716;2
717;0
718;2
719;0
720;1
721;2
722;0
723;0
724;0
725;0
726;2
727;0
728;2
729;0
730;0
731;2
732;4
733;0
734;2
735;2
736;0
737;0
738;0
739;2
740;1
741;2
742;0
743;2
744;2
745;2
746;2
747;2
748;2
749;0
750;0
751;0
752;2
753;0
754;0
755;1
756;0
757;0
758;1
759;0
760;1
761;1
762;0
763;2
764;2
765;2
766;2
767;2
768;0
769;0
770;0
771;0
772;0
773;1
774;0
775;0
776;2
777;0
778;0
779;0
780;0
781;2
782;1
783;0
784;0
785;1
786;0
787;2
788;0
789;0
790;0
791;2
792;2
793;0
794;1
795;0
796;0
797;0
798;0
799;2
800;1
801;0
802;0
803;2
804;1
805;1
806;2
807;2
808;1
809;1
810;0
811;0
812;0
813;1
814;1
815;1
816;1
817;0
818;0
819;2
820;4
821;0
822;2
823;1
824;0
825;0
826;0
827;0
828;1
829;1
830;2
831;0
832;0
833;0
834;0
835;0
836;0
837;0
838;2
839;4
840;2
841;0
842;2
843;2
844;1
845;0
846;2
847;2
848;1
849;0
850;0
851;2
852;4
853;0
854;2
855;0
856;2
857;0
858;2
859;0
860;1
861;0
862;2
863;0
864;0
865;2
866;0
867;0
868;1
869;1
870;1
871;0
872;0
873;0
874;0
875;0
876;0
877;0
878;2
879;0
880;1
881;0
882;2
883;1
884;0
885;0
886;0
887;2
888;0
889;0
890;2
891;2
892;2
893;0
894;0
895;1
896;0
897;1
898;0
899;0
900;1
901;0
902;2
903;1
904;0
905;0
906;0
907;0
908;2
909;0
910;0
911;2
912;2
913;0
914;0
915;0
916;1
917;1
918;2
919;0
920;0
921;0
922;0
923;0
924;0
925;0
926;0
927;1
928;0
929;0
930;2
931;0
932;0
933;1
934;1
935;0
936;1
937;0
938;0
939;0
940;2
941;0
942;2
943;1
944;0
945;0
946;0
947;0
948;1
949;0
950;1
951;0
952;0
953;0
954;0
955;0
956;0
957;1
958;0
959;0
960;0
961;1
962;0
963;0
964;0
965;2
966;2
967;0
968;1
969;0
970;2
971;2
972;2
973;1
974;0
975;0
976;1
977;2
978;2
979;0
980;2
981;0
982;2
983;2
984;2
985;2
986;2
987;0
988;0
989;0
990;0
991;0
992;0
993;1
994;0
995;0
996;0
997;0
998;0
999;1
1000;2
1001;0
1002;0
1003;2
1004;1
1005;0
1006;0
1007;0
1008;1
1009;0
1010;1
1011;0
1012;0
1013;1
1014;1
1015;1
1016;0
1017;0
1018;0
1019;0
1020;0
1021;0
1022;0
1023;0
