0;0
1;0
2;0
3;2
4;2
5;2
6;2
7;2
8;0
9;0
10;0
11;0
12;0
13;0
14;2
15;0
16;0
17;0
18;1
19;0
20;0
21;0
22;0
23;2
24;4
25;0
26;0
27;2
28;2
29;0
30;2
31;0
32;1
33;0
34;0
35;0
36;0
37;0
38;1
39;0
40;0
41;0
42;0
43;0
44;0
45;0
46;2
47;0
48;0
49;0
50;0
51;2
52;1
53;2
54;2
55;0
56;2
57;0
58;1
59;0
60;2
61;1
62;1
63;0
64;2
65;1
66;0
67;1
68;0
69;2
70;0
71;0
72;0
73;0
74;0
75;0
76;0
77;0
78;0
79;0
80;1
81;0
82;0
83;1
84;0
85;0
86;0
87;0
88;0
89;1
90;0
91;0
92;2
93;0
94;0
95;0
96;2
97;1
98;0
99;0
100;2
101;0
102;0
103;2
104;0
105;0
106;0
107;0
108;1
109;0
110;0
111;2
112;2
113;0
114;0
115;1
116;0
117;0
118;0
119;0
120;0
121;0
122;0
123;1
124;0
125;0
126;0
127;1
128;0
129;0
130;0
131;0
132;0
133;1
134;0
135;1
136;0
137;1
138;0
139;0
140;0
141;2
142;2
143;2
144;2
145;2
146;0
147;0
148;0
149;1
150;2
151;0
152;0
153;0
154;0
155;0
156;0
157;0
158;0
159;0
160;2
161;0
162;2
163;0
164;1
165;0
166;0
167;2
168;0
169;1
170;0
171;0
172;2
173;0
174;0
175;1
176;0
177;0
178;0
179;0
180;2
181;0
182;0
183;0
184;1
185;0
186;0
187;0
188;0
189;0
190;1
191;0
192;2
193;0
194;2
195;1
196;0
197;2
198;2
199;0
200;1
201;0
202;0
203;1
204;0
205;0
206;2
207;0
208;0
209;1
210;1
211;0
212;2
213;0
214;1
215;0
216;0
217;0
218;0
219;0
220;0
221;0
222;2
223;1
224;0
225;1
226;0
227;0
228;0
229;0
230;0
231;0
232;2
233;0
234;0
235;0
236;0
237;2
238;0
239;0
240;0
241;2
242;0
243;0
244;2
245;0
246;0
247;1
248;0
249;2
250;0
251;2
252;1
253;2
254;1
255;0
256;0
257;1
258;2
259;0
260;0
261;0
262;1
263;0
264;0
265;0
266;2
267;0
268;0
269;2
270;2
271;0
272;0
273;0
274;2
275;1
276;0
277;0
278;0
279;1
280;0
281;0
282;0
283;2
284;0
285;0
286;0
287;0
288;2
289;0
290;0
291;0
292;0
293;0
294;0
295;0
296;2
297;0
298;0
299;1
300;0
301;1
302;0
303;0
304;2
305;0
306;0
307;2
308;1
309;0
310;0
311;0
312;2
313;2
314;2
315;2
316;0
317;1
318;0
319;0
320;0
321;1
322;0
323;0
324;0
325;1
326;0
327;2
328;2
329;2
330;2
331;2
332;1
333;0
334;2
335;2
336;1
337;0
338;0
339;0
340;1
341;0
342;2
343;2
344;1
345;0
346;0
347;2
348;4
349;0
350;2
351;2
352;2
353;0
354;2
355;0
356;2
357;0
358;0
359;1
360;0
361;0
362;0
363;0
364;0
365;0
366;0
367;2
368;0
369;1
370;0
371;2
372;2
373;2
374;2
375;2
376;2
377;1
378;0
379;0
380;0
381;0
382;0
383;0
384;0
385;0
386;0
387;1
388;0
389;0
390;2
391;2
392;0
393;0
394;0
395;0
396;2
397;0
398;0
399;0
400;0
401;0
402;1
403;0
404;0
405;0
406;0
407;0
408;1
409;0
410;2
411;0
412;2
413;2
414;0
415;0
416;2
417;0
418;0
419;0
420;2
421;0
422;0
423;1
424;0
425;0
426;1
427;0
428;2
429;1
430;0
431;2
432;1
433;1
434;0
435;0
436;2
437;2
438;2
439;2
440;2
441;0
442;0
443;2
444;0
445;0
446;0
447;0
448;0
449;0
450;0
451;0
452;1
453;0
454;2
455;2
456;1
457;0
458;1
459;0
460;0
461;0
462;0
463;0
464;2
465;0
466;0
467;2
468;0
469;0
470;0
471;0
472;0
473;0
474;2
475;2
476;2
477;2
478;0
479;0
480;0
481;0
482;0
483;0
484;0
485;0
486;0
487;2
488;0
489;0
490;1
491;2
492;0
493;0
494;0
495;0
496;1
497;0
498;0
499;0
500;1
501;1
502;0
503;0
504;0
505;0
506;0
507;0
508;0
509;0
510;0
511;0
512;2
513;2
514;2
515;2
516;2
517;2
518;0
519;0
520;0
521;2
522;2
523;0
524;0
525;0
526;2
527;2
528;0
529;0
530;0
531;1
532;0
533;0
534;0
535;0
536;1
537;0
538;0
539;0
540;0
541;0
542;1
543;2
544;0
545;0
546;0
547;0
548;1
549;0
550;2
551;0
552;0
553;1
554;0
555;2
556;0
557;2
558;2
559;0
560;0
561;1
562;0
563;1
564;0
565;1
566;0
567;2
568;2
569;0
570;0
571;1
572;0
573;0
574;2
575;0
576;0
577;0
578;0
579;0
580;2
581;2
582;0
583;1
584;1
585;0
586;1
587;0
588;0
589;0
590;0
591;0
592;1
593;0
594;0
595;0
596;1
597;0
598;0
599;0
600;1
601;0
602;1
603;0
604;2
605;0
606;0
607;0
608;2
609;0
610;0
611;0
612;2
613;0
614;0
615;1
616;0
617;0
618;0
619;0
620;0
621;0
622;1
623;2
624;2
625;0
626;2
627;0
628;2
629;1
630;1
631;0
632;1
633;1
634;0
635;0
636;0
637;0
638;0
639;0
640;0
641;0
642;0
643;0
644;2
645;0
646;0
647;2
648;0
649;0
650;0
651;0
652;0
653;0
654;0
655;0
656;0
657;0
658;0
659;0
660;0
661;2
662;2
663;2
664;1
665;0
666;0
667;2
668;2
669;2
670;2
671;1
672;0
673;0
674;2
675;0
676;2
677;0
678;0
679;0
680;0
681;1
682;0
683;0
684;0
685;0
686;0
687;2
688;1
689;0
690;1
691;0
692;1
693;0
694;0
695;0
696;0
697;0
698;0
699;2
700;0
701;1
702;0
703;1
704;0
705;0
706;0
707;0
708;0
709;0
710;0
711;0
712;1
713;0
714;0
715;0
716;0
717;0
718;0
719;0
720;0
721;0
722;0
723;0
724;0
725;1
726;0
727;2
728;0
729;2
730;0
731;0
732;2
733;0
734;0
735;2
736;0
737;0
738;0
739;1
740;0
741;0
742;0
743;0
744;1
745;0
746;2
747;0
748;0
749;0
750;2
751;2
752;0
753;0
754;0
755;0
756;1
757;0
758;0
759;0
760;0
761;2
762;0
763;2
764;0
765;0
766;0
767;0
768;0
769;1
770;4
771;2
772;0
773;0
774;1
775;0
776;0
777;0
778;2
779;0
780;1
781;0
782;0
783;0
784;0
785;0
786;2
787;1
788;0
789;0
790;1
791;0
792;1
793;0
794;0
795;0
796;0
797;0
798;1
799;0
800;0
801;0
802;0
803;0
804;0
805;1
806;0
807;0
808;1
809;0
810;0
811;0
812;2
813;0
814;0
815;0
816;0
817;0
818;0
819;1
820;0
821;0
822;0
823;1
824;0
825;0
826;0
827;0
828;0
829;2
830;0
831;2
832;1
833;0
834;0
835;2
836;2
837;0
838;2
839;2
840;2
841;1
842;0
843;1
844;0
845;0
846;2
847;1
848;0
849;0
850;0
851;0
852;0
853;2
854;2
855;0
856;0
857;0
858;0
859;2
860;1
861;2
862;0
863;0
864;0
865;0
866;0
867;0
868;0
869;1
870;1
871;0
872;0
873;2
874;0
875;4
876;1
877;0
878;0
879;2
880;0
881;0
882;2
883;2
884;1
885;1
886;1
887;1
888;0
889;2
890;0
891;2
892;0
893;0
894;0
895;1
896;0
897;0
898;0
899;0
900;2
901;2
902;0
903;0
904;0
905;0
906;0
907;0
908;0
909;2
910;0
911;1
912;0
913;1
914;2
915;0
916;2
917;0
918;1
919;0
920;2
921;0
922;0
923;2
924;1
925;0
926;0
927;1
928;0
929;0
930;2
931;2
932;2
933;0
934;0
935;0
936;0
937;0
938;0
939;0
940;0
941;1
942;0
943;1
944;0
945;1
946;0
947;0
948;0
949;2
950;2
951;2
952;2
953;0
954;0
955;0
956;0
957;0
958;0
959;1
960;0
961;0
962;2
963;2
964;1
965;0
966;2
967;1
968;0
969;0
970;0
971;2
972;4
973;0
974;2
975;2
976;2
977;0
978;2
979;0
980;2
981;0
982;0
983;0
984;0
985;0
986;0
987;1
988;1
989;0
990;0
991;2
992;1
993;0
994;0
995;2
996;0
997;0
998;2
999;2
1000;2
1001;0
1002;2
1003;0
1004;0
1005;0
1006;0
1007;0
1008;0
1009;0
1010;0
1011;0
1012;0
1013;0
1014;0
1015;0
1016;0
1017;0
1018;0
1019;0
1020;0
1021;0
1022;0
1023;0
