0;1
1;0
2;0
3;2
4;2
5;0
6;2
7;2
8;2
9;0
10;2
11;0
12;0
13;0
14;1
15;0
16;0
17;0
18;1
19;0
20;2
21;2
22;0
23;2
24;1
25;0
26;2
27;0
28;2
29;0
30;0
31;0
32;1
33;1
34;0
35;0
36;2
37;1
38;1
39;0
40;1
41;0
42;2
43;2
44;2
45;1
46;0
47;0
48;0
49;2
50;0
51;0
52;2
53;2
54;0
55;0
56;0
57;0
58;0
59;0
60;1
61;1
62;0
63;2
64;2
65;0
66;0
67;0
68;0
69;0
70;0
71;0
72;0
73;0
74;0
75;0
76;1
77;2
78;2
79;1
80;0
81;0
82;0
83;0
84;0
85;0
86;0
87;0
88;1
89;0
90;0
91;0
92;0
93;1
94;0
95;0
96;0
97;0
98;0
99;2
100;0
101;1
102;0
103;0
104;0
105;0
106;0
107;1
108;0
109;0
110;0
111;0
112;0
113;2
114;2
115;1
116;0
117;2
118;0
119;0
120;0
121;2
122;2
123;0
124;0
125;0
126;2
127;0
128;2
129;1
130;0
131;1
132;2
133;0
134;2
135;0
136;0
137;0
138;2
139;1
140;0
141;0
142;2
143;0
144;1
145;0
146;0
147;0
148;0
149;1
150;0
151;0
152;2
153;0
154;0
155;0
156;0
157;0
158;0
159;0
160;0
161;0
162;0
163;0
164;4
165;0
166;0
167;0
168;0
169;0
170;2
171;2
172;2
173;0
174;0
175;0
176;0
177;2
178;2
179;0
180;2
181;0
182;0
183;0
184;0
185;0
186;1
187;0
188;0
189;1
190;1
191;0
192;2
193;1
194;0
195;0
196;2
197;0
198;0
199;0
200;0
201;1
202;0
203;1
204;0
205;0
206;0
207;0
208;0
209;0
210;0
211;0
212;0
213;0
214;0
215;0
216;0
217;2
218;0
219;0
220;0
221;2
222;0
223;0
224;2
225;0
226;0
227;0
228;0
229;2
230;0
231;0
232;1
233;1
234;1
235;0
236;0
237;0
238;2
239;0
240;0
241;0
242;1
243;0
244;0
245;0
246;0
247;0
248;0
249;0
250;0
251;0
252;0
253;2
254;2
255;2
256;2
257;0
258;0
259;0
260;0
261;0
262;0
263;0
264;0
265;0
266;0
267;0
268;1
269;0
270;0
271;2
272;1
273;0
274;0
275;2
276;2
277;0
278;2
279;2
280;2
281;0
282;2
283;0
284;2
285;0
286;0
287;0
288;2
289;0
290;0
291;0
292;0
293;1
294;0
295;0
296;0
297;0
298;0
299;0
300;0
301;0
302;0
303;0
304;0
305;2
306;1
307;0
308;0
309;0
310;0
311;0
312;2
313;0
314;0
315;0
316;0
317;0
318;0
319;1
320;2
321;2
322;2
323;2
324;2
325;2
326;2
327;1
328;0
329;2
330;0
331;0
332;2
333;1
334;1
335;0
336;2
337;0
338;0
339;0
340;0
341;0
342;0
343;2
344;0
345;1
346;0
347;0
348;2
349;1
350;0
351;2
352;2
353;0
354;0
355;1
356;0
357;2
358;0
359;2
360;0
361;0
362;0
363;0
364;0
365;0
366;1
367;0
368;0
369;0
370;0
371;0
372;0
373;0
374;0
375;0
376;0
377;0
378;1
379;0
380;0
381;0
382;0
383;0
384;0
385;0
386;0
387;0
388;2
389;2
390;0
391;0
392;2
393;0
394;0
395;0
396;2
397;1
398;0
399;0
400;0
401;1
402;0
403;2
404;1
405;0
406;0
407;2
408;0
409;1
410;0
411;0
412;2
413;1
414;0
415;2
416;2
417;0
418;0
419;0
420;0
421;0
422;0
423;0
424;0
425;0
426;0
427;0
428;0
429;0
430;2
431;2
432;2
433;0
434;0
435;0
436;0
437;0
438;0
439;0
440;1
441;1
442;0
443;2
444;0
445;0
446;0
447;0
448;0
449;0
450;0
451;2
452;2
453;0
454;0
455;1
456;0
457;0
458;0
459;0
460;0
461;0
462;0
463;0
464;0
465;0
466;0
467;0
468;0
469;0
470;0
471;0
472;1
473;0
474;0
475;0
476;1
477;1
478;0
479;1
480;0
481;0
482;0
483;0
484;0
485;0
486;0
487;0
488;2
489;2
490;2
491;0
492;2
493;2
494;0
495;0
496;0
497;2
498;2
499;0
500;0
501;0
502;2
503;2
504;0
505;1
506;0
507;0
508;0
509;0
510;0
511;0
512;1
513;0
514;0
515;0
516;0
517;1
518;0
519;1
520;0
521;0
522;0
523;0
524;1
525;0
526;2
527;0
528;0
529;2
530;2
531;1
532;0
533;0
534;2
535;2
536;0
537;0
538;0
539;2
540;2
541;0
542;2
543;2
544;2
545;0
546;2
547;2
548;2
549;2
550;0
551;0
552;2
553;0
554;0
555;0
556;1
557;0
558;0
559;0
560;0
561;0
562;2
563;2
564;1
565;0
566;0
567;0
568;0
569;0
570;0
571;2
572;0
573;0
574;1
575;0
576;2
577;1
578;0
579;2
580;1
581;0
582;0
583;2
584;1
585;0
586;0
587;0
588;2
589;0
590;0
591;0
592;2
593;0
594;0
595;0
596;2
597;0
598;0
599;0
600;2
601;0
602;2
603;1
604;0
605;1
606;0
607;0
608;0
609;0
610;1
611;0
612;2
613;1
614;2
615;0
616;2
617;1
618;1
619;0
620;0
621;0
622;0
623;0
624;0
625;0
626;2
627;2
628;1
629;0
630;0
631;0
632;4
633;0
634;2
635;2
636;2
637;0
638;2
639;0
640;2
641;0
642;0
643;0
644;0
645;0
646;0
647;0
648;0
649;0
650;0
651;2
652;1
653;0
654;0
655;0
656;2
657;0
658;0
659;0
660;0
661;0
662;2
663;0
664;0
665;0
666;0
667;0
668;0
669;0
670;2
671;2
672;0
673;0
674;0
675;0
676;0
677;2
678;0
679;2
680;1
681;0
682;1
683;2
684;1
685;0
686;0
687;0
688;2
689;0
690;0
691;1
692;0
693;1
694;0
695;0
696;0
697;0
698;0
699;0
700;0
701;0
702;0
703;0
704;2
705;0
706;0
707;1
708;0
709;0
710;0
711;0
712;0
713;1
714;0
715;0
716;0
717;2
718;0
719;0
720;0
721;2
722;2
723;0
724;1
725;0
726;0
727;2
728;0
729;0
730;0
731;0
732;0
733;0
734;0
735;2
736;1
737;0
738;2
739;0
740;0
741;0
742;2
743;2
744;0
745;2
746;0
747;0
748;0
749;0
750;0
751;0
752;0
753;2
754;0
755;2
756;0
757;0
758;0
759;0
760;0
761;2
762;2
763;2
764;0
765;0
766;1
767;0
768;0
769;0
770;2
771;2
772;0
773;0
774;0
775;2
776;2
777;0
778;2
779;2
780;2
781;0
782;2
783;0
784;1
785;0
786;0
787;0
788;0
789;0
790;0
791;2
792;0
793;0
794;0
795;0
796;0
797;0
798;0
799;0
800;0
801;0
802;2
803;0
804;0
805;1
806;0
807;0
808;0
809;2
810;2
811;2
812;1
813;1
814;2
815;0
816;2
817;1
818;0
819;1
820;0
821;0
822;0
823;0
824;2
825;2
826;2
827;2
828;2
829;0
830;0
831;0
832;2
833;2
834;1
835;2
836;1
837;0
838;0
839;2
840;2
841;1
842;0
843;0
844;0
845;1
846;0
847;0
848;0
849;0
850;0
851;1
852;0
853;0
854;0
855;0
856;0
857;2
858;2
859;0
860;1
861;0
862;0
863;1
864;0
865;1
866;0
867;0
868;0
869;0
870;0
871;0
872;0
873;1
874;0
875;0
876;0
877;2
878;1
879;0
880;1
881;0
882;0
883;2
884;2
885;0
886;2
887;1
888;0
889;1
890;1
891;1
892;0
893;0
894;0
895;2
896;0
897;0
898;2
899;2
900;1
901;0
902;0
903;0
904;1
905;2
906;2
907;1
908;2
909;0
910;2
911;0
912;1
913;1
914;2
915;0
916;0
917;0
918;2
919;0
920;0
921;2
922;0
923;0
924;1
925;0
926;2
927;2
928;1
929;0
930;0
931;2
932;4
933;0
934;2
935;1
936;0
937;0
938;2
939;0
940;4
941;0
942;2
943;1
944;0
945;2
946;2
947;2
948;2
949;0
950;0
951;0
952;0
953;0
954;2
955;1
956;0
957;0
958;0
959;0
960;0
961;0
962;0
963;0
964;0
965;0
966;0
967;0
968;0
969;0
970;0
971;0
972;0
973;2
974;2
975;2
976;2
977;1
978;0
979;0
980;0
981;0
982;0
983;0
984;0
985;0
986;1
987;0
988;1
989;0
990;0
991;2
992;0
993;0
994;0
995;0
996;0
997;0
998;0
999;0
1000;0
1001;0
1002;2
1003;0
1004;1
1005;0
1006;0
1007;0
1008;0
1009;0
1010;2
1011;1
1012;0
1013;0
1014;0
1015;0
1016;0
1017;0
1018;0
1019;0
1020;0
1021;0
1022;0
1023;0
