0;1
1;0
2;0
3;0
4;4
5;0
6;0
7;0
8;2
9;1
10;2
11;1
12;1
13;0
14;2
15;0
16;0
17;2
18;2
19;2
20;0
21;2
22;0
23;0
24;1
25;1
26;0
27;2
28;2
29;0
30;0
31;0
32;0
33;2
34;0
35;0
36;1
37;1
38;1
39;0
40;1
41;0
42;1
43;0
44;0
45;0
46;0
47;1
48;0
49;2
50;0
51;0
52;0
53;0
54;0
55;0
56;1
57;1
58;0
59;0
60;2
61;0
62;0
63;0
64;0
65;0
66;2
67;0
68;0
69;0
70;0
71;1
72;0
73;0
74;0
75;0
76;1
77;0
78;0
79;2
80;2
81;0
82;0
83;2
84;0
85;0
86;0
87;0
88;0
89;0
90;0
91;1
92;0
93;0
94;0
95;0
96;0
97;0
98;0
99;0
100;0
101;0
102;0
103;2
104;0
105;0
106;0
107;1
108;0
109;0
110;0
111;0
112;0
113;0
114;2
115;1
116;0
117;0
118;1
119;0
120;2
121;0
122;1
123;0
124;0
125;0
126;2
127;0
128;2
129;0
130;0
131;0
132;0
133;2
134;0
135;2
136;2
137;0
138;0
139;0
140;0
141;1
142;0
143;2
144;2
145;0
146;0
147;0
148;0
149;0
150;2
151;0
152;1
153;0
154;2
155;0
156;0
157;0
158;0
159;0
160;0
161;2
162;2
163;0
164;0
165;0
166;2
167;1
168;0
169;0
170;2
171;1
172;0
173;0
174;0
175;0
176;1
177;0
178;0
179;0
180;0
181;0
182;2
183;2
184;2
185;0
186;0
187;1
188;0
189;2
190;2
191;0
192;1
193;0
194;0
195;0
196;0
197;0
198;0
199;0
200;0
201;2
202;2
203;2
204;2
205;1
206;0
207;0
208;2
209;0
210;0
211;0
212;0
213;0
214;2
215;1
216;1
217;0
218;0
219;0
220;0
221;0
222;2
223;0
224;2
225;0
226;0
227;0
228;0
229;2
230;0
231;0
232;0
233;2
234;2
235;0
236;2
237;1
238;0
239;1
240;0
241;2
242;0
243;2
244;0
245;1
246;1
247;0
248;0
249;0
250;2
251;0
252;0
253;0
254;1
255;0
256;0
257;0
258;0
259;0
260;0
261;0
262;2
263;1
264;0
265;0
266;0
267;0
268;0
269;2
270;2
271;2
272;0
273;0
274;2
275;0
276;0
277;0
278;0
279;1
280;0
281;1
282;0
283;1
284;0
285;1
286;0
287;0
288;1
289;0
290;0
291;1
292;0
293;2
294;2
295;1
296;0
297;0
298;2
299;0
300;2
301;1
302;0
303;0
304;0
305;0
306;0
307;0
308;0
309;0
310;0
311;0
312;1
313;0
314;2
315;0
316;0
317;0
318;0
319;0
320;0
321;0
322;0
323;0
324;0
325;0
326;0
327;2
328;0
329;0
330;0
331;0
332;2
333;0
334;1
335;0
336;0
337;0
338;0
339;0
340;1
341;0
342;0
343;0
344;0
345;0
346;2
347;2
348;1
349;0
350;0
351;0
352;1
353;0
354;0
355;2
356;1
357;0
358;1
359;0
360;1
361;1
362;1
363;0
364;1
365;0
366;0
367;0
368;0
369;0
370;0
371;2
372;0
373;1
374;0
375;2
376;2
377;2
378;2
379;2
380;2
381;1
382;0
383;1
384;0
385;2
386;0
387;2
388;0
389;0
390;0
391;1
392;0
393;0
394;2
395;2
396;0
397;0
398;0
399;0
400;2
401;0
402;0
403;0
404;0
405;0
406;2
407;0
408;0
409;0
410;0
411;0
412;0
413;0
414;2
415;2
416;2
417;0
418;0
419;0
420;0
421;0
422;0
423;0
424;2
425;1
426;0
427;0
428;0
429;0
430;2
431;0
432;1
433;1
434;1
435;0
436;1
437;1
438;0
439;0
440;2
441;2
442;0
443;2
444;1
445;0
446;0
447;1
448;0
449;0
450;0
451;2
452;2
453;2
454;0
455;0
456;0
457;0
458;0
459;0
460;2
461;1
462;0
463;0
464;0
465;0
466;1
467;0
468;0
469;0
470;0
471;0
472;0
473;0
474;2
475;1
476;0
477;0
478;2
479;2
480;1
481;0
482;0
483;0
484;0
485;0
486;1
487;0
488;0
489;0
490;0
491;0
492;0
493;2
494;0
495;0
496;0
497;0
498;0
499;0
500;2
501;0
502;0
503;0
504;0
505;0
506;0
507;2
508;1
509;0
510;0
511;0
512;1
513;1
514;0
515;0
516;0
517;0
518;2
519;0
520;0
521;0
522;0
523;0
524;1
525;0
526;0
527;2
528;2
529;0
530;2
531;2
532;2
533;0
534;0
535;1
536;2
537;2
538;0
539;0
540;0
541;0
542;0
543;2
544;1
545;0
546;2
547;0
548;0
549;0
550;0
551;0
552;0
553;0
554;2
555;0
556;0
557;0
558;2
559;2
560;0
561;0
562;0
563;0
564;0
565;0
566;0
567;1
568;1
569;0
570;0
571;0
572;0
573;0
574;1
575;2
576;0
577;0
578;1
579;0
580;1
581;0
582;2
583;0
584;0
585;0
586;0
587;2
588;2
589;2
590;2
591;0
592;0
593;0
594;1
595;0
596;0
597;0
598;1
599;0
600;2
601;0
602;0
603;2
604;1
605;0
606;0
607;1
608;0
609;0
610;0
611;2
612;2
613;2
614;0
615;0
616;1
617;0
618;0
619;0
620;0
621;0
622;0
623;0
624;0
625;0
626;0
627;1
628;0
629;0
630;0
631;0
632;0
633;0
634;1
635;0
636;0
637;0
638;0
639;1
640;2
641;0
642;0
643;0
644;2
645;0
646;0
647;1
648;0
649;0
650;0
651;0
652;0
653;0
654;2
655;2
656;2
657;2
658;0
659;2
660;2
661;0
662;0
663;0
664;0
665;0
666;0
667;0
668;0
669;0
670;2
671;0
672;0
673;0
674;0
675;0
676;0
677;0
678;0
679;2
680;0
681;0
682;0
683;0
684;0
685;1
686;1
687;0
688;1
689;0
690;0
691;0
692;0
693;0
694;0
695;2
696;2
697;0
698;2
699;1
700;0
701;0
702;0
703;0
704;0
705;0
706;0
707;2
708;1
709;0
710;1
711;2
712;1
713;0
714;0
715;1
716;0
717;0
718;0
719;0
720;0
721;0
722;1
723;0
724;1
725;0
726;0
727;0
728;0
729;0
730;0
731;0
732;0
733;0
734;1
735;0
736;0
737;0
738;0
739;0
740;0
741;0
742;0
743;0
744;0
745;0
746;0
747;0
748;0
749;1
750;0
751;0
752;2
753;0
754;2
755;2
756;2
757;0
758;0
759;1
760;0
761;0
762;0
763;0
764;1
765;0
766;2
767;1
768;0
769;0
770;0
771;0
772;2
773;2
774;2
775;1
776;0
777;0
778;2
779;2
780;1
781;0
782;0
783;0
784;0
785;0
786;0
787;0
788;0
789;2
790;0
791;2
792;2
793;0
794;0
795;0
796;0
797;1
798;0
799;1
800;0
801;0
802;2
803;1
804;2
805;0
806;0
807;2
808;2
809;0
810;1
811;0
812;0
813;0
814;0
815;1
816;0
817;0
818;2
819;2
820;0
821;0
822;2
823;0
824;0
825;0
826;2
827;2
828;0
829;2
830;1
831;0
832;0
833;0
834;2
835;0
836;0
837;0
838;0
839;0
840;2
841;0
842;0
843;1
844;0
845;0
846;0
847;0
848;0
849;0
850;0
851;1
852;0
853;0
854;1
855;0
856;0
857;1
858;0
859;1
860;0
861;2
862;2
863;2
864;1
865;1
866;2
867;0
868;0
869;0
870;0
871;0
872;0
873;0
874;0
875;0
876;2
877;2
878;2
879;1
880;2
881;0
882;0
883;0
884;0
885;0
886;1
887;0
888;0
889;2
890;0
891;2
892;2
893;0
894;0
895;0
896;0
897;0
898;2
899;2
900;0
901;0
902;0
903;0
904;1
905;0
906;2
907;2
908;0
909;2
910;2
911;0
912;1
913;0
914;0
915;0
916;1
917;0
918;2
919;0
920;0
921;0
922;0
923;0
924;1
925;1
926;0
927;0
928;0
929;2
930;0
931;0
932;0
933;0
934;1
935;0
936;0
937;1
938;0
939;0
940;1
941;0
942;0
943;0
944;0
945;0
946;0
947;0
948;1
949;2
950;0
951;1
952;0
953;0
954;0
955;2
956;0
957;0
958;0
959;1
960;0
961;0
962;0
963;0
964;0
965;2
966;0
967;2
968;0
969;0
970;0
971;1
972;0
973;0
974;0
975;1
976;0
977;0
978;2
979;1
980;2
981;0
982;2
983;1
984;0
985;0
986;1
987;0
988;0
989;0
990;2
991;1
992;0
993;2
994;2
995;2
996;2
997;0
998;0
999;0
1000;0
1001;2
1002;0
1003;1
1004;0
1005;0
1006;0
1007;0
1008;0
1009;0
1010;0
1011;0
1012;0
1013;1
1014;1
1015;0
1016;0
1017;0
1018;0
1019;0
1020;0
1021;0
1022;0
1023;0
