0;0
1;0
2;2
3;0
4;1
5;0
6;2
7;2
8;2
9;0
10;0
11;0
12;1
13;0
14;1
15;0
16;0
17;2
18;0
19;0
20;0
21;2
22;0
23;0
24;1
25;0
26;0
27;0
28;2
29;0
30;0
31;0
32;1
33;2
34;2
35;0
36;1
37;0
38;1
39;0
40;0
41;0
42;1
43;0
44;2
45;2
46;0
47;0
48;1
49;2
50;0
51;2
52;1
53;0
54;0
55;0
56;0
57;0
58;0
59;0
60;1
61;2
62;0
63;0
64;0
65;0
66;0
67;0
68;0
69;0
70;0
71;0
72;0
73;0
74;2
75;0
76;2
77;2
78;2
79;0
80;2
81;0
82;0
83;0
84;0
85;0
86;0
87;0
88;1
89;1
90;0
91;2
92;2
93;0
94;2
95;0
96;0
97;2
98;0
99;0
100;0
101;0
102;2
103;1
104;0
105;0
106;0
107;2
108;2
109;2
110;0
111;2
112;0
113;0
114;2
115;1
116;2
117;2
118;2
119;0
120;0
121;0
122;2
123;0
124;1
125;0
126;0
127;2
128;0
129;0
130;0
131;0
132;0
133;1
134;0
135;0
136;1
137;0
138;0
139;0
140;0
141;2
142;0
143;2
144;0
145;0
146;0
147;0
148;2
149;0
150;2
151;0
152;0
153;0
154;0
155;0
156;0
157;0
158;1
159;0
160;0
161;0
162;0
163;0
164;2
165;0
166;2
167;2
168;0
169;0
170;0
171;0
172;0
173;0
174;1
175;1
176;0
177;0
178;2
179;0
180;0
181;0
182;2
183;0
184;0
185;0
186;0
187;0
188;1
189;0
190;0
191;0
192;0
193;2
194;2
195;0
196;0
197;1
198;0
199;0
200;0
201;2
202;0
203;0
204;0
205;0
206;2
207;0
208;0
209;0
210;0
211;0
212;1
213;0
214;1
215;0
216;0
217;0
218;1
219;0
220;1
221;0
222;0
223;2
224;2
225;0
226;2
227;2
228;2
229;0
230;2
231;2
232;2
233;0
234;0
235;0
236;0
237;0
238;2
239;0
240;2
241;0
242;0
243;0
244;2
245;1
246;2
247;0
248;0
249;2
250;2
251;0
252;0
253;2
254;0
255;1
256;0
257;0
258;0
259;0
260;2
261;2
262;0
263;0
264;0
265;2
266;0
267;0
268;2
269;0
270;0
271;0
272;0
273;2
274;0
275;1
276;0
277;2
278;1
279;0
280;0
281;1
282;2
283;0
284;0
285;0
286;1
287;0
288;0
289;0
290;2
291;0
292;0
293;2
294;2
295;2
296;0
297;1
298;0
299;1
300;2
301;0
302;2
303;0
304;0
305;0
306;0
307;0
308;0
309;0
310;0
311;0
312;0
313;0
314;0
315;0
316;0
317;0
318;0
319;0
320;1
321;0
322;0
323;1
324;0
325;1
326;0
327;0
328;0
329;0
330;2
331;1
332;1
333;0
334;0
335;0
336;2
337;0
338;2
339;2
340;1
341;0
342;2
343;0
344;0
345;0
346;0
347;0
348;0
349;1
350;0
351;2
352;0
353;0
354;2
355;2
356;2
357;2
358;2
359;1
360;0
361;0
362;0
363;0
364;0
365;1
366;0
367;0
368;2
369;0
370;0
371;2
372;0
373;2
374;0
375;2
376;0
377;0
378;0
379;2
380;2
381;0
382;0
383;1
384;0
385;0
386;2
387;0
388;0
389;1
390;0
391;0
392;1
393;0
394;2
395;0
396;0
397;0
398;2
399;2
400;0
401;0
402;0
403;0
404;0
405;0
406;0
407;0
408;0
409;0
410;0
411;1
412;0
413;2
414;2
415;1
416;0
417;0
418;2
419;2
420;2
421;0
422;2
423;0
424;0
425;0
426;0
427;0
428;0
429;0
430;0
431;0
432;2
433;2
434;0
435;0
436;0
437;0
438;0
439;0
440;2
441;0
442;2
443;1
444;0
445;0
446;2
447;2
448;2
449;1
450;0
451;2
452;1
453;1
454;0
455;0
456;0
457;0
458;0
459;2
460;2
461;0
462;2
463;0
464;0
465;0
466;0
467;0
468;0
469;2
470;0
471;0
472;0
473;0
474;2
475;0
476;1
477;0
478;0
479;0
480;0
481;0
482;0
483;0
484;0
485;0
486;0
487;2
488;0
489;0
490;0
491;1
492;0
493;0
494;0
495;0
496;2
497;0
498;2
499;2
500;0
501;0
502;2
503;0
504;0
505;0
506;2
507;2
508;1
509;0
510;2
511;0
512;0
513;0
514;2
515;0
516;1
517;0
518;0
519;2
520;2
521;2
522;2
523;1
524;2
525;0
526;2
527;0
528;2
529;0
530;2
531;0
532;0
533;0
534;2
535;0
536;0
537;0
538;0
539;0
540;2
541;0
542;0
543;0
544;1
545;0
546;0
547;0
548;1
549;1
550;0
551;0
552;0
553;0
554;0
555;0
556;0
557;0
558;0
559;1
560;0
561;0
562;1
563;0
564;0
565;2
566;0
567;0
568;0
569;2
570;2
571;0
572;0
573;0
574;2
575;2
576;0
577;0
578;2
579;0
580;2
581;0
582;0
583;0
584;1
585;0
586;0
587;0
588;0
589;0
590;1
591;1
592;0
593;0
594;0
595;2
596;1
597;0
598;2
599;0
600;0
601;0
602;0
603;2
604;1
605;0
606;0
607;2
608;4
609;0
610;2
611;1
612;0
613;0
614;0
615;0
616;1
617;0
618;2
619;0
620;0
621;0
622;2
623;0
624;0
625;2
626;2
627;1
628;2
629;0
630;2
631;0
632;0
633;0
634;2
635;0
636;0
637;0
638;0
639;0
640;2
641;2
642;0
643;1
644;2
645;1
646;1
647;0
648;0
649;0
650;2
651;0
652;1
653;0
654;0
655;0
656;1
657;0
658;0
659;0
660;2
661;0
662;0
663;0
664;2
665;0
666;0
667;0
668;2
669;0
670;0
671;2
672;0
673;0
674;2
675;1
676;0
677;0
678;0
679;1
680;0
681;0
682;2
683;2
684;2
685;2
686;0
687;0
688;2
689;0
690;0
691;0
692;1
693;1
694;0
695;0
696;0
697;0
698;0
699;0
700;0
701;0
702;0
703;0
704;2
705;0
706;0
707;0
708;0
709;0
710;0
711;0
712;0
713;0
714;2
715;0
716;0
717;0
718;2
719;0
720;0
721;0
722;0
723;0
724;0
725;0
726;2
727;2
728;0
729;0
730;0
731;0
732;1
733;2
734;0
735;2
736;0
737;0
738;0
739;2
740;1
741;0
742;0
743;0
744;0
745;0
746;2
747;2
748;0
749;1
750;0
751;0
752;1
753;0
754;0
755;0
756;0
757;0
758;0
759;2
760;1
761;0
762;0
763;0
764;0
765;0
766;0
767;0
768;0
769;0
770;0
771;0
772;0
773;2
774;0
775;0
776;0
777;2
778;1
779;2
780;2
781;0
782;0
783;1
784;0
785;0
786;2
787;0
788;0
789;0
790;2
791;0
792;1
793;0
794;0
795;0
796;0
797;0
798;2
799;2
800;0
801;2
802;0
803;0
804;0
805;0
806;0
807;2
808;0
809;2
810;2
811;2
812;0
813;0
814;0
815;0
816;0
817;2
818;1
819;0
820;0
821;2
822;2
823;2
824;0
825;0
826;0
827;2
828;2
829;0
830;2
831;2
832;2
833;0
834;2
835;0
836;1
837;0
838;0
839;0
840;2
841;0
842;0
843;0
844;2
845;0
846;0
847;1
848;0
849;0
850;0
851;0
852;0
853;0
854;0
855;0
856;0
857;0
858;1
859;0
860;0
861;2
862;0
863;0
864;0
865;2
866;2
867;0
868;0
869;1
870;0
871;2
872;2
873;1
874;0
875;0
876;0
877;0
878;0
879;0
880;2
881;0
882;2
883;1
884;0
885;0
886;0
887;1
888;0
889;0
890;0
891;2
892;2
893;0
894;0
895;1
896;0
897;0
898;2
899;2
900;2
901;0
902;0
903;1
904;1
905;0
906;1
907;2
908;2
909;0
910;2
911;0
912;0
913;0
914;2
915;0
916;0
917;2
918;1
919;0
920;0
921;0
922;1
923;0
924;0
925;2
926;1
927;2
928;1
929;0
930;0
931;2
932;0
933;1
934;1
935;0
936;0
937;0
938;0
939;0
940;0
941;1
942;2
943;0
944;0
945;1
946;0
947;4
948;1
949;0
950;0
951;2
952;0
953;0
954;2
955;2
956;1
957;1
958;1
959;0
960;0
961;2
962;0
963;1
964;0
965;0
966;2
967;0
968;0
969;0
970;0
971;0
972;0
973;0
974;0
975;0
976;2
977;0
978;2
979;0
980;0
981;0
982;0
983;1
984;0
985;0
986;1
987;0
988;2
989;0
990;2
991;1
992;0
993;0
994;0
995;2
996;1
997;0
998;0
999;0
1000;0
1001;0
1002;2
1003;2
1004;1
1005;0
1006;0
1007;0
1008;2
1009;0
1010;0
1011;0
1012;0
1013;0
1014;0
1015;0
1016;0
1017;0
1018;0
1019;0
1020;0
1021;0
1022;0
1023;0
