0;0
1;0
2;0
3;2
4;4
5;0
6;2
7;0
8;2
9;0
10;2
11;0
12;1
13;1
14;2
15;0
16;0
17;0
18;2
19;2
20;0
21;1
22;1
23;0
24;1
25;0
26;0
27;0
28;0
29;0
30;0
31;0
32;2
33;0
34;0
35;0
36;0
37;0
38;1
39;0
40;0
41;0
42;0
43;1
44;0
45;1
46;0
47;0
48;0
49;0
50;1
51;1
52;0
53;2
54;0
55;0
56;0
57;2
58;0
59;0
60;0
61;0
62;0
63;1
64;0
65;0
66;0
67;0
68;2
69;0
70;2
71;0
72;2
73;0
74;0
75;0
76;0
77;0
78;0
79;0
80;0
81;1
82;0
83;0
84;0
85;0
86;1
87;0
88;2
89;0
90;1
91;0
92;1
93;0
94;0
95;1
96;2
97;2
98;1
99;1
100;0
101;0
102;0
103;0
104;1
105;0
106;0
107;0
108;0
109;0
110;0
111;2
112;1
113;0
114;0
115;2
116;2
117;0
118;2
119;0
120;0
121;0
122;2
123;0
124;2
125;0
126;2
127;0
128;0
129;0
130;0
131;1
132;0
133;0
134;1
135;0
136;0
137;0
138;0
139;0
140;0
141;0
142;0
143;0
144;0
145;0
146;0
147;2
148;0
149;0
150;0
151;0
152;0
153;1
154;0
155;0
156;0
157;2
158;0
159;0
160;2
161;0
162;0
163;0
164;0
165;0
166;0
167;0
168;2
169;2
170;2
171;2
172;2
173;0
174;0
175;2
176;1
177;0
178;0
179;0
180;0
181;0
182;2
183;1
184;1
185;0
186;0
187;2
188;2
189;0
190;1
191;0
192;1
193;0
194;0
195;0
196;0
197;0
198;0
199;0
200;0
201;0
202;0
203;0
204;2
205;0
206;1
207;0
208;0
209;0
210;0
211;0
212;0
213;0
214;0
215;2
216;1
217;0
218;2
219;2
220;1
221;0
222;0
223;0
224;0
225;0
226;1
227;0
228;0
229;0
230;0
231;2
232;1
233;0
234;0
235;0
236;0
237;0
238;0
239;0
240;1
241;1
242;1
243;0
244;0
245;0
246;0
247;1
248;1
249;0
250;0
251;0
252;0
253;0
254;1
255;0
256;0
257;0
258;0
259;0
260;0
261;0
262;0
263;1
264;0
265;0
266;0
267;2
268;1
269;2
270;0
271;0
272;0
273;2
274;0
275;0
276;0
277;0
278;0
279;2
280;2
281;0
282;0
283;0
284;1
285;0
286;0
287;0
288;1
289;1
290;0
291;0
292;1
293;0
294;2
295;0
296;0
297;2
298;0
299;0
300;0
301;0
302;1
303;0
304;2
305;0
306;1
307;0
308;0
309;0
310;0
311;0
312;0
313;0
314;1
315;0
316;0
317;0
318;2
319;0
320;0
321;2
322;0
323;0
324;0
325;0
326;1
327;0
328;2
329;0
330;0
331;0
332;0
333;2
334;2
335;2
336;0
337;0
338;1
339;0
340;0
341;0
342;0
343;0
344;0
345;0
346;0
347;0
348;2
349;2
350;0
351;0
352;0
353;0
354;2
355;2
356;0
357;0
358;0
359;2
360;0
361;0
362;0
363;2
364;4
365;0
366;1
367;2
368;2
369;0
370;0
371;0
372;2
373;1
374;0
375;0
376;0
377;0
378;0
379;2
380;0
381;0
382;1
383;0
384;2
385;0
386;0
387;2
388;2
389;2
390;0
391;0
392;2
393;0
394;0
395;0
396;0
397;0
398;0
399;0
400;1
401;0
402;1
403;0
404;2
405;0
406;0
407;0
408;0
409;2
410;2
411;2
412;1
413;0
414;0
415;0
416;1
417;0
418;1
419;0
420;2
421;0
422;0
423;0
424;0
425;0
426;0
427;0
428;1
429;2
430;0
431;0
432;2
433;0
434;0
435;0
436;0
437;0
438;0
439;0
440;1
441;0
442;0
443;0
444;2
445;0
446;0
447;0
448;0
449;1
450;0
451;0
452;1
453;1
454;0
455;0
456;2
457;0
458;2
459;2
460;2
461;0
462;0
463;1
464;0
465;2
466;0
467;2
468;2
469;0
470;2
471;0
472;2
473;0
474;1
475;0
476;1
477;0
478;2
479;0
480;1
481;1
482;0
483;2
484;2
485;0
486;1
487;0
488;4
489;1
490;0
491;2
492;2
493;0
494;1
495;0
496;1
497;4
498;2
499;2
500;1
501;0
502;0
503;0
504;0
505;1
506;1
507;2
508;1
509;0
510;1
511;0
512;0
513;0
514;0
515;0
516;2
517;0
518;0
519;2
520;0
521;0
522;0
523;4
524;0
525;0
526;1
527;0
528;1
529;0
530;2
531;1
532;0
533;0
534;1
535;2
536;1
537;1
538;0
539;0
540;2
541;2
542;0
543;0
544;0
545;0
546;0
547;0
548;1
549;0
550;0
551;0
552;0
553;1
554;2
555;2
556;2
557;1
558;0
559;2
560;1
561;0
562;0
563;0
564;0
565;0
566;0
567;0
568;1
569;0
570;0
571;0
572;0
573;2
574;0
575;1
576;0
577;0
578;1
579;0
580;0
581;0
582;2
583;1
584;0
585;0
586;0
587;0
588;1
589;0
590;1
591;0
592;2
593;0
594;0
595;0
596;1
597;1
598;0
599;0
600;2
601;0
602;0
603;0
604;0
605;0
606;0
607;0
608;0
609;0
610;0
611;0
612;0
613;2
614;2
615;1
616;0
617;0
618;0
619;0
620;1
621;0
622;2
623;0
624;0
625;0
626;0
627;0
628;0
629;0
630;0
631;0
632;0
633;0
634;1
635;0
636;2
637;0
638;0
639;0
640;1
641;1
642;1
643;0
644;1
645;0
646;2
647;0
648;1
649;1
650;0
651;0
652;0
653;0
654;0
655;0
656;0
657;0
658;1
659;0
660;0
661;0
662;1
663;0
664;1
665;0
666;2
667;1
668;1
669;0
670;2
671;0
672;0
673;0
674;0
675;0
676;2
677;1
678;1
679;0
680;0
681;0
682;2
683;0
684;2
685;0
686;0
687;0
688;0
689;0
690;1
691;0
692;1
693;0
694;0
695;2
696;0
697;2
698;2
699;2
700;2
701;0
702;2
703;0
704;1
705;0
706;0
707;0
708;0
709;0
710;0
711;0
712;1
713;0
714;0
715;0
716;0
717;0
718;1
719;2
720;1
721;0
722;0
723;1
724;2
725;0
726;2
727;2
728;2
729;0
730;0
731;0
732;4
733;2
734;2
735;1
736;2
737;0
738;1
739;0
740;2
741;0
742;2
743;0
744;0
745;0
746;0
747;1
748;2
749;0
750;1
751;0
752;0
753;0
754;0
755;0
756;0
757;0
758;0
759;0
760;0
761;1
762;1
763;0
764;2
765;0
766;1
767;0
768;1
769;0
770;2
771;0
772;2
773;0
774;2
775;2
776;1
777;0
778;0
779;1
780;0
781;0
782;0
783;0
784;0
785;0
786;0
787;0
788;0
789;2
790;0
791;0
792;0
793;2
794;0
795;0
796;0
797;0
798;0
799;1
800;1
801;2
802;0
803;1
804;0
805;0
806;0
807;2
808;0
809;2
810;2
811;0
812;0
813;0
814;0
815;0
816;0
817;0
818;0
819;2
820;1
821;2
822;0
823;0
824;0
825;1
826;0
827;0
828;0
829;0
830;2
831;0
832;0
833;0
834;0
835;2
836;2
837;1
838;0
839;0
840;0
841;0
842;1
843;0
844;0
845;0
846;0
847;0
848;4
849;2
850;0
851;0
852;0
853;0
854;1
855;0
856;1
857;0
858;0
859;0
860;1
861;0
862;0
863;2
864;0
865;0
866;0
867;0
868;0
869;0
870;0
871;1
872;0
873;1
874;0
875;0
876;0
877;0
878;0
879;0
880;0
881;0
882;0
883;1
884;2
885;0
886;0
887;0
888;0
889;2
890;2
891;0
892;1
893;0
894;0
895;2
896;1
897;0
898;2
899;1
900;0
901;0
902;1
903;0
904;2
905;0
906;0
907;0
908;1
909;0
910;0
911;0
912;0
913;0
914;1
915;0
916;2
917;0
918;2
919;2
920;0
921;0
922;0
923;0
924;1
925;0
926;2
927;0
928;0
929;0
930;1
931;0
932;2
933;0
934;2
935;2
936;1
937;0
938;0
939;0
940;0
941;0
942;2
943;0
944;2
945;1
946;0
947;0
948;0
949;0
950;0
951;0
952;0
953;0
954;2
955;0
956;0
957;2
958;2
959;0
960;1
961;1
962;0
963;0
964;0
965;0
966;0
967;2
968;2
969;2
970;2
971;2
972;0
973;0
974;2
975;2
976;1
977;0
978;0
979;0
980;0
981;0
982;0
983;2
984;0
985;0
986;0
987;2
988;1
989;0
990;1
991;2
992;4
993;0
994;2
995;0
996;2
997;0
998;1
999;0
1000;2
1001;1
1002;0
1003;1
1004;0
1005;2
1006;0
1007;0
1008;1
1009;0
1010;0
1011;0
1012;1
1013;1
1014;0
1015;0
1016;0
1017;0
1018;0
1019;0
1020;0
1021;0
1022;0
1023;0
