0;0
1;0
2;0
3;0
4;2
5;0
6;2
7;2
8;2
9;0
10;2
11;0
12;0
13;1
14;1
15;1
16;0
17;2
18;2
19;2
20;2
21;2
22;2
23;1
24;0
25;0
26;0
27;2
28;2
29;0
30;0
31;2
32;0
33;0
34;0
35;0
36;0
37;2
38;0
39;0
40;0
41;0
42;0
43;0
44;2
45;0
46;2
47;0
48;0
49;1
50;0
51;1
52;0
53;0
54;0
55;0
56;0
57;1
58;0
59;2
60;1
61;0
62;0
63;0
64;0
65;0
66;0
67;0
68;0
69;0
70;0
71;2
72;1
73;0
74;0
75;0
76;0
77;0
78;0
79;0
80;2
81;0
82;2
83;0
84;0
85;2
86;0
87;0
88;0
89;2
90;2
91;1
92;2
93;0
94;0
95;0
96;0
97;0
98;0
99;0
100;0
101;0
102;0
103;0
104;0
105;0
106;0
107;0
108;0
109;2
110;0
111;0
112;0
113;0
114;0
115;0
116;1
117;0
118;2
119;0
120;1
121;1
122;1
123;0
124;1
125;0
126;0
127;0
128;2
129;0
130;2
131;0
132;2
133;0
134;0
135;2
136;0
137;0
138;2
139;2
140;1
141;0
142;2
143;0
144;0
145;0
146;0
147;1
148;0
149;0
150;2
151;0
152;0
153;0
154;1
155;0
156;0
157;0
158;0
159;0
160;0
161;0
162;0
163;2
164;1
165;0
166;0
167;2
168;4
169;0
170;2
171;2
172;2
173;2
174;2
175;0
176;1
177;0
178;0
179;0
180;0
181;0
182;0
183;0
184;0
185;0
186;2
187;0
188;0
189;0
190;0
191;2
192;1
193;0
194;0
195;0
196;2
197;1
198;0
199;1
200;0
201;0
202;2
203;1
204;2
205;2
206;2
207;2
208;2
209;0
210;2
211;0
212;0
213;0
214;0
215;0
216;0
217;0
218;1
219;0
220;0
221;0
222;0
223;2
224;1
225;0
226;0
227;0
228;0
229;2
230;2
231;2
232;0
233;0
234;0
235;0
236;0
237;0
238;0
239;0
240;0
241;2
242;2
243;2
244;2
245;2
246;0
247;0
248;0
249;0
250;0
251;0
252;2
253;0
254;0
255;0
256;1
257;0
258;2
259;2
260;0
261;0
262;0
263;0
264;1
265;1
266;0
267;2
268;1
269;0
270;2
271;0
272;0
273;1
274;0
275;2
276;0
277;0
278;0
279;0
280;0
281;0
282;0
283;2
284;1
285;0
286;0
287;2
288;4
289;0
290;2
291;2
292;2
293;0
294;2
295;0
296;2
297;0
298;0
299;0
300;0
301;0
302;0
303;0
304;2
305;0
306;2
307;0
308;0
309;0
310;0
311;0
312;0
313;1
314;0
315;0
316;0
317;0
318;0
319;0
320;0
321;0
322;0
323;0
324;1
325;0
326;0
327;0
328;2
329;0
330;0
331;0
332;2
333;2
334;0
335;1
336;0
337;0
338;0
339;0
340;1
341;0
342;0
343;0
344;0
345;0
346;0
347;1
348;0
349;0
350;0
351;0
352;0
353;0
354;0
355;0
356;2
357;0
358;1
359;0
360;2
361;0
362;2
363;0
364;1
365;2
366;2
367;1
368;0
369;0
370;0
371;0
372;2
373;1
374;0
375;0
376;0
377;0
378;1
379;1
380;0
381;0
382;0
383;0
384;0
385;0
386;1
387;0
388;1
389;0
390;0
391;2
392;4
393;0
394;0
395;2
396;1
397;0
398;0
399;0
400;2
401;0
402;1
403;0
404;0
405;1
406;0
407;0
408;2
409;0
410;0
411;0
412;1
413;0
414;1
415;0
416;0
417;0
418;2
419;0
420;2
421;0
422;2
423;2
424;2
425;2
426;0
427;0
428;2
429;0
430;2
431;0
432;0
433;0
434;0
435;2
436;0
437;2
438;0
439;0
440;0
441;0
442;2
443;2
444;1
445;0
446;0
447;0
448;2
449;0
450;0
451;2
452;2
453;0
454;0
455;0
456;0
457;0
458;2
459;0
460;0
461;0
462;0
463;0
464;0
465;0
466;2
467;2
468;2
469;0
470;0
471;1
472;0
473;0
474;0
475;0
476;0
477;2
478;2
479;2
480;0
481;0
482;0
483;0
484;0
485;0
486;0
487;1
488;0
489;0
490;0
491;0
492;1
493;0
494;2
495;2
496;0
497;0
498;0
499;2
500;2
501;0
502;2
503;1
504;0
505;0
506;2
507;0
508;0
509;0
510;1
511;0
512;0
513;2
514;0
515;0
516;0
517;0
518;1
519;0
520;0
521;0
522;0
523;1
524;0
525;0
526;0
527;0
528;0
529;0
530;0
531;0
532;0
533;0
534;0
535;1
536;0
537;0
538;0
539;0
540;0
541;2
542;0
543;0
544;0
545;0
546;0
547;0
548;0
549;0
550;0
551;0
552;2
553;2
554;2
555;0
556;2
557;0
558;2
559;0
560;0
561;2
562;0
563;1
564;0
565;2
566;1
567;0
568;0
569;0
570;0
571;0
572;0
573;2
574;2
575;0
576;1
577;1
578;0
579;0
580;0
581;0
582;0
583;0
584;2
585;0
586;0
587;0
588;2
589;0
590;0
591;2
592;0
593;0
594;1
595;0
596;0
597;2
598;0
599;0
600;0
601;2
602;2
603;0
604;1
605;0
606;0
607;1
608;2
609;0
610;0
611;0
612;2
613;0
614;1
615;1
616;0
617;2
618;0
619;0
620;1
621;0
622;2
623;1
624;0
625;0
626;0
627;0
628;2
629;0
630;2
631;1
632;0
633;0
634;0
635;0
636;0
637;2
638;2
639;2
640;2
641;0
642;0
643;0
644;2
645;1
646;0
647;0
648;0
649;0
650;0
651;0
652;0
653;2
654;0
655;0
656;2
657;0
658;0
659;0
660;0
661;0
662;0
663;0
664;0
665;0
666;0
667;0
668;2
669;0
670;0
671;0
672;0
673;0
674;2
675;0
676;2
677;0
678;0
679;0
680;0
681;0
682;0
683;0
684;1
685;0
686;0
687;0
688;0
689;1
690;0
691;0
692;0
693;0
694;0
695;0
696;0
697;0
698;2
699;2
700;2
701;1
702;0
703;0
704;0
705;0
706;0
707;2
708;1
709;0
710;0
711;0
712;1
713;0
714;0
715;2
716;2
717;2
718;2
719;0
720;2
721;0
722;2
723;2
724;2
725;0
726;1
727;0
728;1
729;0
730;0
731;0
732;0
733;0
734;0
735;0
736;0
737;0
738;0
739;0
740;0
741;0
742;0
743;1
744;0
745;0
746;2
747;1
748;0
749;2
750;0
751;0
752;0
753;0
754;0
755;0
756;2
757;1
758;1
759;0
760;0
761;2
762;1
763;2
764;2
765;0
766;2
767;0
768;0
769;0
770;1
771;0
772;0
773;1
774;0
775;0
776;0
777;0
778;0
779;0
780;0
781;2
782;2
783;0
784;1
785;0
786;0
787;0
788;0
789;0
790;0
791;2
792;2
793;0
794;0
795;0
796;0
797;1
798;2
799;0
800;0
801;0
802;0
803;0
804;0
805;1
806;0
807;0
808;0
809;1
810;0
811;2
812;2
813;2
814;1
815;0
816;1
817;0
818;2
819;0
820;2
821;0
822;2
823;2
824;0
825;0
826;1
827;0
828;0
829;0
830;1
831;0
832;0
833;0
834;1
835;0
836;2
837;2
838;0
839;0
840;0
841;0
842;0
843;0
844;0
845;0
846;0
847;0
848;2
849;0
850;0
851;0
852;0
853;0
854;0
855;0
856;2
857;2
858;2
859;2
860;2
861;0
862;2
863;0
864;0
865;0
866;0
867;0
868;2
869;1
870;0
871;0
872;2
873;0
874;1
875;0
876;0
877;0
878;2
879;1
880;0
881;2
882;0
883;0
884;1
885;0
886;1
887;0
888;0
889;0
890;0
891;0
892;0
893;0
894;1
895;2
896;1
897;0
898;0
899;0
900;2
901;0
902;0
903;0
904;1
905;0
906;2
907;0
908;1
909;0
910;0
911;2
912;0
913;1
914;2
915;2
916;0
917;0
918;2
919;2
920;1
921;0
922;0
923;1
924;0
925;0
926;2
927;2
928;2
929;0
930;2
931;0
932;1
933;0
934;0
935;0
936;1
937;0
938;0
939;0
940;0
941;0
942;0
943;2
944;1
945;0
946;0
947;2
948;1
949;0
950;0
951;2
952;4
953;0
954;2
955;2
956;2
957;0
958;0
959;0
960;2
961;0
962;0
963;0
964;0
965;0
966;0
967;0
968;0
969;0
970;0
971;1
972;0
973;0
974;0
975;0
976;0
977;1
978;0
979;2
980;1
981;0
982;0
983;2
984;0
985;0
986;0
987;2
988;0
989;0
990;2
991;0
992;2
993;0
994;0
995;0
996;1
997;0
998;0
999;0
1000;0
1001;0
1002;0
1003;0
1004;0
1005;0
1006;0
1007;0
1008;0
1009;0
1010;0
1011;0
1012;0
1013;0
1014;0
1015;0
1016;0
1017;0
1018;0
1019;0
1020;0
1021;0
1022;0
1023;0
