0;1
1;0
2;0
3;2
4;1
5;0
6;2
7;2
8;2
9;0
10;2
11;0
12;2
13;0
14;0
15;0
16;0
17;1
18;0
19;1
20;0
21;2
22;0
23;2
24;0
25;2
26;0
27;0
28;0
29;0
30;0
31;2
32;0
33;0
34;0
35;0
36;0
37;1
38;0
39;0
40;0
41;0
42;0
43;0
44;2
45;0
46;0
47;0
48;0
49;0
50;0
51;0
52;0
53;1
54;0
55;0
56;0
57;1
58;0
59;0
60;1
61;0
62;0
63;0
64;0
65;0
66;0
67;0
68;2
69;0
70;2
71;2
72;0
73;0
74;1
75;0
76;0
77;0
78;0
79;0
80;2
81;0
82;2
83;0
84;1
85;0
86;0
87;0
88;0
89;0
90;0
91;2
92;4
93;0
94;1
95;1
96;0
97;0
98;0
99;0
100;2
101;0
102;0
103;0
104;0
105;0
106;0
107;0
108;0
109;0
110;0
111;0
112;0
113;0
114;1
115;0
116;1
117;0
118;0
119;1
120;1
121;0
122;2
123;2
124;2
125;0
126;0
127;0
128;2
129;1
130;0
131;0
132;0
133;0
134;2
135;1
136;0
137;0
138;2
139;0
140;4
141;0
142;2
143;0
144;2
145;0
146;2
147;0
148;1
149;0
150;2
151;0
152;2
153;0
154;2
155;0
156;0
157;0
158;0
159;0
160;0
161;0
162;2
163;2
164;1
165;0
166;2
167;0
168;0
169;0
170;0
171;0
172;0
173;2
174;0
175;0
176;2
177;0
178;1
179;0
180;0
181;0
182;0
183;0
184;2
185;0
186;0
187;0
188;0
189;0
190;0
191;0
192;0
193;1
194;2
195;1
196;1
197;0
198;0
199;0
200;2
201;2
202;1
203;0
204;0
205;0
206;0
207;1
208;2
209;2
210;1
211;0
212;2
213;0
214;2
215;0
216;0
217;0
218;0
219;2
220;1
221;0
222;0
223;0
224;2
225;0
226;0
227;2
228;2
229;1
230;0
231;0
232;0
233;2
234;0
235;2
236;0
237;0
238;0
239;0
240;0
241;0
242;2
243;0
244;0
245;1
246;0
247;2
248;2
249;0
250;0
251;2
252;0
253;0
254;1
255;0
256;2
257;0
258;0
259;0
260;0
261;0
262;0
263;0
264;2
265;2
266;0
267;0
268;1
269;0
270;0
271;1
272;0
273;0
274;0
275;2
276;4
277;0
278;2
279;2
280;2
281;0
282;0
283;0
284;2
285;0
286;2
287;2
288;1
289;2
290;0
291;1
292;0
293;0
294;0
295;0
296;0
297;0
298;0
299;2
300;0
301;2
302;1
303;0
304;0
305;0
306;0
307;0
308;0
309;0
310;0
311;0
312;0
313;0
314;0
315;0
316;0
317;1
318;0
319;0
320;0
321;1
322;1
323;0
324;0
325;0
326;0
327;0
328;0
329;0
330;0
331;1
332;2
333;0
334;0
335;0
336;1
337;0
338;0
339;0
340;0
341;0
342;0
343;0
344;1
345;0
346;0
347;0
348;2
349;0
350;0
351;2
352;2
353;0
354;1
355;1
356;0
357;0
358;0
359;0
360;0
361;0
362;1
363;0
364;2
365;0
366;0
367;0
368;2
369;2
370;2
371;2
372;2
373;0
374;0
375;0
376;2
377;1
378;0
379;0
380;0
381;0
382;0
383;0
384;2
385;0
386;0
387;0
388;1
389;0
390;1
391;0
392;1
393;0
394;2
395;2
396;2
397;0
398;0
399;2
400;2
401;0
402;0
403;0
404;2
405;2
406;1
407;0
408;2
409;1
410;2
411;0
412;2
413;0
414;0
415;0
416;2
417;0
418;0
419;0
420;0
421;2
422;0
423;0
424;2
425;0
426;2
427;1
428;0
429;2
430;2
431;0
432;1
433;0
434;1
435;0
436;2
437;0
438;0
439;0
440;0
441;1
442;0
443;1
444;0
445;0
446;0
447;2
448;1
449;0
450;2
451;2
452;0
453;0
454;0
455;0
456;0
457;0
458;2
459;1
460;2
461;0
462;2
463;0
464;2
465;0
466;2
467;2
468;1
469;0
470;0
471;0
472;2
473;0
474;0
475;0
476;0
477;0
478;2
479;0
480;2
481;0
482;0
483;0
484;2
485;0
486;2
487;0
488;0
489;0
490;0
491;0
492;1
493;0
494;0
495;0
496;1
497;0
498;2
499;2
500;2
501;0
502;0
503;1
504;0
505;2
506;0
507;0
508;0
509;1
510;0
511;0
512;2
513;0
514;0
515;0
516;0
517;1
518;0
519;0
520;0
521;2
522;2
523;2
524;2
525;2
526;0
527;0
528;0
529;0
530;0
531;0
532;0
533;0
534;0
535;0
536;0
537;0
538;2
539;2
540;0
541;0
542;0
543;0
544;0
545;0
546;0
547;0
548;0
549;0
550;2
551;2
552;2
553;2
554;2
555;0
556;2
557;0
558;1
559;1
560;0
561;2
562;0
563;0
564;1
565;0
566;0
567;0
568;0
569;0
570;0
571;0
572;1
573;0
574;2
575;0
576;0
577;2
578;0
579;0
580;2
581;0
582;0
583;0
584;0
585;0
586;0
587;0
588;0
589;0
590;0
591;2
592;0
593;0
594;0
595;0
596;0
597;0
598;0
599;0
600;2
601;2
602;2
603;0
604;1
605;0
606;0
607;0
608;2
609;0
610;0
611;2
612;2
613;0
614;0
615;1
616;0
617;2
618;0
619;0
620;0
621;2
622;2
623;1
624;0
625;0
626;0
627;0
628;2
629;2
630;2
631;1
632;0
633;0
634;0
635;2
636;4
637;0
638;2
639;0
640;2
641;1
642;0
643;0
644;2
645;0
646;0
647;0
648;0
649;0
650;0
651;0
652;4
653;2
654;0
655;1
656;0
657;0
658;0
659;0
660;2
661;1
662;2
663;1
664;0
665;0
666;0
667;0
668;0
669;0
670;0
671;0
672;0
673;1
674;0
675;0
676;1
677;0
678;0
679;0
680;2
681;0
682;0
683;0
684;2
685;0
686;0
687;0
688;0
689;0
690;0
691;0
692;0
693;0
694;0
695;0
696;0
697;0
698;0
699;0
700;1
701;2
702;0
703;0
704;0
705;0
706;0
707;0
708;0
709;0
710;0
711;0
712;0
713;2
714;1
715;0
716;2
717;1
718;0
719;0
720;0
721;0
722;0
723;0
724;2
725;2
726;1
727;0
728;0
729;0
730;0
731;0
732;1
733;0
734;0
735;0
736;2
737;0
738;0
739;1
740;0
741;0
742;0
743;0
744;1
745;0
746;1
747;0
748;2
749;2
750;0
751;0
752;0
753;0
754;0
755;0
756;1
757;1
758;1
759;0
760;0
761;0
762;2
763;0
764;2
765;0
766;0
767;0
768;1
769;0
770;1
771;0
772;1
773;0
774;0
775;1
776;0
777;0
778;0
779;0
780;0
781;2
782;0
783;0
784;1
785;0
786;2
787;2
788;0
789;2
790;0
791;2
792;1
793;0
794;2
795;2
796;4
797;0
798;2
799;2
800;2
801;0
802;0
803;0
804;2
805;0
806;2
807;0
808;4
809;2
810;1
811;0
812;0
813;0
814;0
815;2
816;1
817;0
818;0
819;2
820;4
821;0
822;2
823;1
824;0
825;0
826;0
827;0
828;2
829;0
830;1
831;0
832;1
833;0
834;1
835;0
836;0
837;0
838;0
839;0
840;0
841;2
842;0
843;0
844;0
845;2
846;1
847;0
848;0
849;2
850;2
851;0
852;0
853;0
854;0
855;2
856;0
857;0
858;1
859;0
860;2
861;0
862;0
863;0
864;2
865;0
866;0
867;0
868;1
869;0
870;0
871;0
872;0
873;0
874;0
875;0
876;0
877;0
878;2
879;0
880;0
881;2
882;2
883;1
884;0
885;0
886;2
887;0
888;1
889;0
890;0
891;0
892;0
893;2
894;2
895;0
896;0
897;0
898;0
899;1
900;0
901;0
902;2
903;1
904;0
905;2
906;0
907;0
908;1
909;0
910;0
911;1
912;0
913;0
914;0
915;2
916;1
917;0
918;1
919;0
920;0
921;0
922;1
923;0
924;1
925;0
926;0
927;0
928;2
929;1
930;2
931;2
932;0
933;0
934;0
935;0
936;1
937;1
938;1
939;0
940;0
941;1
942;2
943;0
944;0
945;1
946;1
947;0
948;0
949;0
950;2
951;0
952;0
953;2
954;0
955;0
956;0
957;2
958;0
959;0
960;0
961;0
962;2
963;0
964;0
965;0
966;2
967;2
968;2
969;0
970;0
971;0
972;2
973;0
974;2
975;2
976;2
977;0
978;0
979;0
980;2
981;0
982;0
983;0
984;0
985;2
986;2
987;0
988;0
989;0
990;2
991;1
992;2
993;1
994;0
995;2
996;0
997;0
998;1
999;0
1000;2
1001;2
1002;1
1003;0
1004;2
1005;0
1006;0
1007;2
1008;0
1009;0
1010;1
1011;0
1012;0
1013;0
1014;0
1015;1
1016;0
1017;0
1018;0
1019;0
1020;0
1021;0
1022;0
1023;0
