0;0
1;0
2;0
3;0
4;2
5;0
6;0
7;0
8;1
9;0
10;2
11;0
12;0
13;0
14;1
15;0
16;2
17;1
18;0
19;0
20;0
21;0
22;2
23;1
24;0
25;1
26;2
27;0
28;2
29;0
30;2
31;2
32;1
33;0
34;0
35;0
36;0
37;0
38;0
39;0
40;0
41;2
42;0
43;0
44;1
45;0
46;0
47;0
48;0
49;0
50;0
51;0
52;0
53;0
54;0
55;0
56;1
57;1
58;0
59;1
60;1
61;0
62;2
63;2
64;1
65;1
66;0
67;1
68;4
69;0
70;0
71;0
72;2
73;0
74;0
75;0
76;1
77;0
78;0
79;0
80;0
81;0
82;2
83;0
84;1
85;2
86;0
87;0
88;0
89;0
90;1
91;0
92;0
93;1
94;2
95;0
96;1
97;2
98;0
99;1
100;0
101;2
102;1
103;0
104;0
105;2
106;0
107;0
108;0
109;0
110;2
111;0
112;0
113;0
114;1
115;0
116;1
117;0
118;0
119;0
120;0
121;2
122;0
123;0
124;0
125;0
126;1
127;0
128;0
129;2
130;0
131;0
132;0
133;2
134;1
135;0
136;0
137;0
138;0
139;0
140;0
141;0
142;0
143;0
144;2
145;0
146;0
147;0
148;0
149;2
150;2
151;0
152;0
153;0
154;2
155;0
156;0
157;0
158;0
159;0
160;0
161;0
162;0
163;0
164;2
165;2
166;0
167;0
168;2
169;0
170;0
171;0
172;0
173;0
174;2
175;0
176;0
177;0
178;0
179;0
180;0
181;0
182;0
183;0
184;2
185;0
186;0
187;0
188;0
189;0
190;0
191;1
192;0
193;0
194;0
195;1
196;0
197;0
198;2
199;0
200;2
201;0
202;2
203;0
204;0
205;0
206;0
207;0
208;0
209;0
210;0
211;2
212;0
213;0
214;2
215;0
216;1
217;0
218;0
219;0
220;0
221;0
222;2
223;2
224;0
225;1
226;0
227;0
228;0
229;0
230;1
231;0
232;0
233;2
234;2
235;2
236;1
237;0
238;0
239;1
240;0
241;0
242;0
243;2
244;1
245;0
246;2
247;1
248;0
249;0
250;0
251;2
252;1
253;0
254;2
255;2
256;2
257;0
258;2
259;1
260;1
261;0
262;0
263;1
264;1
265;0
266;2
267;1
268;0
269;0
270;0
271;0
272;2
273;2
274;1
275;2
276;1
277;0
278;0
279;0
280;0
281;1
282;0
283;0
284;1
285;0
286;0
287;0
288;0
289;2
290;0
291;0
292;0
293;0
294;0
295;0
296;1
297;0
298;0
299;0
300;0
301;0
302;0
303;0
304;1
305;0
306;0
307;0
308;0
309;0
310;2
311;1
312;0
313;0
314;0
315;0
316;0
317;0
318;0
319;0
320;2
321;1
322;0
323;0
324;0
325;0
326;0
327;0
328;0
329;1
330;1
331;0
332;0
333;0
334;0
335;0
336;0
337;0
338;0
339;0
340;2
341;0
342;0
343;1
344;2
345;0
346;2
347;0
348;2
349;0
350;1
351;0
352;0
353;0
354;0
355;0
356;0
357;0
358;1
359;0
360;0
361;0
362;0
363;2
364;0
365;0
366;1
367;0
368;0
369;0
370;0
371;0
372;2
373;0
374;1
375;0
376;2
377;0
378;0
379;0
380;0
381;2
382;1
383;0
384;0
385;0
386;0
387;0
388;2
389;1
390;0
391;0
392;0
393;0
394;0
395;2
396;0
397;0
398;0
399;0
400;0
401;0
402;2
403;2
404;2
405;1
406;0
407;0
408;0
409;0
410;0
411;0
412;0
413;0
414;2
415;0
416;2
417;0
418;0
419;0
420;0
421;1
422;0
423;0
424;0
425;0
426;0
427;0
428;0
429;0
430;2
431;2
432;0
433;2
434;2
435;0
436;2
437;0
438;2
439;0
440;2
441;0
442;0
443;0
444;1
445;1
446;0
447;0
448;0
449;0
450;2
451;2
452;1
453;0
454;0
455;2
456;4
457;0
458;2
459;1
460;0
461;0
462;2
463;0
464;2
465;2
466;2
467;1
468;0
469;0
470;0
471;2
472;2
473;0
474;2
475;2
476;2
477;0
478;2
479;0
480;0
481;0
482;2
483;2
484;0
485;1
486;0
487;2
488;0
489;0
490;1
491;0
492;2
493;0
494;0
495;0
496;0
497;0
498;0
499;0
500;0
501;2
502;1
503;0
504;0
505;0
506;0
507;0
508;0
509;0
510;0
511;0
512;2
513;2
514;2
515;2
516;0
517;0
518;0
519;1
520;0
521;2
522;0
523;0
524;0
525;0
526;0
527;0
528;0
529;0
530;0
531;0
532;0
533;0
534;0
535;0
536;0
537;0
538;2
539;2
540;2
541;2
542;0
543;0
544;0
545;0
546;2
547;2
548;0
549;0
550;0
551;0
552;0
553;2
554;2
555;0
556;0
557;0
558;0
559;0
560;0
561;0
562;0
563;0
564;0
565;0
566;1
567;0
568;1
569;0
570;0
571;0
572;1
573;0
574;2
575;0
576;0
577;2
578;0
579;0
580;1
581;0
582;0
583;0
584;0
585;0
586;0
587;0
588;1
589;0
590;2
591;0
592;0
593;0
594;0
595;1
596;0
597;0
598;0
599;0
600;0
601;0
602;0
603;0
604;0
605;0
606;0
607;2
608;0
609;0
610;0
611;0
612;0
613;0
614;0
615;2
616;0
617;0
618;1
619;2
620;2
621;0
622;2
623;0
624;0
625;0
626;0
627;0
628;0
629;0
630;0
631;0
632;0
633;0
634;0
635;2
636;1
637;0
638;2
639;0
640;1
641;0
642;2
643;1
644;0
645;0
646;1
647;0
648;0
649;2
650;0
651;0
652;2
653;2
654;2
655;1
656;0
657;0
658;0
659;0
660;0
661;2
662;0
663;0
664;0
665;0
666;0
667;0
668;0
669;0
670;2
671;0
672;2
673;0
674;0
675;0
676;1
677;0
678;1
679;2
680;0
681;0
682;1
683;0
684;0
685;2
686;0
687;0
688;2
689;0
690;0
691;0
692;0
693;0
694;0
695;0
696;2
697;0
698;0
699;0
700;0
701;0
702;0
703;0
704;0
705;2
706;2
707;1
708;0
709;0
710;0
711;0
712;1
713;0
714;0
715;0
716;1
717;0
718;0
719;0
720;0
721;0
722;0
723;0
724;0
725;0
726;0
727;0
728;0
729;0
730;2
731;0
732;1
733;1
734;0
735;0
736;0
737;0
738;0
739;2
740;1
741;1
742;0
743;1
744;1
745;0
746;2
747;0
748;1
749;0
750;0
751;0
752;0
753;2
754;0
755;0
756;1
757;0
758;0
759;1
760;0
761;0
762;0
763;2
764;2
765;2
766;1
767;0
768;0
769;0
770;0
771;0
772;2
773;1
774;1
775;0
776;2
777;2
778;2
779;0
780;2
781;0
782;0
783;0
784;0
785;0
786;0
787;0
788;1
789;0
790;0
791;2
792;1
793;0
794;0
795;2
796;2
797;0
798;2
799;2
800;2
801;0
802;2
803;0
804;0
805;1
806;0
807;0
808;0
809;2
810;2
811;2
812;1
813;0
814;0
815;2
816;0
817;0
818;1
819;0
820;0
821;2
822;0
823;0
824;0
825;0
826;0
827;0
828;0
829;0
830;0
831;0
832;1
833;1
834;0
835;1
836;1
837;2
838;2
839;2
840;0
841;0
842;2
843;2
844;1
845;0
846;0
847;2
848;2
849;0
850;2
851;2
852;0
853;0
854;2
855;0
856;0
857;2
858;0
859;0
860;0
861;2
862;1
863;0
864;0
865;0
866;0
867;0
868;0
869;0
870;0
871;0
872;0
873;0
874;1
875;0
876;0
877;0
878;0
879;0
880;0
881;1
882;0
883;0
884;2
885;2
886;2
887;2
888;2
889;2
890;0
891;0
892;0
893;1
894;0
895;2
896;0
897;2
898;0
899;2
900;0
901;0
902;1
903;0
904;0
905;0
906;0
907;2
908;2
909;2
910;0
911;0
912;2
913;0
914;0
915;0
916;0
917;2
918;0
919;0
920;0
921;0
922;0
923;0
924;0
925;0
926;1
927;0
928;0
929;1
930;0
931;0
932;1
933;2
934;0
935;0
936;1
937;0
938;0
939;0
940;0
941;0
942;0
943;2
944;2
945;1
946;0
947;1
948;0
949;1
950;1
951;2
952;2
953;2
954;2
955;2
956;1
957;1
958;0
959;0
960;0
961;0
962;0
963;0
964;1
965;0
966;2
967;0
968;0
969;0
970;0
971;2
972;0
973;1
974;0
975;2
976;4
977;0
978;2
979;2
980;2
981;0
982;2
983;0
984;2
985;0
986;0
987;0
988;0
989;0
990;2
991;2
992;1
993;0
994;0
995;0
996;2
997;0
998;2
999;0
1000;0
1001;0
1002;0
1003;2
1004;1
1005;0
1006;0
1007;0
1008;0
1009;0
1010;0
1011;0
1012;0
1013;1
1014;0
1015;1
1016;0
1017;0
1018;0
1019;0
1020;0
1021;0
1022;0
1023;0
