0;1
1;1
2;0
3;2
4;2
5;0
6;0
7;0
8;2
9;4
10;1
11;0
12;2
13;0
14;2
15;0
16;0
17;2
18;1
19;0
20;1
21;0
22;0
23;2
24;1
25;0
26;0
27;0
28;2
29;0
30;2
31;2
32;1
33;2
34;2
35;0
36;2
37;1
38;0
39;2
40;1
41;0
42;0
43;1
44;0
45;2
46;0
47;2
48;2
49;0
50;2
51;2
52;2
53;2
54;0
55;0
56;2
57;0
58;0
59;0
60;0
61;2
62;0
63;0
64;0
65;0
66;0
67;0
68;1
69;0
70;1
71;0
72;1
73;1
74;0
75;2
76;0
77;0
78;0
79;0
80;0
81;0
82;0
83;0
84;1
85;0
86;0
87;0
88;2
89;2
90;2
91;2
92;2
93;0
94;0
95;2
96;0
97;0
98;0
99;2
100;2
101;0
102;0
103;2
104;2
105;0
106;0
107;0
108;0
109;0
110;0
111;0
112;0
113;0
114;0
115;0
116;0
117;0
118;2
119;1
120;0
121;0
122;0
123;0
124;0
125;1
126;0
127;0
128;0
129;0
130;0
131;0
132;0
133;2
134;1
135;0
136;0
137;0
138;0
139;0
140;0
141;1
142;0
143;0
144;2
145;0
146;0
147;2
148;0
149;0
150;0
151;0
152;2
153;0
154;2
155;0
156;2
157;0
158;1
159;0
160;0
161;2
162;0
163;0
164;2
165;0
166;0
167;0
168;2
169;0
170;0
171;0
172;0
173;0
174;0
175;0
176;0
177;0
178;0
179;0
180;0
181;2
182;2
183;0
184;2
185;0
186;1
187;0
188;0
189;0
190;0
191;0
192;1
193;0
194;0
195;0
196;2
197;0
198;2
199;0
200;0
201;0
202;1
203;2
204;2
205;0
206;0
207;2
208;0
209;0
210;0
211;0
212;0
213;0
214;0
215;0
216;0
217;0
218;0
219;0
220;0
221;0
222;2
223;2
224;0
225;2
226;0
227;0
228;0
229;0
230;0
231;2
232;0
233;2
234;0
235;0
236;0
237;2
238;2
239;0
240;0
241;1
242;0
243;0
244;0
245;0
246;0
247;0
248;0
249;2
250;0
251;0
252;1
253;1
254;1
255;0
256;0
257;0
258;2
259;0
260;0
261;0
262;1
263;0
264;0
265;0
266;0
267;2
268;0
269;0
270;2
271;2
272;2
273;0
274;2
275;2
276;1
277;0
278;0
279;0
280;2
281;2
282;0
283;0
284;0
285;2
286;2
287;2
288;0
289;2
290;0
291;1
292;0
293;0
294;0
295;2
296;0
297;0
298;0
299;0
300;2
301;0
302;1
303;2
304;1
305;1
306;0
307;0
308;0
309;0
310;1
311;1
312;0
313;1
314;0
315;0
316;1
317;0
318;2
319;0
320;0
321;2
322;0
323;0
324;0
325;0
326;1
327;0
328;0
329;1
330;0
331;2
332;4
333;2
334;0
335;0
336;0
337;0
338;2
339;2
340;1
341;0
342;1
343;0
344;2
345;1
346;1
347;0
348;2
349;2
350;0
351;0
352;0
353;0
354;0
355;2
356;0
357;1
358;0
359;2
360;0
361;1
362;0
363;2
364;2
365;2
366;0
367;2
368;2
369;2
370;2
371;0
372;0
373;0
374;1
375;1
376;0
377;0
378;0
379;2
380;0
381;2
382;0
383;0
384;0
385;0
386;0
387;0
388;0
389;0
390;1
391;0
392;0
393;0
394;0
395;0
396;0
397;0
398;2
399;0
400;2
401;2
402;0
403;0
404;2
405;0
406;0
407;0
408;2
409;0
410;2
411;0
412;0
413;0
414;2
415;2
416;2
417;1
418;0
419;2
420;0
421;1
422;2
423;2
424;2
425;0
426;0
427;2
428;0
429;0
430;1
431;0
432;0
433;0
434;0
435;0
436;0
437;2
438;0
439;0
440;0
441;2
442;2
443;2
444;1
445;0
446;0
447;0
448;0
449;2
450;0
451;1
452;0
453;0
454;2
455;2
456;1
457;0
458;0
459;2
460;2
461;0
462;2
463;1
464;0
465;0
466;2
467;0
468;0
469;0
470;0
471;0
472;0
473;0
474;0
475;0
476;0
477;0
478;1
479;0
480;0
481;0
482;0
483;0
484;2
485;0
486;0
487;0
488;2
489;0
490;0
491;0
492;2
493;2
494;1
495;0
496;1
497;0
498;0
499;2
500;0
501;2
502;2
503;0
504;0
505;0
506;0
507;0
508;2
509;2
510;2
511;0
512;2
513;2
514;0
515;0
516;0
517;2
518;1
519;2
520;1
521;0
522;2
523;2
524;0
525;0
526;1
527;0
528;2
529;0
530;0
531;0
532;1
533;0
534;0
535;0
536;0
537;0
538;1
539;1
540;0
541;0
542;1
543;0
544;1
545;0
546;2
547;0
548;0
549;2
550;2
551;2
552;0
553;2
554;2
555;0
556;0
557;2
558;1
559;0
560;1
561;0
562;2
563;2
564;2
565;0
566;1
567;1
568;0
569;0
570;0
571;0
572;0
573;0
574;0
575;0
576;2
577;2
578;0
579;0
580;0
581;0
582;0
583;0
584;0
585;0
586;0
587;0
588;1
589;0
590;0
591;0
592;1
593;0
594;0
595;0
596;2
597;0
598;0
599;0
600;2
601;0
602;0
603;0
604;1
605;0
606;0
607;0
608;1
609;0
610;0
611;0
612;0
613;0
614;0
615;1
616;2
617;0
618;2
619;2
620;0
621;0
622;0
623;0
624;1
625;0
626;2
627;2
628;1
629;0
630;0
631;0
632;0
633;0
634;0
635;0
636;0
637;0
638;0
639;0
640;0
641;0
642;0
643;2
644;0
645;0
646;0
647;0
648;2
649;0
650;0
651;2
652;0
653;0
654;0
655;0
656;0
657;0
658;1
659;0
660;0
661;0
662;0
663;0
664;0
665;0
666;0
667;0
668;0
669;0
670;1
671;0
672;1
673;0
674;0
675;2
676;2
677;0
678;2
679;2
680;2
681;2
682;0
683;0
684;1
685;0
686;1
687;0
688;0
689;0
690;1
691;0
692;0
693;0
694;0
695;2
696;2
697;0
698;2
699;2
700;2
701;2
702;2
703;0
704;0
705;0
706;0
707;0
708;0
709;0
710;1
711;0
712;0
713;0
714;0
715;1
716;0
717;1
718;0
719;0
720;0
721;0
722;0
723;0
724;0
725;0
726;0
727;0
728;2
729;0
730;0
731;1
732;0
733;0
734;0
735;0
736;0
737;0
738;0
739;2
740;0
741;0
742;0
743;0
744;0
745;0
746;0
747;0
748;2
749;0
750;0
751;2
752;2
753;0
754;1
755;0
756;0
757;1
758;0
759;0
760;0
761;0
762;0
763;1
764;0
765;0
766;2
767;0
768;0
769;0
770;0
771;2
772;0
773;0
774;2
775;0
776;2
777;1
778;0
779;2
780;0
781;0
782;0
783;0
784;0
785;2
786;2
787;2
788;0
789;2
790;0
791;0
792;0
793;0
794;0
795;0
796;1
797;0
798;1
799;0
800;2
801;0
802;0
803;2
804;2
805;0
806;0
807;0
808;0
809;0
810;0
811;0
812;0
813;0
814;1
815;0
816;0
817;1
818;0
819;0
820;0
821;0
822;2
823;0
824;0
825;1
826;0
827;0
828;2
829;0
830;0
831;0
832;0
833;0
834;1
835;0
836;2
837;0
838;2
839;2
840;0
841;0
842;2
843;0
844;0
845;2
846;1
847;0
848;1
849;0
850;0
851;1
852;0
853;0
854;1
855;0
856;0
857;2
858;0
859;0
860;0
861;0
862;0
863;0
864;0
865;0
866;0
867;0
868;0
869;2
870;2
871;0
872;0
873;0
874;0
875;0
876;2
877;2
878;0
879;0
880;0
881;0
882;0
883;0
884;0
885;0
886;1
887;0
888;0
889;0
890;0
891;0
892;1
893;0
894;0
895;0
896;0
897;0
898;0
899;2
900;0
901;0
902;1
903;1
904;0
905;0
906;0
907;0
908;0
909;0
910;0
911;2
912;4
913;0
914;0
915;2
916;2
917;0
918;2
919;0
920;1
921;1
922;0
923;0
924;0
925;2
926;0
927;2
928;1
929;1
930;1
931;0
932;0
933;2
934;0
935;2
936;0
937;0
938;0
939;0
940;0
941;2
942;2
943;2
944;1
945;0
946;1
947;2
948;4
949;0
950;1
951;0
952;0
953;0
954;2
955;2
956;2
957;0
958;0
959;0
960;0
961;0
962;2
963;1
964;0
965;1
966;2
967;0
968;0
969;0
970;0
971;0
972;0
973;1
974;2
975;0
976;0
977;1
978;0
979;0
980;2
981;0
982;0
983;1
984;0
985;0
986;1
987;0
988;0
989;0
990;0
991;0
992;0
993;0
994;1
995;0
996;1
997;0
998;2
999;2
1000;0
1001;0
1002;0
1003;0
1004;0
1005;1
1006;0
1007;0
1008;0
1009;2
1010;0
1011;0
1012;0
1013;0
1014;0
1015;0
1016;0
1017;0
1018;0
1019;0
1020;0
1021;0
1022;0
1023;0
