0;1
1;1
2;0
3;2
4;4
5;0
6;2
7;1
8;0
9;1
10;2
11;0
12;1
13;0
14;2
15;0
16;0
17;1
18;0
19;2
20;2
21;2
22;0
23;2
24;1
25;0
26;0
27;0
28;2
29;0
30;0
31;0
32;1
33;2
34;2
35;0
36;2
37;0
38;1
39;0
40;0
41;0
42;2
43;2
44;2
45;2
46;1
47;0
48;1
49;2
50;0
51;0
52;0
53;0
54;0
55;0
56;1
57;0
58;0
59;0
60;0
61;1
62;0
63;2
64;0
65;0
66;0
67;0
68;0
69;0
70;0
71;1
72;1
73;0
74;2
75;0
76;1
77;0
78;2
79;2
80;2
81;0
82;0
83;2
84;0
85;0
86;0
87;0
88;1
89;0
90;0
91;2
92;2
93;0
94;1
95;0
96;1
97;0
98;0
99;0
100;0
101;0
102;1
103;0
104;2
105;0
106;0
107;1
108;0
109;2
110;0
111;0
112;0
113;2
114;2
115;0
116;1
117;0
118;0
119;0
120;0
121;2
122;1
123;2
124;2
125;0
126;0
127;0
128;0
129;2
130;1
131;0
132;2
133;0
134;0
135;0
136;0
137;0
138;0
139;0
140;2
141;0
142;0
143;0
144;2
145;0
146;0
147;0
148;0
149;0
150;2
151;0
152;0
153;0
154;1
155;0
156;2
157;1
158;1
159;0
160;2
161;0
162;0
163;0
164;1
165;0
166;0
167;1
168;1
169;0
170;1
171;0
172;2
173;0
174;1
175;0
176;2
177;2
178;2
179;0
180;2
181;0
182;1
183;0
184;0
185;0
186;0
187;0
188;0
189;0
190;0
191;0
192;2
193;0
194;1
195;0
196;1
197;0
198;0
199;0
200;0
201;0
202;0
203;2
204;2
205;0
206;2
207;1
208;0
209;0
210;2
211;2
212;2
213;0
214;2
215;0
216;1
217;0
218;1
219;0
220;2
221;0
222;1
223;0
224;2
225;2
226;2
227;2
228;0
229;0
230;0
231;1
232;0
233;0
234;0
235;0
236;0
237;2
238;0
239;0
240;0
241;2
242;0
243;0
244;2
245;0
246;1
247;0
248;0
249;2
250;0
251;0
252;1
253;1
254;0
255;0
256;0
257;0
258;2
259;0
260;0
261;0
262;2
263;0
264;0
265;0
266;0
267;0
268;0
269;2
270;2
271;0
272;1
273;0
274;1
275;0
276;2
277;1
278;1
279;0
280;1
281;0
282;0
283;0
284;0
285;0
286;0
287;0
288;2
289;0
290;2
291;0
292;0
293;0
294;2
295;0
296;2
297;0
298;0
299;1
300;0
301;1
302;0
303;0
304;0
305;0
306;1
307;0
308;1
309;0
310;0
311;0
312;2
313;2
314;2
315;2
316;1
317;0
318;0
319;0
320;0
321;0
322;1
323;0
324;1
325;1
326;1
327;2
328;2
329;0
330;2
331;2
332;2
333;2
334;1
335;0
336;1
337;0
338;0
339;0
340;2
341;1
342;1
343;0
344;2
345;2
346;0
347;0
348;0
349;0
350;0
351;2
352;0
353;1
354;0
355;0
356;2
357;2
358;2
359;1
360;2
361;0
362;2
363;0
364;0
365;2
366;0
367;2
368;0
369;1
370;1
371;0
372;2
373;0
374;0
375;2
376;0
377;0
378;0
379;0
380;0
381;0
382;0
383;0
384;0
385;0
386;0
387;2
388;2
389;0
390;0
391;0
392;1
393;0
394;0
395;0
396;2
397;0
398;2
399;0
400;4
401;0
402;0
403;0
404;2
405;0
406;0
407;0
408;2
409;0
410;0
411;2
412;2
413;2
414;0
415;2
416;2
417;0
418;0
419;0
420;2
421;2
422;0
423;2
424;1
425;2
426;0
427;0
428;1
429;0
430;0
431;0
432;0
433;2
434;0
435;1
436;0
437;0
438;0
439;2
440;2
441;0
442;0
443;0
444;0
445;0
446;0
447;0
448;0
449;0
450;0
451;0
452;1
453;0
454;0
455;0
456;0
457;0
458;0
459;1
460;2
461;0
462;1
463;0
464;0
465;0
466;0
467;0
468;0
469;0
470;1
471;0
472;2
473;0
474;0
475;2
476;1
477;0
478;0
479;0
480;0
481;0
482;0
483;0
484;1
485;1
486;0
487;0
488;0
489;0
490;0
491;0
492;0
493;0
494;0
495;0
496;2
497;2
498;2
499;1
500;1
501;0
502;0
503;0
504;0
505;0
506;1
507;0
508;0
509;0
510;0
511;2
512;2
513;2
514;2
515;2
516;1
517;0
518;2
519;2
520;2
521;2
522;0
523;0
524;0
525;0
526;0
527;0
528;1
529;0
530;0
531;0
532;0
533;0
534;1
535;1
536;0
537;0
538;0
539;0
540;2
541;1
542;2
543;0
544;0
545;1
546;0
547;2
548;2
549;2
550;2
551;0
552;0
553;1
554;1
555;0
556;2
557;2
558;2
559;2
560;2
561;0
562;1
563;1
564;0
565;0
566;0
567;0
568;0
569;0
570;2
571;0
572;2
573;2
574;0
575;0
576;1
577;0
578;0
579;0
580;0
581;0
582;0
583;0
584;0
585;0
586;0
587;0
588;1
589;0
590;0
591;0
592;0
593;0
594;1
595;0
596;0
597;0
598;0
599;0
600;2
601;0
602;0
603;0
604;0
605;0
606;2
607;0
608;2
609;0
610;1
611;0
612;0
613;0
614;0
615;0
616;2
617;2
618;0
619;2
620;2
621;1
622;0
623;0
624;2
625;1
626;0
627;1
628;1
629;0
630;2
631;0
632;0
633;0
634;0
635;0
636;0
637;0
638;0
639;0
640;0
641;0
642;0
643;0
644;0
645;0
646;1
647;0
648;1
649;0
650;2
651;0
652;0
653;0
654;0
655;0
656;0
657;0
658;2
659;2
660;0
661;0
662;0
663;0
664;0
665;0
666;0
667;1
668;0
669;0
670;1
671;1
672;0
673;0
674;0
675;0
676;2
677;0
678;0
679;2
680;0
681;1
682;0
683;1
684;0
685;0
686;0
687;0
688;0
689;0
690;0
691;0
692;1
693;0
694;0
695;0
696;0
697;0
698;0
699;0
700;0
701;0
702;0
703;0
704;0
705;2
706;0
707;0
708;0
709;2
710;1
711;0
712;0
713;0
714;0
715;2
716;0
717;0
718;0
719;0
720;0
721;0
722;0
723;0
724;1
725;0
726;0
727;0
728;0
729;0
730;0
731;2
732;0
733;2
734;0
735;0
736;0
737;0
738;0
739;0
740;0
741;2
742;0
743;0
744;0
745;0
746;0
747;0
748;0
749;2
750;2
751;2
752;0
753;2
754;1
755;0
756;0
757;0
758;0
759;0
760;0
761;0
762;0
763;0
764;0
765;0
766;0
767;1
768;0
769;0
770;0
771;0
772;0
773;0
774;0
775;0
776;0
777;0
778;1
779;0
780;0
781;1
782;0
783;0
784;0
785;2
786;2
787;0
788;1
789;0
790;2
791;2
792;0
793;0
794;2
795;0
796;4
797;0
798;0
799;2
800;2
801;0
802;2
803;0
804;1
805;0
806;2
807;0
808;0
809;0
810;1
811;0
812;0
813;0
814;0
815;0
816;0
817;0
818;2
819;0
820;0
821;2
822;2
823;2
824;1
825;0
826;0
827;0
828;0
829;0
830;1
831;2
832;1
833;0
834;1
835;1
836;1
837;0
838;1
839;0
840;2
841;0
842;1
843;0
844;2
845;0
846;0
847;0
848;0
849;0
850;0
851;0
852;2
853;2
854;2
855;0
856;0
857;0
858;0
859;0
860;1
861;1
862;0
863;0
864;0
865;0
866;0
867;0
868;0
869;1
870;1
871;0
872;0
873;1
874;0
875;0
876;1
877;0
878;0
879;2
880;0
881;0
882;1
883;0
884;1
885;1
886;1
887;1
888;0
889;0
890;0
891;2
892;2
893;0
894;1
895;0
896;0
897;0
898;0
899;0
900;0
901;0
902;0
903;0
904;0
905;0
906;1
907;0
908;0
909;0
910;0
911;1
912;2
913;0
914;1
915;0
916;1
917;1
918;1
919;0
920;0
921;2
922;2
923;2
924;2
925;0
926;1
927;0
928;0
929;2
930;2
931;2
932;2
933;0
934;0
935;0
936;4
937;0
938;0
939;0
940;0
941;0
942;1
943;2
944;1
945;1
946;0
947;0
948;0
949;2
950;2
951;2
952;2
953;0
954;2
955;0
956;1
957;0
958;0
959;0
960;0
961;0
962;2
963;2
964;1
965;0
966;0
967;2
968;0
969;0
970;0
971;0
972;0
973;0
974;0
975;2
976;0
977;0
978;0
979;0
980;1
981;0
982;0
983;0
984;0
985;0
986;0
987;0
988;1
989;0
990;0
991;1
992;1
993;0
994;2
995;2
996;2
997;0
998;2
999;0
1000;2
1001;0
1002;0
1003;0
1004;0
1005;0
1006;0
1007;1
1008;2
1009;0
1010;0
1011;2
1012;1
1013;0
1014;0
1015;0
1016;0
1017;0
1018;0
1019;0
1020;0
1021;0
1022;0
1023;0
