0;1
1;0
2;0
3;2
4;2
5;0
6;2
7;1
8;0
9;0
10;0
11;0
12;2
13;0
14;0
15;0
16;0
17;0
18;0
19;0
20;2
21;2
22;2
23;2
24;1
25;0
26;2
27;2
28;2
29;0
30;0
31;2
32;0
33;0
34;0
35;0
36;0
37;0
38;2
39;0
40;0
41;0
42;1
43;0
44;2
45;0
46;2
47;1
48;1
49;1
50;0
51;0
52;0
53;0
54;0
55;0
56;0
57;1
58;0
59;0
60;0
61;0
62;0
63;0
64;0
65;0
66;2
67;1
68;0
69;2
70;2
71;2
72;1
73;0
74;0
75;0
76;0
77;0
78;0
79;0
80;1
81;0
82;2
83;0
84;1
85;2
86;0
87;0
88;0
89;2
90;1
91;0
92;0
93;0
94;2
95;2
96;1
97;0
98;0
99;2
100;2
101;0
102;2
103;2
104;2
105;0
106;2
107;0
108;2
109;0
110;0
111;0
112;0
113;0
114;0
115;0
116;0
117;2
118;0
119;1
120;0
121;0
122;0
123;0
124;0
125;0
126;2
127;2
128;1
129;0
130;0
131;2
132;4
133;0
134;2
135;2
136;1
137;0
138;2
139;0
140;2
141;2
142;2
143;2
144;2
145;0
146;2
147;1
148;0
149;1
150;0
151;0
152;0
153;0
154;2
155;0
156;0
157;0
158;0
159;0
160;0
161;0
162;2
163;0
164;0
165;0
166;2
167;2
168;1
169;0
170;0
171;1
172;4
173;0
174;2
175;2
176;2
177;0
178;2
179;0
180;2
181;0
182;2
183;0
184;2
185;0
186;0
187;0
188;0
189;0
190;2
191;0
192;0
193;0
194;1
195;0
196;0
197;0
198;2
199;2
200;1
201;0
202;2
203;0
204;1
205;0
206;0
207;2
208;4
209;0
210;1
211;0
212;2
213;2
214;2
215;0
216;2
217;1
218;0
219;1
220;0
221;0
222;2
223;1
224;0
225;1
226;0
227;1
228;0
229;0
230;0
231;2
232;4
233;0
234;0
235;2
236;0
237;0
238;2
239;0
240;2
241;2
242;0
243;2
244;1
245;0
246;2
247;1
248;0
249;0
250;2
251;2
252;4
253;0
254;2
255;2
256;2
257;2
258;0
259;0
260;1
261;1
262;0
263;2
264;1
265;0
266;0
267;1
268;2
269;1
270;2
271;1
272;0
273;0
274;2
275;2
276;0
277;0
278;0
279;2
280;0
281;0
282;0
283;0
284;0
285;0
286;0
287;2
288;2
289;0
290;0
291;0
292;0
293;2
294;2
295;2
296;2
297;0
298;0
299;2
300;0
301;0
302;2
303;0
304;0
305;0
306;0
307;0
308;4
309;0
310;2
311;1
312;0
313;0
314;0
315;0
316;1
317;2
318;2
319;1
320;2
321;2
322;0
323;2
324;0
325;0
326;1
327;0
328;0
329;0
330;0
331;0
332;1
333;0
334;2
335;1
336;0
337;0
338;0
339;0
340;2
341;2
342;1
343;0
344;1
345;0
346;0
347;0
348;0
349;1
350;0
351;0
352;2
353;0
354;0
355;2
356;2
357;0
358;2
359;1
360;1
361;0
362;0
363;0
364;0
365;0
366;2
367;0
368;1
369;0
370;2
371;2
372;1
373;0
374;0
375;2
376;0
377;2
378;2
379;0
380;2
381;0
382;0
383;0
384;2
385;0
386;0
387;0
388;2
389;0
390;2
391;0
392;0
393;0
394;0
395;0
396;0
397;1
398;1
399;0
400;0
401;0
402;0
403;0
404;0
405;0
406;0
407;1
408;2
409;0
410;0
411;1
412;2
413;2
414;2
415;2
416;1
417;0
418;0
419;2
420;1
421;0
422;2
423;2
424;2
425;0
426;2
427;0
428;2
429;0
430;2
431;1
432;0
433;0
434;0
435;0
436;0
437;0
438;2
439;2
440;1
441;0
442;0
443;1
444;2
445;0
446;1
447;1
448;0
449;0
450;2
451;1
452;0
453;0
454;1
455;0
456;2
457;0
458;0
459;0
460;1
461;0
462;1
463;0
464;1
465;0
466;1
467;0
468;2
469;1
470;2
471;0
472;1
473;0
474;0
475;0
476;1
477;0
478;2
479;1
480;0
481;2
482;2
483;2
484;1
485;0
486;0
487;0
488;2
489;0
490;0
491;0
492;0
493;0
494;2
495;0
496;2
497;0
498;2
499;1
500;0
501;0
502;0
503;1
504;1
505;0
506;0
507;2
508;2
509;0
510;2
511;1
512;0
513;0
514;2
515;2
516;2
517;0
518;0
519;0
520;0
521;0
522;2
523;0
524;0
525;0
526;2
527;0
528;2
529;0
530;0
531;0
532;0
533;2
534;0
535;0
536;0
537;0
538;0
539;2
540;1
541;0
542;2
543;0
544;2
545;0
546;0
547;2
548;2
549;0
550;0
551;0
552;0
553;2
554;2
555;1
556;0
557;0
558;0
559;0
560;0
561;2
562;2
563;2
564;2
565;0
566;2
567;2
568;0
569;0
570;0
571;0
572;2
573;2
574;2
575;2
576;2
577;0
578;0
579;1
580;0
581;2
582;0
583;0
584;0
585;2
586;2
587;0
588;0
589;0
590;0
591;0
592;0
593;0
594;0
595;0
596;0
597;0
598;0
599;1
600;0
601;0
602;0
603;0
604;0
605;0
606;0
607;1
608;0
609;0
610;2
611;0
612;0
613;2
614;0
615;2
616;0
617;0
618;0
619;1
620;0
621;0
622;0
623;0
624;0
625;0
626;2
627;2
628;0
629;0
630;0
631;0
632;2
633;0
634;0
635;0
636;2
637;1
638;0
639;2
640;2
641;2
642;0
643;0
644;2
645;0
646;1
647;0
648;0
649;0
650;0
651;1
652;0
653;0
654;0
655;0
656;2
657;0
658;0
659;0
660;0
661;0
662;2
663;0
664;1
665;0
666;0
667;2
668;2
669;1
670;0
671;2
672;0
673;0
674;2
675;0
676;2
677;2
678;1
679;0
680;0
681;2
682;2
683;2
684;2
685;1
686;0
687;2
688;0
689;0
690;2
691;1
692;0
693;0
694;0
695;0
696;2
697;0
698;0
699;2
700;0
701;0
702;0
703;0
704;0
705;0
706;2
707;2
708;1
709;0
710;0
711;0
712;2
713;0
714;2
715;2
716;0
717;0
718;2
719;0
720;1
721;0
722;0
723;0
724;2
725;0
726;0
727;0
728;0
729;2
730;0
731;0
732;0
733;0
734;0
735;0
736;0
737;1
738;1
739;0
740;0
741;0
742;0
743;0
744;0
745;0
746;1
747;0
748;0
749;0
750;1
751;0
752;1
753;0
754;0
755;1
756;1
757;0
758;0
759;1
760;0
761;0
762;0
763;0
764;1
765;0
766;0
767;2
768;2
769;1
770;0
771;0
772;0
773;0
774;2
775;1
776;0
777;2
778;0
779;2
780;0
781;0
782;0
783;0
784;0
785;0
786;0
787;0
788;2
789;0
790;2
791;1
792;0
793;0
794;2
795;0
796;1
797;1
798;0
799;2
800;2
801;0
802;0
803;2
804;2
805;0
806;2
807;0
808;2
809;0
810;0
811;0
812;4
813;0
814;0
815;0
816;0
817;0
818;2
819;2
820;2
821;1
822;0
823;0
824;1
825;0
826;0
827;0
828;0
829;0
830;0
831;0
832;0
833;0
834;0
835;0
836;0
837;0
838;0
839;0
840;0
841;0
842;2
843;0
844;2
845;0
846;0
847;0
848;0
849;0
850;0
851;0
852;1
853;1
854;1
855;1
856;0
857;0
858;0
859;0
860;0
861;0
862;2
863;0
864;0
865;0
866;0
867;0
868;0
869;0
870;0
871;1
872;0
873;0
874;2
875;2
876;2
877;2
878;0
879;0
880;0
881;0
882;0
883;2
884;2
885;0
886;1
887;0
888;0
889;0
890;1
891;0
892;0
893;2
894;2
895;1
896;0
897;0
898;2
899;2
900;1
901;0
902;0
903;2
904;1
905;0
906;2
907;2
908;2
909;0
910;2
911;0
912;1
913;0
914;2
915;0
916;2
917;0
918;0
919;0
920;2
921;2
922;0
923;2
924;1
925;0
926;0
927;0
928;0
929;0
930;0
931;0
932;0
933;2
934;2
935;0
936;0
937;0
938;2
939;2
940;2
941;0
942;0
943;0
944;0
945;2
946;0
947;0
948;1
949;1
950;0
951;0
952;2
953;1
954;2
955;2
956;1
957;0
958;2
959;0
960;2
961;2
962;2
963;2
964;0
965;0
966;2
967;0
968;0
969;0
970;0
971;0
972;0
973;2
974;1
975;0
976;2
977;0
978;2
979;0
980;0
981;0
982;0
983;0
984;0
985;0
986;1
987;0
988;1
989;0
990;0
991;2
992;4
993;0
994;2
995;2
996;0
997;0
998;0
999;0
1000;1
1001;0
1002;1
1003;0
1004;1
1005;0
1006;0
1007;0
1008;1
1009;0
1010;2
1011;2
1012;1
1013;0
1014;0
1015;0
1016;0
1017;0
1018;0
1019;0
1020;0
1021;0
1022;0
1023;0
