0;0
1;0
2;0
3;0
4;2
5;0
6;1
7;0
8;0
9;0
10;2
11;0
12;1
13;0
14;1
15;0
16;0
17;0
18;2
19;2
20;2
21;1
22;0
23;0
24;1
25;1
26;1
27;0
28;0
29;0
30;0
31;2
32;0
33;2
34;0
35;0
36;0
37;2
38;2
39;1
40;0
41;0
42;0
43;0
44;2
45;0
46;0
47;0
48;0
49;1
50;0
51;0
52;2
53;0
54;0
55;0
56;0
57;2
58;1
59;1
60;0
61;0
62;0
63;0
64;0
65;0
66;2
67;1
68;0
69;0
70;1
71;0
72;1
73;0
74;0
75;0
76;0
77;0
78;0
79;0
80;1
81;0
82;0
83;2
84;1
85;2
86;0
87;0
88;0
89;2
90;2
91;2
92;2
93;2
94;0
95;0
96;1
97;2
98;0
99;0
100;0
101;0
102;1
103;2
104;0
105;0
106;0
107;0
108;0
109;0
110;0
111;0
112;0
113;0
114;0
115;1
116;0
117;2
118;0
119;0
120;0
121;1
122;1
123;0
124;1
125;0
126;0
127;0
128;2
129;2
130;2
131;0
132;2
133;0
134;0
135;0
136;0
137;2
138;2
139;1
140;0
141;0
142;2
143;0
144;0
145;0
146;0
147;0
148;2
149;0
150;2
151;2
152;0
153;0
154;0
155;0
156;0
157;0
158;0
159;0
160;0
161;0
162;0
163;2
164;1
165;0
166;0
167;0
168;1
169;0
170;2
171;2
172;2
173;0
174;2
175;0
176;2
177;0
178;2
179;0
180;0
181;0
182;0
183;0
184;1
185;0
186;0
187;2
188;0
189;2
190;0
191;2
192;2
193;1
194;0
195;0
196;2
197;1
198;0
199;2
200;2
201;0
202;0
203;1
204;2
205;2
206;2
207;2
208;2
209;0
210;2
211;2
212;0
213;0
214;0
215;0
216;0
217;0
218;0
219;0
220;2
221;2
222;0
223;2
224;1
225;0
226;1
227;0
228;0
229;2
230;1
231;2
232;0
233;0
234;0
235;0
236;0
237;0
238;0
239;0
240;0
241;2
242;2
243;2
244;2
245;0
246;0
247;2
248;0
249;0
250;0
251;0
252;2
253;0
254;1
255;0
256;1
257;0
258;1
259;1
260;0
261;0
262;0
263;0
264;0
265;0
266;0
267;0
268;1
269;0
270;0
271;0
272;0
273;0
274;0
275;0
276;2
277;0
278;0
279;0
280;1
281;0
282;0
283;0
284;0
285;0
286;0
287;2
288;0
289;0
290;2
291;2
292;2
293;0
294;2
295;0
296;2
297;0
298;0
299;0
300;0
301;0
302;0
303;0
304;2
305;0
306;0
307;0
308;0
309;0
310;0
311;0
312;0
313;0
314;1
315;0
316;1
317;1
318;0
319;0
320;0
321;0
322;0
323;0
324;1
325;0
326;0
327;1
328;1
329;0
330;0
331;0
332;2
333;2
334;0
335;0
336;0
337;0
338;0
339;0
340;2
341;0
342;0
343;0
344;0
345;0
346;0
347;1
348;0
349;2
350;0
351;0
352;0
353;0
354;0
355;0
356;0
357;0
358;0
359;0
360;2
361;0
362;0
363;0
364;0
365;0
366;2
367;1
368;1
369;0
370;0
371;0
372;2
373;1
374;0
375;0
376;0
377;0
378;0
379;0
380;0
381;0
382;2
383;0
384;0
385;0
386;2
387;1
388;0
389;0
390;0
391;2
392;2
393;0
394;2
395;2
396;2
397;0
398;2
399;0
400;2
401;0
402;0
403;1
404;0
405;1
406;2
407;0
408;2
409;0
410;0
411;0
412;2
413;0
414;0
415;0
416;2
417;0
418;2
419;0
420;2
421;0
422;2
423;2
424;2
425;0
426;2
427;0
428;2
429;0
430;0
431;2
432;1
433;0
434;0
435;0
436;1
437;2
438;0
439;0
440;0
441;0
442;1
443;0
444;1
445;0
446;0
447;0
448;2
449;0
450;1
451;0
452;0
453;0
454;0
455;2
456;0
457;0
458;2
459;0
460;0
461;0
462;0
463;0
464;0
465;1
466;0
467;0
468;2
469;2
470;0
471;0
472;0
473;0
474;1
475;0
476;2
477;0
478;2
479;2
480;2
481;0
482;0
483;1
484;0
485;2
486;1
487;0
488;0
489;2
490;2
491;0
492;0
493;0
494;2
495;2
496;1
497;0
498;0
499;1
500;1
501;0
502;0
503;0
504;2
505;0
506;2
507;0
508;2
509;2
510;2
511;0
512;2
513;1
514;0
515;0
516;0
517;0
518;0
519;1
520;0
521;0
522;0
523;0
524;0
525;1
526;0
527;0
528;0
529;0
530;0
531;1
532;0
533;1
534;0
535;0
536;0
537;0
538;1
539;0
540;0
541;2
542;0
543;0
544;1
545;0
546;0
547;2
548;0
549;0
550;0
551;2
552;0
553;1
554;0
555;0
556;2
557;0
558;0
559;0
560;2
561;0
562;0
563;1
564;1
565;0
566;1
567;0
568;0
569;0
570;0
571;0
572;0
573;0
574;2
575;0
576;0
577;1
578;0
579;2
580;0
581;1
582;0
583;0
584;0
585;0
586;0
587;0
588;2
589;0
590;0
591;2
592;0
593;0
594;1
595;0
596;0
597;2
598;0
599;1
600;0
601;2
602;2
603;0
604;1
605;0
606;0
607;2
608;1
609;0
610;0
611;2
612;0
613;0
614;0
615;1
616;0
617;1
618;0
619;0
620;2
621;2
622;2
623;2
624;2
625;0
626;0
627;0
628;2
629;0
630;2
631;0
632;0
633;0
634;0
635;0
636;1
637;0
638;0
639;0
640;2
641;0
642;0
643;0
644;2
645;0
646;0
647;0
648;0
649;0
650;0
651;0
652;0
653;0
654;0
655;2
656;0
657;0
658;2
659;0
660;0
661;0
662;2
663;0
664;0
665;0
666;0
667;0
668;1
669;1
670;0
671;0
672;0
673;0
674;2
675;2
676;2
677;0
678;2
679;1
680;0
681;0
682;0
683;1
684;0
685;0
686;0
687;0
688;0
689;0
690;0
691;0
692;0
693;0
694;0
695;0
696;0
697;0
698;2
699;2
700;2
701;0
702;0
703;0
704;0
705;0
706;0
707;2
708;0
709;0
710;2
711;2
712;0
713;0
714;0
715;2
716;1
717;2
718;2
719;0
720;2
721;0
722;2
723;0
724;2
725;0
726;1
727;0
728;0
729;0
730;0
731;0
732;0
733;0
734;0
735;0
736;0
737;0
738;0
739;0
740;0
741;1
742;0
743;0
744;0
745;0
746;1
747;0
748;2
749;2
750;0
751;0
752;0
753;0
754;0
755;0
756;1
757;1
758;1
759;0
760;0
761;2
762;1
763;0
764;2
765;0
766;0
767;0
768;0
769;0
770;0
771;0
772;1
773;0
774;0
775;0
776;0
777;1
778;0
779;2
780;0
781;2
782;2
783;2
784;1
785;1
786;0
787;2
788;0
789;2
790;2
791;1
792;0
793;0
794;0
795;0
796;0
797;2
798;0
799;0
800;0
801;0
802;0
803;0
804;1
805;4
806;0
807;0
808;4
809;0
810;0
811;0
812;2
813;2
814;2
815;2
816;1
817;0
818;2
819;0
820;1
821;0
822;0
823;0
824;0
825;0
826;2
827;0
828;0
829;0
830;0
831;0
832;1
833;2
834;1
835;0
836;2
837;1
838;0
839;1
840;0
841;0
842;0
843;0
844;1
845;2
846;1
847;0
848;2
849;0
850;0
851;0
852;0
853;1
854;0
855;0
856;0
857;2
858;2
859;2
860;2
861;0
862;2
863;0
864;0
865;0
866;0
867;0
868;0
869;0
870;0
871;0
872;2
873;0
874;1
875;2
876;0
877;0
878;2
879;0
880;2
881;0
882;0
883;0
884;1
885;0
886;0
887;1
888;0
889;0
890;0
891;0
892;0
893;0
894;2
895;0
896;1
897;1
898;0
899;0
900;0
901;0
902;0
903;0
904;2
905;1
906;2
907;0
908;1
909;0
910;0
911;0
912;0
913;2
914;0
915;0
916;1
917;0
918;2
919;0
920;0
921;0
922;0
923;2
924;2
925;0
926;0
927;0
928;2
929;0
930;2
931;0
932;2
933;0
934;0
935;0
936;0
937;0
938;0
939;0
940;0
941;0
942;0
943;0
944;1
945;0
946;1
947;0
948;1
949;0
950;0
951;2
952;2
953;2
954;2
955;0
956;2
957;2
958;2
959;0
960;1
961;0
962;0
963;0
964;0
965;2
966;0
967;4
968;0
969;0
970;0
971;2
972;1
973;2
974;0
975;2
976;2
977;1
978;0
979;1
980;0
981;0
982;0
983;0
984;0
985;0
986;0
987;0
988;0
989;0
990;1
991;0
992;0
993;2
994;1
995;0
996;2
997;0
998;0
999;0
1000;0
1001;0
1002;1
1003;0
1004;0
1005;0
1006;0
1007;1
1008;2
1009;2
1010;0
1011;0
1012;0
1013;0
1014;0
1015;0
1016;0
1017;0
1018;0
1019;0
1020;0
1021;0
1022;0
1023;0
