0;1
1;0
2;0
3;2
4;4
5;0
6;2
7;2
8;2
9;0
10;2
11;0
12;2
13;0
14;0
15;0
16;0
17;0
18;1
19;0
20;2
21;2
22;2
23;1
24;0
25;1
26;2
27;0
28;1
29;0
30;0
31;2
32;0
33;0
34;0
35;0
36;0
37;0
38;0
39;1
40;0
41;0
42;0
43;0
44;2
45;2
46;1
47;0
48;0
49;0
50;0
51;0
52;0
53;0
54;0
55;0
56;0
57;1
58;1
59;2
60;1
61;0
62;0
63;0
64;0
65;0
66;0
67;2
68;2
69;0
70;2
71;1
72;0
73;0
74;0
75;0
76;0
77;0
78;1
79;0
80;0
81;0
82;2
83;2
84;1
85;0
86;0
87;0
88;0
89;0
90;1
91;2
92;1
93;0
94;0
95;2
96;4
97;0
98;2
99;1
100;0
101;0
102;2
103;0
104;2
105;0
106;2
107;1
108;0
109;2
110;0
111;0
112;0
113;2
114;2
115;2
116;2
117;0
118;0
119;0
120;0
121;0
122;0
123;0
124;0
125;0
126;1
127;0
128;1
129;0
130;0
131;0
132;0
133;0
134;0
135;0
136;0
137;0
138;0
139;0
140;2
141;0
142;0
143;0
144;0
145;0
146;0
147;0
148;1
149;0
150;0
151;0
152;0
153;0
154;2
155;0
156;2
157;0
158;0
159;0
160;0
161;2
162;2
163;2
164;1
165;0
166;2
167;2
168;1
169;0
170;0
171;2
172;2
173;0
174;2
175;1
176;0
177;0
178;2
179;0
180;2
181;0
182;0
183;0
184;1
185;0
186;0
187;0
188;0
189;0
190;1
191;2
192;0
193;0
194;0
195;0
196;0
197;0
198;0
199;0
200;0
201;0
202;0
203;0
204;0
205;0
206;0
207;1
208;0
209;0
210;0
211;0
212;1
213;0
214;2
215;2
216;2
217;0
218;0
219;2
220;2
221;0
222;2
223;2
224;2
225;0
226;2
227;0
228;0
229;0
230;0
231;0
232;0
233;0
234;0
235;0
236;0
237;0
238;0
239;1
240;2
241;2
242;1
243;0
244;2
245;0
246;2
247;0
248;0
249;0
250;0
251;2
252;0
253;0
254;0
255;0
256;0
257;2
258;0
259;2
260;2
261;0
262;0
263;0
264;0
265;0
266;2
267;2
268;0
269;0
270;0
271;2
272;0
273;0
274;0
275;0
276;0
277;2
278;1
279;0
280;2
281;2
282;0
283;2
284;0
285;0
286;0
287;0
288;2
289;0
290;0
291;0
292;1
293;0
294;2
295;0
296;0
297;0
298;0
299;2
300;4
301;0
302;2
303;2
304;2
305;0
306;0
307;0
308;2
309;0
310;0
311;0
312;2
313;0
314;0
315;0
316;2
317;2
318;0
319;2
320;1
321;0
322;0
323;0
324;0
325;1
326;0
327;0
328;2
329;0
330;0
331;0
332;0
333;2
334;0
335;0
336;0
337;2
338;2
339;1
340;0
341;0
342;0
343;2
344;2
345;0
346;0
347;2
348;2
349;0
350;2
351;0
352;2
353;0
354;0
355;2
356;0
357;0
358;0
359;0
360;0
361;0
362;0
363;0
364;2
365;0
366;0
367;0
368;0
369;0
370;0
371;0
372;0
373;1
374;1
375;0
376;1
377;0
378;0
379;0
380;0
381;0
382;0
383;0
384;1
385;0
386;0
387;2
388;1
389;0
390;0
391;0
392;2
393;0
394;0
395;0
396;0
397;0
398;0
399;0
400;2
401;0
402;0
403;0
404;0
405;0
406;0
407;2
408;2
409;0
410;0
411;0
412;0
413;0
414;1
415;0
416;2
417;0
418;0
419;2
420;2
421;0
422;0
423;2
424;1
425;0
426;2
427;0
428;2
429;0
430;2
431;2
432;4
433;0
434;0
435;2
436;2
437;0
438;0
439;2
440;1
441;0
442;0
443;0
444;2
445;1
446;0
447;0
448;0
449;0
450;0
451;0
452;0
453;0
454;1
455;0
456;0
457;2
458;1
459;0
460;0
461;2
462;1
463;0
464;0
465;0
466;0
467;0
468;1
469;0
470;2
471;2
472;1
473;0
474;0
475;1
476;1
477;0
478;2
479;2
480;2
481;0
482;2
483;0
484;2
485;0
486;0
487;0
488;0
489;0
490;0
491;0
492;0
493;0
494;1
495;0
496;2
497;0
498;2
499;0
500;2
501;0
502;0
503;0
504;2
505;0
506;0
507;0
508;1
509;2
510;0
511;0
512;0
513;0
514;2
515;2
516;1
517;0
518;2
519;0
520;0
521;0
522;2
523;2
524;1
525;0
526;0
527;2
528;2
529;0
530;2
531;2
532;2
533;0
534;2
535;0
536;0
537;1
538;0
539;0
540;2
541;0
542;0
543;0
544;0
545;0
546;2
547;2
548;2
549;0
550;0
551;0
552;0
553;2
554;2
555;2
556;2
557;0
558;0
559;0
560;0
561;0
562;2
563;0
564;0
565;0
566;0
567;2
568;2
569;0
570;0
571;1
572;0
573;2
574;0
575;0
576;0
577;0
578;0
579;0
580;0
581;0
582;0
583;1
584;0
585;0
586;0
587;0
588;0
589;2
590;1
591;0
592;0
593;2
594;0
595;0
596;0
597;0
598;0
599;1
600;0
601;0
602;0
603;0
604;0
605;0
606;2
607;2
608;0
609;0
610;0
611;0
612;0
613;0
614;0
615;0
616;0
617;0
618;2
619;2
620;0
621;0
622;0
623;2
624;2
625;0
626;2
627;2
628;1
629;0
630;0
631;0
632;2
633;2
634;2
635;0
636;2
637;0
638;2
639;0
640;0
641;2
642;0
643;1
644;1
645;0
646;0
647;0
648;0
649;0
650;0
651;0
652;1
653;0
654;2
655;0
656;0
657;1
658;0
659;0
660;0
661;0
662;2
663;2
664;1
665;2
666;2
667;2
668;4
669;2
670;0
671;2
672;2
673;0
674;2
675;0
676;1
677;0
678;1
679;0
680;0
681;0
682;0
683;0
684;1
685;0
686;0
687;0
688;1
689;0
690;2
691;0
692;2
693;0
694;0
695;2
696;2
697;0
698;2
699;2
700;2
701;0
702;1
703;1
704;0
705;2
706;0
707;4
708;2
709;2
710;2
711;2
712;1
713;0
714;2
715;2
716;1
717;0
718;0
719;2
720;2
721;0
722;2
723;2
724;0
725;0
726;0
727;0
728;1
729;2
730;0
731;0
732;2
733;2
734;2
735;1
736;0
737;0
738;0
739;1
740;2
741;2
742;2
743;1
744;0
745;0
746;0
747;0
748;1
749;0
750;0
751;0
752;0
753;0
754;0
755;0
756;0
757;2
758;0
759;0
760;2
761;2
762;0
763;0
764;0
765;0
766;0
767;0
768;2
769;0
770;0
771;0
772;2
773;0
774;0
775;0
776;0
777;0
778;2
779;2
780;0
781;0
782;0
783;0
784;1
785;0
786;1
787;2
788;1
789;0
790;0
791;1
792;4
793;0
794;2
795;2
796;4
797;0
798;2
799;0
800;2
801;0
802;2
803;2
804;1
805;0
806;1
807;0
808;0
809;0
810;0
811;0
812;0
813;0
814;2
815;2
816;2
817;0
818;1
819;0
820;1
821;0
822;0
823;2
824;1
825;0
826;0
827;0
828;0
829;0
830;0
831;2
832;1
833;2
834;0
835;0
836;0
837;0
838;1
839;1
840;1
841;0
842;0
843;2
844;2
845;0
846;2
847;2
848;2
849;0
850;2
851;0
852;1
853;0
854;0
855;1
856;0
857;0
858;2
859;2
860;2
861;1
862;0
863;0
864;2
865;0
866;0
867;0
868;0
869;1
870;1
871;0
872;0
873;0
874;2
875;2
876;2
877;0
878;0
879;0
880;0
881;0
882;0
883;0
884;1
885;1
886;0
887;0
888;0
889;2
890;0
891;0
892;0
893;0
894;2
895;0
896;1
897;0
898;0
899;0
900;4
901;2
902;2
903;2
904;2
905;0
906;0
907;0
908;2
909;0
910;2
911;0
912;0
913;2
914;0
915;0
916;2
917;0
918;0
919;0
920;2
921;0
922;0
923;0
924;0
925;0
926;0
927;0
928;0
929;2
930;2
931;2
932;2
933;0
934;2
935;2
936;1
937;0
938;2
939;2
940;2
941;0
942;2
943;2
944;0
945;0
946;2
947;0
948;0
949;0
950;0
951;0
952;0
953;2
954;1
955;0
956;0
957;0
958;0
959;0
960;0
961;0
962;0
963;0
964;0
965;0
966;0
967;0
968;2
969;0
970;0
971;0
972;0
973;1
974;0
975;1
976;0
977;2
978;2
979;1
980;0
981;0
982;0
983;0
984;0
985;0
986;2
987;2
988;1
989;0
990;0
991;2
992;4
993;2
994;2
995;2
996;2
997;0
998;0
999;0
1000;2
1001;2
1002;0
1003;0
1004;2
1005;0
1006;1
1007;1
1008;0
1009;0
1010;2
1011;1
1012;0
1013;1
1014;0
1015;0
1016;0
1017;0
1018;0
1019;0
1020;0
1021;0
1022;0
1023;0
