0;2
1;0
2;0
3;0
4;4
5;0
6;2
7;2
8;0
9;1
10;0
11;0
12;2
13;0
14;1
15;0
16;0
17;2
18;2
19;2
20;0
21;0
22;2
23;0
24;1
25;1
26;2
27;0
28;2
29;0
30;2
31;2
32;0
33;0
34;0
35;0
36;0
37;0
38;0
39;0
40;0
41;0
42;0
43;0
44;2
45;0
46;2
47;0
48;0
49;1
50;0
51;0
52;0
53;0
54;0
55;0
56;0
57;0
58;0
59;1
60;0
61;0
62;0
63;2
64;0
65;0
66;2
67;0
68;2
69;0
70;2
71;0
72;2
73;2
74;2
75;0
76;0
77;0
78;0
79;0
80;0
81;2
82;0
83;0
84;0
85;0
86;0
87;0
88;2
89;0
90;2
91;0
92;1
93;2
94;0
95;0
96;0
97;2
98;0
99;1
100;0
101;0
102;1
103;0
104;0
105;0
106;0
107;0
108;0
109;0
110;1
111;0
112;0
113;0
114;0
115;0
116;0
117;0
118;0
119;0
120;0
121;0
122;0
123;0
124;0
125;0
126;1
127;0
128;0
129;0
130;1
131;0
132;1
133;0
134;0
135;0
136;0
137;0
138;1
139;2
140;2
141;0
142;0
143;0
144;2
145;2
146;2
147;2
148;1
149;0
150;2
151;0
152;0
153;0
154;0
155;0
156;1
157;0
158;0
159;1
160;0
161;1
162;0
163;2
164;4
165;0
166;2
167;2
168;4
169;0
170;0
171;0
172;2
173;2
174;2
175;2
176;1
177;0
178;1
179;0
180;0
181;0
182;0
183;0
184;0
185;0
186;0
187;0
188;1
189;0
190;0
191;0
192;0
193;0
194;0
195;0
196;2
197;0
198;0
199;0
200;0
201;2
202;2
203;1
204;0
205;0
206;0
207;2
208;2
209;2
210;0
211;2
212;2
213;0
214;2
215;0
216;0
217;0
218;0
219;0
220;0
221;0
222;1
223;1
224;0
225;0
226;0
227;2
228;1
229;0
230;1
231;2
232;0
233;2
234;2
235;2
236;0
237;0
238;0
239;2
240;0
241;0
242;0
243;2
244;0
245;1
246;0
247;2
248;2
249;2
250;2
251;2
252;0
253;0
254;2
255;0
256;0
257;2
258;0
259;0
260;1
261;0
262;2
263;2
264;1
265;0
266;2
267;0
268;1
269;0
270;0
271;2
272;4
273;0
274;2
275;1
276;0
277;0
278;0
279;0
280;1
281;0
282;0
283;0
284;2
285;2
286;2
287;2
288;1
289;0
290;0
291;1
292;0
293;0
294;2
295;0
296;0
297;0
298;0
299;2
300;0
301;2
302;1
303;0
304;0
305;0
306;2
307;2
308;1
309;0
310;0
311;0
312;2
313;0
314;2
315;2
316;2
317;0
318;0
319;2
320;2
321;0
322;0
323;0
324;0
325;0
326;0
327;0
328;0
329;1
330;2
331;0
332;0
333;0
334;0
335;1
336;2
337;0
338;2
339;2
340;1
341;0
342;0
343;2
344;4
345;2
346;2
347;1
348;0
349;0
350;2
351;0
352;2
353;0
354;0
355;0
356;1
357;2
358;2
359;0
360;0
361;0
362;0
363;0
364;1
365;0
366;1
367;0
368;0
369;0
370;0
371;2
372;1
373;0
374;0
375;0
376;0
377;0
378;0
379;0
380;0
381;0
382;0
383;0
384;2
385;0
386;2
387;0
388;2
389;2
390;0
391;0
392;0
393;0
394;0
395;0
396;0
397;0
398;2
399;0
400;0
401;0
402;0
403;0
404;0
405;2
406;1
407;0
408;0
409;2
410;2
411;2
412;2
413;1
414;0
415;0
416;0
417;0
418;0
419;0
420;0
421;2
422;2
423;2
424;0
425;1
426;0
427;0
428;0
429;0
430;0
431;0
432;0
433;0
434;2
435;0
436;0
437;0
438;1
439;0
440;2
441;2
442;0
443;0
444;2
445;0
446;1
447;0
448;2
449;1
450;0
451;0
452;1
453;2
454;0
455;0
456;0
457;0
458;1
459;0
460;1
461;0
462;0
463;0
464;2
465;0
466;0
467;1
468;1
469;0
470;0
471;0
472;2
473;0
474;0
475;0
476;1
477;0
478;2
479;2
480;1
481;0
482;0
483;0
484;2
485;0
486;2
487;2
488;0
489;0
490;2
491;0
492;0
493;2
494;0
495;0
496;0
497;0
498;2
499;2
500;0
501;0
502;2
503;1
504;0
505;0
506;1
507;0
508;2
509;2
510;0
511;0
512;1
513;0
514;2
515;1
516;0
517;0
518;0
519;2
520;1
521;0
522;0
523;2
524;2
525;0
526;2
527;2
528;2
529;0
530;2
531;0
532;1
533;0
534;0
535;1
536;0
537;0
538;1
539;0
540;0
541;0
542;0
543;1
544;2
545;0
546;0
547;0
548;0
549;0
550;0
551;0
552;2
553;2
554;0
555;0
556;0
557;0
558;0
559;1
560;0
561;0
562;2
563;0
564;1
565;0
566;0
567;2
568;2
569;0
570;2
571;2
572;2
573;0
574;2
575;0
576;0
577;2
578;2
579;0
580;1
581;1
582;0
583;0
584;1
585;0
586;0
587;2
588;2
589;0
590;0
591;0
592;1
593;2
594;2
595;2
596;0
597;0
598;0
599;1
600;0
601;0
602;0
603;0
604;2
605;2
606;2
607;2
608;2
609;0
610;0
611;0
612;1
613;2
614;0
615;0
616;0
617;0
618;0
619;2
620;0
621;0
622;0
623;2
624;0
625;0
626;2
627;0
628;0
629;0
630;2
631;2
632;2
633;1
634;0
635;0
636;0
637;0
638;1
639;0
640;0
641;0
642;0
643;0
644;2
645;0
646;0
647;0
648;0
649;0
650;0
651;0
652;0
653;0
654;1
655;0
656;0
657;1
658;0
659;0
660;0
661;0
662;0
663;2
664;2
665;0
666;0
667;2
668;2
669;0
670;1
671;0
672;0
673;2
674;0
675;0
676;2
677;2
678;2
679;2
680;1
681;2
682;0
683;0
684;2
685;2
686;2
687;1
688;0
689;0
690;0
691;1
692;2
693;0
694;2
695;2
696;2
697;0
698;2
699;0
700;1
701;0
702;0
703;0
704;0
705;2
706;2
707;2
708;2
709;0
710;0
711;0
712;2
713;0
714;0
715;0
716;0
717;0
718;0
719;0
720;2
721;0
722;0
723;0
724;0
725;0
726;1
727;0
728;0
729;0
730;0
731;2
732;0
733;0
734;0
735;0
736;1
737;0
738;0
739;2
740;2
741;0
742;0
743;1
744;2
745;0
746;2
747;1
748;0
749;0
750;0
751;0
752;2
753;2
754;2
755;0
756;2
757;1
758;0
759;0
760;0
761;0
762;0
763;0
764;0
765;2
766;1
767;0
768;2
769;1
770;0
771;0
772;0
773;0
774;0
775;2
776;2
777;2
778;0
779;0
780;0
781;2
782;0
783;0
784;1
785;0
786;0
787;0
788;2
789;0
790;0
791;0
792;0
793;0
794;0
795;1
796;0
797;0
798;2
799;0
800;0
801;2
802;0
803;0
804;0
805;1
806;0
807;0
808;2
809;1
810;1
811;0
812;1
813;0
814;2
815;0
816;0
817;0
818;0
819;0
820;0
821;0
822;0
823;0
824;1
825;0
826;0
827;0
828;0
829;0
830;0
831;0
832;0
833;1
834;0
835;0
836;1
837;0
838;0
839;0
840;0
841;2
842;2
843;1
844;0
845;0
846;1
847;0
848;0
849;0
850;1
851;0
852;0
853;0
854;0
855;0
856;1
857;1
858;0
859;1
860;0
861;0
862;2
863;2
864;1
865;0
866;2
867;2
868;1
869;0
870;0
871;0
872;2
873;2
874;0
875;0
876;2
877;0
878;2
879;0
880;0
881;0
882;2
883;1
884;0
885;0
886;0
887;2
888;2
889;0
890;0
891;2
892;2
893;0
894;2
895;0
896;2
897;0
898;0
899;2
900;0
901;0
902;0
903;0
904;0
905;0
906;0
907;2
908;0
909;0
910;0
911;0
912;2
913;0
914;2
915;2
916;2
917;0
918;0
919;2
920;1
921;0
922;0
923;0
924;0
925;0
926;2
927;0
928;2
929;0
930;0
931;0
932;2
933;1
934;0
935;0
936;0
937;0
938;2
939;2
940;2
941;0
942;1
943;0
944;0
945;0
946;0
947;0
948;0
949;2
950;0
951;0
952;0
953;0
954;0
955;2
956;0
957;0
958;2
959;0
960;2
961;1
962;0
963;2
964;2
965;2
966;1
967;0
968;2
969;0
970;0
971;2
972;4
973;0
974;2
975;1
976;0
977;0
978;0
979;0
980;1
981;0
982;0
983;2
984;2
985;0
986;0
987;0
988;0
989;0
990;2
991;2
992;1
993;0
994;0
995;0
996;2
997;1
998;0
999;0
1000;1
1001;0
1002;0
1003;2
1004;1
1005;0
1006;0
1007;2
1008;2
1009;0
1010;2
1011;2
1012;1
1013;0
1014;0
1015;1
1016;0
1017;0
1018;0
1019;0
1020;0
1021;0
1022;0
1023;0
