0;1
1;0
2;0
3;2
4;2
5;0
6;2
7;2
8;2
9;0
10;2
11;0
12;0
13;0
14;0
15;0
16;0
17;2
18;1
19;0
20;0
21;0
22;2
23;1
24;1
25;1
26;0
27;1
28;2
29;0
30;0
31;2
32;2
33;0
34;2
35;0
36;2
37;0
38;1
39;0
40;0
41;1
42;2
43;2
44;2
45;0
46;2
47;2
48;0
49;0
50;2
51;2
52;1
53;0
54;0
55;0
56;2
57;0
58;2
59;2
60;0
61;0
62;0
63;0
64;2
65;0
66;0
67;0
68;1
69;0
70;0
71;0
72;2
73;0
74;1
75;0
76;0
77;0
78;0
79;0
80;0
81;0
82;0
83;0
84;0
85;1
86;1
87;2
88;1
89;0
90;0
91;0
92;0
93;0
94;1
95;0
96;0
97;0
98;1
99;0
100;0
101;1
102;0
103;0
104;1
105;0
106;0
107;0
108;1
109;0
110;2
111;0
112;2
113;0
114;0
115;0
116;0
117;0
118;2
119;2
120;2
121;0
122;1
123;0
124;0
125;0
126;2
127;0
128;0
129;0
130;0
131;2
132;0
133;0
134;0
135;0
136;0
137;2
138;0
139;0
140;0
141;0
142;0
143;0
144;0
145;0
146;1
147;0
148;0
149;1
150;1
151;0
152;0
153;0
154;0
155;0
156;0
157;0
158;2
159;0
160;2
161;2
162;0
163;0
164;0
165;0
166;0
167;2
168;1
169;0
170;2
171;0
172;0
173;0
174;0
175;2
176;0
177;0
178;2
179;0
180;0
181;0
182;0
183;0
184;0
185;0
186;1
187;0
188;0
189;0
190;0
191;0
192;0
193;0
194;0
195;0
196;0
197;0
198;0
199;0
200;2
201;0
202;0
203;0
204;1
205;0
206;2
207;1
208;0
209;0
210;0
211;2
212;1
213;0
214;0
215;2
216;2
217;0
218;2
219;0
220;2
221;0
222;0
223;0
224;0
225;1
226;0
227;1
228;0
229;0
230;2
231;2
232;0
233;0
234;1
235;0
236;0
237;0
238;0
239;0
240;0
241;0
242;0
243;2
244;1
245;0
246;0
247;0
248;2
249;0
250;2
251;1
252;0
253;0
254;0
255;2
256;0
257;0
258;0
259;0
260;0
261;1
262;0
263;2
264;2
265;2
266;0
267;0
268;0
269;0
270;2
271;2
272;0
273;2
274;0
275;0
276;1
277;0
278;2
279;1
280;0
281;0
282;0
283;0
284;2
285;2
286;2
287;0
288;1
289;0
290;0
291;0
292;0
293;1
294;0
295;0
296;2
297;0
298;0
299;0
300;0
301;0
302;1
303;0
304;0
305;0
306;0
307;2
308;2
309;0
310;1
311;0
312;0
313;0
314;0
315;0
316;0
317;0
318;0
319;0
320;2
321;0
322;0
323;0
324;0
325;0
326;0
327;0
328;0
329;0
330;1
331;0
332;0
333;0
334;0
335;1
336;0
337;0
338;0
339;0
340;1
341;0
342;2
343;1
344;0
345;0
346;2
347;0
348;2
349;0
350;0
351;0
352;0
353;0
354;0
355;0
356;2
357;0
358;1
359;0
360;0
361;0
362;0
363;0
364;0
365;2
366;1
367;0
368;0
369;2
370;1
371;0
372;0
373;0
374;1
375;0
376;1
377;0
378;0
379;0
380;2
381;2
382;2
383;2
384;1
385;0
386;0
387;0
388;1
389;0
390;2
391;2
392;1
393;0
394;0
395;2
396;4
397;0
398;2
399;1
400;0
401;2
402;2
403;0
404;2
405;0
406;0
407;0
408;2
409;0
410;1
411;0
412;0
413;2
414;2
415;0
416;2
417;1
418;0
419;0
420;0
421;0
422;0
423;0
424;2
425;2
426;2
427;2
428;2
429;0
430;1
431;0
432;0
433;2
434;1
435;0
436;0
437;0
438;1
439;0
440;0
441;0
442;0
443;0
444;2
445;2
446;2
447;0
448;0
449;0
450;2
451;0
452;0
453;1
454;0
455;0
456;1
457;1
458;0
459;0
460;1
461;0
462;1
463;0
464;1
465;0
466;2
467;0
468;2
469;0
470;0
471;0
472;2
473;0
474;0
475;0
476;0
477;0
478;2
479;0
480;0
481;0
482;0
483;0
484;2
485;0
486;2
487;2
488;0
489;2
490;1
491;0
492;0
493;0
494;0
495;0
496;2
497;2
498;2
499;2
500;0
501;0
502;0
503;0
504;2
505;2
506;0
507;0
508;0
509;0
510;1
511;0
512;0
513;0
514;0
515;0
516;1
517;0
518;0
519;0
520;0
521;0
522;2
523;2
524;2
525;2
526;2
527;0
528;0
529;0
530;0
531;2
532;0
533;0
534;0
535;0
536;0
537;0
538;2
539;2
540;0
541;0
542;0
543;1
544;0
545;0
546;0
547;0
548;0
549;1
550;0
551;2
552;2
553;2
554;2
555;0
556;2
557;0
558;2
559;0
560;2
561;2
562;0
563;1
564;1
565;0
566;0
567;0
568;0
569;0
570;0
571;0
572;1
573;0
574;2
575;1
576;0
577;1
578;0
579;2
580;0
581;1
582;0
583;0
584;2
585;0
586;0
587;0
588;2
589;0
590;0
591;2
592;1
593;0
594;0
595;0
596;2
597;0
598;1
599;0
600;0
601;2
602;2
603;0
604;1
605;0
606;0
607;0
608;1
609;0
610;0
611;2
612;1
613;2
614;0
615;2
616;2
617;0
618;2
619;2
620;0
621;0
622;0
623;2
624;2
625;0
626;1
627;0
628;2
629;1
630;0
631;0
632;2
633;1
634;0
635;2
636;2
637;0
638;0
639;0
640;2
641;0
642;2
643;1
644;0
645;0
646;0
647;1
648;2
649;0
650;2
651;2
652;2
653;0
654;2
655;0
656;0
657;0
658;0
659;0
660;0
661;0
662;1
663;0
664;0
665;2
666;0
667;2
668;2
669;2
670;1
671;0
672;0
673;0
674;0
675;0
676;0
677;0
678;0
679;0
680;1
681;0
682;0
683;0
684;0
685;1
686;0
687;2
688;2
689;0
690;0
691;0
692;1
693;0
694;0
695;0
696;1
697;0
698;0
699;1
700;0
701;0
702;1
703;0
704;0
705;0
706;0
707;0
708;0
709;0
710;2
711;1
712;0
713;0
714;0
715;0
716;0
717;0
718;0
719;2
720;1
721;1
722;0
723;0
724;0
725;2
726;0
727;1
728;1
729;0
730;0
731;0
732;0
733;0
734;2
735;2
736;1
737;0
738;0
739;2
740;1
741;0
742;2
743;2
744;2
745;0
746;2
747;0
748;1
749;0
750;0
751;1
752;0
753;0
754;2
755;2
756;2
757;2
758;0
759;0
760;0
761;0
762;0
763;0
764;2
765;1
766;1
767;0
768;0
769;0
770;2
771;2
772;1
773;0
774;1
775;0
776;0
777;0
778;0
779;0
780;1
781;0
782;0
783;0
784;0
785;0
786;2
787;0
788;0
789;0
790;2
791;0
792;0
793;0
794;0
795;2
796;1
797;0
798;0
799;2
800;2
801;0
802;2
803;0
804;2
805;0
806;2
807;0
808;0
809;0
810;0
811;0
812;2
813;0
814;1
815;0
816;0
817;0
818;0
819;0
820;1
821;0
822;0
823;0
824;2
825;2
826;2
827;0
828;2
829;1
830;2
831;1
832;0
833;0
834;2
835;0
836;2
837;0
838;2
839;2
840;0
841;2
842;2
843;0
844;0
845;0
846;0
847;1
848;0
849;2
850;0
851;0
852;2
853;0
854;1
855;0
856;0
857;0
858;0
859;0
860;0
861;0
862;0
863;0
864;2
865;0
866;0
867;0
868;0
869;0
870;1
871;0
872;0
873;2
874;2
875;2
876;1
877;0
878;2
879;2
880;0
881;0
882;0
883;1
884;0
885;0
886;2
887;0
888;2
889;0
890;0
891;0
892;2
893;0
894;1
895;0
896;0
897;2
898;0
899;0
900;0
901;0
902;1
903;2
904;0
905;0
906;0
907;2
908;0
909;2
910;0
911;1
912;0
913;0
914;2
915;0
916;0
917;2
918;1
919;0
920;0
921;0
922;1
923;0
924;2
925;1
926;0
927;0
928;1
929;2
930;0
931;0
932;2
933;1
934;2
935;0
936;1
937;0
938;0
939;0
940;0
941;2
942;0
943;2
944;2
945;2
946;0
947;0
948;1
949;1
950;1
951;2
952;2
953;2
954;2
955;1
956;0
957;1
958;1
959;2
960;0
961;0
962;0
963;0
964;2
965;2
966;2
967;0
968;0
969;0
970;0
971;2
972;0
973;0
974;0
975;0
976;0
977;0
978;0
979;2
980;0
981;1
982;0
983;0
984;0
985;1
986;0
987;2
988;0
989;0
990;2
991;2
992;1
993;0
994;0
995;2
996;4
997;0
998;2
999;2
1000;1
1001;0
1002;0
1003;0
1004;1
1005;0
1006;0
1007;0
1008;2
1009;2
1010;1
1011;0
1012;1
1013;0
1014;1
1015;0
1016;0
1017;0
1018;0
1019;0
1020;0
1021;0
1022;0
1023;0
