0;1
1;0
2;0
3;2
4;2
5;0
6;1
7;2
8;2
9;0
10;2
11;2
12;2
13;1
14;0
15;0
16;0
17;2
18;0
19;0
20;0
21;0
22;2
23;2
24;0
25;1
26;0
27;0
28;1
29;0
30;0
31;0
32;4
33;0
34;2
35;2
36;2
37;0
38;2
39;0
40;2
41;2
42;2
43;2
44;2
45;0
46;1
47;0
48;1
49;0
50;2
51;0
52;0
53;0
54;0
55;0
56;2
57;0
58;0
59;0
60;0
61;2
62;2
63;0
64;1
65;0
66;2
67;1
68;0
69;0
70;0
71;2
72;2
73;2
74;0
75;0
76;0
77;0
78;0
79;2
80;1
81;0
82;0
83;1
84;1
85;0
86;0
87;0
88;2
89;0
90;2
91;2
92;2
93;0
94;2
95;0
96;1
97;0
98;0
99;0
100;1
101;0
102;0
103;0
104;2
105;0
106;0
107;0
108;2
109;2
110;1
111;0
112;0
113;0
114;2
115;0
116;0
117;0
118;0
119;0
120;2
121;1
122;0
123;2
124;1
125;0
126;1
127;0
128;0
129;0
130;1
131;0
132;1
133;0
134;0
135;0
136;4
137;0
138;2
139;0
140;0
141;0
142;2
143;0
144;2
145;1
146;0
147;0
148;0
149;0
150;1
151;0
152;0
153;0
154;0
155;0
156;1
157;0
158;0
159;0
160;1
161;0
162;0
163;0
164;1
165;1
166;0
167;0
168;0
169;0
170;0
171;0
172;0
173;2
174;2
175;0
176;0
177;1
178;1
179;0
180;0
181;0
182;0
183;0
184;1
185;0
186;2
187;2
188;1
189;0
190;0
191;0
192;1
193;0
194;0
195;2
196;2
197;0
198;2
199;2
200;2
201;0
202;2
203;0
204;2
205;1
206;1
207;0
208;0
209;2
210;2
211;2
212;0
213;0
214;0
215;0
216;0
217;0
218;1
219;0
220;2
221;2
222;0
223;0
224;2
225;0
226;0
227;0
228;2
229;0
230;0
231;0
232;1
233;0
234;0
235;4
236;2
237;0
238;0
239;0
240;1
241;0
242;2
243;2
244;1
245;0
246;0
247;2
248;4
249;0
250;2
251;2
252;2
253;0
254;0
255;0
256;2
257;2
258;2
259;0
260;1
261;0
262;0
263;0
264;0
265;0
266;2
267;0
268;0
269;1
270;0
271;0
272;1
273;0
274;1
275;0
276;2
277;0
278;0
279;2
280;2
281;0
282;1
283;2
284;0
285;0
286;0
287;0
288;0
289;0
290;1
291;2
292;1
293;0
294;0
295;0
296;4
297;0
298;2
299;2
300;2
301;0
302;2
303;1
304;2
305;0
306;0
307;0
308;0
309;0
310;2
311;1
312;1
313;0
314;0
315;0
316;2
317;0
318;2
319;1
320;0
321;0
322;0
323;2
324;0
325;0
326;2
327;2
328;2
329;0
330;0
331;0
332;0
333;0
334;2
335;2
336;0
337;0
338;0
339;0
340;1
341;0
342;2
343;2
344;1
345;0
346;0
347;1
348;2
349;0
350;2
351;0
352;2
353;0
354;2
355;0
356;0
357;0
358;0
359;0
360;0
361;0
362;0
363;0
364;1
365;0
366;0
367;2
368;2
369;1
370;0
371;0
372;0
373;2
374;1
375;0
376;2
377;0
378;0
379;0
380;0
381;0
382;0
383;2
384;1
385;0
386;0
387;2
388;2
389;0
390;0
391;0
392;2
393;0
394;0
395;0
396;0
397;0
398;0
399;0
400;2
401;1
402;0
403;0
404;0
405;0
406;2
407;2
408;1
409;0
410;0
411;2
412;2
413;0
414;2
415;2
416;2
417;0
418;0
419;1
420;4
421;0
422;2
423;0
424;0
425;0
426;0
427;0
428;2
429;2
430;2
431;2
432;2
433;1
434;0
435;0
436;0
437;0
438;1
439;0
440;1
441;0
442;0
443;0
444;0
445;0
446;2
447;0
448;0
449;0
450;2
451;1
452;0
453;0
454;0
455;2
456;4
457;0
458;2
459;2
460;2
461;0
462;2
463;0
464;2
465;0
466;0
467;0
468;0
469;0
470;2
471;2
472;1
473;0
474;0
475;0
476;2
477;0
478;2
479;1
480;0
481;0
482;2
483;0
484;2
485;0
486;2
487;2
488;0
489;1
490;1
491;0
492;0
493;0
494;0
495;2
496;0
497;1
498;1
499;0
500;1
501;0
502;1
503;0
504;0
505;0
506;0
507;0
508;0
509;1
510;0
511;0
512;0
513;2
514;0
515;1
516;0
517;0
518;1
519;0
520;1
521;0
522;0
523;2
524;2
525;0
526;0
527;2
528;2
529;0
530;2
531;2
532;2
533;0
534;2
535;0
536;0
537;0
538;0
539;0
540;0
541;2
542;2
543;2
544;2
545;0
546;1
547;2
548;0
549;0
550;2
551;0
552;1
553;0
554;2
555;2
556;0
557;0
558;2
559;0
560;0
561;0
562;0
563;0
564;0
565;0
566;1
567;2
568;0
569;2
570;1
571;0
572;0
573;0
574;0
575;1
576;0
577;0
578;0
579;1
580;0
581;0
582;0
583;2
584;1
585;0
586;2
587;2
588;1
589;0
590;0
591;0
592;2
593;0
594;4
595;2
596;2
597;0
598;2
599;0
600;1
601;0
602;2
603;0
604;0
605;0
606;0
607;0
608;0
609;0
610;2
611;2
612;1
613;0
614;0
615;2
616;1
617;1
618;0
619;2
620;2
621;0
622;0
623;0
624;2
625;0
626;0
627;1
628;0
629;0
630;0
631;1
632;0
633;0
634;0
635;0
636;1
637;0
638;0
639;1
640;0
641;0
642;0
643;1
644;0
645;2
646;2
647;1
648;0
649;0
650;0
651;0
652;1
653;0
654;0
655;0
656;0
657;0
658;1
659;0
660;0
661;0
662;0
663;2
664;1
665;0
666;2
667;2
668;2
669;0
670;2
671;0
672;1
673;0
674;0
675;2
676;0
677;0
678;0
679;0
680;2
681;0
682;0
683;0
684;2
685;0
686;0
687;0
688;0
689;1
690;1
691;0
692;0
693;1
694;0
695;0
696;0
697;0
698;0
699;0
700;0
701;0
702;1
703;0
704;0
705;0
706;1
707;0
708;0
709;2
710;0
711;2
712;2
713;0
714;0
715;0
716;0
717;0
718;0
719;1
720;0
721;0
722;0
723;2
724;2
725;0
726;2
727;0
728;0
729;0
730;1
731;0
732;0
733;0
734;0
735;0
736;0
737;1
738;1
739;0
740;1
741;0
742;0
743;1
744;0
745;0
746;0
747;2
748;4
749;0
750;2
751;2
752;2
753;0
754;2
755;0
756;2
757;1
758;0
759;0
760;0
761;0
762;0
763;0
764;2
765;1
766;0
767;0
768;2
769;1
770;2
771;2
772;2
773;0
774;0
775;1
776;0
777;0
778;1
779;0
780;0
781;0
782;2
783;1
784;0
785;0
786;0
787;0
788;0
789;0
790;2
791;1
792;0
793;0
794;0
795;2
796;4
797;0
798;2
799;2
800;2
801;0
802;0
803;0
804;2
805;1
806;0
807;0
808;0
809;0
810;2
811;0
812;0
813;0
814;2
815;0
816;0
817;0
818;0
819;0
820;0
821;0
822;1
823;0
824;0
825;0
826;0
827;0
828;1
829;1
830;2
831;1
832;0
833;0
834;0
835;0
836;0
837;0
838;0
839;0
840;0
841;0
842;2
843;0
844;0
845;0
846;2
847;2
848;0
849;0
850;0
851;2
852;4
853;0
854;0
855;2
856;2
857;0
858;2
859;0
860;1
861;1
862;0
863;0
864;0
865;1
866;0
867;0
868;0
869;1
870;0
871;0
872;1
873;0
874;0
875;0
876;0
877;0
878;2
879;2
880;0
881;0
882;0
883;0
884;1
885;0
886;1
887;0
888;0
889;2
890;0
891;0
892;0
893;0
894;0
895;0
896;1
897;1
898;2
899;0
900;0
901;2
902;0
903;0
904;0
905;0
906;0
907;0
908;0
909;0
910;0
911;0
912;0
913;0
914;1
915;0
916;2
917;2
918;0
919;0
920;0
921;0
922;2
923;0
924;0
925;0
926;0
927;2
928;2
929;0
930;2
931;2
932;2
933;0
934;0
935;0
936;2
937;0
938;0
939;0
940;2
941;0
942;0
943;0
944;2
945;2
946;0
947;0
948;0
949;0
950;2
951;0
952;2
953;0
954;0
955;0
956;1
957;0
958;2
959;1
960;1
961;0
962;2
963;0
964;1
965;0
966;0
967;2
968;0
969;0
970;0
971;2
972;0
973;2
974;2
975;0
976;0
977;0
978;1
979;0
980;0
981;2
982;0
983;2
984;1
985;0
986;0
987;0
988;0
989;2
990;0
991;0
992;1
993;0
994;0
995;0
996;1
997;0
998;2
999;1
1000;0
1001;0
1002;0
1003;2
1004;4
1005;0
1006;1
1007;2
1008;2
1009;0
1010;2
1011;0
1012;1
1013;0
1014;0
1015;1
1016;0
1017;0
1018;0
1019;0
1020;0
1021;0
1022;0
1023;0
