0;0
1;0
2;0
3;0
4;2
5;0
6;1
7;2
8;2
9;0
10;2
11;0
12;2
13;0
14;0
15;0
16;0
17;2
18;0
19;0
20;1
21;0
22;0
23;2
24;0
25;1
26;0
27;2
28;2
29;2
30;2
31;2
32;0
33;0
34;0
35;2
36;0
37;1
38;0
39;0
40;1
41;0
42;0
43;0
44;2
45;0
46;2
47;0
48;1
49;0
50;1
51;2
52;2
53;0
54;0
55;0
56;0
57;2
58;0
59;2
60;1
61;0
62;0
63;0
64;0
65;0
66;1
67;1
68;0
69;0
70;1
71;0
72;0
73;0
74;0
75;0
76;0
77;2
78;0
79;0
80;2
81;0
82;2
83;0
84;1
85;0
86;2
87;2
88;1
89;0
90;0
91;2
92;4
93;0
94;0
95;0
96;0
97;0
98;0
99;0
100;1
101;0
102;0
103;0
104;0
105;0
106;0
107;1
108;0
109;0
110;0
111;1
112;0
113;0
114;1
115;0
116;0
117;0
118;0
119;0
120;0
121;2
122;0
123;0
124;0
125;0
126;0
127;0
128;2
129;0
130;0
131;0
132;0
133;1
134;1
135;0
136;1
137;0
138;0
139;0
140;1
141;0
142;0
143;2
144;2
145;0
146;0
147;0
148;0
149;0
150;1
151;0
152;1
153;0
154;0
155;0
156;0
157;1
158;1
159;0
160;0
161;0
162;2
163;0
164;0
165;0
166;0
167;0
168;0
169;0
170;0
171;2
172;0
173;0
174;0
175;0
176;0
177;0
178;0
179;0
180;1
181;0
182;0
183;0
184;1
185;1
186;0
187;0
188;0
189;1
190;0
191;1
192;0
193;0
194;0
195;0
196;0
197;1
198;0
199;0
200;2
201;2
202;2
203;0
204;1
205;0
206;2
207;1
208;0
209;0
210;0
211;0
212;2
213;2
214;2
215;2
216;2
217;0
218;2
219;0
220;1
221;0
222;0
223;0
224;0
225;0
226;0
227;1
228;0
229;1
230;0
231;1
232;0
233;0
234;0
235;2
236;0
237;0
238;0
239;0
240;0
241;0
242;0
243;0
244;0
245;0
246;1
247;0
248;2
249;2
250;0
251;2
252;0
253;0
254;1
255;0
256;1
257;0
258;0
259;2
260;0
261;0
262;0
263;2
264;1
265;0
266;0
267;2
268;1
269;0
270;0
271;0
272;1
273;0
274;0
275;2
276;0
277;0
278;2
279;1
280;0
281;0
282;0
283;0
284;2
285;2
286;1
287;2
288;1
289;0
290;0
291;0
292;0
293;1
294;0
295;0
296;2
297;0
298;0
299;0
300;0
301;0
302;0
303;1
304;0
305;0
306;0
307;2
308;0
309;0
310;0
311;1
312;0
313;0
314;0
315;1
316;0
317;0
318;0
319;0
320;2
321;0
322;0
323;0
324;0
325;0
326;0
327;0
328;0
329;1
330;1
331;2
332;0
333;0
334;0
335;0
336;1
337;0
338;1
339;0
340;1
341;0
342;0
343;2
344;2
345;2
346;2
347;2
348;2
349;0
350;2
351;0
352;0
353;1
354;0
355;2
356;0
357;0
358;0
359;0
360;0
361;0
362;0
363;0
364;1
365;0
366;0
367;1
368;0
369;0
370;0
371;2
372;2
373;0
374;0
375;1
376;0
377;0
378;2
379;1
380;0
381;0
382;0
383;0
384;2
385;0
386;0
387;0
388;0
389;2
390;1
391;0
392;0
393;0
394;0
395;0
396;2
397;1
398;0
399;2
400;0
401;0
402;1
403;1
404;0
405;0
406;1
407;2
408;2
409;2
410;2
411;2
412;2
413;1
414;0
415;0
416;0
417;2
418;2
419;0
420;0
421;0
422;2
423;2
424;2
425;1
426;0
427;0
428;0
429;0
430;0
431;1
432;0
433;0
434;0
435;1
436;0
437;0
438;0
439;0
440;2
441;2
442;0
443;1
444;2
445;0
446;2
447;0
448;0
449;0
450;0
451;0
452;1
453;1
454;0
455;2
456;0
457;2
458;2
459;1
460;1
461;0
462;2
463;0
464;1
465;2
466;0
467;2
468;0
469;0
470;0
471;0
472;0
473;0
474;0
475;0
476;0
477;0
478;0
479;0
480;0
481;2
482;2
483;0
484;2
485;0
486;2
487;0
488;0
489;0
490;0
491;2
492;2
493;2
494;0
495;2
496;0
497;0
498;0
499;1
500;0
501;2
502;0
503;0
504;1
505;0
506;2
507;2
508;1
509;0
510;0
511;2
512;2
513;0
514;2
515;1
516;0
517;0
518;2
519;0
520;2
521;0
522;2
523;2
524;2
525;2
526;1
527;0
528;0
529;2
530;2
531;0
532;0
533;1
534;0
535;1
536;0
537;0
538;0
539;0
540;0
541;0
542;2
543;2
544;1
545;0
546;0
547;0
548;0
549;1
550;0
551;2
552;1
553;0
554;0
555;2
556;1
557;0
558;2
559;2
560;2
561;0
562;2
563;0
564;0
565;1
566;0
567;0
568;0
569;2
570;2
571;0
572;2
573;0
574;0
575;0
576;0
577;0
578;0
579;1
580;0
581;0
582;0
583;0
584;0
585;0
586;0
587;0
588;0
589;0
590;0
591;0
592;2
593;1
594;0
595;1
596;0
597;1
598;0
599;0
600;0
601;0
602;1
603;0
604;2
605;0
606;0
607;0
608;0
609;0
610;1
611;2
612;0
613;1
614;0
615;2
616;0
617;2
618;2
619;0
620;1
621;0
622;1
623;0
624;1
625;0
626;0
627;2
628;2
629;0
630;0
631;0
632;0
633;0
634;0
635;0
636;2
637;1
638;0
639;2
640;0
641;0
642;0
643;0
644;0
645;0
646;2
647;1
648;0
649;0
650;0
651;2
652;2
653;2
654;2
655;2
656;2
657;0
658;0
659;0
660;2
661;1
662;0
663;0
664;2
665;0
666;0
667;1
668;0
669;2
670;0
671;0
672;2
673;0
674;0
675;0
676;0
677;0
678;0
679;0
680;2
681;0
682;0
683;0
684;4
685;0
686;0
687;0
688;2
689;2
690;2
691;2
692;2
693;0
694;0
695;0
696;1
697;0
698;0
699;2
700;1
701;0
702;0
703;2
704;0
705;0
706;0
707;2
708;2
709;0
710;2
711;0
712;2
713;0
714;2
715;0
716;0
717;0
718;0
719;0
720;0
721;0
722;0
723;1
724;0
725;0
726;0
727;2
728;0
729;1
730;0
731;0
732;0
733;0
734;0
735;2
736;0
737;0
738;1
739;0
740;2
741;2
742;0
743;0
744;1
745;0
746;0
747;0
748;0
749;0
750;0
751;0
752;0
753;2
754;0
755;1
756;0
757;0
758;1
759;0
760;2
761;2
762;0
763;0
764;0
765;0
766;0
767;0
768;2
769;1
770;0
771;0
772;0
773;2
774;2
775;2
776;0
777;1
778;2
779;1
780;0
781;0
782;0
783;0
784;1
785;1
786;0
787;0
788;0
789;0
790;0
791;0
792;0
793;2
794;2
795;2
796;1
797;0
798;0
799;0
800;0
801;1
802;0
803;0
804;1
805;0
806;0
807;0
808;0
809;0
810;0
811;2
812;2
813;2
814;0
815;0
816;0
817;0
818;0
819;0
820;1
821;1
822;0
823;2
824;2
825;1
826;0
827;0
828;0
829;0
830;0
831;0
832;2
833;0
834;2
835;2
836;0
837;0
838;2
839;0
840;0
841;1
842;0
843;0
844;0
845;2
846;1
847;0
848;0
849;0
850;0
851;2
852;1
853;0
854;0
855;2
856;2
857;0
858;2
859;0
860;0
861;0
862;2
863;0
864;0
865;0
866;0
867;0
868;0
869;1
870;0
871;2
872;2
873;0
874;0
875;0
876;1
877;0
878;0
879;0
880;1
881;0
882;0
883;2
884;0
885;0
886;0
887;0
888;1
889;0
890;0
891;0
892;0
893;2
894;2
895;0
896;0
897;0
898;1
899;0
900;0
901;0
902;0
903;1
904;0
905;2
906;0
907;0
908;4
909;0
910;0
911;0
912;0
913;0
914;0
915;2
916;1
917;0
918;1
919;0
920;2
921;2
922;1
923;0
924;0
925;1
926;0
927;0
928;0
929;2
930;0
931;0
932;0
933;0
934;0
935;2
936;1
937;1
938;2
939;2
940;1
941;1
942;2
943;0
944;0
945;2
946;0
947;0
948;2
949;1
950;0
951;0
952;0
953;1
954;0
955;0
956;1
957;0
958;0
959;0
960;1
961;0
962;2
963;0
964;0
965;0
966;0
967;0
968;0
969;2
970;0
971;0
972;0
973;0
974;0
975;2
976;0
977;0
978;0
979;0
980;0
981;1
982;2
983;1
984;0
985;1
986;0
987;0
988;2
989;2
990;0
991;0
992;2
993;0
994;0
995;1
996;0
997;0
998;0
999;0
1000;0
1001;0
1002;2
1003;2
1004;0
1005;0
1006;0
1007;2
1008;0
1009;0
1010;2
1011;0
1012;0
1013;0
1014;0
1015;0
1016;0
1017;0
1018;0
1019;0
1020;0
1021;0
1022;0
1023;0
