0;0
1;0
2;0
3;1
4;2
5;0
6;2
7;2
8;2
9;0
10;0
11;0
12;2
13;0
14;1
15;0
16;0
17;2
18;2
19;1
20;0
21;0
22;2
23;1
24;0
25;0
26;2
27;0
28;2
29;0
30;2
31;2
32;0
33;0
34;1
35;0
36;0
37;0
38;0
39;0
40;1
41;0
42;0
43;0
44;1
45;0
46;0
47;0
48;0
49;0
50;2
51;0
52;2
53;0
54;0
55;0
56;0
57;0
58;0
59;2
60;0
61;0
62;0
63;1
64;0
65;0
66;0
67;0
68;0
69;0
70;2
71;1
72;0
73;0
74;2
75;2
76;1
77;0
78;0
79;2
80;4
81;0
82;1
83;0
84;0
85;0
86;2
87;0
88;1
89;0
90;0
91;0
92;0
93;0
94;0
95;0
96;1
97;0
98;2
99;0
100;1
101;2
102;0
103;0
104;1
105;1
106;0
107;2
108;2
109;0
110;0
111;0
112;1
113;0
114;1
115;2
116;1
117;2
118;0
119;0
120;0
121;0
122;2
123;0
124;0
125;2
126;0
127;0
128;0
129;0
130;0
131;0
132;0
133;0
134;2
135;1
136;0
137;1
138;0
139;0
140;0
141;0
142;0
143;0
144;0
145;0
146;0
147;0
148;0
149;0
150;0
151;1
152;2
153;0
154;2
155;2
156;2
157;0
158;2
159;0
160;2
161;1
162;0
163;2
164;0
165;0
166;0
167;2
168;2
169;2
170;2
171;2
172;0
173;0
174;0
175;0
176;1
177;0
178;0
179;1
180;2
181;0
182;2
183;0
184;0
185;0
186;1
187;0
188;0
189;1
190;0
191;0
192;2
193;0
194;0
195;0
196;0
197;0
198;0
199;0
200;0
201;0
202;0
203;0
204;2
205;0
206;0
207;0
208;2
209;2
210;2
211;0
212;0
213;0
214;0
215;1
216;1
217;0
218;2
219;1
220;0
221;0
222;0
223;2
224;4
225;0
226;2
227;2
228;2
229;0
230;0
231;0
232;2
233;0
234;2
235;0
236;2
237;0
238;0
239;2
240;0
241;0
242;0
243;0
244;0
245;0
246;0
247;2
248;1
249;2
250;0
251;0
252;0
253;2
254;2
255;2
256;0
257;0
258;0
259;2
260;0
261;0
262;0
263;0
264;2
265;2
266;2
267;2
268;2
269;0
270;0
271;2
272;0
273;0
274;1
275;2
276;1
277;0
278;0
279;2
280;1
281;0
282;0
283;2
284;0
285;0
286;2
287;0
288;2
289;0
290;0
291;0
292;2
293;2
294;0
295;0
296;1
297;0
298;1
299;0
300;0
301;0
302;0
303;0
304;2
305;2
306;1
307;2
308;1
309;2
310;0
311;0
312;0
313;1
314;0
315;0
316;1
317;0
318;0
319;0
320;2
321;0
322;0
323;0
324;4
325;1
326;1
327;0
328;0
329;0
330;0
331;0
332;2
333;0
334;0
335;0
336;0
337;0
338;0
339;0
340;2
341;0
342;0
343;0
344;0
345;0
346;2
347;0
348;0
349;1
350;0
351;0
352;0
353;0
354;0
355;0
356;2
357;0
358;0
359;0
360;1
361;0
362;0
363;1
364;2
365;0
366;0
367;0
368;0
369;0
370;2
371;2
372;1
373;0
374;0
375;2
376;2
377;2
378;0
379;1
380;0
381;0
382;0
383;0
384;2
385;0
386;0
387;0
388;0
389;0
390;0
391;2
392;2
393;1
394;0
395;0
396;1
397;0
398;0
399;0
400;0
401;0
402;0
403;0
404;2
405;1
406;0
407;0
408;1
409;0
410;2
411;1
412;0
413;0
414;0
415;0
416;2
417;1
418;0
419;0
420;0
421;0
422;0
423;0
424;0
425;0
426;0
427;0
428;2
429;2
430;2
431;2
432;0
433;0
434;0
435;0
436;0
437;0
438;0
439;0
440;0
441;0
442;2
443;2
444;4
445;1
446;0
447;0
448;1
449;0
450;0
451;0
452;2
453;0
454;2
455;0
456;2
457;0
458;1
459;0
460;2
461;2
462;2
463;0
464;0
465;2
466;1
467;0
468;0
469;0
470;0
471;0
472;1
473;0
474;0
475;0
476;0
477;0
478;0
479;0
480;1
481;0
482;0
483;0
484;1
485;0
486;1
487;0
488;1
489;0
490;0
491;2
492;4
493;0
494;2
495;1
496;0
497;0
498;2
499;1
500;1
501;1
502;0
503;0
504;0
505;0
506;2
507;2
508;1
509;0
510;0
511;2
512;2
513;0
514;2
515;2
516;2
517;0
518;2
519;0
520;2
521;2
522;0
523;0
524;2
525;0
526;0
527;1
528;2
529;2
530;2
531;1
532;0
533;0
534;2
535;2
536;1
537;0
538;0
539;2
540;1
541;2
542;1
543;2
544;2
545;0
546;2
547;0
548;1
549;2
550;0
551;0
552;0
553;2
554;0
555;2
556;0
557;0
558;0
559;0
560;2
561;0
562;0
563;1
564;0
565;0
566;0
567;2
568;1
569;0
570;0
571;0
572;0
573;2
574;2
575;0
576;2
577;1
578;0
579;0
580;0
581;0
582;0
583;0
584;0
585;0
586;0
587;2
588;0
589;0
590;2
591;0
592;0
593;0
594;2
595;0
596;0
597;0
598;0
599;0
600;2
601;0
602;1
603;0
604;2
605;0
606;2
607;0
608;2
609;2
610;0
611;0
612;0
613;0
614;0
615;0
616;1
617;0
618;0
619;0
620;0
621;0
622;0
623;0
624;1
625;0
626;2
627;1
628;1
629;0
630;0
631;2
632;0
633;1
634;0
635;0
636;1
637;0
638;0
639;0
640;0
641;0
642;0
643;2
644;1
645;0
646;0
647;0
648;0
649;0
650;0
651;2
652;1
653;0
654;0
655;0
656;2
657;0
658;2
659;1
660;0
661;0
662;2
663;0
664;1
665;0
666;1
667;0
668;2
669;2
670;0
671;0
672;0
673;0
674;0
675;0
676;0
677;0
678;0
679;0
680;1
681;2
682;0
683;0
684;0
685;0
686;0
687;0
688;2
689;0
690;2
691;0
692;1
693;0
694;0
695;1
696;0
697;2
698;2
699;2
700;2
701;0
702;0
703;0
704;2
705;0
706;0
707;0
708;0
709;0
710;0
711;1
712;0
713;2
714;0
715;0
716;2
717;0
718;0
719;0
720;0
721;0
722;0
723;0
724;2
725;0
726;0
727;0
728;0
729;0
730;2
731;2
732;1
733;0
734;0
735;2
736;2
737;0
738;2
739;1
740;0
741;0
742;0
743;2
744;2
745;1
746;2
747;2
748;2
749;0
750;0
751;0
752;1
753;0
754;0
755;0
756;1
757;1
758;1
759;0
760;1
761;0
762;0
763;0
764;0
765;0
766;0
767;0
768;0
769;0
770;2
771;2
772;2
773;1
774;0
775;0
776;0
777;0
778;1
779;1
780;0
781;0
782;0
783;0
784;0
785;0
786;0
787;0
788;0
789;0
790;0
791;0
792;0
793;0
794;0
795;0
796;1
797;0
798;0
799;1
800;0
801;0
802;2
803;2
804;2
805;2
806;0
807;0
808;0
809;0
810;0
811;2
812;1
813;0
814;0
815;0
816;2
817;2
818;2
819;2
820;1
821;0
822;0
823;0
824;2
825;0
826;0
827;0
828;2
829;1
830;1
831;0
832;0
833;1
834;0
835;2
836;2
837;1
838;0
839;0
840;0
841;0
842;0
843;0
844;1
845;0
846;0
847;1
848;0
849;2
850;0
851;0
852;0
853;2
854;0
855;0
856;0
857;0
858;0
859;0
860;0
861;0
862;2
863;0
864;2
865;0
866;0
867;0
868;0
869;0
870;2
871;0
872;0
873;0
874;0
875;0
876;0
877;0
878;0
879;0
880;0
881;1
882;0
883;0
884;2
885;1
886;0
887;1
888;1
889;0
890;0
891;0
892;2
893;0
894;2
895;2
896;0
897;0
898;2
899;0
900;2
901;2
902;0
903;0
904;0
905;2
906;0
907;0
908;2
909;0
910;0
911;0
912;1
913;0
914;0
915;0
916;1
917;0
918;0
919;0
920;2
921;0
922;0
923;1
924;0
925;2
926;0
927;0
928;0
929;2
930;2
931;4
932;1
933;1
934;0
935;0
936;1
937;0
938;2
939;1
940;0
941;0
942;0
943;2
944;2
945;0
946;1
947;2
948;2
949;0
950;0
951;0
952;0
953;0
954;0
955;0
956;0
957;0
958;1
959;2
960;0
961;0
962;2
963;2
964;2
965;0
966;0
967;0
968;2
969;0
970;0
971;2
972;0
973;1
974;0
975;0
976;0
977;0
978;0
979;0
980;2
981;2
982;1
983;0
984;1
985;0
986;0
987;0
988;1
989;0
990;2
991;0
992;0
993;0
994;0
995;0
996;0
997;2
998;0
999;2
1000;2
1001;1
1002;0
1003;0
1004;0
1005;1
1006;1
1007;2
1008;1
1009;0
1010;0
1011;1
1012;0
1013;1
1014;0
1015;0
1016;0
1017;0
1018;0
1019;0
1020;0
1021;0
1022;0
1023;0
