0;1
1;0
2;0
3;2
4;1
5;0
6;2
7;2
8;2
9;0
10;2
11;0
12;2
13;1
14;1
15;0
16;0
17;0
18;0
19;2
20;2
21;2
22;0
23;2
24;1
25;0
26;0
27;0
28;1
29;0
30;1
31;0
32;1
33;0
34;0
35;0
36;4
37;0
38;2
39;2
40;2
41;0
42;2
43;0
44;2
45;0
46;2
47;0
48;0
49;2
50;2
51;0
52;2
53;1
54;1
55;0
56;2
57;0
58;0
59;0
60;1
61;0
62;2
63;0
64;0
65;0
66;0
67;0
68;0
69;0
70;0
71;0
72;0
73;0
74;0
75;0
76;1
77;2
78;2
79;2
80;0
81;0
82;0
83;0
84;0
85;0
86;0
87;0
88;1
89;0
90;0
91;0
92;2
93;1
94;0
95;2
96;2
97;0
98;0
99;0
100;0
101;0
102;1
103;0
104;1
105;0
106;0
107;0
108;2
109;0
110;2
111;0
112;2
113;0
114;0
115;0
116;0
117;2
118;0
119;0
120;0
121;0
122;0
123;1
124;0
125;0
126;0
127;0
128;0
129;1
130;1
131;0
132;2
133;2
134;0
135;0
136;0
137;1
138;0
139;2
140;2
141;0
142;0
143;0
144;0
145;2
146;2
147;1
148;0
149;0
150;2
151;0
152;0
153;0
154;0
155;0
156;2
157;0
158;2
159;0
160;1
161;0
162;1
163;0
164;0
165;2
166;2
167;0
168;1
169;0
170;2
171;0
172;0
173;2
174;2
175;0
176;0
177;0
178;0
179;0
180;0
181;1
182;0
183;0
184;0
185;0
186;1
187;0
188;0
189;0
190;2
191;0
192;2
193;1
194;0
195;0
196;2
197;2
198;2
199;0
200;0
201;0
202;0
203;0
204;0
205;1
206;2
207;0
208;2
209;2
210;1
211;0
212;2
213;0
214;0
215;0
216;0
217;0
218;0
219;1
220;0
221;0
222;0
223;0
224;0
225;0
226;0
227;0
228;2
229;0
230;0
231;0
232;0
233;2
234;0
235;0
236;0
237;2
238;0
239;0
240;0
241;0
242;2
243;0
244;0
245;2
246;0
247;0
248;1
249;2
250;1
251;0
252;0
253;0
254;0
255;0
256;0
257;0
258;1
259;0
260;0
261;0
262;0
263;0
264;0
265;0
266;0
267;0
268;0
269;2
270;1
271;0
272;2
273;2
274;2
275;0
276;0
277;2
278;2
279;2
280;1
281;0
282;0
283;2
284;1
285;0
286;2
287;2
288;4
289;2
290;2
291;0
292;1
293;0
294;1
295;2
296;2
297;0
298;0
299;0
300;0
301;2
302;0
303;0
304;1
305;0
306;0
307;0
308;0
309;1
310;0
311;0
312;0
313;1
314;0
315;1
316;1
317;0
318;0
319;0
320;2
321;2
322;2
323;2
324;1
325;0
326;2
327;0
328;0
329;0
330;2
331;0
332;0
333;1
334;0
335;1
336;0
337;2
338;2
339;2
340;0
341;2
342;2
343;2
344;1
345;0
346;0
347;2
348;2
349;0
350;2
351;2
352;2
353;0
354;2
355;1
356;2
357;0
358;0
359;2
360;0
361;0
362;2
363;2
364;1
365;0
366;1
367;0
368;0
369;0
370;0
371;2
372;2
373;2
374;0
375;2
376;0
377;1
378;0
379;0
380;2
381;2
382;1
383;0
384;0
385;0
386;1
387;1
388;0
389;2
390;0
391;2
392;0
393;0
394;2
395;0
396;0
397;0
398;2
399;2
400;0
401;2
402;0
403;0
404;0
405;0
406;0
407;0
408;0
409;0
410;0
411;0
412;0
413;0
414;0
415;0
416;0
417;0
418;1
419;0
420;2
421;2
422;0
423;0
424;4
425;0
426;0
427;0
428;2
429;0
430;2
431;0
432;2
433;0
434;1
435;0
436;2
437;2
438;0
439;2
440;1
441;0
442;0
443;2
444;4
445;1
446;0
447;2
448;2
449;0
450;2
451;0
452;1
453;0
454;0
455;0
456;0
457;2
458;0
459;1
460;0
461;0
462;0
463;0
464;1
465;0
466;0
467;2
468;0
469;0
470;0
471;0
472;1
473;2
474;0
475;2
476;0
477;0
478;0
479;0
480;0
481;0
482;2
483;1
484;0
485;0
486;2
487;0
488;1
489;0
490;0
491;2
492;2
493;1
494;2
495;2
496;2
497;0
498;2
499;2
500;2
501;0
502;0
503;0
504;2
505;0
506;0
507;0
508;1
509;0
510;0
511;0
512;1
513;0
514;0
515;0
516;2
517;2
518;0
519;0
520;0
521;2
522;0
523;0
524;0
525;0
526;0
527;0
528;1
529;0
530;2
531;2
532;0
533;0
534;0
535;2
536;1
537;0
538;0
539;1
540;0
541;0
542;0
543;0
544;2
545;0
546;2
547;0
548;0
549;2
550;2
551;0
552;1
553;0
554;0
555;0
556;0
557;0
558;2
559;0
560;0
561;0
562;1
563;2
564;0
565;0
566;2
567;0
568;0
569;0
570;0
571;0
572;1
573;0
574;0
575;1
576;0
577;0
578;0
579;1
580;0
581;0
582;0
583;0
584;2
585;0
586;2
587;0
588;0
589;2
590;2
591;2
592;2
593;2
594;0
595;0
596;0
597;0
598;2
599;0
600;0
601;2
602;2
603;2
604;0
605;2
606;2
607;0
608;0
609;0
610;0
611;0
612;0
613;0
614;0
615;0
616;2
617;2
618;0
619;0
620;1
621;0
622;0
623;0
624;2
625;0
626;0
627;0
628;0
629;0
630;0
631;0
632;1
633;0
634;0
635;0
636;2
637;2
638;0
639;0
640;2
641;2
642;0
643;0
644;2
645;0
646;0
647;0
648;2
649;0
650;2
651;0
652;0
653;0
654;2
655;0
656;0
657;0
658;2
659;1
660;0
661;0
662;0
663;2
664;2
665;2
666;1
667;0
668;0
669;1
670;0
671;0
672;0
673;0
674;0
675;2
676;0
677;0
678;0
679;0
680;2
681;0
682;0
683;2
684;0
685;0
686;0
687;0
688;0
689;2
690;2
691;0
692;0
693;0
694;2
695;0
696;0
697;0
698;0
699;0
700;1
701;0
702;2
703;0
704;0
705;0
706;0
707;0
708;1
709;0
710;0
711;2
712;2
713;2
714;1
715;1
716;1
717;0
718;0
719;2
720;0
721;0
722;2
723;2
724;0
725;1
726;1
727;0
728;0
729;0
730;0
731;0
732;0
733;0
734;0
735;0
736;0
737;0
738;0
739;0
740;0
741;0
742;0
743;0
744;0
745;0
746;0
747;0
748;0
749;2
750;0
751;1
752;0
753;0
754;1
755;0
756;1
757;0
758;2
759;1
760;0
761;0
762;0
763;2
764;2
765;0
766;2
767;2
768;0
769;2
770;2
771;2
772;1
773;0
774;0
775;0
776;0
777;0
778;0
779;0
780;2
781;0
782;0
783;0
784;1
785;0
786;0
787;2
788;1
789;0
790;0
791;2
792;1
793;0
794;0
795;0
796;0
797;2
798;2
799;0
800;1
801;0
802;0
803;0
804;0
805;0
806;0
807;0
808;0
809;2
810;2
811;2
812;1
813;0
814;0
815;0
816;0
817;0
818;0
819;0
820;0
821;0
822;2
823;1
824;2
825;2
826;1
827;2
828;2
829;1
830;0
831;2
832;0
833;2
834;2
835;2
836;0
837;0
838;1
839;0
840;0
841;0
842;2
843;0
844;0
845;0
846;1
847;2
848;2
849;0
850;0
851;2
852;0
853;0
854;1
855;0
856;0
857;0
858;1
859;1
860;0
861;0
862;1
863;0
864;0
865;1
866;0
867;1
868;0
869;2
870;2
871;2
872;1
873;1
874;2
875;2
876;2
877;0
878;0
879;0
880;0
881;0
882;0
883;0
884;2
885;2
886;2
887;2
888;2
889;0
890;0
891;0
892;0
893;0
894;2
895;2
896;0
897;0
898;1
899;2
900;2
901;2
902;2
903;0
904;0
905;0
906;0
907;0
908;0
909;0
910;0
911;0
912;0
913;0
914;0
915;0
916;0
917;2
918;1
919;0
920;0
921;0
922;0
923;0
924;1
925;1
926;0
927;1
928;0
929;0
930;2
931;0
932;0
933;1
934;1
935;0
936;0
937;0
938;0
939;2
940;1
941;0
942;0
943;1
944;0
945;0
946;1
947;2
948;2
949;0
950;2
951;0
952;1
953;1
954;0
955;2
956;0
957;0
958;0
959;1
960;1
961;1
962;2
963;0
964;0
965;0
966;0
967;1
968;0
969;0
970;2
971;0
972;2
973;0
974;0
975;0
976;2
977;2
978;2
979;2
980;0
981;0
982;2
983;0
984;0
985;0
986;0
987;1
988;0
989;0
990;1
991;0
992;2
993;0
994;2
995;0
996;0
997;2
998;2
999;2
1000;0
1001;2
1002;0
1003;1
1004;0
1005;2
1006;2
1007;0
1008;2
1009;2
1010;0
1011;0
1012;0
1013;0
1014;0
1015;0
1016;0
1017;0
1018;0
1019;0
1020;0
1021;0
1022;0
1023;0
