0;1
1;0
2;0
3;1
4;1
5;0
6;2
7;0
8;2
9;1
10;2
11;0
12;1
13;0
14;1
15;0
16;0
17;1
18;0
19;2
20;0
21;1
22;2
23;2
24;1
25;1
26;0
27;0
28;0
29;0
30;0
31;0
32;1
33;2
34;2
35;0
36;2
37;0
38;0
39;0
40;1
41;0
42;0
43;2
44;2
45;0
46;1
47;0
48;1
49;2
50;0
51;0
52;2
53;0
54;0
55;0
56;0
57;0
58;0
59;0
60;1
61;1
62;0
63;2
64;0
65;0
66;0
67;0
68;0
69;0
70;0
71;0
72;0
73;0
74;1
75;0
76;1
77;0
78;0
79;0
80;2
81;0
82;0
83;1
84;2
85;0
86;2
87;2
88;2
89;0
90;0
91;0
92;0
93;0
94;0
95;0
96;4
97;0
98;2
99;0
100;2
101;0
102;2
103;0
104;2
105;0
106;0
107;2
108;2
109;2
110;0
111;2
112;2
113;0
114;0
115;0
116;0
117;0
118;0
119;0
120;2
121;0
122;2
123;0
124;0
125;0
126;0
127;0
128;0
129;0
130;0
131;2
132;2
133;0
134;0
135;0
136;0
137;1
138;0
139;0
140;2
141;0
142;0
143;0
144;0
145;0
146;0
147;2
148;2
149;0
150;0
151;0
152;2
153;0
154;0
155;0
156;0
157;1
158;0
159;0
160;1
161;0
162;1
163;0
164;0
165;0
166;1
167;0
168;2
169;0
170;0
171;0
172;0
173;0
174;0
175;0
176;0
177;0
178;2
179;2
180;1
181;0
182;2
183;0
184;0
185;2
186;0
187;0
188;0
189;0
190;0
191;0
192;0
193;0
194;0
195;2
196;0
197;1
198;1
199;0
200;2
201;2
202;1
203;0
204;2
205;0
206;0
207;0
208;0
209;1
210;2
211;1
212;0
213;0
214;0
215;0
216;0
217;0
218;0
219;0
220;2
221;0
222;0
223;0
224;0
225;2
226;0
227;0
228;0
229;2
230;0
231;0
232;2
233;0
234;0
235;0
236;1
237;2
238;0
239;2
240;1
241;1
242;2
243;0
244;0
245;0
246;0
247;0
248;0
249;1
250;0
251;2
252;1
253;2
254;2
255;1
256;2
257;0
258;2
259;0
260;2
261;0
262;0
263;1
264;0
265;0
266;0
267;1
268;0
269;0
270;0
271;0
272;0
273;2
274;2
275;0
276;2
277;2
278;1
279;0
280;2
281;1
282;2
283;0
284;0
285;0
286;0
287;0
288;2
289;0
290;0
291;0
292;0
293;1
294;0
295;0
296;2
297;0
298;0
299;2
300;1
301;1
302;0
303;0
304;0
305;0
306;0
307;0
308;2
309;1
310;0
311;0
312;0
313;0
314;1
315;0
316;1
317;0
318;0
319;2
320;0
321;0
322;1
323;0
324;1
325;1
326;1
327;2
328;0
329;0
330;2
331;0
332;0
333;2
334;1
335;2
336;1
337;0
338;0
339;0
340;2
341;1
342;0
343;0
344;2
345;1
346;2
347;1
348;0
349;0
350;2
351;2
352;0
353;1
354;0
355;0
356;4
357;2
358;0
359;2
360;2
361;0
362;1
363;0
364;4
365;0
366;0
367;0
368;0
369;0
370;2
371;0
372;2
373;0
374;0
375;0
376;1
377;0
378;0
379;0
380;2
381;0
382;0
383;0
384;0
385;0
386;1
387;0
388;0
389;0
390;0
391;0
392;1
393;0
394;0
395;0
396;2
397;2
398;0
399;0
400;1
401;0
402;1
403;0
404;1
405;0
406;0
407;2
408;2
409;0
410;2
411;2
412;2
413;0
414;0
415;0
416;4
417;2
418;1
419;0
420;0
421;0
422;1
423;0
424;1
425;0
426;1
427;2
428;2
429;0
430;0
431;2
432;1
433;0
434;0
435;1
436;2
437;1
438;0
439;2
440;2
441;2
442;1
443;0
444;1
445;0
446;0
447;0
448;0
449;2
450;0
451;0
452;0
453;2
454;2
455;0
456;0
457;0
458;1
459;0
460;0
461;0
462;0
463;0
464;0
465;0
466;0
467;2
468;0
469;0
470;0
471;0
472;0
473;2
474;0
475;2
476;2
477;0
478;1
479;0
480;1
481;0
482;0
483;1
484;0
485;0
486;1
487;0
488;1
489;0
490;0
491;0
492;1
493;0
494;0
495;0
496;0
497;1
498;0
499;2
500;1
501;1
502;0
503;0
504;0
505;2
506;0
507;0
508;0
509;0
510;0
511;0
512;2
513;2
514;2
515;2
516;2
517;0
518;0
519;0
520;0
521;1
522;2
523;0
524;0
525;0
526;2
527;2
528;0
529;0
530;0
531;0
532;2
533;0
534;0
535;0
536;1
537;0
538;0
539;0
540;0
541;2
542;1
543;0
544;0
545;0
546;0
547;0
548;1
549;0
550;0
551;0
552;0
553;0
554;0
555;2
556;1
557;0
558;0
559;2
560;4
561;2
562;2
563;2
564;2
565;0
566;2
567;0
568;1
569;0
570;1
571;0
572;0
573;0
574;1
575;0
576;1
577;2
578;1
579;0
580;2
581;0
582;1
583;0
584;2
585;0
586;0
587;1
588;0
589;0
590;0
591;0
592;2
593;2
594;0
595;1
596;1
597;0
598;0
599;0
600;1
601;1
602;0
603;0
604;0
605;0
606;2
607;1
608;1
609;0
610;0
611;0
612;2
613;0
614;2
615;1
616;0
617;0
618;2
619;0
620;0
621;0
622;0
623;0
624;0
625;0
626;0
627;0
628;0
629;0
630;0
631;0
632;2
633;2
634;0
635;0
636;2
637;0
638;1
639;0
640;2
641;2
642;1
643;0
644;1
645;0
646;0
647;2
648;2
649;2
650;0
651;0
652;2
653;1
654;0
655;0
656;1
657;2
658;0
659;0
660;0
661;0
662;0
663;0
664;1
665;0
666;0
667;0
668;0
669;0
670;0
671;0
672;0
673;0
674;0
675;0
676;0
677;0
678;1
679;0
680;0
681;2
682;0
683;0
684;0
685;0
686;0
687;0
688;0
689;0
690;1
691;2
692;0
693;0
694;0
695;0
696;0
697;0
698;0
699;0
700;2
701;2
702;0
703;0
704;1
705;0
706;0
707;0
708;0
709;2
710;0
711;2
712;0
713;0
714;0
715;1
716;0
717;0
718;0
719;0
720;0
721;0
722;0
723;0
724;1
725;0
726;0
727;0
728;0
729;0
730;0
731;0
732;0
733;0
734;0
735;0
736;0
737;1
738;0
739;0
740;0
741;1
742;0
743;0
744;4
745;2
746;0
747;2
748;2
749;0
750;0
751;0
752;1
753;0
754;0
755;0
756;1
757;0
758;2
759;0
760;0
761;0
762;0
763;2
764;0
765;2
766;1
767;0
768;1
769;1
770;0
771;0
772;0
773;0
774;0
775;2
776;0
777;2
778;0
779;0
780;0
781;2
782;2
783;2
784;0
785;0
786;2
787;2
788;1
789;0
790;0
791;2
792;2
793;0
794;2
795;2
796;2
797;0
798;2
799;0
800;2
801;0
802;0
803;1
804;0
805;2
806;0
807;0
808;0
809;0
810;0
811;0
812;0
813;0
814;0
815;0
816;1
817;1
818;0
819;0
820;2
821;0
822;0
823;0
824;0
825;1
826;1
827;1
828;2
829;2
830;2
831;0
832;1
833;0
834;0
835;0
836;2
837;0
838;0
839;0
840;0
841;0
842;0
843;0
844;2
845;2
846;1
847;0
848;2
849;0
850;0
851;0
852;0
853;0
854;1
855;2
856;1
857;0
858;0
859;0
860;1
861;0
862;1
863;0
864;0
865;0
866;1
867;0
868;2
869;0
870;0
871;0
872;0
873;0
874;0
875;0
876;0
877;0
878;2
879;0
880;0
881;0
882;2
883;0
884;1
885;1
886;0
887;2
888;0
889;0
890;2
891;0
892;0
893;2
894;0
895;0
896;0
897;0
898;0
899;0
900;1
901;0
902;1
903;0
904;1
905;0
906;0
907;2
908;2
909;2
910;2
911;0
912;1
913;0
914;2
915;0
916;2
917;0
918;1
919;0
920;1
921;1
922;1
923;0
924;0
925;0
926;0
927;2
928;2
929;2
930;1
931;0
932;1
933;0
934;0
935;0
936;4
937;0
938;0
939;0
940;0
941;0
942;0
943;0
944;2
945;0
946;0
947;0
948;0
949;0
950;1
951;0
952;2
953;0
954;1
955;0
956;1
957;2
958;2
959;0
960;2
961;0
962;1
963;0
964;2
965;2
966;2
967;2
968;2
969;0
970;0
971;0
972;0
973;0
974;0
975;0
976;0
977;0
978;1
979;0
980;1
981;2
982;1
983;0
984;4
985;1
986;0
987;0
988;1
989;0
990;1
991;0
992;1
993;0
994;0
995;0
996;0
997;0
998;0
999;2
1000;1
1001;0
1002;0
1003;1
1004;0
1005;0
1006;0
1007;0
1008;0
1009;0
1010;0
1011;2
1012;0
1013;0
1014;0
1015;0
1016;0
1017;0
1018;0
1019;0
1020;0
1021;0
1022;0
1023;0
