0;0
1;0
2;0
3;2
4;2
5;0
6;2
7;1
8;0
9;0
10;2
11;0
12;2
13;1
14;0
15;0
16;0
17;1
18;0
19;0
20;0
21;0
22;0
23;2
24;0
25;0
26;0
27;1
28;1
29;0
30;0
31;2
32;1
33;0
34;0
35;2
36;2
37;2
38;2
39;2
40;2
41;0
42;2
43;2
44;2
45;0
46;0
47;0
48;0
49;0
50;0
51;0
52;0
53;0
54;0
55;0
56;1
57;0
58;0
59;0
60;1
61;1
62;0
63;0
64;0
65;0
66;0
67;0
68;0
69;2
70;2
71;2
72;1
73;0
74;2
75;0
76;4
77;0
78;2
79;2
80;2
81;0
82;2
83;0
84;2
85;0
86;0
87;2
88;0
89;2
90;0
91;0
92;0
93;2
94;2
95;2
96;2
97;2
98;0
99;1
100;0
101;0
102;0
103;0
104;0
105;1
106;2
107;1
108;1
109;0
110;2
111;2
112;1
113;0
114;0
115;2
116;2
117;0
118;0
119;1
120;2
121;0
122;2
123;2
124;2
125;0
126;1
127;0
128;2
129;0
130;0
131;0
132;1
133;0
134;0
135;2
136;1
137;0
138;0
139;0
140;4
141;0
142;2
143;2
144;2
145;0
146;2
147;0
148;2
149;0
150;0
151;0
152;0
153;0
154;0
155;0
156;2
157;0
158;0
159;0
160;1
161;0
162;2
163;2
164;1
165;0
166;0
167;2
168;2
169;0
170;0
171;1
172;0
173;0
174;2
175;0
176;2
177;0
178;0
179;2
180;0
181;0
182;2
183;1
184;0
185;0
186;0
187;2
188;4
189;0
190;2
191;2
192;1
193;0
194;2
195;0
196;2
197;0
198;0
199;0
200;0
201;2
202;1
203;0
204;0
205;0
206;0
207;0
208;0
209;0
210;0
211;2
212;4
213;0
214;2
215;2
216;2
217;0
218;2
219;0
220;2
221;0
222;2
223;1
224;0
225;0
226;0
227;0
228;2
229;2
230;2
231;0
232;1
233;0
234;0
235;2
236;0
237;0
238;0
239;1
240;1
241;0
242;2
243;2
244;0
245;0
246;0
247;0
248;1
249;0
250;1
251;2
252;1
253;0
254;0
255;2
256;2
257;0
258;0
259;1
260;0
261;0
262;2
263;0
264;2
265;0
266;0
267;0
268;0
269;1
270;2
271;0
272;0
273;0
274;2
275;2
276;1
277;0
278;0
279;2
280;2
281;0
282;2
283;2
284;2
285;0
286;0
287;0
288;2
289;0
290;0
291;0
292;0
293;0
294;0
295;1
296;0
297;0
298;0
299;0
300;2
301;0
302;0
303;0
304;0
305;0
306;2
307;0
308;1
309;0
310;0
311;0
312;0
313;0
314;0
315;0
316;0
317;0
318;1
319;0
320;1
321;0
322;0
323;2
324;2
325;0
326;2
327;2
328;2
329;0
330;2
331;2
332;1
333;0
334;0
335;0
336;2
337;2
338;0
339;0
340;0
341;0
342;1
343;0
344;2
345;2
346;0
347;0
348;0
349;0
350;1
351;0
352;0
353;0
354;0
355;2
356;1
357;0
358;0
359;2
360;1
361;0
362;0
363;2
364;2
365;0
366;2
367;2
368;2
369;0
370;2
371;0
372;1
373;2
374;0
375;0
376;0
377;0
378;0
379;0
380;0
381;2
382;1
383;0
384;0
385;0
386;0
387;2
388;0
389;0
390;0
391;0
392;0
393;0
394;0
395;2
396;2
397;1
398;0
399;0
400;1
401;0
402;1
403;0
404;1
405;0
406;2
407;2
408;4
409;0
410;0
411;2
412;0
413;0
414;2
415;0
416;1
417;0
418;0
419;0
420;0
421;0
422;0
423;0
424;1
425;0
426;0
427;1
428;0
429;0
430;0
431;2
432;2
433;0
434;2
435;2
436;2
437;0
438;2
439;0
440;2
441;0
442;0
443;0
444;0
445;0
446;0
447;0
448;0
449;2
450;0
451;1
452;0
453;0
454;1
455;0
456;1
457;0
458;0
459;2
460;2
461;2
462;2
463;2
464;2
465;0
466;2
467;0
468;2
469;2
470;2
471;0
472;1
473;0
474;0
475;0
476;0
477;1
478;0
479;0
480;0
481;0
482;0
483;0
484;2
485;2
486;1
487;0
488;0
489;0
490;0
491;0
492;2
493;0
494;0
495;0
496;4
497;0
498;2
499;2
500;2
501;0
502;2
503;0
504;2
505;0
506;0
507;1
508;0
509;0
510;0
511;0
512;2
513;0
514;0
515;0
516;0
517;0
518;2
519;0
520;0
521;0
522;2
523;0
524;0
525;0
526;2
527;2
528;1
529;0
530;0
531;2
532;2
533;0
534;2
535;1
536;2
537;0
538;2
539;0
540;0
541;0
542;2
543;0
544;1
545;0
546;1
547;0
548;0
549;0
550;0
551;2
552;0
553;0
554;2
555;0
556;1
557;0
558;0
559;0
560;0
561;0
562;0
563;0
564;0
565;0
566;0
567;2
568;1
569;0
570;0
571;2
572;2
573;0
574;2
575;2
576;2
577;0
578;2
579;0
580;0
581;2
582;2
583;0
584;0
585;2
586;2
587;0
588;0
589;0
590;1
591;0
592;0
593;0
594;0
595;2
596;2
597;0
598;2
599;0
600;0
601;0
602;0
603;0
604;1
605;0
606;0
607;0
608;1
609;0
610;2
611;2
612;2
613;0
614;2
615;0
616;1
617;0
618;1
619;0
620;1
621;0
622;0
623;0
624;1
625;2
626;2
627;2
628;0
629;0
630;2
631;2
632;1
633;0
634;0
635;2
636;2
637;0
638;2
639;2
640;2
641;0
642;2
643;0
644;1
645;0
646;2
647;1
648;0
649;1
650;0
651;0
652;0
653;0
654;1
655;0
656;0
657;0
658;2
659;1
660;0
661;0
662;0
663;1
664;0
665;0
666;0
667;2
668;2
669;0
670;2
671;0
672;2
673;1
674;0
675;0
676;0
677;0
678;1
679;0
680;0
681;0
682;0
683;2
684;1
685;0
686;0
687;0
688;0
689;0
690;0
691;2
692;1
693;0
694;0
695;2
696;2
697;0
698;2
699;0
700;0
701;0
702;4
703;0
704;0
705;0
706;0
707;0
708;0
709;0
710;2
711;2
712;2
713;0
714;0
715;1
716;0
717;0
718;0
719;0
720;0
721;0
722;0
723;2
724;0
725;0
726;0
727;2
728;1
729;0
730;2
731;1
732;0
733;0
734;2
735;0
736;1
737;1
738;0
739;0
740;0
741;0
742;2
743;2
744;1
745;2
746;0
747;1
748;4
749;0
750;2
751;1
752;0
753;0
754;2
755;0
756;2
757;0
758;1
759;0
760;1
761;0
762;0
763;0
764;1
765;0
766;0
767;0
768;0
769;1
770;0
771;0
772;0
773;0
774;0
775;2
776;2
777;0
778;1
779;0
780;0
781;0
782;2
783;2
784;1
785;0
786;1
787;0
788;1
789;1
790;0
791;2
792;4
793;2
794;2
795;1
796;0
797;0
798;2
799;0
800;1
801;0
802;0
803;0
804;0
805;0
806;1
807;0
808;1
809;2
810;0
811;0
812;0
813;0
814;0
815;0
816;2
817;0
818;0
819;0
820;0
821;0
822;1
823;0
824;1
825;0
826;2
827;2
828;1
829;0
830;0
831;2
832;1
833;0
834;2
835;2
836;2
837;0
838;2
839;0
840;2
841;2
842;2
843;0
844;1
845;0
846;2
847;2
848;2
849;0
850;0
851;1
852;4
853;2
854;2
855;2
856;2
857;0
858;0
859;0
860;1
861;0
862;1
863;0
864;0
865;1
866;0
867;0
868;0
869;0
870;0
871;0
872;0
873;1
874;2
875;4
876;0
877;2
878;1
879;2
880;1
881;0
882;2
883;2
884;0
885;0
886;0
887;2
888;2
889;0
890;2
891;1
892;0
893;0
894;2
895;0
896;2
897;2
898;2
899;0
900;0
901;2
902;2
903;2
904;1
905;0
906;0
907;2
908;1
909;0
910;2
911;2
912;2
913;0
914;2
915;0
916;1
917;1
918;0
919;0
920;2
921;0
922;0
923;0
924;0
925;0
926;0
927;0
928;2
929;1
930;0
931;0
932;0
933;0
934;0
935;0
936;0
937;0
938;0
939;0
940;1
941;1
942;0
943;1
944;2
945;0
946;1
947;0
948;2
949;0
950;2
951;0
952;1
953;0
954;0
955;0
956;0
957;1
958;0
959;0
960;0
961;0
962;0
963;0
964;0
965;0
966;1
967;0
968;0
969;0
970;2
971;0
972;0
973;0
974;1
975;0
976;0
977;0
978;0
979;2
980;2
981;0
982;2
983;1
984;0
985;0
986;2
987;0
988;1
989;0
990;1
991;0
992;0
993;0
994;0
995;0
996;0
997;1
998;0
999;2
1000;1
1001;0
1002;2
1003;2
1004;1
1005;0
1006;0
1007;2
1008;3
1009;0
1010;2
1011;0
1012;1
1013;0
1014;1
1015;0
1016;0
1017;0
1018;0
1019;0
1020;0
1021;0
1022;0
1023;0
