0;1
1;1
2;0
3;2
4;4
5;0
6;2
7;2
8;2
9;2
10;2
11;0
12;2
13;0
14;0
15;0
16;0
17;2
18;2
19;1
20;0
21;0
22;2
23;2
24;1
25;2
26;2
27;2
28;2
29;0
30;0
31;2
32;0
33;0
34;0
35;0
36;0
37;1
38;1
39;0
40;0
41;0
42;0
43;0
44;1
45;0
46;0
47;0
48;0
49;0
50;0
51;1
52;0
53;2
54;0
55;0
56;0
57;0
58;0
59;0
60;0
61;0
62;0
63;2
64;2
65;0
66;0
67;0
68;2
69;0
70;2
71;4
72;2
73;0
74;2
75;0
76;0
77;0
78;2
79;2
80;1
81;0
82;0
83;0
84;1
85;0
86;0
87;0
88;2
89;0
90;2
91;0
92;2
93;2
94;0
95;0
96;0
97;0
98;0
99;2
100;1
101;0
102;2
103;2
104;1
105;0
106;1
107;0
108;0
109;0
110;2
111;0
112;2
113;0
114;0
115;0
116;0
117;0
118;0
119;0
120;0
121;0
122;1
123;0
124;0
125;0
126;1
127;0
128;0
129;1
130;0
131;0
132;2
133;0
134;0
135;0
136;0
137;0
138;1
139;0
140;0
141;1
142;1
143;0
144;2
145;0
146;0
147;0
148;0
149;0
150;0
151;0
152;2
153;0
154;0
155;0
156;0
157;0
158;2
159;2
160;1
161;0
162;2
163;0
164;0
165;0
166;0
167;0
168;0
169;0
170;2
171;0
172;0
173;0
174;1
175;0
176;0
177;2
178;0
179;0
180;0
181;0
182;2
183;0
184;1
185;0
186;0
187;0
188;2
189;0
190;1
191;0
192;0
193;0
194;0
195;2
196;2
197;0
198;0
199;0
200;0
201;0
202;0
203;0
204;1
205;0
206;2
207;0
208;0
209;0
210;0
211;1
212;0
213;0
214;0
215;0
216;2
217;1
218;0
219;2
220;2
221;0
222;0
223;1
224;2
225;1
226;0
227;2
228;2
229;0
230;2
231;0
232;0
233;0
234;0
235;0
236;0
237;0
238;0
239;0
240;0
241;0
242;0
243;2
244;1
245;0
246;0
247;0
248;0
249;0
250;2
251;2
252;0
253;0
254;0
255;0
256;1
257;0
258;0
259;0
260;0
261;0
262;2
263;2
264;2
265;2
266;0
267;2
268;0
269;0
270;0
271;2
272;2
273;0
274;0
275;0
276;1
277;0
278;2
279;1
280;0
281;0
282;0
283;0
284;1
285;0
286;1
287;2
288;1
289;0
290;2
291;0
292;0
293;1
294;0
295;0
296;1
297;0
298;2
299;0
300;1
301;0
302;0
303;0
304;1
305;2
306;2
307;1
308;0
309;0
310;0
311;0
312;1
313;2
314;0
315;0
316;2
317;0
318;0
319;0
320;1
321;0
322;0
323;0
324;2
325;1
326;0
327;0
328;0
329;0
330;0
331;0
332;0
333;0
334;0
335;0
336;0
337;0
338;1
339;0
340;1
341;0
342;0
343;0
344;0
345;0
346;2
347;0
348;0
349;0
350;2
351;2
352;1
353;1
354;0
355;0
356;2
357;2
358;2
359;0
360;0
361;0
362;0
363;0
364;0
365;0
366;0
367;0
368;0
369;0
370;0
371;1
372;0
373;0
374;0
375;1
376;0
377;0
378;2
379;0
380;0
381;2
382;0
383;0
384;0
385;0
386;1
387;0
388;4
389;0
390;2
391;0
392;1
393;2
394;2
395;2
396;1
397;0
398;0
399;0
400;2
401;1
402;0
403;0
404;0
405;0
406;0
407;0
408;0
409;0
410;0
411;0
412;0
413;0
414;1
415;0
416;2
417;0
418;0
419;0
420;0
421;0
422;0
423;0
424;1
425;0
426;0
427;2
428;1
429;0
430;2
431;2
432;0
433;0
434;0
435;0
436;2
437;0
438;2
439;2
440;2
441;0
442;1
443;0
444;0
445;0
446;0
447;0
448;2
449;0
450;1
451;0
452;2
453;2
454;2
455;0
456;2
457;0
458;2
459;0
460;0
461;0
462;1
463;0
464;0
465;1
466;0
467;2
468;0
469;0
470;0
471;1
472;0
473;0
474;2
475;2
476;2
477;0
478;0
479;2
480;2
481;0
482;2
483;0
484;0
485;0
486;0
487;0
488;0
489;0
490;0
491;0
492;0
493;2
494;2
495;0
496;2
497;0
498;0
499;0
500;1
501;0
502;0
503;2
504;1
505;0
506;1
507;0
508;2
509;0
510;0
511;2
512;2
513;1
514;0
515;1
516;2
517;0
518;0
519;0
520;0
521;0
522;0
523;2
524;0
525;0
526;1
527;0
528;0
529;1
530;0
531;0
532;2
533;2
534;0
535;1
536;0
537;0
538;0
539;1
540;0
541;0
542;1
543;2
544;0
545;0
546;2
547;2
548;0
549;0
550;0
551;0
552;0
553;0
554;0
555;0
556;2
557;0
558;0
559;0
560;0
561;0
562;0
563;2
564;2
565;0
566;2
567;0
568;2
569;0
570;2
571;0
572;2
573;2
574;2
575;0
576;0
577;0
578;0
579;0
580;0
581;1
582;0
583;0
584;0
585;0
586;0
587;2
588;0
589;0
590;0
591;0
592;1
593;0
594;0
595;0
596;0
597;1
598;0
599;0
600;0
601;2
602;0
603;0
604;0
605;0
606;0
607;0
608;2
609;0
610;0
611;2
612;0
613;0
614;0
615;0
616;1
617;0
618;0
619;0
620;0
621;2
622;2
623;0
624;1
625;0
626;0
627;2
628;0
629;0
630;2
631;0
632;2
633;0
634;1
635;1
636;0
637;1
638;0
639;0
640;1
641;0
642;2
643;2
644;1
645;0
646;0
647;0
648;4
649;0
650;2
651;2
652;0
653;0
654;0
655;0
656;2
657;0
658;0
659;0
660;2
661;0
662;2
663;0
664;0
665;0
666;0
667;1
668;2
669;2
670;1
671;0
672;2
673;0
674;0
675;0
676;2
677;0
678;0
679;0
680;0
681;2
682;0
683;0
684;0
685;2
686;0
687;2
688;2
689;0
690;0
691;0
692;0
693;0
694;0
695;0
696;2
697;0
698;0
699;0
700;2
701;0
702;0
703;2
704;0
705;0
706;1
707;0
708;2
709;2
710;0
711;0
712;0
713;0
714;0
715;2
716;1
717;0
718;0
719;0
720;0
721;1
722;0
723;0
724;0
725;0
726;0
727;0
728;0
729;0
730;0
731;2
732;1
733;2
734;2
735;1
736;2
737;0
738;2
739;0
740;2
741;0
742;1
743;0
744;2
745;0
746;0
747;0
748;0
749;0
750;2
751;1
752;0
753;1
754;0
755;0
756;0
757;0
758;0
759;0
760;0
761;0
762;0
763;0
764;2
765;0
766;1
767;0
768;0
769;0
770;0
771;1
772;0
773;0
774;0
775;2
776;2
777;2
778;0
779;0
780;0
781;0
782;0
783;0
784;2
785;1
786;1
787;0
788;0
789;1
790;0
791;2
792;2
793;2
794;0
795;0
796;0
797;0
798;0
799;0
800;1
801;0
802;0
803;0
804;0
805;0
806;0
807;0
808;2
809;2
810;0
811;0
812;1
813;0
814;0
815;1
816;0
817;1
818;0
819;1
820;0
821;0
822;2
823;1
824;1
825;0
826;0
827;0
828;1
829;0
830;2
831;2
832;2
833;0
834;0
835;0
836;2
837;0
838;0
839;0
840;0
841;1
842;1
843;0
844;4
845;2
846;2
847;1
848;2
849;2
850;2
851;2
852;1
853;0
854;2
855;0
856;2
857;0
858;0
859;0
860;0
861;0
862;2
863;0
864;0
865;1
866;0
867;0
868;0
869;2
870;1
871;0
872;1
873;0
874;0
875;0
876;0
877;0
878;0
879;0
880;0
881;0
882;0
883;0
884;2
885;0
886;0
887;0
888;0
889;0
890;2
891;2
892;1
893;0
894;0
895;2
896;4
897;0
898;2
899;1
900;0
901;0
902;2
903;0
904;2
905;1
906;0
907;2
908;1
909;0
910;0
911;0
912;0
913;0
914;1
915;0
916;0
917;1
918;0
919;0
920;2
921;0
922;1
923;2
924;2
925;0
926;2
927;2
928;2
929;2
930;0
931;0
932;2
933;0
934;0
935;1
936;0
937;0
938;0
939;0
940;0
941;0
942;1
943;1
944;0
945;2
946;1
947;0
948;0
949;0
950;0
951;0
952;1
953;0
954;2
955;0
956;1
957;0
958;0
959;0
960;0
961;1
962;0
963;2
964;2
965;1
966;2
967;0
968;0
969;1
970;1
971;0
972;2
973;2
974;2
975;2
976;1
977;1
978;0
979;0
980;1
981;0
982;0
983;0
984;1
985;0
986;2
987;0
988;0
989;0
990;0
991;0
992;0
993;0
994;0
995;0
996;0
997;0
998;0
999;2
1000;0
1001;1
1002;0
1003;1
1004;0
1005;0
1006;1
1007;0
1008;0
1009;0
1010;0
1011;2
1012;1
1013;0
1014;0
1015;1
1016;0
1017;0
1018;0
1019;0
1020;0
1021;0
1022;0
1023;0
