0;2
1;0
2;0
3;2
4;2
5;0
6;2
7;1
8;0
9;1
10;2
11;2
12;1
13;0
14;1
15;0
16;0
17;2
18;1
19;0
20;2
21;2
22;0
23;1
24;0
25;0
26;0
27;1
28;0
29;0
30;0
31;0
32;0
33;2
34;2
35;0
36;2
37;1
38;0
39;0
40;1
41;0
42;2
43;0
44;2
45;0
46;1
47;1
48;0
49;2
50;0
51;0
52;0
53;0
54;0
55;0
56;0
57;0
58;0
59;0
60;1
61;1
62;0
63;2
64;0
65;0
66;0
67;0
68;1
69;0
70;0
71;0
72;0
73;0
74;0
75;0
76;2
77;0
78;0
79;0
80;2
81;0
82;0
83;2
84;0
85;0
86;0
87;0
88;0
89;0
90;0
91;2
92;1
93;0
94;2
95;0
96;1
97;0
98;0
99;0
100;0
101;0
102;0
103;2
104;2
105;0
106;2
107;1
108;0
109;0
110;0
111;0
112;0
113;2
114;2
115;2
116;2
117;2
118;0
119;0
120;0
121;0
122;0
123;2
124;0
125;0
126;2
127;0
128;0
129;2
130;1
131;0
132;2
133;0
134;0
135;0
136;0
137;0
138;0
139;0
140;2
141;0
142;2
143;0
144;1
145;0
146;0
147;0
148;0
149;2
150;2
151;0
152;2
153;0
154;1
155;0
156;0
157;0
158;1
159;2
160;2
161;0
162;0
163;0
164;1
165;1
166;0
167;0
168;2
169;0
170;0
171;0
172;0
173;0
174;0
175;2
176;2
177;2
178;2
179;0
180;2
181;0
182;1
183;2
184;2
185;0
186;0
187;0
188;0
189;0
190;0
191;0
192;0
193;2
194;1
195;0
196;2
197;0
198;0
199;0
200;0
201;0
202;2
203;1
204;0
205;0
206;0
207;0
208;0
209;0
210;0
211;0
212;1
213;0
214;0
215;0
216;0
217;0
218;0
219;0
220;0
221;2
222;0
223;0
224;2
225;0
226;1
227;0
228;1
229;2
230;0
231;0
232;1
233;2
234;1
235;0
236;0
237;0
238;0
239;0
240;0
241;0
242;1
243;0
244;0
245;0
246;2
247;0
248;0
249;2
250;2
251;0
252;0
253;2
254;0
255;2
256;0
257;0
258;1
259;2
260;1
261;0
262;0
263;2
264;0
265;0
266;2
267;2
268;2
269;0
270;2
271;0
272;0
273;1
274;0
275;1
276;0
277;0
278;0
279;0
280;2
281;0
282;0
283;0
284;0
285;0
286;0
287;0
288;2
289;0
290;0
291;1
292;0
293;1
294;0
295;0
296;0
297;0
298;0
299;1
300;0
301;0
302;0
303;0
304;2
305;0
306;1
307;0
308;0
309;0
310;0
311;0
312;0
313;0
314;1
315;2
316;1
317;1
318;0
319;0
320;4
321;0
322;0
323;2
324;2
325;2
326;2
327;2
328;1
329;0
330;0
331;0
332;2
333;1
334;0
335;0
336;2
337;0
338;0
339;0
340;0
341;0
342;0
343;2
344;0
345;1
346;0
347;2
348;1
349;0
350;2
351;2
352;2
353;0
354;0
355;0
356;2
357;2
358;0
359;0
360;0
361;0
362;1
363;2
364;2
365;0
366;2
367;2
368;0
369;0
370;0
371;0
372;0
373;0
374;1
375;0
376;0
377;0
378;1
379;0
380;0
381;0
382;0
383;0
384;0
385;0
386;2
387;0
388;0
389;2
390;0
391;0
392;2
393;0
394;0
395;0
396;0
397;0
398;1
399;2
400;2
401;0
402;2
403;2
404;2
405;1
406;0
407;0
408;1
409;1
410;0
411;0
412;2
413;0
414;0
415;0
416;2
417;0
418;0
419;2
420;1
421;0
422;0
423;0
424;0
425;2
426;0
427;1
428;0
429;0
430;1
431;0
432;0
433;0
434;0
435;0
436;0
437;0
438;0
439;0
440;1
441;1
442;0
443;0
444;0
445;0
446;2
447;0
448;0
449;0
450;2
451;2
452;2
453;0
454;0
455;2
456;1
457;0
458;0
459;0
460;0
461;0
462;0
463;1
464;0
465;0
466;0
467;0
468;2
469;0
470;0
471;0
472;2
473;0
474;0
475;2
476;1
477;0
478;0
479;0
480;0
481;0
482;0
483;0
484;0
485;0
486;0
487;0
488;2
489;2
490;2
491;2
492;2
493;2
494;0
495;0
496;0
497;2
498;2
499;0
500;0
501;2
502;2
503;1
504;0
505;0
506;1
507;1
508;0
509;0
510;0
511;2
512;0
513;0
514;0
515;0
516;0
517;0
518;1
519;0
520;0
521;0
522;0
523;0
524;1
525;0
526;2
527;0
528;0
529;2
530;1
531;0
532;2
533;2
534;0
535;2
536;0
537;0
538;0
539;1
540;2
541;2
542;0
543;0
544;0
545;0
546;1
547;0
548;2
549;0
550;2
551;1
552;0
553;0
554;0
555;0
556;2
557;2
558;0
559;0
560;2
561;0
562;1
563;0
564;0
565;0
566;0
567;1
568;0
569;0
570;0
571;2
572;1
573;0
574;0
575;0
576;1
577;0
578;0
579;0
580;2
581;0
582;0
583;0
584;2
585;0
586;0
587;1
588;2
589;0
590;1
591;2
592;1
593;0
594;2
595;2
596;1
597;0
598;0
599;2
600;2
601;0
602;2
603;2
604;0
605;0
606;0
607;0
608;1
609;0
610;0
611;0
612;2
613;2
614;0
615;2
616;2
617;1
618;0
619;0
620;1
621;0
622;1
623;0
624;0
625;0
626;2
627;0
628;2
629;2
630;0
631;2
632;2
633;0
634;0
635;0
636;0
637;0
638;0
639;2
640;1
641;0
642;0
643;0
644;0
645;0
646;2
647;0
648;2
649;0
650;2
651;2
652;0
653;0
654;0
655;0
656;0
657;0
658;0
659;2
660;1
661;0
662;0
663;2
664;2
665;0
666;0
667;0
668;0
669;0
670;0
671;1
672;0
673;2
674;0
675;0
676;0
677;0
678;0
679;0
680;0
681;0
682;0
683;0
684;1
685;0
686;0
687;0
688;0
689;1
690;0
691;0
692;0
693;0
694;0
695;0
696;0
697;2
698;0
699;0
700;0
701;0
702;1
703;0
704;0
705;0
706;1
707;0
708;2
709;0
710;1
711;2
712;1
713;0
714;0
715;0
716;1
717;0
718;2
719;0
720;0
721;0
722;2
723;2
724;0
725;2
726;0
727;0
728;1
729;0
730;0
731;0
732;0
733;2
734;0
735;2
736;0
737;1
738;0
739;0
740;0
741;0
742;4
743;2
744;0
745;0
746;0
747;0
748;0
749;0
750;2
751;0
752;0
753;0
754;1
755;0
756;0
757;0
758;0
759;1
760;0
761;0
762;0
763;0
764;0
765;0
766;0
767;0
768;0
769;0
770;1
771;0
772;0
773;1
774;0
775;0
776;0
777;1
778;0
779;0
780;2
781;0
782;0
783;0
784;2
785;0
786;0
787;0
788;0
789;0
790;0
791;0
792;2
793;2
794;1
795;0
796;2
797;0
798;0
799;0
800;2
801;2
802;1
803;0
804;1
805;0
806;1
807;2
808;2
809;0
810;1
811;4
812;1
813;0
814;0
815;1
816;0
817;0
818;2
819;1
820;0
821;0
822;0
823;2
824;4
825;0
826;2
827;0
828;2
829;0
830;2
831;0
832;2
833;1
834;1
835;2
836;2
837;0
838;0
839;0
840;0
841;1
842;0
843;0
844;0
845;0
846;0
847;0
848;0
849;1
850;0
851;1
852;0
853;0
854;2
855;0
856;0
857;1
858;1
859;0
860;0
861;0
862;0
863;1
864;0
865;0
866;0
867;2
868;0
869;0
870;2
871;1
872;0
873;1
874;1
875;1
876;0
877;2
878;0
879;2
880;0
881;0
882;0
883;0
884;0
885;0
886;0
887;0
888;0
889;2
890;1
891;0
892;2
893;0
894;1
895;1
896;0
897;0
898;0
899;1
900;0
901;0
902;1
903;0
904;0
905;0
906;2
907;0
908;2
909;1
910;0
911;0
912;0
913;1
914;1
915;2
916;0
917;2
918;2
919;2
920;2
921;2
922;0
923;2
924;0
925;0
926;0
927;0
928;0
929;0
930;1
931;2
932;2
933;1
934;0
935;0
936;0
937;0
938;2
939;0
940;0
941;0
942;1
943;2
944;2
945;0
946;0
947;0
948;0
949;0
950;2
951;0
952;1
953;0
954;0
955;2
956;0
957;0
958;0
959;0
960;0
961;0
962;0
963;0
964;0
965;0
966;0
967;0
968;1
969;0
970;0
971;0
972;0
973;0
974;2
975;1
976;0
977;2
978;0
979;0
980;2
981;0
982;0
983;0
984;0
985;0
986;0
987;0
988;1
989;0
990;0
991;2
992;2
993;1
994;0
995;0
996;0
997;0
998;0
999;0
1000;2
1001;1
1002;0
1003;2
1004;2
1005;0
1006;2
1007;0
1008;0
1009;0
1010;0
1011;0
1012;0
1013;0
1014;0
1015;0
1016;0
1017;0
1018;0
1019;0
1020;0
1021;0
1022;0
1023;0
