0;1
1;0
2;0
3;2
4;4
5;0
6;2
7;1
8;0
9;0
10;2
11;0
12;2
13;1
14;0
15;0
16;0
17;1
18;0
19;0
20;2
21;0
22;0
23;2
24;0
25;0
26;0
27;1
28;1
29;1
30;0
31;0
32;1
33;0
34;2
35;0
36;0
37;0
38;0
39;0
40;1
41;0
42;0
43;1
44;0
45;1
46;0
47;0
48;0
49;0
50;2
51;1
52;0
53;0
54;0
55;2
56;2
57;0
58;2
59;2
60;2
61;0
62;0
63;0
64;0
65;0
66;0
67;1
68;0
69;0
70;0
71;2
72;2
73;0
74;1
75;0
76;0
77;2
78;2
79;0
80;2
81;0
82;0
83;2
84;1
85;0
86;0
87;0
88;2
89;1
90;0
91;1
92;2
93;0
94;1
95;0
96;0
97;1
98;2
99;0
100;0
101;0
102;0
103;0
104;0
105;0
106;0
107;0
108;0
109;0
110;0
111;0
112;1
113;0
114;0
115;2
116;1
117;0
118;0
119;0
120;4
121;2
122;2
123;2
124;2
125;0
126;2
127;0
128;1
129;0
130;1
131;2
132;0
133;0
134;0
135;0
136;0
137;2
138;2
139;1
140;0
141;0
142;0
143;1
144;0
145;0
146;0
147;2
148;4
149;0
150;2
151;2
152;2
153;0
154;0
155;1
156;2
157;0
158;2
159;2
160;0
161;0
162;2
163;2
164;1
165;0
166;0
167;2
168;2
169;0
170;0
171;2
172;2
173;2
174;0
175;0
176;2
177;2
178;2
179;0
180;1
181;0
182;2
183;0
184;2
185;0
186;0
187;0
188;0
189;0
190;0
191;0
192;0
193;0
194;0
195;2
196;0
197;0
198;0
199;0
200;0
201;0
202;0
203;0
204;2
205;0
206;2
207;0
208;0
209;0
210;0
211;2
212;1
213;0
214;0
215;0
216;0
217;2
218;1
219;0
220;0
221;0
222;0
223;0
224;0
225;0
226;0
227;0
228;0
229;0
230;2
231;1
232;1
233;0
234;0
235;2
236;2
237;0
238;2
239;2
240;2
241;0
242;0
243;0
244;1
245;2
246;1
247;0
248;1
249;0
250;1
251;0
252;2
253;0
254;1
255;0
256;0
257;0
258;1
259;0
260;2
261;0
262;2
263;2
264;2
265;0
266;2
267;1
268;0
269;0
270;0
271;0
272;2
273;0
274;1
275;0
276;0
277;0
278;2
279;1
280;0
281;0
282;0
283;2
284;2
285;2
286;2
287;2
288;2
289;0
290;2
291;0
292;2
293;0
294;0
295;2
296;0
297;0
298;0
299;0
300;0
301;0
302;0
303;0
304;1
305;0
306;0
307;0
308;1
309;0
310;0
311;0
312;0
313;0
314;0
315;0
316;0
317;0
318;1
319;2
320;2
321;0
322;0
323;1
324;0
325;2
326;1
327;0
328;2
329;0
330;0
331;0
332;0
333;0
334;0
335;2
336;1
337;0
338;2
339;0
340;2
341;2
342;0
343;2
344;1
345;0
346;2
347;2
348;1
349;0
350;0
351;1
352;4
353;0
354;2
355;2
356;2
357;0
358;2
359;0
360;2
361;1
362;1
363;1
364;0
365;0
366;0
367;0
368;2
369;2
370;1
371;0
372;2
373;2
374;2
375;2
376;2
377;2
378;1
379;0
380;0
381;0
382;1
383;0
384;1
385;0
386;0
387;2
388;2
389;0
390;2
391;2
392;2
393;0
394;2
395;0
396;1
397;2
398;1
399;0
400;1
401;0
402;0
403;2
404;2
405;0
406;1
407;0
408;0
409;0
410;0
411;0
412;0
413;2
414;1
415;0
416;2
417;0
418;0
419;0
420;0
421;0
422;0
423;0
424;0
425;0
426;2
427;1
428;0
429;0
430;0
431;0
432;2
433;1
434;0
435;0
436;2
437;0
438;0
439;0
440;1
441;0
442;0
443;2
444;1
445;2
446;1
447;0
448;1
449;0
450;2
451;2
452;1
453;0
454;0
455;2
456;2
457;0
458;0
459;2
460;2
461;0
462;2
463;0
464;0
465;0
466;1
467;0
468;0
469;0
470;0
471;0
472;4
473;0
474;2
475;2
476;2
477;0
478;2
479;0
480;2
481;2
482;0
483;2
484;0
485;0
486;2
487;1
488;0
489;0
490;1
491;0
492;1
493;0
494;0
495;2
496;0
497;0
498;0
499;1
500;1
501;0
502;1
503;2
504;0
505;0
506;0
507;0
508;2
509;2
510;2
511;2
512;2
513;0
514;0
515;0
516;0
517;0
518;2
519;0
520;2
521;0
522;2
523;1
524;0
525;0
526;2
527;0
528;0
529;1
530;0
531;0
532;0
533;0
534;1
535;0
536;0
537;0
538;0
539;0
540;0
541;0
542;0
543;0
544;0
545;0
546;0
547;0
548;0
549;0
550;2
551;2
552;1
553;0
554;0
555;2
556;1
557;0
558;2
559;0
560;0
561;0
562;0
563;0
564;0
565;0
566;0
567;0
568;2
569;0
570;0
571;0
572;0
573;0
574;2
575;2
576;1
577;0
578;0
579;2
580;4
581;0
582;2
583;2
584;2
585;0
586;2
587;0
588;2
589;2
590;1
591;0
592;0
593;0
594;0
595;1
596;2
597;0
598;0
599;1
600;0
601;2
602;2
603;2
604;1
605;0
606;0
607;0
608;1
609;0
610;0
611;0
612;0
613;0
614;2
615;2
616;1
617;0
618;0
619;2
620;2
621;0
622;0
623;1
624;0
625;0
626;0
627;0
628;2
629;2
630;1
631;0
632;1
633;0
634;0
635;0
636;2
637;2
638;1
639;0
640;0
641;0
642;2
643;0
644;1
645;0
646;0
647;2
648;4
649;0
650;2
651;2
652;2
653;0
654;2
655;0
656;2
657;0
658;2
659;2
660;2
661;1
662;0
663;0
664;2
665;0
666;0
667;0
668;2
669;0
670;1
671;0
672;0
673;0
674;1
675;0
676;0
677;0
678;0
679;2
680;2
681;0
682;0
683;0
684;0
685;1
686;0
687;0
688;2
689;1
690;2
691;1
692;2
693;1
694;1
695;0
696;1
697;0
698;1
699;0
700;1
701;0
702;0
703;2
704;2
705;0
706;2
707;2
708;0
709;2
710;2
711;0
712;1
713;0
714;0
715;0
716;0
717;0
718;0
719;0
720;0
721;0
722;2
723;0
724;0
725;2
726;2
727;2
728;2
729;0
730;1
731;0
732;2
733;0
734;0
735;0
736;0
737;2
738;2
739;0
740;0
741;2
742;0
743;0
744;0
745;1
746;0
747;0
748;0
749;0
750;1
751;0
752;0
753;0
754;2
755;0
756;0
757;0
758;0
759;0
760;0
761;0
762;0
763;0
764;0
765;0
766;0
767;2
768;1
769;2
770;0
771;0
772;1
773;1
774;0
775;0
776;1
777;0
778;2
779;2
780;0
781;0
782;0
783;0
784;2
785;0
786;2
787;2
788;2
789;0
790;2
791;0
792;2
793;0
794;0
795;0
796;0
797;0
798;2
799;1
800;0
801;0
802;1
803;0
804;0
805;0
806;0
807;2
808;4
809;0
810;2
811;2
812;2
813;0
814;2
815;0
816;1
817;0
818;0
819;0
820;0
821;1
822;0
823;0
824;0
825;0
826;1
827;0
828;1
829;1
830;0
831;0
832;2
833;2
834;2
835;0
836;2
837;0
838;0
839;0
840;2
841;0
842;0
843;0
844;2
845;2
846;2
847;1
848;1
849;0
850;0
851;0
852;0
853;0
854;0
855;0
856;0
857;0
858;2
859;1
860;0
861;0
862;0
863;2
864;4
865;0
866;2
867;2
868;2
869;0
870;2
871;0
872;2
873;0
874;0
875;2
876;1
877;1
878;2
879;0
880;0
881;2
882;0
883;0
884;2
885;0
886;1
887;0
888;2
889;0
890;0
891;0
892;0
893;0
894;2
895;0
896;1
897;0
898;0
899;2
900;1
901;0
902;2
903;2
904;2
905;0
906;2
907;0
908;2
909;0
910;0
911;2
912;2
913;0
914;2
915;2
916;0
917;0
918;1
919;0
920;0
921;0
922;0
923;0
924;1
925;0
926;0
927;0
928;0
929;2
930;2
931;0
932;2
933;1
934;0
935;0
936;2
937;2
938;0
939;2
940;2
941;1
942;2
943;0
944;1
945;0
946;0
947;2
948;0
949;0
950;0
951;0
952;0
953;0
954;1
955;0
956;0
957;0
958;1
959;0
960;0
961;0
962;2
963;2
964;1
965;0
966;0
967;2
968;2
969;0
970;2
971;0
972;2
973;0
974;0
975;0
976;0
977;0
978;2
979;1
980;0
981;0
982;0
983;2
984;2
985;2
986;2
987;2
988;2
989;0
990;1
991;0
992;0
993;0
994;0
995;0
996;0
997;1
998;2
999;0
1000;2
1001;0
1002;0
1003;0
1004;0
1005;0
1006;1
1007;0
1008;0
1009;2
1010;0
1011;1
1012;0
1013;0
1014;0
1015;1
1016;0
1017;0
1018;0
1019;0
1020;0
1021;0
1022;0
1023;0
