0;1
1;1
2;0
3;2
4;0
5;0
6;2
7;1
8;0
9;0
10;0
11;1
12;2
13;0
14;1
15;0
16;0
17;0
18;2
19;2
20;2
21;2
22;0
23;2
24;0
25;0
26;0
27;0
28;2
29;2
30;0
31;0
32;2
33;2
34;0
35;0
36;1
37;0
38;1
39;0
40;2
41;0
42;1
43;0
44;0
45;0
46;0
47;0
48;0
49;2
50;0
51;0
52;2
53;0
54;0
55;0
56;0
57;0
58;0
59;0
60;1
61;1
62;0
63;0
64;0
65;2
66;0
67;0
68;0
69;0
70;0
71;0
72;1
73;2
74;0
75;0
76;2
77;2
78;2
79;2
80;2
81;0
82;0
83;1
84;0
85;0
86;1
87;2
88;1
89;0
90;0
91;0
92;2
93;0
94;1
95;0
96;0
97;0
98;0
99;0
100;0
101;0
102;1
103;0
104;2
105;0
106;0
107;1
108;0
109;0
110;0
111;0
112;0
113;2
114;1
115;2
116;2
117;2
118;0
119;0
120;2
121;2
122;1
123;0
124;0
125;0
126;2
127;0
128;0
129;1
130;0
131;1
132;0
133;0
134;0
135;0
136;0
137;0
138;0
139;0
140;0
141;0
142;2
143;0
144;2
145;2
146;0
147;0
148;0
149;2
150;1
151;0
152;2
153;0
154;1
155;0
156;2
157;0
158;1
159;0
160;0
161;0
162;0
163;0
164;0
165;0
166;0
167;0
168;0
169;0
170;0
171;0
172;2
173;1
174;1
175;0
176;0
177;2
178;2
179;0
180;2
181;0
182;2
183;1
184;0
185;0
186;0
187;2
188;0
189;1
190;1
191;0
192;2
193;2
194;1
195;0
196;2
197;0
198;0
199;0
200;1
201;0
202;0
203;1
204;0
205;1
206;0
207;0
208;0
209;0
210;2
211;0
212;1
213;0
214;0
215;1
216;2
217;0
218;2
219;2
220;2
221;0
222;2
223;0
224;0
225;1
226;1
227;0
228;0
229;0
230;0
231;0
232;0
233;2
234;0
235;0
236;0
237;2
238;2
239;0
240;0
241;1
242;1
243;0
244;0
245;2
246;0
247;2
248;1
249;1
250;2
251;0
252;0
253;0
254;2
255;0
256;0
257;0
258;1
259;0
260;0
261;0
262;0
263;0
264;0
265;2
266;2
267;2
268;0
269;2
270;1
271;0
272;2
273;0
274;1
275;0
276;0
277;0
278;0
279;0
280;0
281;0
282;2
283;0
284;0
285;0
286;0
287;0
288;2
289;0
290;0
291;1
292;0
293;0
294;2
295;0
296;2
297;0
298;0
299;0
300;0
301;0
302;0
303;0
304;2
305;0
306;0
307;0
308;0
309;1
310;0
311;2
312;0
313;0
314;1
315;0
316;0
317;0
318;0
319;0
320;2
321;1
322;0
323;2
324;1
325;0
326;0
327;0
328;0
329;0
330;2
331;0
332;0
333;0
334;2
335;0
336;0
337;0
338;2
339;0
340;2
341;2
342;1
343;2
344;1
345;0
346;0
347;0
348;1
349;0
350;0
351;0
352;1
353;0
354;0
355;0
356;0
357;0
358;0
359;0
360;2
361;0
362;0
363;0
364;2
365;0
366;2
367;1
368;0
369;0
370;1
371;0
372;0
373;0
374;0
375;2
376;0
377;0
378;1
379;0
380;0
381;0
382;2
383;2
384;0
385;0
386;0
387;0
388;2
389;0
390;0
391;0
392;0
393;0
394;0
395;0
396;0
397;0
398;2
399;0
400;2
401;2
402;1
403;2
404;2
405;0
406;0
407;0
408;2
409;0
410;0
411;0
412;0
413;0
414;1
415;0
416;0
417;0
418;1
419;0
420;0
421;1
422;1
423;2
424;1
425;0
426;0
427;0
428;2
429;2
430;0
431;2
432;2
433;1
434;0
435;0
436;0
437;2
438;0
439;0
440;1
441;0
442;0
443;1
444;0
445;0
446;0
447;0
448;0
449;0
450;0
451;0
452;0
453;0
454;1
455;0
456;0
457;1
458;1
459;2
460;0
461;2
462;0
463;0
464;0
465;0
466;2
467;2
468;0
469;0
470;2
471;0
472;0
473;2
474;0
475;1
476;0
477;0
478;1
479;0
480;0
481;0
482;0
483;2
484;2
485;0
486;0
487;1
488;0
489;1
490;0
491;0
492;1
493;0
494;0
495;0
496;0
497;0
498;0
499;0
500;1
501;0
502;0
503;1
504;0
505;2
506;2
507;2
508;2
509;2
510;0
511;0
512;0
513;2
514;2
515;0
516;0
517;0
518;2
519;2
520;0
521;1
522;1
523;0
524;2
525;0
526;0
527;0
528;0
529;0
530;0
531;0
532;0
533;0
534;0
535;1
536;0
537;0
538;0
539;0
540;1
541;0
542;2
543;0
544;0
545;2
546;2
547;0
548;2
549;0
550;2
551;0
552;0
553;0
554;0
555;0
556;0
557;2
558;0
559;0
560;2
561;0
562;1
563;0
564;0
565;0
566;0
567;1
568;0
569;0
570;0
571;0
572;1
573;0
574;2
575;1
576;0
577;0
578;0
579;2
580;1
581;0
582;0
583;2
584;0
585;0
586;0
587;0
588;2
589;0
590;0
591;1
592;1
593;0
594;0
595;2
596;0
597;0
598;1
599;0
600;1
601;0
602;2
603;0
604;0
605;0
606;0
607;0
608;2
609;0
610;0
611;0
612;2
613;2
614;0
615;0
616;2
617;0
618;0
619;0
620;2
621;0
622;2
623;1
624;0
625;1
626;1
627;0
628;0
629;0
630;1
631;0
632;0
633;2
634;2
635;0
636;0
637;1
638;2
639;2
640;1
641;1
642;0
643;0
644;0
645;0
646;0
647;0
648;0
649;0
650;0
651;0
652;0
653;0
654;0
655;0
656;0
657;0
658;0
659;1
660;0
661;0
662;1
663;0
664;0
665;0
666;0
667;0
668;0
669;2
670;1
671;0
672;2
673;1
674;0
675;0
676;0
677;0
678;0
679;0
680;1
681;0
682;0
683;2
684;1
685;0
686;0
687;0
688;1
689;0
690;2
691;1
692;0
693;0
694;0
695;0
696;4
697;0
698;0
699;2
700;2
701;0
702;2
703;0
704;2
705;0
706;0
707;2
708;0
709;0
710;0
711;0
712;0
713;0
714;0
715;0
716;2
717;0
718;0
719;0
720;1
721;0
722;0
723;0
724;0
725;0
726;0
727;1
728;0
729;0
730;2
731;2
732;2
733;2
734;2
735;0
736;0
737;0
738;0
739;0
740;0
741;1
742;0
743;2
744;2
745;0
746;0
747;0
748;2
749;0
750;0
751;1
752;0
753;0
754;2
755;0
756;1
757;0
758;0
759;1
760;0
761;1
762;1
763;0
764;0
765;0
766;0
767;0
768;2
769;0
770;0
771;2
772;4
773;0
774;2
775;1
776;0
777;0
778;0
779;0
780;1
781;0
782;2
783;0
784;0
785;0
786;2
787;1
788;0
789;2
790;0
791;0
792;1
793;1
794;0
795;0
796;2
797;0
798;0
799;2
800;0
801;0
802;0
803;0
804;0
805;0
806;0
807;2
808;0
809;0
810;0
811;0
812;0
813;0
814;0
815;0
816;0
817;0
818;0
819;0
820;0
821;0
822;0
823;1
824;0
825;0
826;0
827;0
828;0
829;0
830;0
831;0
832;0
833;0
834;1
835;0
836;0
837;2
838;0
839;0
840;0
841;0
842;0
843;0
844;1
845;1
846;2
847;0
848;2
849;1
850;0
851;0
852;0
853;0
854;0
855;0
856;2
857;2
858;0
859;2
860;2
861;0
862;2
863;1
864;0
865;2
866;2
867;2
868;1
869;0
870;0
871;0
872;0
873;0
874;0
875;0
876;0
877;0
878;0
879;0
880;0
881;0
882;1
883;0
884;0
885;0
886;0
887;0
888;2
889;2
890;0
891;0
892;1
893;0
894;0
895;2
896;1
897;0
898;0
899;0
900;0
901;0
902;2
903;0
904;0
905;1
906;2
907;0
908;0
909;0
910;1
911;0
912;1
913;0
914;0
915;1
916;0
917;0
918;2
919;2
920;2
921;0
922;2
923;0
924;2
925;1
926;0
927;1
928;0
929;0
930;0
931;2
932;0
933;0
934;0
935;2
936;1
937;0
938;0
939;2
940;4
941;0
942;2
943;1
944;0
945;0
946;0
947;0
948;2
949;2
950;0
951;2
952;0
953;0
954;2
955;1
956;0
957;0
958;0
959;0
960;0
961;2
962;0
963;0
964;0
965;0
966;0
967;0
968;0
969;0
970;0
971;1
972;0
973;0
974;0
975;0
976;2
977;0
978;0
979;0
980;0
981;0
982;1
983;0
984;0
985;0
986;1
987;0
988;0
989;1
990;0
991;0
992;2
993;0
994;0
995;0
996;0
997;0
998;0
999;0
1000;0
1001;0
1002;1
1003;0
1004;0
1005;1
1006;0
1007;0
1008;0
1009;2
1010;2
1011;1
1012;0
1013;0
1014;1
1015;0
1016;0
1017;0
1018;0
1019;0
1020;0
1021;0
1022;0
1023;0
