0;0
1;0
2;0
3;2
4;2
5;0
6;2
7;0
8;2
9;0
10;0
11;0
12;2
13;0
14;0
15;0
16;1
17;1
18;0
19;2
20;0
21;2
22;2
23;2
24;1
25;1
26;2
27;2
28;0
29;0
30;0
31;0
32;0
33;0
34;0
35;0
36;0
37;0
38;1
39;0
40;0
41;0
42;0
43;0
44;2
45;0
46;1
47;0
48;0
49;0
50;0
51;0
52;1
53;2
54;0
55;0
56;0
57;0
58;0
59;0
60;1
61;0
62;0
63;2
64;2
65;0
66;2
67;2
68;2
69;0
70;2
71;0
72;0
73;0
74;2
75;0
76;0
77;0
78;2
79;2
80;1
81;0
82;0
83;0
84;0
85;2
86;0
87;0
88;2
89;0
90;2
91;1
92;1
93;1
94;0
95;0
96;0
97;2
98;2
99;2
100;2
101;0
102;0
103;0
104;0
105;0
106;1
107;0
108;0
109;0
110;0
111;0
112;0
113;0
114;0
115;0
116;0
117;2
118;0
119;0
120;0
121;0
122;0
123;0
124;0
125;2
126;1
127;0
128;0
129;1
130;1
131;0
132;2
133;0
134;0
135;0
136;0
137;0
138;0
139;0
140;2
141;0
142;0
143;0
144;0
145;2
146;2
147;0
148;1
149;0
150;2
151;0
152;1
153;0
154;0
155;0
156;0
157;0
158;1
159;2
160;1
161;0
162;0
163;2
164;2
165;0
166;2
167;2
168;2
169;0
170;2
171;0
172;2
173;2
174;2
175;0
176;2
177;0
178;1
179;0
180;0
181;0
182;1
183;0
184;0
185;0
186;2
187;0
188;0
189;0
190;0
191;0
192;0
193;0
194;0
195;0
196;2
197;0
198;0
199;0
200;0
201;0
202;1
203;0
204;0
205;0
206;0
207;0
208;2
209;1
210;0
211;2
212;0
213;0
214;2
215;0
216;0
217;0
218;0
219;0
220;0
221;0
222;0
223;0
224;0
225;0
226;0
227;2
228;1
229;0
230;0
231;0
232;0
233;2
234;2
235;2
236;0
237;0
238;0
239;0
240;0
241;0
242;1
243;0
244;0
245;0
246;2
247;1
248;0
249;2
250;0
251;0
252;0
253;0
254;1
255;0
256;2
257;0
258;0
259;0
260;1
261;0
262;2
263;1
264;0
265;0
266;0
267;2
268;1
269;0
270;0
271;2
272;2
273;0
274;2
275;2
276;2
277;0
278;2
279;0
280;0
281;0
282;2
283;0
284;0
285;2
286;2
287;0
288;1
289;0
290;0
291;1
292;0
293;0
294;0
295;0
296;0
297;0
298;0
299;0
300;0
301;0
302;1
303;0
304;0
305;0
306;0
307;1
308;0
309;0
310;0
311;2
312;2
313;0
314;2
315;2
316;2
317;0
318;2
319;0
320;0
321;0
322;0
323;0
324;0
325;0
326;0
327;2
328;0
329;1
330;1
331;0
332;1
333;0
334;0
335;0
336;0
337;0
338;0
339;2
340;1
341;0
342;0
343;2
344;4
345;0
346;2
347;2
348;2
349;0
350;2
351;0
352;2
353;2
354;2
355;1
356;0
357;0
358;0
359;0
360;0
361;0
362;0
363;0
364;2
365;2
366;1
367;0
368;0
369;0
370;0
371;2
372;2
373;2
374;0
375;0
376;2
377;0
378;1
379;0
380;0
381;0
382;0
383;0
384;2
385;0
386;0
387;0
388;2
389;1
390;0
391;1
392;1
393;0
394;0
395;2
396;2
397;1
398;0
399;0
400;0
401;0
402;0
403;0
404;0
405;0
406;0
407;2
408;0
409;2
410;2
411;2
412;0
413;1
414;0
415;0
416;2
417;0
418;0
419;0
420;0
421;2
422;2
423;1
424;0
425;0
426;1
427;0
428;0
429;0
430;1
431;0
432;0
433;2
434;0
435;0
436;0
437;0
438;0
439;1
440;0
441;0
442;2
443;0
444;2
445;0
446;0
447;0
448;0
449;0
450;0
451;0
452;1
453;2
454;0
455;0
456;0
457;0
458;2
459;2
460;1
461;0
462;1
463;0
464;2
465;0
466;0
467;0
468;2
469;0
470;0
471;2
472;0
473;0
474;1
475;0
476;0
477;0
478;1
479;0
480;1
481;0
482;0
483;2
484;4
485;0
486;2
487;2
488;2
489;0
490;2
491;0
492;2
493;0
494;1
495;0
496;0
497;2
498;1
499;0
500;2
501;0
502;1
503;0
504;0
505;0
506;0
507;2
508;2
509;2
510;2
511;2
512;2
513;0
514;0
515;1
516;0
517;0
518;2
519;2
520;1
521;0
522;0
523;2
524;2
525;0
526;2
527;2
528;2
529;0
530;2
531;0
532;1
533;0
534;1
535;0
536;0
537;0
538;1
539;0
540;0
541;0
542;0
543;0
544;0
545;0
546;1
547;0
548;2
549;0
550;2
551;2
552;2
553;2
554;0
555;0
556;0
557;0
558;0
559;2
560;0
561;0
562;2
563;2
564;1
565;0
566;0
567;0
568;2
569;0
570;2
571;2
572;0
573;0
574;2
575;0
576;0
577;2
578;1
579;0
580;1
581;1
582;0
583;2
584;1
585;0
586;0
587;1
588;2
589;0
590;0
591;1
592;2
593;2
594;1
595;0
596;1
597;0
598;2
599;1
600;0
601;0
602;0
603;2
604;4
605;0
606;0
607;2
608;2
609;0
610;2
611;0
612;2
613;0
614;0
615;0
616;0
617;0
618;2
619;2
620;0
621;0
622;0
623;2
624;0
625;0
626;2
627;0
628;0
629;0
630;2
631;2
632;2
633;1
634;0
635;0
636;0
637;0
638;1
639;0
640;0
641;0
642;0
643;0
644;2
645;0
646;0
647;0
648;0
649;0
650;0
651;0
652;0
653;0
654;1
655;0
656;0
657;2
658;2
659;0
660;1
661;0
662;0
663;0
664;0
665;0
666;1
667;0
668;0
669;0
670;0
671;0
672;0
673;1
674;0
675;0
676;2
677;1
678;0
679;2
680;2
681;0
682;0
683;0
684;2
685;0
686;2
687;1
688;0
689;0
690;0
691;1
692;2
693;2
694;2
695;2
696;2
697;0
698;0
699;0
700;2
701;0
702;0
703;0
704;0
705;0
706;0
707;0
708;2
709;2
710;0
711;0
712;2
713;0
714;1
715;0
716;0
717;0
718;0
719;0
720;0
721;0
722;0
723;0
724;4
725;0
726;0
727;0
728;0
729;1
730;0
731;2
732;2
733;0
734;0
735;0
736;1
737;0
738;1
739;0
740;1
741;0
742;0
743;2
744;2
745;0
746;2
747;1
748;0
749;0
750;0
751;0
752;2
753;2
754;2
755;0
756;1
757;0
758;0
759;0
760;0
761;0
762;0
763;0
764;0
765;0
766;0
767;0
768;2
769;0
770;0
771;0
772;0
773;0
774;0
775;2
776;1
777;1
778;0
779;1
780;0
781;2
782;0
783;0
784;1
785;0
786;0
787;0
788;0
789;0
790;0
791;0
792;1
793;0
794;0
795;1
796;0
797;0
798;2
799;2
800;2
801;2
802;0
803;0
804;0
805;2
806;0
807;0
808;2
809;1
810;1
811;0
812;0
813;0
814;2
815;2
816;2
817;2
818;1
819;0
820;0
821;0
822;0
823;0
824;0
825;1
826;0
827;0
828;0
829;2
830;0
831;0
832;0
833;0
834;2
835;2
836;1
837;0
838;0
839;0
840;0
841;0
842;0
843;2
844;2
845;0
846;1
847;0
848;2
849;0
850;1
851;0
852;0
853;0
854;0
855;0
856;0
857;1
858;0
859;0
860;1
861;2
862;2
863;0
864;1
865;1
866;0
867;2
868;1
869;0
870;1
871;0
872;2
873;0
874;0
875;2
876;0
877;0
878;1
879;0
880;0
881;0
882;2
883;2
884;1
885;0
886;0
887;2
888;2
889;0
890;2
891;1
892;0
893;0
894;2
895;0
896;0
897;0
898;0
899;1
900;0
901;0
902;0
903;2
904;1
905;0
906;2
907;2
908;1
909;0
910;0
911;2
912;4
913;0
914;2
915;2
916;2
917;0
918;2
919;0
920;1
921;0
922;0
923;0
924;0
925;0
926;0
927;0
928;2
929;0
930;0
931;0
932;0
933;2
934;0
935;0
936;0
937;0
938;2
939;2
940;2
941;0
942;1
943;0
944;0
945;0
946;0
947;0
948;0
949;2
950;0
951;2
952;0
953;0
954;1
955;2
956;0
957;0
958;2
959;2
960;2
961;2
962;0
963;0
964;1
965;0
966;1
967;2
968;1
969;0
970;0
971;2
972;4
973;0
974;2
975;2
976;2
977;0
978;2
979;0
980;1
981;0
982;0
983;2
984;2
985;0
986;0
987;0
988;0
989;0
990;0
991;1
992;0
993;0
994;0
995;0
996;2
997;1
998;2
999;0
1000;2
1001;2
1002;0
1003;0
1004;1
1005;0
1006;0
1007;1
1008;3
1009;0
1010;1
1011;0
1012;0
1013;0
1014;1
1015;0
1016;0
1017;0
1018;0
1019;0
1020;0
1021;0
1022;0
1023;0
