0;1
1;0
2;0
3;2
4;1
5;2
6;2
7;2
8;2
9;0
10;2
11;0
12;2
13;0
14;0
15;1
16;1
17;2
18;2
19;2
20;1
21;0
22;0
23;2
24;2
25;1
26;2
27;0
28;1
29;0
30;2
31;2
32;0
33;0
34;0
35;0
36;0
37;0
38;1
39;0
40;1
41;0
42;0
43;0
44;2
45;0
46;0
47;0
48;0
49;0
50;0
51;0
52;0
53;0
54;0
55;0
56;0
57;0
58;1
59;0
60;0
61;0
62;0
63;2
64;4
65;2
66;2
67;2
68;2
69;0
70;2
71;1
72;2
73;0
74;2
75;0
76;0
77;2
78;2
79;2
80;1
81;0
82;0
83;0
84;0
85;0
86;0
87;0
88;2
89;0
90;2
91;0
92;1
93;2
94;0
95;0
96;0
97;0
98;2
99;2
100;2
101;0
102;1
103;0
104;0
105;2
106;0
107;0
108;1
109;0
110;1
111;0
112;0
113;0
114;0
115;0
116;0
117;2
118;0
119;0
120;0
121;0
122;0
123;0
124;0
125;0
126;1
127;0
128;0
129;1
130;1
131;0
132;1
133;0
134;0
135;0
136;2
137;0
138;2
139;0
140;2
141;0
142;0
143;0
144;0
145;0
146;2
147;1
148;0
149;0
150;2
151;0
152;0
153;2
154;0
155;0
156;0
157;0
158;2
159;1
160;0
161;0
162;0
163;2
164;2
165;0
166;2
167;2
168;1
169;0
170;2
171;0
172;0
173;1
174;2
175;2
176;2
177;0
178;1
179;0
180;0
181;0
182;1
183;0
184;0
185;0
186;0
187;0
188;0
189;0
190;2
191;0
192;0
193;0
194;0
195;0
196;2
197;0
198;0
199;0
200;2
201;0
202;1
203;0
204;0
205;0
206;0
207;0
208;2
209;2
210;1
211;0
212;0
213;0
214;1
215;0
216;0
217;0
218;0
219;0
220;0
221;0
222;0
223;0
224;0
225;0
226;0
227;0
228;1
229;0
230;0
231;2
232;0
233;0
234;2
235;2
236;0
237;0
238;0
239;2
240;0
241;0
242;0
243;0
244;2
245;2
246;2
247;2
248;2
249;2
250;0
251;0
252;0
253;0
254;0
255;1
256;0
257;0
258;0
259;0
260;1
261;0
262;0
263;0
264;0
265;0
266;2
267;2
268;1
269;0
270;0
271;2
272;4
273;0
274;2
275;2
276;0
277;0
278;2
279;0
280;1
281;0
282;0
283;0
284;2
285;2
286;2
287;1
288;0
289;0
290;0
291;1
292;0
293;0
294;0
295;0
296;0
297;0
298;0
299;2
300;0
301;2
302;1
303;0
304;0
305;0
306;2
307;2
308;1
309;0
310;0
311;2
312;2
313;0
314;0
315;2
316;2
317;0
318;0
319;0
320;2
321;1
322;0
323;0
324;1
325;0
326;0
327;0
328;0
329;1
330;1
331;0
332;0
333;0
334;0
335;0
336;0
337;2
338;0
339;2
340;1
341;0
342;0
343;2
344;2
345;0
346;2
347;2
348;2
349;0
350;0
351;0
352;0
353;1
354;1
355;0
356;2
357;2
358;0
359;0
360;1
361;0
362;0
363;0
364;2
365;0
366;1
367;0
368;0
369;0
370;0
371;2
372;2
373;0
374;0
375;0
376;0
377;0
378;1
379;0
380;0
381;0
382;1
383;0
384;2
385;0
386;2
387;0
388;2
389;2
390;2
391;1
392;0
393;0
394;0
395;0
396;2
397;1
398;0
399;0
400;0
401;0
402;0
403;0
404;0
405;0
406;1
407;0
408;0
409;2
410;1
411;0
412;1
413;0
414;0
415;0
416;2
417;0
418;0
419;0
420;0
421;2
422;2
423;2
424;2
425;0
426;1
427;0
428;0
429;2
430;1
431;0
432;0
433;0
434;1
435;0
436;0
437;0
438;1
439;0
440;2
441;2
442;2
443;0
444;2
445;0
446;2
447;0
448;0
449;0
450;0
451;0
452;1
453;2
454;0
455;0
456;0
457;0
458;1
459;0
460;1
461;0
462;2
463;0
464;0
465;0
466;0
467;0
468;2
469;0
470;0
471;0
472;0
473;0
474;2
475;1
476;0
477;2
478;2
479;2
480;1
481;0
482;0
483;2
484;1
485;2
486;0
487;2
488;2
489;0
490;1
491;0
492;2
493;0
494;1
495;0
496;0
497;2
498;2
499;2
500;1
501;0
502;1
503;0
504;0
505;0
506;0
507;0
508;2
509;2
510;2
511;2
512;2
513;0
514;0
515;1
516;0
517;0
518;0
519;1
520;0
521;0
522;0
523;2
524;4
525;0
526;2
527;2
528;2
529;0
530;2
531;0
532;1
533;0
534;0
535;0
536;0
537;0
538;0
539;0
540;0
541;0
542;0
543;1
544;0
545;1
546;0
547;0
548;0
549;0
550;2
551;2
552;1
553;0
554;0
555;0
556;0
557;2
558;0
559;1
560;0
561;0
562;2
563;2
564;1
565;0
566;0
567;0
568;2
569;0
570;2
571;2
572;2
573;0
574;2
575;0
576;2
577;2
578;2
579;2
580;1
581;1
582;0
583;0
584;1
585;0
586;0
587;2
588;2
589;0
590;0
591;0
592;2
593;2
594;2
595;2
596;1
597;0
598;2
599;0
600;1
601;0
602;0
603;2
604;4
605;0
606;2
607;2
608;2
609;0
610;2
611;0
612;1
613;0
614;2
615;0
616;0
617;0
618;2
619;2
620;0
621;0
622;0
623;2
624;0
625;0
626;2
627;0
628;0
629;0
630;2
631;2
632;2
633;1
634;0
635;2
636;0
637;2
638;1
639;0
640;0
641;0
642;0
643;0
644;2
645;0
646;0
647;2
648;0
649;0
650;0
651;0
652;0
653;2
654;1
655;0
656;0
657;2
658;2
659;1
660;2
661;0
662;0
663;2
664;0
665;0
666;2
667;1
668;2
669;0
670;1
671;0
672;0
673;2
674;0
675;0
676;2
677;2
678;2
679;1
680;0
681;0
682;0
683;0
684;2
685;0
686;0
687;1
688;0
689;0
690;0
691;2
692;0
693;2
694;2
695;1
696;0
697;0
698;0
699;0
700;2
701;1
702;0
703;0
704;0
705;0
706;1
707;0
708;0
709;0
710;0
711;0
712;1
713;0
714;1
715;0
716;0
717;0
718;0
719;0
720;2
721;1
722;0
723;0
724;4
725;0
726;1
727;0
728;0
729;2
730;2
731;2
732;2
733;0
734;0
735;0
736;1
737;0
738;2
739;2
740;1
741;0
742;0
743;1
744;4
745;0
746;0
747;1
748;0
749;0
750;2
751;0
752;2
753;2
754;2
755;2
756;0
757;0
758;0
759;0
760;0
761;0
762;0
763;0
764;0
765;0
766;2
767;1
768;0
769;1
770;0
771;0
772;1
773;0
774;0
775;2
776;1
777;1
778;0
779;0
780;0
781;2
782;2
783;0
784;1
785;0
786;0
787;0
788;0
789;0
790;0
791;0
792;1
793;0
794;0
795;1
796;0
797;0
798;0
799;2
800;2
801;2
802;0
803;0
804;0
805;0
806;0
807;0
808;0
809;1
810;1
811;0
812;0
813;2
814;2
815;2
816;2
817;2
818;1
819;0
820;0
821;0
822;0
823;0
824;1
825;0
826;0
827;0
828;0
829;2
830;0
831;0
832;0
833;2
834;2
835;2
836;1
837;0
838;0
839;0
840;0
841;2
842;1
843;0
844;2
845;2
846;1
847;0
848;0
849;0
850;1
851;0
852;0
853;0
854;0
855;0
856;0
857;1
858;0
859;0
860;0
861;2
862;2
863;2
864;2
865;2
866;1
867;0
868;2
869;0
870;0
871;0
872;2
873;0
874;2
875;2
876;4
877;0
878;0
879;0
880;0
881;0
882;2
883;2
884;1
885;0
886;0
887;2
888;2
889;0
890;2
891;2
892;2
893;0
894;0
895;0
896;0
897;0
898;0
899;0
900;0
901;0
902;0
903;2
904;1
905;0
906;2
907;2
908;1
909;0
910;0
911;2
912;4
913;0
914;0
915;2
916;2
917;2
918;0
919;0
920;1
921;0
922;0
923;0
924;0
925;0
926;0
927;0
928;0
929;0
930;0
931;0
932;0
933;1
934;0
935;0
936;0
937;2
938;2
939;2
940;2
941;0
942;1
943;0
944;0
945;0
946;0
947;0
948;0
949;2
950;0
951;0
952;0
953;0
954;1
955;0
956;0
957;0
958;2
959;2
960;1
961;0
962;0
963;0
964;1
965;0
966;2
967;1
968;0
969;0
970;0
971;2
972;2
973;0
974;2
975;2
976;2
977;0
978;0
979;0
980;1
981;0
982;0
983;2
984;2
985;0
986;0
987;0
988;2
989;0
990;2
991;1
992;0
993;0
994;0
995;0
996;1
997;0
998;2
999;0
1000;1
1001;0
1002;0
1003;2
1004;1
1005;0
1006;0
1007;1
1008;2
1009;0
1010;2
1011;2
1012;1
1013;0
1014;0
1015;0
1016;0
1017;0
1018;0
1019;0
1020;0
1021;0
1022;0
1023;0
