0;1
1;0
2;0
3;2
4;0
5;0
6;2
7;2
8;2
9;0
10;0
11;0
12;0
13;0
14;0
15;0
16;0
17;0
18;1
19;0
20;2
21;0
22;0
23;0
24;0
25;0
26;0
27;0
28;2
29;0
30;0
31;0
32;0
33;2
34;2
35;0
36;2
37;1
38;1
39;0
40;2
41;0
42;1
43;0
44;0
45;0
46;2
47;0
48;1
49;0
50;2
51;0
52;1
53;0
54;0
55;0
56;1
57;0
58;0
59;0
60;0
61;0
62;0
63;2
64;0
65;0
66;2
67;0
68;0
69;0
70;0
71;0
72;0
73;0
74;0
75;2
76;4
77;0
78;0
79;1
80;0
81;0
82;0
83;0
84;2
85;0
86;0
87;0
88;0
89;0
90;0
91;2
92;0
93;0
94;0
95;2
96;0
97;0
98;0
99;0
100;2
101;0
102;0
103;0
104;0
105;0
106;0
107;0
108;0
109;0
110;1
111;0
112;0
113;0
114;0
115;0
116;0
117;0
118;0
119;0
120;2
121;1
122;0
123;2
124;2
125;2
126;0
127;0
128;0
129;2
130;2
131;2
132;2
133;2
134;0
135;0
136;2
137;2
138;1
139;0
140;2
141;0
142;0
143;0
144;0
145;0
146;0
147;0
148;1
149;0
150;2
151;0
152;1
153;0
154;2
155;0
156;0
157;1
158;0
159;0
160;2
161;0
162;0
163;0
164;0
165;0
166;2
167;0
168;0
169;0
170;0
171;1
172;1
173;0
174;0
175;0
176;0
177;0
178;2
179;0
180;2
181;0
182;2
183;0
184;0
185;2
186;2
187;0
188;2
189;1
190;0
191;0
192;0
193;0
194;0
195;0
196;0
197;0
198;0
199;0
200;0
201;0
202;1
203;0
204;2
205;0
206;0
207;0
208;0
209;0
210;2
211;1
212;1
213;0
214;0
215;0
216;2
217;0
218;0
219;0
220;2
221;2
222;0
223;0
224;0
225;2
226;0
227;0
228;0
229;2
230;0
231;0
232;2
233;0
234;2
235;0
236;0
237;2
238;0
239;1
240;0
241;1
242;0
243;0
244;0
245;0
246;2
247;0
248;0
249;0
250;1
251;0
252;0
253;0
254;2
255;0
256;0
257;2
258;2
259;0
260;0
261;0
262;2
263;1
264;0
265;2
266;0
267;1
268;0
269;0
270;0
271;0
272;0
273;0
274;0
275;0
276;0
277;0
278;0
279;0
280;0
281;0
282;2
283;0
284;1
285;0
286;0
287;2
288;1
289;0
290;2
291;2
292;1
293;0
294;0
295;2
296;2
297;0
298;2
299;2
300;0
301;0
302;0
303;0
304;1
305;0
306;0
307;0
308;0
309;0
310;0
311;0
312;2
313;2
314;2
315;2
316;1
317;0
318;0
319;0
320;0
321;0
322;2
323;0
324;0
325;2
326;1
327;1
328;0
329;0
330;0
331;2
332;0
333;2
334;2
335;1
336;0
337;0
338;0
339;0
340;0
341;1
342;0
343;0
344;2
345;0
346;0
347;0
348;0
349;0
350;0
351;2
352;0
353;0
354;0
355;2
356;2
357;2
358;1
359;2
360;2
361;0
362;0
363;0
364;0
365;2
366;0
367;0
368;0
369;0
370;1
371;0
372;0
373;0
374;1
375;0
376;0
377;0
378;0
379;0
380;0
381;0
382;0
383;0
384;0
385;0
386;0
387;0
388;0
389;0
390;0
391;1
392;0
393;0
394;2
395;0
396;2
397;2
398;2
399;0
400;2
401;0
402;0
403;0
404;2
405;0
406;2
407;0
408;0
409;0
410;0
411;2
412;2
413;1
414;1
415;0
416;1
417;0
418;0
419;0
420;2
421;2
422;0
423;1
424;2
425;0
426;2
427;0
428;0
429;0
430;1
431;0
432;0
433;2
434;0
435;1
436;0
437;0
438;1
439;0
440;1
441;0
442;0
443;0
444;0
445;0
446;0
447;0
448;1
449;1
450;0
451;0
452;0
453;0
454;0
455;0
456;0
457;0
458;2
459;1
460;2
461;0
462;0
463;0
464;0
465;2
466;0
467;0
468;1
469;0
470;1
471;0
472;0
473;0
474;1
475;0
476;0
477;0
478;0
479;2
480;1
481;0
482;0
483;0
484;0
485;0
486;0
487;0
488;0
489;0
490;0
491;0
492;1
493;0
494;1
495;0
496;0
497;2
498;2
499;2
500;2
501;2
502;1
503;0
504;0
505;1
506;2
507;0
508;0
509;0
510;2
511;2
512;0
513;2
514;1
515;2
516;2
517;0
518;0
519;2
520;1
521;0
522;0
523;0
524;0
525;0
526;2
527;2
528;1
529;1
530;0
531;2
532;2
533;0
534;0
535;1
536;0
537;2
538;2
539;0
540;1
541;0
542;0
543;2
544;1
545;0
546;0
547;0
548;1
549;0
550;0
551;0
552;0
553;1
554;0
555;0
556;1
557;0
558;2
559;0
560;0
561;0
562;0
563;0
564;0
565;2
566;2
567;2
568;1
569;0
570;0
571;0
572;0
573;0
574;0
575;0
576;0
577;0
578;2
579;0
580;2
581;0
582;0
583;0
584;0
585;0
586;1
587;0
588;0
589;0
590;0
591;0
592;2
593;0
594;0
595;0
596;2
597;0
598;0
599;0
600;2
601;0
602;1
603;0
604;2
605;0
606;0
607;0
608;2
609;0
610;0
611;0
612;2
613;0
614;2
615;0
616;0
617;0
618;2
619;0
620;0
621;0
622;0
623;2
624;1
625;0
626;2
627;0
628;0
629;2
630;1
631;2
632;2
633;0
634;2
635;0
636;2
637;2
638;0
639;0
640;0
641;0
642;1
643;0
644;0
645;1
646;0
647;0
648;0
649;0
650;0
651;2
652;0
653;0
654;0
655;2
656;0
657;2
658;0
659;2
660;0
661;0
662;0
663;0
664;0
665;0
666;0
667;0
668;0
669;2
670;0
671;0
672;0
673;0
674;0
675;0
676;0
677;0
678;1
679;0
680;0
681;0
682;0
683;0
684;0
685;0
686;0
687;0
688;1
689;0
690;2
691;2
692;2
693;1
694;0
695;0
696;0
697;0
698;0
699;2
700;0
701;0
702;0
703;0
704;1
705;0
706;0
707;0
708;0
709;0
710;0
711;0
712;0
713;0
714;0
715;0
716;0
717;0
718;1
719;0
720;2
721;0
722;1
723;0
724;2
725;0
726;0
727;0
728;0
729;2
730;1
731;0
732;0
733;0
734;0
735;1
736;0
737;0
738;2
739;0
740;0
741;0
742;0
743;0
744;2
745;0
746;2
747;0
748;0
749;0
750;0
751;2
752;0
753;1
754;0
755;0
756;0
757;0
758;0
759;0
760;0
761;0
762;0
763;0
764;0
765;0
766;0
767;0
768;0
769;2
770;2
771;0
772;0
773;0
774;1
775;0
776;1
777;0
778;2
779;1
780;0
781;0
782;0
783;2
784;4
785;0
786;2
787;2
788;0
789;0
790;2
791;0
792;1
793;0
794;0
795;0
796;0
797;0
798;0
799;2
800;2
801;0
802;0
803;0
804;0
805;0
806;0
807;0
808;0
809;0
810;1
811;0
812;0
813;0
814;0
815;0
816;0
817;0
818;0
819;0
820;1
821;0
822;0
823;0
824;2
825;0
826;0
827;0
828;0
829;0
830;0
831;0
832;0
833;1
834;2
835;2
836;0
837;1
838;0
839;0
840;0
841;2
842;1
843;2
844;1
845;0
846;0
847;2
848;2
849;0
850;0
851;0
852;0
853;0
854;1
855;0
856;0
857;1
858;0
859;1
860;0
861;1
862;0
863;1
864;2
865;2
866;1
867;0
868;0
869;0
870;0
871;0
872;2
873;1
874;0
875;0
876;0
877;0
878;0
879;0
880;0
881;1
882;2
883;0
884;0
885;1
886;0
887;1
888;1
889;0
890;0
891;1
892;0
893;0
894;2
895;2
896;1
897;1
898;1
899;2
900;2
901;0
902;0
903;2
904;0
905;0
906;2
907;0
908;0
909;0
910;0
911;0
912;2
913;2
914;0
915;2
916;0
917;0
918;2
919;0
920;0
921;0
922;1
923;0
924;2
925;0
926;0
927;2
928;2
929;0
930;0
931;2
932;2
933;0
934;0
935;1
936;1
937;0
938;0
939;1
940;0
941;0
942;1
943;0
944;0
945;1
946;1
947;0
948;2
949;1
950;0
951;0
952;0
953;2
954;0
955;0
956;0
957;2
958;1
959;0
960;0
961;1
962;2
963;0
964;0
965;0
966;2
967;0
968;0
969;0
970;0
971;0
972;0
973;0
974;0
975;0
976;0
977;1
978;0
979;0
980;2
981;0
982;2
983;0
984;0
985;0
986;0
987;0
988;0
989;0
990;2
991;0
992;0
993;0
994;0
995;2
996;2
997;0
998;0
999;0
1000;0
1001;0
1002;0
1003;0
1004;0
1005;0
1006;0
1007;0
1008;1
1009;0
1010;1
1011;0
1012;0
1013;1
1014;0
1015;1
1016;0
1017;0
1018;0
1019;0
1020;0
1021;0
1022;0
1023;0
