0;0
1;1
2;0
3;2
4;4
5;0
6;2
7;2
8;1
9;0
10;2
11;0
12;2
13;1
14;0
15;0
16;0
17;1
18;0
19;0
20;2
21;0
22;0
23;2
24;0
25;0
26;1
27;1
28;1
29;0
30;2
31;0
32;1
33;0
34;1
35;0
36;1
37;0
38;1
39;2
40;1
41;0
42;0
43;2
44;4
45;0
46;2
47;0
48;0
49;0
50;2
51;0
52;1
53;0
54;0
55;0
56;1
57;0
58;0
59;0
60;1
61;1
62;0
63;0
64;2
65;0
66;0
67;0
68;0
69;0
70;1
71;0
72;1
73;0
74;0
75;2
76;4
77;0
78;2
79;2
80;2
81;0
82;2
83;0
84;1
85;0
86;0
87;0
88;2
89;0
90;0
91;0
92;0
93;2
94;2
95;0
96;0
97;0
98;0
99;0
100;0
101;0
102;0
103;2
104;1
105;0
106;2
107;2
108;2
109;0
110;0
111;2
112;4
113;2
114;0
115;0
116;2
117;0
118;2
119;0
120;2
121;0
122;1
123;0
124;0
125;0
126;0
127;2
128;1
129;0
130;0
131;2
132;2
133;0
134;2
135;1
136;2
137;0
138;2
139;0
140;0
141;1
142;0
143;0
144;2
145;0
146;2
147;0
148;0
149;0
150;0
151;1
152;0
153;0
154;0
155;0
156;2
157;0
158;0
159;2
160;0
161;0
162;0
163;2
164;4
165;0
166;2
167;2
168;2
169;0
170;2
171;0
172;2
173;0
174;0
175;0
176;2
177;2
178;0
179;0
180;0
181;0
182;0
183;0
184;0
185;0
186;2
187;2
188;1
189;0
190;0
191;0
192;0
193;0
194;2
195;2
196;2
197;0
198;0
199;0
200;0
201;0
202;0
203;1
204;0
205;0
206;0
207;2
208;2
209;0
210;1
211;2
212;2
213;0
214;2
215;2
216;1
217;2
218;2
219;0
220;0
221;0
222;0
223;1
224;0
225;0
226;2
227;0
228;2
229;2
230;0
231;0
232;1
233;2
234;0
235;0
236;0
237;2
238;0
239;0
240;1
241;0
242;0
243;2
244;1
245;0
246;0
247;2
248;4
249;0
250;2
251;2
252;2
253;0
254;2
255;0
256;1
257;0
258;0
259;1
260;0
261;0
262;0
263;0
264;0
265;0
266;0
267;0
268;0
269;0
270;0
271;0
272;1
273;0
274;0
275;0
276;0
277;0
278;0
279;0
280;0
281;0
282;0
283;0
284;0
285;0
286;0
287;0
288;0
289;0
290;2
291;1
292;0
293;0
294;0
295;0
296;4
297;0
298;2
299;2
300;2
301;0
302;2
303;0
304;1
305;2
306;1
307;0
308;2
309;2
310;1
311;0
312;1
313;0
314;0
315;0
316;0
317;0
318;2
319;0
320;0
321;2
322;2
323;2
324;2
325;0
326;0
327;2
328;0
329;0
330;2
331;2
332;1
333;0
334;0
335;2
336;2
337;0
338;2
339;0
340;2
341;0
342;2
343;2
344;2
345;0
346;0
347;0
348;0
349;1
350;0
351;2
352;2
353;0
354;0
355;2
356;0
357;0
358;0
359;0
360;0
361;0
362;0
363;2
364;1
365;0
366;0
367;0
368;1
369;0
370;0
371;0
372;0
373;0
374;2
375;2
376;1
377;0
378;0
379;2
380;2
381;0
382;2
383;1
384;0
385;0
386;2
387;0
388;0
389;0
390;1
391;2
392;2
393;2
394;2
395;0
396;0
397;2
398;1
399;0
400;2
401;0
402;0
403;0
404;0
405;0
406;2
407;2
408;1
409;0
410;0
411;0
412;2
413;0
414;0
415;0
416;0
417;0
418;0
419;0
420;0
421;0
422;0
423;2
424;1
425;0
426;0
427;2
428;1
429;2
430;2
431;0
432;0
433;0
434;2
435;0
436;1
437;0
438;1
439;2
440;0
441;0
442;0
443;2
444;1
445;0
446;0
447;2
448;1
449;0
450;0
451;2
452;4
453;0
454;2
455;2
456;2
457;0
458;2
459;0
460;2
461;0
462;0
463;0
464;0
465;0
466;0
467;0
468;1
469;0
470;0
471;0
472;0
473;0
474;0
475;2
476;1
477;0
478;0
479;2
480;2
481;0
482;1
483;2
484;2
485;0
486;2
487;0
488;2
489;0
490;0
491;0
492;2
493;0
494;0
495;0
496;0
497;2
498;1
499;0
500;0
501;0
502;2
503;2
504;2
505;0
506;0
507;2
508;2
509;0
510;2
511;2
512;2
513;0
514;2
515;2
516;2
517;0
518;0
519;0
520;0
521;1
522;0
523;0
524;0
525;0
526;2
527;2
528;2
529;0
530;0
531;0
532;1
533;0
534;0
535;0
536;1
537;0
538;0
539;2
540;2
541;0
542;0
543;1
544;2
545;0
546;2
547;0
548;2
549;0
550;0
551;0
552;0
553;0
554;0
555;0
556;1
557;0
558;2
559;2
560;1
561;0
562;0
563;2
564;4
565;0
566;1
567;2
568;2
569;2
570;2
571;0
572;2
573;2
574;1
575;0
576;2
577;1
578;1
579;0
580;0
581;0
582;1
583;1
584;2
585;1
586;0
587;1
588;0
589;0
590;2
591;2
592;1
593;0
594;0
595;2
596;4
597;0
598;2
599;2
600;2
601;0
602;2
603;0
604;2
605;2
606;0
607;2
608;0
609;0
610;0
611;0
612;0
613;0
614;2
615;0
616;1
617;0
618;2
619;2
620;1
621;0
622;0
623;2
624;2
625;0
626;2
627;2
628;2
629;0
630;2
631;0
632;0
633;1
634;0
635;0
636;0
637;0
638;0
639;2
640;1
641;0
642;2
643;2
644;2
645;1
646;0
647;0
648;0
649;0
650;0
651;0
652;0
653;2
654;1
655;0
656;0
657;0
658;2
659;2
660;1
661;0
662;0
663;0
664;4
665;0
666;2
667;2
668;0
669;0
670;2
671;0
672;1
673;0
674;0
675;0
676;0
677;0
678;0
679;2
680;1
681;0
682;0
683;2
684;1
685;0
686;2
687;0
688;0
689;0
690;0
691;0
692;0
693;0
694;0
695;0
696;2
697;0
698;0
699;0
700;0
701;2
702;2
703;2
704;1
705;0
706;2
707;2
708;0
709;0
710;0
711;2
712;2
713;0
714;2
715;2
716;2
717;0
718;0
719;0
720;2
721;1
722;2
723;0
724;1
725;0
726;0
727;2
728;1
729;0
730;0
731;2
732;4
733;0
734;0
735;2
736;2
737;0
738;2
739;0
740;1
741;2
742;0
743;0
744;1
745;0
746;0
747;0
748;0
749;2
750;2
751;0
752;2
753;2
754;0
755;2
756;2
757;0
758;1
759;0
760;0
761;0
762;2
763;2
764;2
765;1
766;0
767;0
768;2
769;0
770;0
771;0
772;1
773;0
774;2
775;2
776;1
777;0
778;0
779;2
780;2
781;0
782;2
783;2
784;2
785;0
786;2
787;0
788;0
789;0
790;1
791;0
792;0
793;2
794;0
795;2
796;0
797;0
798;2
799;0
800;0
801;0
802;0
803;0
804;1
805;0
806;0
807;2
808;1
809;0
810;2
811;2
812;1
813;0
814;0
815;2
816;2
817;0
818;2
819;0
820;2
821;0
822;0
823;2
824;0
825;0
826;0
827;0
828;0
829;0
830;0
831;2
832;1
833;1
834;1
835;0
836;0
837;0
838;0
839;0
840;0
841;2
842;2
843;2
844;2
845;0
846;2
847;2
848;2
849;0
850;0
851;0
852;0
853;0
854;2
855;2
856;1
857;0
858;0
859;2
860;4
861;0
862;2
863;1
864;0
865;0
866;2
867;0
868;2
869;0
870;0
871;1
872;0
873;2
874;0
875;0
876;0
877;1
878;0
879;0
880;0
881;0
882;0
883;0
884;0
885;0
886;2
887;0
888;0
889;0
890;0
891;0
892;0
893;0
894;0
895;0
896;0
897;0
898;1
899;0
900;1
901;0
902;2
903;2
904;1
905;0
906;0
907;2
908;4
909;0
910;2
911;2
912;2
913;0
914;2
915;0
916;1
917;1
918;0
919;0
920;1
921;0
922;0
923;0
924;2
925;0
926;0
927;0
928;0
929;0
930;2
931;1
932;2
933;0
934;0
935;0
936;1
937;0
938;1
939;2
940;1
941;0
942;0
943;2
944;4
945;0
946;2
947;1
948;0
949;0
950;2
951;0
952;2
953;1
954;0
955;0
956;0
957;1
958;0
959;0
960;1
961;0
962;0
963;0
964;0
965;0
966;1
967;0
968;0
969;0
970;0
971;0
972;0
973;0
974;0
975;0
976;0
977;0
978;0
979;0
980;0
981;0
982;2
983;2
984;1
985;0
986;0
987;2
988;1
989;0
990;0
991;1
992;0
993;0
994;2
995;0
996;2
997;0
998;0
999;0
1000;0
1001;0
1002;0
1003;1
1004;0
1005;0
1006;0
1007;2
1008;0
1009;0
1010;2
1011;2
1012;1
1013;1
1014;0
1015;0
1016;0
1017;0
1018;0
1019;0
1020;0
1021;0
1022;0
1023;0
