0;0
1;0
2;0
3;2
4;2
5;0
6;2
7;2
8;2
9;0
10;2
11;0
12;0
13;0
14;0
15;0
16;0
17;0
18;0
19;0
20;0
21;0
22;0
23;2
24;0
25;0
26;0
27;0
28;1
29;0
30;0
31;2
32;1
33;0
34;1
35;0
36;1
37;0
38;0
39;0
40;1
41;0
42;0
43;0
44;0
45;2
46;1
47;0
48;2
49;2
50;0
51;0
52;0
53;0
54;0
55;0
56;2
57;0
58;1
59;2
60;1
61;0
62;0
63;2
64;2
65;0
66;0
67;2
68;2
69;0
70;2
71;0
72;2
73;2
74;0
75;2
76;0
77;0
78;0
79;2
80;1
81;2
82;0
83;2
84;0
85;0
86;0
87;0
88;0
89;1
90;0
91;2
92;1
93;0
94;1
95;0
96;0
97;0
98;1
99;0
100;0
101;0
102;0
103;0
104;0
105;0
106;0
107;0
108;1
109;0
110;0
111;0
112;2
113;0
114;0
115;0
116;1
117;0
118;0
119;0
120;0
121;0
122;0
123;0
124;2
125;0
126;2
127;0
128;2
129;0
130;2
131;0
132;2
133;2
134;0
135;0
136;0
137;0
138;0
139;1
140;0
141;1
142;0
143;2
144;1
145;1
146;0
147;0
148;0
149;0
150;0
151;2
152;1
153;1
154;0
155;0
156;2
157;0
158;0
159;1
160;0
161;0
162;2
163;2
164;2
165;0
166;2
167;0
168;0
169;2
170;2
171;0
172;1
173;0
174;2
175;0
176;2
177;0
178;2
179;0
180;0
181;0
182;0
183;1
184;0
185;0
186;0
187;2
188;0
189;0
190;2
191;2
192;1
193;0
194;0
195;0
196;2
197;0
198;0
199;0
200;0
201;0
202;2
203;1
204;1
205;0
206;0
207;0
208;0
209;0
210;0
211;0
212;2
213;0
214;0
215;0
216;2
217;2
218;2
219;0
220;2
221;0
222;0
223;0
224;0
225;2
226;2
227;0
228;2
229;2
230;0
231;0
232;0
233;2
234;1
235;0
236;0
237;0
238;0
239;0
240;0
241;0
242;0
243;1
244;0
245;0
246;2
247;0
248;1
249;0
250;0
251;2
252;1
253;0
254;0
255;1
256;0
257;0
258;0
259;2
260;1
261;0
262;2
263;2
264;1
265;0
266;0
267;0
268;1
269;0
270;0
271;0
272;0
273;1
274;0
275;1
276;0
277;0
278;0
279;0
280;0
281;0
282;0
283;2
284;0
285;0
286;0
287;0
288;1
289;0
290;0
291;0
292;1
293;0
294;0
295;0
296;0
297;0
298;0
299;0
300;0
301;0
302;2
303;1
304;1
305;0
306;1
307;0
308;1
309;0
310;0
311;1
312;0
313;0
314;2
315;2
316;2
317;0
318;2
319;0
320;0
321;2
322;0
323;0
324;2
325;1
326;0
327;0
328;2
329;0
330;0
331;0
332;0
333;0
334;0
335;0
336;1
337;0
338;0
339;2
340;0
341;0
342;0
343;0
344;2
345;0
346;2
347;0
348;0
349;0
350;0
351;0
352;0
353;0
354;0
355;0
356;2
357;0
358;0
359;0
360;1
361;0
362;2
363;2
364;1
365;0
366;0
367;0
368;0
369;0
370;2
371;2
372;2
373;0
374;0
375;2
376;0
377;0
378;0
379;0
380;2
381;0
382;0
383;0
384;1
385;0
386;0
387;0
388;0
389;2
390;2
391;0
392;0
393;0
394;0
395;1
396;0
397;0
398;0
399;0
400;0
401;0
402;0
403;2
404;4
405;2
406;1
407;0
408;0
409;0
410;0
411;0
412;2
413;0
414;2
415;2
416;2
417;2
418;2
419;2
420;1
421;0
422;1
423;0
424;0
425;0
426;0
427;2
428;0
429;0
430;2
431;0
432;0
433;0
434;0
435;0
436;0
437;0
438;0
439;0
440;0
441;0
442;0
443;0
444;0
445;2
446;0
447;0
448;0
449;0
450;2
451;0
452;1
453;0
454;0
455;2
456;1
457;0
458;2
459;0
460;2
461;0
462;0
463;2
464;2
465;0
466;2
467;2
468;0
469;0
470;0
471;0
472;0
473;0
474;1
475;0
476;2
477;0
478;0
479;0
480;0
481;2
482;2
483;0
484;0
485;0
486;0
487;0
488;0
489;0
490;2
491;1
492;0
493;2
494;2
495;0
496;0
497;0
498;0
499;2
500;0
501;0
502;1
503;0
504;0
505;2
506;2
507;0
508;2
509;0
510;0
511;0
512;0
513;0
514;0
515;0
516;0
517;0
518;0
519;2
520;1
521;0
522;0
523;2
524;1
525;0
526;0
527;0
528;0
529;0
530;0
531;0
532;0
533;0
534;0
535;0
536;0
537;0
538;0
539;0
540;2
541;0
542;0
543;0
544;1
545;0
546;0
547;2
548;1
549;0
550;1
551;0
552;0
553;0
554;2
555;0
556;2
557;0
558;0
559;0
560;0
561;0
562;0
563;1
564;2
565;0
566;0
567;1
568;0
569;2
570;2
571;0
572;0
573;0
574;0
575;0
576;1
577;0
578;0
579;0
580;1
581;0
582;2
583;0
584;0
585;1
586;0
587;0
588;2
589;0
590;1
591;0
592;0
593;0
594;1
595;0
596;2
597;1
598;0
599;0
600;2
601;0
602;0
603;0
604;1
605;0
606;1
607;0
608;0
609;0
610;1
611;0
612;0
613;0
614;0
615;2
616;2
617;0
618;0
619;0
620;0
621;0
622;0
623;0
624;0
625;0
626;0
627;0
628;1
629;0
630;1
631;0
632;1
633;0
634;0
635;2
636;2
637;0
638;2
639;2
640;2
641;0
642;2
643;0
644;2
645;0
646;0
647;0
648;0
649;0
650;0
651;0
652;2
653;1
654;1
655;0
656;0
657;0
658;0
659;1
660;0
661;0
662;0
663;0
664;0
665;0
666;2
667;2
668;0
669;0
670;0
671;0
672;0
673;1
674;2
675;0
676;0
677;1
678;0
679;0
680;0
681;0
682;0
683;1
684;0
685;0
686;2
687;0
688;0
689;0
690;2
691;0
692;2
693;0
694;0
695;0
696;0
697;0
698;0
699;0
700;0
701;1
702;0
703;1
704;0
705;0
706;0
707;0
708;1
709;1
710;0
711;0
712;0
713;0
714;1
715;0
716;1
717;0
718;0
719;2
720;2
721;0
722;2
723;2
724;2
725;1
726;0
727;0
728;2
729;0
730;2
731;0
732;0
733;0
734;2
735;0
736;0
737;0
738;0
739;2
740;2
741;0
742;0
743;2
744;2
745;0
746;1
747;2
748;0
749;0
750;2
751;0
752;1
753;0
754;0
755;0
756;0
757;1
758;0
759;0
760;0
761;0
762;0
763;0
764;2
765;0
766;0
767;0
768;2
769;2
770;2
771;2
772;0
773;0
774;0
775;0
776;1
777;0
778;0
779;0
780;0
781;2
782;0
783;0
784;0
785;0
786;0
787;0
788;1
789;1
790;2
791;0
792;0
793;2
794;0
795;0
796;0
797;2
798;1
799;0
800;1
801;0
802;2
803;2
804;1
805;1
806;0
807;0
808;2
809;0
810;2
811;1
812;0
813;0
814;0
815;0
816;0
817;2
818;1
819;0
820;0
821;0
822;0
823;2
824;2
825;0
826;2
827;2
828;0
829;0
830;0
831;0
832;0
833;0
834;0
835;0
836;1
837;0
838;0
839;2
840;0
841;2
842;1
843;0
844;2
845;1
846;0
847;0
848;2
849;1
850;2
851;0
852;2
853;2
854;2
855;0
856;1
857;0
858;0
859;0
860;0
861;0
862;0
863;2
864;1
865;0
866;0
867;2
868;4
869;0
870;2
871;2
872;2
873;0
874;0
875;0
876;1
877;0
878;2
879;0
880;0
881;0
882;0
883;0
884;0
885;1
886;0
887;0
888;0
889;0
890;1
891;0
892;0
893;0
894;2
895;1
896;0
897;0
898;0
899;0
900;0
901;0
902;2
903;2
904;0
905;1
906;0
907;0
908;0
909;0
910;0
911;2
912;0
913;0
914;1
915;0
916;0
917;2
918;0
919;1
920;0
921;0
922;0
923;0
924;0
925;0
926;2
927;2
928;1
929;1
930;0
931;4
932;2
933;1
934;0
935;0
936;0
937;0
938;2
939;2
940;1
941;0
942;0
943;2
944;4
945;0
946;2
947;2
948;1
949;0
950;2
951;0
952;1
953;0
954;1
955;0
956;0
957;0
958;0
959;0
960;1
961;0
962;0
963;0
964;0
965;0
966;0
967;0
968;2
969;0
970;2
971;0
972;2
973;1
974;0
975;0
976;0
977;2
978;0
979;0
980;0
981;0
982;0
983;0
984;0
985;0
986;0
987;0
988;0
989;2
990;0
991;0
992;1
993;0
994;2
995;1
996;0
997;0
998;0
999;0
1000;1
1001;0
1002;2
1003;2
1004;1
1005;0
1006;2
1007;2
1008;2
1009;0
1010;0
1011;0
1012;1
1013;0
1014;0
1015;1
1016;0
1017;0
1018;0
1019;0
1020;0
1021;0
1022;0
1023;0
