0;0
1;0
2;0
3;2
4;1
5;1
6;0
7;2
8;0
9;0
10;0
11;0
12;1
13;0
14;0
15;1
16;0
17;1
18;0
19;1
20;0
21;2
22;0
23;2
24;0
25;0
26;0
27;0
28;1
29;0
30;0
31;2
32;1
33;0
34;0
35;0
36;4
37;0
38;0
39;2
40;1
41;2
42;2
43;0
44;2
45;0
46;2
47;0
48;1
49;2
50;2
51;0
52;1
53;0
54;1
55;0
56;1
57;0
58;0
59;0
60;2
61;2
62;1
63;1
64;0
65;2
66;0
67;0
68;1
69;0
70;0
71;0
72;0
73;1
74;0
75;0
76;0
77;1
78;0
79;0
80;0
81;0
82;2
83;0
84;0
85;1
86;0
87;0
88;0
89;0
90;0
91;0
92;0
93;0
94;2
95;2
96;2
97;0
98;0
99;2
100;0
101;0
102;0
103;0
104;0
105;0
106;0
107;0
108;1
109;0
110;0
111;0
112;0
113;0
114;0
115;0
116;0
117;0
118;2
119;0
120;0
121;0
122;2
123;1
124;0
125;0
126;0
127;1
128;0
129;0
130;1
131;0
132;0
133;1
134;0
135;0
136;0
137;0
138;0
139;1
140;0
141;0
142;2
143;0
144;0
145;2
146;2
147;0
148;2
149;0
150;0
151;0
152;0
153;0
154;0
155;0
156;2
157;0
158;2
159;0
160;1
161;0
162;1
163;0
164;0
165;0
166;2
167;0
168;0
169;0
170;0
171;2
172;2
173;0
174;2
175;0
176;0
177;0
178;0
179;1
180;0
181;0
182;0
183;0
184;2
185;1
186;0
187;0
188;1
189;0
190;1
191;0
192;1
193;0
194;0
195;0
196;2
197;0
198;2
199;2
200;2
201;0
202;0
203;0
204;0
205;0
206;0
207;0
208;2
209;0
210;0
211;0
212;0
213;1
214;1
215;0
216;0
217;2
218;0
219;2
220;1
221;0
222;0
223;2
224;4
225;0
226;0
227;1
228;2
229;0
230;0
231;0
232;2
233;0
234;0
235;0
236;0
237;0
238;1
239;2
240;1
241;0
242;0
243;0
244;2
245;0
246;2
247;0
248;0
249;2
250;2
251;0
252;0
253;0
254;2
255;2
256;1
257;0
258;0
259;2
260;2
261;2
262;2
263;2
264;2
265;0
266;0
267;2
268;2
269;0
270;0
271;0
272;0
273;2
274;0
275;0
276;0
277;0
278;0
279;0
280;2
281;2
282;2
283;0
284;1
285;2
286;0
287;2
288;1
289;0
290;0
291;0
292;0
293;0
294;2
295;0
296;0
297;0
298;2
299;2
300;0
301;0
302;0
303;0
304;0
305;1
306;0
307;2
308;0
309;0
310;1
311;0
312;2
313;0
314;1
315;1
316;0
317;0
318;0
319;2
320;0
321;0
322;0
323;0
324;2
325;0
326;0
327;0
328;0
329;0
330;0
331;0
332;2
333;0
334;0
335;2
336;1
337;0
338;0
339;0
340;0
341;0
342;0
343;0
344;0
345;0
346;0
347;0
348;0
349;2
350;2
351;2
352;0
353;2
354;0
355;0
356;0
357;0
358;0
359;0
360;0
361;1
362;2
363;0
364;0
365;0
366;2
367;2
368;0
369;0
370;0
371;2
372;2
373;0
374;0
375;2
376;0
377;1
378;0
379;2
380;2
381;0
382;0
383;0
384;0
385;0
386;0
387;2
388;0
389;0
390;0
391;0
392;2
393;2
394;1
395;0
396;1
397;0
398;2
399;0
400;0
401;2
402;0
403;0
404;0
405;2
406;0
407;0
408;0
409;0
410;2
411;0
412;0
413;2
414;0
415;0
416;2
417;0
418;0
419;0
420;0
421;1
422;1
423;1
424;0
425;0
426;0
427;0
428;0
429;0
430;2
431;0
432;0
433;2
434;2
435;0
436;0
437;0
438;0
439;1
440;2
441;0
442;2
443;0
444;0
445;0
446;0
447;0
448;1
449;0
450;2
451;2
452;1
453;0
454;0
455;0
456;2
457;0
458;2
459;2
460;2
461;0
462;2
463;0
464;2
465;2
466;1
467;0
468;2
469;0
470;2
471;0
472;1
473;0
474;0
475;0
476;0
477;0
478;0
479;0
480;0
481;0
482;0
483;1
484;0
485;0
486;0
487;2
488;1
489;0
490;0
491;0
492;0
493;0
494;0
495;0
496;2
497;1
498;0
499;2
500;0
501;0
502;0
503;0
504;0
505;0
506;2
507;2
508;2
509;0
510;0
511;0
512;0
513;2
514;0
515;0
516;2
517;0
518;2
519;0
520;0
521;0
522;0
523;0
524;2
525;0
526;0
527;0
528;0
529;0
530;0
531;0
532;1
533;2
534;0
535;0
536;0
537;2
538;0
539;0
540;0
541;0
542;0
543;1
544;2
545;1
546;2
547;2
548;2
549;2
550;1
551;0
552;0
553;1
554;2
555;0
556;0
557;0
558;0
559;0
560;0
561;0
562;1
563;0
564;0
565;0
566;0
567;0
568;1
569;0
570;0
571;0
572;0
573;0
574;0
575;1
576;0
577;1
578;0
579;0
580;2
581;0
582;2
583;1
584;0
585;2
586;0
587;0
588;2
589;0
590;2
591;0
592;0
593;0
594;2
595;0
596;0
597;0
598;0
599;0
600;2
601;0
602;2
603;0
604;0
605;0
606;0
607;0
608;0
609;0
610;0
611;0
612;2
613;2
614;0
615;0
616;2
617;1
618;1
619;0
620;0
621;0
622;0
623;0
624;0
625;0
626;0
627;0
628;0
629;0
630;0
631;0
632;2
633;0
634;0
635;0
636;2
637;0
638;0
639;0
640;2
641;2
642;0
643;0
644;0
645;0
646;2
647;0
648;0
649;0
650;1
651;0
652;0
653;1
654;0
655;1
656;0
657;2
658;0
659;0
660;2
661;1
662;1
663;0
664;1
665;1
666;0
667;0
668;0
669;0
670;0
671;0
672;0
673;0
674;2
675;0
676;0
677;0
678;0
679;2
680;0
681;0
682;0
683;2
684;0
685;0
686;0
687;0
688;1
689;0
690;0
691;0
692;0
693;0
694;0
695;0
696;0
697;0
698;2
699;0
700;0
701;0
702;0
703;2
704;2
705;0
706;2
707;2
708;2
709;0
710;2
711;0
712;0
713;0
714;0
715;0
716;0
717;2
718;0
719;0
720;2
721;0
722;0
723;0
724;1
725;1
726;0
727;0
728;0
729;0
730;0
731;1
732;0
733;1
734;0
735;1
736;1
737;0
738;0
739;0
740;0
741;0
742;0
743;0
744;1
745;0
746;0
747;0
748;1
749;0
750;0
751;0
752;0
753;1
754;0
755;0
756;0
757;1
758;0
759;0
760;0
761;1
762;0
763;0
764;2
765;0
766;2
767;2
768;0
769;0
770;1
771;1
772;0
773;0
774;2
775;0
776;1
777;0
778;0
779;1
780;0
781;0
782;0
783;2
784;2
785;0
786;0
787;2
788;0
789;0
790;2
791;0
792;0
793;0
794;2
795;0
796;0
797;0
798;0
799;0
800;0
801;0
802;1
803;0
804;1
805;0
806;0
807;0
808;0
809;0
810;0
811;0
812;0
813;0
814;2
815;2
816;0
817;1
818;0
819;1
820;0
821;1
822;2
823;2
824;2
825;2
826;2
827;2
828;0
829;0
830;1
831;0
832;0
833;2
834;2
835;0
836;0
837;0
838;0
839;0
840;0
841;0
842;0
843;1
844;0
845;0
846;1
847;0
848;0
849;0
850;0
851;0
852;0
853;0
854;0
855;0
856;1
857;1
858;0
859;0
860;0
861;2
862;2
863;2
864;1
865;1
866;2
867;2
868;0
869;0
870;0
871;0
872;0
873;0
874;0
875;0
876;2
877;2
878;2
879;2
880;2
881;1
882;0
883;0
884;2
885;1
886;0
887;2
888;1
889;0
890;1
891;2
892;0
893;2
894;2
895;0
896;0
897;0
898;2
899;0
900;0
901;0
902;2
903;0
904;0
905;0
906;2
907;0
908;0
909;2
910;2
911;0
912;0
913;0
914;0
915;0
916;1
917;1
918;0
919;0
920;0
921;0
922;2
923;0
924;0
925;0
926;1
927;0
928;0
929;0
930;1
931;2
932;2
933;1
934;1
935;2
936;2
937;1
938;0
939;2
940;1
941;0
942;1
943;1
944;0
945;0
946;0
947;0
948;0
949;0
950;0
951;0
952;0
953;0
954;0
955;0
956;1
957;2
958;2
959;0
960;0
961;0
962;0
963;0
964;0
965;0
966;0
967;1
968;2
969;0
970;2
971;1
972;1
973;0
974;2
975;0
976;0
977;0
978;0
979;2
980;2
981;0
982;2
983;2
984;4
985;2
986;0
987;1
988;1
989;2
990;2
991;2
992;1
993;0
994;2
995;1
996;2
997;0
998;2
999;0
1000;0
1001;0
1002;2
1003;2
1004;2
1005;0
1006;0
1007;0
1008;3
1009;0
1010;0
1011;0
1012;0
1013;0
1014;1
1015;0
1016;0
1017;0
1018;0
1019;0
1020;0
1021;0
1022;0
1023;0
