0;0
1;0
2;0
3;2
4;4
5;0
6;2
7;2
8;0
9;0
10;0
11;0
12;2
13;0
14;0
15;0
16;1
17;2
18;2
19;1
20;1
21;2
22;0
23;2
24;1
25;2
26;2
27;1
28;0
29;0
30;0
31;2
32;0
33;0
34;0
35;0
36;0
37;0
38;2
39;2
40;0
41;0
42;0
43;0
44;1
45;0
46;2
47;2
48;1
49;0
50;0
51;2
52;2
53;0
54;2
55;2
56;1
57;0
58;2
59;0
60;2
61;0
62;0
63;0
64;0
65;0
66;2
67;2
68;0
69;1
70;0
71;2
72;1
73;0
74;0
75;0
76;0
77;0
78;0
79;0
80;1
81;0
82;0
83;0
84;1
85;0
86;0
87;2
88;2
89;0
90;2
91;2
92;2
93;0
94;2
95;2
96;1
97;2
98;0
99;0
100;0
101;2
102;2
103;1
104;0
105;0
106;1
107;1
108;0
109;0
110;1
111;1
112;0
113;0
114;1
115;0
116;0
117;0
118;0
119;0
120;0
121;1
122;0
123;0
124;0
125;0
126;0
127;0
128;0
129;0
130;0
131;2
132;2
133;1
134;1
135;0
136;1
137;0
138;0
139;2
140;1
141;0
142;2
143;0
144;2
145;0
146;0
147;0
148;0
149;2
150;2
151;2
152;1
153;2
154;2
155;0
156;2
157;0
158;0
159;0
160;0
161;2
162;2
163;1
164;0
165;2
166;1
167;0
168;0
169;0
170;0
171;1
172;0
173;0
174;0
175;0
176;0
177;0
178;0
179;0
180;0
181;0
182;0
183;0
184;2
185;0
186;1
187;0
188;1
189;0
190;2
191;1
192;0
193;0
194;0
195;2
196;2
197;2
198;2
199;2
200;2
201;0
202;0
203;2
204;1
205;0
206;0
207;0
208;0
209;1
210;0
211;0
212;1
213;2
214;2
215;0
216;0
217;0
218;1
219;0
220;1
221;0
222;0
223;0
224;0
225;0
226;0
227;2
228;2
229;0
230;0
231;0
232;0
233;0
234;2
235;1
236;0
237;1
238;0
239;2
240;4
241;0
242;2
243;2
244;0
245;0
246;2
247;0
248;2
249;0
250;0
251;0
252;1
253;0
254;0
255;0
256;0
257;1
258;0
259;2
260;1
261;0
262;0
263;0
264;0
265;0
266;2
267;1
268;2
269;0
270;0
271;0
272;0
273;0
274;2
275;1
276;0
277;0
278;0
279;0
280;1
281;0
282;1
283;0
284;0
285;0
286;0
287;0
288;0
289;1
290;0
291;2
292;2
293;0
294;0
295;0
296;1
297;0
298;0
299;1
300;0
301;0
302;0
303;0
304;0
305;0
306;0
307;1
308;0
309;0
310;0
311;0
312;0
313;0
314;0
315;0
316;0
317;1
318;0
319;0
320;0
321;0
322;0
323;0
324;0
325;1
326;1
327;0
328;0
329;2
330;1
331;1
332;1
333;0
334;0
335;2
336;2
337;2
338;2
339;1
340;0
341;0
342;2
343;0
344;2
345;2
346;1
347;0
348;0
349;2
350;0
351;2
352;2
353;2
354;0
355;0
356;0
357;0
358;0
359;0
360;2
361;0
362;0
363;1
364;0
365;0
366;0
367;2
368;2
369;0
370;2
371;1
372;0
373;0
374;0
375;0
376;2
377;2
378;2
379;2
380;2
381;0
382;2
383;0
384;0
385;0
386;0
387;0
388;1
389;0
390;0
391;0
392;2
393;2
394;2
395;2
396;1
397;0
398;0
399;0
400;2
401;1
402;1
403;0
404;0
405;0
406;0
407;0
408;0
409;0
410;2
411;1
412;0
413;2
414;2
415;0
416;0
417;0
418;0
419;0
420;0
421;0
422;0
423;0
424;0
425;2
426;2
427;2
428;2
429;1
430;0
431;1
432;0
433;0
434;0
435;2
436;0
437;0
438;0
439;1
440;0
441;0
442;0
443;1
444;2
445;2
446;0
447;2
448;0
449;0
450;2
451;2
452;0
453;1
454;0
455;0
456;0
457;0
458;2
459;0
460;0
461;2
462;2
463;0
464;0
465;0
466;0
467;1
468;2
469;0
470;0
471;0
472;1
473;1
474;0
475;0
476;0
477;0
478;0
479;2
480;1
481;0
482;1
483;0
484;2
485;0
486;2
487;0
488;2
489;0
490;1
491;2
492;2
493;0
494;0
495;1
496;0
497;0
498;0
499;0
500;2
501;0
502;2
503;1
504;0
505;1
506;0
507;1
508;0
509;0
510;2
511;0
512;0
513;2
514;2
515;2
516;0
517;0
518;0
519;0
520;0
521;2
522;0
523;0
524;0
525;0
526;0
527;1
528;0
529;0
530;0
531;0
532;0
533;1
534;1
535;0
536;2
537;0
538;1
539;0
540;0
541;1
542;2
543;0
544;0
545;0
546;2
547;1
548;0
549;1
550;0
551;1
552;4
553;0
554;2
555;0
556;2
557;0
558;2
559;0
560;2
561;0
562;0
563;0
564;0
565;0
566;2
567;0
568;0
569;0
570;1
571;0
572;0
573;0
574;0
575;2
576;0
577;0
578;0
579;0
580;0
581;1
582;0
583;1
584;0
585;2
586;2
587;0
588;2
589;0
590;2
591;0
592;0
593;2
594;0
595;1
596;0
597;0
598;0
599;0
600;0
601;0
602;0
603;0
604;0
605;0
606;0
607;0
608;0
609;0
610;0
611;2
612;4
613;0
614;2
615;2
616;2
617;0
618;0
619;0
620;2
621;0
622;0
623;2
624;1
625;0
626;2
627;2
628;1
629;0
630;0
631;2
632;0
633;0
634;1
635;0
636;0
637;0
638;0
639;2
640;4
641;0
642;0
643;2
644;0
645;0
646;2
647;0
648;1
649;0
650;0
651;0
652;0
653;0
654;1
655;0
656;1
657;0
658;2
659;0
660;2
661;1
662;0
663;0
664;2
665;2
666;0
667;2
668;2
669;0
670;2
671;1
672;0
673;0
674;0
675;0
676;0
677;2
678;0
679;0
680;2
681;2
682;2
683;2
684;2
685;0
686;0
687;0
688;2
689;0
690;2
691;1
692;0
693;2
694;0
695;0
696;2
697;1
698;2
699;1
700;0
701;1
702;2
703;0
704;0
705;0
706;0
707;0
708;2
709;0
710;0
711;1
712;0
713;2
714;0
715;0
716;0
717;0
718;0
719;1
720;0
721;0
722;0
723;0
724;2
725;0
726;0
727;2
728;2
729;0
730;0
731;0
732;0
733;0
734;2
735;2
736;1
737;0
738;1
739;0
740;1
741;0
742;0
743;2
744;4
745;0
746;2
747;1
748;0
749;0
750;0
751;0
752;1
753;0
754;0
755;2
756;0
757;0
758;0
759;0
760;1
761;0
762;1
763;0
764;0
765;0
766;0
767;0
768;0
769;0
770;2
771;2
772;2
773;1
774;0
775;0
776;0
777;0
778;0
779;2
780;1
781;1
782;1
783;0
784;0
785;2
786;2
787;0
788;0
789;0
790;0
791;0
792;0
793;0
794;0
795;0
796;1
797;0
798;2
799;1
800;0
801;0
802;0
803;2
804;2
805;0
806;0
807;2
808;0
809;0
810;0
811;0
812;1
813;1
814;1
815;0
816;0
817;1
818;0
819;2
820;2
821;0
822;0
823;1
824;0
825;1
826;0
827;0
828;2
829;0
830;0
831;0
832;0
833;0
834;0
835;0
836;0
837;1
838;0
839;1
840;0
841;0
842;0
843;0
844;0
845;1
846;0
847;0
848;0
849;0
850;1
851;0
852;1
853;0
854;0
855;2
856;2
857;0
858;2
859;2
860;2
861;0
862;0
863;0
864;2
865;0
866;0
867;0
868;0
869;1
870;0
871;0
872;1
873;2
874;2
875;0
876;0
877;1
878;0
879;2
880;1
881;0
882;2
883;0
884;2
885;0
886;2
887;2
888;2
889;0
890;2
891;0
892;0
893;0
894;0
895;1
896;0
897;2
898;1
899;0
900;0
901;0
902;0
903;1
904;0
905;0
906;0
907;0
908;0
909;0
910;0
911;0
912;2
913;0
914;0
915;0
916;0
917;0
918;0
919;0
920;2
921;2
922;2
923;2
924;0
925;0
926;0
927;1
928;0
929;0
930;0
931;0
932;2
933;2
934;0
935;0
936;2
937;0
938;0
939;2
940;0
941;0
942;2
943;0
944;1
945;0
946;0
947;2
948;2
949;0
950;2
951;2
952;2
953;0
954;2
955;0
956;1
957;0
958;0
959;0
960;0
961;2
962;0
963;0
964;1
965;0
966;2
967;1
968;0
969;0
970;0
971;1
972;0
973;0
974;1
975;0
976;2
977;1
978;0
979;0
980;1
981;1
982;0
983;0
984;1
985;0
986;1
987;0
988;1
989;0
990;0
991;0
992;0
993;2
994;2
995;2
996;1
997;1
998;2
999;0
1000;1
1001;2
1002;1
1003;0
1004;0
1005;0
1006;2
1007;0
1008;2
1009;1
1010;0
1011;0
1012;0
1013;0
1014;0
1015;0
1016;0
1017;0
1018;0
1019;0
1020;0
1021;0
1022;0
1023;0
