0;0
1;0
2;0
3;0
4;2
5;0
6;2
7;0
8;2
9;0
10;0
11;0
12;0
13;1
14;1
15;0
16;0
17;0
18;0
19;1
20;0
21;2
22;0
23;2
24;1
25;0
26;0
27;0
28;0
29;0
30;0
31;0
32;1
33;2
34;2
35;0
36;1
37;0
38;0
39;0
40;1
41;0
42;1
43;0
44;2
45;0
46;2
47;0
48;0
49;2
50;0
51;0
52;2
53;0
54;0
55;0
56;0
57;0
58;0
59;0
60;0
61;2
62;2
63;2
64;0
65;0
66;2
67;0
68;0
69;0
70;0
71;0
72;1
73;0
74;2
75;0
76;1
77;0
78;0
79;0
80;2
81;0
82;0
83;2
84;0
85;0
86;0
87;0
88;1
89;0
90;0
91;0
92;2
93;1
94;1
95;2
96;0
97;0
98;0
99;0
100;0
101;1
102;0
103;0
104;0
105;0
106;0
107;1
108;0
109;0
110;0
111;0
112;2
113;2
114;0
115;2
116;2
117;2
118;0
119;0
120;2
121;2
122;4
123;0
124;0
125;0
126;0
127;0
128;0
129;0
130;2
131;0
132;2
133;0
134;0
135;1
136;0
137;2
138;0
139;0
140;2
141;0
142;2
143;0
144;2
145;0
146;0
147;0
148;0
149;0
150;0
151;0
152;2
153;0
154;2
155;1
156;0
157;0
158;1
159;0
160;0
161;0
162;0
163;1
164;1
165;0
166;1
167;0
168;0
169;2
170;1
171;0
172;0
173;0
174;0
175;1
176;0
177;2
178;2
179;0
180;0
181;0
182;2
183;1
184;0
185;0
186;0
187;0
188;0
189;0
190;1
191;0
192;0
193;0
194;2
195;2
196;0
197;0
198;2
199;0
200;0
201;0
202;0
203;2
204;0
205;0
206;0
207;0
208;0
209;0
210;0
211;0
212;2
213;0
214;0
215;0
216;0
217;0
218;0
219;2
220;0
221;0
222;0
223;0
224;1
225;0
226;2
227;1
228;0
229;2
230;0
231;2
232;1
233;1
234;1
235;0
236;0
237;0
238;2
239;1
240;0
241;0
242;1
243;0
244;0
245;1
246;2
247;0
248;0
249;2
250;0
251;0
252;0
253;1
254;0
255;0
256;1
257;0
258;2
259;2
260;1
261;0
262;0
263;2
264;4
265;0
266;2
267;1
268;0
269;0
270;2
271;0
272;2
273;1
274;0
275;2
276;0
277;0
278;0
279;0
280;2
281;0
282;0
283;1
284;0
285;0
286;0
287;0
288;2
289;0
290;0
291;1
292;0
293;1
294;0
295;0
296;0
297;0
298;0
299;2
300;1
301;0
302;0
303;0
304;0
305;0
306;0
307;1
308;0
309;0
310;0
311;0
312;0
313;1
314;2
315;1
316;2
317;1
318;0
319;2
320;0
321;1
322;0
323;0
324;0
325;2
326;2
327;2
328;1
329;2
330;0
331;0
332;0
333;0
334;0
335;2
336;2
337;2
338;0
339;0
340;0
341;0
342;0
343;0
344;0
345;0
346;0
347;2
348;4
349;0
350;0
351;2
352;4
353;0
354;2
355;0
356;2
357;1
358;0
359;0
360;1
361;0
362;1
363;0
364;0
365;0
366;1
367;0
368;0
369;0
370;0
371;0
372;0
373;1
374;2
375;2
376;0
377;0
378;2
379;2
380;0
381;0
382;0
383;0
384;0
385;0
386;0
387;0
388;0
389;0
390;0
391;0
392;0
393;0
394;0
395;0
396;0
397;0
398;2
399;0
400;1
401;0
402;0
403;0
404;0
405;0
406;0
407;0
408;1
409;0
410;2
411;2
412;0
413;1
414;0
415;0
416;1
417;0
418;0
419;2
420;0
421;0
422;2
423;2
424;0
425;0
426;0
427;0
428;0
429;0
430;2
431;0
432;2
433;0
434;0
435;0
436;0
437;1
438;0
439;2
440;2
441;1
442;0
443;2
444;0
445;0
446;2
447;1
448;0
449;0
450;0
451;0
452;0
453;2
454;0
455;1
456;0
457;0
458;0
459;0
460;1
461;0
462;0
463;0
464;0
465;0
466;0
467;0
468;1
469;0
470;0
471;0
472;1
473;0
474;0
475;0
476;1
477;0
478;2
479;2
480;1
481;0
482;0
483;2
484;2
485;0
486;2
487;2
488;0
489;0
490;2
491;0
492;2
493;0
494;2
495;0
496;0
497;0
498;0
499;0
500;2
501;0
502;0
503;0
504;2
505;0
506;0
507;2
508;1
509;0
510;0
511;0
512;0
513;1
514;0
515;0
516;0
517;0
518;0
519;0
520;0
521;0
522;0
523;0
524;1
525;2
526;0
527;1
528;0
529;2
530;0
531;0
532;0
533;2
534;1
535;0
536;0
537;0
538;2
539;2
540;0
541;0
542;2
543;1
544;0
545;0
546;0
547;0
548;1
549;0
550;0
551;0
552;0
553;0
554;1
555;0
556;0
557;0
558;0
559;0
560;2
561;0
562;2
563;0
564;0
565;1
566;2
567;2
568;0
569;0
570;2
571;0
572;0
573;0
574;2
575;1
576;0
577;1
578;0
579;1
580;1
581;0
582;2
583;0
584;0
585;0
586;0
587;0
588;0
589;0
590;0
591;0
592;2
593;2
594;0
595;0
596;0
597;1
598;0
599;0
600;0
601;0
602;0
603;0
604;1
605;0
606;0
607;0
608;0
609;0
610;0
611;0
612;2
613;0
614;0
615;0
616;2
617;0
618;0
619;0
620;0
621;0
622;0
623;0
624;0
625;1
626;0
627;2
628;2
629;2
630;2
631;0
632;0
633;0
634;0
635;2
636;2
637;0
638;2
639;0
640;1
641;0
642;2
643;2
644;0
645;0
646;0
647;0
648;2
649;0
650;0
651;1
652;0
653;0
654;2
655;0
656;1
657;0
658;0
659;0
660;0
661;2
662;0
663;0
664;2
665;2
666;0
667;0
668;1
669;0
670;0
671;0
672;0
673;0
674;2
675;1
676;0
677;0
678;2
679;0
680;0
681;0
682;0
683;0
684;0
685;0
686;2
687;2
688;0
689;0
690;0
691;0
692;0
693;0
694;0
695;2
696;1
697;0
698;1
699;1
700;1
701;0
702;0
703;0
704;0
705;0
706;0
707;2
708;0
709;1
710;0
711;1
712;0
713;0
714;0
715;0
716;0
717;0
718;0
719;2
720;1
721;0
722;0
723;0
724;0
725;0
726;0
727;0
728;0
729;0
730;0
731;0
732;2
733;0
734;0
735;2
736;0
737;0
738;0
739;0
740;0
741;0
742;0
743;2
744;2
745;0
746;0
747;1
748;0
749;0
750;1
751;0
752;2
753;0
754;2
755;0
756;0
757;0
758;0
759;2
760;0
761;2
762;0
763;0
764;1
765;0
766;0
767;0
768;0
769;2
770;2
771;2
772;0
773;0
774;0
775;0
776;0
777;0
778;2
779;2
780;0
781;0
782;1
783;0
784;0
785;0
786;0
787;0
788;1
789;1
790;0
791;0
792;0
793;0
794;0
795;1
796;0
797;1
798;0
799;0
800;0
801;0
802;0
803;1
804;0
805;0
806;0
807;0
808;0
809;1
810;0
811;0
812;0
813;2
814;2
815;0
816;0
817;1
818;0
819;0
820;1
821;0
822;2
823;1
824;0
825;0
826;0
827;0
828;0
829;2
830;1
831;2
832;2
833;0
834;0
835;0
836;0
837;0
838;1
839;2
840;1
841;0
842;1
843;2
844;2
845;0
846;1
847;1
848;0
849;0
850;0
851;1
852;0
853;0
854;0
855;1
856;0
857;0
858;0
859;0
860;1
861;0
862;0
863;1
864;0
865;0
866;0
867;2
868;4
869;2
870;2
871;2
872;0
873;0
874;1
875;0
876;2
877;0
878;0
879;0
880;0
881;0
882;2
883;0
884;1
885;2
886;1
887;0
888;0
889;0
890;0
891;0
892;0
893;0
894;0
895;1
896;0
897;2
898;2
899;2
900;0
901;0
902;0
903;0
904;0
905;0
906;0
907;2
908;1
909;0
910;0
911;1
912;0
913;0
914;0
915;1
916;0
917;0
918;0
919;1
920;0
921;0
922;0
923;0
924;1
925;0
926;2
927;0
928;0
929;0
930;0
931;1
932;0
933;0
934;0
935;2
936;2
937;0
938;1
939;0
940;1
941;0
942;2
943;1
944;0
945;2
946;1
947;0
948;2
949;0
950;2
951;1
952;0
953;0
954;2
955;0
956;2
957;0
958;2
959;0
960;0
961;0
962;0
963;2
964;0
965;1
966;1
967;1
968;0
969;0
970;0
971;2
972;2
973;2
974;2
975;1
976;0
977;0
978;2
979;1
980;0
981;0
982;0
983;0
984;0
985;0
986;1
987;0
988;0
989;0
990;0
991;0
992;0
993;0
994;2
995;2
996;1
997;0
998;0
999;2
1000;4
1001;0
1002;2
1003;2
1004;0
1005;0
1006;2
1007;0
1008;1
1009;2
1010;0
1011;1
1012;1
1013;0
1014;0
1015;0
1016;0
1017;0
1018;0
1019;0
1020;0
1021;0
1022;0
1023;0
