0;1
1;0
2;0
3;2
4;1
5;0
6;2
7;2
8;2
9;0
10;2
11;0
12;2
13;0
14;0
15;0
16;0
17;2
18;2
19;2
20;0
21;1
22;0
23;0
24;1
25;2
26;2
27;2
28;0
29;2
30;0
31;1
32;1
33;0
34;0
35;0
36;0
37;0
38;0
39;0
40;1
41;0
42;0
43;0
44;2
45;2
46;0
47;0
48;1
49;0
50;0
51;0
52;0
53;0
54;0
55;0
56;0
57;1
58;0
59;2
60;1
61;0
62;0
63;0
64;0
65;0
66;0
67;0
68;1
69;0
70;2
71;2
72;1
73;0
74;0
75;0
76;0
77;0
78;0
79;0
80;2
81;0
82;0
83;0
84;1
85;2
86;0
87;0
88;0
89;2
90;2
91;0
92;4
93;2
94;0
95;2
96;2
97;0
98;0
99;0
100;2
101;0
102;1
103;0
104;0
105;0
106;0
107;0
108;0
109;1
110;1
111;0
112;1
113;0
114;1
115;0
116;0
117;0
118;0
119;0
120;2
121;1
122;1
123;0
124;1
125;0
126;0
127;0
128;2
129;0
130;2
131;0
132;2
133;0
134;0
135;0
136;0
137;2
138;2
139;2
140;1
141;0
142;2
143;0
144;0
145;0
146;0
147;0
148;0
149;0
150;2
151;0
152;0
153;0
154;0
155;2
156;1
157;0
158;0
159;2
160;2
161;2
162;2
163;1
164;0
165;2
166;2
167;0
168;1
169;1
170;1
171;1
172;0
173;0
174;0
175;0
176;1
177;0
178;2
179;2
180;0
181;0
182;0
183;2
184;1
185;0
186;0
187;0
188;2
189;1
190;0
191;0
192;1
193;0
194;0
195;1
196;1
197;0
198;1
199;0
200;2
201;0
202;2
203;2
204;0
205;0
206;0
207;0
208;0
209;0
210;0
211;0
212;0
213;0
214;0
215;0
216;1
217;0
218;0
219;0
220;0
221;2
222;2
223;2
224;0
225;0
226;0
227;0
228;0
229;0
230;0
231;0
232;0
233;2
234;1
235;2
236;1
237;0
238;0
239;1
240;0
241;0
242;1
243;0
244;1
245;0
246;0
247;2
248;1
249;0
250;0
251;2
252;2
253;0
254;2
255;2
256;2
257;0
258;0
259;2
260;1
261;0
262;0
263;1
264;1
265;0
266;2
267;0
268;0
269;0
270;0
271;0
272;0
273;0
274;0
275;0
276;1
277;0
278;0
279;0
280;0
281;1
282;0
283;0
284;4
285;0
286;0
287;0
288;2
289;0
290;0
291;0
292;4
293;0
294;0
295;0
296;2
297;0
298;0
299;0
300;2
301;0
302;0
303;1
304;0
305;0
306;0
307;0
308;2
309;0
310;2
311;0
312;0
313;0
314;0
315;0
316;0
317;1
318;0
319;0
320;0
321;0
322;0
323;0
324;0
325;0
326;0
327;0
328;1
329;0
330;0
331;1
332;0
333;0
334;0
335;0
336;2
337;0
338;0
339;0
340;1
341;0
342;0
343;0
344;1
345;0
346;0
347;0
348;1
349;2
350;0
351;0
352;2
353;0
354;2
355;0
356;0
357;0
358;0
359;0
360;2
361;0
362;0
363;0
364;1
365;0
366;0
367;0
368;2
369;1
370;0
371;2
372;1
373;0
374;0
375;0
376;2
377;1
378;0
379;0
380;1
381;0
382;0
383;0
384;0
385;0
386;0
387;0
388;1
389;0
390;2
391;2
392;2
393;1
394;0
395;0
396;0
397;0
398;2
399;2
400;1
401;0
402;0
403;2
404;2
405;2
406;0
407;2
408;2
409;0
410;0
411;0
412;2
413;0
414;0
415;0
416;2
417;0
418;0
419;0
420;0
421;0
422;2
423;0
424;2
425;0
426;2
427;2
428;2
429;2
430;2
431;0
432;0
433;0
434;2
435;0
436;0
437;0
438;0
439;0
440;1
441;2
442;0
443;0
444;1
445;0
446;2
447;2
448;1
449;0
450;1
451;1
452;2
453;0
454;2
455;2
456;1
457;0
458;2
459;1
460;0
461;0
462;0
463;2
464;4
465;0
466;2
467;2
468;2
469;0
470;0
471;0
472;2
473;0
474;0
475;2
476;1
477;0
478;0
479;4
480;1
481;0
482;0
483;0
484;4
485;2
486;2
487;4
488;2
489;0
490;0
491;0
492;1
493;0
494;2
495;1
496;0
497;0
498;0
499;2
500;4
501;0
502;2
503;2
504;2
505;0
506;2
507;0
508;2
509;0
510;0
511;0
512;0
513;0
514;0
515;0
516;1
517;0
518;0
519;0
520;0
521;2
522;0
523;0
524;0
525;0
526;2
527;0
528;0
529;0
530;0
531;0
532;0
533;0
534;0
535;0
536;2
537;0
538;0
539;1
540;0
541;0
542;0
543;0
544;0
545;1
546;1
547;0
548;2
549;2
550;0
551;0
552;0
553;0
554;0
555;1
556;0
557;0
558;0
559;0
560;0
561;0
562;0
563;2
564;0
565;0
566;0
567;0
568;0
569;0
570;0
571;0
572;2
573;2
574;2
575;1
576;0
577;2
578;2
579;0
580;2
581;0
582;2
583;0
584;0
585;2
586;0
587;0
588;1
589;0
590;0
591;0
592;0
593;0
594;0
595;0
596;1
597;0
598;2
599;0
600;1
601;1
602;0
603;2
604;0
605;0
606;0
607;0
608;1
609;0
610;0
611;0
612;1
613;0
614;0
615;2
616;0
617;0
618;0
619;0
620;0
621;2
622;0
623;0
624;2
625;2
626;0
627;0
628;1
629;0
630;0
631;2
632;0
633;0
634;0
635;1
636;0
637;0
638;1
639;0
640;0
641;2
642;0
643;0
644;1
645;0
646;2
647;2
648;1
649;0
650;0
651;2
652;4
653;2
654;2
655;0
656;2
657;0
658;2
659;0
660;2
661;0
662;0
663;0
664;2
665;0
666;2
667;1
668;0
669;0
670;0
671;1
672;0
673;0
674;2
675;2
676;2
677;0
678;0
679;0
680;1
681;0
682;0
683;0
684;0
685;2
686;0
687;0
688;4
689;2
690;0
691;0
692;2
693;0
694;0
695;0
696;2
697;0
698;0
699;0
700;2
701;0
702;0
703;0
704;2
705;0
706;0
707;0
708;0
709;1
710;2
711;2
712;0
713;2
714;2
715;0
716;0
717;0
718;0
719;0
720;1
721;0
722;0
723;0
724;0
725;0
726;0
727;0
728;0
729;0
730;0
731;2
732;0
733;0
734;2
735;0
736;2
737;1
738;0
739;0
740;0
741;0
742;0
743;0
744;1
745;1
746;0
747;0
748;0
749;0
750;0
751;0
752;0
753;0
754;0
755;0
756;0
757;0
758;0
759;0
760;0
761;0
762;2
763;2
764;1
765;0
766;0
767;2
768;4
769;0
770;2
771;2
772;1
773;0
774;2
775;0
776;1
777;2
778;0
779;2
780;2
781;2
782;2
783;0
784;0
785;0
786;0
787;0
788;0
789;1
790;0
791;1
792;0
793;2
794;0
795;0
796;2
797;2
798;2
799;2
800;1
801;0
802;0
803;0
804;1
805;0
806;0
807;0
808;0
809;2
810;0
811;0
812;0
813;0
814;2
815;2
816;1
817;0
818;0
819;0
820;4
821;2
822;2
823;2
824;2
825;0
826;0
827;0
828;2
829;0
830;0
831;0
832;0
833;0
834;0
835;1
836;0
837;1
838;0
839;0
840;1
841;2
842;2
843;1
844;2
845;2
846;0
847;2
848;1
849;0
850;2
851;0
852;0
853;0
854;1
855;0
856;0
857;0
858;2
859;0
860;0
861;0
862;0
863;0
864;0
865;2
866;1
867;0
868;2
869;0
870;2
871;0
872;0
873;0
874;0
875;0
876;0
877;0
878;0
879;0
880;2
881;0
882;0
883;0
884;0
885;1
886;0
887;0
888;0
889;2
890;2
891;2
892;2
893;0
894;0
895;0
896;0
897;0
898;0
899;0
900;2
901;2
902;0
903;0
904;0
905;0
906;0
907;0
908;1
909;0
910;0
911;1
912;2
913;0
914;2
915;2
916;2
917;0
918;0
919;2
920;2
921;0
922;2
923;0
924;1
925;0
926;0
927;0
928;2
929;0
930;2
931;1
932;0
933;0
934;0
935;0
936;0
937;0
938;1
939;0
940;2
941;2
942;1
943;0
944;1
945;0
946;0
947;0
948;0
949;1
950;2
951;0
952;2
953;0
954;2
955;0
956;0
957;1
958;0
959;2
960;2
961;1
962;2
963;0
964;0
965;0
966;0
967;0
968;2
969;2
970;2
971;2
972;0
973;2
974;0
975;0
976;0
977;0
978;0
979;0
980;2
981;0
982;2
983;0
984;0
985;0
986;2
987;2
988;2
989;0
990;0
991;0
992;0
993;0
994;0
995;0
996;0
997;0
998;0
999;1
1000;0
1001;1
1002;0
1003;2
1004;0
1005;0
1006;1
1007;0
1008;1
1009;0
1010;0
1011;2
1012;1
1013;0
1014;0
1015;1
1016;0
1017;0
1018;0
1019;0
1020;0
1021;0
1022;0
1023;0
