0;1
1;0
2;0
3;0
4;2
5;0
6;1
7;0
8;0
9;0
10;2
11;2
12;2
13;0
14;0
15;1
16;2
17;0
18;0
19;1
20;0
21;1
22;1
23;2
24;1
25;0
26;0
27;0
28;2
29;0
30;0
31;0
32;0
33;0
34;0
35;2
36;0
37;0
38;0
39;0
40;0
41;0
42;0
43;2
44;0
45;0
46;0
47;0
48;0
49;0
50;1
51;1
52;0
53;0
54;0
55;0
56;0
57;2
58;2
59;0
60;2
61;1
62;0
63;0
64;2
65;0
66;0
67;2
68;0
69;2
70;2
71;0
72;1
73;0
74;0
75;0
76;2
77;1
78;0
79;0
80;1
81;1
82;0
83;0
84;0
85;0
86;0
87;0
88;2
89;0
90;1
91;0
92;1
93;0
94;1
95;2
96;2
97;0
98;1
99;0
100;0
101;1
102;2
103;0
104;0
105;0
106;0
107;0
108;0
109;0
110;0
111;1
112;0
113;0
114;0
115;0
116;2
117;1
118;0
119;0
120;0
121;0
122;0
123;0
124;0
125;2
126;2
127;0
128;2
129;0
130;0
131;0
132;1
133;0
134;0
135;0
136;0
137;0
138;0
139;0
140;0
141;0
142;0
143;0
144;2
145;1
146;0
147;0
148;1
149;2
150;1
151;0
152;2
153;1
154;1
155;0
156;0
157;0
158;0
159;1
160;0
161;0
162;2
163;1
164;0
165;0
166;0
167;0
168;1
169;0
170;2
171;2
172;0
173;2
174;1
175;0
176;2
177;1
178;0
179;1
180;0
181;0
182;1
183;0
184;0
185;0
186;0
187;0
188;2
189;1
190;0
191;2
192;2
193;2
194;0
195;0
196;0
197;0
198;0
199;2
200;2
201;0
202;0
203;1
204;1
205;0
206;0
207;0
208;2
209;0
210;1
211;0
212;0
213;0
214;0
215;0
216;2
217;0
218;0
219;1
220;0
221;0
222;2
223;2
224;1
225;1
226;0
227;1
228;1
229;0
230;0
231;1
232;0
233;0
234;0
235;0
236;1
237;0
238;1
239;0
240;0
241;0
242;2
243;2
244;2
245;0
246;0
247;0
248;0
249;0
250;0
251;2
252;1
253;0
254;2
255;0
256;1
257;0
258;1
259;1
260;0
261;0
262;0
263;0
264;0
265;0
266;0
267;1
268;0
269;0
270;0
271;2
272;0
273;0
274;0
275;0
276;2
277;2
278;0
279;0
280;0
281;0
282;0
283;0
284;2
285;0
286;0
287;0
288;1
289;0
290;0
291;0
292;1
293;0
294;0
295;1
296;0
297;0
298;0
299;0
300;0
301;2
302;0
303;0
304;0
305;0
306;0
307;0
308;2
309;0
310;2
311;0
312;0
313;1
314;1
315;0
316;0
317;0
318;2
319;0
320;1
321;0
322;1
323;0
324;0
325;0
326;0
327;0
328;0
329;0
330;0
331;1
332;0
333;0
334;0
335;1
336;0
337;2
338;2
339;2
340;2
341;0
342;0
343;0
344;1
345;0
346;0
347;1
348;0
349;0
350;0
351;1
352;0
353;0
354;0
355;0
356;0
357;0
358;2
359;1
360;0
361;0
362;1
363;0
364;0
365;0
366;0
367;0
368;0
369;0
370;0
371;1
372;1
373;0
374;2
375;0
376;1
377;2
378;0
379;0
380;2
381;1
382;0
383;0
384;0
385;0
386;0
387;0
388;0
389;1
390;1
391;0
392;2
393;0
394;2
395;0
396;2
397;2
398;2
399;0
400;0
401;2
402;2
403;0
404;2
405;2
406;1
407;0
408;2
409;0
410;0
411;0
412;0
413;0
414;0
415;0
416;0
417;2
418;0
419;0
420;0
421;0
422;0
423;0
424;0
425;0
426;1
427;0
428;0
429;0
430;0
431;1
432;2
433;2
434;0
435;0
436;0
437;0
438;0
439;0
440;0
441;1
442;0
443;0
444;0
445;2
446;0
447;0
448;0
449;0
450;0
451;2
452;0
453;2
454;0
455;2
456;0
457;0
458;1
459;0
460;0
461;0
462;0
463;0
464;0
465;0
466;0
467;0
468;1
469;0
470;0
471;0
472;0
473;0
474;0
475;0
476;2
477;1
478;2
479;2
480;1
481;0
482;0
483;0
484;0
485;4
486;2
487;1
488;1
489;0
490;0
491;0
492;0
493;1
494;1
495;0
496;2
497;0
498;2
499;2
500;2
501;2
502;0
503;0
504;2
505;1
506;0
507;0
508;1
509;0
510;0
511;4
512;0
513;0
514;1
515;0
516;1
517;0
518;2
519;2
520;0
521;0
522;0
523;1
524;0
525;2
526;2
527;0
528;2
529;0
530;2
531;0
532;0
533;0
534;0
535;2
536;2
537;1
538;0
539;0
540;0
541;0
542;0
543;0
544;2
545;0
546;0
547;0
548;1
549;0
550;0
551;0
552;0
553;0
554;2
555;2
556;0
557;2
558;0
559;0
560;1
561;0
562;2
563;0
564;0
565;0
566;0
567;0
568;1
569;0
570;0
571;0
572;1
573;1
574;0
575;0
576;0
577;0
578;0
579;0
580;0
581;2
582;2
583;0
584;0
585;0
586;0
587;0
588;0
589;1
590;0
591;2
592;2
593;0
594;0
595;0
596;0
597;1
598;2
599;2
600;0
601;0
602;0
603;0
604;0
605;0
606;0
607;0
608;0
609;0
610;0
611;0
612;0
613;2
614;2
615;2
616;2
617;0
618;0
619;0
620;2
621;0
622;2
623;0
624;0
625;0
626;0
627;0
628;0
629;0
630;0
631;0
632;1
633;0
634;1
635;0
636;2
637;0
638;0
639;0
640;2
641;0
642;0
643;0
644;2
645;2
646;0
647;0
648;0
649;1
650;0
651;0
652;0
653;0
654;0
655;0
656;0
657;0
658;2
659;0
660;0
661;0
662;0
663;0
664;1
665;0
666;1
667;0
668;1
669;0
670;2
671;0
672;0
673;0
674;0
675;0
676;2
677;0
678;0
679;0
680;0
681;0
682;2
683;0
684;0
685;1
686;0
687;2
688;0
689;0
690;1
691;0
692;2
693;0
694;0
695;2
696;1
697;0
698;0
699;2
700;4
701;2
702;2
703;0
704;2
705;0
706;0
707;0
708;2
709;0
710;1
711;0
712;0
713;0
714;0
715;0
716;4
717;0
718;2
719;0
720;0
721;2
722;1
723;2
724;1
725;0
726;0
727;1
728;0
729;0
730;2
731;0
732;0
733;0
734;0
735;0
736;0
737;0
738;1
739;0
740;1
741;0
742;0
743;0
744;0
745;0
746;2
747;2
748;0
749;0
750;1
751;0
752;2
753;0
754;0
755;0
756;1
757;0
758;2
759;0
760;4
761;0
762;0
763;0
764;2
765;2
766;0
767;2
768;2
769;2
770;0
771;0
772;0
773;1
774;0
775;0
776;0
777;2
778;2
779;2
780;0
781;2
782;0
783;0
784;0
785;0
786;0
787;2
788;2
789;0
790;0
791;1
792;0
793;0
794;0
795;0
796;0
797;0
798;0
799;0
800;0
801;0
802;0
803;0
804;0
805;0
806;2
807;2
808;0
809;0
810;0
811;0
812;0
813;2
814;2
815;0
816;0
817;0
818;0
819;0
820;0
821;0
822;0
823;0
824;2
825;1
826;0
827;0
828;0
829;0
830;0
831;0
832;0
833;0
834;0
835;1
836;1
837;0
838;0
839;2
840;4
841;0
842;2
843;1
844;2
845;2
846;0
847;0
848;2
849;2
850;0
851;0
852;0
853;0
854;0
855;0
856;2
857;0
858;0
859;0
860;0
861;0
862;0
863;2
864;1
865;0
866;0
867;0
868;0
869;2
870;0
871;0
872;0
873;0
874;0
875;0
876;0
877;0
878;0
879;0
880;2
881;0
882;0
883;0
884;1
885;0
886;0
887;0
888;0
889;2
890;0
891;0
892;2
893;0
894;1
895;1
896;0
897;0
898;0
899;0
900;2
901;2
902;0
903;2
904;2
905;0
906;0
907;0
908;0
909;0
910;0
911;0
912;0
913;0
914;0
915;0
916;2
917;0
918;0
919;2
920;0
921;1
922;0
923;0
924;0
925;0
926;0
927;0
928;0
929;2
930;0
931;0
932;1
933;2
934;0
935;0
936;1
937;0
938;0
939;0
940;0
941;0
942;0
943;0
944;0
945;1
946;0
947;0
948;0
949;0
950;0
951;2
952;0
953;0
954;2
955;0
956;0
957;2
958;1
959;4
960;0
961;2
962;0
963;0
964;2
965;2
966;2
967;2
968;1
969;0
970;1
971;0
972;0
973;0
974;0
975;2
976;1
977;0
978;0
979;2
980;1
981;0
982;0
983;0
984;0
985;0
986;0
987;0
988;2
989;2
990;0
991;0
992;4
993;0
994;0
995;0
996;0
997;1
998;0
999;0
1000;1
1001;0
1002;0
1003;0
1004;0
1005;0
1006;0
1007;0
1008;1
1009;1
1010;1
1011;0
1012;0
1013;1
1014;0
1015;0
1016;0
1017;0
1018;0
1019;0
1020;0
1021;0
1022;0
1023;0
