0;1
1;0
2;0
3;2
4;4
5;0
6;2
7;1
8;0
9;0
10;0
11;0
12;1
13;0
14;2
15;0
16;0
17;1
18;0
19;0
20;0
21;2
22;0
23;0
24;1
25;0
26;0
27;0
28;1
29;0
30;2
31;1
32;0
33;0
34;0
35;0
36;0
37;0
38;2
39;2
40;2
41;0
42;2
43;0
44;1
45;0
46;0
47;1
48;0
49;2
50;1
51;0
52;1
53;0
54;1
55;0
56;1
57;0
58;0
59;0
60;2
61;0
62;2
63;0
64;0
65;2
66;0
67;0
68;2
69;0
70;0
71;0
72;0
73;0
74;0
75;0
76;1
77;1
78;0
79;2
80;0
81;2
82;0
83;0
84;0
85;0
86;0
87;0
88;0
89;0
90;0
91;0
92;2
93;2
94;2
95;1
96;0
97;0
98;0
99;2
100;0
101;0
102;0
103;0
104;1
105;0
106;0
107;0
108;2
109;0
110;2
111;0
112;2
113;0
114;0
115;0
116;0
117;0
118;2
119;0
120;0
121;0
122;0
123;0
124;0
125;0
126;0
127;0
128;0
129;1
130;0
131;2
132;2
133;2
134;0
135;0
136;0
137;2
138;2
139;2
140;2
141;0
142;0
143;0
144;2
145;2
146;2
147;2
148;2
149;0
150;0
151;0
152;0
153;0
154;0
155;0
156;2
157;0
158;2
159;0
160;2
161;0
162;0
163;0
164;2
165;2
166;2
167;0
168;2
169;0
170;2
171;0
172;0
173;0
174;2
175;0
176;0
177;0
178;0
179;0
180;2
181;1
182;0
183;0
184;0
185;0
186;0
187;0
188;1
189;0
190;2
191;2
192;1
193;0
194;0
195;2
196;2
197;2
198;2
199;0
200;2
201;0
202;1
203;0
204;1
205;0
206;0
207;0
208;0
209;1
210;0
211;0
212;0
213;0
214;1
215;0
216;1
217;0
218;2
219;2
220;2
221;0
222;0
223;0
224;2
225;0
226;2
227;2
228;2
229;0
230;0
231;0
232;2
233;0
234;0
235;0
236;0
237;0
238;0
239;0
240;1
241;0
242;0
243;0
244;2
245;2
246;2
247;0
248;0
249;2
250;0
251;2
252;0
253;0
254;1
255;0
256;0
257;0
258;0
259;2
260;1
261;0
262;2
263;2
264;2
265;0
266;2
267;0
268;2
269;0
270;0
271;0
272;0
273;2
274;0
275;0
276;0
277;1
278;2
279;0
280;2
281;0
282;0
283;0
284;0
285;1
286;1
287;2
288;1
289;1
290;1
291;0
292;0
293;1
294;2
295;0
296;0
297;0
298;1
299;0
300;0
301;0
302;2
303;0
304;0
305;2
306;2
307;2
308;1
309;0
310;2
311;0
312;2
313;0
314;2
315;0
316;0
317;0
318;1
319;2
320;1
321;0
322;0
323;0
324;0
325;0
326;0
327;0
328;0
329;0
330;0
331;2
332;2
333;0
334;0
335;1
336;0
337;1
338;0
339;0
340;0
341;0
342;0
343;0
344;0
345;0
346;0
347;0
348;0
349;2
350;2
351;2
352;1
353;0
354;0
355;0
356;0
357;2
358;2
359;0
360;1
361;0
362;1
363;2
364;4
365;2
366;0
367;2
368;2
369;1
370;0
371;2
372;1
373;0
374;0
375;0
376;2
377;1
378;0
379;0
380;2
381;0
382;0
383;0
384;0
385;2
386;0
387;2
388;0
389;1
390;0
391;0
392;1
393;0
394;0
395;2
396;2
397;0
398;0
399;0
400;0
401;2
402;2
403;2
404;0
405;0
406;2
407;0
408;0
409;0
410;1
411;2
412;0
413;0
414;0
415;0
416;0
417;0
418;0
419;0
420;0
421;0
422;1
423;0
424;0
425;0
426;0
427;2
428;0
429;2
430;2
431;0
432;2
433;2
434;0
435;2
436;0
437;0
438;0
439;0
440;1
441;0
442;2
443;0
444;0
445;0
446;2
447;2
448;1
449;0
450;0
451;1
452;0
453;0
454;0
455;1
456;0
457;2
458;2
459;2
460;2
461;0
462;0
463;0
464;2
465;2
466;1
467;0
468;2
469;0
470;2
471;0
472;1
473;0
474;0
475;0
476;0
477;2
478;0
479;0
480;0
481;1
482;1
483;1
484;0
485;0
486;0
487;0
488;0
489;0
490;0
491;1
492;0
493;0
494;0
495;0
496;0
497;1
498;2
499;2
500;0
501;0
502;0
503;0
504;0
505;0
506;2
507;2
508;2
509;0
510;2
511;0
512;0
513;0
514;0
515;0
516;0
517;0
518;0
519;0
520;0
521;0
522;0
523;0
524;2
525;0
526;0
527;0
528;0
529;0
530;1
531;2
532;0
533;1
534;1
535;2
536;0
537;0
538;0
539;2
540;0
541;0
542;0
543;0
544;2
545;2
546;2
547;1
548;0
549;2
550;0
551;0
552;0
553;2
554;2
555;0
556;0
557;0
558;2
559;1
560;1
561;0
562;0
563;0
564;0
565;0
566;0
567;2
568;1
569;0
570;0
571;0
572;1
573;0
574;1
575;1
576;0
577;0
578;0
579;2
580;1
581;0
582;2
583;0
584;0
585;2
586;0
587;0
588;0
589;2
590;2
591;0
592;0
593;0
594;0
595;0
596;0
597;2
598;2
599;1
600;0
601;2
602;2
603;0
604;0
605;0
606;0
607;0
608;0
609;0
610;0
611;0
612;0
613;2
614;0
615;0
616;1
617;0
618;0
619;0
620;1
621;0
622;0
623;0
624;0
625;0
626;0
627;0
628;1
629;0
630;0
631;0
632;2
633;0
634;0
635;0
636;2
637;0
638;0
639;0
640;0
641;0
642;0
643;0
644;2
645;0
646;0
647;0
648;0
649;0
650;0
651;0
652;0
653;0
654;2
655;2
656;0
657;2
658;0
659;0
660;2
661;1
662;0
663;0
664;1
665;1
666;0
667;0
668;1
669;0
670;0
671;0
672;0
673;0
674;0
675;0
676;0
677;0
678;0
679;2
680;0
681;0
682;0
683;2
684;0
685;0
686;0
687;0
688;0
689;0
690;2
691;0
692;2
693;0
694;1
695;0
696;0
697;2
698;0
699;1
700;0
701;0
702;0
703;0
704;2
705;0
706;2
707;2
708;0
709;0
710;2
711;0
712;1
713;1
714;0
715;0
716;0
717;0
718;0
719;2
720;1
721;0
722;0
723;0
724;1
725;0
726;0
727;0
728;0
729;0
730;0
731;2
732;0
733;0
734;1
735;0
736;0
737;0
738;0
739;0
740;0
741;2
742;0
743;0
744;1
745;0
746;0
747;0
748;0
749;1
750;0
751;0
752;0
753;0
754;0
755;0
756;2
757;2
758;0
759;0
760;0
761;1
762;1
763;0
764;2
765;0
766;0
767;2
768;0
769;0
770;2
771;0
772;0
773;0
774;0
775;0
776;0
777;0
778;1
779;0
780;1
781;0
782;0
783;2
784;1
785;0
786;2
787;2
788;2
789;0
790;0
791;0
792;1
793;0
794;0
795;0
796;0
797;0
798;0
799;1
800;0
801;1
802;0
803;0
804;1
805;0
806;0
807;0
808;0
809;0
810;2
811;0
812;2
813;0
814;0
815;1
816;0
817;2
818;1
819;0
820;2
821;2
822;2
823;2
824;2
825;2
826;4
827;0
828;2
829;0
830;1
831;0
832;0
833;2
834;2
835;0
836;0
837;0
838;0
839;0
840;0
841;0
842;0
843;0
844;0
845;0
846;0
847;0
848;0
849;1
850;0
851;0
852;0
853;0
854;1
855;0
856;1
857;0
858;0
859;0
860;0
861;1
862;0
863;2
864;0
865;0
866;2
867;2
868;2
869;0
870;0
871;0
872;2
873;0
874;0
875;0
876;2
877;1
878;0
879;2
880;2
881;0
882;0
883;0
884;0
885;2
886;1
887;2
888;1
889;0
890;2
891;2
892;2
893;0
894;2
895;0
896;0
897;0
898;0
899;0
900;0
901;0
902;0
903;0
904;0
905;0
906;0
907;0
908;0
909;2
910;1
911;0
912;0
913;0
914;0
915;0
916;1
917;1
918;0
919;0
920;0
921;0
922;2
923;0
924;0
925;1
926;2
927;1
928;0
929;1
930;0
931;0
932;1
933;0
934;0
935;0
936;0
937;0
938;1
939;0
940;0
941;1
942;1
943;1
944;0
945;0
946;0
947;2
948;2
949;1
950;0
951;0
952;2
953;0
954;0
955;0
956;0
957;0
958;0
959;0
960;0
961;0
962;1
963;0
964;0
965;0
966;0
967;0
968;0
969;0
970;1
971;0
972;0
973;0
974;2
975;2
976;1
977;0
978;0
979;2
980;2
981;0
982;2
983;1
984;1
985;0
986;0
987;0
988;1
989;0
990;2
991;2
992;2
993;2
994;2
995;1
996;0
997;0
998;2
999;0
1000;0
1001;2
1002;2
1003;2
1004;2
1005;0
1006;0
1007;0
1008;0
1009;0
1010;0
1011;0
1012;0
1013;1
1014;1
1015;0
1016;0
1017;0
1018;0
1019;0
1020;0
1021;0
1022;0
1023;0
