0;1
1;0
2;0
3;2
4;2
5;0
6;2
7;2
8;2
9;0
10;2
11;0
12;0
13;1
14;0
15;2
16;2
17;1
18;0
19;0
20;1
21;0
22;0
23;0
24;0
25;2
26;1
27;1
28;1
29;0
30;0
31;0
32;1
33;0
34;1
35;0
36;1
37;0
38;1
39;0
40;1
41;0
42;0
43;0
44;1
45;1
46;0
47;0
48;0
49;0
50;0
51;2
52;2
53;0
54;0
55;2
56;1
57;0
58;0
59;2
60;0
61;0
62;0
63;0
64;2
65;0
66;0
67;1
68;0
69;0
70;2
71;2
72;2
73;2
74;0
75;0
76;2
77;2
78;2
79;0
80;0
81;0
82;0
83;0
84;0
85;0
86;0
87;1
88;0
89;1
90;0
91;1
92;1
93;0
94;0
95;2
96;1
97;0
98;0
99;0
100;2
101;0
102;2
103;2
104;2
105;0
106;0
107;0
108;1
109;0
110;1
111;0
112;2
113;0
114;0
115;0
116;2
117;0
118;0
119;0
120;0
121;0
122;0
123;0
124;1
125;0
126;0
127;0
128;2
129;0
130;0
131;0
132;1
133;2
134;1
135;0
136;0
137;0
138;0
139;0
140;0
141;0
142;2
143;2
144;1
145;0
146;0
147;2
148;0
149;0
150;2
151;1
152;0
153;0
154;2
155;2
156;1
157;0
158;0
159;0
160;0
161;1
162;0
163;1
164;0
165;0
166;2
167;2
168;2
169;2
170;0
171;0
172;2
173;2
174;2
175;0
176;1
177;0
178;2
179;0
180;1
181;0
182;2
183;2
184;1
185;0
186;0
187;0
188;4
189;0
190;2
191;2
192;2
193;2
194;2
195;0
196;1
197;0
198;0
199;0
200;0
201;0
202;2
203;2
204;2
205;2
206;0
207;2
208;2
209;0
210;2
211;0
212;1
213;2
214;0
215;0
216;1
217;0
218;1
219;0
220;1
221;0
222;0
223;0
224;2
225;0
226;0
227;0
228;2
229;2
230;0
231;1
232;0
233;0
234;0
235;0
236;0
237;0
238;0
239;2
240;1
241;2
242;1
243;0
244;0
245;0
246;0
247;0
248;1
249;0
250;2
251;0
252;0
253;2
254;2
255;2
256;2
257;0
258;0
259;0
260;1
261;2
262;2
263;2
264;2
265;0
266;2
267;0
268;1
269;0
270;2
271;1
272;0
273;0
274;1
275;2
276;0
277;2
278;0
279;0
280;1
281;0
282;1
283;0
284;1
285;0
286;2
287;2
288;1
289;0
290;0
291;2
292;4
293;2
294;2
295;2
296;2
297;0
298;2
299;0
300;2
301;0
302;0
303;0
304;1
305;0
306;2
307;0
308;0
309;2
310;2
311;2
312;2
313;0
314;2
315;2
316;1
317;0
318;0
319;0
320;0
321;0
322;0
323;0
324;0
325;2
326;1
327;0
328;1
329;0
330;0
331;2
332;2
333;0
334;1
335;2
336;2
337;1
338;0
339;0
340;0
341;2
342;1
343;0
344;1
345;0
346;0
347;0
348;0
349;0
350;0
351;2
352;1
353;0
354;0
355;0
356;1
357;0
358;2
359;0
360;1
361;0
362;0
363;2
364;4
365;0
366;0
367;2
368;2
369;0
370;2
371;0
372;2
373;1
374;1
375;0
376;0
377;1
378;1
379;0
380;0
381;0
382;0
383;0
384;1
385;0
386;0
387;0
388;2
389;2
390;2
391;0
392;0
393;2
394;1
395;0
396;2
397;0
398;1
399;1
400;1
401;0
402;0
403;0
404;0
405;0
406;2
407;1
408;0
409;0
410;0
411;0
412;2
413;0
414;2
415;2
416;1
417;0
418;0
419;0
420;4
421;0
422;0
423;0
424;2
425;0
426;0
427;0
428;2
429;2
430;1
431;0
432;0
433;0
434;0
435;0
436;0
437;0
438;0
439;0
440;2
441;2
442;2
443;2
444;2
445;2
446;0
447;0
448;0
449;1
450;0
451;0
452;2
453;0
454;0
455;0
456;1
457;0
458;0
459;0
460;0
461;0
462;0
463;0
464;0
465;0
466;0
467;2
468;2
469;0
470;2
471;0
472;0
473;0
474;0
475;0
476;0
477;0
478;0
479;0
480;0
481;0
482;0
483;0
484;0
485;0
486;1
487;0
488;2
489;1
490;0
491;1
492;0
493;2
494;0
495;2
496;0
497;2
498;1
499;2
500;2
501;0
502;0
503;0
504;0
505;0
506;2
507;0
508;2
509;0
510;0
511;2
512;0
513;0
514;0
515;0
516;0
517;0
518;0
519;0
520;0
521;0
522;1
523;2
524;0
525;2
526;0
527;0
528;0
529;0
530;0
531;0
532;0
533;0
534;1
535;0
536;0
537;0
538;0
539;2
540;2
541;0
542;2
543;2
544;2
545;0
546;2
547;0
548;2
549;0
550;2
551;2
552;1
553;0
554;0
555;1
556;0
557;0
558;2
559;0
560;0
561;0
562;0
563;0
564;0
565;0
566;0
567;0
568;1
569;0
570;0
571;2
572;1
573;0
574;0
575;0
576;2
577;0
578;2
579;1
580;0
581;0
582;2
583;0
584;4
585;0
586;1
587;0
588;2
589;0
590;0
591;0
592;2
593;1
594;0
595;1
596;2
597;0
598;0
599;1
600;0
601;1
602;0
603;2
604;1
605;0
606;1
607;2
608;1
609;0
610;0
611;0
612;0
613;2
614;2
615;0
616;2
617;2
618;0
619;2
620;2
621;0
622;1
623;0
624;0
625;0
626;2
627;2
628;0
629;1
630;0
631;0
632;2
633;0
634;0
635;0
636;0
637;0
638;0
639;0
640;1
641;1
642;0
643;0
644;2
645;0
646;2
647;2
648;2
649;0
650;2
651;0
652;0
653;0
654;0
655;0
656;0
657;0
658;0
659;0
660;0
661;0
662;2
663;0
664;0
665;0
666;0
667;0
668;1
669;0
670;0
671;2
672;0
673;0
674;0
675;0
676;1
677;1
678;0
679;2
680;0
681;0
682;0
683;0
684;0
685;0
686;0
687;2
688;1
689;0
690;0
691;2
692;4
693;0
694;2
695;2
696;2
697;0
698;0
699;0
700;1
701;0
702;0
703;2
704;1
705;0
706;0
707;0
708;4
709;0
710;2
711;2
712;4
713;0
714;2
715;0
716;2
717;0
718;0
719;2
720;2
721;0
722;2
723;0
724;0
725;1
726;2
727;0
728;0
729;0
730;0
731;0
732;0
733;0
734;0
735;0
736;0
737;0
738;0
739;2
740;1
741;0
742;2
743;2
744;1
745;1
746;0
747;2
748;2
749;0
750;2
751;2
752;2
753;0
754;2
755;0
756;0
757;0
758;0
759;0
760;0
761;0
762;0
763;0
764;0
765;1
766;0
767;0
768;1
769;0
770;0
771;1
772;2
773;2
774;0
775;0
776;1
777;0
778;2
779;0
780;1
781;0
782;0
783;2
784;2
785;0
786;0
787;1
788;0
789;0
790;2
791;0
792;0
793;0
794;2
795;0
796;1
797;0
798;1
799;0
800;2
801;1
802;0
803;0
804;0
805;1
806;0
807;0
808;1
809;1
810;0
811;0
812;0
813;2
814;2
815;0
816;0
817;0
818;0
819;2
820;1
821;0
822;0
823;0
824;0
825;2
826;0
827;0
828;0
829;0
830;0
831;2
832;1
833;1
834;2
835;1
836;0
837;2
838;0
839;0
840;2
841;0
842;1
843;0
844;1
845;0
846;0
847;1
848;0
849;0
850;0
851;2
852;2
853;0
854;2
855;2
856;0
857;1
858;0
859;0
860;2
861;2
862;2
863;2
864;2
865;0
866;0
867;2
868;2
869;0
870;0
871;4
872;0
873;0
874;0
875;1
876;0
877;0
878;2
879;2
880;1
881;0
882;0
883;1
884;2
885;0
886;2
887;2
888;2
889;2
890;0
891;0
892;2
893;2
894;0
895;0
896;0
897;1
898;0
899;0
900;0
901;0
902;0
903;0
904;2
905;0
906;2
907;0
908;2
909;0
910;2
911;0
912;1
913;0
914;0
915;2
916;0
917;0
918;0
919;0
920;0
921;2
922;0
923;0
924;0
925;1
926;0
927;0
928;0
929;1
930;0
931;2
932;1
933;0
934;1
935;0
936;0
937;2
938;0
939;0
940;1
941;0
942;2
943;0
944;0
945;0
946;2
947;2
948;1
949;0
950;0
951;2
952;2
953;0
954;0
955;2
956;2
957;0
958;2
959;0
960;1
961;0
962;0
963;0
964;0
965;2
966;0
967;0
968;0
969;0
970;2
971;0
972;0
973;0
974;2
975;0
976;0
977;0
978;0
979;0
980;1
981;0
982;0
983;0
984;1
985;0
986;2
987;1
988;0
989;0
990;0
991;0
992;2
993;2
994;0
995;2
996;0
997;2
998;2
999;2
1000;1
1001;1
1002;2
1003;2
1004;2
1005;0
1006;0
1007;1
1008;0
1009;0
1010;0
1011;0
1012;1
1013;1
1014;0
1015;1
1016;0
1017;0
1018;0
1019;0
1020;0
1021;0
1022;0
1023;0
