0;1
1;0
2;0
3;2
4;4
5;0
6;2
7;2
8;2
9;0
10;2
11;0
12;2
13;1
14;0
15;0
16;0
17;1
18;0
19;0
20;2
21;0
22;0
23;2
24;0
25;0
26;0
27;1
28;1
29;0
30;0
31;0
32;1
33;2
34;0
35;0
36;1
37;0
38;0
39;0
40;1
41;0
42;0
43;0
44;1
45;2
46;2
47;2
48;2
49;0
50;0
51;0
52;0
53;0
54;2
55;2
56;1
57;0
58;0
59;0
60;2
61;0
62;2
63;2
64;2
65;2
66;0
67;0
68;2
69;1
70;0
71;2
72;1
73;0
74;1
75;0
76;0
77;2
78;2
79;0
80;0
81;0
82;0
83;2
84;0
85;0
86;0
87;0
88;2
89;1
90;0
91;0
92;1
93;0
94;2
95;2
96;0
97;0
98;0
99;2
100;1
101;0
102;0
103;2
104;2
105;0
106;2
107;0
108;2
109;0
110;0
111;0
112;2
113;0
114;1
115;0
116;2
117;0
118;0
119;0
120;1
121;0
122;2
123;2
124;0
125;0
126;0
127;2
128;2
129;0
130;2
131;1
132;2
133;2
134;0
135;0
136;2
137;0
138;1
139;0
140;2
141;0
142;0
143;0
144;2
145;2
146;0
147;0
148;0
149;0
150;0
151;0
152;2
153;1
154;0
155;0
156;0
157;1
158;0
159;0
160;0
161;0
162;1
163;0
164;1
165;0
166;0
167;1
168;0
169;0
170;0
171;2
172;2
173;0
174;2
175;2
176;0
177;0
178;2
179;0
180;2
181;2
182;0
183;1
184;0
185;2
186;2
187;0
188;1
189;0
190;0
191;1
192;0
193;0
194;1
195;0
196;2
197;2
198;0
199;2
200;1
201;2
202;0
203;0
204;0
205;2
206;0
207;2
208;1
209;0
210;0
211;2
212;2
213;0
214;2
215;0
216;0
217;0
218;0
219;0
220;0
221;0
222;0
223;2
224;1
225;0
226;0
227;2
228;2
229;0
230;2
231;1
232;2
233;0
234;2
235;0
236;0
237;0
238;0
239;0
240;0
241;0
242;0
243;0
244;0
245;1
246;0
247;2
248;0
249;2
250;0
251;0
252;0
253;0
254;1
255;0
256;0
257;0
258;2
259;1
260;0
261;0
262;0
263;0
264;2
265;0
266;2
267;2
268;0
269;2
270;2
271;0
272;0
273;0
274;1
275;0
276;0
277;0
278;1
279;1
280;0
281;1
282;0
283;1
284;0
285;0
286;1
287;4
288;2
289;0
290;1
291;0
292;2
293;0
294;2
295;2
296;1
297;0
298;0
299;2
300;2
301;2
302;2
303;2
304;2
305;0
306;0
307;0
308;0
309;1
310;0
311;0
312;0
313;0
314;2
315;1
316;0
317;0
318;0
319;0
320;2
321;0
322;2
323;2
324;4
325;1
326;2
327;0
328;2
329;0
330;0
331;0
332;2
333;2
334;0
335;2
336;2
337;0
338;2
339;2
340;2
341;0
342;0
343;1
344;0
345;0
346;0
347;0
348;0
349;0
350;0
351;0
352;1
353;0
354;0
355;0
356;1
357;2
358;2
359;2
360;2
361;2
362;2
363;0
364;0
365;1
366;0
367;0
368;1
369;0
370;0
371;0
372;2
373;0
374;2
375;0
376;1
377;0
378;0
379;0
380;0
381;2
382;1
383;0
384;2
385;0
386;0
387;0
388;0
389;0
390;0
391;0
392;0
393;1
394;0
395;0
396;0
397;0
398;0
399;2
400;1
401;0
402;0
403;2
404;4
405;0
406;2
407;2
408;2
409;0
410;2
411;0
412;1
413;1
414;1
415;0
416;0
417;1
418;0
419;0
420;0
421;0
422;0
423;2
424;2
425;0
426;2
427;2
428;1
429;0
430;0
431;2
432;2
433;0
434;2
435;2
436;4
437;2
438;2
439;0
440;0
441;0
442;1
443;0
444;1
445;0
446;2
447;2
448;2
449;0
450;1
451;0
452;2
453;0
454;0
455;0
456;2
457;0
458;0
459;0
460;0
461;0
462;2
463;0
464;0
465;2
466;0
467;2
468;0
469;0
470;2
471;0
472;1
473;0
474;0
475;1
476;2
477;0
478;2
479;2
480;2
481;0
482;2
483;0
484;2
485;0
486;0
487;1
488;0
489;0
490;1
491;0
492;0
493;0
494;0
495;2
496;0
497;1
498;2
499;2
500;1
501;1
502;0
503;0
504;0
505;0
506;1
507;0
508;2
509;1
510;0
511;0
512;0
513;2
514;0
515;1
516;0
517;0
518;0
519;0
520;1
521;0
522;1
523;0
524;1
525;0
526;0
527;2
528;4
529;0
530;2
531;1
532;0
533;0
534;2
535;0
536;2
537;1
538;0
539;0
540;0
541;1
542;1
543;2
544;2
545;0
546;0
547;0
548;0
549;1
550;2
551;0
552;1
553;0
554;2
555;1
556;0
557;0
558;0
559;2
560;2
561;0
562;2
563;2
564;0
565;0
566;0
567;0
568;2
569;1
570;0
571;0
572;0
573;2
574;0
575;1
576;1
577;0
578;1
579;0
580;1
581;0
582;2
583;1
584;0
585;0
586;0
587;2
588;2
589;0
590;2
591;1
592;0
593;0
594;2
595;0
596;0
597;1
598;0
599;2
600;1
601;0
602;1
603;0
604;2
605;1
606;0
607;0
608;0
609;2
610;1
611;0
612;1
613;0
614;0
615;2
616;1
617;0
618;2
619;1
620;1
621;0
622;0
623;2
624;4
625;0
626;2
627;2
628;2
629;0
630;2
631;0
632;1
633;0
634;0
635;0
636;2
637;0
638;0
639;0
640;0
641;0
642;2
643;2
644;2
645;0
646;0
647;1
648;0
649;0
650;0
651;2
652;1
653;0
654;0
655;0
656;4
657;0
658;1
659;2
660;2
661;0
662;2
663;0
664;2
665;1
666;2
667;0
668;2
669;0
670;2
671;2
672;1
673;0
674;0
675;0
676;1
677;0
678;0
679;0
680;0
681;0
682;0
683;0
684;1
685;0
686;0
687;0
688;2
689;0
690;1
691;0
692;0
693;2
694;1
695;0
696;1
697;0
698;0
699;2
700;4
701;0
702;2
703;2
704;2
705;0
706;2
707;0
708;2
709;1
710;1
711;0
712;0
713;1
714;0
715;0
716;0
717;1
718;0
719;0
720;2
721;2
722;0
723;0
724;2
725;0
726;1
727;0
728;0
729;0
730;1
731;0
732;0
733;0
734;0
735;0
736;2
737;0
738;0
739;0
740;0
741;0
742;0
743;0
744;1
745;0
746;0
747;2
748;1
749;0
750;2
751;2
752;1
753;0
754;0
755;0
756;2
757;0
758;2
759;1
760;1
761;0
762;2
763;2
764;1
765;0
766;0
767;0
768;0
769;0
770;2
771;2
772;1
773;0
774;0
775;2
776;4
777;0
778;2
779;1
780;0
781;0
782;0
783;1
784;4
785;0
786;0
787;2
788;0
789;2
790;0
791;2
792;2
793;2
794;2
795;0
796;0
797;0
798;2
799;0
800;1
801;0
802;0
803;2
804;1
805;0
806;0
807;2
808;4
809;2
810;2
811;2
812;2
813;0
814;2
815;0
816;1
817;1
818;0
819;0
820;0
821;0
822;1
823;0
824;1
825;0
826;2
827;0
828;0
829;0
830;0
831;2
832;0
833;0
834;0
835;0
836;0
837;0
838;0
839;0
840;1
841;0
842;0
843;0
844;1
845;0
846;2
847;2
848;1
849;0
850;0
851;1
852;4
853;0
854;2
855;2
856;2
857;0
858;2
859;0
860;2
861;0
862;1
863;0
864;0
865;0
866;0
867;0
868;0
869;0
870;1
871;0
872;0
873;0
874;2
875;0
876;0
877;0
878;0
879;0
880;1
881;0
882;2
883;0
884;2
885;0
886;0
887;0
888;1
889;0
890;1
891;0
892;0
893;0
894;0
895;2
896;0
897;0
898;2
899;2
900;2
901;0
902;2
903;0
904;2
905;1
906;0
907;0
908;0
909;2
910;2
911;2
912;1
913;0
914;0
915;0
916;0
917;0
918;2
919;0
920;0
921;0
922;0
923;2
924;4
925;0
926;2
927;1
928;0
929;0
930;0
931;0
932;1
933;0
934;2
935;0
936;0
937;0
938;0
939;0
940;0
941;0
942;0
943;0
944;0
945;0
946;0
947;0
948;0
949;0
950;1
951;0
952;0
953;0
954;0
955;1
956;0
957;0
958;2
959;2
960;1
961;0
962;0
963;2
964;1
965;0
966;2
967;2
968;2
969;0
970;0
971;0
972;2
973;0
974;0
975;0
976;2
977;2
978;0
979;0
980;0
981;0
982;0
983;2
984;2
985;0
986;0
987;2
988;1
989;0
990;0
991;0
992;1
993;1
994;0
995;2
996;4
997;0
998;2
999;1
1000;0
1001;0
1002;0
1003;2
1004;2
1005;0
1006;0
1007;0
1008;1
1009;0
1010;0
1011;2
1012;1
1013;0
1014;0
1015;0
1016;0
1017;0
1018;0
1019;0
1020;0
1021;0
1022;0
1023;0
