0;1
1;0
2;0
3;2
4;1
5;2
6;2
7;1
8;0
9;2
10;2
11;0
12;2
13;0
14;2
15;1
16;0
17;0
18;0
19;2
20;0
21;2
22;0
23;0
24;1
25;0
26;1
27;0
28;0
29;0
30;0
31;0
32;0
33;0
34;2
35;0
36;0
37;0
38;0
39;0
40;0
41;2
42;0
43;1
44;0
45;0
46;0
47;0
48;0
49;0
50;1
51;0
52;0
53;2
54;0
55;0
56;0
57;0
58;0
59;2
60;0
61;0
62;0
63;0
64;0
65;0
66;0
67;0
68;2
69;0
70;0
71;0
72;1
73;0
74;0
75;0
76;0
77;0
78;0
79;0
80;0
81;2
82;0
83;0
84;0
85;2
86;2
87;0
88;0
89;0
90;1
91;0
92;0
93;0
94;0
95;2
96;2
97;2
98;0
99;1
100;0
101;0
102;2
103;0
104;1
105;1
106;0
107;0
108;0
109;0
110;2
111;0
112;0
113;0
114;0
115;0
116;0
117;0
118;0
119;0
120;2
121;0
122;2
123;0
124;0
125;2
126;2
127;1
128;0
129;0
130;0
131;0
132;0
133;0
134;0
135;0
136;0
137;0
138;0
139;0
140;0
141;2
142;0
143;0
144;2
145;1
146;0
147;0
148;1
149;2
150;0
151;0
152;2
153;0
154;0
155;0
156;0
157;0
158;0
159;1
160;0
161;0
162;0
163;0
164;0
165;0
166;0
167;1
168;0
169;1
170;2
171;1
172;0
173;0
174;2
175;1
176;1
177;0
178;0
179;2
180;2
181;0
182;0
183;0
184;0
185;0
186;0
187;1
188;0
189;0
190;0
191;1
192;0
193;0
194;0
195;0
196;0
197;0
198;1
199;0
200;0
201;0
202;0
203;0
204;0
205;0
206;2
207;2
208;1
209;0
210;2
211;2
212;0
213;0
214;0
215;2
216;0
217;0
218;0
219;0
220;0
221;0
222;2
223;2
224;1
225;0
226;0
227;0
228;0
229;0
230;2
231;1
232;0
233;1
234;0
235;0
236;0
237;0
238;1
239;1
240;1
241;0
242;0
243;0
244;0
245;2
246;0
247;1
248;0
249;0
250;0
251;0
252;0
253;0
254;0
255;1
256;0
257;0
258;2
259;2
260;1
261;0
262;0
263;0
264;0
265;2
266;0
267;0
268;0
269;0
270;0
271;0
272;2
273;0
274;2
275;0
276;1
277;0
278;0
279;0
280;0
281;0
282;1
283;0
284;0
285;0
286;2
287;0
288;0
289;2
290;0
291;0
292;0
293;1
294;0
295;2
296;0
297;0
298;0
299;2
300;2
301;0
302;0
303;2
304;2
305;0
306;2
307;0
308;2
309;2
310;0
311;0
312;2
313;2
314;2
315;0
316;0
317;2
318;0
319;2
320;1
321;0
322;1
323;0
324;2
325;0
326;0
327;2
328;0
329;0
330;2
331;2
332;0
333;0
334;0
335;0
336;0
337;2
338;2
339;2
340;2
341;0
342;0
343;2
344;2
345;0
346;0
347;1
348;0
349;0
350;0
351;0
352;2
353;0
354;0
355;1
356;2
357;0
358;2
359;2
360;0
361;0
362;0
363;1
364;0
365;0
366;0
367;0
368;0
369;0
370;0
371;1
372;0
373;2
374;1
375;1
376;1
377;2
378;0
379;0
380;1
381;0
382;0
383;2
384;0
385;0
386;0
387;1
388;0
389;0
390;1
391;0
392;2
393;0
394;2
395;0
396;0
397;0
398;2
399;2
400;0
401;0
402;0
403;0
404;0
405;0
406;0
407;0
408;1
409;0
410;0
411;0
412;0
413;0
414;0
415;0
416;1
417;2
418;0
419;0
420;0
421;0
422;0
423;0
424;0
425;0
426;1
427;0
428;1
429;0
430;0
431;2
432;2
433;2
434;0
435;0
436;0
437;1
438;0
439;0
440;1
441;1
442;2
443;0
444;2
445;2
446;0
447;0
448;2
449;0
450;0
451;2
452;0
453;0
454;0
455;2
456;1
457;0
458;0
459;0
460;0
461;0
462;2
463;1
464;0
465;0
466;0
467;0
468;2
469;2
470;1
471;0
472;2
473;0
474;2
475;0
476;2
477;0
478;0
479;0
480;0
481;0
482;2
483;0
484;2
485;0
486;0
487;2
488;2
489;0
490;2
491;0
492;0
493;1
494;0
495;2
496;2
497;0
498;0
499;2
500;0
501;4
502;1
503;0
504;1
505;0
506;1
507;1
508;0
509;1
510;0
511;0
512;2
513;0
514;0
515;0
516;0
517;0
518;0
519;0
520;0
521;0
522;0
523;0
524;2
525;2
526;0
527;0
528;0
529;0
530;0
531;0
532;0
533;2
534;2
535;2
536;1
537;0
538;0
539;1
540;0
541;1
542;0
543;0
544;0
545;0
546;0
547;0
548;2
549;0
550;2
551;0
552;0
553;0
554;0
555;0
556;0
557;2
558;2
559;1
560;0
561;1
562;0
563;1
564;0
565;0
566;0
567;0
568;0
569;0
570;2
571;0
572;0
573;0
574;1
575;0
576;1
577;0
578;0
579;0
580;0
581;0
582;2
583;2
584;0
585;0
586;2
587;0
588;1
589;0
590;0
591;0
592;0
593;2
594;2
595;2
596;0
597;0
598;0
599;2
600;1
601;0
602;0
603;0
604;0
605;0
606;0
607;0
608;0
609;0
610;0
611;2
612;0
613;0
614;0
615;0
616;0
617;2
618;2
619;2
620;2
621;0
622;0
623;0
624;0
625;0
626;0
627;0
628;0
629;0
630;0
631;0
632;0
633;0
634;0
635;0
636;0
637;0
638;1
639;0
640;0
641;0
642;0
643;0
644;0
645;2
646;0
647;0
648;0
649;0
650;0
651;0
652;0
653;1
654;0
655;0
656;1
657;0
658;0
659;0
660;0
661;0
662;2
663;0
664;0
665;0
666;0
667;0
668;2
669;1
670;1
671;0
672;1
673;0
674;2
675;0
676;0
677;0
678;0
679;0
680;2
681;0
682;0
683;1
684;0
685;2
686;0
687;0
688;0
689;0
690;0
691;0
692;0
693;0
694;0
695;1
696;0
697;1
698;0
699;2
700;2
701;0
702;0
703;0
704;2
705;0
706;2
707;1
708;0
709;2
710;1
711;0
712;1
713;0
714;2
715;2
716;2
717;0
718;0
719;2
720;1
721;0
722;0
723;0
724;2
725;0
726;1
727;0
728;0
729;0
730;0
731;0
732;0
733;0
734;2
735;2
736;0
737;0
738;0
739;2
740;0
741;2
742;1
743;0
744;0
745;0
746;0
747;0
748;2
749;2
750;2
751;1
752;0
753;0
754;1
755;0
756;0
757;0
758;0
759;0
760;0
761;1
762;0
763;0
764;0
765;1
766;0
767;0
768;0
769;2
770;0
771;0
772;0
773;0
774;1
775;0
776;0
777;0
778;0
779;2
780;4
781;0
782;2
783;1
784;0
785;0
786;2
787;0
788;1
789;1
790;0
791;0
792;0
793;0
794;0
795;0
796;0
797;0
798;0
799;0
800;0
801;0
802;2
803;1
804;0
805;0
806;0
807;0
808;1
809;0
810;0
811;2
812;1
813;0
814;0
815;0
816;0
817;1
818;0
819;0
820;0
821;2
822;0
823;1
824;0
825;0
826;1
827;0
828;0
829;0
830;0
831;0
832;1
833;0
834;0
835;2
836;4
837;0
838;2
839;1
840;0
841;0
842;2
843;0
844;1
845;0
846;0
847;2
848;2
849;0
850;0
851;0
852;0
853;2
854;0
855;0
856;0
857;0
858;0
859;1
860;0
861;0
862;0
863;0
864;2
865;0
866;0
867;2
868;0
869;0
870;0
871;0
872;0
873;0
874;0
875;1
876;0
877;0
878;0
879;0
880;0
881;0
882;0
883;0
884;2
885;0
886;0
887;0
888;0
889;0
890;0
891;0
892;0
893;2
894;2
895;0
896;2
897;2
898;2
899;2
900;2
901;0
902;2
903;2
904;2
905;0
906;0
907;1
908;0
909;0
910;0
911;0
912;0
913;0
914;0
915;0
916;0
917;0
918;0
919;2
920;0
921;0
922;0
923;0
924;0
925;1
926;0
927;0
928;0
929;0
930;0
931;0
932;0
933;0
934;0
935;0
936;0
937;0
938;2
939;0
940;1
941;0
942;0
943;0
944;0
945;0
946;0
947;0
948;0
949;1
950;1
951;0
952;0
953;0
954;0
955;0
956;0
957;0
958;2
959;0
960;0
961;0
962;2
963;0
964;4
965;0
966;0
967;0
968;0
969;2
970;2
971;2
972;2
973;2
974;1
975;0
976;1
977;0
978;2
979;1
980;0
981;0
982;0
983;2
984;0
985;0
986;2
987;2
988;2
989;0
990;2
991;0
992;0
993;4
994;0
995;0
996;1
997;0
998;0
999;2
1000;0
1001;2
1002;2
1003;2
1004;2
1005;2
1006;1
1007;0
1008;1
1009;0
1010;0
1011;0
1012;0
1013;0
1014;0
1015;0
1016;0
1017;0
1018;0
1019;0
1020;0
1021;0
1022;0
1023;0
