0;1
1;1
2;0
3;0
4;2
5;0
6;2
7;2
8;2
9;0
10;0
11;0
12;0
13;1
14;0
15;0
16;0
17;1
18;0
19;1
20;0
21;0
22;2
23;2
24;0
25;0
26;0
27;1
28;1
29;0
30;0
31;0
32;1
33;0
34;0
35;0
36;1
37;0
38;0
39;0
40;0
41;0
42;0
43;0
44;0
45;0
46;0
47;2
48;1
49;0
50;0
51;2
52;0
53;0
54;2
55;2
56;2
57;0
58;0
59;0
60;2
61;0
62;0
63;0
64;0
65;0
66;0
67;0
68;0
69;0
70;0
71;2
72;2
73;0
74;0
75;2
76;2
77;1
78;2
79;1
80;2
81;0
82;0
83;2
84;0
85;0
86;0
87;2
88;2
89;1
90;0
91;2
92;0
93;0
94;2
95;2
96;1
97;0
98;0
99;2
100;2
101;1
102;0
103;2
104;2
105;0
106;2
107;1
108;4
109;0
110;1
111;0
112;0
113;0
114;0
115;0
116;2
117;0
118;0
119;0
120;0
121;0
122;0
123;0
124;1
125;0
126;0
127;0
128;2
129;0
130;0
131;0
132;1
133;2
134;1
135;0
136;0
137;0
138;0
139;0
140;0
141;0
142;2
143;2
144;1
145;0
146;0
147;2
148;1
149;0
150;1
151;2
152;1
153;0
154;0
155;0
156;0
157;1
158;0
159;0
160;0
161;1
162;0
163;0
164;0
165;0
166;0
167;0
168;2
169;0
170;2
171;0
172;0
173;0
174;2
175;0
176;0
177;0
178;2
179;0
180;0
181;1
182;0
183;2
184;1
185;0
186;0
187;2
188;4
189;0
190;0
191;2
192;0
193;0
194;0
195;0
196;1
197;0
198;0
199;2
200;2
201;0
202;0
203;0
204;0
205;0
206;0
207;1
208;2
209;0
210;0
211;0
212;0
213;2
214;0
215;0
216;2
217;0
218;0
219;0
220;2
221;0
222;0
223;0
224;2
225;0
226;0
227;0
228;0
229;0
230;0
231;2
232;0
233;0
234;0
235;0
236;0
237;2
238;0
239;0
240;0
241;2
242;2
243;1
244;2
245;0
246;0
247;0
248;0
249;0
250;1
251;0
252;0
253;0
254;1
255;0
256;1
257;0
258;0
259;2
260;4
261;0
262;0
263;1
264;0
265;0
266;2
267;2
268;2
269;0
270;0
271;0
272;0
273;0
274;1
275;2
276;0
277;2
278;2
279;1
280;0
281;2
282;1
283;0
284;1
285;0
286;2
287;2
288;2
289;0
290;0
291;2
292;2
293;0
294;2
295;2
296;2
297;0
298;2
299;0
300;0
301;0
302;0
303;2
304;1
305;0
306;0
307;0
308;0
309;2
310;0
311;1
312;0
313;0
314;0
315;0
316;1
317;1
318;1
319;0
320;0
321;0
322;0
323;1
324;0
325;2
326;1
327;2
328;2
329;0
330;0
331;2
332;2
333;1
334;1
335;2
336;2
337;2
338;0
339;0
340;1
341;2
342;1
343;0
344;2
345;0
346;0
347;0
348;0
349;0
350;0
351;2
352;1
353;0
354;0
355;0
356;1
357;0
358;2
359;2
360;1
361;0
362;0
363;2
364;4
365;0
366;2
367;1
368;2
369;0
370;2
371;0
372;1
373;1
374;1
375;0
376;0
377;1
378;0
379;0
380;0
381;0
382;0
383;0
384;2
385;0
386;0
387;0
388;4
389;2
390;0
391;0
392;2
393;0
394;0
395;0
396;2
397;0
398;2
399;2
400;2
401;2
402;1
403;0
404;0
405;0
406;2
407;0
408;0
409;1
410;0
411;2
412;1
413;0
414;1
415;2
416;2
417;0
418;2
419;0
420;2
421;2
422;2
423;0
424;2
425;0
426;0
427;0
428;2
429;2
430;1
431;0
432;2
433;0
434;0
435;0
436;0
437;0
438;0
439;0
440;0
441;0
442;0
443;0
444;0
445;0
446;0
447;0
448;0
449;1
450;0
451;2
452;0
453;0
454;0
455;0
456;1
457;0
458;0
459;0
460;0
461;0
462;2
463;0
464;1
465;0
466;2
467;2
468;0
469;0
470;2
471;1
472;0
473;0
474;0
475;2
476;1
477;0
478;0
479;0
480;0
481;1
482;2
483;1
484;1
485;0
486;2
487;0
488;2
489;1
490;0
491;2
492;0
493;0
494;0
495;0
496;2
497;2
498;2
499;1
500;2
501;0
502;0
503;2
504;0
505;0
506;0
507;0
508;0
509;0
510;0
511;1
512;0
513;0
514;1
515;2
516;0
517;0
518;1
519;0
520;0
521;0
522;0
523;0
524;0
525;2
526;1
527;0
528;0
529;0
530;0
531;2
532;1
533;0
534;2
535;0
536;1
537;0
538;0
539;2
540;4
541;0
542;2
543;2
544;2
545;0
546;0
547;0
548;2
549;0
550;2
551;1
552;0
553;0
554;0
555;0
556;1
557;0
558;0
559;1
560;0
561;0
562;0
563;0
564;0
565;2
566;0
567;0
568;1
569;0
570;1
571;0
572;1
573;0
574;2
575;0
576;2
577;0
578;2
579;2
580;2
581;0
582;0
583;0
584;4
585;0
586;1
587;0
588;2
589;0
590;0
591;0
592;1
593;0
594;0
595;0
596;0
597;0
598;0
599;1
600;0
601;2
602;2
603;0
604;2
605;2
606;0
607;0
608;0
609;0
610;0
611;0
612;0
613;1
614;0
615;0
616;2
617;2
618;0
619;2
620;2
621;0
622;1
623;0
624;0
625;0
626;0
627;2
628;2
629;1
630;0
631;0
632;0
633;0
634;0
635;2
636;0
637;0
638;0
639;0
640;1
641;0
642;0
643;0
644;2
645;0
646;0
647;2
648;2
649;0
650;0
651;0
652;1
653;0
654;1
655;0
656;0
657;0
658;0
659;2
660;2
661;0
662;0
663;0
664;2
665;0
666;0
667;0
668;1
669;0
670;0
671;2
672;1
673;0
674;1
675;0
676;0
677;0
678;0
679;2
680;0
681;2
682;0
683;0
684;0
685;2
686;2
687;2
688;1
689;0
690;0
691;2
692;4
693;0
694;2
695;2
696;2
697;0
698;0
699;0
700;1
701;0
702;1
703;0
704;1
705;0
706;0
707;0
708;2
709;0
710;0
711;2
712;4
713;0
714;2
715;0
716;0
717;0
718;2
719;2
720;1
721;0
722;2
723;0
724;0
725;0
726;2
727;0
728;0
729;2
730;0
731;0
732;0
733;1
734;0
735;0
736;0
737;0
738;0
739;0
740;0
741;0
742;0
743;0
744;2
745;0
746;0
747;2
748;4
749;0
750;2
751;2
752;2
753;0
754;2
755;0
756;1
757;0
758;0
759;0
760;0
761;0
762;0
763;0
764;0
765;0
766;0
767;0
768;0
769;0
770;0
771;0
772;0
773;2
774;0
775;0
776;1
777;0
778;2
779;1
780;0
781;0
782;0
783;0
784;1
785;0
786;0
787;2
788;4
789;0
790;2
791;1
792;0
793;0
794;2
795;0
796;1
797;0
798;0
799;0
800;0
801;1
802;0
803;0
804;0
805;1
806;0
807;0
808;1
809;0
810;0
811;0
812;0
813;2
814;2
815;2
816;0
817;0
818;0
819;0
820;0
821;0
822;0
823;0
824;0
825;2
826;0
827;0
828;2
829;0
830;0
831;2
832;0
833;1
834;0
835;0
836;2
837;2
838;2
839;1
840;2
841;0
842;1
843;0
844;1
845;0
846;1
847;0
848;0
849;0
850;0
851;2
852;2
853;0
854;2
855;0
856;0
857;0
858;2
859;0
860;0
861;2
862;2
863;2
864;2
865;0
866;0
867;0
868;2
869;0
870;2
871;2
872;0
873;0
874;0
875;0
876;0
877;0
878;1
879;0
880;1
881;0
882;0
883;0
884;4
885;0
886;2
887;0
888;2
889;0
890;2
891;0
892;2
893;2
894;0
895;0
896;0
897;2
898;2
899;2
900;2
901;0
902;0
903;0
904;0
905;2
906;0
907;2
908;2
909;0
910;0
911;0
912;0
913;0
914;0
915;2
916;0
917;0
918;0
919;0
920;0
921;1
922;0
923;0
924;0
925;1
926;0
927;0
928;0
929;1
930;0
931;2
932;1
933;0
934;0
935;0
936;0
937;2
938;0
939;0
940;1
941;0
942;0
943;2
944;0
945;0
946;0
947;2
948;2
949;0
950;0
951;0
952;1
953;0
954;2
955;2
956;0
957;0
958;2
959;0
960;1
961;2
962;0
963;0
964;0
965;1
966;0
967;0
968;0
969;0
970;0
971;2
972;0
973;0
974;2
975;2
976;0
977;0
978;0
979;2
980;1
981;0
982;0
983;1
984;0
985;2
986;2
987;2
988;2
989;0
990;0
991;0
992;0
993;2
994;0
995;2
996;0
997;0
998;0
999;2
1000;1
1001;1
1002;0
1003;2
1004;2
1005;1
1006;1
1007;1
1008;0
1009;0
1010;0
1011;0
1012;1
1013;1
1014;0
1015;1
1016;0
1017;0
1018;0
1019;0
1020;0
1021;0
1022;0
1023;0
