0;1
1;0
2;0
3;0
4;2
5;0
6;2
7;0
8;0
9;0
10;0
11;0
12;4
13;1
14;1
15;0
16;0
17;2
18;2
19;2
20;2
21;2
22;0
23;2
24;0
25;0
26;0
27;0
28;2
29;0
30;1
31;0
32;1
33;2
34;2
35;0
36;0
37;1
38;0
39;0
40;0
41;0
42;1
43;0
44;2
45;0
46;0
47;0
48;0
49;2
50;0
51;0
52;2
53;0
54;0
55;0
56;0
57;0
58;0
59;0
60;1
61;2
62;0
63;2
64;0
65;0
66;2
67;0
68;0
69;0
70;0
71;0
72;0
73;0
74;0
75;0
76;2
77;1
78;0
79;0
80;0
81;0
82;0
83;2
84;0
85;1
86;0
87;0
88;1
89;0
90;0
91;2
92;2
93;0
94;2
95;1
96;2
97;0
98;2
99;2
100;0
101;2
102;2
103;2
104;1
105;0
106;0
107;2
108;2
109;0
110;2
111;2
112;2
113;0
114;2
115;0
116;0
117;0
118;0
119;0
120;2
121;0
122;0
123;0
124;1
125;0
126;1
127;0
128;0
129;0
130;0
131;0
132;0
133;1
134;0
135;0
136;1
137;0
138;0
139;0
140;2
141;0
142;2
143;0
144;1
145;0
146;0
147;0
148;0
149;0
150;2
151;0
152;0
153;1
154;0
155;2
156;0
157;0
158;2
159;2
160;0
161;0
162;0
163;2
164;2
165;0
166;0
167;2
168;0
169;0
170;0
171;2
172;1
173;0
174;2
175;0
176;0
177;0
178;2
179;0
180;2
181;0
182;0
183;1
184;0
185;0
186;0
187;0
188;1
189;0
190;0
191;0
192;0
193;1
194;0
195;2
196;1
197;2
198;2
199;0
200;0
201;2
202;0
203;1
204;0
205;0
206;0
207;0
208;0
209;0
210;0
211;1
212;0
213;0
214;1
215;0
216;1
217;0
218;2
219;1
220;0
221;0
222;0
223;2
224;1
225;0
226;2
227;0
228;0
229;0
230;2
231;0
232;2
233;0
234;0
235;0
236;0
237;0
238;1
239;2
240;1
241;0
242;0
243;0
244;2
245;0
246;2
247;0
248;0
249;2
250;0
251;0
252;2
253;0
254;0
255;0
256;0
257;0
258;2
259;0
260;0
261;0
262;0
263;0
264;0
265;0
266;0
267;0
268;2
269;2
270;2
271;0
272;0
273;2
274;0
275;1
276;0
277;1
278;1
279;0
280;0
281;0
282;2
283;0
284;0
285;0
286;1
287;0
288;0
289;0
290;2
291;0
292;0
293;1
294;0
295;0
296;0
297;2
298;2
299;0
300;0
301;0
302;0
303;0
304;0
305;0
306;0
307;0
308;0
309;0
310;0
311;0
312;0
313;0
314;1
315;0
316;0
317;0
318;0
319;0
320;2
321;0
322;0
323;1
324;0
325;1
326;0
327;0
328;0
329;0
330;2
331;0
332;0
333;0
334;0
335;0
336;1
337;1
338;0
339;2
340;1
341;0
342;0
343;0
344;2
345;0
346;2
347;0
348;0
349;1
350;0
351;0
352;1
353;0
354;2
355;2
356;1
357;0
358;0
359;2
360;1
361;0
362;0
363;0
364;2
365;1
366;2
367;0
368;2
369;0
370;0
371;0
372;0
373;0
374;0
375;2
376;0
377;1
378;0
379;1
380;0
381;2
382;1
383;2
384;2
385;0
386;2
387;0
388;0
389;0
390;0
391;2
392;0
393;0
394;0
395;0
396;0
397;0
398;1
399;2
400;0
401;0
402;0
403;0
404;0
405;0
406;0
407;0
408;1
409;0
410;2
411;1
412;0
413;0
414;0
415;2
416;1
417;0
418;2
419;0
420;2
421;0
422;2
423;0
424;2
425;0
426;0
427;0
428;0
429;0
430;2
431;0
432;2
433;2
434;0
435;0
436;2
437;0
438;0
439;0
440;2
441;0
442;2
443;0
444;0
445;0
446;2
447;2
448;2
449;0
450;0
451;2
452;1
453;2
454;0
455;0
456;2
457;1
458;0
459;2
460;0
461;2
462;2
463;0
464;0
465;0
466;0
467;0
468;0
469;0
470;0
471;1
472;0
473;0
474;2
475;0
476;2
477;0
478;0
479;0
480;0
481;0
482;1
483;0
484;0
485;0
486;0
487;0
488;0
489;0
490;2
491;2
492;1
493;1
494;0
495;1
496;0
497;0
498;0
499;2
500;2
501;0
502;2
503;0
504;0
505;0
506;0
507;2
508;2
509;0
510;2
511;0
512;0
513;2
514;1
515;0
516;1
517;0
518;0
519;2
520;2
521;0
522;1
523;0
524;2
525;0
526;2
527;0
528;2
529;0
530;2
531;0
532;0
533;0
534;2
535;0
536;0
537;0
538;0
539;2
540;2
541;0
542;0
543;0
544;1
545;0
546;0
547;0
548;1
549;1
550;0
551;0
552;0
553;0
554;0
555;0
556;0
557;0
558;0
559;1
560;2
561;2
562;2
563;0
564;1
565;0
566;0
567;0
568;1
569;0
570;0
571;0
572;0
573;0
574;2
575;2
576;0
577;0
578;0
579;0
580;0
581;0
582;0
583;0
584;1
585;0
586;0
587;0
588;0
589;0
590;1
591;2
592;0
593;0
594;0
595;0
596;2
597;0
598;2
599;0
600;0
601;0
602;1
603;0
604;1
605;0
606;0
607;0
608;2
609;0
610;1
611;0
612;0
613;0
614;0
615;0
616;0
617;2
618;0
619;0
620;0
621;0
622;2
623;1
624;0
625;2
626;1
627;0
628;0
629;0
630;2
631;0
632;0
633;0
634;0
635;0
636;2
637;0
638;0
639;2
640;2
641;2
642;0
643;1
644;1
645;0
646;0
647;0
648;0
649;0
650;0
651;0
652;0
653;0
654;0
655;0
656;0
657;0
658;0
659;0
660;0
661;0
662;0
663;0
664;2
665;0
666;0
667;0
668;2
669;0
670;0
671;0
672;2
673;0
674;2
675;0
676;0
677;0
678;2
679;0
680;0
681;0
682;1
683;0
684;2
685;2
686;0
687;2
688;0
689;0
690;0
691;0
692;1
693;1
694;0
695;2
696;0
697;0
698;0
699;0
700;0
701;0
702;0
703;2
704;2
705;0
706;0
707;2
708;0
709;0
710;0
711;0
712;0
713;0
714;0
715;0
716;0
717;0
718;0
719;0
720;1
721;0
722;0
723;0
724;0
725;0
726;0
727;2
728;0
729;0
730;0
731;0
732;0
733;0
734;0
735;0
736;0
737;2
738;1
739;0
740;2
741;1
742;0
743;0
744;0
745;0
746;0
747;1
748;0
749;0
750;0
751;0
752;0
753;0
754;0
755;2
756;0
757;0
758;0
759;2
760;1
761;0
762;0
763;0
764;1
765;0
766;0
767;0
768;0
769;0
770;0
771;0
772;0
773;0
774;0
775;0
776;0
777;0
778;1
779;0
780;2
781;0
782;0
783;2
784;0
785;0
786;2
787;0
788;0
789;0
790;0
791;0
792;1
793;0
794;1
795;0
796;0
797;0
798;2
799;0
800;0
801;0
802;0
803;0
804;1
805;1
806;0
807;2
808;0
809;2
810;0
811;2
812;0
813;0
814;0
815;0
816;0
817;1
818;0
819;2
820;0
821;0
822;2
823;2
824;1
825;0
826;0
827;2
828;2
829;0
830;0
831;2
832;2
833;2
834;2
835;0
836;1
837;0
838;0
839;0
840;0
841;0
842;0
843;0
844;2
845;0
846;0
847;1
848;0
849;0
850;0
851;0
852;1
853;0
854;0
855;0
856;0
857;0
858;1
859;0
860;0
861;0
862;0
863;0
864;0
865;2
866;2
867;2
868;1
869;1
870;0
871;2
872;0
873;1
874;0
875;0
876;0
877;1
878;0
879;0
880;2
881;2
882;2
883;2
884;0
885;1
886;0
887;0
888;1
889;0
890;0
891;2
892;2
893;0
894;2
895;1
896;0
897;0
898;2
899;2
900;0
901;1
902;0
903;2
904;1
905;0
906;1
907;0
908;2
909;0
910;0
911;0
912;2
913;1
914;2
915;0
916;0
917;0
918;2
919;0
920;0
921;0
922;0
923;0
924;0
925;2
926;2
927;0
928;0
929;0
930;2
931;0
932;1
933;2
934;0
935;0
936;0
937;0
938;2
939;0
940;0
941;1
942;1
943;0
944;0
945;0
946;0
947;1
948;1
949;0
950;0
951;0
952;0
953;0
954;2
955;2
956;0
957;0
958;0
959;0
960;0
961;0
962;0
963;2
964;0
965;2
966;2
967;0
968;0
969;0
970;0
971;0
972;2
973;2
974;2
975;0
976;0
977;0
978;0
979;0
980;0
981;0
982;0
983;0
984;0
985;0
986;1
987;0
988;0
989;0
990;0
991;1
992;0
993;0
994;0
995;2
996;1
997;0
998;2
999;0
1000;0
1001;2
1002;1
1003;0
1004;2
1005;0
1006;0
1007;0
1008;0
1009;0
1010;0
1011;0
1012;1
1013;0
1014;1
1015;0
1016;0
1017;0
1018;0
1019;0
1020;0
1021;0
1022;0
1023;0
