0;0
1;0
2;0
3;2
4;4
5;0
6;2
7;2
8;2
9;0
10;2
11;0
12;2
13;1
14;0
15;1
16;0
17;2
18;2
19;1
20;0
21;0
22;2
23;2
24;0
25;1
26;2
27;1
28;0
29;0
30;0
31;0
32;0
33;0
34;0
35;0
36;0
37;0
38;0
39;0
40;1
41;0
42;0
43;0
44;2
45;0
46;2
47;0
48;1
49;0
50;0
51;0
52;0
53;0
54;0
55;0
56;0
57;1
58;1
59;2
60;1
61;0
62;0
63;1
64;2
65;0
66;0
67;0
68;1
69;0
70;2
71;1
72;0
73;0
74;0
75;0
76;0
77;0
78;0
79;0
80;1
81;0
82;2
83;0
84;0
85;0
86;0
87;0
88;0
89;1
90;0
91;2
92;4
93;0
94;0
95;1
96;0
97;0
98;0
99;0
100;2
101;0
102;1
103;0
104;0
105;0
106;0
107;0
108;0
109;2
110;0
111;1
112;1
113;0
114;0
115;0
116;0
117;2
118;0
119;0
120;2
121;1
122;1
123;0
124;0
125;0
126;0
127;0
128;0
129;0
130;2
131;0
132;1
133;0
134;0
135;0
136;0
137;2
138;2
139;2
140;1
141;2
142;2
143;0
144;0
145;0
146;0
147;0
148;0
149;0
150;0
151;0
152;0
153;0
154;1
155;0
156;1
157;0
158;0
159;2
160;2
161;0
162;2
163;1
164;0
165;0
166;2
167;2
168;1
169;1
170;0
171;0
172;0
173;0
174;0
175;0
176;1
177;0
178;0
179;2
180;0
181;0
182;0
183;2
184;1
185;0
186;0
187;0
188;2
189;1
190;0
191;0
192;1
193;0
194;0
195;2
196;2
197;2
198;2
199;2
200;0
201;0
202;2
203;0
204;0
205;0
206;0
207;0
208;0
209;0
210;0
211;0
212;0
213;0
214;2
215;2
216;1
217;0
218;1
219;1
220;0
221;0
222;2
223;2
224;2
225;0
226;0
227;2
228;0
229;0
230;1
231;0
232;0
233;2
234;2
235;1
236;1
237;0
238;0
239;0
240;0
241;2
242;2
243;2
244;1
245;0
246;2
247;0
248;1
249;0
250;0
251;2
252;2
253;0
254;2
255;2
256;2
257;0
258;2
259;2
260;0
261;0
262;0
263;1
264;1
265;0
266;2
267;0
268;0
269;0
270;0
271;2
272;1
273;2
274;1
275;2
276;0
277;0
278;0
279;0
280;0
281;1
282;0
283;0
284;4
285;0
286;0
287;0
288;2
289;0
290;0
291;0
292;4
293;0
294;0
295;0
296;2
297;0
298;0
299;0
300;2
301;0
302;0
303;0
304;2
305;0
306;0
307;0
308;2
309;0
310;0
311;0
312;0
313;0
314;0
315;0
316;0
317;1
318;1
319;0
320;0
321;0
322;0
323;0
324;0
325;0
326;0
327;0
328;1
329;2
330;0
331;1
332;4
333;0
334;0
335;0
336;0
337;0
338;0
339;0
340;1
341;0
342;0
343;0
344;2
345;0
346;0
347;0
348;2
349;2
350;0
351;1
352;1
353;0
354;0
355;2
356;2
357;0
358;0
359;0
360;2
361;0
362;1
363;0
364;4
365;0
366;0
367;0
368;2
369;2
370;2
371;2
372;1
373;0
374;0
375;0
376;2
377;1
378;0
379;0
380;1
381;0
382;0
383;1
384;1
385;0
386;0
387;0
388;2
389;2
390;2
391;2
392;2
393;1
394;0
395;0
396;0
397;0
398;2
399;2
400;1
401;0
402;0
403;2
404;1
405;0
406;2
407;1
408;0
409;0
410;2
411;0
412;2
413;0
414;0
415;0
416;2
417;0
418;0
419;0
420;0
421;0
422;2
423;0
424;2
425;0
426;2
427;0
428;2
429;2
430;2
431;0
432;2
433;0
434;2
435;0
436;2
437;0
438;0
439;0
440;0
441;0
442;0
443;0
444;0
445;0
446;2
447;2
448;1
449;0
450;0
451;0
452;0
453;0
454;0
455;0
456;1
457;0
458;0
459;1
460;0
461;0
462;0
463;2
464;4
465;0
466;2
467;2
468;1
469;0
470;2
471;0
472;1
473;2
474;0
475;2
476;0
477;0
478;0
479;0
480;0
481;2
482;0
483;0
484;1
485;2
486;2
487;2
488;1
489;2
490;0
491;0
492;1
493;0
494;1
495;0
496;1
497;1
498;0
499;2
500;4
501;0
502;2
503;1
504;2
505;0
506;2
507;0
508;4
509;0
510;0
511;0
512;0
513;0
514;0
515;0
516;1
517;0
518;0
519;0
520;0
521;0
522;0
523;0
524;0
525;0
526;1
527;0
528;1
529;0
530;0
531;0
532;0
533;2
534;0
535;0
536;2
537;0
538;0
539;1
540;0
541;0
542;0
543;0
544;0
545;2
546;2
547;2
548;0
549;2
550;0
551;0
552;0
553;0
554;0
555;1
556;0
557;0
558;0
559;0
560;0
561;0
562;2
563;2
564;0
565;0
566;0
567;0
568;0
569;0
570;0
571;0
572;2
573;2
574;0
575;2
576;2
577;2
578;2
579;0
580;2
581;0
582;0
583;0
584;0
585;2
586;0
587;1
588;0
589;0
590;0
591;0
592;0
593;0
594;0
595;0
596;1
597;0
598;2
599;0
600;1
601;1
602;0
603;1
604;0
605;0
606;0
607;0
608;2
609;0
610;0
611;0
612;2
613;0
614;0
615;2
616;0
617;0
618;0
619;0
620;0
621;0
622;0
623;0
624;2
625;1
626;0
627;0
628;2
629;2
630;0
631;2
632;2
633;0
634;0
635;0
636;2
637;0
638;1
639;0
640;0
641;2
642;0
643;0
644;1
645;0
646;2
647;1
648;1
649;0
650;0
651;2
652;2
653;0
654;2
655;2
656;2
657;0
658;2
659;0
660;1
661;0
662;0
663;0
664;0
665;0
666;0
667;1
668;0
669;0
670;0
671;1
672;2
673;2
674;2
675;2
676;2
677;0
678;0
679;0
680;2
681;1
682;0
683;0
684;0
685;0
686;0
687;0
688;1
689;2
690;0
691;0
692;2
693;0
694;0
695;0
696;1
697;0
698;0
699;0
700;0
701;0
702;2
703;0
704;2
705;0
706;0
707;0
708;0
709;2
710;2
711;2
712;2
713;2
714;0
715;0
716;0
717;0
718;0
719;0
720;1
721;0
722;0
723;0
724;0
725;0
726;0
727;0
728;0
729;0
730;0
731;0
732;2
733;0
734;2
735;2
736;2
737;1
738;0
739;0
740;0
741;0
742;0
743;2
744;0
745;1
746;1
747;0
748;0
749;0
750;0
751;0
752;1
753;0
754;0
755;0
756;0
757;0
758;0
759;0
760;0
761;0
762;2
763;2
764;2
765;0
766;0
767;2
768;4
769;0
770;2
771;2
772;2
773;0
774;2
775;0
776;1
777;0
778;2
779;0
780;2
781;2
782;2
783;0
784;0
785;0
786;1
787;0
788;0
789;2
790;2
791;1
792;2
793;2
794;0
795;0
796;2
797;0
798;2
799;1
800;0
801;0
802;0
803;0
804;1
805;0
806;0
807;0
808;0
809;2
810;0
811;0
812;0
813;2
814;2
815;2
816;0
817;0
818;0
819;0
820;0
821;2
822;2
823;2
824;2
825;0
826;0
827;2
828;2
829;2
830;0
831;0
832;1
833;0
834;0
835;0
836;0
837;0
838;0
839;0
840;0
841;2
842;1
843;0
844;0
845;2
846;0
847;0
848;0
849;0
850;2
851;0
852;2
853;0
854;0
855;2
856;0
857;0
858;2
859;0
860;0
861;0
862;0
863;0
864;0
865;2
866;1
867;0
868;0
869;0
870;0
871;0
872;1
873;0
874;0
875;0
876;0
877;0
878;0
879;0
880;0
881;0
882;0
883;0
884;0
885;0
886;0
887;0
888;1
889;2
890;2
891;2
892;2
893;0
894;0
895;0
896;2
897;0
898;0
899;0
900;0
901;1
902;0
903;0
904;0
905;0
906;2
907;2
908;1
909;0
910;0
911;2
912;4
913;0
914;1
915;2
916;1
917;0
918;2
919;0
920;2
921;0
922;2
923;2
924;2
925;0
926;0
927;0
928;1
929;0
930;1
931;0
932;0
933;0
934;0
935;0
936;1
937;0
938;1
939;2
940;2
941;2
942;1
943;0
944;1
945;0
946;0
947;0
948;2
949;1
950;2
951;0
952;0
953;0
954;0
955;0
956;1
957;1
958;0
959;2
960;2
961;1
962;2
963;0
964;0
965;1
966;1
967;0
968;1
969;2
970;2
971;2
972;1
973;1
974;0
975;0
976;0
977;0
978;0
979;0
980;2
981;0
982;0
983;0
984;0
985;0
986;0
987;2
988;0
989;0
990;0
991;0
992;0
993;0
994;0
995;0
996;0
997;1
998;1
999;0
1000;0
1001;0
1002;0
1003;0
1004;0
1005;0
1006;0
1007;0
1008;1
1009;0
1010;2
1011;1
1012;0
1013;0
1014;0
1015;0
1016;0
1017;0
1018;0
1019;0
1020;0
1021;0
1022;0
1023;0
