0;0
1;0
2;0
3;2
4;4
5;0
6;2
7;2
8;2
9;0
10;2
11;1
12;2
13;0
14;1
15;0
16;1
17;0
18;2
19;2
20;0
21;1
22;1
23;2
24;1
25;0
26;1
27;2
28;2
29;0
30;0
31;0
32;1
33;2
34;2
35;0
36;1
37;0
38;0
39;0
40;0
41;0
42;0
43;0
44;2
45;0
46;2
47;0
48;0
49;0
50;0
51;0
52;2
53;0
54;0
55;0
56;0
57;0
58;0
59;2
60;1
61;1
62;0
63;2
64;0
65;0
66;0
67;0
68;0
69;0
70;0
71;0
72;0
73;0
74;0
75;0
76;1
77;0
78;0
79;0
80;2
81;0
82;0
83;0
84;0
85;1
86;0
87;0
88;1
89;0
90;0
91;0
92;0
93;0
94;2
95;2
96;2
97;0
98;0
99;0
100;0
101;1
102;1
103;0
104;0
105;0
106;0
107;1
108;0
109;2
110;0
111;1
112;0
113;2
114;1
115;0
116;1
117;0
118;0
119;0
120;0
121;2
122;2
123;2
124;1
125;0
126;0
127;0
128;0
129;2
130;1
131;0
132;2
133;0
134;0
135;0
136;0
137;0
138;0
139;2
140;2
141;0
142;2
143;0
144;0
145;2
146;0
147;0
148;0
149;2
150;0
151;0
152;2
153;0
154;0
155;2
156;0
157;0
158;2
159;1
160;0
161;0
162;0
163;0
164;1
165;0
166;0
167;0
168;0
169;0
170;1
171;2
172;2
173;1
174;0
175;0
176;0
177;2
178;2
179;0
180;0
181;0
182;2
183;2
184;1
185;0
186;0
187;0
188;0
189;1
190;1
191;0
192;2
193;2
194;2
195;0
196;0
197;0
198;0
199;2
200;0
201;0
202;2
203;0
204;0
205;0
206;0
207;0
208;0
209;0
210;0
211;0
212;2
213;0
214;0
215;0
216;0
217;0
218;0
219;0
220;0
221;2
222;0
223;0
224;2
225;0
226;2
227;1
228;0
229;2
230;0
231;2
232;0
233;1
234;0
235;0
236;0
237;2
238;0
239;0
240;0
241;0
242;1
243;0
244;0
245;0
246;0
247;0
248;1
249;0
250;2
251;1
252;0
253;0
254;0
255;2
256;1
257;0
258;2
259;2
260;0
261;0
262;0
263;1
264;4
265;0
266;2
267;2
268;0
269;0
270;2
271;0
272;2
273;0
274;0
275;2
276;0
277;0
278;0
279;0
280;2
281;0
282;0
283;1
284;1
285;0
286;0
287;0
288;2
289;0
290;0
291;1
292;0
293;1
294;0
295;0
296;0
297;0
298;0
299;2
300;1
301;0
302;0
303;0
304;0
305;1
306;0
307;1
308;0
309;0
310;0
311;0
312;2
313;1
314;2
315;1
316;0
317;0
318;0
319;1
320;1
321;2
322;2
323;0
324;2
325;2
326;2
327;2
328;1
329;0
330;0
331;0
332;2
333;1
334;0
335;0
336;2
337;0
338;0
339;0
340;0
341;0
342;1
343;0
344;0
345;0
346;0
347;2
348;1
349;0
350;0
351;2
352;2
353;0
354;0
355;0
356;2
357;2
358;2
359;0
360;2
361;0
362;0
363;0
364;0
365;0
366;0
367;1
368;0
369;0
370;0
371;0
372;0
373;0
374;0
375;1
376;0
377;0
378;0
379;2
380;0
381;0
382;0
383;0
384;0
385;0
386;0
387;0
388;1
389;0
390;1
391;0
392;0
393;0
394;0
395;2
396;0
397;0
398;2
399;0
400;1
401;0
402;2
403;2
404;1
405;0
406;0
407;2
408;2
409;2
410;2
411;2
412;2
413;0
414;0
415;0
416;0
417;0
418;0
419;1
420;1
421;0
422;2
423;0
424;0
425;1
426;1
427;2
428;0
429;0
430;2
431;2
432;2
433;1
434;0
435;2
436;1
437;1
438;0
439;0
440;2
441;0
442;0
443;2
444;2
445;0
446;2
447;1
448;0
449;0
450;0
451;1
452;0
453;0
454;0
455;1
456;0
457;0
458;2
459;2
460;1
461;0
462;0
463;0
464;0
465;0
466;0
467;0
468;1
469;1
470;0
471;0
472;0
473;0
474;0
475;0
476;0
477;0
478;0
479;0
480;0
481;0
482;0
483;2
484;4
485;0
486;0
487;2
488;2
489;0
490;0
491;0
492;2
493;0
494;0
495;2
496;0
497;0
498;1
499;2
500;2
501;0
502;1
503;2
504;2
505;0
506;0
507;0
508;0
509;0
510;0
511;0
512;1
513;0
514;0
515;0
516;0
517;0
518;0
519;0
520;0
521;0
522;0
523;0
524;2
525;0
526;2
527;2
528;2
529;2
530;0
531;0
532;0
533;0
534;2
535;0
536;0
537;0
538;2
539;0
540;2
541;0
542;2
543;1
544;0
545;0
546;0
547;0
548;1
549;0
550;0
551;0
552;1
553;0
554;1
555;1
556;0
557;0
558;0
559;0
560;2
561;0
562;2
563;0
564;0
565;1
566;2
567;2
568;2
569;2
570;0
571;0
572;0
573;0
574;2
575;2
576;0
577;0
578;2
579;2
580;2
581;0
582;2
583;0
584;0
585;0
586;0
587;0
588;2
589;0
590;0
591;2
592;2
593;2
594;0
595;0
596;1
597;0
598;0
599;0
600;0
601;0
602;0
603;0
604;0
605;0
606;0
607;0
608;2
609;1
610;0
611;0
612;0
613;0
614;0
615;0
616;2
617;0
618;0
619;0
620;2
621;0
622;0
623;0
624;1
625;0
626;1
627;1
628;0
629;1
630;2
631;0
632;0
633;0
634;2
635;2
636;2
637;2
638;0
639;0
640;1
641;0
642;2
643;0
644;2
645;0
646;0
647;0
648;2
649;0
650;2
651;1
652;0
653;0
654;2
655;0
656;1
657;0
658;1
659;0
660;2
661;2
662;2
663;0
664;2
665;2
666;0
667;0
668;0
669;0
670;0
671;0
672;0
673;1
674;1
675;0
676;0
677;0
678;2
679;0
680;0
681;0
682;0
683;0
684;0
685;0
686;2
687;2
688;0
689;0
690;0
691;0
692;0
693;2
694;0
695;2
696;1
697;0
698;1
699;0
700;1
701;0
702;0
703;0
704;0
705;0
706;0
707;0
708;1
709;0
710;0
711;0
712;0
713;0
714;0
715;2
716;1
717;0
718;0
719;0
720;1
721;0
722;0
723;0
724;1
725;0
726;1
727;0
728;0
729;2
730;0
731;2
732;0
733;2
734;0
735;0
736;0
737;2
738;2
739;0
740;2
741;0
742;2
743;2
744;0
745;0
746;2
747;1
748;0
749;0
750;0
751;2
752;1
753;0
754;2
755;0
756;0
757;0
758;2
759;2
760;0
761;2
762;0
763;0
764;1
765;0
766;0
767;0
768;0
769;2
770;0
771;2
772;0
773;0
774;0
775;0
776;0
777;2
778;0
779;0
780;0
781;0
782;1
783;0
784;0
785;0
786;0
787;0
788;1
789;0
790;0
791;0
792;0
793;0
794;0
795;1
796;0
797;0
798;0
799;0
800;0
801;0
802;0
803;0
804;0
805;0
806;2
807;0
808;0
809;1
810;0
811;0
812;0
813;2
814;2
815;0
816;1
817;1
818;0
819;2
820;1
821;1
822;0
823;0
824;0
825;0
826;0
827;0
828;2
829;2
830;2
831;2
832;2
833;0
834;0
835;0
836;2
837;2
838;1
839;2
840;1
841;0
842;1
843;2
844;2
845;0
846;2
847;1
848;0
849;0
850;2
851;0
852;0
853;0
854;2
855;1
856;0
857;0
858;0
859;0
860;0
861;0
862;2
863;0
864;0
865;0
866;0
867;1
868;4
869;2
870;2
871;2
872;2
873;0
874;2
875;0
876;2
877;0
878;0
879;0
880;0
881;0
882;2
883;0
884;0
885;0
886;1
887;0
888;0
889;0
890;0
891;0
892;0
893;0
894;0
895;1
896;0
897;1
898;0
899;1
900;0
901;0
902;0
903;2
904;0
905;0
906;0
907;0
908;1
909;1
910;1
911;2
912;2
913;0
914;0
915;0
916;0
917;2
918;2
919;0
920;0
921;0
922;0
923;2
924;2
925;2
926;0
927;0
928;0
929;0
930;1
931;0
932;0
933;0
934;0
935;1
936;0
937;0
938;1
939;0
940;4
941;1
942;1
943;0
944;0
945;2
946;0
947;2
948;1
949;0
950;2
951;2
952;2
953;2
954;2
955;2
956;2
957;0
958;0
959;0
960;0
961;0
962;0
963;0
964;0
965;0
966;2
967;1
968;0
969;1
970;0
971;0
972;0
973;2
974;0
975;0
976;2
977;0
978;2
979;1
980;0
981;0
982;0
983;0
984;0
985;0
986;2
987;2
988;1
989;0
990;0
991;2
992;0
993;0
994;2
995;0
996;0
997;0
998;0
999;0
1000;2
1001;0
1002;2
1003;2
1004;2
1005;0
1006;2
1007;0
1008;0
1009;0
1010;0
1011;1
1012;1
1013;0
1014;0
1015;0
1016;0
1017;0
1018;0
1019;0
1020;0
1021;0
1022;0
1023;0
