0;1
1;1
2;0
3;1
4;2
5;0
6;2
7;2
8;1
9;1
10;2
11;0
12;1
13;0
14;1
15;0
16;0
17;1
18;0
19;0
20;2
21;2
22;0
23;2
24;0
25;0
26;0
27;0
28;2
29;2
30;0
31;2
32;1
33;2
34;0
35;0
36;0
37;1
38;1
39;0
40;1
41;0
42;2
43;0
44;2
45;0
46;2
47;1
48;0
49;2
50;0
51;0
52;2
53;0
54;0
55;2
56;0
57;0
58;0
59;0
60;0
61;0
62;0
63;0
64;0
65;0
66;2
67;0
68;0
69;0
70;0
71;0
72;1
73;0
74;0
75;0
76;2
77;0
78;1
79;0
80;2
81;0
82;0
83;2
84;0
85;0
86;0
87;0
88;1
89;0
90;0
91;0
92;0
93;2
94;0
95;2
96;0
97;0
98;0
99;0
100;0
101;0
102;2
103;0
104;0
105;0
106;0
107;1
108;0
109;0
110;0
111;0
112;0
113;1
114;0
115;1
116;0
117;0
118;0
119;0
120;0
121;0
122;2
123;2
124;2
125;0
126;0
127;0
128;0
129;2
130;2
131;2
132;0
133;2
134;0
135;0
136;2
137;1
138;0
139;2
140;1
141;0
142;2
143;2
144;0
145;0
146;0
147;0
148;1
149;0
150;1
151;0
152;0
153;0
154;2
155;0
156;0
157;0
158;2
159;0
160;1
161;0
162;2
163;1
164;0
165;1
166;0
167;0
168;1
169;0
170;2
171;0
172;0
173;0
174;2
175;0
176;0
177;0
178;0
179;0
180;0
181;0
182;0
183;0
184;0
185;0
186;1
187;0
188;2
189;1
190;2
191;0
192;0
193;2
194;2
195;2
196;2
197;0
198;1
199;0
200;0
201;0
202;0
203;2
204;1
205;0
206;2
207;2
208;2
209;0
210;2
211;0
212;0
213;0
214;0
215;0
216;0
217;0
218;1
219;0
220;2
221;1
222;0
223;0
224;1
225;0
226;1
227;1
228;0
229;0
230;1
231;0
232;0
233;0
234;0
235;0
236;2
237;0
238;2
239;0
240;0
241;2
242;0
243;0
244;1
245;2
246;0
247;2
248;2
249;0
250;0
251;0
252;0
253;2
254;0
255;2
256;1
257;1
258;0
259;0
260;0
261;1
262;2
263;0
264;0
265;0
266;1
267;0
268;0
269;0
270;1
271;0
272;0
273;2
274;0
275;2
276;1
277;0
278;2
279;1
280;0
281;1
282;2
283;1
284;0
285;0
286;0
287;0
288;0
289;0
290;0
291;0
292;2
293;0
294;0
295;0
296;0
297;0
298;0
299;0
300;0
301;1
302;1
303;2
304;0
305;2
306;0
307;0
308;2
309;1
310;2
311;0
312;0
313;0
314;0
315;0
316;0
317;2
318;2
319;2
320;1
321;0
322;0
323;0
324;0
325;1
326;2
327;0
328;0
329;1
330;0
331;2
332;2
333;0
334;0
335;2
336;2
337;2
338;2
339;1
340;0
341;0
342;0
343;0
344;2
345;1
346;0
347;0
348;2
349;0
350;0
351;0
352;0
353;0
354;1
355;2
356;0
357;1
358;0
359;0
360;2
361;0
362;2
363;1
364;0
365;0
366;0
367;0
368;0
369;2
370;0
371;0
372;0
373;1
374;0
375;0
376;0
377;2
378;2
379;0
380;1
381;0
382;0
383;1
384;4
385;0
386;2
387;0
388;0
389;0
390;2
391;0
392;2
393;2
394;0
395;1
396;0
397;0
398;2
399;2
400;0
401;0
402;2
403;0
404;0
405;0
406;0
407;0
408;1
409;0
410;1
411;0
412;2
413;2
414;1
415;0
416;0
417;0
418;0
419;0
420;2
421;0
422;1
423;0
424;0
425;0
426;2
427;2
428;2
429;1
430;0
431;0
432;0
433;0
434;1
435;0
436;2
437;0
438;0
439;2
440;2
441;0
442;1
443;0
444;0
445;0
446;0
447;0
448;0
449;2
450;0
451;0
452;0
453;0
454;1
455;2
456;2
457;2
458;0
459;0
460;0
461;0
462;1
463;2
464;1
465;1
466;0
467;0
468;0
469;0
470;0
471;0
472;0
473;2
474;0
475;2
476;2
477;0
478;2
479;2
480;0
481;0
482;0
483;0
484;0
485;1
486;2
487;0
488;0
489;0
490;0
491;0
492;1
493;2
494;0
495;0
496;1
497;0
498;0
499;0
500;0
501;0
502;0
503;0
504;0
505;2
506;0
507;0
508;0
509;0
510;0
511;0
512;2
513;2
514;2
515;0
516;1
517;1
518;0
519;0
520;0
521;2
522;2
523;0
524;0
525;0
526;2
527;0
528;0
529;1
530;1
531;0
532;0
533;0
534;0
535;0
536;1
537;0
538;0
539;0
540;0
541;0
542;1
543;2
544;0
545;1
546;0
547;0
548;1
549;0
550;2
551;0
552;0
553;1
554;2
555;0
556;0
557;2
558;1
559;0
560;0
561;0
562;2
563;0
564;0
565;2
566;2
567;0
568;2
569;1
570;2
571;0
572;0
573;0
574;0
575;0
576;0
577;0
578;2
579;0
580;2
581;0
582;0
583;0
584;2
585;1
586;0
587;0
588;0
589;0
590;1
591;0
592;0
593;0
594;0
595;0
596;1
597;0
598;2
599;2
600;2
601;0
602;0
603;0
604;0
605;0
606;2
607;1
608;0
609;2
610;0
611;2
612;1
613;0
614;0
615;0
616;2
617;0
618;0
619;0
620;2
621;0
622;0
623;0
624;2
625;0
626;2
627;0
628;0
629;0
630;0
631;0
632;0
633;0
634;1
635;0
636;0
637;2
638;0
639;0
640;2
641;2
642;0
643;1
644;1
645;0
646;0
647;0
648;0
649;0
650;0
651;0
652;0
653;0
654;0
655;0
656;0
657;0
658;0
659;1
660;0
661;0
662;0
663;0
664;0
665;1
666;2
667;2
668;1
669;0
670;0
671;0
672;0
673;0
674;0
675;1
676;0
677;0
678;0
679;2
680;0
681;1
682;0
683;0
684;0
685;0
686;0
687;0
688;1
689;0
690;2
691;0
692;0
693;0
694;0
695;1
696;0
697;0
698;0
699;2
700;0
701;1
702;0
703;2
704;1
705;0
706;0
707;0
708;0
709;0
710;0
711;0
712;1
713;0
714;0
715;0
716;0
717;0
718;1
719;0
720;0
721;0
722;0
723;0
724;0
725;2
726;0
727;0
728;0
729;1
730;0
731;0
732;2
733;0
734;2
735;2
736;0
737;0
738;0
739;0
740;0
741;0
742;0
743;0
744;1
745;0
746;2
747;0
748;0
749;0
750;0
751;2
752;0
753;0
754;2
755;0
756;0
757;0
758;0
759;2
760;4
761;0
762;2
763;2
764;2
765;0
766;2
767;0
768;1
769;0
770;0
771;0
772;0
773;0
774;0
775;2
776;0
777;0
778;0
779;0
780;0
781;2
782;2
783;2
784;0
785;0
786;1
787;0
788;0
789;0
790;2
791;0
792;0
793;0
794;0
795;0
796;0
797;1
798;0
799;0
800;0
801;0
802;0
803;0
804;0
805;0
806;0
807;0
808;0
809;0
810;1
811;0
812;0
813;1
814;0
815;0
816;0
817;0
818;0
819;0
820;2
821;1
822;0
823;0
824;0
825;0
826;0
827;1
828;0
829;0
830;0
831;0
832;0
833;2
834;1
835;1
836;0
837;0
838;0
839;0
840;0
841;0
842;1
843;0
844;0
845;1
846;0
847;0
848;0
849;1
850;2
851;0
852;2
853;0
854;2
855;1
856;0
857;0
858;2
859;0
860;0
861;0
862;0
863;0
864;0
865;0
866;1
867;1
868;0
869;2
870;2
871;0
872;0
873;2
874;0
875;0
876;0
877;0
878;0
879;0
880;0
881;1
882;1
883;0
884;0
885;1
886;0
887;1
888;2
889;0
890;0
891;2
892;2
893;0
894;2
895;1
896;0
897;0
898;1
899;0
900;0
901;2
902;0
903;2
904;1
905;0
906;2
907;0
908;0
909;0
910;0
911;0
912;2
913;2
914;1
915;0
916;0
917;0
918;2
919;0
920;0
921;0
922;0
923;0
924;0
925;0
926;0
927;0
928;2
929;0
930;2
931;0
932;0
933;0
934;2
935;0
936;2
937;2
938;0
939;2
940;1
941;0
942;2
943;2
944;1
945;0
946;0
947;2
948;1
949;0
950;2
951;1
952;0
953;0
954;2
955;0
956;1
957;0
958;2
959;0
960;0
961;0
962;2
963;0
964;0
965;0
966;1
967;0
968;0
969;0
970;1
971;0
972;0
973;0
974;0
975;0
976;2
977;2
978;2
979;2
980;1
981;0
982;2
983;0
984;0
985;0
986;2
987;0
988;0
989;0
990;2
991;2
992;1
993;0
994;0
995;0
996;0
997;2
998;0
999;0
1000;0
1001;1
1002;0
1003;2
1004;0
1005;0
1006;0
1007;0
1008;0
1009;0
1010;0
1011;0
1012;1
1013;0
1014;1
1015;1
1016;0
1017;0
1018;0
1019;0
1020;0
1021;0
1022;0
1023;0
