0;0
1;1
2;0
3;2
4;2
5;0
6;2
7;1
8;0
9;0
10;2
11;0
12;0
13;0
14;0
15;0
16;0
17;2
18;1
19;1
20;0
21;2
22;2
23;0
24;1
25;2
26;0
27;1
28;0
29;0
30;0
31;0
32;0
33;0
34;0
35;0
36;0
37;0
38;0
39;1
40;0
41;0
42;0
43;0
44;2
45;0
46;0
47;2
48;1
49;0
50;1
51;0
52;0
53;0
54;1
55;0
56;0
57;0
58;0
59;2
60;0
61;0
62;0
63;0
64;0
65;0
66;0
67;1
68;0
69;0
70;1
71;0
72;0
73;0
74;0
75;0
76;0
77;0
78;0
79;0
80;2
81;0
82;2
83;0
84;0
85;2
86;0
87;0
88;0
89;2
90;2
91;0
92;0
93;0
94;0
95;1
96;0
97;0
98;1
99;1
100;0
101;0
102;0
103;0
104;0
105;0
106;0
107;0
108;1
109;2
110;0
111;0
112;0
113;0
114;2
115;2
116;2
117;0
118;0
119;2
120;2
121;0
122;2
123;2
124;2
125;0
126;2
127;1
128;2
129;0
130;0
131;0
132;0
133;0
134;1
135;0
136;1
137;0
138;0
139;0
140;2
141;0
142;2
143;0
144;2
145;0
146;0
147;0
148;0
149;0
150;2
151;2
152;1
153;0
154;2
155;0
156;0
157;0
158;2
159;0
160;0
161;0
162;0
163;0
164;0
165;2
166;1
167;0
168;0
169;0
170;1
171;1
172;0
173;2
174;0
175;0
176;0
177;0
178;0
179;0
180;0
181;0
182;0
183;0
184;2
185;0
186;0
187;0
188;2
189;0
190;0
191;0
192;0
193;0
194;0
195;1
196;2
197;2
198;2
199;0
200;2
201;0
202;2
203;0
204;0
205;0
206;0
207;0
208;0
209;0
210;0
211;0
212;0
213;0
214;0
215;1
216;0
217;0
218;0
219;2
220;2
221;0
222;2
223;2
224;2
225;0
226;2
227;0
228;2
229;2
230;2
231;2
232;1
233;0
234;2
235;2
236;0
237;0
238;0
239;0
240;1
241;1
242;0
243;2
244;0
245;0
246;1
247;0
248;2
249;0
250;2
251;0
252;0
253;0
254;2
255;0
256;0
257;0
258;0
259;0
260;1
261;0
262;1
263;0
264;0
265;0
266;0
267;0
268;2
269;2
270;1
271;2
272;1
273;0
274;0
275;0
276;0
277;1
278;0
279;2
280;0
281;0
282;0
283;2
284;2
285;1
286;0
287;2
288;0
289;0
290;0
291;0
292;1
293;0
294;0
295;0
296;0
297;2
298;0
299;2
300;2
301;0
302;2
303;2
304;1
305;0
306;2
307;0
308;0
309;0
310;0
311;1
312;0
313;0
314;0
315;0
316;2
317;0
318;0
319;0
320;0
321;2
322;2
323;0
324;0
325;1
326;2
327;0
328;0
329;0
330;0
331;0
332;0
333;0
334;0
335;0
336;1
337;0
338;0
339;1
340;2
341;0
342;0
343;0
344;2
345;0
346;1
347;1
348;0
349;0
350;0
351;0
352;0
353;2
354;0
355;0
356;0
357;0
358;0
359;2
360;2
361;0
362;1
363;0
364;2
365;0
366;0
367;1
368;0
369;0
370;0
371;0
372;4
373;0
374;0
375;0
376;2
377;1
378;0
379;2
380;1
381;0
382;0
383;1
384;0
385;1
386;0
387;0
388;0
389;1
390;0
391;0
392;0
393;0
394;0
395;2
396;2
397;1
398;0
399;2
400;2
401;0
402;0
403;0
404;0
405;0
406;0
407;0
408;0
409;1
410;0
411;2
412;0
413;0
414;0
415;1
416;0
417;0
418;0
419;1
420;0
421;2
422;0
423;1
424;0
425;0
426;1
427;0
428;2
429;2
430;2
431;2
432;2
433;0
434;0
435;0
436;2
437;0
438;1
439;0
440;1
441;2
442;1
443;0
444;0
445;0
446;2
447;0
448;1
449;0
450;2
451;2
452;2
453;0
454;2
455;2
456;2
457;0
458;2
459;0
460;2
461;2
462;0
463;0
464;0
465;0
466;0
467;0
468;0
469;0
470;2
471;2
472;2
473;2
474;2
475;0
476;0
477;0
478;0
479;0
480;2
481;2
482;0
483;2
484;0
485;2
486;0
487;1
488;0
489;0
490;1
491;0
492;0
493;2
494;0
495;1
496;0
497;1
498;0
499;0
500;1
501;0
502;0
503;1
504;0
505;2
506;0
507;1
508;0
509;2
510;2
511;2
512;0
513;0
514;0
515;0
516;2
517;0
518;2
519;2
520;2
521;0
522;2
523;0
524;1
525;0
526;0
527;0
528;0
529;0
530;0
531;1
532;0
533;1
534;0
535;0
536;1
537;0
538;0
539;1
540;0
541;1
542;0
543;0
544;0
545;0
546;0
547;0
548;0
549;2
550;0
551;1
552;0
553;2
554;2
555;0
556;2
557;0
558;1
559;1
560;0
561;2
562;0
563;1
564;1
565;0
566;0
567;0
568;2
569;0
570;2
571;0
572;0
573;0
574;2
575;0
576;2
577;0
578;0
579;2
580;0
581;2
582;0
583;1
584;0
585;0
586;0
587;0
588;2
589;0
590;0
591;0
592;0
593;0
594;0
595;0
596;0
597;2
598;0
599;0
600;0
601;0
602;0
603;1
604;0
605;0
606;0
607;2
608;2
609;0
610;2
611;2
612;2
613;0
614;0
615;0
616;1
617;2
618;0
619;0
620;2
621;1
622;0
623;0
624;0
625;2
626;0
627;0
628;0
629;0
630;0
631;0
632;0
633;0
634;0
635;0
636;0
637;0
638;0
639;0
640;2
641;0
642;2
643;0
644;0
645;0
646;0
647;1
648;2
649;1
650;0
651;0
652;1
653;0
654;0
655;0
656;1
657;0
658;1
659;0
660;0
661;0
662;0
663;1
664;0
665;1
666;0
667;0
668;0
669;2
670;0
671;1
672;0
673;1
674;2
675;0
676;0
677;0
678;0
679;0
680;1
681;1
682;0
683;0
684;0
685;0
686;2
687;1
688;2
689;2
690;2
691;2
692;0
693;0
694;1
695;0
696;1
697;0
698;0
699;0
700;0
701;0
702;0
703;0
704;0
705;2
706;0
707;2
708;1
709;0
710;0
711;2
712;4
713;0
714;2
715;2
716;0
717;2
718;2
719;0
720;2
721;0
722;2
723;2
724;0
725;1
726;0
727;0
728;0
729;0
730;2
731;2
732;1
733;0
734;1
735;0
736;0
737;2
738;0
739;0
740;1
741;0
742;0
743;2
744;2
745;0
746;1
747;1
748;0
749;0
750;0
751;1
752;0
753;0
754;2
755;0
756;0
757;0
758;2
759;2
760;1
761;0
762;0
763;1
764;1
765;2
766;2
767;2
768;2
769;0
770;2
771;1
772;2
773;0
774;1
775;0
776;2
777;0
778;0
779;0
780;2
781;0
782;1
783;0
784;0
785;2
786;1
787;0
788;1
789;2
790;0
791;0
792;1
793;1
794;0
795;0
796;1
797;0
798;0
799;0
800;2
801;1
802;0
803;0
804;0
805;2
806;0
807;2
808;1
809;1
810;0
811;0
812;0
813;2
814;2
815;2
816;2
817;0
818;0
819;0
820;0
821;0
822;0
823;1
824;0
825;0
826;0
827;0
828;1
829;1
830;0
831;0
832;0
833;0
834;2
835;2
836;2
837;2
838;2
839;2
840;1
841;0
842;2
843;0
844;2
845;2
846;2
847;0
848;0
849;0
850;0
851;2
852;0
853;0
854;0
855;0
856;0
857;1
858;0
859;0
860;2
861;2
862;0
863;0
864;0
865;0
866;0
867;0
868;0
869;0
870;0
871;0
872;2
873;0
874;0
875;0
876;0
877;2
878;0
879;0
880;0
881;0
882;2
883;2
884;2
885;0
886;0
887;0
888;0
889;0
890;0
891;0
892;2
893;2
894;0
895;0
896;0
897;0
898;1
899;2
900;0
901;0
902;2
903;2
904;2
905;2
906;0
907;0
908;2
909;0
910;0
911;1
912;0
913;0
914;0
915;1
916;0
917;0
918;1
919;0
920;0
921;1
922;0
923;2
924;1
925;0
926;0
927;0
928;1
929;0
930;2
931;0
932;1
933;0
934;0
935;0
936;0
937;0
938;1
939;2
940;1
941;0
942;0
943;2
944;2
945;0
946;2
947;2
948;2
949;0
950;0
951;0
952;2
953;0
954;0
955;1
956;0
957;1
958;1
959;0
960;0
961;0
962;1
963;0
964;2
965;0
966;0
967;1
968;0
969;2
970;0
971;0
972;0
973;0
974;0
975;0
976;2
977;0
978;1
979;2
980;1
981;0
982;2
983;2
984;0
985;0
986;0
987;0
988;0
989;2
990;0
991;0
992;1
993;1
994;0
995;0
996;2
997;0
998;0
999;2
1000;0
1001;0
1002;1
1003;0
1004;2
1005;2
1006;1
1007;0
1008;2
1009;0
1010;0
1011;1
1012;0
1013;0
1014;0
1015;0
1016;0
1017;0
1018;0
1019;0
1020;0
1021;0
1022;0
1023;0
