0;1
1;0
2;0
3;0
4;2
5;0
6;2
7;2
8;2
9;0
10;2
11;0
12;2
13;1
14;0
15;0
16;0
17;1
18;0
19;0
20;2
21;0
22;0
23;1
24;2
25;0
26;2
27;2
28;0
29;0
30;0
31;0
32;1
33;0
34;0
35;0
36;1
37;0
38;0
39;0
40;1
41;0
42;0
43;0
44;0
45;0
46;0
47;1
48;2
49;0
50;0
51;0
52;0
53;0
54;2
55;2
56;1
57;0
58;0
59;2
60;2
61;0
62;2
63;0
64;0
65;0
66;2
67;0
68;1
69;0
70;0
71;2
72;1
73;0
74;1
75;0
76;2
77;2
78;2
79;0
80;0
81;0
82;0
83;2
84;0
85;0
86;0
87;0
88;2
89;1
90;0
91;0
92;1
93;0
94;2
95;2
96;1
97;0
98;0
99;1
100;4
101;0
102;2
103;2
104;0
105;0
106;1
107;0
108;4
109;0
110;1
111;0
112;2
113;0
114;1
115;0
116;2
117;0
118;0
119;1
120;0
121;0
122;2
123;2
124;1
125;0
126;0
127;2
128;2
129;0
130;2
131;2
132;2
133;0
134;2
135;0
136;1
137;0
138;1
139;2
140;2
141;0
142;1
143;0
144;2
145;2
146;0
147;2
148;0
149;0
150;0
151;0
152;0
153;2
154;2
155;2
156;1
157;0
158;0
159;0
160;0
161;0
162;2
163;2
164;1
165;0
166;1
167;0
168;1
169;0
170;0
171;0
172;4
173;0
174;2
175;2
176;2
177;0
178;2
179;0
180;2
181;2
182;0
183;1
184;0
185;2
186;2
187;0
188;0
189;0
190;0
191;1
192;0
193;0
194;2
195;2
196;2
197;2
198;0
199;2
200;0
201;0
202;0
203;0
204;0
205;0
206;0
207;0
208;0
209;0
210;1
211;0
212;2
213;0
214;1
215;0
216;2
217;2
218;2
219;0
220;1
221;0
222;1
223;0
224;0
225;0
226;0
227;2
228;2
229;0
230;0
231;2
232;2
233;0
234;0
235;0
236;1
237;0
238;1
239;0
240;0
241;2
242;0
243;0
244;2
245;2
246;1
247;0
248;2
249;0
250;1
251;0
252;0
253;0
254;1
255;0
256;0
257;0
258;2
259;1
260;0
261;0
262;0
263;2
264;4
265;2
266;2
267;2
268;2
269;0
270;2
271;0
272;2
273;2
274;0
275;0
276;0
277;0
278;1
279;2
280;0
281;1
282;0
283;0
284;2
285;2
286;1
287;0
288;2
289;0
290;2
291;0
292;1
293;0
294;2
295;2
296;1
297;0
298;0
299;2
300;2
301;0
302;2
303;2
304;2
305;0
306;0
307;0
308;2
309;2
310;2
311;2
312;1
313;0
314;1
315;0
316;0
317;0
318;0
319;1
320;0
321;0
322;2
323;2
324;4
325;0
326;2
327;1
328;2
329;0
330;1
331;0
332;2
333;2
334;2
335;2
336;0
337;0
338;1
339;2
340;1
341;0
342;1
343;2
344;1
345;0
346;0
347;0
348;0
349;0
350;2
351;2
352;1
353;0
354;0
355;2
356;4
357;0
358;2
359;2
360;1
361;0
362;0
363;0
364;1
365;0
366;1
367;0
368;0
369;0
370;0
371;0
372;2
373;0
374;1
375;2
376;2
377;1
378;0
379;0
380;0
381;2
382;1
383;0
384;2
385;0
386;0
387;0
388;0
389;0
390;0
391;2
392;1
393;0
394;0
395;0
396;1
397;0
398;2
399;1
400;0
401;0
402;0
403;2
404;0
405;0
406;2
407;1
408;0
409;0
410;2
411;0
412;1
413;1
414;1
415;0
416;0
417;0
418;0
419;0
420;0
421;0
422;0
423;0
424;1
425;0
426;1
427;0
428;1
429;0
430;0
431;0
432;2
433;0
434;2
435;0
436;4
437;0
438;2
439;0
440;2
441;0
442;1
443;0
444;2
445;2
446;0
447;0
448;2
449;2
450;1
451;0
452;0
453;0
454;1
455;0
456;0
457;0
458;0
459;1
460;0
461;0
462;2
463;0
464;0
465;2
466;0
467;0
468;0
469;0
470;2
471;2
472;1
473;0
474;0
475;0
476;4
477;0
478;0
479;2
480;2
481;0
482;2
483;0
484;2
485;0
486;2
487;0
488;1
489;0
490;1
491;0
492;0
493;0
494;0
495;2
496;0
497;1
498;2
499;0
500;1
501;0
502;0
503;1
504;0
505;0
506;2
507;0
508;1
509;0
510;0
511;0
512;0
513;2
514;0
515;0
516;0
517;2
518;0
519;0
520;1
521;0
522;2
523;2
524;1
525;0
526;0
527;2
528;2
529;0
530;0
531;0
532;0
533;0
534;2
535;0
536;0
537;0
538;0
539;2
540;0
541;2
542;2
543;2
544;0
545;0
546;0
547;0
548;0
549;0
550;0
551;0
552;1
553;0
554;2
555;0
556;0
557;0
558;0
559;2
560;2
561;0
562;0
563;0
564;2
565;0
566;2
567;0
568;2
569;1
570;0
571;0
572;0
573;0
574;0
575;4
576;2
577;2
578;2
579;2
580;1
581;0
582;2
583;2
584;1
585;0
586;0
587;2
588;4
589;0
590;2
591;2
592;2
593;0
594;0
595;0
596;1
597;0
598;0
599;2
600;1
601;0
602;1
603;0
604;0
605;0
606;0
607;0
608;1
609;0
610;1
611;0
612;0
613;0
614;0
615;2
616;1
617;0
618;1
619;0
620;1
621;0
622;0
623;2
624;4
625;0
626;2
627;1
628;0
629;0
630;2
631;0
632;1
633;0
634;1
635;0
636;2
637;0
638;0
639;0
640;0
641;2
642;2
643;2
644;2
645;0
646;0
647;1
648;0
649;0
650;0
651;2
652;1
653;0
654;0
655;2
656;1
657;2
658;2
659;1
660;0
661;0
662;2
663;0
664;2
665;1
666;0
667;0
668;2
669;0
670;0
671;0
672;1
673;0
674;0
675;0
676;0
677;0
678;0
679;0
680;0
681;2
682;2
683;2
684;2
685;2
686;0
687;2
688;2
689;0
690;2
691;0
692;0
693;0
694;0
695;0
696;1
697;0
698;0
699;2
700;4
701;0
702;1
703;2
704;1
705;0
706;2
707;0
708;2
709;0
710;1
711;0
712;2
713;0
714;0
715;0
716;0
717;1
718;0
719;0
720;2
721;0
722;0
723;0
724;0
725;0
726;1
727;0
728;0
729;2
730;1
731;0
732;0
733;0
734;0
735;2
736;2
737;0
738;0
739;0
740;0
741;0
742;2
743;0
744;1
745;0
746;2
747;2
748;1
749;0
750;1
751;0
752;1
753;0
754;2
755;2
756;1
757;0
758;0
759;1
760;0
761;0
762;2
763;0
764;2
765;0
766;0
767;0
768;0
769;0
770;0
771;2
772;1
773;0
774;0
775;2
776;2
777;0
778;2
779;1
780;0
781;1
782;2
783;1
784;2
785;2
786;0
787;2
788;0
789;2
790;2
791;2
792;2
793;0
794;2
795;0
796;0
797;2
798;2
799;0
800;0
801;0
802;2
803;2
804;1
805;0
806;0
807;2
808;2
809;0
810;2
811;1
812;0
813;0
814;2
815;0
816;1
817;1
818;0
819;0
820;0
821;2
822;1
823;0
824;1
825;0
826;2
827;0
828;0
829;0
830;0
831;0
832;0
833;0
834;0
835;0
836;0
837;0
838;2
839;0
840;1
841;0
842;0
843;0
844;1
845;0
846;2
847;2
848;1
849;0
850;0
851;2
852;4
853;0
854;2
855;2
856;2
857;0
858;2
859;0
860;2
861;0
862;1
863;0
864;4
865;0
866;0
867;0
868;0
869;0
870;1
871;0
872;1
873;0
874;2
875;0
876;0
877;0
878;0
879;0
880;1
881;0
882;1
883;0
884;0
885;0
886;0
887;0
888;0
889;0
890;1
891;2
892;2
893;0
894;0
895;2
896;2
897;0
898;2
899;2
900;2
901;0
902;2
903;1
904;4
905;0
906;0
907;0
908;2
909;2
910;2
911;2
912;1
913;0
914;0
915;0
916;0
917;0
918;2
919;1
920;0
921;0
922;0
923;2
924;4
925;2
926;2
927;0
928;2
929;2
930;2
931;0
932;1
933;0
934;2
935;0
936;0
937;2
938;0
939;0
940;0
941;0
942;0
943;0
944;0
945;0
946;0
947;2
948;0
949;0
950;0
951;0
952;0
953;0
954;0
955;0
956;0
957;0
958;0
959;1
960;0
961;0
962;0
963;2
964;2
965;0
966;2
967;1
968;0
969;0
970;2
971;0
972;2
973;0
974;0
975;0
976;2
977;2
978;0
979;0
980;0
981;0
982;0
983;0
984;2
985;0
986;0
987;0
988;1
989;0
990;2
991;2
992;1
993;0
994;0
995;2
996;2
997;0
998;2
999;2
1000;2
1001;0
1002;2
1003;0
1004;2
1005;0
1006;0
1007;0
1008;1
1009;0
1010;1
1011;2
1012;1
1013;0
1014;0
1015;0
1016;0
1017;0
1018;0
1019;0
1020;0
1021;0
1022;0
1023;0
