0;1
1;0
2;0
3;2
4;2
5;0
6;2
7;1
8;0
9;0
10;0
11;0
12;2
13;0
14;1
15;0
16;0
17;1
18;0
19;2
20;0
21;0
22;2
23;2
24;1
25;2
26;0
27;2
28;2
29;0
30;1
31;2
32;0
33;0
34;0
35;0
36;0
37;0
38;2
39;1
40;0
41;0
42;0
43;0
44;2
45;0
46;2
47;1
48;0
49;0
50;0
51;0
52;0
53;0
54;0
55;0
56;0
57;1
58;0
59;1
60;1
61;0
62;0
63;0
64;0
65;0
66;2
67;2
68;2
69;1
70;0
71;2
72;1
73;0
74;0
75;0
76;0
77;0
78;0
79;0
80;2
81;0
82;2
83;0
84;2
85;0
86;0
87;0
88;0
89;2
90;2
91;1
92;0
93;0
94;2
95;2
96;1
97;0
98;0
99;2
100;2
101;0
102;2
103;1
104;0
105;0
106;0
107;2
108;2
109;0
110;2
111;0
112;1
113;0
114;0
115;0
116;1
117;2
118;0
119;0
120;0
121;0
122;1
123;0
124;1
125;0
126;0
127;1
128;0
129;2
130;0
131;2
132;0
133;2
134;2
135;0
136;0
137;0
138;2
139;0
140;1
141;0
142;1
143;0
144;2
145;2
146;1
147;0
148;0
149;0
150;0
151;0
152;0
153;0
154;2
155;0
156;0
157;0
158;0
159;0
160;2
161;2
162;2
163;2
164;1
165;0
166;2
167;2
168;1
169;0
170;0
171;0
172;2
173;0
174;2
175;2
176;0
177;0
178;0
179;0
180;2
181;1
182;0
183;0
184;1
185;0
186;0
187;1
188;0
189;0
190;1
191;0
192;0
193;0
194;0
195;0
196;0
197;0
198;2
199;1
200;0
201;0
202;1
203;0
204;1
205;0
206;0
207;0
208;2
209;0
210;2
211;2
212;2
213;0
214;0
215;0
216;0
217;2
218;2
219;1
220;0
221;0
222;2
223;1
224;0
225;0
226;2
227;1
228;0
229;0
230;0
231;0
232;2
233;0
234;2
235;2
236;2
237;0
238;0
239;0
240;0
241;0
242;0
243;2
244;1
245;0
246;0
247;2
248;1
249;0
250;0
251;2
252;2
253;0
254;2
255;2
256;2
257;0
258;2
259;0
260;2
261;1
262;0
263;2
264;2
265;0
266;2
267;2
268;0
269;0
270;0
271;2
272;2
273;0
274;0
275;0
276;2
277;0
278;0
279;0
280;0
281;0
282;0
283;0
284;0
285;0
286;0
287;2
288;1
289;0
290;0
291;0
292;0
293;0
294;2
295;2
296;0
297;0
298;0
299;0
300;0
301;0
302;0
303;0
304;1
305;0
306;0
307;2
308;1
309;2
310;2
311;2
312;2
313;0
314;0
315;0
316;2
317;2
318;0
319;0
320;1
321;0
322;2
323;0
324;0
325;0
326;2
327;2
328;2
329;0
330;0
331;0
332;0
333;0
334;2
335;1
336;0
337;0
338;0
339;0
340;0
341;0
342;2
343;0
344;1
345;0
346;0
347;0
348;0
349;1
350;0
351;0
352;2
353;0
354;0
355;2
356;2
357;0
358;2
359;1
360;0
361;1
362;1
363;0
364;2
365;0
366;2
367;2
368;1
369;0
370;0
371;1
372;1
373;0
374;0
375;0
376;2
377;0
378;2
379;2
380;2
381;0
382;2
383;0
384;1
385;0
386;0
387;0
388;2
389;0
390;0
391;0
392;1
393;0
394;0
395;0
396;0
397;1
398;0
399;0
400;0
401;0
402;2
403;0
404;0
405;0
406;0
407;0
408;1
409;0
410;0
411;1
412;1
413;0
414;2
415;2
416;1
417;0
418;0
419;2
420;2
421;0
422;2
423;1
424;2
425;0
426;0
427;2
428;2
429;0
430;2
431;0
432;0
433;0
434;0
435;0
436;0
437;0
438;0
439;2
440;0
441;0
442;0
443;2
444;2
445;0
446;0
447;1
448;0
449;0
450;2
451;1
452;0
453;0
454;0
455;0
456;2
457;0
458;0
459;0
460;2
461;0
462;1
463;0
464;0
465;0
466;0
467;0
468;0
469;1
470;0
471;0
472;0
473;0
474;0
475;0
476;0
477;0
478;0
479;1
480;0
481;1
482;0
483;0
484;0
485;1
486;0
487;0
488;0
489;0
490;0
491;0
492;2
493;1
494;0
495;2
496;2
497;2
498;2
499;2
500;0
501;0
502;0
503;2
504;1
505;0
506;0
507;2
508;2
509;0
510;0
511;2
512;0
513;0
514;2
515;0
516;1
517;1
518;0
519;2
520;2
521;2
522;2
523;2
524;2
525;0
526;2
527;0
528;0
529;0
530;0
531;0
532;2
533;2
534;0
535;0
536;0
537;0
538;0
539;2
540;1
541;0
542;2
543;0
544;2
545;0
546;0
547;2
548;0
549;0
550;0
551;0
552;0
553;1
554;0
555;1
556;0
557;0
558;0
559;0
560;0
561;2
562;2
563;1
564;2
565;0
566;2
567;1
568;0
569;0
570;0
571;0
572;2
573;2
574;0
575;2
576;2
577;0
578;0
579;0
580;0
581;2
582;0
583;0
584;0
585;0
586;0
587;0
588;0
589;0
590;0
591;0
592;1
593;0
594;0
595;0
596;0
597;2
598;2
599;2
600;1
601;0
602;0
603;0
604;4
605;0
606;2
607;1
608;0
609;0
610;0
611;0
612;2
613;2
614;0
615;0
616;0
617;0
618;0
619;2
620;0
621;0
622;0
623;0
624;0
625;1
626;2
627;0
628;0
629;2
630;0
631;0
632;0
633;0
634;2
635;0
636;2
637;0
638;2
639;1
640;0
641;2
642;0
643;0
644;2
645;0
646;2
647;0
648;0
649;2
650;0
651;1
652;1
653;0
654;0
655;0
656;2
657;0
658;0
659;0
660;1
661;0
662;0
663;0
664;1
665;0
666;0
667;2
668;2
669;0
670;2
671;2
672;2
673;2
674;2
675;0
676;2
677;0
678;2
679;1
680;0
681;0
682;2
683;2
684;2
685;1
686;1
687;2
688;0
689;0
690;2
691;2
692;0
693;0
694;0
695;0
696;0
697;0
698;0
699;2
700;0
701;0
702;0
703;0
704;0
705;0
706;0
707;0
708;1
709;0
710;0
711;2
712;1
713;2
714;2
715;2
716;2
717;0
718;2
719;0
720;0
721;1
722;0
723;0
724;2
725;1
726;0
727;0
728;0
729;2
730;0
731;0
732;0
733;0
734;0
735;0
736;2
737;0
738;0
739;0
740;0
741;0
742;0
743;0
744;0
745;2
746;2
747;0
748;0
749;0
750;2
751;2
752;0
753;0
754;0
755;2
756;1
757;0
758;0
759;2
760;2
761;0
762;2
763;0
764;1
765;0
766;0
767;0
768;2
769;2
770;2
771;2
772;2
773;0
774;2
775;1
776;0
777;2
778;0
779;2
780;0
781;0
782;2
783;0
784;0
785;0
786;1
787;0
788;1
789;0
790;0
791;1
792;0
793;0
794;2
795;2
796;1
797;0
798;0
799;2
800;2
801;0
802;2
803;0
804;2
805;0
806;0
807;0
808;2
809;0
810;0
811;0
812;2
813;0
814;0
815;0
816;2
817;2
818;2
819;0
820;0
821;0
822;2
823;2
824;1
825;0
826;1
827;0
828;1
829;0
830;0
831;0
832;0
833;0
834;0
835;0
836;0
837;0
838;1
839;0
840;0
841;0
842;1
843;0
844;2
845;1
846;0
847;0
848;0
849;1
850;0
851;0
852;1
853;1
854;2
855;0
856;0
857;0
858;0
859;0
860;1
861;2
862;0
863;0
864;0
865;0
866;0
867;0
868;0
869;0
870;0
871;1
872;0
873;0
874;1
875;2
876;2
877;2
878;0
879;0
880;0
881;0
882;0
883;0
884;2
885;1
886;1
887;0
888;0
889;0
890;2
891;2
892;2
893;2
894;2
895;0
896;0
897;0
898;0
899;0
900;0
901;0
902;0
903;2
904;2
905;0
906;2
907;2
908;2
909;0
910;0
911;0
912;2
913;1
914;0
915;0
916;2
917;0
918;0
919;0
920;0
921;0
922;2
923;2
924;1
925;0
926;0
927;2
928;0
929;1
930;0
931;1
932;0
933;0
934;0
935;1
936;0
937;0
938;2
939;2
940;1
941;0
942;0
943;0
944;0
945;1
946;0
947;0
948;0
949;2
950;2
951;2
952;2
953;2
954;2
955;1
956;0
957;0
958;0
959;0
960;2
961;0
962;0
963;2
964;0
965;2
966;0
967;0
968;0
969;1
970;0
971;0
972;0
973;2
974;1
975;0
976;2
977;0
978;0
979;1
980;0
981;0
982;0
983;0
984;0
985;0
986;0
987;1
988;0
989;0
990;0
991;0
992;2
993;0
994;2
995;0
996;2
997;0
998;0
999;0
1000;1
1001;0
1002;0
1003;0
1004;1
1005;0
1006;0
1007;0
1008;0
1009;0
1010;2
1011;1
1012;1
1013;0
1014;0
1015;0
1016;0
1017;0
1018;0
1019;0
1020;0
1021;0
1022;0
1023;0
