0;1
1;0
2;0
3;2
4;4
5;0
6;2
7;2
8;2
9;1
10;0
11;0
12;2
13;1
14;1
15;0
16;1
17;2
18;2
19;2
20;2
21;2
22;2
23;2
24;1
25;1
26;0
27;2
28;2
29;0
30;0
31;2
32;0
33;0
34;0
35;0
36;0
37;0
38;1
39;0
40;0
41;0
42;0
43;0
44;2
45;0
46;2
47;0
48;1
49;0
50;1
51;0
52;0
53;0
54;1
55;0
56;0
57;1
58;0
59;2
60;1
61;0
62;0
63;0
64;0
65;0
66;2
67;0
68;0
69;0
70;2
71;0
72;1
73;0
74;0
75;0
76;0
77;0
78;0
79;0
80;2
81;0
82;2
83;1
84;1
85;2
86;0
87;0
88;0
89;2
90;2
91;2
92;4
93;0
94;2
95;0
96;2
97;0
98;0
99;2
100;2
101;0
102;0
103;0
104;0
105;0
106;0
107;0
108;0
109;2
110;0
111;0
112;0
113;0
114;0
115;0
116;0
117;0
118;0
119;0
120;0
121;1
122;0
123;0
124;0
125;0
126;0
127;0
128;2
129;0
130;2
131;0
132;2
133;0
134;0
135;0
136;0
137;2
138;2
139;2
140;1
141;0
142;2
143;0
144;0
145;0
146;0
147;0
148;0
149;0
150;0
151;0
152;0
153;0
154;1
155;0
156;0
157;0
158;2
159;0
160;2
161;2
162;0
163;2
164;0
165;1
166;0
167;0
168;0
169;0
170;0
171;2
172;1
173;0
174;0
175;2
176;4
177;2
178;0
179;2
180;2
181;0
182;2
183;0
184;1
185;0
186;0
187;2
188;0
189;0
190;0
191;0
192;0
193;0
194;2
195;0
196;1
197;0
198;0
199;1
200;2
201;0
202;2
203;2
204;0
205;0
206;2
207;0
208;0
209;0
210;0
211;0
212;0
213;0
214;0
215;0
216;0
217;0
218;0
219;2
220;1
221;0
222;0
223;0
224;0
225;2
226;2
227;0
228;0
229;0
230;0
231;2
232;0
233;0
234;0
235;0
236;0
237;1
238;0
239;1
240;0
241;2
242;0
243;2
244;0
245;2
246;0
247;2
248;2
249;0
250;0
251;0
252;2
253;0
254;2
255;1
256;0
257;0
258;0
259;0
260;2
261;1
262;0
263;2
264;1
265;0
266;0
267;0
268;0
269;1
270;0
271;0
272;2
273;0
274;0
275;0
276;2
277;0
278;0
279;0
280;0
281;0
282;0
283;0
284;0
285;0
286;0
287;0
288;2
289;0
290;0
291;0
292;0
293;0
294;0
295;0
296;2
297;0
298;0
299;0
300;0
301;0
302;0
303;0
304;0
305;1
306;1
307;0
308;0
309;0
310;0
311;0
312;0
313;0
314;0
315;0
316;1
317;0
318;0
319;0
320;2
321;0
322;0
323;0
324;2
325;0
326;2
327;0
328;1
329;0
330;0
331;0
332;2
333;0
334;0
335;0
336;2
337;0
338;0
339;0
340;0
341;0
342;2
343;0
344;1
345;0
346;2
347;2
348;1
349;0
350;0
351;2
352;0
353;0
354;2
355;2
356;2
357;0
358;2
359;2
360;2
361;2
362;4
363;1
364;1
365;0
366;0
367;0
368;2
369;2
370;2
371;2
372;2
373;0
374;0
375;0
376;1
377;0
378;0
379;2
380;1
381;0
382;0
383;2
384;4
385;0
386;2
387;2
388;2
389;0
390;0
391;0
392;2
393;0
394;2
395;0
396;1
397;2
398;2
399;0
400;2
401;2
402;2
403;2
404;2
405;1
406;0
407;0
408;2
409;0
410;2
411;0
412;0
413;2
414;2
415;2
416;2
417;2
418;2
419;0
420;2
421;0
422;2
423;1
424;2
425;0
426;2
427;0
428;2
429;0
430;4
431;4
432;0
433;2
434;2
435;0
436;1
437;0
438;2
439;2
440;1
441;0
442;0
443;2
444;4
445;0
446;2
447;1
448;0
449;0
450;2
451;0
452;2
453;0
454;0
455;0
456;2
457;0
458;0
459;0
460;0
461;2
462;0
463;0
464;0
465;0
466;0
467;2
468;1
469;0
470;2
471;0
472;2
473;0
474;0
475;2
476;2
477;0
478;0
479;0
480;0
481;0
482;2
483;0
484;2
485;0
486;0
487;0
488;1
489;2
490;2
491;2
492;1
493;0
494;1
495;0
496;1
497;0
498;1
499;2
500;2
501;2
502;2
503;2
504;2
505;2
506;0
507;1
508;0
509;0
510;0
511;0
512;0
513;0
514;2
515;0
516;2
517;0
518;0
519;1
520;0
521;0
522;0
523;0
524;0
525;0
526;0
527;2
528;2
529;2
530;0
531;2
532;0
533;0
534;0
535;1
536;0
537;0
538;0
539;0
540;0
541;0
542;2
543;2
544;0
545;0
546;0
547;0
548;0
549;0
550;0
551;0
552;1
553;0
554;2
555;2
556;1
557;0
558;0
559;2
560;4
561;0
562;2
563;2
564;2
565;0
566;2
567;0
568;2
569;2
570;2
571;0
572;1
573;0
574;2
575;0
576;2
577;2
578;0
579;1
580;1
581;0
582;0
583;0
584;0
585;0
586;0
587;0
588;1
589;2
590;0
591;0
592;0
593;1
594;0
595;0
596;0
597;2
598;0
599;2
600;2
601;0
602;0
603;2
604;2
605;0
606;0
607;2
608;0
609;1
610;0
611;0
612;0
613;0
614;2
615;0
616;0
617;2
618;2
619;0
620;1
621;0
622;0
623;2
624;2
625;0
626;2
627;0
628;2
629;0
630;1
631;0
632;0
633;2
634;0
635;0
636;2
637;1
638;0
639;0
640;2
641;0
642;0
643;0
644;0
645;2
646;2
647;1
648;0
649;0
650;0
651;1
652;2
653;2
654;2
655;2
656;2
657;0
658;0
659;0
660;2
661;0
662;0
663;0
664;0
665;2
666;0
667;0
668;2
669;0
670;0
671;0
672;2
673;0
674;0
675;0
676;1
677;0
678;0
679;0
680;0
681;0
682;0
683;0
684;2
685;0
686;0
687;0
688;0
689;2
690;2
691;0
692;2
693;0
694;0
695;0
696;1
697;0
698;0
699;0
700;1
701;0
702;0
703;2
704;1
705;0
706;0
707;2
708;2
709;0
710;2
711;2
712;2
713;0
714;2
715;0
716;1
717;0
718;0
719;0
720;0
721;0
722;0
723;0
724;0
725;0
726;2
727;2
728;2
729;0
730;0
731;1
732;2
733;0
734;2
735;2
736;0
737;0
738;1
739;0
740;2
741;1
742;0
743;0
744;0
745;0
746;0
747;0
748;1
749;2
750;0
751;1
752;0
753;0
754;0
755;0
756;1
757;0
758;2
759;0
760;0
761;0
762;0
763;0
764;0
765;0
766;0
767;1
768;0
769;0
770;2
771;2
772;2
773;2
774;0
775;0
776;0
777;0
778;0
779;0
780;2
781;1
782;1
783;0
784;1
785;2
786;2
787;2
788;2
789;0
790;1
791;0
792;1
793;0
794;1
795;0
796;1
797;0
798;0
799;0
800;0
801;2
802;0
803;0
804;0
805;0
806;2
807;1
808;0
809;0
810;0
811;0
812;1
813;2
814;2
815;2
816;2
817;0
818;0
819;0
820;2
821;0
822;0
823;0
824;2
825;0
826;0
827;0
828;4
829;0
830;1
831;1
832;0
833;2
834;2
835;2
836;2
837;2
838;1
839;0
840;1
841;0
842;2
843;2
844;2
845;0
846;2
847;2
848;0
849;0
850;2
851;0
852;0
853;0
854;0
855;0
856;0
857;2
858;1
859;0
860;1
861;0
862;2
863;0
864;0
865;0
866;0
867;0
868;0
869;0
870;0
871;0
872;2
873;0
874;0
875;0
876;0
877;1
878;0
879;0
880;0
881;2
882;2
883;2
884;2
885;0
886;2
887;0
888;1
889;0
890;1
891;0
892;0
893;2
894;0
895;0
896;0
897;0
898;0
899;2
900;0
901;0
902;2
903;2
904;2
905;2
906;0
907;0
908;2
909;0
910;0
911;0
912;0
913;0
914;0
915;0
916;1
917;0
918;1
919;0
920;2
921;2
922;1
923;0
924;1
925;0
926;0
927;0
928;2
929;1
930;2
931;0
932;1
933;0
934;0
935;1
936;0
937;1
938;2
939;2
940;1
941;0
942;2
943;2
944;1
945;0
946;0
947;2
948;4
949;0
950;2
951;1
952;2
953;0
954;2
955;0
956;2
957;0
958;0
959;2
960;0
961;0
962;2
963;2
964;1
965;0
966;0
967;2
968;4
969;0
970;2
971;2
972;4
973;0
974;2
975;0
976;2
977;2
978;2
979;2
980;1
981;1
982;0
983;0
984;0
985;0
986;0
987;0
988;2
989;0
990;2
991;0
992;0
993;0
994;0
995;2
996;0
997;0
998;0
999;0
1000;0
1001;0
1002;0
1003;0
1004;0
1005;1
1006;0
1007;0
1008;0
1009;0
1010;0
1011;0
1012;0
1013;0
1014;1
1015;0
1016;0
1017;0
1018;0
1019;0
1020;0
1021;0
1022;0
1023;0
