0;0
1;0
2;0
3;2
4;1
5;0
6;2
7;1
8;0
9;0
10;2
11;0
12;1
13;0
14;1
15;0
16;0
17;1
18;0
19;0
20;2
21;2
22;0
23;0
24;1
25;0
26;2
27;0
28;2
29;0
30;0
31;0
32;2
33;0
34;2
35;0
36;2
37;2
38;1
39;0
40;2
41;1
42;2
43;4
44;2
45;0
46;1
47;0
48;1
49;2
50;0
51;2
52;2
53;0
54;0
55;0
56;0
57;1
58;0
59;0
60;1
61;2
62;2
63;2
64;0
65;0
66;0
67;0
68;0
69;0
70;0
71;1
72;0
73;0
74;0
75;0
76;2
77;1
78;0
79;2
80;2
81;0
82;0
83;2
84;0
85;0
86;0
87;0
88;1
89;0
90;0
91;2
92;2
93;0
94;0
95;0
96;0
97;0
98;0
99;0
100;0
101;0
102;1
103;0
104;0
105;0
106;0
107;1
108;0
109;0
110;0
111;0
112;0
113;1
114;0
115;0
116;0
117;0
118;0
119;0
120;0
121;2
122;1
123;2
124;2
125;0
126;0
127;2
128;0
129;0
130;1
131;2
132;2
133;0
134;0
135;2
136;0
137;0
138;2
139;1
140;2
141;0
142;0
143;0
144;0
145;0
146;0
147;0
148;0
149;2
150;2
151;0
152;0
153;1
154;1
155;0
156;0
157;0
158;2
159;1
160;0
161;0
162;2
163;0
164;1
165;0
166;0
167;0
168;0
169;0
170;1
171;0
172;0
173;0
174;0
175;0
176;0
177;2
178;0
179;0
180;1
181;0
182;0
183;0
184;0
185;0
186;1
187;0
188;0
189;1
190;1
191;0
192;2
193;2
194;0
195;0
196;0
197;0
198;0
199;2
200;0
201;0
202;0
203;0
204;2
205;0
206;2
207;1
208;2
209;0
210;2
211;0
212;2
213;1
214;2
215;0
216;1
217;0
218;0
219;0
220;2
221;0
222;2
223;1
224;0
225;2
226;2
227;2
228;0
229;0
230;0
231;1
232;0
233;0
234;0
235;0
236;0
237;0
238;0
239;0
240;0
241;2
242;0
243;0
244;2
245;1
246;0
247;0
248;0
249;2
250;0
251;2
252;1
253;1
254;1
255;0
256;0
257;0
258;1
259;1
260;0
261;0
262;1
263;0
264;0
265;0
266;0
267;0
268;1
269;2
270;2
271;0
272;0
273;2
274;2
275;2
276;2
277;0
278;0
279;0
280;0
281;0
282;0
283;0
284;0
285;0
286;0
287;0
288;1
289;0
290;0
291;0
292;0
293;0
294;1
295;0
296;2
297;0
298;0
299;0
300;0
301;1
302;0
303;0
304;2
305;0
306;1
307;0
308;0
309;0
310;0
311;0
312;0
313;1
314;0
315;1
316;0
317;0
318;0
319;0
320;0
321;0
322;1
323;0
324;0
325;1
326;0
327;2
328;1
329;2
330;2
331;4
332;0
333;2
334;1
335;0
336;1
337;0
338;2
339;1
340;1
341;0
342;0
343;2
344;4
345;0
346;2
347;0
348;2
349;0
350;2
351;0
352;2
353;0
354;2
355;1
356;0
357;0
358;0
359;0
360;0
361;0
362;0
363;0
364;0
365;0
366;2
367;0
368;0
369;0
370;0
371;2
372;2
373;2
374;2
375;0
376;2
377;0
378;1
379;0
380;1
381;1
382;0
383;2
384;0
385;0
386;1
387;0
388;0
389;1
390;1
391;0
392;0
393;0
394;0
395;0
396;0
397;0
398;0
399;0
400;0
401;0
402;1
403;0
404;0
405;0
406;0
407;0
408;0
409;0
410;2
411;0
412;2
413;2
414;2
415;0
416;0
417;0
418;0
419;0
420;1
421;0
422;1
423;0
424;0
425;0
426;2
427;1
428;0
429;0
430;2
431;0
432;2
433;0
434;0
435;0
436;2
437;1
438;0
439;2
440;2
441;1
442;1
443;0
444;0
445;0
446;0
447;0
448;0
449;2
450;0
451;1
452;0
453;0
454;1
455;0
456;1
457;0
458;0
459;1
460;0
461;0
462;0
463;2
464;4
465;0
466;0
467;2
468;2
469;0
470;2
471;0
472;2
473;0
474;2
475;2
476;2
477;1
478;0
479;0
480;0
481;0
482;0
483;0
484;0
485;0
486;0
487;0
488;0
489;2
490;2
491;2
492;0
493;0
494;2
495;2
496;1
497;0
498;0
499;2
500;2
501;0
502;0
503;2
504;2
505;0
506;2
507;0
508;2
509;0
510;1
511;0
512;0
513;0
514;0
515;0
516;0
517;0
518;0
519;0
520;0
521;0
522;0
523;0
524;0
525;0
526;0
527;0
528;2
529;0
530;0
531;0
532;0
533;0
534;0
535;0
536;1
537;0
538;2
539;2
540;2
541;1
542;0
543;0
544;0
545;2
546;2
547;0
548;0
549;0
550;0
551;0
552;0
553;0
554;0
555;1
556;0
557;0
558;0
559;0
560;1
561;0
562;0
563;0
564;0
565;0
566;0
567;2
568;2
569;1
570;0
571;0
572;0
573;0
574;2
575;0
576;0
577;2
578;2
579;2
580;1
581;0
582;2
583;0
584;0
585;1
586;1
587;0
588;2
589;0
590;1
591;0
592;1
593;0
594;1
595;0
596;0
597;0
598;2
599;1
600;0
601;0
602;0
603;0
604;0
605;2
606;0
607;0
608;0
609;0
610;0
611;0
612;2
613;0
614;0
615;0
616;0
617;0
618;0
619;0
620;0
621;0
622;0
623;0
624;2
625;0
626;0
627;0
628;2
629;0
630;0
631;0
632;1
633;0
634;0
635;0
636;0
637;0
638;1
639;0
640;0
641;1
642;0
643;0
644;0
645;0
646;2
647;1
648;0
649;2
650;0
651;0
652;0
653;1
654;1
655;0
656;0
657;0
658;0
659;0
660;0
661;0
662;0
663;0
664;0
665;0
666;0
667;0
668;2
669;0
670;0
671;2
672;0
673;0
674;0
675;0
676;0
677;1
678;1
679;0
680;0
681;2
682;2
683;0
684;0
685;0
686;0
687;0
688;0
689;0
690;0
691;0
692;0
693;0
694;0
695;2
696;0
697;2
698;0
699;0
700;1
701;0
702;0
703;2
704;1
705;0
706;0
707;0
708;2
709;0
710;0
711;2
712;0
713;0
714;0
715;2
716;0
717;0
718;0
719;0
720;0
721;0
722;0
723;0
724;1
725;0
726;0
727;0
728;0
729;0
730;0
731;1
732;0
733;0
734;0
735;0
736;0
737;2
738;0
739;0
740;2
741;2
742;1
743;0
744;2
745;0
746;0
747;2
748;0
749;0
750;1
751;0
752;0
753;0
754;0
755;0
756;0
757;0
758;2
759;0
760;0
761;0
762;2
763;1
764;0
765;0
766;0
767;0
768;0
769;0
770;0
771;0
772;0
773;2
774;0
775;0
776;0
777;0
778;0
779;0
780;0
781;0
782;2
783;2
784;0
785;0
786;1
787;0
788;0
789;2
790;2
791;0
792;0
793;0
794;0
795;0
796;0
797;0
798;0
799;1
800;0
801;0
802;0
803;0
804;0
805;0
806;0
807;0
808;0
809;0
810;2
811;2
812;1
813;0
814;0
815;1
816;0
817;2
818;2
819;2
820;2
821;0
822;2
823;0
824;0
825;1
826;1
827;0
828;0
829;2
830;2
831;0
832;0
833;1
834;0
835;0
836;2
837;0
838;0
839;0
840;2
841;0
842;0
843;0
844;0
845;2
846;2
847;2
848;1
849;0
850;0
851;0
852;2
853;2
854;1
855;2
856;1
857;0
858;0
859;2
860;1
861;0
862;0
863;0
864;0
865;0
866;0
867;0
868;0
869;0
870;1
871;0
872;0
873;0
874;0
875;0
876;0
877;0
878;2
879;0
880;0
881;0
882;0
883;0
884;1
885;1
886;1
887;0
888;0
889;0
890;0
891;0
892;0
893;1
894;2
895;1
896;0
897;1
898;0
899;0
900;1
901;0
902;0
903;0
904;0
905;2
906;2
907;2
908;1
909;1
910;1
911;1
912;0
913;0
914;0
915;2
916;0
917;0
918;1
919;0
920;0
921;0
922;0
923;0
924;2
925;0
926;0
927;0
928;2
929;0
930;0
931;0
932;0
933;0
934;0
935;1
936;0
937;2
938;1
939;0
940;2
941;0
942;1
943;0
944;0
945;2
946;2
947;1
948;0
949;1
950;1
951;0
952;0
953;0
954;2
955;2
956;2
957;0
958;0
959;1
960;0
961;0
962;0
963;1
964;0
965;1
966;1
967;0
968;1
969;0
970;0
971;0
972;0
973;0
974;2
975;2
976;2
977;0
978;1
979;0
980;1
981;0
982;0
983;0
984;0
985;0
986;0
987;1
988;0
989;0
990;2
991;2
992;2
993;0
994;0
995;1
996;0
997;1
998;0
999;2
1000;0
1001;1
1002;0
1003;0
1004;1
1005;0
1006;0
1007;0
1008;0
1009;0
1010;2
1011;0
1012;0
1013;1
1014;0
1015;0
1016;0
1017;0
1018;0
1019;0
1020;0
1021;0
1022;0
1023;0
