0;1
1;0
2;0
3;2
4;0
5;0
6;2
7;0
8;2
9;0
10;2
11;0
12;1
13;0
14;1
15;0
16;0
17;0
18;1
19;0
20;2
21;1
22;2
23;2
24;1
25;0
26;0
27;0
28;2
29;0
30;0
31;0
32;1
33;2
34;0
35;0
36;2
37;1
38;1
39;0
40;0
41;0
42;0
43;0
44;2
45;0
46;0
47;1
48;0
49;2
50;0
51;0
52;2
53;0
54;0
55;0
56;0
57;1
58;0
59;0
60;1
61;1
62;0
63;2
64;0
65;0
66;0
67;0
68;0
69;0
70;0
71;0
72;0
73;2
74;0
75;0
76;2
77;0
78;2
79;2
80;0
81;0
82;0
83;0
84;0
85;0
86;0
87;0
88;2
89;0
90;0
91;2
92;2
93;0
94;0
95;2
96;0
97;0
98;0
99;0
100;0
101;0
102;0
103;1
104;0
105;0
106;0
107;1
108;0
109;2
110;0
111;0
112;0
113;0
114;0
115;0
116;1
117;0
118;0
119;2
120;2
121;0
122;2
123;1
124;2
125;2
126;2
127;0
128;2
129;2
130;0
131;2
132;0
133;2
134;2
135;2
136;2
137;0
138;0
139;0
140;0
141;1
142;0
143;2
144;2
145;0
146;0
147;0
148;1
149;0
150;0
151;0
152;2
153;0
154;2
155;0
156;1
157;0
158;0
159;0
160;0
161;2
162;2
163;0
164;2
165;0
166;0
167;0
168;0
169;0
170;0
171;1
172;0
173;0
174;0
175;0
176;1
177;0
178;0
179;0
180;0
181;0
182;2
183;1
184;0
185;0
186;0
187;1
188;0
189;2
190;0
191;0
192;0
193;2
194;0
195;0
196;0
197;0
198;0
199;0
200;0
201;0
202;1
203;0
204;2
205;1
206;0
207;0
208;2
209;0
210;0
211;0
212;0
213;0
214;2
215;0
216;0
217;0
218;0
219;0
220;0
221;0
222;0
223;2
224;2
225;0
226;0
227;0
228;0
229;2
230;0
231;0
232;0
233;2
234;2
235;0
236;2
237;0
238;0
239;1
240;1
241;2
242;0
243;2
244;1
245;0
246;0
247;0
248;0
249;0
250;0
251;0
252;0
253;0
254;1
255;1
256;0
257;0
258;2
259;0
260;0
261;0
262;2
263;1
264;0
265;0
266;0
267;2
268;2
269;0
270;2
271;2
272;2
273;0
274;4
275;2
276;1
277;0
278;0
279;1
280;0
281;2
282;1
283;0
284;1
285;0
286;2
287;0
288;1
289;0
290;0
291;2
292;4
293;0
294;0
295;2
296;2
297;0
298;0
299;0
300;1
301;0
302;0
303;0
304;0
305;0
306;0
307;0
308;0
309;0
310;0
311;0
312;0
313;0
314;0
315;0
316;0
317;1
318;0
319;1
320;0
321;1
322;0
323;0
324;0
325;0
326;0
327;1
328;0
329;0
330;0
331;0
332;2
333;2
334;0
335;0
336;1
337;0
338;0
339;0
340;0
341;0
342;0
343;0
344;1
345;0
346;0
347;2
348;4
349;2
350;1
351;0
352;2
353;1
354;0
355;2
356;1
357;0
358;0
359;0
360;2
361;1
362;1
363;0
364;0
365;0
366;0
367;0
368;0
369;0
370;0
371;2
372;0
373;1
374;0
375;0
376;2
377;2
378;0
379;2
380;0
381;0
382;0
383;1
384;0
385;2
386;0
387;0
388;0
389;1
390;0
391;0
392;0
393;0
394;2
395;2
396;0
397;0
398;0
399;0
400;0
401;0
402;0
403;0
404;0
405;0
406;1
407;0
408;0
409;0
410;0
411;2
412;0
413;0
414;2
415;0
416;2
417;0
418;2
419;0
420;2
421;1
422;0
423;0
424;0
425;0
426;0
427;1
428;0
429;0
430;2
431;2
432;2
433;1
434;0
435;2
436;1
437;1
438;0
439;0
440;2
441;2
442;2
443;2
444;1
445;0
446;0
447;0
448;0
449;0
450;0
451;2
452;4
453;0
454;2
455;2
456;2
457;2
458;2
459;0
460;2
461;1
462;0
463;0
464;1
465;0
466;0
467;2
468;0
469;0
470;0
471;1
472;0
473;2
474;2
475;2
476;1
477;0
478;0
479;1
480;0
481;1
482;0
483;0
484;2
485;2
486;2
487;1
488;0
489;0
490;0
491;0
492;0
493;2
494;2
495;0
496;0
497;0
498;0
499;0
500;2
501;0
502;0
503;0
504;0
505;0
506;0
507;0
508;1
509;0
510;0
511;0
512;0
513;1
514;0
515;0
516;0
517;0
518;0
519;0
520;0
521;0
522;2
523;2
524;1
525;0
526;0
527;2
528;4
529;0
530;0
531;2
532;2
533;2
534;2
535;0
536;2
537;0
538;2
539;0
540;0
541;0
542;0
543;2
544;2
545;1
546;0
547;0
548;1
549;0
550;0
551;0
552;0
553;2
554;2
555;2
556;0
557;0
558;2
559;2
560;0
561;0
562;0
563;0
564;2
565;0
566;2
567;0
568;1
569;0
570;0
571;0
572;0
573;0
574;1
575;1
576;0
577;0
578;0
579;0
580;1
581;0
582;2
583;0
584;0
585;2
586;2
587;2
588;2
589;1
590;0
591;0
592;0
593;2
594;0
595;0
596;0
597;0
598;2
599;0
600;2
601;0
602;0
603;1
604;0
605;0
606;0
607;1
608;0
609;0
610;0
611;0
612;2
613;2
614;0
615;0
616;0
617;1
618;0
619;0
620;0
621;0
622;0
623;0
624;0
625;0
626;0
627;0
628;1
629;0
630;0
631;0
632;0
633;0
634;0
635;0
636;2
637;0
638;0
639;0
640;0
641;2
642;0
643;2
644;1
645;0
646;0
647;1
648;0
649;2
650;0
651;1
652;0
653;0
654;2
655;0
656;2
657;2
658;0
659;0
660;2
661;1
662;0
663;0
664;1
665;1
666;0
667;0
668;0
669;0
670;0
671;0
672;0
673;0
674;0
675;0
676;0
677;0
678;0
679;0
680;0
681;0
682;1
683;0
684;0
685;0
686;2
687;1
688;0
689;0
690;2
691;0
692;0
693;0
694;0
695;0
696;0
697;0
698;2
699;2
700;0
701;0
702;0
703;0
704;0
705;0
706;0
707;2
708;0
709;0
710;2
711;2
712;1
713;0
714;0
715;0
716;0
717;0
718;0
719;0
720;0
721;1
722;0
723;1
724;0
725;0
726;0
727;0
728;0
729;0
730;0
731;0
732;1
733;0
734;0
735;1
736;0
737;0
738;0
739;0
740;0
741;0
742;0
743;0
744;0
745;2
746;0
747;0
748;0
749;2
750;1
751;0
752;2
753;0
754;2
755;2
756;0
757;0
758;0
759;1
760;0
761;0
762;0
763;0
764;2
765;0
766;1
767;0
768;1
769;0
770;0
771;2
772;2
773;0
774;2
775;2
776;2
777;0
778;0
779;0
780;0
781;0
782;0
783;0
784;0
785;0
786;0
787;0
788;0
789;2
790;1
791;0
792;1
793;0
794;2
795;0
796;0
797;1
798;0
799;0
800;1
801;0
802;2
803;1
804;2
805;2
806;2
807;2
808;1
809;0
810;2
811;1
812;0
813;0
814;0
815;0
816;4
817;0
818;2
819;2
820;0
821;0
822;2
823;0
824;2
825;2
826;1
827;0
828;0
829;0
830;1
831;0
832;0
833;0
834;2
835;0
836;0
837;0
838;0
839;2
840;0
841;0
842;0
843;1
844;0
845;1
846;0
847;0
848;0
849;0
850;0
851;0
852;2
853;0
854;2
855;1
856;0
857;1
858;2
859;0
860;2
861;1
862;0
863;2
864;1
865;1
866;0
867;0
868;2
869;0
870;1
871;0
872;0
873;0
874;1
875;0
876;2
877;1
878;0
879;2
880;2
881;0
882;0
883;0
884;2
885;2
886;1
887;2
888;1
889;0
890;1
891;2
892;2
893;0
894;0
895;2
896;0
897;0
898;0
899;2
900;1
901;0
902;0
903;2
904;4
905;0
906;0
907;1
908;0
909;0
910;2
911;0
912;1
913;0
914;0
915;0
916;0
917;2
918;2
919;0
920;0
921;0
922;0
923;2
924;1
925;1
926;1
927;0
928;0
929;0
930;0
931;0
932;0
933;0
934;1
935;0
936;0
937;1
938;0
939;1
940;0
941;0
942;0
943;2
944;0
945;0
946;2
947;1
948;2
949;1
950;0
951;1
952;0
953;0
954;0
955;2
956;1
957;0
958;0
959;1
960;0
961;0
962;0
963;0
964;2
965;2
966;0
967;0
968;0
969;1
970;2
971;1
972;0
973;0
974;0
975;1
976;0
977;0
978;1
979;0
980;2
981;0
982;2
983;1
984;0
985;2
986;2
987;2
988;2
989;0
990;0
991;0
992;0
993;2
994;2
995;2
996;2
997;0
998;0
999;0
1000;0
1001;0
1002;1
1003;0
1004;0
1005;0
1006;0
1007;2
1008;1
1009;0
1010;0
1011;0
1012;0
1013;1
1014;1
1015;1
1016;0
1017;0
1018;0
1019;0
1020;0
1021;0
1022;0
1023;0
