0;1
1;0
2;0
3;2
4;2
5;2
6;0
7;2
8;0
9;2
10;0
11;0
12;1
13;0
14;1
15;0
16;0
17;1
18;1
19;0
20;2
21;2
22;0
23;2
24;0
25;0
26;0
27;0
28;2
29;0
30;0
31;0
32;1
33;2
34;0
35;0
36;2
37;1
38;1
39;0
40;1
41;0
42;1
43;0
44;2
45;1
46;0
47;0
48;0
49;2
50;0
51;0
52;2
53;0
54;0
55;0
56;0
57;0
58;0
59;0
60;0
61;1
62;0
63;2
64;0
65;0
66;0
67;0
68;0
69;0
70;0
71;0
72;0
73;0
74;0
75;0
76;1
77;2
78;2
79;2
80;0
81;0
82;0
83;0
84;0
85;0
86;0
87;0
88;1
89;0
90;0
91;2
92;2
93;0
94;0
95;0
96;0
97;0
98;0
99;0
100;0
101;0
102;0
103;0
104;0
105;0
106;0
107;1
108;0
109;0
110;0
111;0
112;0
113;1
114;0
115;0
116;1
117;0
118;0
119;0
120;0
121;1
122;0
123;0
124;2
125;0
126;0
127;0
128;0
129;2
130;2
131;1
132;0
133;0
134;0
135;0
136;0
137;0
138;0
139;1
140;2
141;0
142;2
143;1
144;2
145;0
146;0
147;0
148;0
149;0
150;0
151;0
152;2
153;0
154;2
155;1
156;0
157;0
158;0
159;0
160;0
161;2
162;0
163;0
164;0
165;0
166;0
167;0
168;0
169;0
170;2
171;2
172;2
173;0
174;0
175;0
176;0
177;2
178;2
179;0
180;2
181;1
182;2
183;0
184;0
185;0
186;0
187;0
188;0
189;1
190;1
191;0
192;1
193;1
194;0
195;0
196;2
197;0
198;0
199;0
200;0
201;0
202;2
203;0
204;1
205;0
206;0
207;1
208;0
209;0
210;0
211;0
212;2
213;0
214;0
215;0
216;0
217;0
218;0
219;2
220;0
221;0
222;0
223;0
224;0
225;0
226;0
227;0
228;0
229;2
230;0
231;0
232;0
233;2
234;0
235;0
236;2
237;1
238;0
239;0
240;0
241;0
242;1
243;0
244;0
245;0
246;1
247;1
248;1
249;2
250;0
251;0
252;0
253;2
254;2
255;2
256;2
257;1
258;0
259;0
260;0
261;2
262;0
263;0
264;1
265;0
266;0
267;0
268;0
269;0
270;2
271;2
272;2
273;0
274;0
275;2
276;2
277;0
278;2
279;0
280;2
281;0
282;2
283;0
284;2
285;0
286;2
287;0
288;2
289;0
290;2
291;0
292;0
293;1
294;0
295;0
296;0
297;0
298;0
299;0
300;0
301;0
302;0
303;2
304;0
305;0
306;1
307;2
308;1
309;0
310;0
311;0
312;0
313;1
314;0
315;0
316;0
317;1
318;0
319;2
320;1
321;1
322;2
323;2
324;2
325;2
326;1
327;2
328;1
329;0
330;0
331;0
332;2
333;1
334;2
335;0
336;2
337;0
338;0
339;0
340;2
341;0
342;1
343;2
344;0
345;1
346;0
347;0
348;2
349;2
350;2
351;0
352;0
353;0
354;0
355;0
356;0
357;1
358;0
359;2
360;0
361;1
362;0
363;0
364;0
365;2
366;2
367;1
368;0
369;0
370;0
371;0
372;0
373;0
374;0
375;0
376;0
377;0
378;0
379;0
380;0
381;0
382;0
383;0
384;0
385;0
386;1
387;0
388;2
389;2
390;0
391;0
392;0
393;0
394;0
395;0
396;0
397;0
398;0
399;0
400;0
401;0
402;0
403;0
404;2
405;1
406;0
407;2
408;1
409;0
410;0
411;0
412;0
413;1
414;0
415;2
416;0
417;0
418;2
419;0
420;0
421;0
422;0
423;0
424;0
425;0
426;0
427;1
428;0
429;0
430;2
431;2
432;0
433;0
434;1
435;0
436;0
437;0
438;0
439;0
440;0
441;0
442;0
443;2
444;0
445;0
446;0
447;0
448;0
449;0
450;2
451;2
452;2
453;0
454;0
455;0
456;0
457;2
458;0
459;0
460;0
461;0
462;0
463;0
464;0
465;0
466;0
467;0
468;1
469;0
470;0
471;0
472;1
473;0
474;0
475;0
476;1
477;2
478;0
479;1
480;0
481;0
482;2
483;0
484;0
485;0
486;0
487;0
488;2
489;0
490;2
491;2
492;2
493;2
494;0
495;0
496;0
497;2
498;2
499;2
500;0
501;0
502;2
503;0
504;0
505;0
506;0
507;0
508;0
509;0
510;0
511;0
512;1
513;0
514;0
515;0
516;0
517;0
518;0
519;0
520;0
521;0
522;0
523;0
524;1
525;0
526;2
527;0
528;2
529;1
530;0
531;0
532;0
533;0
534;1
535;0
536;0
537;0
538;0
539;2
540;2
541;2
542;1
543;1
544;0
545;2
546;0
547;0
548;2
549;2
550;0
551;0
552;2
553;0
554;0
555;0
556;1
557;0
558;0
559;0
560;1
561;0
562;1
563;0
564;1
565;0
566;0
567;0
568;0
569;0
570;1
571;2
572;0
573;0
574;2
575;2
576;0
577;0
578;0
579;0
580;1
581;0
582;0
583;0
584;1
585;0
586;0
587;0
588;2
589;0
590;0
591;0
592;2
593;0
594;0
595;0
596;2
597;0
598;0
599;0
600;0
601;0
602;0
603;0
604;0
605;0
606;0
607;0
608;0
609;0
610;0
611;0
612;0
613;0
614;0
615;0
616;1
617;1
618;0
619;0
620;1
621;0
622;0
623;0
624;0
625;0
626;0
627;2
628;1
629;0
630;0
631;2
632;2
633;0
634;0
635;2
636;2
637;0
638;2
639;0
640;0
641;0
642;0
643;0
644;0
645;0
646;0
647;0
648;0
649;2
650;1
651;0
652;1
653;0
654;2
655;0
656;2
657;0
658;0
659;0
660;0
661;2
662;0
663;0
664;0
665;0
666;0
667;0
668;0
669;0
670;2
671;2
672;0
673;0
674;0
675;0
676;0
677;2
678;0
679;2
680;2
681;2
682;0
683;2
684;1
685;0
686;0
687;0
688;0
689;0
690;0
691;0
692;0
693;2
694;0
695;0
696;0
697;0
698;2
699;0
700;1
701;2
702;0
703;0
704;1
705;0
706;0
707;0
708;1
709;0
710;0
711;0
712;1
713;0
714;0
715;0
716;0
717;2
718;0
719;0
720;0
721;0
722;1
723;0
724;4
725;2
726;2
727;2
728;2
729;0
730;0
731;0
732;1
733;0
734;0
735;0
736;1
737;0
738;0
739;0
740;0
741;0
742;2
743;2
744;0
745;0
746;0
747;0
748;0
749;0
750;0
751;0
752;0
753;2
754;0
755;2
756;0
757;0
758;0
759;0
760;0
761;2
762;4
763;2
764;0
765;2
766;1
767;0
768;0
769;0
770;2
771;2
772;1
773;0
774;0
775;2
776;4
777;0
778;2
779;1
780;0
781;0
782;2
783;0
784;1
785;0
786;0
787;0
788;0
789;0
790;0
791;1
792;0
793;0
794;0
795;0
796;0
797;0
798;1
799;0
800;0
801;0
802;1
803;0
804;0
805;1
806;0
807;0
808;2
809;1
810;0
811;0
812;1
813;1
814;0
815;0
816;2
817;1
818;0
819;0
820;0
821;0
822;0
823;0
824;2
825;2
826;2
827;1
828;0
829;0
830;0
831;1
832;0
833;0
834;1
835;2
836;1
837;0
838;1
839;2
840;0
841;0
842;0
843;0
844;0
845;0
846;0
847;0
848;0
849;1
850;0
851;0
852;0
853;0
854;0
855;1
856;0
857;2
858;2
859;0
860;0
861;0
862;0
863;0
864;0
865;1
866;0
867;0
868;0
869;0
870;0
871;0
872;0
873;2
874;1
875;0
876;0
877;0
878;0
879;0
880;1
881;0
882;0
883;2
884;0
885;0
886;0
887;2
888;1
889;0
890;2
891;2
892;2
893;2
894;0
895;0
896;0
897;0
898;2
899;1
900;0
901;0
902;0
903;2
904;2
905;0
906;2
907;2
908;2
909;0
910;0
911;2
912;2
913;0
914;0
915;0
916;0
917;0
918;1
919;0
920;0
921;2
922;0
923;0
924;1
925;0
926;0
927;2
928;0
929;2
930;0
931;2
932;2
933;0
934;2
935;1
936;0
937;0
938;2
939;1
940;4
941;0
942;1
943;0
944;0
945;0
946;2
947;2
948;2
949;0
950;0
951;0
952;0
953;2
954;2
955;2
956;2
957;0
958;0
959;2
960;0
961;0
962;0
963;0
964;0
965;1
966;0
967;0
968;1
969;0
970;0
971;0
972;0
973;0
974;2
975;2
976;2
977;0
978;0
979;0
980;0
981;0
982;0
983;0
984;2
985;0
986;2
987;2
988;1
989;0
990;2
991;2
992;0
993;0
994;0
995;0
996;2
997;0
998;0
999;0
1000;0
1001;1
1002;0
1003;0
1004;0
1005;0
1006;0
1007;0
1008;0
1009;0
1010;0
1011;1
1012;0
1013;1
1014;1
1015;0
1016;0
1017;0
1018;0
1019;0
1020;0
1021;0
1022;0
1023;0
