0;1
1;0
2;0
3;1
4;2
5;0
6;2
7;2
8;2
9;0
10;2
11;0
12;2
13;0
14;0
15;0
16;0
17;2
18;2
19;2
20;2
21;0
22;1
23;0
24;1
25;1
26;0
27;0
28;2
29;0
30;0
31;0
32;0
33;0
34;0
35;0
36;2
37;0
38;0
39;0
40;0
41;0
42;0
43;0
44;1
45;0
46;0
47;0
48;1
49;0
50;0
51;0
52;0
53;0
54;0
55;0
56;0
57;1
58;0
59;2
60;1
61;0
62;0
63;0
64;0
65;0
66;2
67;2
68;1
69;0
70;0
71;2
72;2
73;0
74;2
75;0
76;1
77;0
78;0
79;0
80;1
81;0
82;0
83;0
84;1
85;0
86;0
87;1
88;0
89;0
90;0
91;0
92;2
93;0
94;2
95;0
96;1
97;1
98;0
99;0
100;1
101;2
102;2
103;1
104;0
105;0
106;0
107;2
108;2
109;0
110;0
111;0
112;0
113;0
114;2
115;0
116;0
117;0
118;0
119;0
120;0
121;0
122;1
123;0
124;0
125;0
126;0
127;0
128;0
129;2
130;0
131;0
132;2
133;0
134;1
135;0
136;1
137;0
138;0
139;0
140;2
141;0
142;2
143;0
144;2
145;0
146;0
147;0
148;0
149;2
150;2
151;2
152;1
153;0
154;2
155;0
156;0
157;0
158;2
159;0
160;0
161;0
162;2
163;0
164;0
165;0
166;0
167;0
168;0
169;0
170;0
171;0
172;2
173;0
174;0
175;1
176;1
177;0
178;0
179;0
180;0
181;0
182;2
183;1
184;0
185;0
186;0
187;2
188;2
189;2
190;2
191;0
192;0
193;0
194;2
195;2
196;1
197;1
198;0
199;0
200;0
201;0
202;0
203;0
204;0
205;0
206;0
207;0
208;4
209;0
210;0
211;2
212;0
213;2
214;2
215;2
216;2
217;0
218;0
219;2
220;2
221;0
222;0
223;2
224;1
225;0
226;1
227;0
228;0
229;0
230;1
231;0
232;0
233;0
234;0
235;0
236;0
237;2
238;2
239;2
240;0
241;0
242;0
243;0
244;0
245;2
246;0
247;0
248;0
249;2
250;2
251;2
252;1
253;0
254;1
255;2
256;0
257;0
258;2
259;2
260;1
261;0
262;1
263;0
264;1
265;0
266;0
267;2
268;1
269;0
270;2
271;2
272;2
273;0
274;0
275;0
276;1
277;0
278;0
279;1
280;1
281;0
282;0
283;1
284;0
285;0
286;0
287;1
288;0
289;2
290;1
291;0
292;1
293;0
294;0
295;0
296;0
297;0
298;0
299;2
300;1
301;0
302;0
303;1
304;0
305;0
306;0
307;0
308;4
309;0
310;0
311;0
312;2
313;0
314;0
315;0
316;2
317;0
318;0
319;0
320;0
321;0
322;0
323;0
324;2
325;0
326;0
327;0
328;0
329;1
330;0
331;2
332;0
333;0
334;0
335;2
336;4
337;0
338;0
339;1
340;1
341;2
342;2
343;0
344;2
345;0
346;0
347;0
348;2
349;1
350;1
351;4
352;4
353;0
354;0
355;0
356;0
357;2
358;2
359;2
360;1
361;0
362;0
363;2
364;1
365;0
366;0
367;1
368;0
369;2
370;2
371;2
372;2
373;0
374;2
375;0
376;2
377;0
378;0
379;0
380;0
381;0
382;0
383;0
384;2
385;0
386;0
387;0
388;0
389;0
390;0
391;2
392;4
393;0
394;0
395;0
396;0
397;0
398;0
399;2
400;1
401;0
402;2
403;2
404;1
405;0
406;0
407;0
408;2
409;0
410;2
411;0
412;1
413;0
414;2
415;0
416;2
417;0
418;1
419;0
420;0
421;0
422;1
423;0
424;0
425;1
426;0
427;0
428;0
429;0
430;1
431;0
432;1
433;0
434;0
435;0
436;2
437;2
438;2
439;2
440;2
441;0
442;0
443;0
444;0
445;0
446;0
447;0
448;0
449;0
450;2
451;2
452;2
453;0
454;1
455;0
456;1
457;0
458;0
459;0
460;0
461;2
462;0
463;0
464;2
465;0
466;1
467;0
468;2
469;2
470;2
471;0
472;2
473;2
474;2
475;0
476;0
477;0
478;0
479;0
480;0
481;2
482;0
483;2
484;0
485;0
486;0
487;0
488;1
489;0
490;0
491;0
492;2
493;0
494;2
495;2
496;2
497;0
498;2
499;1
500;1
501;0
502;2
503;0
504;0
505;0
506;0
507;2
508;2
509;0
510;2
511;0
512;0
513;0
514;2
515;0
516;2
517;0
518;0
519;0
520;0
521;0
522;0
523;0
524;0
525;0
526;0
527;0
528;0
529;0
530;1
531;0
532;1
533;0
534;0
535;2
536;2
537;0
538;2
539;2
540;2
541;0
542;0
543;0
544;1
545;0
546;0
547;0
548;0
549;0
550;0
551;0
552;2
553;1
554;2
555;0
556;1
557;0
558;0
559;0
560;0
561;0
562;2
563;0
564;0
565;0
566;1
567;0
568;0
569;0
570;0
571;2
572;1
573;2
574;2
575;2
576;2
577;0
578;2
579;0
580;2
581;1
582;0
583;1
584;0
585;0
586;0
587;0
588;0
589;0
590;0
591;0
592;0
593;2
594;2
595;2
596;2
597;1
598;0
599;0
600;0
601;0
602;1
603;0
604;1
605;0
606;0
607;1
608;4
609;0
610;2
611;1
612;0
613;0
614;2
615;0
616;2
617;2
618;0
619;0
620;0
621;1
622;0
623;0
624;0
625;0
626;0
627;0
628;0
629;2
630;0
631;0
632;0
633;0
634;1
635;0
636;0
637;0
638;0
639;0
640;0
641;2
642;2
643;0
644;2
645;0
646;2
647;0
648;0
649;0
650;0
651;1
652;1
653;0
654;0
655;0
656;0
657;0
658;0
659;0
660;0
661;0
662;2
663;1
664;1
665;1
666;0
667;2
668;0
669;0
670;0
671;0
672;2
673;0
674;2
675;0
676;2
677;0
678;0
679;2
680;1
681;0
682;0
683;0
684;0
685;0
686;0
687;0
688;2
689;2
690;0
691;0
692;1
693;0
694;2
695;2
696;2
697;0
698;2
699;2
700;1
701;0
702;1
703;0
704;2
705;0
706;0
707;2
708;2
709;0
710;2
711;1
712;0
713;0
714;0
715;0
716;1
717;0
718;0
719;0
720;0
721;0
722;0
723;0
724;1
725;2
726;0
727;0
728;0
729;0
730;0
731;1
732;2
733;0
734;2
735;1
736;0
737;0
738;0
739;0
740;1
741;0
742;2
743;2
744;2
745;0
746;0
747;0
748;4
749;0
750;0
751;0
752;0
753;0
754;0
755;0
756;4
757;2
758;0
759;0
760;0
761;0
762;0
763;0
764;1
765;0
766;0
767;2
768;2
769;2
770;0
771;0
772;1
773;1
774;0
775;0
776;0
777;2
778;2
779;2
780;2
781;0
782;0
783;2
784;2
785;0
786;0
787;0
788;1
789;0
790;0
791;0
792;2
793;0
794;0
795;0
796;0
797;0
798;0
799;2
800;0
801;0
802;2
803;0
804;0
805;2
806;2
807;2
808;4
809;0
810;2
811;1
812;0
813;0
814;2
815;0
816;2
817;1
818;0
819;0
820;0
821;0
822;0
823;0
824;1
825;1
826;0
827;0
828;0
829;0
830;0
831;0
832;1
833;0
834;0
835;0
836;0
837;0
838;1
839;0
840;0
841;0
842;0
843;1
844;0
845;0
846;2
847;0
848;2
849;2
850;0
851;0
852;0
853;0
854;0
855;0
856;0
857;0
858;1
859;0
860;0
861;2
862;2
863;2
864;0
865;2
866;1
867;0
868;0
869;0
870;1
871;0
872;2
873;0
874;0
875;0
876;0
877;2
878;0
879;0
880;0
881;2
882;2
883;2
884;1
885;0
886;0
887;0
888;0
889;2
890;0
891;2
892;0
893;2
894;0
895;0
896;0
897;0
898;0
899;0
900;2
901;0
902;0
903;0
904;0
905;1
906;0
907;0
908;0
909;2
910;0
911;0
912;1
913;0
914;1
915;2
916;1
917;0
918;0
919;2
920;4
921;0
922;2
923;2
924;2
925;0
926;2
927;0
928;1
929;1
930;0
931;2
932;0
933;0
934;1
935;1
936;0
937;2
938;1
939;0
940;2
941;2
942;0
943;0
944;2
945;0
946;0
947;0
948;0
949;2
950;2
951;2
952;2
953;0
954;0
955;0
956;0
957;0
958;0
959;2
960;0
961;0
962;0
963;0
964;2
965;0
966;0
967;0
968;1
969;0
970;0
971;0
972;1
973;0
974;0
975;2
976;1
977;0
978;0
979;0
980;1
981;1
982;0
983;0
984;0
985;2
986;0
987;2
988;0
989;1
990;0
991;1
992;0
993;0
994;2
995;2
996;2
997;2
998;0
999;0
1000;1
1001;0
1002;2
1003;0
1004;0
1005;0
1006;0
1007;0
1008;1
1009;0
1010;1
1011;0
1012;1
1013;1
1014;1
1015;0
1016;0
1017;0
1018;0
1019;0
1020;0
1021;0
1022;0
1023;0
