0;1
1;0
2;0
3;2
4;2
5;1
6;0
7;2
8;2
9;1
10;2
11;0
12;0
13;0
14;0
15;0
16;0
17;1
18;0
19;0
20;2
21;0
22;0
23;2
24;1
25;0
26;0
27;2
28;2
29;0
30;0
31;0
32;1
33;2
34;2
35;0
36;1
37;0
38;0
39;0
40;0
41;0
42;2
43;0
44;0
45;0
46;0
47;1
48;0
49;2
50;0
51;0
52;2
53;0
54;0
55;0
56;0
57;0
58;0
59;0
60;1
61;0
62;0
63;0
64;0
65;0
66;0
67;0
68;0
69;0
70;0
71;0
72;1
73;0
74;0
75;0
76;1
77;0
78;2
79;2
80;2
81;0
82;0
83;2
84;0
85;0
86;0
87;0
88;1
89;0
90;0
91;0
92;1
93;0
94;0
95;0
96;0
97;0
98;0
99;0
100;0
101;0
102;0
103;0
104;0
105;0
106;0
107;1
108;0
109;0
110;0
111;0
112;2
113;2
114;2
115;1
116;2
117;0
118;0
119;0
120;2
121;0
122;0
123;2
124;0
125;0
126;0
127;0
128;0
129;2
130;2
131;2
132;2
133;0
134;0
135;0
136;0
137;0
138;0
139;2
140;0
141;0
142;2
143;0
144;0
145;0
146;0
147;0
148;0
149;0
150;2
151;0
152;0
153;0
154;0
155;0
156;0
157;0
158;0
159;2
160;0
161;0
162;0
163;0
164;1
165;1
166;0
167;0
168;0
169;0
170;1
171;0
172;0
173;0
174;0
175;2
176;2
177;2
178;1
179;0
180;1
181;0
182;0
183;1
184;0
185;0
186;0
187;2
188;1
189;0
190;0
191;0
192;0
193;0
194;2
195;2
196;2
197;0
198;0
199;0
200;0
201;1
202;1
203;0
204;0
205;2
206;1
207;0
208;2
209;1
210;0
211;0
212;1
213;0
214;2
215;1
216;1
217;0
218;0
219;1
220;0
221;0
222;0
223;0
224;0
225;0
226;0
227;0
228;0
229;0
230;0
231;0
232;0
233;2
234;0
235;0
236;2
237;0
238;2
239;1
240;0
241;2
242;0
243;2
244;1
245;0
246;2
247;2
248;1
249;0
250;2
251;1
252;0
253;0
254;1
255;0
256;0
257;0
258;2
259;0
260;0
261;2
262;2
263;0
264;0
265;2
266;2
267;1
268;0
269;2
270;0
271;0
272;0
273;0
274;0
275;0
276;0
277;0
278;0
279;2
280;0
281;0
282;0
283;0
284;0
285;0
286;0
287;0
288;2
289;0
290;0
291;1
292;0
293;1
294;0
295;0
296;0
297;2
298;0
299;0
300;0
301;0
302;0
303;1
304;0
305;2
306;2
307;2
308;1
309;0
310;0
311;0
312;0
313;2
314;0
315;0
316;0
317;1
318;1
319;0
320;0
321;0
322;0
323;2
324;2
325;0
326;1
327;0
328;1
329;0
330;0
331;2
332;0
333;2
334;1
335;2
336;2
337;0
338;0
339;0
340;0
341;0
342;0
343;2
344;0
345;0
346;0
347;0
348;1
349;2
350;2
351;0
352;2
353;0
354;2
355;0
356;0
357;0
358;0
359;0
360;0
361;0
362;0
363;1
364;0
365;0
366;2
367;2
368;0
369;0
370;0
371;0
372;0
373;0
374;0
375;0
376;2
377;0
378;0
379;0
380;0
381;0
382;0
383;2
384;0
385;0
386;2
387;0
388;2
389;2
390;0
391;0
392;0
393;0
394;2
395;0
396;2
397;2
398;0
399;1
400;2
401;0
402;2
403;1
404;2
405;1
406;0
407;1
408;0
409;1
410;0
411;0
412;2
413;1
414;0
415;2
416;2
417;1
418;0
419;2
420;1
421;0
422;0
423;0
424;0
425;1
426;2
427;0
428;0
429;0
430;1
431;1
432;1
433;0
434;1
435;0
436;0
437;0
438;2
439;1
440;1
441;0
442;0
443;2
444;2
445;0
446;2
447;2
448;2
449;0
450;2
451;0
452;0
453;1
454;0
455;0
456;0
457;0
458;0
459;0
460;1
461;0
462;0
463;0
464;0
465;2
466;2
467;0
468;0
469;0
470;0
471;0
472;2
473;0
474;0
475;0
476;2
477;0
478;1
479;0
480;0
481;0
482;0
483;2
484;2
485;0
486;2
487;0
488;2
489;0
490;2
491;0
492;1
493;0
494;0
495;0
496;1
497;1
498;0
499;0
500;0
501;0
502;0
503;0
504;0
505;0
506;0
507;0
508;0
509;2
510;2
511;2
512;2
513;2
514;0
515;0
516;0
517;1
518;0
519;0
520;0
521;0
522;1
523;1
524;2
525;0
526;1
527;0
528;0
529;0
530;0
531;0
532;0
533;0
534;0
535;0
536;0
537;0
538;0
539;2
540;0
541;0
542;0
543;0
544;2
545;0
546;2
547;0
548;0
549;2
550;2
551;2
552;0
553;0
554;2
555;0
556;0
557;0
558;0
559;1
560;0
561;0
562;2
563;2
564;2
565;0
566;0
567;2
568;0
569;0
570;0
571;0
572;0
573;0
574;2
575;0
576;2
577;2
578;0
579;1
580;0
581;1
582;0
583;0
584;1
585;0
586;0
587;0
588;0
589;0
590;0
591;2
592;0
593;1
594;0
595;0
596;2
597;0
598;0
599;2
600;0
601;0
602;0
603;0
604;2
605;0
606;0
607;0
608;2
609;0
610;0
611;1
612;0
613;0
614;0
615;2
616;0
617;2
618;0
619;2
620;1
621;0
622;0
623;0
624;1
625;1
626;0
627;0
628;1
629;1
630;0
631;0
632;0
633;1
634;2
635;0
636;1
637;0
638;0
639;0
640;2
641;0
642;0
643;0
644;0
645;0
646;0
647;0
648;0
649;0
650;0
651;1
652;0
653;0
654;2
655;0
656;2
657;0
658;0
659;0
660;0
661;0
662;1
663;0
664;0
665;0
666;0
667;0
668;0
669;0
670;0
671;1
672;0
673;0
674;1
675;2
676;1
677;0
678;2
679;2
680;1
681;0
682;0
683;2
684;2
685;0
686;2
687;2
688;2
689;0
690;2
691;0
692;0
693;0
694;0
695;1
696;0
697;1
698;0
699;1
700;1
701;0
702;0
703;0
704;0
705;0
706;0
707;0
708;0
709;0
710;1
711;0
712;0
713;1
714;0
715;0
716;0
717;0
718;0
719;0
720;0
721;2
722;0
723;0
724;0
725;0
726;2
727;0
728;2
729;0
730;0
731;1
732;0
733;0
734;0
735;0
736;0
737;0
738;0
739;0
740;2
741;0
742;1
743;0
744;0
745;0
746;0
747;2
748;0
749;2
750;0
751;0
752;1
753;0
754;0
755;0
756;0
757;2
758;2
759;2
760;0
761;0
762;2
763;0
764;0
765;2
766;4
767;0
768;0
769;0
770;1
771;0
772;0
773;0
774;2
775;0
776;0
777;0
778;0
779;0
780;0
781;1
782;0
783;2
784;1
785;1
786;1
787;0
788;0
789;0
790;0
791;0
792;0
793;0
794;2
795;0
796;1
797;1
798;0
799;0
800;0
801;2
802;2
803;0
804;1
805;0
806;2
807;0
808;2
809;2
810;1
811;0
812;0
813;0
814;0
815;0
816;2
817;2
818;2
819;2
820;2
821;0
822;0
823;0
824;0
825;2
826;1
827;2
828;1
829;0
830;0
831;2
832;0
833;0
834;0
835;1
836;0
837;0
838;0
839;2
840;0
841;0
842;0
843;2
844;0
845;0
846;0
847;0
848;0
849;2
850;2
851;0
852;0
853;2
854;0
855;0
856;1
857;0
858;0
859;0
860;1
861;0
862;0
863;0
864;0
865;0
866;0
867;0
868;1
869;0
870;0
871;0
872;2
873;0
874;0
875;2
876;0
877;0
878;0
879;2
880;1
881;1
882;1
883;0
884;0
885;2
886;0
887;1
888;0
889;0
890;0
891;1
892;0
893;0
894;0
895;0
896;2
897;2
898;0
899;2
900;0
901;0
902;0
903;1
904;0
905;0
906;0
907;1
908;0
909;0
910;1
911;0
912;4
913;1
914;1
915;0
916;2
917;2
918;2
919;2
920;1
921;0
922;1
923;0
924;0
925;0
926;0
927;2
928;2
929;0
930;2
931;2
932;2
933;0
934;2
935;0
936;0
937;2
938;0
939;1
940;0
941;0
942;0
943;1
944;0
945;0
946;2
947;0
948;0
949;0
950;0
951;0
952;0
953;0
954;0
955;2
956;2
957;1
958;0
959;0
960;0
961;0
962;2
963;2
964;0
965;0
966;0
967;2
968;1
969;0
970;0
971;0
972;0
973;0
974;0
975;0
976;0
977;0
978;0
979;2
980;0
981;0
982;0
983;0
984;0
985;0
986;0
987;2
988;0
989;0
990;0
991;0
992;1
993;0
994;0
995;0
996;0
997;0
998;2
999;1
1000;0
1001;2
1002;0
1003;0
1004;2
1005;0
1006;0
1007;2
1008;1
1009;0
1010;0
1011;0
1012;1
1013;1
1014;1
1015;1
1016;0
1017;0
1018;0
1019;0
1020;0
1021;0
1022;0
1023;0
