0;1
1;0
2;0
3;2
4;1
5;0
6;2
7;2
8;2
9;1
10;2
11;0
12;1
13;0
14;1
15;0
16;0
17;2
18;2
19;0
20;1
21;0
22;0
23;2
24;1
25;0
26;0
27;0
28;2
29;0
30;0
31;0
32;0
33;2
34;2
35;0
36;2
37;1
38;0
39;0
40;1
41;0
42;1
43;0
44;2
45;0
46;1
47;0
48;0
49;2
50;0
51;0
52;2
53;0
54;0
55;0
56;0
57;0
58;0
59;0
60;1
61;1
62;0
63;2
64;0
65;0
66;0
67;0
68;0
69;0
70;0
71;0
72;1
73;0
74;2
75;0
76;2
77;2
78;2
79;2
80;2
81;0
82;0
83;2
84;0
85;0
86;0
87;0
88;1
89;0
90;0
91;2
92;2
93;0
94;2
95;0
96;0
97;0
98;0
99;0
100;0
101;0
102;1
103;0
104;0
105;0
106;0
107;0
108;0
109;0
110;0
111;0
112;0
113;2
114;2
115;2
116;2
117;2
118;0
119;0
120;0
121;2
122;2
123;2
124;0
125;0
126;0
127;0
128;0
129;2
130;2
131;2
132;2
133;0
134;0
135;0
136;0
137;0
138;0
139;0
140;2
141;0
142;0
143;0
144;4
145;0
146;0
147;0
148;0
149;2
150;2
151;0
152;2
153;0
154;1
155;0
156;0
157;0
158;1
159;0
160;0
161;0
162;0
163;2
164;1
165;0
166;0
167;0
168;0
169;0
170;2
171;1
172;0
173;0
174;1
175;0
176;0
177;2
178;2
179;0
180;2
181;0
182;1
183;0
184;0
185;0
186;0
187;0
188;0
189;1
190;2
191;0
192;1
193;0
194;0
195;0
196;1
197;0
198;2
199;1
200;0
201;0
202;0
203;2
204;4
205;0
206;2
207;2
208;2
209;0
210;2
211;0
212;2
213;0
214;2
215;0
216;1
217;0
218;0
219;0
220;2
221;0
222;1
223;0
224;0
225;2
226;2
227;2
228;0
229;0
230;0
231;1
232;0
233;0
234;2
235;0
236;0
237;2
238;0
239;0
240;0
241;0
242;0
243;2
244;2
245;0
246;1
247;0
248;0
249;2
250;0
251;2
252;1
253;1
254;0
255;0
256;0
257;0
258;2
259;0
260;0
261;0
262;1
263;0
264;1
265;0
266;2
267;0
268;4
269;2
270;2
271;0
272;0
273;2
274;2
275;2
276;2
277;0
278;1
279;0
280;0
281;0
282;0
283;0
284;0
285;0
286;0
287;0
288;2
289;0
290;0
291;0
292;0
293;0
294;0
295;0
296;0
297;0
298;0
299;1
300;0
301;1
302;0
303;0
304;0
305;0
306;1
307;0
308;0
309;0
310;0
311;0
312;1
313;0
314;2
315;2
316;1
317;0
318;0
319;0
320;0
321;0
322;1
323;0
324;0
325;1
326;0
327;2
328;4
329;2
330;4
331;4
332;2
333;2
334;2
335;2
336;1
337;0
338;2
339;2
340;1
341;0
342;0
343;2
344;4
345;0
346;2
347;1
348;0
349;0
350;2
351;0
352;2
353;2
354;2
355;0
356;2
357;0
358;0
359;0
360;0
361;0
362;0
363;0
364;0
365;0
366;0
367;2
368;0
369;1
370;0
371;2
372;1
373;0
374;2
375;1
376;0
377;0
378;1
379;0
380;0
381;2
382;0
383;0
384;0
385;0
386;1
387;0
388;0
389;0
390;2
391;0
392;0
393;0
394;0
395;0
396;0
397;0
398;0
399;0
400;1
401;0
402;2
403;0
404;0
405;2
406;0
407;0
408;0
409;0
410;1
411;2
412;1
413;0
414;0
415;0
416;2
417;0
418;0
419;0
420;2
421;0
422;1
423;0
424;0
425;0
426;2
427;2
428;2
429;1
430;0
431;2
432;1
433;1
434;0
435;0
436;2
437;1
438;0
439;2
440;2
441;0
442;1
443;0
444;0
445;0
446;0
447;0
448;0
449;2
450;0
451;0
452;0
453;0
454;2
455;0
456;1
457;0
458;2
459;2
460;1
461;0
462;0
463;1
464;4
465;0
466;2
467;2
468;0
469;0
470;2
471;0
472;2
473;0
474;2
475;2
476;2
477;1
478;0
479;0
480;1
481;0
482;2
483;2
484;1
485;0
486;0
487;0
488;0
489;2
490;2
491;2
492;0
493;0
494;2
495;2
496;1
497;0
498;0
499;2
500;4
501;0
502;2
503;1
504;0
505;0
506;2
507;0
508;2
509;0
510;1
511;0
512;0
513;0
514;0
515;0
516;2
517;0
518;0
519;0
520;1
521;0
522;0
523;0
524;1
525;1
526;0
527;1
528;0
529;0
530;0
531;0
532;0
533;0
534;0
535;0
536;1
537;2
538;2
539;2
540;2
541;2
542;0
543;0
544;0
545;2
546;2
547;0
548;0
549;0
550;0
551;0
552;0
553;1
554;1
555;0
556;0
557;0
558;0
559;0
560;1
561;0
562;0
563;0
564;0
565;0
566;1
567;1
568;0
569;0
570;0
571;0
572;1
573;0
574;2
575;0
576;0
577;2
578;2
579;2
580;2
581;2
582;2
583;2
584;0
585;1
586;1
587;0
588;0
589;2
590;2
591;2
592;2
593;0
594;1
595;0
596;0
597;0
598;0
599;0
600;0
601;0
602;0
603;0
604;2
605;0
606;0
607;0
608;1
609;0
610;0
611;0
612;0
613;0
614;0
615;0
616;1
617;0
618;0
619;0
620;1
621;0
622;0
623;0
624;2
625;0
626;0
627;0
628;2
629;0
630;2
631;0
632;2
633;0
634;0
635;0
636;2
637;0
638;0
639;0
640;0
641;0
642;1
643;0
644;0
645;0
646;0
647;0
648;2
649;2
650;0
651;0
652;0
653;1
654;1
655;0
656;1
657;1
658;0
659;0
660;0
661;0
662;0
663;0
664;0
665;0
666;0
667;0
668;0
669;0
670;0
671;2
672;0
673;0
674;0
675;0
676;0
677;0
678;1
679;0
680;0
681;0
682;2
683;0
684;0
685;0
686;0
687;0
688;0
689;0
690;2
691;0
692;0
693;0
694;0
695;0
696;0
697;0
698;0
699;2
700;2
701;2
702;1
703;2
704;1
705;0
706;0
707;0
708;0
709;0
710;0
711;2
712;0
713;1
714;0
715;0
716;0
717;0
718;0
719;0
720;0
721;0
722;0
723;0
724;1
725;0
726;0
727;0
728;0
729;0
730;0
731;0
732;0
733;0
734;0
735;0
736;0
737;2
738;0
739;0
740;0
741;2
742;1
743;0
744;2
745;0
746;0
747;2
748;0
749;0
750;1
751;0
752;0
753;0
754;2
755;0
756;1
757;0
758;0
759;0
760;0
761;0
762;2
763;2
764;0
765;2
766;0
767;0
768;1
769;0
770;0
771;0
772;0
773;2
774;0
775;0
776;0
777;0
778;0
779;0
780;0
781;0
782;4
783;2
784;0
785;0
786;1
787;0
788;0
789;0
790;2
791;0
792;0
793;0
794;0
795;0
796;0
797;0
798;0
799;1
800;0
801;0
802;0
803;0
804;0
805;0
806;0
807;0
808;0
809;0
810;2
811;2
812;1
813;0
814;0
815;2
816;4
817;0
818;2
819;2
820;2
821;0
822;2
823;0
824;1
825;1
826;0
827;0
828;0
829;2
830;2
831;0
832;1
833;1
834;0
835;0
836;2
837;0
838;0
839;0
840;0
841;0
842;0
843;0
844;2
845;2
846;2
847;2
848;2
849;0
850;0
851;0
852;0
853;2
854;1
855;2
856;1
857;0
858;1
859;2
860;2
861;1
862;1
863;0
864;0
865;0
866;1
867;0
868;0
869;1
870;1
871;0
872;0
873;0
874;0
875;0
876;0
877;2
878;2
879;0
880;0
881;0
882;2
883;0
884;0
885;1
886;0
887;0
888;0
889;0
890;0
891;0
892;0
893;1
894;1
895;0
896;0
897;1
898;0
899;1
900;1
901;0
902;0
903;0
904;0
905;1
906;2
907;2
908;1
909;2
910;0
911;1
912;0
913;0
914;0
915;2
916;0
917;0
918;1
919;0
920;0
921;0
922;0
923;0
924;2
925;2
926;0
927;0
928;0
929;0
930;1
931;0
932;0
933;0
934;1
935;1
936;0
937;0
938;1
939;0
940;4
941;0
942;1
943;0
944;0
945;2
946;2
947;2
948;2
949;0
950;1
951;0
952;2
953;2
954;2
955;2
956;2
957;0
958;0
959;2
960;0
961;0
962;0
963;0
964;0
965;0
966;1
967;0
968;0
969;1
970;0
971;0
972;0
973;1
974;0
975;2
976;2
977;0
978;1
979;0
980;0
981;0
982;0
983;0
984;0
985;0
986;2
987;2
988;1
989;0
990;0
991;2
992;2
993;0
994;0
995;0
996;0
997;0
998;0
999;2
1000;0
1001;1
1002;0
1003;0
1004;0
1005;0
1006;0
1007;0
1008;0
1009;0
1010;2
1011;1
1012;0
1013;1
1014;0
1015;0
1016;0
1017;0
1018;0
1019;0
1020;0
1021;0
1022;0
1023;0
