0;0
1;0
2;0
3;2
4;4
5;0
6;2
7;1
8;0
9;0
10;2
11;0
12;1
13;0
14;1
15;0
16;0
17;1
18;0
19;2
20;1
21;2
22;0
23;2
24;0
25;0
26;0
27;0
28;2
29;0
30;0
31;2
32;0
33;0
34;0
35;0
36;0
37;1
38;0
39;0
40;1
41;0
42;0
43;0
44;2
45;1
46;0
47;0
48;0
49;2
50;0
51;0
52;2
53;0
54;0
55;0
56;0
57;0
58;1
59;0
60;1
61;1
62;0
63;2
64;0
65;0
66;0
67;0
68;0
69;0
70;0
71;0
72;1
73;2
74;0
75;0
76;2
77;2
78;2
79;2
80;1
81;2
82;0
83;2
84;0
85;0
86;0
87;0
88;0
89;0
90;0
91;0
92;0
93;0
94;0
95;0
96;0
97;0
98;2
99;0
100;2
101;0
102;0
103;0
104;0
105;0
106;2
107;1
108;1
109;0
110;0
111;0
112;0
113;2
114;2
115;2
116;2
117;2
118;0
119;0
120;0
121;2
122;1
123;0
124;2
125;0
126;0
127;0
128;0
129;2
130;2
131;1
132;0
133;0
134;0
135;0
136;0
137;0
138;0
139;0
140;2
141;0
142;0
143;1
144;4
145;1
146;0
147;0
148;0
149;0
150;2
151;0
152;2
153;2
154;1
155;0
156;2
157;1
158;0
159;0
160;0
161;0
162;0
163;0
164;1
165;0
166;0
167;0
168;0
169;0
170;0
171;0
172;0
173;0
174;0
175;0
176;0
177;0
178;2
179;2
180;0
181;0
182;1
183;0
184;0
185;0
186;0
187;0
188;0
189;0
190;1
191;0
192;2
193;1
194;0
195;0
196;2
197;0
198;0
199;0
200;0
201;0
202;0
203;2
204;1
205;0
206;0
207;0
208;2
209;0
210;2
211;1
212;0
213;2
214;0
215;0
216;2
217;0
218;0
219;0
220;0
221;2
222;2
223;2
224;0
225;0
226;0
227;1
228;1
229;0
230;0
231;0
232;0
233;0
234;0
235;0
236;0
237;2
238;0
239;2
240;2
241;0
242;0
243;0
244;0
245;0
246;0
247;2
248;2
249;2
250;2
251;1
252;0
253;0
254;2
255;0
256;0
257;0
258;2
259;2
260;2
261;0
262;0
263;0
264;2
265;0
266;0
267;0
268;0
269;0
270;2
271;0
272;0
273;2
274;2
275;0
276;2
277;1
278;0
279;2
280;2
281;2
282;0
283;1
284;0
285;0
286;2
287;0
288;0
289;0
290;0
291;0
292;2
293;0
294;0
295;0
296;0
297;0
298;0
299;0
300;2
301;0
302;1
303;1
304;0
305;1
306;0
307;0
308;0
309;2
310;0
311;0
312;0
313;0
314;0
315;0
316;0
317;2
318;2
319;2
320;1
321;0
322;0
323;2
324;0
325;0
326;0
327;0
328;0
329;0
330;1
331;2
332;2
333;2
334;1
335;0
336;2
337;2
338;2
339;2
340;1
341;1
342;1
343;0
344;0
345;1
346;1
347;0
348;2
349;2
350;0
351;0
352;0
353;0
354;0
355;2
356;0
357;0
358;0
359;2
360;2
361;2
362;1
363;0
364;2
365;0
366;0
367;0
368;0
369;2
370;0
371;0
372;0
373;1
374;0
375;2
376;0
377;2
378;1
379;2
380;0
381;0
382;0
383;1
384;2
385;0
386;0
387;0
388;0
389;0
390;1
391;1
392;0
393;0
394;2
395;2
396;0
397;0
398;2
399;0
400;2
401;0
402;0
403;0
404;0
405;0
406;0
407;0
408;2
409;1
410;0
411;0
412;0
413;0
414;0
415;2
416;2
417;0
418;0
419;2
420;1
421;1
422;1
423;0
424;2
425;2
426;0
427;2
428;2
429;0
430;0
431;0
432;1
433;0
434;0
435;1
436;0
437;0
438;0
439;2
440;1
441;0
442;1
443;0
444;1
445;0
446;0
447;0
448;0
449;0
450;1
451;0
452;2
453;0
454;0
455;0
456;0
457;0
458;0
459;0
460;0
461;0
462;2
463;0
464;0
465;0
466;0
467;0
468;0
469;0
470;0
471;0
472;0
473;1
474;0
475;0
476;0
477;0
478;0
479;2
480;2
481;0
482;0
483;1
484;2
485;0
486;2
487;1
488;0
489;0
490;0
491;2
492;0
493;0
494;0
495;1
496;0
497;0
498;2
499;0
500;2
501;1
502;0
503;0
504;0
505;0
506;0
507;0
508;2
509;0
510;0
511;0
512;0
513;0
514;0
515;0
516;2
517;2
518;2
519;0
520;0
521;0
522;0
523;0
524;0
525;2
526;2
527;0
528;0
529;2
530;0
531;2
532;0
533;0
534;0
535;0
536;0
537;0
538;0
539;0
540;2
541;0
542;0
543;0
544;0
545;0
546;0
547;2
548;0
549;0
550;0
551;0
552;0
553;0
554;2
555;0
556;0
557;1
558;0
559;0
560;2
561;0
562;0
563;0
564;0
565;0
566;0
567;0
568;0
569;1
570;0
571;0
572;2
573;0
574;0
575;0
576;0
577;0
578;0
579;0
580;2
581;0
582;0
583;0
584;1
585;2
586;0
587;0
588;0
589;0
590;0
591;0
592;0
593;0
594;0
595;1
596;1
597;0
598;0
599;0
600;1
601;0
602;0
603;0
604;1
605;0
606;0
607;0
608;2
609;0
610;0
611;0
612;1
613;0
614;2
615;2
616;1
617;0
618;0
619;0
620;0
621;0
622;0
623;0
624;0
625;0
626;1
627;1
628;0
629;0
630;0
631;0
632;2
633;1
634;2
635;2
636;0
637;1
638;0
639;0
640;0
641;2
642;0
643;0
644;0
645;0
646;0
647;0
648;2
649;1
650;0
651;2
652;0
653;0
654;2
655;0
656;0
657;1
658;0
659;0
660;0
661;0
662;2
663;0
664;0
665;0
666;0
667;0
668;1
669;0
670;2
671;2
672;0
673;0
674;0
675;0
676;0
677;0
678;0
679;2
680;1
681;0
682;1
683;2
684;1
685;0
686;0
687;0
688;0
689;0
690;0
691;1
692;0
693;1
694;0
695;0
696;0
697;0
698;0
699;0
700;0
701;0
702;0
703;0
704;0
705;0
706;0
707;0
708;1
709;0
710;0
711;0
712;0
713;0
714;0
715;0
716;0
717;0
718;0
719;0
720;0
721;0
722;2
723;0
724;4
725;0
726;1
727;2
728;0
729;0
730;0
731;0
732;1
733;0
734;0
735;0
736;1
737;0
738;2
739;0
740;1
741;0
742;2
743;0
744;0
745;1
746;1
747;0
748;1
749;0
750;0
751;0
752;0
753;1
754;0
755;0
756;0
757;0
758;0
759;0
760;0
761;2
762;4
763;2
764;0
765;0
766;1
767;0
768;0
769;0
770;2
771;0
772;0
773;0
774;0
775;0
776;0
777;0
778;0
779;1
780;0
781;0
782;0
783;1
784;1
785;0
786;1
787;0
788;0
789;0
790;2
791;1
792;0
793;1
794;0
795;0
796;0
797;1
798;0
799;0
800;1
801;1
802;2
803;0
804;2
805;0
806;0
807;0
808;0
809;2
810;0
811;0
812;0
813;0
814;1
815;2
816;1
817;0
818;0
819;2
820;2
821;0
822;2
823;2
824;2
825;0
826;2
827;0
828;0
829;0
830;2
831;0
832;1
833;0
834;0
835;0
836;1
837;0
838;0
839;2
840;0
841;0
842;0
843;0
844;0
845;2
846;0
847;0
848;1
849;2
850;0
851;0
852;1
853;1
854;0
855;0
856;0
857;0
858;0
859;0
860;0
861;1
862;0
863;0
864;0
865;0
866;0
867;0
868;0
869;0
870;0
871;2
872;0
873;0
874;1
875;1
876;0
877;1
878;1
879;2
880;0
881;0
882;0
883;2
884;0
885;0
886;0
887;0
888;0
889;0
890;0
891;0
892;0
893;2
894;0
895;0
896;0
897;0
898;0
899;0
900;0
901;0
902;0
903;1
904;0
905;0
906;1
907;0
908;0
909;0
910;1
911;0
912;0
913;0
914;1
915;1
916;0
917;0
918;0
919;0
920;0
921;2
922;2
923;1
924;0
925;2
926;0
927;0
928;1
929;0
930;0
931;0
932;0
933;0
934;1
935;0
936;0
937;1
938;0
939;0
940;0
941;1
942;0
943;1
944;0
945;0
946;0
947;2
948;1
949;0
950;0
951;0
952;0
953;0
954;2
955;2
956;1
957;0
958;0
959;2
960;0
961;0
962;0
963;0
964;0
965;0
966;0
967;2
968;0
969;0
970;0
971;0
972;0
973;0
974;0
975;0
976;0
977;0
978;1
979;0
980;0
981;2
982;0
983;0
984;2
985;2
986;0
987;2
988;2
989;2
990;0
991;0
992;2
993;1
994;0
995;2
996;2
997;1
998;0
999;0
1000;0
1001;0
1002;0
1003;0
1004;2
1005;2
1006;1
1007;2
1008;2
1009;0
1010;0
1011;0
1012;0
1013;0
1014;1
1015;0
1016;0
1017;0
1018;0
1019;0
1020;0
1021;0
1022;0
1023;0
