0;1
1;0
2;0
3;2
4;2
5;0
6;2
7;2
8;0
9;2
10;2
11;0
12;2
13;1
14;0
15;0
16;0
17;1
18;0
19;0
20;2
21;0
22;0
23;2
24;0
25;2
26;1
27;0
28;0
29;0
30;0
31;0
32;1
33;0
34;1
35;0
36;1
37;0
38;0
39;2
40;1
41;0
42;0
43;0
44;0
45;2
46;2
47;0
48;2
49;0
50;0
51;0
52;0
53;0
54;2
55;2
56;1
57;0
58;0
59;2
60;2
61;0
62;2
63;2
64;0
65;0
66;0
67;0
68;0
69;0
70;0
71;2
72;1
73;0
74;1
75;0
76;2
77;2
78;2
79;0
80;2
81;0
82;0
83;0
84;0
85;0
86;0
87;0
88;2
89;1
90;0
91;1
92;1
93;0
94;2
95;1
96;0
97;0
98;0
99;2
100;1
101;0
102;2
103;1
104;2
105;0
106;2
107;0
108;2
109;0
110;0
111;0
112;2
113;2
114;1
115;0
116;0
117;0
118;1
119;0
120;0
121;0
122;2
123;1
124;0
125;0
126;0
127;2
128;4
129;0
130;2
131;2
132;2
133;0
134;2
135;0
136;1
137;0
138;1
139;0
140;2
141;0
142;0
143;0
144;2
145;2
146;0
147;0
148;0
149;0
150;2
151;0
152;0
153;1
154;0
155;2
156;0
157;1
158;0
159;0
160;0
161;0
162;2
163;2
164;1
165;0
166;2
167;1
168;0
169;0
170;0
171;1
172;4
173;0
174;2
175;2
176;0
177;0
178;2
179;0
180;4
181;2
182;0
183;1
184;0
185;2
186;2
187;2
188;2
189;2
190;0
191;1
192;0
193;0
194;0
195;2
196;2
197;2
198;0
199;2
200;0
201;0
202;0
203;0
204;0
205;2
206;0
207;0
208;1
209;0
210;1
211;2
212;2
213;0
214;1
215;0
216;0
217;0
218;1
219;0
220;0
221;0
222;0
223;1
224;0
225;0
226;0
227;2
228;4
229;0
230;2
231;2
232;0
233;0
234;0
235;0
236;1
237;0
238;0
239;0
240;0
241;0
242;0
243;0
244;0
245;2
246;0
247;2
248;2
249;2
250;2
251;0
252;1
253;0
254;0
255;0
256;0
257;0
258;0
259;0
260;1
261;0
262;0
263;2
264;0
265;0
266;2
267;2
268;4
269;0
270;0
271;0
272;2
273;0
274;1
275;0
276;2
277;0
278;1
279;2
280;0
281;0
282;2
283;2
284;2
285;0
286;0
287;1
288;4
289;0
290;0
291;0
292;0
293;0
294;2
295;2
296;1
297;0
298;0
299;2
300;1
301;0
302;2
303;2
304;2
305;0
306;0
307;0
308;2
309;2
310;2
311;1
312;0
313;2
314;2
315;1
316;1
317;0
318;0
319;2
320;4
321;0
322;2
323;0
324;4
325;0
326;2
327;1
328;2
329;0
330;1
331;0
332;2
333;2
334;2
335;1
336;0
337;0
338;0
339;2
340;1
341;0
342;0
343;1
344;0
345;0
346;1
347;0
348;0
349;2
350;2
351;2
352;1
353;0
354;0
355;0
356;2
357;0
358;2
359;2
360;2
361;0
362;2
363;0
364;0
365;2
366;1
367;0
368;0
369;0
370;0
371;0
372;2
373;0
374;1
375;2
376;2
377;1
378;0
379;0
380;0
381;2
382;1
383;0
384;2
385;0
386;0
387;0
388;0
389;0
390;0
391;2
392;2
393;0
394;2
395;0
396;1
397;0
398;2
399;1
400;0
401;0
402;0
403;2
404;4
405;0
406;2
407;2
408;0
409;0
410;2
411;0
412;2
413;1
414;1
415;0
416;0
417;0
418;0
419;0
420;0
421;0
422;0
423;0
424;1
425;0
426;2
427;1
428;0
429;0
430;0
431;1
432;2
433;0
434;2
435;2
436;4
437;0
438;0
439;0
440;2
441;0
442;2
443;0
444;1
445;2
446;2
447;0
448;2
449;2
450;1
451;0
452;0
453;0
454;1
455;0
456;1
457;0
458;0
459;0
460;0
461;0
462;1
463;0
464;0
465;0
466;2
467;0
468;0
469;2
470;2
471;2
472;1
473;0
474;0
475;0
476;2
477;0
478;2
479;2
480;2
481;0
482;2
483;0
484;2
485;0
486;2
487;0
488;1
489;0
490;2
491;1
492;0
493;0
494;0
495;2
496;0
497;1
498;2
499;0
500;0
501;0
502;0
503;2
504;0
505;0
506;1
507;0
508;0
509;0
510;0
511;0
512;0
513;2
514;0
515;0
516;0
517;0
518;0
519;0
520;0
521;0
522;1
523;0
524;0
525;0
526;0
527;2
528;2
529;0
530;2
531;2
532;2
533;0
534;2
535;0
536;2
537;2
538;0
539;2
540;0
541;0
542;0
543;0
544;0
545;0
546;0
547;2
548;0
549;0
550;0
551;0
552;1
553;0
554;0
555;0
556;1
557;0
558;0
559;0
560;4
561;0
562;2
563;2
564;2
565;0
566;2
567;0
568;2
569;1
570;1
571;0
572;0
573;0
574;0
575;2
576;1
577;0
578;0
579;0
580;2
581;2
582;2
583;2
584;1
585;0
586;0
587;2
588;1
589;0
590;2
591;0
592;0
593;0
594;0
595;0
596;2
597;0
598;0
599;2
600;1
601;0
602;1
603;1
604;2
605;2
606;0
607;0
608;0
609;2
610;2
611;2
612;1
613;0
614;0
615;0
616;1
617;0
618;0
619;1
620;0
621;0
622;0
623;2
624;2
625;0
626;2
627;2
628;2
629;0
630;1
631;0
632;1
633;0
634;1
635;0
636;2
637;0
638;0
639;0
640;0
641;1
642;0
643;2
644;2
645;0
646;1
647;1
648;0
649;0
650;1
651;0
652;1
653;0
654;0
655;2
656;4
657;0
658;1
659;2
660;2
661;0
662;2
663;0
664;2
665;1
666;2
667;0
668;0
669;0
670;0
671;0
672;1
673;0
674;0
675;0
676;1
677;0
678;1
679;0
680;0
681;1
682;2
683;2
684;2
685;1
686;2
687;2
688;2
689;0
690;0
691;0
692;0
693;0
694;2
695;2
696;1
697;0
698;0
699;2
700;4
701;0
702;2
703;2
704;4
705;0
706;0
707;0
708;2
709;0
710;2
711;0
712;1
713;2
714;0
715;0
716;0
717;1
718;0
719;0
720;2
721;0
722;0
723;0
724;0
725;0
726;0
727;0
728;0
729;0
730;1
731;0
732;0
733;0
734;0
735;0
736;2
737;0
738;0
739;0
740;2
741;0
742;0
743;0
744;1
745;0
746;0
747;2
748;1
749;0
750;2
751;2
752;0
753;0
754;0
755;2
756;2
757;0
758;2
759;2
760;2
761;0
762;2
763;0
764;2
765;0
766;1
767;0
768;0
769;2
770;2
771;2
772;1
773;0
774;0
775;2
776;4
777;2
778;2
779;1
780;2
781;0
782;2
783;1
784;4
785;2
786;0
787;2
788;0
789;2
790;2
791;2
792;1
793;0
794;2
795;0
796;0
797;0
798;0
799;0
800;0
801;0
802;0
803;1
804;0
805;0
806;0
807;0
808;4
809;0
810;2
811;1
812;0
813;0
814;2
815;0
816;1
817;1
818;0
819;0
820;0
821;0
822;1
823;0
824;1
825;0
826;2
827;0
828;0
829;0
830;0
831;0
832;0
833;0
834;0
835;0
836;1
837;0
838;2
839;1
840;0
841;0
842;0
843;0
844;1
845;0
846;2
847;2
848;2
849;0
850;0
851;2
852;4
853;0
854;2
855;2
856;4
857;0
858;0
859;0
860;1
861;0
862;1
863;0
864;1
865;0
866;0
867;0
868;0
869;0
870;0
871;0
872;0
873;0
874;2
875;0
876;2
877;0
878;0
879;0
880;1
881;0
882;2
883;0
884;2
885;0
886;0
887;0
888;0
889;0
890;2
891;2
892;1
893;0
894;0
895;1
896;0
897;0
898;0
899;1
900;0
901;0
902;0
903;0
904;2
905;1
906;0
907;0
908;2
909;2
910;1
911;0
912;2
913;0
914;0
915;0
916;0
917;0
918;0
919;2
920;1
921;0
922;0
923;2
924;2
925;0
926;2
927;2
928;2
929;0
930;0
931;0
932;1
933;0
934;2
935;0
936;0
937;0
938;0
939;0
940;0
941;0
942;0
943;2
944;0
945;0
946;0
947;2
948;0
949;0
950;0
951;0
952;2
953;2
954;0
955;0
956;0
957;0
958;2
959;2
960;1
961;0
962;0
963;2
964;2
965;0
966;2
967;2
968;2
969;0
970;0
971;0
972;2
973;1
974;0
975;0
976;2
977;0
978;0
979;0
980;0
981;0
982;0
983;2
984;0
985;0
986;0
987;0
988;1
989;0
990;2
991;2
992;2
993;0
994;0
995;0
996;2
997;0
998;2
999;2
1000;2
1001;0
1002;1
1003;2
1004;2
1005;0
1006;0
1007;0
1008;1
1009;0
1010;0
1011;2
1012;1
1013;0
1014;0
1015;0
1016;0
1017;0
1018;0
1019;0
1020;0
1021;0
1022;0
1023;0
