0;1
1;0
2;0
3;2
4;2
5;0
6;2
7;2
8;2
9;1
10;2
11;0
12;0
13;0
14;1
15;0
16;0
17;1
18;0
19;2
20;1
21;0
22;0
23;2
24;1
25;0
26;0
27;0
28;2
29;0
30;0
31;0
32;1
33;2
34;2
35;0
36;2
37;1
38;1
39;0
40;1
41;0
42;1
43;0
44;1
45;0
46;1
47;0
48;1
49;2
50;0
51;0
52;2
53;0
54;0
55;0
56;0
57;0
58;0
59;2
60;1
61;1
62;0
63;2
64;0
65;0
66;0
67;0
68;0
69;0
70;0
71;0
72;1
73;0
74;0
75;0
76;0
77;1
78;0
79;2
80;2
81;0
82;0
83;2
84;0
85;0
86;0
87;0
88;0
89;0
90;0
91;2
92;2
93;0
94;1
95;0
96;2
97;0
98;0
99;0
100;0
101;0
102;2
103;2
104;2
105;0
106;0
107;1
108;0
109;0
110;0
111;0
112;0
113;2
114;2
115;2
116;2
117;2
118;0
119;2
120;0
121;2
122;2
123;2
124;2
125;0
126;2
127;0
128;0
129;2
130;2
131;2
132;0
133;0
134;0
135;0
136;0
137;0
138;0
139;2
140;0
141;0
142;2
143;0
144;0
145;0
146;0
147;0
148;1
149;2
150;2
151;0
152;2
153;0
154;1
155;0
156;2
157;0
158;0
159;0
160;0
161;0
162;0
163;0
164;1
165;0
166;0
167;0
168;1
169;0
170;2
171;2
172;2
173;0
174;1
175;0
176;4
177;2
178;2
179;0
180;2
181;0
182;0
183;0
184;1
185;0
186;0
187;0
188;0
189;1
190;0
191;0
192;2
193;2
194;1
195;0
196;1
197;0
198;2
199;2
200;1
201;0
202;0
203;2
204;4
205;0
206;2
207;2
208;2
209;0
210;2
211;0
212;2
213;0
214;2
215;0
216;1
217;2
218;0
219;0
220;2
221;0
222;1
223;0
224;2
225;2
226;2
227;2
228;0
229;0
230;0
231;1
232;0
233;0
234;0
235;0
236;0
237;2
238;0
239;0
240;0
241;2
242;0
243;2
244;2
245;0
246;1
247;0
248;1
249;1
250;1
251;2
252;1
253;1
254;1
255;0
256;0
257;1
258;2
259;0
260;0
261;0
262;1
263;0
264;0
265;0
266;2
267;0
268;1
269;2
270;2
271;0
272;1
273;2
274;2
275;2
276;2
277;0
278;1
279;0
280;2
281;0
282;0
283;0
284;0
285;0
286;0
287;0
288;1
289;2
290;0
291;0
292;0
293;0
294;0
295;0
296;2
297;0
298;0
299;1
300;0
301;1
302;0
303;0
304;0
305;0
306;1
307;0
308;1
309;0
310;0
311;0
312;2
313;0
314;1
315;0
316;1
317;0
318;0
319;0
320;0
321;0
322;1
323;0
324;1
325;1
326;0
327;2
328;4
329;2
330;2
331;2
332;2
333;2
334;0
335;2
336;1
337;0
338;0
339;0
340;2
341;1
342;1
343;0
344;2
345;0
346;0
347;0
348;2
349;0
350;0
351;2
352;0
353;1
354;0
355;2
356;1
357;2
358;2
359;1
360;0
361;0
362;1
363;0
364;4
365;0
366;0
367;0
368;0
369;0
370;1
371;0
372;2
373;0
374;2
375;2
376;0
377;0
378;0
379;0
380;0
381;0
382;0
383;0
384;0
385;0
386;1
387;0
388;0
389;2
390;0
391;0
392;2
393;2
394;2
395;0
396;2
397;0
398;0
399;0
400;2
401;0
402;0
403;0
404;2
405;0
406;1
407;0
408;0
409;0
410;0
411;0
412;2
413;1
414;0
415;2
416;1
417;1
418;0
419;0
420;4
421;1
422;0
423;2
424;2
425;2
426;1
427;0
428;1
429;0
430;0
431;0
432;0
433;2
434;0
435;1
436;0
437;0
438;2
439;2
440;1
441;0
442;0
443;0
444;0
445;0
446;0
447;0
448;1
449;1
450;0
451;2
452;0
453;0
454;0
455;0
456;1
457;0
458;2
459;2
460;2
461;0
462;1
463;0
464;1
465;0
466;0
467;0
468;0
469;0
470;1
471;0
472;2
473;0
474;0
475;0
476;2
477;0
478;0
479;0
480;1
481;1
482;0
483;0
484;1
485;1
486;0
487;0
488;0
489;0
490;0
491;0
492;0
493;0
494;0
495;0
496;0
497;2
498;2
499;2
500;2
501;2
502;0
503;0
504;0
505;0
506;0
507;2
508;1
509;1
510;0
511;0
512;1
513;0
514;2
515;2
516;2
517;0
518;2
519;0
520;2
521;2
522;0
523;0
524;0
525;0
526;0
527;2
528;0
529;0
530;0
531;0
532;0
533;0
534;1
535;2
536;0
537;0
538;0
539;0
540;1
541;0
542;0
543;0
544;0
545;2
546;2
547;2
548;1
549;0
550;1
551;0
552;0
553;0
554;1
555;0
556;0
557;1
558;0
559;2
560;2
561;1
562;1
563;0
564;1
565;0
566;0
567;0
568;0
569;0
570;0
571;0
572;2
573;2
574;0
575;0
576;1
577;0
578;0
579;0
580;0
581;0
582;0
583;0
584;1
585;0
586;0
587;2
588;1
589;0
590;0
591;0
592;2
593;0
594;0
595;0
596;2
597;0
598;0
599;0
600;4
601;0
602;0
603;0
604;4
605;0
606;1
607;1
608;2
609;0
610;1
611;0
612;1
613;0
614;2
615;2
616;2
617;2
618;0
619;0
620;2
621;1
622;1
623;0
624;1
625;1
626;0
627;0
628;0
629;0
630;0
631;0
632;0
633;0
634;0
635;0
636;2
637;0
638;0
639;2
640;1
641;0
642;0
643;0
644;0
645;0
646;1
647;0
648;1
649;0
650;2
651;0
652;0
653;0
654;0
655;0
656;0
657;0
658;0
659;2
660;0
661;0
662;0
663;0
664;0
665;0
666;0
667;2
668;1
669;0
670;1
671;2
672;1
673;0
674;0
675;0
676;0
677;0
678;2
679;2
680;1
681;1
682;0
683;0
684;0
685;0
686;0
687;2
688;0
689;0
690;0
691;1
692;0
693;0
694;0
695;0
696;0
697;1
698;0
699;0
700;0
701;0
702;0
703;2
704;0
705;2
706;0
707;0
708;0
709;0
710;1
711;0
712;2
713;0
714;0
715;2
716;0
717;0
718;2
719;2
720;1
721;0
722;0
723;0
724;1
725;0
726;2
727;0
728;1
729;0
730;0
731;0
732;0
733;2
734;0
735;0
736;0
737;0
738;0
739;0
740;0
741;0
742;0
743;2
744;0
745;0
746;0
747;0
748;0
749;2
750;4
751;2
752;0
753;0
754;1
755;0
756;0
757;0
758;2
759;0
760;0
761;0
762;0
763;0
764;0
765;0
766;0
767;0
768;0
769;0
770;0
771;0
772;0
773;0
774;0
775;0
776;0
777;0
778;1
779;0
780;0
781;0
782;0
783;0
784;0
785;2
786;2
787;0
788;1
789;0
790;2
791;2
792;1
793;0
794;0
795;2
796;4
797;0
798;2
799;2
800;2
801;0
802;2
803;0
804;2
805;0
806;0
807;0
808;0
809;0
810;0
811;0
812;0
813;0
814;0
815;0
816;0
817;0
818;2
819;2
820;0
821;1
822;2
823;2
824;2
825;0
826;0
827;0
828;0
829;1
830;0
831;2
832;1
833;0
834;0
835;1
836;2
837;0
838;1
839;1
840;1
841;1
842;1
843;0
844;0
845;0
846;1
847;0
848;2
849;0
850;0
851;0
852;0
853;2
854;2
855;0
856;0
857;0
858;0
859;0
860;1
861;0
862;0
863;0
864;0
865;0
866;0
867;0
868;0
869;0
870;1
871;0
872;0
873;1
874;0
875;0
876;1
877;0
878;0
879;2
880;2
881;0
882;0
883;2
884;1
885;1
886;1
887;1
888;1
889;0
890;0
891;2
892;0
893;0
894;1
895;0
896;2
897;0
898;0
899;0
900;4
901;2
902;0
903;0
904;0
905;0
906;1
907;0
908;2
909;0
910;0
911;1
912;0
913;0
914;1
915;0
916;4
917;0
918;1
919;0
920;1
921;1
922;0
923;2
924;2
925;0
926;1
927;0
928;1
929;0
930;0
931;0
932;2
933;0
934;0
935;0
936;1
937;0
938;0
939;0
940;0
941;0
942;1
943;0
944;1
945;1
946;0
947;0
948;0
949;2
950;2
951;2
952;2
953;0
954;0
955;1
956;0
957;0
958;0
959;0
960;0
961;0
962;2
963;2
964;1
965;0
966;0
967;2
968;0
969;0
970;0
971;0
972;0
973;0
974;0
975;2
976;0
977;1
978;0
979;0
980;1
981;0
982;0
983;0
984;0
985;0
986;2
987;2
988;1
989;0
990;0
991;2
992;2
993;0
994;0
995;2
996;2
997;0
998;0
999;0
1000;2
1001;0
1002;0
1003;0
1004;0
1005;0
1006;0
1007;1
1008;2
1009;0
1010;2
1011;0
1012;0
1013;0
1014;0
1015;0
1016;0
1017;0
1018;0
1019;0
1020;0
1021;0
1022;0
1023;0
