0;1
1;0
2;0
3;2
4;4
5;0
6;0
7;2
8;2
9;0
10;2
11;0
12;2
13;0
14;0
15;1
16;0
17;0
18;0
19;0
20;0
21;0
22;1
23;0
24;1
25;0
26;0
27;0
28;2
29;0
30;0
31;0
32;0
33;0
34;0
35;0
36;0
37;0
38;0
39;0
40;0
41;0
42;0
43;1
44;0
45;0
46;0
47;0
48;0
49;0
50;0
51;1
52;0
53;2
54;2
55;0
56;0
57;0
58;0
59;0
60;0
61;0
62;0
63;0
64;2
65;0
66;0
67;0
68;2
69;0
70;0
71;0
72;1
73;0
74;0
75;0
76;0
77;1
78;0
79;0
80;1
81;1
82;1
83;0
84;0
85;0
86;0
87;0
88;0
89;0
90;0
91;0
92;1
93;0
94;0
95;2
96;2
97;2
98;1
99;1
100;0
101;0
102;0
103;0
104;1
105;0
106;0
107;0
108;0
109;0
110;0
111;1
112;0
113;0
114;1
115;0
116;0
117;0
118;0
119;0
120;0
121;0
122;0
123;0
124;0
125;2
126;0
127;1
128;0
129;0
130;0
131;0
132;0
133;0
134;0
135;0
136;0
137;0
138;0
139;0
140;0
141;0
142;0
143;0
144;2
145;1
146;0
147;0
148;1
149;2
150;0
151;0
152;2
153;0
154;0
155;0
156;0
157;0
158;0
159;2
160;0
161;0
162;1
163;0
164;1
165;0
166;0
167;1
168;0
169;0
170;2
171;2
172;2
173;0
174;0
175;0
176;2
177;1
178;0
179;2
180;0
181;0
182;2
183;2
184;0
185;0
186;2
187;1
188;1
189;0
190;0
191;2
192;2
193;0
194;0
195;0
196;0
197;0
198;0
199;0
200;0
201;0
202;2
203;2
204;2
205;0
206;0
207;2
208;2
209;0
210;2
211;2
212;0
213;0
214;0
215;0
216;1
217;0
218;0
219;0
220;1
221;0
222;0
223;0
224;1
225;0
226;0
227;1
228;0
229;0
230;0
231;2
232;0
233;0
234;0
235;2
236;1
237;0
238;1
239;0
240;0
241;0
242;0
243;2
244;2
245;1
246;2
247;1
248;0
249;0
250;0
251;1
252;1
253;0
254;0
255;0
256;0
257;0
258;0
259;0
260;0
261;0
262;0
263;0
264;0
265;1
266;2
267;1
268;0
269;0
270;0
271;2
272;1
273;0
274;0
275;0
276;1
277;0
278;2
279;0
280;0
281;0
282;0
283;0
284;2
285;0
286;0
287;0
288;0
289;0
290;0
291;0
292;0
293;1
294;0
295;0
296;0
297;0
298;2
299;0
300;0
301;2
302;0
303;0
304;0
305;0
306;0
307;0
308;0
309;0
310;1
311;0
312;0
313;1
314;0
315;2
316;0
317;0
318;1
319;0
320;1
321;0
322;0
323;0
324;0
325;0
326;0
327;0
328;0
329;1
330;0
331;0
332;0
333;0
334;0
335;0
336;2
337;2
338;2
339;1
340;0
341;0
342;0
343;0
344;0
345;0
346;0
347;0
348;0
349;0
350;1
351;1
352;0
353;0
354;0
355;0
356;1
357;0
358;2
359;2
360;1
361;0
362;2
363;1
364;0
365;0
366;0
367;0
368;2
369;0
370;0
371;1
372;2
373;2
374;1
375;0
376;1
377;2
378;0
379;0
380;1
381;0
382;0
383;0
384;0
385;0
386;2
387;0
388;0
389;0
390;1
391;2
392;2
393;0
394;2
395;0
396;2
397;2
398;2
399;0
400;0
401;0
402;0
403;0
404;2
405;0
406;0
407;0
408;0
409;0
410;2
411;1
412;0
413;0
414;0
415;0
416;1
417;2
418;0
419;0
420;2
421;0
422;0
423;0
424;0
425;0
426;1
427;0
428;1
429;0
430;2
431;2
432;1
433;0
434;0
435;2
436;2
437;1
438;0
439;1
440;0
441;0
442;0
443;2
444;1
445;1
446;0
447;2
448;0
449;2
450;0
451;0
452;0
453;1
454;0
455;0
456;1
457;1
458;0
459;0
460;1
461;0
462;2
463;0
464;2
465;0
466;2
467;1
468;0
469;2
470;0
471;1
472;0
473;0
474;2
475;0
476;2
477;0
478;0
479;0
480;2
481;1
482;2
483;0
484;2
485;2
486;2
487;2
488;2
489;0
490;0
491;0
492;1
493;0
494;2
495;2
496;2
497;0
498;0
499;0
500;2
501;1
502;0
503;2
504;1
505;0
506;1
507;0
508;0
509;0
510;0
511;0
512;0
513;0
514;1
515;0
516;2
517;0
518;0
519;0
520;2
521;0
522;0
523;1
524;0
525;2
526;0
527;2
528;0
529;0
530;0
531;0
532;0
533;2
534;2
535;2
536;1
537;0
538;0
539;2
540;1
541;1
542;0
543;0
544;0
545;0
546;0
547;0
548;0
549;0
550;2
551;0
552;0
553;0
554;0
555;0
556;0
557;1
558;0
559;2
560;2
561;2
562;2
563;1
564;0
565;0
566;0
567;0
568;0
569;0
570;0
571;0
572;1
573;0
574;1
575;0
576;0
577;1
578;0
579;0
580;0
581;0
582;0
583;0
584;0
585;1
586;0
587;2
588;1
589;0
590;0
591;0
592;0
593;2
594;1
595;2
596;2
597;0
598;1
599;0
600;0
601;0
602;1
603;0
604;0
605;0
606;0
607;0
608;0
609;0
610;0
611;0
612;0
613;0
614;0
615;0
616;0
617;1
618;0
619;2
620;0
621;0
622;0
623;0
624;2
625;0
626;2
627;0
628;0
629;0
630;0
631;0
632;0
633;2
634;0
635;0
636;1
637;0
638;1
639;0
640;2
641;0
642;0
643;0
644;0
645;0
646;0
647;0
648;0
649;0
650;0
651;0
652;0
653;1
654;0
655;0
656;0
657;0
658;0
659;0
660;0
661;0
662;0
663;0
664;0
665;0
666;0
667;0
668;2
669;1
670;1
671;0
672;1
673;0
674;2
675;0
676;0
677;0
678;0
679;0
680;2
681;0
682;0
683;0
684;0
685;0
686;2
687;0
688;0
689;1
690;0
691;0
692;0
693;0
694;0
695;0
696;0
697;0
698;0
699;0
700;1
701;0
702;0
703;0
704;2
705;0
706;0
707;0
708;0
709;2
710;1
711;1
712;0
713;2
714;0
715;2
716;2
717;0
718;2
719;0
720;0
721;0
722;0
723;0
724;2
725;2
726;1
727;0
728;0
729;2
730;0
731;0
732;0
733;0
734;2
735;0
736;0
737;0
738;2
739;2
740;1
741;0
742;0
743;2
744;2
745;0
746;2
747;2
748;2
749;0
750;2
751;0
752;1
753;0
754;0
755;0
756;2
757;0
758;1
759;0
760;0
761;0
762;2
763;1
764;0
765;0
766;0
767;0
768;0
769;0
770;0
771;0
772;0
773;2
774;2
775;1
776;0
777;2
778;0
779;0
780;0
781;0
782;0
783;1
784;1
785;2
786;0
787;1
788;0
789;0
790;0
791;2
792;0
793;1
794;0
795;0
796;0
797;0
798;0
799;2
800;0
801;0
802;0
803;2
804;0
805;0
806;1
807;0
808;0
809;0
810;0
811;0
812;0
813;0
814;0
815;0
816;0
817;0
818;2
819;0
820;1
821;0
822;0
823;2
824;2
825;0
826;2
827;2
828;2
829;0
830;2
831;0
832;2
833;1
834;0
835;0
836;0
837;0
838;1
839;2
840;2
841;0
842;0
843;0
844;2
845;2
846;0
847;0
848;0
849;0
850;0
851;0
852;2
853;0
854;0
855;0
856;2
857;0
858;0
859;2
860;0
861;0
862;0
863;0
864;0
865;0
866;0
867;1
868;0
869;0
870;0
871;2
872;0
873;0
874;0
875;0
876;2
877;0
878;0
879;0
880;0
881;1
882;1
883;0
884;0
885;2
886;2
887;0
888;2
889;0
890;0
891;0
892;1
893;0
894;2
895;0
896;2
897;0
898;0
899;0
900;2
901;0
902;0
903;0
904;0
905;2
906;0
907;0
908;0
909;0
910;1
911;0
912;0
913;0
914;0
915;2
916;0
917;1
918;0
919;0
920;0
921;0
922;0
923;0
924;0
925;0
926;0
927;0
928;1
929;0
930;0
931;0
932;1
933;0
934;0
935;0
936;0
937;0
938;0
939;0
940;0
941;1
942;1
943;0
944;0
945;0
946;0
947;0
948;2
949;0
950;2
951;0
952;0
953;2
954;2
955;0
956;0
957;2
958;1
959;0
960;0
961;0
962;0
963;2
964;2
965;2
966;2
967;0
968;2
969;0
970;2
971;2
972;1
973;0
974;0
975;1
976;0
977;2
978;2
979;2
980;2
981;1
982;0
983;2
984;1
985;0
986;0
987;2
988;1
989;0
990;2
991;0
992;0
993;1
994;2
995;0
996;0
997;2
998;0
999;2
1000;0
1001;0
1002;0
1003;0
1004;2
1005;0
1006;2
1007;0
1008;0
1009;0
1010;1
1011;0
1012;0
1013;0
1014;0
1015;1
1016;0
1017;0
1018;0
1019;0
1020;0
1021;0
1022;0
1023;0
