0;1
1;0
2;0
3;0
4;4
5;0
6;2
7;0
8;2
9;0
10;2
11;0
12;2
13;0
14;0
15;2
16;2
17;2
18;2
19;1
20;0
21;0
22;1
23;1
24;0
25;1
26;2
27;2
28;1
29;0
30;0
31;1
32;0
33;0
34;0
35;1
36;0
37;0
38;0
39;1
40;0
41;0
42;0
43;0
44;2
45;2
46;0
47;0
48;0
49;0
50;0
51;2
52;1
53;0
54;0
55;2
56;4
57;0
58;2
59;2
60;2
61;0
62;2
63;0
64;2
65;0
66;0
67;0
68;0
69;1
70;0
71;2
72;1
73;0
74;1
75;1
76;0
77;0
78;0
79;0
80;0
81;0
82;2
83;1
84;0
85;0
86;0
87;0
88;0
89;0
90;0
91;0
92;2
93;0
94;2
95;0
96;1
97;1
98;1
99;0
100;0
101;1
102;0
103;1
104;0
105;0
106;0
107;0
108;0
109;2
110;0
111;0
112;0
113;0
114;2
115;0
116;0
117;2
118;0
119;0
120;0
121;2
122;0
123;0
124;0
125;0
126;1
127;0
128;2
129;0
130;0
131;0
132;0
133;1
134;1
135;0
136;1
137;0
138;0
139;0
140;2
141;0
142;2
143;0
144;0
145;0
146;1
147;0
148;0
149;2
150;2
151;2
152;1
153;0
154;2
155;0
156;0
157;0
158;0
159;0
160;0
161;0
162;0
163;0
164;1
165;0
166;0
167;0
168;2
169;2
170;2
171;1
172;2
173;0
174;2
175;0
176;2
177;2
178;1
179;0
180;0
181;0
182;0
183;0
184;0
185;2
186;0
187;2
188;2
189;0
190;0
191;0
192;0
193;0
194;0
195;0
196;0
197;0
198;1
199;0
200;2
201;0
202;0
203;0
204;2
205;0
206;1
207;1
208;0
209;0
210;0
211;0
212;0
213;2
214;2
215;2
216;0
217;0
218;2
219;0
220;0
221;0
222;0
223;0
224;1
225;0
226;0
227;0
228;1
229;0
230;0
231;2
232;1
233;1
234;0
235;0
236;0
237;0
238;1
239;0
240;0
241;0
242;0
243;0
244;0
245;0
246;0
247;0
248;0
249;0
250;2
251;2
252;2
253;2
254;0
255;2
256;1
257;0
258;0
259;2
260;2
261;0
262;0
263;0
264;1
265;0
266;1
267;0
268;0
269;0
270;0
271;0
272;1
273;0
274;1
275;0
276;1
277;0
278;0
279;0
280;0
281;1
282;0
283;0
284;2
285;0
286;0
287;0
288;2
289;2
290;0
291;1
292;0
293;2
294;0
295;0
296;0
297;0
298;1
299;0
300;0
301;0
302;0
303;0
304;0
305;0
306;0
307;2
308;0
309;1
310;0
311;0
312;1
313;0
314;0
315;0
316;0
317;1
318;1
319;0
320;1
321;0
322;2
323;0
324;1
325;0
326;0
327;0
328;1
329;0
330;0
331;1
332;0
333;0
334;0
335;1
336;2
337;0
338;0
339;0
340;2
341;2
342;2
343;2
344;2
345;1
346;0
347;0
348;1
349;0
350;0
351;0
352;2
353;0
354;0
355;0
356;0
357;0
358;0
359;2
360;2
361;0
362;0
363;0
364;0
365;2
366;0
367;1
368;0
369;0
370;2
371;0
372;0
373;0
374;2
375;2
376;0
377;0
378;0
379;0
380;2
381;0
382;2
383;0
384;0
385;0
386;2
387;0
388;0
389;2
390;0
391;0
392;2
393;0
394;2
395;0
396;0
397;0
398;0
399;0
400;0
401;1
402;0
403;0
404;0
405;0
406;1
407;2
408;0
409;1
410;0
411;1
412;0
413;0
414;2
415;2
416;1
417;0
418;0
419;0
420;0
421;0
422;0
423;2
424;0
425;2
426;2
427;2
428;2
429;0
430;1
431;1
432;0
433;0
434;0
435;1
436;0
437;2
438;0
439;1
440;0
441;0
442;2
443;2
444;0
445;0
446;2
447;0
448;2
449;0
450;0
451;0
452;0
453;0
454;0
455;0
456;0
457;2
458;0
459;0
460;0
461;0
462;0
463;0
464;1
465;0
466;0
467;0
468;2
469;0
470;0
471;0
472;2
473;0
474;0
475;0
476;0
477;0
478;0
479;0
480;0
481;0
482;0
483;0
484;0
485;0
486;2
487;1
488;0
489;0
490;0
491;1
492;0
493;0
494;1
495;2
496;2
497;2
498;2
499;2
500;0
501;0
502;2
503;2
504;0
505;0
506;0
507;0
508;1
509;0
510;2
511;2
512;1
513;0
514;2
515;0
516;2
517;0
518;0
519;0
520;0
521;0
522;0
523;0
524;0
525;0
526;0
527;1
528;0
529;0
530;0
531;2
532;0
533;0
534;0
535;0
536;0
537;2
538;2
539;2
540;1
541;0
542;2
543;0
544;0
545;0
546;0
547;0
548;0
549;0
550;0
551;0
552;0
553;0
554;2
555;2
556;0
557;1
558;0
559;0
560;0
561;0
562;2
563;0
564;2
565;2
566;2
567;0
568;2
569;2
570;0
571;0
572;2
573;0
574;2
575;0
576;0
577;0
578;0
579;0
580;2
581;0
582;2
583;1
584;0
585;0
586;0
587;2
588;2
589;0
590;2
591;2
592;2
593;0
594;2
595;2
596;0
597;1
598;0
599;2
600;1
601;0
602;0
603;1
604;0
605;0
606;0
607;0
608;1
609;0
610;0
611;1
612;0
613;0
614;0
615;0
616;0
617;0
618;2
619;0
620;1
621;0
622;0
623;2
624;2
625;0
626;2
627;0
628;2
629;2
630;2
631;2
632;0
633;0
634;0
635;1
636;0
637;0
638;1
639;0
640;0
641;2
642;0
643;0
644;0
645;0
646;2
647;2
648;1
649;0
650;0
651;0
652;2
653;0
654;2
655;0
656;0
657;0
658;0
659;1
660;2
661;0
662;2
663;0
664;2
665;0
666;2
667;0
668;0
669;0
670;0
671;0
672;0
673;1
674;0
675;1
676;0
677;0
678;0
679;0
680;0
681;0
682;0
683;1
684;0
685;0
686;0
687;0
688;2
689;0
690;0
691;0
692;2
693;0
694;0
695;0
696;0
697;1
698;0
699;0
700;0
701;0
702;1
703;0
704;0
705;0
706;0
707;0
708;1
709;0
710;0
711;0
712;0
713;0
714;0
715;0
716;0
717;0
718;0
719;0
720;0
721;0
722;0
723;2
724;2
725;1
726;0
727;0
728;0
729;0
730;0
731;1
732;1
733;2
734;0
735;1
736;0
737;0
738;0
739;0
740;0
741;0
742;2
743;2
744;1
745;0
746;0
747;2
748;2
749;0
750;2
751;2
752;2
753;0
754;2
755;2
756;2
757;0
758;0
759;0
760;0
761;0
762;0
763;1
764;0
765;0
766;0
767;1
768;0
769;0
770;2
771;1
772;0
773;2
774;0
775;0
776;0
777;0
778;0
779;0
780;0
781;1
782;0
783;0
784;0
785;2
786;1
787;0
788;2
789;2
790;0
791;1
792;0
793;0
794;0
795;0
796;1
797;0
798;0
799;0
800;0
801;2
802;0
803;0
804;0
805;0
806;2
807;2
808;1
809;0
810;0
811;0
812;0
813;0
814;2
815;2
816;0
817;0
818;0
819;1
820;0
821;0
822;1
823;1
824;0
825;0
826;0
827;0
828;0
829;0
830;1
831;0
832;0
833;2
834;2
835;2
836;1
837;1
838;1
839;0
840;1
841;0
842;2
843;0
844;2
845;0
846;2
847;2
848;0
849;2
850;2
851;0
852;0
853;0
854;0
855;0
856;0
857;2
858;2
859;0
860;0
861;0
862;0
863;0
864;0
865;0
866;1
867;0
868;0
869;0
870;1
871;0
872;0
873;0
874;0
875;0
876;1
877;0
878;0
879;1
880;0
881;1
882;0
883;2
884;2
885;0
886;2
887;0
888;0
889;0
890;0
891;1
892;2
893;2
894;0
895;0
896;1
897;0
898;0
899;0
900;0
901;0
902;0
903;0
904;2
905;0
906;2
907;2
908;0
909;0
910;0
911;0
912;0
913;0
914;2
915;1
916;0
917;0
918;0
919;0
920;2
921;0
922;2
923;1
924;0
925;0
926;0
927;1
928;0
929;0
930;1
931;0
932;2
933;2
934;1
935;0
936;1
937;0
938;0
939;0
940;2
941;1
942;2
943;0
944;0
945;0
946;0
947;0
948;1
949;1
950;0
951;2
952;0
953;0
954;2
955;0
956;1
957;1
958;1
959;1
960;1
961;1
962;2
963;1
964;0
965;0
966;1
967;1
968;0
969;0
970;0
971;0
972;2
973;0
974;2
975;0
976;1
977;0
978;0
979;2
980;0
981;0
982;0
983;0
984;0
985;0
986;0
987;0
988;1
989;0
990;0
991;0
992;2
993;1
994;0
995;0
996;2
997;1
998;0
999;0
1000;2
1001;2
1002;1
1003;2
1004;1
1005;0
1006;0
1007;0
1008;0
1009;0
1010;0
1011;2
1012;0
1013;0
1014;0
1015;1
1016;0
1017;0
1018;0
1019;0
1020;0
1021;0
1022;0
1023;0
