0;1
1;0
2;0
3;2
4;2
5;0
6;2
7;2
8;0
9;0
10;2
11;1
12;1
13;0
14;2
15;0
16;2
17;0
18;2
19;1
20;0
21;2
22;0
23;2
24;0
25;0
26;0
27;0
28;2
29;0
30;0
31;0
32;0
33;2
34;2
35;0
36;2
37;1
38;1
39;0
40;2
41;0
42;1
43;0
44;1
45;0
46;1
47;0
48;0
49;2
50;0
51;0
52;2
53;0
54;0
55;0
56;0
57;0
58;0
59;0
60;0
61;1
62;0
63;2
64;0
65;2
66;0
67;0
68;0
69;0
70;0
71;0
72;0
73;0
74;0
75;1
76;1
77;0
78;1
79;0
80;2
81;0
82;0
83;2
84;2
85;0
86;0
87;0
88;1
89;0
90;0
91;2
92;2
93;0
94;1
95;0
96;0
97;0
98;0
99;1
100;0
101;0
102;1
103;0
104;0
105;0
106;0
107;1
108;0
109;0
110;0
111;0
112;0
113;2
114;2
115;1
116;0
117;2
118;0
119;0
120;0
121;0
122;2
123;2
124;2
125;0
126;2
127;0
128;0
129;0
130;0
131;0
132;0
133;0
134;0
135;0
136;0
137;2
138;0
139;0
140;0
141;0
142;2
143;0
144;2
145;0
146;1
147;0
148;0
149;1
150;2
151;0
152;0
153;2
154;2
155;1
156;0
157;2
158;1
159;0
160;0
161;0
162;0
163;0
164;0
165;0
166;2
167;0
168;0
169;0
170;0
171;1
172;0
173;0
174;1
175;0
176;0
177;2
178;0
179;0
180;2
181;0
182;0
183;1
184;0
185;0
186;0
187;0
188;1
189;0
190;1
191;0
192;0
193;2
194;1
195;0
196;2
197;0
198;0
199;0
200;1
201;0
202;0
203;1
204;0
205;0
206;0
207;1
208;0
209;0
210;0
211;0
212;2
213;0
214;0
215;0
216;2
217;2
218;0
219;0
220;0
221;1
222;0
223;0
224;2
225;0
226;1
227;0
228;0
229;0
230;0
231;2
232;1
233;1
234;1
235;0
236;0
237;0
238;2
239;0
240;0
241;0
242;2
243;0
244;0
245;2
246;2
247;0
248;2
249;2
250;2
251;0
252;0
253;0
254;0
255;2
256;2
257;0
258;0
259;0
260;0
261;0
262;1
263;0
264;1
265;0
266;0
267;2
268;4
269;0
270;2
271;2
272;1
273;0
274;0
275;0
276;2
277;2
278;0
279;2
280;0
281;0
282;0
283;0
284;0
285;0
286;0
287;0
288;0
289;0
290;0
291;1
292;0
293;0
294;0
295;0
296;0
297;0
298;1
299;0
300;0
301;0
302;0
303;0
304;1
305;0
306;0
307;2
308;1
309;0
310;0
311;0
312;0
313;0
314;0
315;2
316;1
317;0
318;0
319;2
320;4
321;2
322;2
323;2
324;2
325;1
326;2
327;2
328;1
329;0
330;0
331;0
332;2
333;1
334;1
335;0
336;2
337;2
338;0
339;0
340;0
341;2
342;0
343;2
344;0
345;1
346;0
347;2
348;0
349;2
350;2
351;2
352;2
353;0
354;0
355;2
356;0
357;0
358;0
359;0
360;0
361;2
362;0
363;0
364;0
365;0
366;0
367;2
368;0
369;0
370;0
371;1
372;2
373;0
374;0
375;0
376;0
377;0
378;1
379;0
380;0
381;0
382;0
383;0
384;0
385;0
386;0
387;0
388;1
389;0
390;0
391;1
392;2
393;0
394;0
395;2
396;1
397;0
398;2
399;2
400;2
401;0
402;2
403;0
404;0
405;0
406;0
407;1
408;0
409;0
410;0
411;2
412;2
413;2
414;0
415;0
416;2
417;0
418;2
419;0
420;2
421;2
422;0
423;2
424;1
425;1
426;0
427;2
428;2
429;1
430;0
431;2
432;2
433;0
434;0
435;0
436;0
437;0
438;0
439;0
440;0
441;2
442;0
443;0
444;0
445;0
446;0
447;1
448;0
449;0
450;0
451;0
452;0
453;0
454;0
455;0
456;0
457;0
458;0
459;2
460;0
461;0
462;0
463;0
464;0
465;0
466;2
467;2
468;1
469;0
470;2
471;2
472;1
473;0
474;0
475;2
476;2
477;0
478;2
479;1
480;0
481;0
482;2
483;0
484;2
485;0
486;0
487;0
488;2
489;0
490;0
491;2
492;2
493;0
494;0
495;0
496;1
497;0
498;0
499;0
500;0
501;1
502;0
503;0
504;2
505;0
506;0
507;0
508;0
509;0
510;0
511;0
512;2
513;2
514;2
515;1
516;0
517;2
518;0
519;0
520;0
521;2
522;2
523;0
524;0
525;0
526;2
527;2
528;0
529;0
530;1
531;0
532;0
533;0
534;2
535;0
536;1
537;0
538;0
539;0
540;0
541;0
542;1
543;0
544;0
545;0
546;0
547;0
548;1
549;0
550;0
551;0
552;0
553;2
554;2
555;2
556;1
557;0
558;2
559;0
560;0
561;0
562;1
563;0
564;2
565;2
566;2
567;1
568;0
569;0
570;1
571;0
572;0
573;0
574;0
575;0
576;0
577;0
578;2
579;0
580;2
581;2
582;0
583;0
584;1
585;0
586;0
587;0
588;0
589;0
590;0
591;0
592;0
593;0
594;0
595;0
596;1
597;0
598;0
599;0
600;2
601;0
602;0
603;2
604;2
605;0
606;0
607;0
608;1
609;0
610;0
611;0
612;1
613;0
614;1
615;0
616;0
617;0
618;2
619;0
620;0
621;0
622;2
623;2
624;2
625;0
626;0
627;0
628;2
629;1
630;0
631;0
632;1
633;1
634;0
635;0
636;0
637;0
638;2
639;2
640;1
641;0
642;0
643;2
644;2
645;0
646;2
647;1
648;0
649;0
650;2
651;2
652;0
653;0
654;2
655;0
656;2
657;0
658;0
659;0
660;0
661;0
662;2
663;2
664;0
665;0
666;0
667;0
668;0
669;0
670;1
671;0
672;0
673;0
674;2
675;0
676;0
677;0
678;0
679;0
680;0
681;0
682;2
683;2
684;0
685;0
686;0
687;0
688;0
689;0
690;0
691;2
692;1
693;0
694;2
695;0
696;1
697;0
698;0
699;0
700;0
701;0
702;0
703;1
704;0
705;0
706;2
707;2
708;0
709;0
710;0
711;2
712;4
713;2
714;1
715;0
716;0
717;0
718;0
719;0
720;1
721;1
722;0
723;0
724;1
725;0
726;0
727;0
728;0
729;2
730;2
731;1
732;0
733;0
734;0
735;0
736;0
737;2
738;0
739;0
740;0
741;0
742;2
743;0
744;2
745;0
746;0
747;2
748;0
749;0
750;1
751;0
752;0
753;0
754;0
755;0
756;1
757;0
758;2
759;0
760;2
761;1
762;2
763;0
764;0
765;2
766;0
767;0
768;1
769;0
770;0
771;0
772;0
773;1
774;0
775;2
776;0
777;0
778;0
779;0
780;0
781;2
782;0
783;2
784;0
785;0
786;1
787;0
788;0
789;0
790;2
791;0
792;0
793;0
794;1
795;0
796;0
797;0
798;2
799;1
800;0
801;0
802;0
803;0
804;0
805;0
806;0
807;0
808;1
809;0
810;1
811;0
812;1
813;1
814;0
815;0
816;0
817;2
818;2
819;0
820;1
821;1
822;0
823;0
824;2
825;0
826;1
827;0
828;2
829;0
830;0
831;0
832;2
833;2
834;2
835;1
836;0
837;0
838;0
839;0
840;0
841;0
842;0
843;2
844;1
845;0
846;1
847;2
848;2
849;2
850;1
851;0
852;0
853;2
854;0
855;0
856;0
857;2
858;1
859;0
860;0
861;0
862;0
863;0
864;0
865;0
866;1
867;0
868;0
869;0
870;2
871;0
872;1
873;1
874;0
875;0
876;0
877;0
878;0
879;0
880;0
881;1
882;0
883;0
884;0
885;1
886;2
887;0
888;1
889;0
890;0
891;2
892;2
893;0
894;1
895;0
896;0
897;1
898;0
899;1
900;0
901;0
902;0
903;2
904;2
905;0
906;2
907;0
908;0
909;0
910;0
911;0
912;2
913;2
914;0
915;0
916;0
917;0
918;2
919;0
920;0
921;2
922;2
923;1
924;0
925;0
926;0
927;0
928;4
929;0
930;1
931;0
932;2
933;0
934;0
935;0
936;2
937;2
938;1
939;2
940;1
941;0
942;2
943;2
944;0
945;0
946;1
947;0
948;0
949;0
950;0
951;2
952;2
953;0
954;0
955;0
956;0
957;0
958;2
959;1
960;0
961;0
962;0
963;0
964;0
965;0
966;0
967;0
968;0
969;2
970;1
971;0
972;0
973;1
974;0
975;0
976;0
977;0
978;1
979;0
980;0
981;0
982;1
983;0
984;0
985;0
986;0
987;0
988;0
989;0
990;0
991;0
992;1
993;0
994;0
995;2
996;0
997;0
998;0
999;0
1000;0
1001;0
1002;0
1003;0
1004;0
1005;1
1006;0
1007;2
1008;1
1009;0
1010;0
1011;0
1012;0
1013;0
1014;1
1015;1
1016;0
1017;0
1018;0
1019;0
1020;0
1021;0
1022;0
1023;0
