0;0
1;0
2;0
3;2
4;1
5;0
6;2
7;2
8;2
9;0
10;2
11;0
12;2
13;0
14;0
15;0
16;0
17;2
18;2
19;0
20;2
21;1
22;0
23;2
24;0
25;0
26;2
27;2
28;2
29;0
30;0
31;1
32;0
33;0
34;1
35;0
36;0
37;0
38;0
39;0
40;0
41;0
42;1
43;0
44;2
45;0
46;0
47;0
48;0
49;0
50;0
51;0
52;0
53;0
54;0
55;2
56;0
57;0
58;2
59;2
60;1
61;0
62;0
63;2
64;4
65;0
66;1
67;2
68;2
69;0
70;2
71;1
72;1
73;0
74;2
75;0
76;0
77;0
78;2
79;1
80;0
81;0
82;0
83;0
84;0
85;0
86;0
87;0
88;2
89;0
90;2
91;0
92;0
93;2
94;0
95;0
96;0
97;0
98;2
99;0
100;1
101;0
102;0
103;2
104;1
105;0
106;2
107;1
108;0
109;0
110;2
111;0
112;2
113;0
114;0
115;0
116;0
117;0
118;0
119;0
120;0
121;0
122;1
123;0
124;0
125;0
126;0
127;2
128;0
129;2
130;0
131;0
132;0
133;0
134;0
135;0
136;0
137;2
138;0
139;0
140;0
141;1
142;1
143;0
144;1
145;0
146;0
147;0
148;2
149;0
150;2
151;0
152;2
153;2
154;0
155;0
156;0
157;2
158;2
159;2
160;1
161;0
162;2
163;0
164;0
165;0
166;0
167;0
168;0
169;0
170;2
171;2
172;0
173;0
174;0
175;0
176;0
177;0
178;0
179;0
180;0
181;0
182;2
183;1
184;0
185;0
186;0
187;2
188;4
189;0
190;2
191;2
192;2
193;0
194;2
195;0
196;2
197;0
198;0
199;0
200;0
201;0
202;0
203;0
204;0
205;0
206;2
207;2
208;0
209;0
210;0
211;2
212;1
213;0
214;0
215;0
216;2
217;1
218;0
219;2
220;1
221;0
222;0
223;1
224;2
225;1
226;1
227;0
228;2
229;0
230;2
231;0
232;0
233;0
234;0
235;0
236;0
237;0
238;0
239;0
240;0
241;0
242;0
243;0
244;1
245;0
246;0
247;0
248;0
249;2
250;1
251;2
252;0
253;0
254;0
255;0
256;0
257;0
258;0
259;0
260;0
261;2
262;2
263;0
264;2
265;2
266;2
267;2
268;0
269;0
270;1
271;0
272;2
273;0
274;0
275;0
276;1
277;0
278;2
279;1
280;0
281;0
282;2
283;0
284;2
285;2
286;1
287;0
288;1
289;0
290;0
291;0
292;0
293;1
294;0
295;2
296;1
297;0
298;0
299;2
300;0
301;0
302;1
303;0
304;1
305;2
306;2
307;1
308;0
309;0
310;2
311;0
312;1
313;2
314;0
315;0
316;2
317;0
318;2
319;0
320;0
321;0
322;0
323;0
324;2
325;0
326;0
327;0
328;0
329;0
330;0
331;2
332;0
333;0
334;0
335;2
336;0
337;0
338;0
339;2
340;1
341;0
342;0
343;2
344;2
345;0
346;2
347;0
348;4
349;0
350;2
351;0
352;0
353;2
354;2
355;2
356;1
357;0
358;1
359;1
360;2
361;0
362;0
363;0
364;0
365;0
366;0
367;0
368;1
369;0
370;0
371;0
372;0
373;0
374;0
375;2
376;2
377;0
378;2
379;0
380;0
381;0
382;0
383;0
384;0
385;0
386;0
387;0
388;2
389;0
390;0
391;0
392;2
393;0
394;2
395;0
396;1
397;0
398;1
399;0
400;2
401;1
402;0
403;0
404;0
405;0
406;0
407;0
408;0
409;0
410;0
411;1
412;0
413;1
414;0
415;1
416;0
417;1
418;0
419;0
420;0
421;0
422;0
423;0
424;0
425;1
426;0
427;2
428;0
429;0
430;2
431;2
432;1
433;0
434;0
435;0
436;2
437;2
438;2
439;0
440;0
441;0
442;1
443;0
444;2
445;2
446;0
447;0
448;0
449;0
450;1
451;0
452;2
453;2
454;0
455;0
456;2
457;0
458;2
459;0
460;2
461;0
462;0
463;0
464;0
465;2
466;0
467;0
468;0
469;0
470;0
471;2
472;1
473;0
474;2
475;0
476;2
477;0
478;0
479;2
480;2
481;0
482;0
483;0
484;0
485;2
486;0
487;0
488;0
489;0
490;0
491;2
492;0
493;2
494;2
495;1
496;0
497;0
498;0
499;0
500;0
501;2
502;1
503;0
504;2
505;2
506;2
507;2
508;2
509;0
510;0
511;1
512;0
513;1
514;0
515;0
516;0
517;2
518;0
519;0
520;0
521;0
522;0
523;1
524;0
525;0
526;0
527;1
528;0
529;0
530;2
531;2
532;2
533;2
534;0
535;0
536;0
537;0
538;0
539;2
540;0
541;0
542;0
543;0
544;0
545;0
546;2
547;2
548;0
549;0
550;0
551;0
552;0
553;0
554;0
555;0
556;1
557;0
558;2
559;0
560;2
561;0
562;0
563;1
564;0
565;0
566;2
567;2
568;2
569;0
570;0
571;0
572;0
573;2
574;2
575;0
576;2
577;0
578;2
579;0
580;0
581;2
582;0
583;1
584;1
585;0
586;0
587;0
588;0
589;0
590;0
591;0
592;1
593;0
594;2
595;0
596;0
597;1
598;0
599;0
600;0
601;0
602;0
603;0
604;0
605;0
606;0
607;0
608;2
609;0
610;0
611;2
612;1
613;0
614;1
615;0
616;2
617;2
618;0
619;0
620;0
621;0
622;2
623;0
624;0
625;0
626;0
627;0
628;2
629;0
630;0
631;2
632;1
633;0
634;1
635;0
636;0
637;2
638;0
639;0
640;1
641;0
642;0
643;0
644;0
645;0
646;0
647;2
648;4
649;0
650;2
651;2
652;2
653;0
654;2
655;0
656;1
657;0
658;0
659;0
660;2
661;0
662;2
663;1
664;0
665;0
666;0
667;1
668;2
669;2
670;2
671;2
672;0
673;0
674;0
675;0
676;0
677;0
678;0
679;0
680;0
681;0
682;0
683;0
684;0
685;2
686;0
687;0
688;2
689;2
690;0
691;0
692;0
693;0
694;0
695;0
696;2
697;0
698;0
699;0
700;1
701;0
702;0
703;0
704;0
705;2
706;2
707;2
708;2
709;0
710;0
711;0
712;1
713;0
714;0
715;0
716;2
717;0
718;0
719;0
720;0
721;0
722;0
723;0
724;0
725;0
726;2
727;2
728;1
729;0
730;0
731;2
732;2
733;0
734;2
735;0
736;2
737;0
738;0
739;0
740;0
741;0
742;2
743;2
744;0
745;1
746;0
747;0
748;0
749;0
750;0
751;2
752;1
753;1
754;0
755;0
756;0
757;0
758;0
759;0
760;1
761;0
762;0
763;0
764;0
765;0
766;0
767;0
768;0
769;0
770;0
771;1
772;0
773;0
774;1
775;0
776;2
777;0
778;0
779;0
780;0
781;0
782;0
783;0
784;1
785;1
786;1
787;0
788;0
789;2
790;2
791;2
792;2
793;0
794;0
795;0
796;0
797;0
798;0
799;0
800;2
801;0
802;0
803;0
804;0
805;2
806;0
807;0
808;2
809;0
810;0
811;2
812;1
813;0
814;0
815;0
816;0
817;1
818;0
819;2
820;0
821;0
822;0
823;0
824;0
825;0
826;0
827;2
828;4
829;0
830;2
831;2
832;2
833;0
834;2
835;0
836;2
837;0
838;0
839;0
840;0
841;1
842;0
843;0
844;0
845;2
846;1
847;0
848;0
849;2
850;2
851;0
852;1
853;0
854;0
855;0
856;2
857;0
858;2
859;2
860;0
861;0
862;2
863;0
864;0
865;0
866;0
867;0
868;0
869;2
870;2
871;0
872;1
873;0
874;0
875;0
876;0
877;0
878;0
879;0
880;0
881;0
882;0
883;0
884;2
885;0
886;0
887;0
888;0
889;0
890;2
891;2
892;1
893;0
894;0
895;2
896;2
897;2
898;2
899;2
900;2
901;2
902;2
903;0
904;2
905;0
906;2
907;2
908;2
909;0
910;0
911;0
912;0
913;0
914;0
915;0
916;0
917;0
918;0
919;0
920;0
921;0
922;1
923;2
924;2
925;0
926;2
927;1
928;0
929;2
930;0
931;0
932;2
933;0
934;2
935;1
936;0
937;2
938;0
939;0
940;0
941;0
942;1
943;0
944;2
945;2
946;1
947;0
948;1
949;0
950;0
951;0
952;1
953;2
954;2
955;1
956;1
957;0
958;0
959;0
960;0
961;1
962;0
963;2
964;0
965;1
966;2
967;0
968;0
969;1
970;0
971;0
972;0
973;0
974;2
975;1
976;0
977;1
978;0
979;2
980;0
981;0
982;0
983;0
984;2
985;0
986;0
987;2
988;0
989;0
990;0
991;0
992;0
993;0
994;0
995;0
996;2
997;0
998;2
999;0
1000;0
1001;1
1002;0
1003;0
1004;1
1005;0
1006;1
1007;0
1008;1
1009;0
1010;0
1011;2
1012;1
1013;0
1014;1
1015;1
1016;0
1017;0
1018;0
1019;0
1020;0
1021;0
1022;0
1023;0
