0;1
1;0
2;0
3;2
4;0
5;0
6;0
7;0
8;0
9;0
10;2
11;0
12;1
13;0
14;2
15;2
16;0
17;2
18;2
19;2
20;1
21;2
22;0
23;1
24;0
25;0
26;0
27;0
28;2
29;0
30;0
31;0
32;1
33;2
34;0
35;0
36;2
37;0
38;1
39;0
40;0
41;0
42;0
43;0
44;2
45;0
46;1
47;0
48;0
49;0
50;0
51;0
52;2
53;1
54;0
55;0
56;0
57;0
58;0
59;0
60;2
61;0
62;0
63;2
64;0
65;0
66;2
67;0
68;0
69;0
70;0
71;0
72;1
73;0
74;0
75;0
76;2
77;1
78;0
79;2
80;2
81;0
82;0
83;0
84;0
85;0
86;0
87;0
88;1
89;0
90;0
91;2
92;2
93;0
94;0
95;0
96;2
97;0
98;2
99;0
100;0
101;1
102;0
103;0
104;2
105;0
106;2
107;1
108;0
109;0
110;0
111;0
112;0
113;2
114;2
115;2
116;2
117;2
118;0
119;0
120;0
121;1
122;0
123;0
124;0
125;0
126;0
127;0
128;0
129;0
130;0
131;2
132;2
133;0
134;0
135;0
136;1
137;0
138;0
139;0
140;2
141;0
142;2
143;0
144;0
145;0
146;1
147;0
148;0
149;2
150;2
151;0
152;2
153;0
154;0
155;0
156;2
157;0
158;0
159;0
160;2
161;0
162;0
163;0
164;1
165;0
166;1
167;0
168;1
169;1
170;0
171;0
172;0
173;0
174;0
175;0
176;4
177;2
178;2
179;0
180;2
181;0
182;2
183;0
184;1
185;0
186;0
187;0
188;0
189;1
190;0
191;0
192;2
193;2
194;2
195;0
196;2
197;0
198;2
199;0
200;0
201;0
202;2
203;1
204;0
205;0
206;0
207;0
208;0
209;0
210;2
211;1
212;1
213;0
214;0
215;2
216;1
217;2
218;1
219;0
220;2
221;0
222;2
223;0
224;2
225;0
226;0
227;0
228;0
229;2
230;0
231;0
232;0
233;0
234;0
235;0
236;0
237;2
238;0
239;0
240;2
241;0
242;0
243;0
244;1
245;0
246;0
247;2
248;1
249;1
250;1
251;1
252;0
253;0
254;1
255;0
256;0
257;0
258;0
259;0
260;0
261;0
262;0
263;0
264;0
265;2
266;2
267;0
268;0
269;0
270;0
271;0
272;2
273;1
274;0
275;0
276;2
277;0
278;0
279;0
280;0
281;0
282;0
283;0
284;2
285;0
286;0
287;1
288;0
289;0
290;0
291;0
292;0
293;0
294;0
295;1
296;0
297;1
298;0
299;0
300;0
301;0
302;1
303;1
304;1
305;0
306;0
307;0
308;1
309;0
310;2
311;2
312;1
313;0
314;0
315;2
316;0
317;0
318;0
319;0
320;1
321;1
322;0
323;0
324;2
325;1
326;0
327;0
328;0
329;1
330;0
331;2
332;0
333;0
334;0
335;0
336;2
337;0
338;1
339;0
340;2
341;0
342;0
343;0
344;0
345;0
346;2
347;2
348;0
349;1
350;0
351;2
352;4
353;2
354;2
355;2
356;2
357;1
358;0
359;0
360;4
361;2
362;0
363;0
364;0
365;0
366;0
367;0
368;2
369;0
370;2
371;2
372;0
373;0
374;0
375;0
376;0
377;0
378;0
379;0
380;0
381;0
382;1
383;1
384;0
385;0
386;0
387;0
388;1
389;0
390;1
391;0
392;0
393;2
394;0
395;0
396;1
397;0
398;0
399;0
400;2
401;0
402;0
403;0
404;2
405;0
406;1
407;0
408;2
409;2
410;0
411;2
412;1
413;0
414;0
415;0
416;2
417;1
418;0
419;2
420;0
421;0
422;0
423;0
424;1
425;0
426;0
427;0
428;0
429;2
430;0
431;0
432;1
433;0
434;2
435;1
436;2
437;0
438;0
439;0
440;1
441;0
442;0
443;0
444;1
445;1
446;0
447;2
448;0
449;0
450;0
451;0
452;0
453;0
454;2
455;2
456;2
457;1
458;0
459;0
460;2
461;2
462;0
463;0
464;0
465;1
466;0
467;2
468;2
469;2
470;2
471;2
472;1
473;0
474;0
475;2
476;4
477;0
478;2
479;1
480;2
481;0
482;2
483;0
484;2
485;0
486;0
487;2
488;1
489;0
490;0
491;0
492;1
493;2
494;0
495;0
496;0
497;0
498;0
499;0
500;0
501;0
502;0
503;0
504;0
505;2
506;2
507;2
508;0
509;2
510;0
511;0
512;0
513;2
514;2
515;0
516;0
517;0
518;0
519;2
520;0
521;0
522;0
523;0
524;2
525;0
526;0
527;0
528;1
529;0
530;0
531;0
532;0
533;2
534;1
535;1
536;0
537;0
538;0
539;0
540;2
541;0
542;2
543;0
544;0
545;2
546;2
547;2
548;4
549;2
550;2
551;0
552;0
553;1
554;0
555;0
556;2
557;2
558;1
559;2
560;2
561;1
562;0
563;0
564;1
565;0
566;0
567;1
568;0
569;0
570;0
571;0
572;2
573;2
574;0
575;0
576;0
577;0
578;0
579;0
580;0
581;0
582;0
583;0
584;1
585;0
586;0
587;2
588;1
589;0
590;0
591;0
592;2
593;0
594;0
595;0
596;2
597;0
598;0
599;0
600;1
601;0
602;0
603;0
604;1
605;0
606;0
607;0
608;0
609;0
610;1
611;0
612;1
613;0
614;2
615;2
616;2
617;0
618;0
619;0
620;0
621;1
622;1
623;0
624;0
625;1
626;0
627;0
628;0
629;0
630;0
631;0
632;0
633;0
634;0
635;0
636;2
637;0
638;0
639;2
640;2
641;0
642;0
643;0
644;0
645;0
646;2
647;0
648;0
649;0
650;0
651;0
652;0
653;0
654;0
655;0
656;0
657;0
658;2
659;0
660;0
661;0
662;0
663;0
664;0
665;0
666;2
667;0
668;0
669;0
670;1
671;2
672;1
673;0
674;0
675;0
676;0
677;0
678;0
679;0
680;0
681;0
682;0
683;1
684;0
685;0
686;0
687;0
688;0
689;0
690;0
691;0
692;1
693;0
694;0
695;0
696;0
697;0
698;0
699;0
700;0
701;0
702;0
703;0
704;0
705;1
706;0
707;0
708;0
709;2
710;2
711;0
712;1
713;1
714;2
715;2
716;0
717;0
718;0
719;0
720;0
721;0
722;0
723;0
724;0
725;0
726;2
727;0
728;0
729;0
730;2
731;2
732;0
733;2
734;0
735;0
736;1
737;0
738;2
739;0
740;0
741;2
742;0
743;2
744;0
745;0
746;0
747;0
748;0
749;2
750;4
751;2
752;0
753;0
754;1
755;0
756;0
757;0
758;2
759;2
760;0
761;0
762;0
763;0
764;0
765;0
766;0
767;1
768;0
769;0
770;0
771;0
772;0
773;0
774;0
775;0
776;0
777;0
778;0
779;0
780;0
781;0
782;0
783;0
784;1
785;0
786;0
787;2
788;1
789;0
790;2
791;2
792;2
793;0
794;0
795;0
796;2
797;0
798;2
799;0
800;1
801;1
802;2
803;0
804;2
805;0
806;0
807;0
808;2
809;0
810;0
811;0
812;2
813;2
814;1
815;2
816;2
817;0
818;0
819;0
820;0
821;2
822;1
823;2
824;4
825;0
826;1
827;2
828;2
829;0
830;2
831;0
832;2
833;0
834;0
835;0
836;0
837;0
838;0
839;0
840;1
841;0
842;0
843;0
844;0
845;2
846;2
847;0
848;0
849;0
850;0
851;0
852;1
853;1
854;0
855;0
856;0
857;0
858;2
859;0
860;0
861;1
862;1
863;0
864;0
865;1
866;0
867;1
868;1
869;0
870;0
871;2
872;0
873;0
874;2
875;2
876;2
877;2
878;0
879;1
880;0
881;0
882;0
883;2
884;0
885;0
886;2
887;2
888;1
889;0
890;0
891;0
892;2
893;0
894;2
895;1
896;0
897;0
898;2
899;0
900;1
901;0
902;2
903;0
904;0
905;2
906;2
907;2
908;0
909;1
910;0
911;0
912;4
913;2
914;0
915;1
916;0
917;1
918;1
919;2
920;2
921;0
922;0
923;0
924;1
925;0
926;2
927;0
928;0
929;0
930;0
931;0
932;2
933;0
934;2
935;2
936;1
937;0
938;2
939;0
940;1
941;0
942;0
943;0
944;0
945;0
946;0
947;0
948;1
949;1
950;0
951;0
952;0
953;0
954;2
955;2
956;2
957;1
958;1
959;0
960;0
961;0
962;0
963;2
964;2
965;0
966;2
967;1
968;0
969;0
970;0
971;2
972;0
973;0
974;0
975;0
976;0
977;0
978;0
979;2
980;0
981;0
982;0
983;0
984;0
985;0
986;0
987;0
988;0
989;0
990;2
991;0
992;0
993;2
994;0
995;0
996;2
997;0
998;0
999;2
1000;2
1001;0
1002;2
1003;0
1004;2
1005;1
1006;0
1007;0
1008;0
1009;2
1010;0
1011;0
1012;0
1013;0
1014;0
1015;0
1016;0
1017;0
1018;0
1019;0
1020;0
1021;0
1022;0
1023;0
