0;1
1;0
2;0
3;2
4;2
5;0
6;2
7;1
8;0
9;0
10;2
11;0
12;2
13;0
14;0
15;0
16;0
17;1
18;0
19;2
20;2
21;0
22;2
23;2
24;1
25;1
26;2
27;0
28;2
29;0
30;0
31;2
32;0
33;0
34;0
35;0
36;0
37;0
38;1
39;0
40;2
41;0
42;0
43;2
44;4
45;0
46;2
47;2
48;1
49;0
50;0
51;0
52;2
53;1
54;1
55;0
56;0
57;0
58;0
59;0
60;0
61;0
62;0
63;0
64;0
65;0
66;2
67;1
68;0
69;0
70;0
71;2
72;2
73;0
74;1
75;2
76;2
77;0
78;2
79;0
80;0
81;1
82;0
83;1
84;0
85;0
86;0
87;0
88;0
89;0
90;4
91;0
92;0
93;2
94;2
95;1
96;2
97;0
98;2
99;1
100;0
101;1
102;0
103;1
104;2
105;0
106;2
107;1
108;0
109;0
110;2
111;0
112;0
113;0
114;0
115;0
116;0
117;0
118;0
119;0
120;1
121;0
122;2
123;0
124;1
125;2
126;0
127;0
128;0
129;0
130;0
131;2
132;2
133;0
134;2
135;0
136;0
137;1
138;2
139;0
140;0
141;0
142;1
143;0
144;0
145;0
146;0
147;0
148;0
149;2
150;0
151;0
152;0
153;0
154;0
155;0
156;0
157;0
158;2
159;0
160;0
161;1
162;1
163;0
164;1
165;0
166;0
167;0
168;0
169;0
170;2
171;0
172;2
173;0
174;0
175;0
176;0
177;2
178;2
179;2
180;1
181;0
182;2
183;0
184;0
185;0
186;0
187;0
188;2
189;0
190;2
191;0
192;0
193;0
194;0
195;0
196;0
197;0
198;0
199;0
200;0
201;0
202;0
203;0
204;0
205;0
206;0
207;0
208;0
209;0
210;0
211;0
212;2
213;0
214;0
215;0
216;0
217;0
218;0
219;0
220;0
221;0
222;0
223;2
224;1
225;0
226;0
227;2
228;1
229;0
230;0
231;2
232;2
233;0
234;1
235;0
236;2
237;1
238;0
239;0
240;2
241;0
242;0
243;0
244;0
245;0
246;0
247;0
248;0
249;0
250;0
251;0
252;0
253;0
254;0
255;2
256;1
257;2
258;0
259;0
260;0
261;2
262;0
263;2
264;0
265;0
266;0
267;0
268;0
269;0
270;1
271;0
272;2
273;2
274;0
275;0
276;0
277;0
278;0
279;0
280;0
281;0
282;2
283;2
284;2
285;0
286;0
287;0
288;1
289;0
290;2
291;1
292;0
293;0
294;2
295;0
296;2
297;1
298;0
299;2
300;0
301;0
302;0
303;0
304;0
305;1
306;0
307;0
308;0
309;0
310;0
311;0
312;0
313;0
314;0
315;2
316;0
317;0
318;0
319;0
320;2
321;0
322;1
323;0
324;0
325;0
326;0
327;0
328;0
329;0
330;0
331;2
332;2
333;0
334;0
335;0
336;0
337;0
338;0
339;0
340;0
341;1
342;0
343;0
344;0
345;0
346;2
347;2
348;1
349;0
350;1
351;0
352;2
353;0
354;0
355;2
356;1
357;1
358;0
359;0
360;0
361;1
362;0
363;0
364;1
365;0
366;0
367;1
368;2
369;0
370;0
371;0
372;1
373;0
374;1
375;0
376;0
377;0
378;0
379;0
380;1
381;0
382;0
383;0
384;0
385;0
386;0
387;2
388;2
389;0
390;0
391;0
392;0
393;0
394;2
395;0
396;0
397;0
398;1
399;0
400;0
401;2
402;0
403;0
404;2
405;2
406;1
407;0
408;1
409;0
410;0
411;0
412;1
413;0
414;2
415;0
416;1
417;0
418;0
419;2
420;4
421;0
422;2
423;2
424;2
425;0
426;2
427;0
428;2
429;0
430;0
431;0
432;4
433;0
434;2
435;0
436;0
437;2
438;2
439;2
440;2
441;1
442;0
443;0
444;0
445;2
446;0
447;0
448;0
449;2
450;2
451;2
452;0
453;0
454;2
455;0
456;0
457;2
458;2
459;2
460;0
461;0
462;0
463;2
464;2
465;0
466;2
467;2
468;0
469;0
470;0
471;0
472;0
473;0
474;1
475;0
476;2
477;2
478;0
479;2
480;2
481;0
482;0
483;0
484;2
485;0
486;1
487;0
488;0
489;2
490;0
491;2
492;0
493;0
494;0
495;2
496;1
497;0
498;2
499;0
500;0
501;0
502;0
503;2
504;2
505;0
506;0
507;0
508;0
509;0
510;0
511;0
512;0
513;0
514;0
515;0
516;0
517;1
518;0
519;2
520;0
521;0
522;2
523;0
524;0
525;0
526;0
527;2
528;1
529;0
530;1
531;1
532;1
533;0
534;2
535;2
536;0
537;0
538;2
539;0
540;2
541;0
542;0
543;0
544;0
545;0
546;2
547;1
548;0
549;0
550;0
551;0
552;0
553;0
554;0
555;0
556;0
557;0
558;1
559;0
560;0
561;0
562;0
563;0
564;0
565;0
566;2
567;0
568;0
569;0
570;2
571;0
572;0
573;0
574;0
575;0
576;2
577;2
578;0
579;0
580;2
581;2
582;0
583;2
584;2
585;0
586;0
587;2
588;0
589;0
590;0
591;2
592;0
593;0
594;0
595;2
596;0
597;0
598;0
599;1
600;1
601;0
602;0
603;2
604;2
605;0
606;0
607;0
608;2
609;2
610;0
611;0
612;0
613;0
614;0
615;0
616;1
617;0
618;0
619;1
620;0
621;2
622;0
623;0
624;2
625;0
626;2
627;0
628;0
629;0
630;0
631;0
632;1
633;0
634;0
635;0
636;0
637;0
638;0
639;0
640;0
641;0
642;2
643;0
644;0
645;0
646;1
647;0
648;0
649;0
650;0
651;2
652;0
653;0
654;1
655;0
656;2
657;0
658;0
659;0
660;1
661;0
662;2
663;0
664;0
665;0
666;0
667;0
668;0
669;2
670;2
671;0
672;0
673;0
674;0
675;0
676;1
677;0
678;2
679;0
680;0
681;2
682;2
683;0
684;0
685;2
686;0
687;1
688;0
689;0
690;1
691;2
692;1
693;0
694;1
695;0
696;0
697;0
698;0
699;2
700;2
701;0
702;0
703;1
704;0
705;0
706;2
707;2
708;0
709;2
710;0
711;2
712;2
713;0
714;2
715;0
716;0
717;0
718;0
719;2
720;0
721;0
722;1
723;0
724;1
725;0
726;0
727;0
728;1
729;0
730;0
731;0
732;0
733;1
734;2
735;0
736;0
737;2
738;0
739;0
740;2
741;0
742;2
743;0
744;1
745;0
746;0
747;0
748;1
749;0
750;0
751;2
752;1
753;0
754;0
755;0
756;2
757;0
758;1
759;2
760;2
761;0
762;0
763;0
764;1
765;0
766;0
767;2
768;1
769;1
770;2
771;0
772;0
773;2
774;0
775;0
776;2
777;0
778;2
779;0
780;0
781;0
782;0
783;0
784;0
785;0
786;0
787;0
788;0
789;0
790;0
791;0
792;0
793;0
794;0
795;0
796;0
797;0
798;0
799;2
800;1
801;0
802;0
803;2
804;2
805;0
806;2
807;2
808;0
809;0
810;2
811;0
812;2
813;1
814;0
815;0
816;0
817;0
818;0
819;2
820;1
821;0
822;1
823;0
824;2
825;0
826;0
827;0
828;1
829;0
830;0
831;0
832;0
833;0
834;1
835;0
836;0
837;0
838;0
839;1
840;0
841;0
842;1
843;0
844;1
845;0
846;1
847;0
848;1
849;0
850;0
851;2
852;2
853;0
854;0
855;1
856;2
857;0
858;0
859;0
860;2
861;2
862;0
863;0
864;0
865;0
866;0
867;0
868;0
869;0
870;1
871;0
872;0
873;0
874;2
875;2
876;0
877;0
878;2
879;0
880;0
881;2
882;1
883;0
884;0
885;0
886;0
887;0
888;0
889;2
890;0
891;2
892;0
893;2
894;2
895;2
896;1
897;0
898;1
899;0
900;0
901;1
902;1
903;0
904;0
905;0
906;0
907;1
908;0
909;0
910;2
911;0
912;0
913;0
914;1
915;2
916;0
917;1
918;0
919;1
920;0
921;2
922;1
923;0
924;0
925;2
926;2
927;2
928;1
929;0
930;0
931;0
932;2
933;0
934;0
935;0
936;0
937;0
938;1
939;1
940;0
941;0
942;0
943;2
944;4
945;0
946;2
947;2
948;0
949;0
950;0
951;0
952;2
953;0
954;0
955;0
956;0
957;0
958;2
959;2
960;2
961;0
962;2
963;0
964;0
965;0
966;0
967;0
968;0
969;0
970;0
971;2
972;2
973;0
974;0
975;0
976;0
977;0
978;0
979;0
980;2
981;0
982;2
983;2
984;2
985;1
986;2
987;0
988;1
989;0
990;0
991;0
992;0
993;1
994;0
995;0
996;0
997;0
998;0
999;1
1000;1
1001;0
1002;0
1003;2
1004;2
1005;0
1006;1
1007;2
1008;2
1009;2
1010;2
1011;2
1012;0
1013;0
1014;1
1015;1
1016;0
1017;0
1018;0
1019;0
1020;0
1021;0
1022;0
1023;0
