0;1
1;0
2;0
3;0
4;2
5;0
6;0
7;2
8;2
9;1
10;2
11;0
12;1
13;0
14;1
15;0
16;2
17;2
18;1
19;0
20;2
21;2
22;0
23;2
24;2
25;0
26;0
27;0
28;2
29;0
30;0
31;0
32;1
33;2
34;2
35;0
36;2
37;1
38;0
39;0
40;1
41;0
42;1
43;0
44;2
45;0
46;2
47;2
48;0
49;2
50;0
51;0
52;2
53;0
54;0
55;0
56;1
57;0
58;0
59;0
60;1
61;1
62;0
63;2
64;0
65;0
66;0
67;0
68;0
69;0
70;0
71;0
72;1
73;0
74;0
75;0
76;2
77;1
78;0
79;2
80;2
81;0
82;0
83;2
84;0
85;0
86;0
87;0
88;1
89;0
90;0
91;0
92;2
93;1
94;2
95;1
96;0
97;0
98;0
99;0
100;0
101;0
102;2
103;1
104;0
105;0
106;0
107;1
108;0
109;0
110;0
111;0
112;0
113;0
114;2
115;2
116;2
117;2
118;0
119;0
120;0
121;2
122;1
123;0
124;2
125;0
126;0
127;0
128;0
129;1
130;0
131;2
132;2
133;0
134;0
135;0
136;0
137;0
138;0
139;0
140;2
141;0
142;2
143;0
144;1
145;0
146;0
147;0
148;0
149;2
150;1
151;0
152;2
153;0
154;0
155;1
156;0
157;0
158;2
159;1
160;0
161;0
162;0
163;0
164;1
165;0
166;0
167;0
168;0
169;0
170;0
171;2
172;2
173;0
174;2
175;1
176;0
177;2
178;2
179;0
180;2
181;0
182;2
183;1
184;0
185;0
186;0
187;0
188;0
189;1
190;1
191;0
192;2
193;2
194;1
195;0
196;2
197;0
198;0
199;0
200;0
201;0
202;2
203;2
204;1
205;0
206;0
207;0
208;2
209;0
210;0
211;0
212;2
213;0
214;2
215;0
216;0
217;2
218;0
219;0
220;1
221;0
222;0
223;0
224;2
225;0
226;2
227;2
228;1
229;2
230;0
231;0
232;1
233;0
234;1
235;0
236;0
237;1
238;2
239;0
240;0
241;0
242;1
243;0
244;0
245;0
246;2
247;0
248;1
249;2
250;1
251;0
252;0
253;2
254;2
255;2
256;1
257;0
258;1
259;0
260;1
261;0
262;0
263;2
264;4
265;0
266;2
267;2
268;2
269;0
270;2
271;0
272;2
273;1
274;0
275;2
276;0
277;0
278;0
279;0
280;0
281;0
282;0
283;0
284;0
285;0
286;0
287;0
288;2
289;0
290;0
291;0
292;0
293;1
294;1
295;0
296;0
297;0
298;2
299;1
300;0
301;0
302;0
303;0
304;2
305;2
306;2
307;2
308;1
309;0
310;0
311;0
312;0
313;0
314;2
315;1
316;0
317;1
318;0
319;2
320;4
321;0
322;0
323;2
324;2
325;1
326;2
327;2
328;1
329;0
330;0
331;0
332;2
333;1
334;1
335;0
336;2
337;0
338;0
339;0
340;0
341;0
342;1
343;0
344;1
345;0
346;0
347;2
348;4
349;0
350;2
351;1
352;1
353;0
354;2
355;0
356;2
357;2
358;1
359;0
360;1
361;0
362;0
363;0
364;0
365;0
366;1
367;0
368;0
369;2
370;0
371;0
372;0
373;0
374;2
375;1
376;0
377;0
378;2
379;2
380;0
381;0
382;0
383;0
384;0
385;0
386;0
387;0
388;0
389;0
390;1
391;0
392;2
393;0
394;0
395;0
396;0
397;0
398;2
399;0
400;1
401;0
402;2
403;2
404;1
405;0
406;0
407;2
408;1
409;0
410;2
411;1
412;0
413;0
414;2
415;0
416;2
417;0
418;0
419;1
420;0
421;0
422;2
423;1
424;0
425;0
426;2
427;1
428;0
429;0
430;1
431;0
432;2
433;1
434;1
435;2
436;1
437;2
438;0
439;0
440;2
441;1
442;0
443;2
444;2
445;0
446;2
447;1
448;0
449;0
450;0
451;0
452;0
453;2
454;0
455;1
456;0
457;0
458;2
459;2
460;1
461;0
462;0
463;0
464;0
465;0
466;0
467;0
468;1
469;0
470;0
471;2
472;0
473;0
474;0
475;0
476;0
477;0
478;1
479;0
480;1
481;0
482;0
483;2
484;4
485;0
486;2
487;1
488;0
489;0
490;2
491;0
492;2
493;2
494;1
495;0
496;0
497;0
498;0
499;2
500;0
501;0
502;1
503;2
504;0
505;0
506;0
507;0
508;1
509;0
510;0
511;0
512;1
513;1
514;0
515;0
516;0
517;0
518;0
519;0
520;0
521;0
522;0
523;1
524;2
525;1
526;0
527;0
528;2
529;2
530;0
531;0
532;0
533;0
534;2
535;0
536;2
537;2
538;2
539;2
540;0
541;0
542;2
543;2
544;2
545;0
546;0
547;0
548;1
549;0
550;0
551;0
552;1
553;0
554;1
555;1
556;0
557;0
558;0
559;0
560;1
561;0
562;2
563;0
564;0
565;0
566;2
567;2
568;1
569;0
570;2
571;0
572;0
573;0
574;0
575;0
576;0
577;2
578;2
579;2
580;0
581;0
582;2
583;0
584;0
585;0
586;0
587;0
588;0
589;0
590;0
591;0
592;2
593;2
594;0
595;0
596;0
597;0
598;0
599;0
600;0
601;0
602;0
603;0
604;1
605;0
606;0
607;0
608;1
609;0
610;0
611;0
612;2
613;0
614;0
615;0
616;2
617;0
618;0
619;0
620;1
621;0
622;0
623;0
624;0
625;0
626;2
627;1
628;0
629;0
630;2
631;1
632;0
633;0
634;2
635;1
636;0
637;2
638;0
639;0
640;1
641;0
642;2
643;0
644;0
645;0
646;0
647;2
648;4
649;0
650;2
651;2
652;2
653;0
654;2
655;0
656;1
657;0
658;1
659;0
660;0
661;2
662;2
663;0
664;2
665;2
666;0
667;2
668;0
669;0
670;0
671;0
672;0
673;0
674;2
675;1
676;0
677;0
678;0
679;0
680;0
681;0
682;1
683;0
684;0
685;0
686;0
687;2
688;0
689;0
690;0
691;0
692;0
693;0
694;0
695;2
696;1
697;0
698;1
699;2
700;1
701;0
702;0
703;0
704;0
705;0
706;0
707;2
708;0
709;1
710;1
711;0
712;0
713;1
714;2
715;0
716;0
717;0
718;0
719;0
720;1
721;0
722;0
723;0
724;0
725;0
726;0
727;0
728;0
729;0
730;2
731;0
732;0
733;0
734;0
735;0
736;0
737;2
738;2
739;0
740;2
741;0
742;0
743;2
744;0
745;0
746;2
747;1
748;0
749;0
750;0
751;2
752;1
753;0
754;2
755;0
756;0
757;0
758;2
759;2
760;0
761;2
762;0
763;0
764;0
765;1
766;0
767;0
768;0
769;2
770;1
771;0
772;0
773;0
774;0
775;0
776;0
777;2
778;4
779;2
780;0
781;0
782;1
783;0
784;0
785;0
786;2
787;0
788;0
789;0
790;0
791;0
792;0
793;0
794;2
795;1
796;0
797;0
798;0
799;1
800;0
801;0
802;0
803;0
804;0
805;0
806;1
807;0
808;0
809;2
810;0
811;0
812;0
813;1
814;0
815;0
816;2
817;0
818;0
819;0
820;1
821;0
822;0
823;1
824;0
825;0
826;0
827;0
828;2
829;0
830;2
831;2
832;2
833;0
834;0
835;0
836;0
837;2
838;1
839;1
840;0
841;0
842;1
843;2
844;2
845;1
846;0
847;1
848;0
849;0
850;2
851;1
852;0
853;0
854;2
855;1
856;0
857;1
858;0
859;0
860;0
861;0
862;2
863;2
864;1
865;0
866;0
867;2
868;2
869;0
870;2
871;2
872;2
873;0
874;0
875;2
876;2
877;0
878;0
879;0
880;0
881;0
882;0
883;0
884;1
885;2
886;0
887;0
888;1
889;0
890;0
891;0
892;0
893;0
894;1
895;1
896;0
897;0
898;2
899;4
900;1
901;0
902;0
903;2
904;0
905;0
906;2
907;2
908;1
909;1
910;1
911;1
912;0
913;0
914;0
915;2
916;0
917;1
918;2
919;0
920;0
921;0
922;0
923;0
924;1
925;2
926;0
927;0
928;0
929;0
930;0
931;2
932;2
933;0
934;0
935;1
936;0
937;0
938;1
939;0
940;2
941;0
942;0
943;0
944;0
945;2
946;2
947;1
948;0
949;0
950;2
951;1
952;0
953;2
954;2
955;2
956;2
957;0
958;0
959;0
960;0
961;0
962;0
963;0
964;0
965;0
966;2
967;1
968;0
969;1
970;0
971;0
972;0
973;2
974;2
975;2
976;2
977;0
978;2
979;0
980;0
981;0
982;0
983;0
984;0
985;0
986;1
987;0
988;1
989;0
990;0
991;2
992;0
993;0
994;2
995;0
996;1
997;0
998;0
999;2
1000;4
1001;0
1002;2
1003;1
1004;0
1005;0
1006;2
1007;0
1008;1
1009;2
1010;0
1011;1
1012;0
1013;1
1014;1
1015;0
1016;0
1017;0
1018;0
1019;0
1020;0
1021;0
1022;0
1023;0
