0;0
1;0
2;0
3;2
4;1
5;0
6;2
7;2
8;2
9;0
10;2
11;0
12;0
13;0
14;0
15;0
16;0
17;2
18;2
19;0
20;0
21;0
22;0
23;1
24;0
25;0
26;0
27;2
28;2
29;0
30;2
31;1
32;0
33;0
34;2
35;0
36;2
37;2
38;0
39;2
40;0
41;1
42;2
43;2
44;2
45;0
46;0
47;2
48;0
49;0
50;0
51;0
52;0
53;0
54;0
55;0
56;1
57;2
58;2
59;2
60;2
61;0
62;2
63;0
64;2
65;0
66;0
67;2
68;1
69;0
70;1
71;0
72;2
73;0
74;1
75;0
76;0
77;0
78;0
79;0
80;0
81;0
82;0
83;0
84;0
85;0
86;0
87;2
88;1
89;0
90;0
91;0
92;0
93;2
94;1
95;0
96;0
97;0
98;1
99;0
100;1
101;0
102;1
103;0
104;0
105;0
106;0
107;0
108;2
109;0
110;0
111;0
112;1
113;2
114;0
115;0
116;0
117;0
118;0
119;1
120;0
121;0
122;1
123;0
124;0
125;2
126;1
127;0
128;0
129;2
130;1
131;0
132;0
133;0
134;0
135;2
136;0
137;1
138;0
139;0
140;0
141;0
142;0
143;0
144;0
145;2
146;2
147;0
148;0
149;0
150;1
151;0
152;1
153;0
154;0
155;0
156;0
157;0
158;2
159;0
160;0
161;2
162;0
163;2
164;2
165;2
166;2
167;2
168;1
169;0
170;2
171;0
172;0
173;0
174;0
175;0
176;0
177;0
178;0
179;0
180;0
181;0
182;0
183;0
184;0
185;0
186;1
187;0
188;0
189;0
190;0
191;0
192;0
193;0
194;1
195;0
196;0
197;0
198;0
199;0
200;2
201;0
202;0
203;0
204;1
205;0
206;1
207;0
208;1
209;0
210;0
211;0
212;4
213;2
214;2
215;1
216;0
217;0
218;2
219;0
220;2
221;0
222;0
223;0
224;0
225;0
226;0
227;2
228;2
229;0
230;0
231;0
232;0
233;0
234;0
235;0
236;0
237;0
238;0
239;0
240;0
241;2
242;0
243;2
244;1
245;1
246;1
247;0
248;0
249;1
250;0
251;0
252;0
253;0
254;0
255;0
256;0
257;0
258;0
259;0
260;0
261;2
262;0
263;2
264;2
265;2
266;0
267;0
268;1
269;0
270;1
271;0
272;0
273;0
274;0
275;0
276;1
277;0
278;2
279;0
280;0
281;0
282;0
283;0
284;0
285;0
286;0
287;2
288;1
289;0
290;0
291;0
292;0
293;0
294;0
295;0
296;2
297;0
298;0
299;2
300;2
301;0
302;0
303;0
304;0
305;2
306;1
307;0
308;2
309;0
310;1
311;0
312;2
313;0
314;0
315;1
316;0
317;0
318;0
319;0
320;2
321;0
322;0
323;0
324;0
325;0
326;0
327;0
328;0
329;1
330;1
331;0
332;0
333;0
334;0
335;0
336;0
337;0
338;0
339;0
340;0
341;0
342;0
343;2
344;2
345;0
346;0
347;0
348;2
349;2
350;1
351;0
352;1
353;0
354;0
355;0
356;1
357;0
358;0
359;0
360;0
361;0
362;0
363;0
364;2
365;0
366;1
367;0
368;0
369;0
370;1
371;0
372;0
373;0
374;0
375;0
376;0
377;0
378;0
379;0
380;1
381;0
382;2
383;0
384;1
385;0
386;0
387;0
388;0
389;0
390;2
391;1
392;0
393;0
394;0
395;2
396;2
397;0
398;2
399;2
400;0
401;0
402;2
403;2
404;2
405;0
406;0
407;0
408;2
409;0
410;1
411;0
412;0
413;0
414;1
415;0
416;0
417;1
418;0
419;0
420;0
421;0
422;0
423;0
424;0
425;2
426;2
427;2
428;2
429;0
430;0
431;0
432;0
433;2
434;0
435;0
436;0
437;0
438;2
439;0
440;2
441;0
442;1
443;0
444;2
445;1
446;0
447;0
448;0
449;0
450;1
451;0
452;2
453;0
454;0
455;0
456;1
457;0
458;0
459;0
460;0
461;0
462;2
463;2
464;1
465;0
466;2
467;0
468;2
469;0
470;0
471;2
472;2
473;0
474;0
475;0
476;2
477;0
478;2
479;0
480;0
481;0
482;0
483;0
484;0
485;0
486;1
487;2
488;2
489;2
490;2
491;0
492;0
493;0
494;1
495;2
496;2
497;2
498;2
499;0
500;0
501;2
502;2
503;1
504;0
505;1
506;0
507;0
508;0
509;0
510;1
511;0
512;0
513;0
514;0
515;1
516;0
517;0
518;1
519;0
520;0
521;0
522;1
523;0
524;1
525;0
526;0
527;0
528;0
529;0
530;2
531;1
532;1
533;0
534;0
535;0
536;0
537;0
538;0
539;0
540;0
541;0
542;0
543;0
544;0
545;0
546;0
547;0
548;2
549;1
550;1
551;0
552;2
553;2
554;2
555;0
556;2
557;0
558;2
559;0
560;0
561;1
562;0
563;0
564;1
565;0
566;0
567;0
568;0
569;0
570;0
571;0
572;0
573;0
574;0
575;0
576;0
577;0
578;0
579;0
580;0
581;0
582;0
583;0
584;2
585;0
586;0
587;2
588;0
589;0
590;0
591;2
592;0
593;0
594;1
595;0
596;0
597;0
598;1
599;0
600;0
601;0
602;2
603;2
604;2
605;2
606;2
607;2
608;2
609;0
610;1
611;0
612;1
613;0
614;0
615;2
616;0
617;0
618;2
619;2
620;2
621;0
622;0
623;0
624;2
625;0
626;0
627;0
628;0
629;1
630;0
631;2
632;1
633;0
634;0
635;2
636;2
637;0
638;0
639;0
640;0
641;0
642;2
643;0
644;0
645;0
646;0
647;0
648;2
649;0
650;0
651;0
652;2
653;1
654;0
655;0
656;2
657;0
658;0
659;0
660;0
661;0
662;2
663;0
664;0
665;0
666;0
667;0
668;0
669;1
670;1
671;0
672;1
673;0
674;0
675;0
676;2
677;0
678;0
679;0
680;2
681;0
682;0
683;0
684;0
685;0
686;1
687;0
688;2
689;0
690;0
691;0
692;0
693;0
694;0
695;0
696;0
697;1
698;0
699;1
700;0
701;0
702;0
703;0
704;0
705;1
706;0
707;0
708;0
709;0
710;0
711;1
712;0
713;1
714;0
715;0
716;0
717;0
718;0
719;2
720;1
721;0
722;0
723;0
724;0
725;0
726;0
727;1
728;1
729;0
730;0
731;0
732;0
733;0
734;2
735;2
736;1
737;0
738;0
739;0
740;1
741;2
742;2
743;2
744;2
745;0
746;0
747;0
748;1
749;2
750;0
751;1
752;0
753;0
754;2
755;2
756;0
757;2
758;0
759;0
760;0
761;0
762;0
763;0
764;2
765;1
766;1
767;0
768;0
769;2
770;2
771;2
772;2
773;0
774;1
775;0
776;0
777;0
778;0
779;0
780;1
781;0
782;0
783;0
784;0
785;2
786;0
787;0
788;0
789;0
790;1
791;0
792;1
793;0
794;0
795;0
796;4
797;0
798;0
799;1
800;0
801;2
802;2
803;0
804;2
805;0
806;2
807;0
808;0
809;2
810;0
811;0
812;2
813;0
814;1
815;0
816;0
817;0
818;0
819;0
820;0
821;1
822;1
823;1
824;2
825;2
826;2
827;2
828;2
829;2
830;1
831;0
832;1
833;0
834;0
835;0
836;2
837;0
838;2
839;0
840;0
841;0
842;2
843;0
844;0
845;0
846;0
847;0
848;0
849;2
850;0
851;0
852;2
853;1
854;1
855;0
856;1
857;0
858;0
859;1
860;0
861;0
862;1
863;0
864;2
865;0
866;0
867;0
868;0
869;0
870;0
871;0
872;1
873;2
874;2
875;2
876;1
877;0
878;2
879;2
880;1
881;0
882;0
883;2
884;0
885;0
886;2
887;2
888;1
889;0
890;2
891;0
892;0
893;0
894;2
895;0
896;0
897;2
898;0
899;0
900;0
901;0
902;1
903;2
904;2
905;0
906;0
907;2
908;2
909;0
910;0
911;0
912;1
913;0
914;2
915;2
916;2
917;0
918;1
919;0
920;0
921;0
922;0
923;2
924;2
925;2
926;0
927;2
928;1
929;0
930;0
931;0
932;0
933;0
934;1
935;0
936;1
937;0
938;0
939;0
940;0
941;1
942;0
943;0
944;2
945;1
946;0
947;0
948;0
949;0
950;1
951;0
952;1
953;0
954;2
955;1
956;0
957;1
958;0
959;1
960;0
961;0
962;0
963;0
964;2
965;0
966;0
967;2
968;2
969;1
970;0
971;0
972;0
973;0
974;0
975;0
976;0
977;0
978;1
979;2
980;0
981;0
982;0
983;0
984;0
985;0
986;0
987;2
988;1
989;0
990;2
991;2
992;0
993;0
994;0
995;2
996;2
997;0
998;0
999;2
1000;2
1001;0
1002;2
1003;0
1004;0
1005;2
1006;2
1007;0
1008;2
1009;2
1010;1
1011;0
1012;1
1013;0
1014;1
1015;0
1016;0
1017;0
1018;0
1019;0
1020;0
1021;0
1022;0
1023;0
