0;0
1;0
2;0
3;0
4;2
5;0
6;0
7;0
8;0
9;0
10;0
11;0
12;0
13;1
14;0
15;0
16;0
17;2
18;2
19;2
20;2
21;2
22;1
23;0
24;1
25;1
26;2
27;1
28;0
29;0
30;0
31;2
32;0
33;0
34;0
35;0
36;2
37;0
38;0
39;1
40;0
41;0
42;0
43;0
44;2
45;0
46;0
47;1
48;0
49;0
50;0
51;0
52;0
53;0
54;0
55;0
56;0
57;0
58;0
59;0
60;1
61;0
62;0
63;0
64;0
65;2
66;0
67;1
68;0
69;2
70;0
71;0
72;1
73;0
74;2
75;0
76;0
77;0
78;0
79;0
80;2
81;0
82;2
83;0
84;1
85;2
86;0
87;0
88;0
89;0
90;1
91;0
92;1
93;0
94;0
95;1
96;0
97;0
98;1
99;0
100;1
101;0
102;0
103;0
104;4
105;0
106;2
107;0
108;0
109;0
110;2
111;0
112;2
113;0
114;0
115;0
116;0
117;0
118;0
119;0
120;0
121;2
122;1
123;0
124;2
125;2
126;2
127;0
128;0
129;0
130;0
131;0
132;0
133;0
134;0
135;0
136;0
137;0
138;0
139;0
140;0
141;1
142;1
143;0
144;2
145;2
146;0
147;0
148;0
149;0
150;0
151;0
152;0
153;0
154;0
155;0
156;2
157;2
158;2
159;2
160;2
161;2
162;0
163;0
164;2
165;0
166;1
167;0
168;1
169;0
170;0
171;2
172;0
173;2
174;2
175;2
176;0
177;0
178;0
179;0
180;0
181;0
182;0
183;0
184;0
185;0
186;1
187;0
188;0
189;0
190;0
191;0
192;1
193;0
194;0
195;2
196;0
197;0
198;0
199;0
200;0
201;0
202;0
203;0
204;0
205;1
206;0
207;0
208;2
209;0
210;0
211;0
212;2
213;0
214;0
215;1
216;0
217;0
218;0
219;1
220;2
221;0
222;1
223;0
224;1
225;0
226;0
227;0
228;0
229;0
230;0
231;2
232;0
233;0
234;0
235;0
236;0
237;0
238;0
239;2
240;1
241;0
242;0
243;0
244;0
245;2
246;2
247;2
248;0
249;0
250;0
251;2
252;0
253;0
254;0
255;0
256;0
257;2
258;2
259;2
260;1
261;0
262;0
263;2
264;0
265;0
266;2
267;0
268;2
269;0
270;0
271;1
272;2
273;0
274;0
275;1
276;0
277;0
278;0
279;0
280;0
281;0
282;1
283;0
284;1
285;0
286;0
287;0
288;1
289;1
290;0
291;0
292;1
293;0
294;0
295;2
296;1
297;0
298;0
299;2
300;2
301;0
302;2
303;2
304;0
305;0
306;2
307;2
308;1
309;2
310;0
311;0
312;2
313;0
314;0
315;0
316;0
317;0
318;0
319;0
320;2
321;0
322;0
323;0
324;0
325;0
326;0
327;0
328;0
329;1
330;1
331;0
332;1
333;0
334;0
335;0
336;0
337;0
338;0
339;0
340;0
341;2
342;0
343;1
344;2
345;0
346;0
347;1
348;2
349;0
350;0
351;2
352;0
353;0
354;0
355;0
356;2
357;0
358;0
359;1
360;0
361;0
362;0
363;0
364;0
365;0
366;0
367;1
368;0
369;0
370;0
371;2
372;2
373;0
374;0
375;0
376;2
377;0
378;2
379;0
380;2
381;2
382;2
383;2
384;0
385;0
386;0
387;0
388;2
389;1
390;0
391;0
392;0
393;0
394;0
395;0
396;0
397;0
398;0
399;1
400;0
401;2
402;2
403;1
404;0
405;0
406;0
407;0
408;0
409;0
410;0
411;0
412;0
413;2
414;1
415;0
416;0
417;0
418;0
419;2
420;2
421;0
422;0
423;1
424;0
425;0
426;0
427;1
428;0
429;0
430;1
431;0
432;0
433;2
434;0
435;2
436;2
437;0
438;2
439;0
440;0
441;0
442;1
443;0
444;1
445;1
446;0
447;0
448;0
449;0
450;2
451;0
452;1
453;0
454;1
455;0
456;1
457;0
458;0
459;0
460;2
461;0
462;2
463;1
464;0
465;0
466;2
467;2
468;2
469;0
470;2
471;0
472;1
473;0
474;0
475;0
476;0
477;0
478;0
479;0
480;0
481;0
482;1
483;0
484;1
485;0
486;0
487;0
488;2
489;0
490;0
491;2
492;2
493;1
494;2
495;0
496;0
497;0
498;2
499;0
500;0
501;0
502;2
503;1
504;0
505;2
506;2
507;1
508;0
509;0
510;0
511;0
512;0
513;1
514;0
515;0
516;2
517;0
518;1
519;0
520;2
521;2
522;0
523;1
524;0
525;0
526;0
527;0
528;2
529;0
530;0
531;2
532;0
533;0
534;2
535;1
536;0
537;0
538;2
539;0
540;1
541;0
542;0
543;0
544;0
545;0
546;2
547;1
548;0
549;0
550;2
551;0
552;2
553;2
554;0
555;1
556;0
557;0
558;2
559;2
560;2
561;0
562;0
563;2
564;0
565;0
566;2
567;1
568;0
569;0
570;0
571;0
572;0
573;0
574;2
575;2
576;0
577;0
578;0
579;0
580;0
581;0
582;0
583;1
584;0
585;0
586;2
587;2
588;1
589;0
590;0
591;0
592;2
593;0
594;2
595;2
596;0
597;0
598;0
599;0
600;2
601;2
602;2
603;0
604;1
605;0
606;2
607;0
608;0
609;2
610;0
611;1
612;0
613;0
614;0
615;2
616;0
617;0
618;0
619;0
620;0
621;0
622;2
623;0
624;0
625;0
626;0
627;2
628;0
629;0
630;0
631;1
632;0
633;0
634;0
635;0
636;2
637;0
638;0
639;0
640;0
641;0
642;0
643;0
644;2
645;0
646;0
647;1
648;0
649;2
650;2
651;0
652;1
653;0
654;0
655;1
656;0
657;0
658;2
659;2
660;2
661;0
662;1
663;0
664;0
665;2
666;0
667;2
668;0
669;1
670;0
671;2
672;1
673;0
674;0
675;0
676;0
677;0
678;0
679;1
680;0
681;0
682;0
683;2
684;2
685;2
686;2
687;2
688;0
689;0
690;0
691;0
692;0
693;0
694;0
695;0
696;0
697;0
698;0
699;1
700;0
701;0
702;0
703;0
704;2
705;1
706;2
707;1
708;0
709;0
710;0
711;0
712;0
713;0
714;0
715;0
716;2
717;0
718;0
719;0
720;0
721;1
722;0
723;2
724;0
725;2
726;0
727;0
728;1
729;0
730;0
731;2
732;1
733;0
734;0
735;0
736;0
737;0
738;0
739;0
740;1
741;0
742;0
743;2
744;1
745;0
746;0
747;2
748;1
749;0
750;0
751;1
752;0
753;0
754;2
755;0
756;2
757;0
758;0
759;0
760;2
761;0
762;0
763;0
764;0
765;0
766;2
767;2
768;1
769;1
770;2
771;0
772;0
773;0
774;0
775;0
776;1
777;0
778;0
779;0
780;0
781;0
782;0
783;0
784;0
785;0
786;0
787;0
788;0
789;0
790;2
791;2
792;2
793;2
794;2
795;0
796;0
797;0
798;0
799;0
800;0
801;1
802;1
803;0
804;0
805;2
806;2
807;2
808;0
809;0
810;2
811;0
812;0
813;0
814;0
815;0
816;0
817;0
818;0
819;0
820;0
821;0
822;0
823;0
824;0
825;1
826;0
827;1
828;0
829;0
830;0
831;0
832;0
833;2
834;2
835;1
836;1
837;0
838;1
839;1
840;0
841;0
842;0
843;1
844;0
845;0
846;0
847;0
848;0
849;2
850;1
851;0
852;0
853;2
854;2
855;1
856;0
857;1
858;0
859;0
860;0
861;0
862;0
863;0
864;0
865;0
866;0
867;0
868;0
869;0
870;0
871;0
872;0
873;0
874;0
875;0
876;0
877;2
878;0
879;0
880;1
881;0
882;0
883;1
884;0
885;0
886;0
887;0
888;0
889;2
890;0
891;0
892;0
893;0
894;2
895;2
896;1
897;1
898;0
899;0
900;2
901;0
902;2
903;2
904;2
905;0
906;2
907;0
908;1
909;0
910;2
911;0
912;0
913;2
914;0
915;2
916;2
917;0
918;0
919;1
920;0
921;0
922;0
923;0
924;2
925;0
926;0
927;0
928;0
929;0
930;0
931;1
932;0
933;0
934;1
935;0
936;2
937;0
938;0
939;0
940;1
941;0
942;0
943;1
944;0
945;2
946;0
947;1
948;0
949;0
950;0
951;0
952;1
953;0
954;1
955;0
956;0
957;0
958;0
959;0
960;0
961;1
962;2
963;0
964;1
965;0
966;0
967;0
968;0
969;1
970;0
971;2
972;0
973;1
974;2
975;0
976;0
977;0
978;1
979;2
980;0
981;0
982;1
983;0
984;0
985;1
986;0
987;1
988;0
989;0
990;0
991;0
992;0
993;0
994;2
995;0
996;1
997;2
998;1
999;0
1000;0
1001;0
1002;0
1003;0
1004;0
1005;0
1006;0
1007;0
1008;0
1009;2
1010;0
1011;0
1012;0
1013;0
1014;0
1015;0
1016;0
1017;0
1018;0
1019;0
1020;0
1021;0
1022;0
1023;0
