0;1
1;0
2;0
3;2
4;4
5;2
6;1
7;2
8;2
9;0
10;2
11;1
12;1
13;0
14;1
15;0
16;0
17;0
18;2
19;2
20;2
21;2
22;0
23;2
24;0
25;0
26;0
27;0
28;1
29;0
30;0
31;1
32;0
33;1
34;0
35;2
36;4
37;0
38;2
39;2
40;2
41;0
42;2
43;0
44;2
45;0
46;2
47;0
48;0
49;2
50;0
51;0
52;2
53;1
54;0
55;0
56;1
57;0
58;1
59;0
60;2
61;2
62;2
63;0
64;0
65;2
66;0
67;0
68;2
69;0
70;0
71;0
72;1
73;0
74;0
75;0
76;1
77;1
78;0
79;2
80;0
81;0
82;0
83;0
84;0
85;0
86;0
87;0
88;0
89;0
90;0
91;0
92;2
93;2
94;1
95;0
96;0
97;0
98;0
99;0
100;0
101;0
102;0
103;0
104;1
105;0
106;0
107;0
108;0
109;0
110;2
111;0
112;0
113;0
114;0
115;0
116;0
117;2
118;2
119;0
120;2
121;0
122;0
123;1
124;0
125;0
126;0
127;0
128;0
129;1
130;0
131;2
132;2
133;2
134;0
135;0
136;0
137;2
138;2
139;2
140;2
141;0
142;0
143;0
144;0
145;0
146;2
147;0
148;2
149;0
150;0
151;0
152;1
153;0
154;0
155;0
156;2
157;0
158;2
159;0
160;1
161;0
162;1
163;0
164;0
165;1
166;0
167;2
168;2
169;2
170;0
171;0
172;0
173;0
174;2
175;0
176;0
177;0
178;0
179;0
180;0
181;1
182;0
183;0
184;2
185;0
186;2
187;1
188;0
189;0
190;2
191;2
192;2
193;0
194;0
195;1
196;0
197;0
198;2
199;2
200;2
201;0
202;0
203;0
204;1
205;0
206;0
207;0
208;0
209;2
210;0
211;0
212;0
213;1
214;0
215;0
216;1
217;0
218;0
219;2
220;1
221;0
222;0
223;2
224;2
225;0
226;2
227;0
228;0
229;0
230;2
231;0
232;1
233;1
234;0
235;0
236;0
237;0
238;2
239;0
240;1
241;0
242;0
243;0
244;2
245;0
246;2
247;0
248;0
249;2
250;2
251;2
252;0
253;0
254;0
255;2
256;1
257;0
258;0
259;2
260;1
261;0
262;2
263;2
264;2
265;0
266;0
267;0
268;2
269;0
270;0
271;0
272;0
273;2
274;0
275;0
276;0
277;2
278;2
279;0
280;2
281;2
282;2
283;0
284;0
285;2
286;0
287;1
288;0
289;1
290;1
291;0
292;0
293;0
294;2
295;0
296;0
297;2
298;1
299;0
300;1
301;0
302;2
303;0
304;0
305;2
306;2
307;2
308;0
309;2
310;2
311;1
312;0
313;2
314;2
315;0
316;0
317;0
318;0
319;1
320;1
321;0
322;0
323;0
324;0
325;0
326;0
327;0
328;0
329;0
330;0
331;0
332;2
333;0
334;2
335;1
336;0
337;1
338;0
339;0
340;0
341;0
342;2
343;0
344;0
345;0
346;0
347;0
348;2
349;2
350;1
351;0
352;0
353;0
354;0
355;2
356;0
357;1
358;0
359;0
360;0
361;2
362;0
363;2
364;4
365;0
366;1
367;0
368;1
369;2
370;2
371;2
372;1
373;2
374;0
375;0
376;2
377;1
378;1
379;0
380;2
381;0
382;0
383;0
384;2
385;2
386;0
387;0
388;0
389;1
390;0
391;0
392;1
393;1
394;1
395;0
396;0
397;0
398;2
399;0
400;0
401;1
402;0
403;0
404;0
405;0
406;0
407;0
408;0
409;0
410;2
411;2
412;0
413;0
414;0
415;0
416;0
417;0
418;0
419;0
420;0
421;0
422;0
423;0
424;0
425;0
426;0
427;2
428;0
429;0
430;2
431;0
432;2
433;2
434;0
435;0
436;2
437;0
438;0
439;0
440;2
441;0
442;0
443;0
444;0
445;0
446;2
447;2
448;2
449;0
450;1
451;0
452;1
453;0
454;0
455;2
456;2
457;0
458;0
459;2
460;2
461;0
462;2
463;0
464;2
465;2
466;2
467;2
468;2
469;0
470;1
471;0
472;0
473;0
474;0
475;0
476;0
477;0
478;0
479;0
480;0
481;2
482;0
483;0
484;0
485;0
486;2
487;2
488;1
489;0
490;0
491;0
492;0
493;0
494;0
495;0
496;1
497;1
498;0
499;2
500;0
501;2
502;0
503;0
504;0
505;0
506;2
507;2
508;2
509;2
510;1
511;0
512;0
513;0
514;0
515;0
516;0
517;2
518;2
519;0
520;0
521;0
522;1
523;0
524;0
525;0
526;0
527;0
528;1
529;0
530;0
531;0
532;0
533;1
534;0
535;0
536;0
537;2
538;0
539;0
540;0
541;0
542;0
543;0
544;0
545;2
546;2
547;2
548;2
549;2
550;0
551;1
552;0
553;0
554;2
555;0
556;0
557;0
558;2
559;2
560;0
561;0
562;2
563;0
564;0
565;0
566;0
567;0
568;1
569;0
570;0
571;0
572;0
573;0
574;1
575;0
576;0
577;1
578;0
579;0
580;0
581;0
582;2
583;1
584;0
585;1
586;0
587;2
588;2
589;2
590;2
591;0
592;0
593;0
594;0
595;0
596;1
597;2
598;2
599;2
600;2
601;0
602;2
603;0
604;1
605;0
606;0
607;0
608;0
609;0
610;0
611;0
612;2
613;0
614;0
615;0
616;1
617;0
618;0
619;0
620;0
621;0
622;0
623;0
624;0
625;0
626;0
627;2
628;2
629;0
630;0
631;0
632;0
633;0
634;0
635;0
636;2
637;2
638;0
639;0
640;2
641;0
642;0
643;0
644;2
645;2
646;2
647;0
648;0
649;0
650;2
651;0
652;0
653;0
654;2
655;1
656;0
657;2
658;0
659;0
660;2
661;1
662;1
663;0
664;1
665;1
666;0
667;0
668;0
669;0
670;0
671;0
672;0
673;0
674;0
675;0
676;2
677;0
678;0
679;2
680;0
681;0
682;0
683;0
684;0
685;2
686;0
687;0
688;0
689;0
690;2
691;0
692;0
693;0
694;0
695;0
696;0
697;0
698;2
699;2
700;1
701;0
702;0
703;2
704;4
705;0
706;2
707;2
708;2
709;0
710;2
711;0
712;1
713;0
714;0
715;2
716;1
717;0
718;0
719;1
720;0
721;0
722;1
723;2
724;0
725;0
726;0
727;0
728;0
729;0
730;0
731;2
732;0
733;1
734;0
735;0
736;1
737;0
738;0
739;0
740;0
741;0
742;0
743;0
744;1
745;0
746;0
747;0
748;0
749;0
750;0
751;0
752;0
753;0
754;0
755;0
756;0
757;2
758;2
759;1
760;0
761;2
762;1
763;0
764;2
765;0
766;2
767;2
768;0
769;0
770;1
771;0
772;1
773;0
774;0
775;0
776;1
777;0
778;2
779;2
780;1
781;0
782;0
783;0
784;4
785;0
786;2
787;1
788;0
789;0
790;2
791;0
792;1
793;0
794;0
795;0
796;0
797;0
798;0
799;0
800;0
801;2
802;1
803;0
804;1
805;0
806;0
807;0
808;0
809;0
810;0
811;0
812;0
813;0
814;0
815;1
816;2
817;0
818;0
819;2
820;2
821;2
822;2
823;1
824;2
825;2
826;1
827;2
828;0
829;0
830;1
831;0
832;0
833;0
834;2
835;0
836;1
837;0
838;1
839;0
840;2
841;0
842;0
843;1
844;0
845;0
846;2
847;0
848;0
849;0
850;0
851;0
852;0
853;0
854;2
855;1
856;0
857;2
858;0
859;0
860;0
861;1
862;0
863;0
864;1
865;1
866;2
867;0
868;2
869;0
870;0
871;0
872;0
873;1
874;0
875;0
876;2
877;2
878;1
879;2
880;2
881;0
882;0
883;0
884;0
885;2
886;1
887;2
888;1
889;0
890;1
891;0
892;2
893;0
894;2
895;0
896;0
897;0
898;0
899;0
900;0
901;0
902;1
903;0
904;0
905;0
906;0
907;0
908;0
909;2
910;2
911;0
912;0
913;0
914;0
915;0
916;1
917;1
918;0
919;1
920;0
921;0
922;2
923;0
924;0
925;1
926;0
927;0
928;0
929;1
930;0
931;0
932;1
933;0
934;0
935;2
936;0
937;0
938;1
939;0
940;0
941;1
942;1
943;1
944;0
945;0
946;0
947;1
948;0
949;0
950;2
951;0
952;0
953;0
954;0
955;0
956;1
957;2
958;0
959;0
960;0
961;0
962;2
963;0
964;0
965;0
966;0
967;1
968;0
969;0
970;1
971;0
972;1
973;0
974;1
975;0
976;1
977;0
978;0
979;1
980;0
981;0
982;2
983;2
984;2
985;0
986;4
987;0
988;0
989;0
990;2
991;1
992;0
993;2
994;2
995;0
996;1
997;0
998;0
999;0
1000;0
1001;2
1002;0
1003;2
1004;0
1005;0
1006;2
1007;0
1008;2
1009;0
1010;0
1011;0
1012;0
1013;0
1014;1
1015;0
1016;0
1017;0
1018;0
1019;0
1020;0
1021;0
1022;0
1023;0
