0;0
1;0
2;0
3;0
4;1
5;0
6;2
7;2
8;2
9;0
10;2
11;0
12;2
13;1
14;0
15;0
16;0
17;1
18;0
19;0
20;0
21;0
22;0
23;2
24;0
25;2
26;1
27;1
28;1
29;0
30;0
31;0
32;1
33;0
34;0
35;0
36;1
37;0
38;0
39;0
40;1
41;0
42;0
43;1
44;1
45;2
46;1
47;0
48;2
49;0
50;0
51;0
52;0
53;0
54;2
55;2
56;2
57;0
58;0
59;2
60;0
61;0
62;2
63;1
64;1
65;0
66;2
67;2
68;1
69;0
70;0
71;2
72;0
73;0
74;1
75;0
76;0
77;2
78;2
79;0
80;0
81;0
82;2
83;2
84;0
85;0
86;0
87;0
88;2
89;0
90;0
91;1
92;0
93;0
94;1
95;0
96;1
97;0
98;0
99;2
100;4
101;0
102;2
103;2
104;2
105;0
106;2
107;0
108;2
109;0
110;0
111;0
112;2
113;0
114;1
115;0
116;2
117;0
118;0
119;1
120;0
121;0
122;1
123;0
124;1
125;0
126;0
127;2
128;1
129;0
130;1
131;0
132;2
133;0
134;2
135;0
136;1
137;0
138;1
139;2
140;2
141;0
142;1
143;0
144;1
145;2
146;0
147;0
148;0
149;0
150;0
151;0
152;0
153;2
154;2
155;2
156;1
157;1
158;0
159;0
160;0
161;0
162;0
163;2
164;1
165;0
166;1
167;0
168;1
169;0
170;0
171;1
172;4
173;0
174;2
175;2
176;2
177;0
178;2
179;0
180;4
181;2
182;0
183;1
184;0
185;2
186;2
187;2
188;2
189;0
190;0
191;1
192;0
193;0
194;0
195;2
196;2
197;1
198;0
199;0
200;2
201;0
202;2
203;0
204;0
205;2
206;0
207;0
208;4
209;2
210;1
211;2
212;4
213;0
214;0
215;0
216;2
217;0
218;1
219;0
220;1
221;0
222;0
223;0
224;1
225;0
226;0
227;2
228;4
229;0
230;2
231;1
232;0
233;0
234;0
235;0
236;1
237;0
238;1
239;0
240;0
241;2
242;0
243;0
244;1
245;2
246;0
247;0
248;2
249;0
250;2
251;0
252;1
253;0
254;0
255;0
256;0
257;0
258;1
259;0
260;1
261;0
262;0
263;2
264;4
265;0
266;2
267;0
268;0
269;0
270;2
271;0
272;2
273;0
274;0
275;2
276;0
277;0
278;1
279;2
280;0
281;2
282;2
283;2
284;2
285;2
286;1
287;4
288;0
289;0
290;1
291;0
292;1
293;0
294;2
295;2
296;1
297;0
298;0
299;2
300;2
301;0
302;2
303;2
304;2
305;0
306;2
307;0
308;1
309;0
310;2
311;2
312;1
313;0
314;1
315;0
316;0
317;0
318;0
319;2
320;1
321;0
322;2
323;1
324;0
325;0
326;2
327;1
328;1
329;0
330;1
331;0
332;1
333;0
334;2
335;2
336;2
337;0
338;2
339;2
340;1
341;0
342;0
343;0
344;0
345;0
346;0
347;0
348;0
349;0
350;0
351;0
352;0
353;1
354;0
355;2
356;2
357;0
358;0
359;2
360;2
361;0
362;2
363;0
364;2
365;2
366;1
367;2
368;1
369;0
370;0
371;0
372;1
373;0
374;1
375;0
376;2
377;2
378;0
379;0
380;2
381;1
382;0
383;0
384;2
385;0
386;0
387;0
388;0
389;0
390;0
391;2
392;1
393;0
394;0
395;0
396;1
397;0
398;0
399;2
400;0
401;0
402;0
403;2
404;4
405;0
406;2
407;2
408;2
409;0
410;2
411;0
412;1
413;1
414;1
415;0
416;0
417;2
418;1
419;0
420;0
421;2
422;0
423;0
424;1
425;0
426;0
427;2
428;1
429;0
430;0
431;2
432;4
433;0
434;2
435;1
436;0
437;0
438;2
439;0
440;2
441;2
442;1
443;0
444;1
445;1
446;0
447;2
448;2
449;0
450;1
451;0
452;2
453;0
454;1
455;0
456;1
457;0
458;0
459;0
460;0
461;0
462;2
463;0
464;0
465;0
466;2
467;0
468;0
469;2
470;2
471;2
472;1
473;0
474;0
475;2
476;4
477;0
478;1
479;0
480;2
481;2
482;2
483;0
484;2
485;0
486;0
487;2
488;1
489;0
490;2
491;1
492;0
493;0
494;0
495;2
496;0
497;1
498;0
499;0
500;1
501;0
502;0
503;0
504;0
505;2
506;2
507;0
508;0
509;0
510;0
511;0
512;0
513;2
514;0
515;0
516;0
517;0
518;1
519;0
520;0
521;0
522;2
523;2
524;1
525;0
526;0
527;2
528;2
529;0
530;2
531;2
532;2
533;0
534;2
535;0
536;2
537;2
538;0
539;0
540;0
541;2
542;2
543;2
544;2
545;0
546;0
547;2
548;0
549;0
550;2
551;0
552;1
553;0
554;2
555;0
556;1
557;0
558;0
559;2
560;1
561;2
562;2
563;1
564;0
565;0
566;2
567;2
568;1
569;1
570;0
571;0
572;0
573;0
574;0
575;1
576;0
577;0
578;0
579;2
580;1
581;0
582;2
583;2
584;0
585;0
586;0
587;2
588;4
589;0
590;2
591;0
592;2
593;0
594;0
595;0
596;1
597;1
598;0
599;0
600;0
601;0
602;1
603;0
604;2
605;2
606;0
607;0
608;0
609;0
610;1
611;0
612;0
613;0
614;0
615;2
616;1
617;0
618;2
619;0
620;0
621;0
622;0
623;2
624;4
625;0
626;2
627;1
628;0
629;0
630;2
631;0
632;1
633;0
634;0
635;0
636;0
637;0
638;0
639;0
640;0
641;0
642;2
643;2
644;0
645;0
646;0
647;0
648;0
649;0
650;2
651;2
652;1
653;1
654;0
655;1
656;0
657;0
658;2
659;0
660;2
661;0
662;2
663;0
664;0
665;1
666;2
667;0
668;2
669;0
670;1
671;0
672;0
673;0
674;0
675;0
676;1
677;0
678;0
679;2
680;0
681;1
682;0
683;0
684;2
685;2
686;0
687;1
688;1
689;0
690;1
691;0
692;0
693;0
694;2
695;1
696;0
697;0
698;0
699;2
700;2
701;0
702;2
703;0
704;4
705;0
706;0
707;0
708;2
709;0
710;1
711;0
712;1
713;1
714;0
715;0
716;0
717;1
718;0
719;0
720;2
721;0
722;0
723;2
724;2
725;0
726;1
727;0
728;0
729;2
730;1
731;0
732;0
733;0
734;0
735;2
736;2
737;2
738;0
739;0
740;0
741;0
742;0
743;0
744;1
745;0
746;0
747;0
748;1
749;0
750;0
751;2
752;1
753;0
754;0
755;0
756;4
757;0
758;2
759;2
760;2
761;0
762;2
763;0
764;2
765;0
766;0
767;0
768;0
769;0
770;2
771;2
772;1
773;0
774;0
775;2
776;4
777;0
778;1
779;0
780;1
781;0
782;2
783;1
784;4
785;0
786;0
787;2
788;0
789;2
790;2
791;2
792;1
793;0
794;0
795;0
796;2
797;1
798;2
799;0
800;0
801;0
802;0
803;1
804;0
805;0
806;0
807;2
808;1
809;2
810;2
811;2
812;2
813;0
814;0
815;0
816;1
817;2
818;0
819;0
820;0
821;0
822;1
823;0
824;1
825;0
826;2
827;0
828;0
829;0
830;0
831;0
832;0
833;0
834;0
835;0
836;1
837;0
838;1
839;0
840;1
841;0
842;0
843;0
844;1
845;0
846;1
847;0
848;1
849;0
850;0
851;2
852;4
853;2
854;2
855;0
856;4
857;0
858;0
859;0
860;1
861;0
862;1
863;0
864;1
865;0
866;0
867;0
868;0
869;2
870;1
871;0
872;1
873;0
874;2
875;0
876;0
877;2
878;0
879;0
880;1
881;0
882;1
883;0
884;2
885;0
886;0
887;0
888;0
889;0
890;0
891;2
892;1
893;0
894;0
895;2
896;1
897;0
898;2
899;1
900;0
901;0
902;0
903;0
904;1
905;0
906;0
907;0
908;2
909;0
910;0
911;0
912;0
913;1
914;0
915;2
916;0
917;0
918;1
919;0
920;1
921;0
922;0
923;2
924;2
925;0
926;2
927;2
928;2
929;0
930;0
931;0
932;1
933;0
934;2
935;1
936;0
937;0
938;0
939;0
940;0
941;0
942;0
943;0
944;0
945;0
946;0
947;2
948;0
949;1
950;0
951;0
952;0
953;0
954;0
955;0
956;0
957;2
958;2
959;1
960;0
961;0
962;0
963;2
964;4
965;0
966;2
967;2
968;2
969;0
970;2
971;0
972;2
973;0
974;0
975;0
976;2
977;2
978;0
979;0
980;0
981;0
982;0
983;2
984;2
985;0
986;0
987;0
988;0
989;0
990;1
991;0
992;0
993;0
994;0
995;1
996;1
997;0
998;0
999;1
1000;0
1001;0
1002;2
1003;0
1004;2
1005;0
1006;0
1007;0
1008;1
1009;0
1010;0
1011;2
1012;1
1013;0
1014;0
1015;0
1016;0
1017;0
1018;0
1019;0
1020;0
1021;0
1022;0
1023;0
