0;0
1;0
2;0
3;2
4;4
5;0
6;2
7;2
8;2
9;0
10;2
11;0
12;2
13;0
14;0
15;0
16;0
17;1
18;0
19;2
20;2
21;2
22;2
23;2
24;0
25;0
26;2
27;2
28;2
29;0
30;0
31;0
32;0
33;0
34;0
35;0
36;0
37;0
38;0
39;0
40;0
41;0
42;0
43;0
44;2
45;0
46;2
47;1
48;0
49;0
50;0
51;0
52;0
53;0
54;0
55;0
56;0
57;2
58;0
59;2
60;1
61;0
62;1
63;0
64;0
65;0
66;0
67;1
68;0
69;0
70;0
71;2
72;1
73;0
74;0
75;0
76;0
77;0
78;0
79;0
80;2
81;0
82;2
83;0
84;0
85;2
86;2
87;2
88;2
89;0
90;0
91;2
92;4
93;0
94;2
95;2
96;2
97;0
98;2
99;0
100;1
101;0
102;0
103;0
104;0
105;1
106;0
107;1
108;0
109;0
110;0
111;1
112;0
113;0
114;0
115;0
116;0
117;0
118;0
119;0
120;0
121;2
122;0
123;0
124;0
125;0
126;0
127;0
128;0
129;0
130;0
131;1
132;0
133;1
134;1
135;0
136;0
137;0
138;0
139;0
140;2
141;0
142;2
143;0
144;1
145;0
146;0
147;0
148;0
149;2
150;2
151;2
152;1
153;0
154;2
155;0
156;0
157;0
158;0
159;0
160;0
161;0
162;2
163;0
164;0
165;0
166;1
167;0
168;0
169;1
170;0
171;1
172;0
173;0
174;0
175;0
176;0
177;0
178;0
179;0
180;0
181;0
182;0
183;0
184;2
185;0
186;0
187;0
188;1
189;0
190;0
191;2
192;1
193;0
194;0
195;1
196;2
197;2
198;2
199;2
200;2
201;0
202;2
203;2
204;0
205;0
206;2
207;2
208;1
209;0
210;0
211;2
212;4
213;0
214;2
215;2
216;2
217;0
218;2
219;0
220;1
221;0
222;0
223;0
224;0
225;0
226;0
227;2
228;1
229;0
230;0
231;0
232;0
233;2
234;1
235;0
236;0
237;0
238;0
239;0
240;0
241;0
242;1
243;0
244;0
245;1
246;0
247;2
248;2
249;2
250;2
251;2
252;0
253;0
254;0
255;2
256;1
257;0
258;2
259;0
260;1
261;0
262;0
263;2
264;4
265;0
266;2
267;2
268;2
269;0
270;2
271;0
272;2
273;2
274;0
275;1
276;1
277;0
278;2
279;0
280;0
281;0
282;0
283;0
284;2
285;2
286;1
287;0
288;1
289;0
290;2
291;0
292;0
293;1
294;0
295;0
296;2
297;0
298;0
299;0
300;2
301;0
302;0
303;1
304;0
305;0
306;0
307;0
308;2
309;0
310;0
311;1
312;0
313;0
314;0
315;0
316;0
317;0
318;0
319;0
320;2
321;0
322;0
323;0
324;0
325;0
326;0
327;0
328;0
329;1
330;1
331;0
332;0
333;0
334;0
335;0
336;0
337;0
338;0
339;1
340;1
341;0
342;0
343;2
344;2
345;0
346;2
347;0
348;2
349;0
350;2
351;0
352;2
353;2
354;0
355;2
356;2
357;1
358;0
359;0
360;0
361;0
362;0
363;0
364;2
365;0
366;0
367;2
368;0
369;0
370;0
371;2
372;2
373;0
374;0
375;1
376;0
377;0
378;2
379;1
380;0
381;0
382;0
383;0
384;2
385;0
386;0
387;0
388;1
389;0
390;1
391;0
392;1
393;0
394;0
395;0
396;2
397;1
398;0
399;0
400;0
401;0
402;0
403;0
404;0
405;0
406;0
407;1
408;0
409;0
410;2
411;2
412;2
413;1
414;0
415;0
416;0
417;0
418;0
419;0
420;0
421;1
422;2
423;2
424;2
425;0
426;0
427;1
428;0
429;0
430;0
431;1
432;0
433;0
434;0
435;1
436;0
437;0
438;2
439;1
440;0
441;2
442;2
443;0
444;2
445;0
446;2
447;0
448;2
449;0
450;0
451;0
452;1
453;2
454;0
455;0
456;0
457;0
458;1
459;0
460;1
461;0
462;0
463;0
464;2
465;0
466;0
467;2
468;2
469;0
470;0
471;0
472;0
473;0
474;0
475;1
476;0
477;0
478;0
479;0
480;0
481;2
482;2
483;2
484;2
485;0
486;0
487;1
488;0
489;0
490;0
491;0
492;2
493;2
494;2
495;2
496;0
497;0
498;0
499;1
500;0
501;0
502;0
503;0
504;0
505;0
506;2
507;2
508;1
509;0
510;0
511;2
512;4
513;0
514;2
515;2
516;2
517;0
518;2
519;0
520;2
521;0
522;2
523;0
524;0
525;2
526;2
527;2
528;2
529;2
530;0
531;0
532;0
533;0
534;0
535;1
536;0
537;0
538;0
539;2
540;0
541;0
542;2
543;2
544;0
545;0
546;0
547;1
548;0
549;0
550;1
551;1
552;0
553;0
554;0
555;0
556;4
557;0
558;2
559;2
560;2
561;0
562;0
563;0
564;2
565;2
566;1
567;0
568;1
569;2
570;2
571;0
572;2
573;0
574;2
575;0
576;0
577;0
578;0
579;1
580;1
581;2
582;0
583;0
584;0
585;0
586;0
587;0
588;1
589;0
590;2
591;0
592;0
593;1
594;0
595;2
596;0
597;0
598;0
599;1
600;0
601;0
602;0
603;0
604;2
605;0
606;0
607;2
608;0
609;0
610;0
611;0
612;0
613;1
614;0
615;0
616;0
617;2
618;2
619;0
620;0
621;0
622;0
623;2
624;2
625;0
626;2
627;2
628;0
629;0
630;0
631;0
632;0
633;2
634;0
635;0
636;2
637;1
638;0
639;2
640;2
641;0
642;0
643;0
644;2
645;0
646;2
647;0
648;0
649;0
650;0
651;1
652;2
653;1
654;0
655;2
656;2
657;1
658;0
659;0
660;2
661;0
662;0
663;0
664;0
665;1
666;0
667;1
668;0
669;2
670;0
671;0
672;2
673;0
674;0
675;1
676;0
677;0
678;2
679;0
680;2
681;0
682;0
683;2
684;2
685;0
686;1
687;0
688;0
689;2
690;2
691;2
692;2
693;0
694;0
695;0
696;0
697;0
698;0
699;0
700;0
701;0
702;2
703;2
704;1
705;0
706;0
707;2
708;2
709;0
710;2
711;2
712;2
713;0
714;2
715;0
716;0
717;0
718;0
719;0
720;0
721;0
722;0
723;0
724;0
725;0
726;2
727;2
728;2
729;0
730;2
731;0
732;0
733;0
734;0
735;2
736;2
737;0
738;0
739;0
740;0
741;0
742;0
743;0
744;1
745;0
746;0
747;0
748;0
749;0
750;0
751;0
752;1
753;0
754;0
755;0
756;0
757;0
758;1
759;2
760;2
761;2
762;0
763;0
764;0
765;0
766;0
767;0
768;2
769;1
770;1
771;0
772;0
773;2
774;2
775;2
776;0
777;0
778;0
779;1
780;0
781;0
782;0
783;0
784;1
785;0
786;0
787;0
788;0
789;0
790;0
791;0
792;0
793;2
794;2
795;2
796;1
797;0
798;0
799;0
800;0
801;2
802;2
803;2
804;2
805;0
806;0
807;1
808;0
809;0
810;0
811;2
812;0
813;0
814;0
815;0
816;0
817;1
818;0
819;1
820;0
821;1
822;0
823;2
824;2
825;1
826;2
827;1
828;0
829;0
830;2
831;0
832;2
833;2
834;1
835;0
836;0
837;0
838;2
839;0
840;0
841;0
842;0
843;0
844;0
845;2
846;1
847;0
848;1
849;0
850;2
851;2
852;1
853;0
854;0
855;2
856;4
857;0
858;2
859;2
860;2
861;0
862;2
863;0
864;2
865;0
866;0
867;0
868;0
869;0
870;1
871;0
872;1
873;0
874;0
875;0
876;1
877;0
878;0
879;0
880;1
881;0
882;1
883;0
884;1
885;0
886;2
887;0
888;0
889;0
890;1
891;1
892;0
893;0
894;0
895;0
896;2
897;0
898;1
899;2
900;0
901;0
902;2
903;2
904;2
905;2
906;0
907;0
908;2
909;0
910;0
911;0
912;1
913;0
914;0
915;1
916;0
917;0
918;0
919;0
920;2
921;1
922;0
923;0
924;0
925;0
926;2
927;0
928;2
929;1
930;2
931;0
932;1
933;0
934;0
935;0
936;0
937;1
938;0
939;1
940;1
941;0
942;2
943;0
944;0
945;0
946;1
947;0
948;0
949;0
950;0
951;2
952;1
953;1
954;1
955;0
956;0
957;0
958;0
959;0
960;2
961;0
962;1
963;2
964;0
965;0
966;0
967;2
968;0
969;0
970;0
971;0
972;0
973;0
974;0
975;0
976;0
977;1
978;0
979;0
980;2
981;1
982;0
983;2
984;0
985;0
986;1
987;0
988;2
989;2
990;1
991;2
992;2
993;0
994;0
995;1
996;0
997;0
998;0
999;0
1000;0
1001;0
1002;2
1003;2
1004;1
1005;0
1006;0
1007;2
1008;2
1009;0
1010;2
1011;2
1012;1
1013;0
1014;1
1015;0
1016;0
1017;0
1018;0
1019;0
1020;0
1021;0
1022;0
1023;0
