0;2
1;0
2;0
3;2
4;4
5;0
6;2
7;2
8;2
9;1
10;2
11;0
12;1
13;0
14;1
15;0
16;0
17;2
18;1
19;0
20;2
21;2
22;0
23;0
24;0
25;0
26;0
27;0
28;2
29;0
30;0
31;0
32;1
33;2
34;2
35;0
36;1
37;1
38;1
39;0
40;2
41;1
42;0
43;0
44;2
45;2
46;1
47;0
48;0
49;0
50;0
51;0
52;2
53;0
54;0
55;0
56;0
57;0
58;0
59;0
60;1
61;1
62;0
63;2
64;0
65;0
66;0
67;0
68;0
69;0
70;0
71;0
72;0
73;0
74;0
75;0
76;1
77;0
78;1
79;0
80;0
81;2
82;0
83;0
84;0
85;0
86;0
87;0
88;1
89;0
90;0
91;2
92;0
93;0
94;1
95;0
96;1
97;0
98;0
99;0
100;0
101;0
102;0
103;0
104;0
105;0
106;0
107;1
108;0
109;0
110;0
111;0
112;0
113;0
114;2
115;1
116;0
117;0
118;0
119;0
120;0
121;1
122;0
123;2
124;0
125;2
126;0
127;0
128;0
129;2
130;2
131;0
132;2
133;0
134;0
135;0
136;0
137;0
138;2
139;0
140;2
141;0
142;2
143;0
144;0
145;0
146;0
147;0
148;0
149;1
150;2
151;0
152;2
153;0
154;1
155;0
156;0
157;2
158;1
159;0
160;2
161;2
162;0
163;0
164;1
165;0
166;0
167;2
168;0
169;0
170;2
171;1
172;2
173;0
174;1
175;0
176;0
177;0
178;2
179;0
180;2
181;0
182;1
183;0
184;0
185;0
186;0
187;0
188;0
189;0
190;0
191;2
192;0
193;0
194;1
195;2
196;2
197;0
198;2
199;0
200;4
201;0
202;2
203;0
204;2
205;1
206;2
207;2
208;2
209;1
210;0
211;0
212;0
213;0
214;1
215;2
216;2
217;0
218;0
219;0
220;2
221;0
222;1
223;0
224;0
225;2
226;2
227;2
228;0
229;0
230;0
231;0
232;0
233;0
234;0
235;0
236;0
237;2
238;0
239;0
240;0
241;2
242;0
243;0
244;2
245;0
246;0
247;0
248;0
249;0
250;0
251;2
252;1
253;1
254;1
255;0
256;0
257;0
258;2
259;0
260;0
261;0
262;0
263;0
264;0
265;1
266;2
267;0
268;0
269;0
270;2
271;0
272;0
273;1
274;0
275;2
276;2
277;2
278;0
279;0
280;2
281;0
282;0
283;0
284;0
285;0
286;0
287;0
288;0
289;0
290;0
291;1
292;0
293;0
294;0
295;0
296;2
297;0
298;1
299;0
300;0
301;0
302;1
303;0
304;2
305;0
306;1
307;0
308;0
309;0
310;0
311;0
312;2
313;1
314;2
315;1
316;0
317;0
318;0
319;0
320;0
321;0
322;0
323;0
324;0
325;1
326;1
327;2
328;4
329;1
330;0
331;2
332;0
333;2
334;2
335;2
336;1
337;0
338;0
339;0
340;2
341;1
342;2
343;0
344;0
345;0
346;0
347;0
348;0
349;2
350;0
351;0
352;0
353;1
354;0
355;0
356;2
357;2
358;2
359;2
360;2
361;0
362;0
363;0
364;0
365;2
366;0
367;0
368;0
369;0
370;1
371;0
372;0
373;2
374;0
375;2
376;0
377;2
378;0
379;0
380;0
381;0
382;0
383;0
384;0
385;0
386;1
387;0
388;0
389;0
390;0
391;0
392;0
393;0
394;1
395;0
396;0
397;0
398;0
399;0
400;2
401;0
402;0
403;0
404;0
405;0
406;0
407;0
408;2
409;0
410;1
411;0
412;2
413;1
414;0
415;2
416;1
417;0
418;1
419;0
420;0
421;2
422;0
423;0
424;0
425;0
426;1
427;0
428;0
429;0
430;0
431;0
432;0
433;0
434;0
435;0
436;0
437;0
438;2
439;2
440;1
441;0
442;0
443;0
444;0
445;0
446;0
447;0
448;0
449;1
450;0
451;2
452;0
453;0
454;0
455;0
456;0
457;0
458;2
459;0
460;2
461;0
462;0
463;0
464;0
465;0
466;0
467;0
468;0
469;0
470;2
471;2
472;0
473;0
474;0
475;2
476;4
477;0
478;2
479;2
480;2
481;0
482;2
483;0
484;1
485;0
486;0
487;2
488;0
489;0
490;0
491;0
492;0
493;0
494;0
495;0
496;2
497;0
498;0
499;0
500;0
501;0
502;1
503;2
504;2
505;1
506;0
507;2
508;1
509;0
510;0
511;0
512;0
513;1
514;0
515;2
516;1
517;0
518;2
519;0
520;0
521;0
522;0
523;0
524;0
525;0
526;0
527;0
528;0
529;0
530;0
531;0
532;0
533;0
534;1
535;2
536;0
537;0
538;1
539;2
540;0
541;0
542;2
543;0
544;0
545;2
546;0
547;0
548;2
549;2
550;2
551;1
552;0
553;0
554;0
555;0
556;0
557;2
558;2
559;1
560;0
561;2
562;1
563;0
564;0
565;0
566;0
567;0
568;0
569;0
570;0
571;0
572;0
573;2
574;1
575;0
576;1
577;0
578;2
579;0
580;0
581;0
582;0
583;0
584;1
585;0
586;0
587;0
588;0
589;0
590;2
591;0
592;2
593;2
594;0
595;0
596;2
597;0
598;0
599;0
600;0
601;0
602;0
603;0
604;0
605;0
606;1
607;0
608;0
609;1
610;0
611;0
612;0
613;0
614;0
615;2
616;1
617;0
618;0
619;0
620;1
621;0
622;0
623;0
624;0
625;1
626;0
627;2
628;0
629;0
630;0
631;2
632;1
633;0
634;0
635;0
636;0
637;0
638;0
639;2
640;0
641;0
642;2
643;0
644;0
645;0
646;1
647;1
648;0
649;0
650;1
651;1
652;0
653;0
654;0
655;0
656;0
657;0
658;2
659;2
660;0
661;0
662;0
663;0
664;0
665;2
666;0
667;2
668;0
669;0
670;0
671;2
672;0
673;0
674;0
675;0
676;0
677;0
678;0
679;2
680;0
681;1
682;0
683;0
684;0
685;0
686;0
687;1
688;0
689;0
690;0
691;0
692;0
693;0
694;2
695;2
696;0
697;0
698;0
699;0
700;2
701;2
702;1
703;2
704;0
705;0
706;0
707;0
708;0
709;2
710;1
711;0
712;1
713;0
714;0
715;0
716;0
717;2
718;0
719;0
720;0
721;0
722;1
723;0
724;0
725;0
726;0
727;2
728;2
729;0
730;0
731;0
732;0
733;0
734;0
735;0
736;1
737;2
738;1
739;0
740;0
741;0
742;0
743;2
744;0
745;2
746;0
747;0
748;0
749;0
750;2
751;0
752;0
753;2
754;0
755;2
756;0
757;0
758;0
759;2
760;0
761;2
762;2
763;0
764;1
765;0
766;0
767;0
768;2
769;0
770;2
771;0
772;1
773;0
774;0
775;0
776;0
777;0
778;0
779;1
780;0
781;0
782;0
783;0
784;0
785;0
786;0
787;0
788;0
789;0
790;2
791;0
792;0
793;1
794;0
795;0
796;0
797;2
798;0
799;0
800;0
801;1
802;0
803;0
804;0
805;0
806;0
807;1
808;0
809;0
810;0
811;0
812;2
813;2
814;2
815;2
816;2
817;0
818;0
819;0
820;0
821;1
822;0
823;0
824;1
825;0
826;1
827;2
828;2
829;1
830;0
831;0
832;0
833;0
834;1
835;0
836;0
837;0
838;1
839;0
840;0
841;0
842;0
843;0
844;0
845;2
846;2
847;0
848;0
849;2
850;2
851;0
852;2
853;0
854;0
855;0
856;0
857;0
858;2
859;0
860;0
861;0
862;0
863;0
864;0
865;1
866;1
867;0
868;1
869;0
870;0
871;2
872;1
873;0
874;0
875;1
876;0
877;2
878;0
879;1
880;0
881;0
882;0
883;0
884;0
885;0
886;1
887;0
888;0
889;0
890;0
891;0
892;0
893;2
894;0
895;0
896;0
897;0
898;0
899;0
900;0
901;0
902;0
903;0
904;0
905;0
906;0
907;0
908;2
909;0
910;1
911;0
912;0
913;2
914;2
915;2
916;0
917;0
918;1
919;0
920;0
921;0
922;2
923;2
924;0
925;2
926;0
927;0
928;0
929;0
930;0
931;0
932;0
933;2
934;1
935;0
936;0
937;1
938;0
939;0
940;0
941;0
942;0
943;2
944;2
945;0
946;1
947;0
948;0
949;0
950;0
951;0
952;0
953;0
954;0
955;2
956;0
957;0
958;0
959;2
960;0
961;0
962;0
963;0
964;0
965;0
966;0
967;2
968;0
969;0
970;0
971;0
972;1
973;0
974;0
975;0
976;0
977;0
978;2
979;1
980;0
981;2
982;2
983;0
984;2
985;2
986;0
987;1
988;0
989;0
990;0
991;0
992;2
993;2
994;0
995;2
996;2
997;1
998;0
999;0
1000;0
1001;0
1002;0
1003;0
1004;1
1005;0
1006;1
1007;0
1008;2
1009;0
1010;0
1011;0
1012;0
1013;0
1014;0
1015;0
1016;0
1017;0
1018;0
1019;0
1020;0
1021;0
1022;0
1023;0
