0;0
1;0
2;0
3;2
4;2
5;2
6;2
7;2
8;2
9;0
10;2
11;0
12;2
13;0
14;1
15;0
16;0
17;0
18;2
19;1
20;0
21;1
22;1
23;0
24;1
25;2
26;0
27;0
28;2
29;0
30;0
31;0
32;0
33;0
34;0
35;0
36;0
37;0
38;0
39;0
40;0
41;0
42;0
43;1
44;0
45;0
46;0
47;0
48;2
49;0
50;0
51;0
52;0
53;2
54;0
55;0
56;0
57;2
58;0
59;0
60;1
61;0
62;1
63;0
64;2
65;0
66;0
67;0
68;2
69;0
70;0
71;0
72;1
73;0
74;0
75;0
76;2
77;1
78;2
79;0
80;1
81;0
82;0
83;0
84;2
85;0
86;0
87;0
88;2
89;0
90;1
91;0
92;0
93;0
94;0
95;0
96;1
97;0
98;0
99;2
100;2
101;0
102;0
103;1
104;1
105;0
106;0
107;0
108;0
109;0
110;2
111;2
112;1
113;0
114;0
115;2
116;2
117;0
118;2
119;2
120;0
121;0
122;2
123;0
124;2
125;0
126;2
127;0
128;0
129;1
130;0
131;1
132;2
133;0
134;2
135;0
136;0
137;0
138;0
139;0
140;2
141;0
142;0
143;0
144;0
145;0
146;0
147;0
148;0
149;0
150;0
151;0
152;2
153;1
154;0
155;0
156;1
157;2
158;0
159;0
160;0
161;0
162;0
163;1
164;0
165;0
166;0
167;1
168;1
169;2
170;2
171;2
172;2
173;0
174;1
175;0
176;2
177;0
178;0
179;1
180;1
181;0
182;2
183;1
184;2
185;0
186;0
187;0
188;2
189;0
190;0
191;1
192;1
193;0
194;0
195;2
196;0
197;0
198;0
199;0
200;2
201;2
202;0
203;0
204;2
205;0
206;0
207;0
208;0
209;0
210;0
211;0
212;0
213;0
214;0
215;0
216;0
217;0
218;2
219;2
220;1
221;0
222;0
223;2
224;1
225;0
226;0
227;1
228;0
229;0
230;0
231;2
232;1
233;0
234;2
235;0
236;0
237;0
238;2
239;2
240;0
241;1
242;0
243;0
244;0
245;0
246;0
247;1
248;1
249;0
250;0
251;0
252;2
253;1
254;1
255;0
256;0
257;2
258;0
259;2
260;0
261;2
262;0
263;0
264;0
265;0
266;0
267;2
268;1
269;0
270;0
271;0
272;2
273;2
274;2
275;0
276;0
277;0
278;0
279;0
280;1
281;0
282;0
283;0
284;0
285;0
286;0
287;0
288;2
289;0
290;0
291;0
292;0
293;0
294;2
295;0
296;0
297;2
298;0
299;0
300;0
301;0
302;0
303;0
304;0
305;0
306;1
307;0
308;1
309;1
310;0
311;0
312;0
313;2
314;1
315;0
316;1
317;0
318;0
319;2
320;1
321;0
322;0
323;0
324;2
325;1
326;1
327;0
328;1
329;0
330;0
331;0
332;0
333;2
334;2
335;0
336;0
337;0
338;1
339;2
340;1
341;0
342;1
343;0
344;2
345;0
346;1
347;0
348;1
349;0
350;0
351;0
352;0
353;0
354;0
355;2
356;0
357;0
358;2
359;1
360;0
361;0
362;1
363;0
364;4
365;0
366;0
367;2
368;2
369;0
370;2
371;0
372;2
373;1
374;0
375;0
376;0
377;0
378;0
379;0
380;1
381;0
382;0
383;1
384;2
385;2
386;2
387;2
388;0
389;2
390;0
391;0
392;2
393;0
394;0
395;0
396;0
397;0
398;0
399;0
400;0
401;1
402;1
403;0
404;2
405;2
406;1
407;0
408;2
409;2
410;1
411;0
412;0
413;0
414;0
415;0
416;2
417;1
418;2
419;0
420;0
421;0
422;0
423;0
424;0
425;0
426;0
427;0
428;1
429;2
430;0
431;0
432;2
433;0
434;0
435;0
436;0
437;0
438;0
439;0
440;1
441;0
442;0
443;2
444;4
445;2
446;1
447;0
448;0
449;1
450;0
451;0
452;2
453;0
454;0
455;0
456;0
457;0
458;2
459;0
460;2
461;0
462;0
463;2
464;0
465;2
466;2
467;2
468;4
469;0
470;2
471;0
472;1
473;0
474;0
475;0
476;1
477;0
478;2
479;0
480;1
481;2
482;1
483;2
484;2
485;0
486;0
487;0
488;4
489;0
490;0
491;2
492;0
493;0
494;0
495;0
496;2
497;1
498;0
499;0
500;1
501;0
502;0
503;0
504;0
505;1
506;0
507;0
508;0
509;0
510;1
511;0
512;2
513;1
514;0
515;1
516;0
517;0
518;2
519;0
520;1
521;0
522;0
523;2
524;0
525;0
526;1
527;0
528;0
529;2
530;1
531;0
532;0
533;0
534;0
535;2
536;0
537;0
538;0
539;0
540;0
541;0
542;0
543;0
544;2
545;0
546;0
547;0
548;0
549;0
550;0
551;0
552;0
553;2
554;0
555;0
556;0
557;2
558;2
559;2
560;1
561;0
562;0
563;0
564;0
565;0
566;0
567;0
568;1
569;0
570;0
571;0
572;1
573;0
574;0
575;1
576;0
577;0
578;1
579;0
580;0
581;0
582;2
583;2
584;1
585;0
586;0
587;1
588;0
589;2
590;2
591;0
592;0
593;1
594;2
595;0
596;1
597;0
598;2
599;0
600;2
601;0
602;0
603;0
604;0
605;0
606;0
607;0
608;0
609;2
610;2
611;0
612;0
613;0
614;2
615;2
616;0
617;0
618;2
619;1
620;2
621;0
622;2
623;0
624;0
625;0
626;0
627;0
628;0
629;0
630;0
631;0
632;0
633;0
634;1
635;0
636;2
637;0
638;0
639;0
640;0
641;0
642;1
643;0
644;0
645;0
646;0
647;0
648;0
649;2
650;0
651;0
652;0
653;0
654;0
655;0
656;0
657;2
658;2
659;0
660;0
661;0
662;0
663;0
664;2
665;1
666;1
667;0
668;1
669;0
670;0
671;0
672;0
673;2
674;0
675;0
676;0
677;0
678;1
679;0
680;2
681;2
682;2
683;1
684;0
685;1
686;0
687;0
688;4
689;0
690;2
691;2
692;1
693;0
694;0
695;2
696;1
697;0
698;2
699;1
700;0
701;0
702;2
703;0
704;1
705;0
706;0
707;0
708;0
709;0
710;0
711;0
712;2
713;0
714;0
715;0
716;0
717;0
718;0
719;0
720;1
721;0
722;0
723;2
724;2
725;0
726;0
727;1
728;2
729;0
730;2
731;0
732;1
733;0
734;1
735;2
736;0
737;0
738;1
739;2
740;2
741;0
742;2
743;0
744;0
745;0
746;0
747;0
748;2
749;0
750;1
751;0
752;2
753;0
754;0
755;0
756;0
757;0
758;2
759;2
760;0
761;0
762;1
763;0
764;2
765;0
766;1
767;0
768;1
769;0
770;0
771;1
772;2
773;2
774;2
775;2
776;1
777;0
778;2
779;2
780;2
781;0
782;2
783;0
784;0
785;2
786;0
787;0
788;0
789;1
790;2
791;2
792;0
793;2
794;0
795;0
796;0
797;0
798;0
799;2
800;0
801;1
802;0
803;1
804;0
805;0
806;0
807;2
808;2
809;2
810;0
811;0
812;0
813;0
814;0
815;0
816;0
817;0
818;1
819;2
820;0
821;0
822;0
823;0
824;0
825;1
826;0
827;0
828;0
829;1
830;1
831;0
832;2
833;0
834;0
835;0
836;2
837;0
838;0
839;0
840;0
841;0
842;1
843;0
844;0
845;1
846;0
847;0
848;1
849;2
850;0
851;0
852;0
853;0
854;1
855;0
856;2
857;0
858;0
859;2
860;2
861;2
862;0
863;2
864;0
865;0
866;0
867;0
868;0
869;0
870;0
871;1
872;0
873;0
874;0
875;0
876;0
877;0
878;0
879;0
880;2
881;0
882;0
883;0
884;0
885;1
886;0
887;0
888;0
889;2
890;0
891;0
892;0
893;2
894;2
895;2
896;0
897;0
898;2
899;1
900;2
901;0
902;0
903;0
904;1
905;0
906;0
907;0
908;0
909;0
910;0
911;0
912;2
913;0
914;0
915;0
916;0
917;0
918;0
919;2
920;0
921;2
922;0
923;0
924;0
925;0
926;0
927;0
928;0
929;0
930;1
931;0
932;2
933;0
934;0
935;0
936;0
937;0
938;0
939;0
940;0
941;0
942;0
943;0
944;0
945;1
946;2
947;0
948;0
949;0
950;0
951;0
952;2
953;0
954;2
955;0
956;0
957;0
958;0
959;0
960;1
961;0
962;0
963;0
964;0
965;1
966;0
967;0
968;2
969;2
970;2
971;2
972;2
973;0
974;2
975;2
976;2
977;0
978;0
979;1
980;0
981;0
982;0
983;0
984;1
985;1
986;0
987;0
988;4
989;0
990;2
991;2
992;2
993;2
994;2
995;1
996;2
997;0
998;1
999;0
1000;0
1001;2
1002;2
1003;1
1004;0
1005;0
1006;0
1007;0
1008;0
1009;0
1010;0
1011;0
1012;0
1013;1
1014;0
1015;1
1016;0
1017;0
1018;0
1019;0
1020;0
1021;0
1022;0
1023;0
