0;0
1;0
2;0
3;1
4;1
5;0
6;0
7;2
8;2
9;0
10;2
11;1
12;1
13;0
14;2
15;2
16;0
17;0
18;2
19;2
20;2
21;2
22;0
23;2
24;1
25;0
26;0
27;2
28;0
29;0
30;0
31;0
32;0
33;2
34;0
35;0
36;2
37;1
38;0
39;0
40;1
41;0
42;1
43;0
44;2
45;0
46;1
47;0
48;0
49;1
50;1
51;0
52;0
53;0
54;0
55;0
56;1
57;0
58;0
59;1
60;2
61;0
62;0
63;2
64;0
65;0
66;0
67;0
68;0
69;0
70;0
71;0
72;0
73;0
74;0
75;0
76;2
77;2
78;0
79;2
80;2
81;0
82;0
83;0
84;0
85;0
86;0
87;0
88;0
89;1
90;0
91;2
92;2
93;1
94;1
95;0
96;0
97;0
98;0
99;0
100;0
101;0
102;1
103;0
104;0
105;0
106;2
107;1
108;0
109;0
110;0
111;0
112;0
113;2
114;2
115;2
116;2
117;2
118;0
119;0
120;0
121;2
122;1
123;0
124;4
125;0
126;0
127;0
128;0
129;2
130;2
131;2
132;2
133;0
134;0
135;0
136;0
137;0
138;2
139;0
140;2
141;0
142;2
143;0
144;1
145;0
146;0
147;0
148;0
149;1
150;2
151;0
152;2
153;1
154;0
155;0
156;0
157;0
158;0
159;0
160;0
161;2
162;0
163;0
164;1
165;0
166;0
167;1
168;0
169;2
170;2
171;0
172;2
173;0
174;2
175;1
176;0
177;2
178;2
179;0
180;1
181;0
182;1
183;0
184;1
185;0
186;0
187;0
188;0
189;1
190;1
191;0
192;2
193;2
194;1
195;0
196;1
197;0
198;2
199;0
200;1
201;0
202;0
203;2
204;2
205;0
206;2
207;2
208;2
209;0
210;0
211;1
212;4
213;1
214;2
215;0
216;1
217;0
218;0
219;0
220;2
221;0
222;1
223;0
224;0
225;2
226;2
227;1
228;0
229;0
230;0
231;1
232;0
233;0
234;0
235;0
236;0
237;2
238;0
239;0
240;1
241;0
242;0
243;0
244;2
245;1
246;1
247;0
248;0
249;2
250;0
251;2
252;1
253;2
254;0
255;0
256;0
257;0
258;2
259;0
260;0
261;0
262;1
263;0
264;0
265;0
266;2
267;0
268;0
269;0
270;2
271;0
272;0
273;0
274;0
275;1
276;0
277;0
278;0
279;0
280;0
281;0
282;0
283;0
284;1
285;0
286;0
287;0
288;2
289;0
290;0
291;0
292;0
293;0
294;0
295;0
296;0
297;0
298;0
299;1
300;0
301;1
302;0
303;2
304;0
305;0
306;2
307;0
308;0
309;0
310;0
311;0
312;2
313;0
314;2
315;2
316;1
317;0
318;0
319;0
320;0
321;2
322;0
323;0
324;0
325;0
326;0
327;2
328;4
329;0
330;2
331;4
332;2
333;1
334;0
335;2
336;1
337;0
338;2
339;2
340;1
341;0
342;0
343;2
344;2
345;0
346;2
347;1
348;0
349;0
350;2
351;0
352;0
353;0
354;2
355;0
356;0
357;0
358;1
359;0
360;0
361;0
362;0
363;0
364;0
365;0
366;0
367;2
368;2
369;0
370;0
371;2
372;2
373;0
374;0
375;0
376;2
377;0
378;0
379;0
380;0
381;2
382;0
383;0
384;0
385;0
386;1
387;0
388;0
389;2
390;2
391;2
392;0
393;0
394;0
395;0
396;0
397;0
398;0
399;0
400;0
401;0
402;1
403;0
404;0
405;0
406;0
407;0
408;0
409;0
410;2
411;0
412;2
413;2
414;0
415;0
416;2
417;0
418;0
419;0
420;2
421;0
422;1
423;0
424;0
425;0
426;2
427;2
428;2
429;1
430;0
431;2
432;0
433;1
434;0
435;0
436;2
437;1
438;0
439;0
440;0
441;0
442;0
443;0
444;0
445;0
446;0
447;0
448;0
449;2
450;0
451;1
452;0
453;0
454;2
455;2
456;1
457;0
458;2
459;0
460;1
461;0
462;0
463;2
464;2
465;0
466;2
467;2
468;1
469;0
470;2
471;0
472;0
473;0
474;2
475;2
476;2
477;1
478;0
479;0
480;1
481;0
482;2
483;2
484;1
485;0
486;2
487;0
488;0
489;0
490;2
491;2
492;0
493;0
494;0
495;2
496;1
497;0
498;0
499;0
500;0
501;0
502;2
503;2
504;2
505;0
506;2
507;2
508;2
509;1
510;1
511;0
512;0
513;0
514;0
515;0
516;2
517;0
518;0
519;1
520;0
521;1
522;0
523;0
524;1
525;0
526;0
527;0
528;0
529;0
530;0
531;0
532;0
533;0
534;0
535;0
536;0
537;2
538;2
539;1
540;0
541;0
542;0
543;0
544;0
545;0
546;1
547;0
548;0
549;0
550;2
551;2
552;0
553;0
554;1
555;0
556;0
557;0
558;0
559;0
560;1
561;0
562;0
563;0
564;0
565;2
566;1
567;1
568;0
569;0
570;0
571;0
572;0
573;0
574;0
575;0
576;0
577;0
578;1
579;0
580;2
581;2
582;2
583;2
584;0
585;0
586;1
587;0
588;0
589;2
590;2
591;1
592;0
593;0
594;1
595;0
596;0
597;0
598;0
599;0
600;0
601;0
602;0
603;0
604;2
605;2
606;0
607;0
608;1
609;0
610;0
611;0
612;0
613;0
614;0
615;0
616;1
617;0
618;0
619;0
620;1
621;0
622;0
623;0
624;2
625;0
626;0
627;0
628;0
629;0
630;0
631;0
632;2
633;0
634;0
635;0
636;2
637;0
638;1
639;0
640;0
641;0
642;2
643;0
644;1
645;0
646;2
647;2
648;2
649;2
650;0
651;0
652;2
653;1
654;1
655;0
656;1
657;0
658;0
659;0
660;0
661;0
662;0
663;0
664;0
665;0
666;0
667;0
668;2
669;0
670;0
671;2
672;0
673;0
674;0
675;0
676;0
677;0
678;0
679;1
680;0
681;0
682;0
683;0
684;0
685;0
686;0
687;0
688;0
689;0
690;0
691;0
692;0
693;0
694;0
695;0
696;0
697;0
698;0
699;2
700;1
701;0
702;1
703;2
704;2
705;0
706;0
707;0
708;0
709;0
710;0
711;2
712;1
713;0
714;0
715;1
716;0
717;0
718;0
719;0
720;0
721;2
722;0
723;0
724;0
725;0
726;0
727;0
728;0
729;0
730;0
731;1
732;0
733;0
734;0
735;0
736;0
737;2
738;0
739;0
740;0
741;2
742;1
743;0
744;2
745;0
746;2
747;2
748;0
749;1
750;1
751;0
752;0
753;0
754;0
755;0
756;1
757;0
758;0
759;0
760;0
761;0
762;2
763;2
764;0
765;2
766;0
767;0
768;1
769;0
770;0
771;0
772;0
773;2
774;0
775;2
776;0
777;0
778;0
779;0
780;0
781;2
782;4
783;0
784;0
785;0
786;1
787;0
788;0
789;0
790;2
791;0
792;0
793;0
794;0
795;0
796;0
797;0
798;0
799;1
800;0
801;0
802;0
803;0
804;0
805;0
806;0
807;0
808;0
809;0
810;0
811;0
812;2
813;0
814;0
815;2
816;2
817;0
818;2
819;0
820;0
821;0
822;0
823;0
824;0
825;1
826;0
827;0
828;0
829;2
830;2
831;0
832;1
833;1
834;0
835;0
836;2
837;0
838;0
839;1
840;0
841;0
842;0
843;0
844;2
845;2
846;2
847;2
848;2
849;0
850;0
851;0
852;0
853;0
854;1
855;2
856;1
857;0
858;0
859;2
860;2
861;0
862;1
863;0
864;0
865;0
866;1
867;0
868;2
869;0
870;1
871;0
872;0
873;0
874;1
875;0
876;0
877;2
878;2
879;0
880;0
881;0
882;0
883;0
884;1
885;1
886;0
887;0
888;0
889;0
890;0
891;0
892;0
893;1
894;1
895;0
896;0
897;1
898;0
899;0
900;1
901;0
902;0
903;2
904;0
905;0
906;2
907;2
908;1
909;2
910;0
911;0
912;2
913;0
914;0
915;2
916;0
917;0
918;0
919;0
920;0
921;0
922;0
923;0
924;0
925;0
926;0
927;0
928;0
929;1
930;1
931;0
932;0
933;0
934;0
935;1
936;0
937;0
938;1
939;0
940;0
941;1
942;1
943;0
944;0
945;2
946;2
947;1
948;0
949;1
950;1
951;0
952;2
953;2
954;2
955;2
956;0
957;0
958;0
959;0
960;0
961;0
962;0
963;0
964;0
965;0
966;1
967;0
968;0
969;1
970;0
971;0
972;0
973;0
974;2
975;1
976;0
977;0
978;1
979;0
980;0
981;0
982;0
983;0
984;0
985;0
986;2
987;2
988;0
989;0
990;0
991;2
992;0
993;0
994;0
995;0
996;0
997;1
998;0
999;0
1000;0
1001;0
1002;0
1003;0
1004;1
1005;0
1006;0
1007;0
1008;0
1009;0
1010;2
1011;1
1012;0
1013;1
1014;0
1015;0
1016;0
1017;0
1018;0
1019;0
1020;0
1021;0
1022;0
1023;0
