0;1
1;0
2;0
3;2
4;2
5;0
6;0
7;2
8;2
9;2
10;0
11;0
12;2
13;1
14;0
15;0
16;0
17;0
18;0
19;0
20;2
21;0
22;0
23;0
24;0
25;0
26;1
27;1
28;1
29;0
30;0
31;0
32;0
33;0
34;1
35;0
36;0
37;0
38;0
39;0
40;2
41;0
42;1
43;1
44;0
45;1
46;0
47;0
48;0
49;0
50;2
51;2
52;1
53;0
54;0
55;2
56;0
57;0
58;2
59;1
60;0
61;2
62;2
63;0
64;2
65;0
66;0
67;1
68;0
69;0
70;0
71;2
72;1
73;0
74;1
75;0
76;0
77;1
78;0
79;0
80;2
81;0
82;0
83;0
84;0
85;0
86;0
87;0
88;1
89;1
90;0
91;0
92;0
93;0
94;0
95;0
96;0
97;1
98;0
99;0
100;1
101;1
102;0
103;0
104;0
105;0
106;0
107;0
108;0
109;0
110;0
111;0
112;1
113;0
114;0
115;1
116;1
117;0
118;0
119;2
120;2
121;0
122;2
123;2
124;2
125;0
126;0
127;2
128;0
129;2
130;0
131;0
132;0
133;0
134;0
135;0
136;0
137;1
138;0
139;2
140;0
141;0
142;0
143;0
144;0
145;1
146;0
147;1
148;1
149;0
150;2
151;1
152;0
153;0
154;0
155;0
156;2
157;0
158;2
159;0
160;0
161;0
162;1
163;2
164;1
165;0
166;0
167;2
168;2
169;0
170;2
171;0
172;0
173;2
174;2
175;0
176;0
177;0
178;2
179;0
180;1
181;0
182;0
183;2
184;0
185;2
186;0
187;0
188;0
189;0
190;0
191;0
192;0
193;0
194;0
195;0
196;0
197;0
198;2
199;1
200;0
201;0
202;0
203;0
204;0
205;0
206;1
207;0
208;0
209;2
210;1
211;0
212;1
213;0
214;0
215;2
216;0
217;2
218;0
219;0
220;0
221;0
222;0
223;0
224;0
225;0
226;0
227;0
228;0
229;0
230;1
231;0
232;0
233;0
234;0
235;2
236;0
237;0
238;2
239;0
240;2
241;0
242;2
243;0
244;1
245;2
246;0
247;0
248;1
249;0
250;0
251;0
252;2
253;0
254;1
255;0
256;0
257;0
258;0
259;0
260;0
261;1
262;0
263;2
264;2
265;0
266;2
267;2
268;1
269;0
270;0
271;0
272;0
273;0
274;1
275;0
276;0
277;0
278;1
279;0
280;0
281;0
282;1
283;2
284;2
285;0
286;2
287;2
288;0
289;0
290;2
291;0
292;2
293;0
294;0
295;2
296;0
297;0
298;0
299;0
300;2
301;0
302;0
303;2
304;1
305;0
306;0
307;0
308;1
309;0
310;0
311;0
312;1
313;0
314;0
315;0
316;2
317;0
318;2
319;2
320;2
321;2
322;2
323;0
324;0
325;0
326;0
327;0
328;2
329;1
330;1
331;0
332;0
333;0
334;0
335;0
336;1
337;0
338;0
339;1
340;0
341;2
342;0
343;2
344;1
345;0
346;2
347;2
348;2
349;0
350;0
351;2
352;2
353;0
354;2
355;2
356;2
357;0
358;2
359;2
360;2
361;1
362;0
363;0
364;1
365;0
366;0
367;0
368;0
369;2
370;1
371;0
372;2
373;2
374;2
375;2
376;2
377;2
378;1
379;0
380;0
381;2
382;2
383;1
384;0
385;0
386;0
387;0
388;4
389;0
390;2
391;0
392;2
393;0
394;0
395;0
396;4
397;0
398;0
399;0
400;2
401;2
402;0
403;2
404;2
405;0
406;1
407;0
408;0
409;2
410;1
411;0
412;0
413;2
414;0
415;0
416;0
417;0
418;0
419;0
420;0
421;0
422;0
423;0
424;0
425;0
426;2
427;0
428;2
429;0
430;0
431;0
432;0
433;1
434;1
435;0
436;0
437;0
438;0
439;0
440;1
441;0
442;0
443;1
444;0
445;0
446;1
447;0
448;1
449;0
450;2
451;2
452;1
453;0
454;0
455;2
456;2
457;2
458;2
459;2
460;0
461;0
462;0
463;0
464;1
465;0
466;0
467;0
468;1
469;0
470;0
471;2
472;4
473;2
474;2
475;2
476;2
477;0
478;2
479;0
480;1
481;0
482;2
483;2
484;0
485;0
486;0
487;1
488;1
489;0
490;0
491;0
492;1
493;0
494;0
495;2
496;1
497;0
498;0
499;1
500;2
501;0
502;0
503;0
504;2
505;0
506;2
507;0
508;0
509;2
510;2
511;1
512;2
513;0
514;0
515;0
516;1
517;0
518;2
519;0
520;1
521;0
522;0
523;2
524;0
525;0
526;0
527;0
528;2
529;0
530;0
531;0
532;0
533;0
534;1
535;0
536;0
537;2
538;1
539;0
540;0
541;0
542;0
543;0
544;0
545;0
546;1
547;1
548;0
549;2
550;0
551;1
552;0
553;0
554;0
555;2
556;1
557;0
558;0
559;1
560;0
561;0
562;0
563;0
564;0
565;0
566;0
567;0
568;2
569;0
570;0
571;0
572;1
573;0
574;2
575;1
576;1
577;0
578;0
579;1
580;4
581;0
582;2
583;2
584;2
585;0
586;2
587;0
588;2
589;0
590;2
591;0
592;0
593;0
594;0
595;1
596;2
597;1
598;0
599;2
600;2
601;2
602;2
603;2
604;0
605;0
606;1
607;0
608;0
609;0
610;0
611;0
612;0
613;0
614;2
615;2
616;1
617;0
618;0
619;2
620;4
621;0
622;2
623;2
624;2
625;0
626;0
627;0
628;2
629;1
630;1
631;0
632;1
633;0
634;0
635;0
636;0
637;0
638;0
639;0
640;0
641;0
642;0
643;2
644;1
645;0
646;0
647;2
648;4
649;2
650;1
651;0
652;2
653;0
654;0
655;0
656;2
657;0
658;2
659;2
660;0
661;0
662;0
663;0
664;2
665;0
666;0
667;0
668;0
669;0
670;1
671;0
672;2
673;0
674;0
675;0
676;0
677;0
678;0
679;2
680;2
681;0
682;2
683;2
684;0
685;0
686;0
687;0
688;1
689;0
690;2
691;2
692;0
693;0
694;1
695;0
696;1
697;0
698;0
699;2
700;2
701;0
702;0
703;2
704;2
705;0
706;2
707;1
708;0
709;2
710;0
711;0
712;0
713;0
714;0
715;0
716;1
717;1
718;0
719;0
720;0
721;0
722;0
723;0
724;0
725;0
726;2
727;0
728;2
729;0
730;1
731;0
732;0
733;1
734;0
735;1
736;0
737;2
738;0
739;0
740;0
741;2
742;0
743;0
744;0
745;1
746;0
747;1
748;0
749;0
750;1
751;0
752;0
753;0
754;2
755;0
756;0
757;1
758;0
759;0
760;0
761;0
762;0
763;0
764;0
765;0
766;2
767;0
768;0
769;0
770;0
771;0
772;0
773;1
774;0
775;0
776;0
777;0
778;1
779;0
780;1
781;0
782;0
783;2
784;2
785;2
786;2
787;2
788;1
789;0
790;2
791;0
792;0
793;0
794;2
795;0
796;0
797;1
798;0
799;0
800;0
801;0
802;0
803;0
804;1
805;0
806;0
807;0
808;2
809;0
810;2
811;2
812;1
813;0
814;0
815;0
816;1
817;0
818;1
819;0
820;0
821;2
822;0
823;0
824;0
825;0
826;1
827;2
828;2
829;0
830;2
831;2
832;2
833;2
834;0
835;2
836;0
837;0
838;0
839;0
840;0
841;1
842;0
843;0
844;1
845;0
846;2
847;2
848;0
849;0
850;0
851;0
852;2
853;0
854;0
855;0
856;0
857;0
858;0
859;2
860;0
861;0
862;0
863;2
864;0
865;0
866;2
867;2
868;1
869;0
870;0
871;0
872;0
873;0
874;0
875;1
876;1
877;1
878;1
879;0
880;0
881;2
882;0
883;0
884;1
885;0
886;1
887;0
888;2
889;0
890;0
891;0
892;0
893;0
894;2
895;0
896;1
897;0
898;0
899;0
900;2
901;0
902;0
903;2
904;2
905;0
906;2
907;0
908;2
909;0
910;0
911;0
912;0
913;0
914;1
915;2
916;2
917;0
918;1
919;0
920;0
921;0
922;0
923;0
924;2
925;0
926;0
927;2
928;0
929;2
930;2
931;0
932;2
933;0
934;0
935;0
936;0
937;1
938;2
939;2
940;0
941;0
942;2
943;0
944;1
945;0
946;0
947;2
948;0
949;0
950;0
951;0
952;0
953;2
954;2
955;0
956;0
957;0
958;0
959;0
960;0
961;0
962;0
963;0
964;0
965;0
966;0
967;2
968;1
969;0
970;2
971;0
972;2
973;0
974;2
975;0
976;2
977;0
978;2
979;2
980;0
981;0
982;0
983;2
984;2
985;0
986;0
987;1
988;0
989;0
990;1
991;0
992;0
993;0
994;0
995;0
996;2
997;1
998;0
999;0
1000;0
1001;0
1002;0
1003;0
1004;0
1005;0
1006;0
1007;0
1008;0
1009;2
1010;0
1011;0
1012;0
1013;0
1014;1
1015;0
1016;0
1017;0
1018;0
1019;0
1020;0
1021;0
1022;0
1023;0
