0;1
1;0
2;0
3;2
4;2
5;0
6;2
7;1
8;0
9;1
10;2
11;2
12;1
13;0
14;2
15;0
16;0
17;1
18;0
19;1
20;0
21;2
22;0
23;1
24;0
25;0
26;0
27;2
28;2
29;0
30;0
31;0
32;1
33;2
34;2
35;0
36;2
37;1
38;0
39;0
40;1
41;0
42;2
43;2
44;2
45;0
46;1
47;0
48;1
49;2
50;0
51;0
52;2
53;0
54;0
55;0
56;0
57;0
58;0
59;0
60;1
61;1
62;0
63;0
64;0
65;2
66;0
67;0
68;0
69;1
70;0
71;0
72;1
73;0
74;0
75;0
76;2
77;1
78;0
79;2
80;2
81;0
82;0
83;0
84;0
85;0
86;0
87;0
88;1
89;0
90;0
91;2
92;1
93;0
94;1
95;0
96;1
97;0
98;0
99;0
100;0
101;0
102;1
103;0
104;2
105;0
106;0
107;1
108;0
109;0
110;0
111;0
112;0
113;2
114;2
115;2
116;4
117;2
118;0
119;0
120;0
121;0
122;2
123;2
124;2
125;2
126;2
127;0
128;0
129;1
130;0
131;0
132;2
133;2
134;0
135;0
136;0
137;0
138;0
139;0
140;2
141;1
142;0
143;0
144;1
145;0
146;0
147;0
148;0
149;0
150;2
151;0
152;4
153;0
154;0
155;2
156;2
157;0
158;0
159;0
160;2
161;0
162;0
163;0
164;1
165;0
166;0
167;0
168;0
169;1
170;0
171;1
172;0
173;1
174;0
175;0
176;2
177;2
178;2
179;0
180;1
181;0
182;0
183;0
184;1
185;0
186;0
187;0
188;0
189;0
190;2
191;2
192;1
193;0
194;0
195;2
196;4
197;0
198;2
199;0
200;2
201;0
202;0
203;0
204;2
205;2
206;2
207;2
208;2
209;0
210;0
211;0
212;1
213;0
214;2
215;0
216;1
217;2
218;0
219;0
220;2
221;0
222;0
223;0
224;2
225;2
226;2
227;2
228;0
229;0
230;0
231;0
232;0
233;0
234;0
235;0
236;0
237;0
238;0
239;0
240;0
241;2
242;0
243;0
244;2
245;0
246;1
247;0
248;0
249;2
250;0
251;2
252;2
253;1
254;1
255;0
256;0
257;0
258;1
259;0
260;0
261;0
262;1
263;0
264;0
265;0
266;2
267;0
268;0
269;1
270;0
271;0
272;0
273;2
274;1
275;0
276;2
277;0
278;0
279;1
280;0
281;2
282;0
283;0
284;0
285;0
286;0
287;0
288;1
289;2
290;0
291;0
292;0
293;0
294;0
295;0
296;2
297;0
298;0
299;1
300;0
301;1
302;0
303;0
304;0
305;1
306;0
307;0
308;0
309;0
310;0
311;0
312;2
313;0
314;2
315;2
316;1
317;0
318;0
319;2
320;0
321;0
322;0
323;0
324;0
325;0
326;0
327;2
328;2
329;2
330;2
331;2
332;2
333;2
334;2
335;2
336;1
337;0
338;0
339;0
340;2
341;1
342;1
343;2
344;2
345;0
346;0
347;0
348;0
349;0
350;0
351;2
352;0
353;1
354;0
355;2
356;4
357;2
358;2
359;2
360;2
361;0
362;1
363;0
364;2
365;2
366;0
367;0
368;0
369;0
370;0
371;0
372;0
373;0
374;0
375;2
376;0
377;0
378;0
379;0
380;0
381;0
382;0
383;0
384;0
385;0
386;0
387;0
388;0
389;0
390;0
391;0
392;0
393;0
394;2
395;0
396;2
397;0
398;0
399;0
400;4
401;0
402;0
403;0
404;2
405;0
406;0
407;0
408;2
409;0
410;2
411;1
412;2
413;1
414;0
415;2
416;2
417;0
418;0
419;0
420;4
421;1
422;0
423;2
424;2
425;0
426;0
427;0
428;1
429;0
430;0
431;0
432;0
433;1
434;1
435;1
436;0
437;0
438;2
439;2
440;1
441;0
442;0
443;0
444;0
445;0
446;0
447;0
448;1
449;1
450;0
451;0
452;0
453;0
454;0
455;2
456;1
457;0
458;0
459;2
460;2
461;0
462;2
463;2
464;2
465;0
466;2
467;0
468;4
469;0
470;2
471;2
472;2
473;0
474;0
475;0
476;1
477;0
478;0
479;0
480;0
481;0
482;0
483;0
484;1
485;0
486;0
487;0
488;2
489;0
490;0
491;0
492;1
493;0
494;0
495;0
496;1
497;1
498;0
499;0
500;0
501;0
502;0
503;0
504;0
505;0
506;0
507;0
508;2
509;2
510;2
511;2
512;2
513;2
514;0
515;0
516;0
517;2
518;2
519;0
520;0
521;0
522;2
523;2
524;0
525;0
526;0
527;2
528;2
529;0
530;0
531;0
532;1
533;0
534;0
535;0
536;0
537;0
538;1
539;1
540;0
541;0
542;0
543;0
544;1
545;0
546;2
547;0
548;0
549;2
550;2
551;2
552;2
553;2
554;2
555;0
556;0
557;0
558;2
559;2
560;1
561;0
562;0
563;1
564;0
565;0
566;2
567;2
568;2
569;0
570;2
571;0
572;1
573;0
574;0
575;1
576;2
577;0
578;0
579;0
580;1
581;0
582;2
583;2
584;1
585;0
586;0
587;0
588;0
589;0
590;0
591;2
592;0
593;0
594;2
595;1
596;0
597;2
598;1
599;0
600;4
601;0
602;0
603;0
604;0
605;0
606;0
607;0
608;2
609;0
610;0
611;0
612;2
613;0
614;0
615;0
616;2
617;0
618;0
619;0
620;2
621;1
622;0
623;1
624;2
625;1
626;1
627;0
628;1
629;0
630;2
631;2
632;2
633;2
634;0
635;0
636;2
637;1
638;0
639;0
640;0
641;1
642;0
643;0
644;0
645;0
646;0
647;0
648;0
649;0
650;0
651;0
652;0
653;0
654;0
655;2
656;1
657;0
658;2
659;0
660;0
661;0
662;0
663;0
664;1
665;0
666;2
667;0
668;0
669;0
670;0
671;0
672;0
673;0
674;0
675;0
676;2
677;0
678;0
679;0
680;0
681;0
682;0
683;2
684;1
685;0
686;0
687;2
688;1
689;0
690;0
691;0
692;0
693;0
694;0
695;2
696;0
697;2
698;0
699;1
700;0
701;0
702;0
703;0
704;0
705;0
706;0
707;0
708;1
709;0
710;0
711;0
712;0
713;0
714;0
715;0
716;1
717;1
718;0
719;0
720;0
721;0
722;0
723;0
724;0
725;2
726;2
727;0
728;1
729;0
730;0
731;0
732;1
733;0
734;0
735;2
736;2
737;0
738;2
739;2
740;2
741;0
742;2
743;0
744;1
745;0
746;0
747;0
748;0
749;0
750;0
751;0
752;1
753;0
754;0
755;0
756;1
757;0
758;2
759;0
760;1
761;0
762;2
763;2
764;0
765;2
766;0
767;0
768;1
769;0
770;1
771;0
772;2
773;2
774;0
775;2
776;0
777;0
778;0
779;0
780;0
781;0
782;2
783;2
784;0
785;0
786;1
787;0
788;0
789;0
790;2
791;0
792;1
793;0
794;0
795;0
796;0
797;1
798;0
799;0
800;0
801;0
802;0
803;0
804;0
805;0
806;0
807;0
808;0
809;0
810;1
811;0
812;0
813;1
814;0
815;0
816;0
817;2
818;2
819;0
820;1
821;1
822;0
823;0
824;0
825;1
826;0
827;0
828;0
829;0
830;0
831;0
832;2
833;2
834;2
835;2
836;4
837;0
838;0
839;0
840;0
841;0
842;2
843;2
844;1
845;0
846;0
847;2
848;4
849;0
850;2
851;2
852;2
853;0
854;2
855;0
856;2
857;2
858;0
859;0
860;0
861;0
862;0
863;0
864;1
865;0
866;0
867;2
868;2
869;0
870;2
871;2
872;4
873;0
874;2
875;0
876;4
877;0
878;0
879;0
880;4
881;0
882;0
883;0
884;2
885;0
886;0
887;0
888;1
889;0
890;0
891;0
892;0
893;0
894;2
895;0
896;0
897;0
898;0
899;0
900;1
901;1
902;0
903;0
904;0
905;0
906;2
907;0
908;0
909;1
910;1
911;0
912;0
913;1
914;0
915;0
916;1
917;0
918;0
919;2
920;2
921;0
922;1
923;2
924;1
925;1
926;1
927;1
928;1
929;0
930;0
931;2
932;0
933;0
934;0
935;0
936;2
937;0
938;0
939;0
940;2
941;2
942;0
943;0
944;0
945;1
946;0
947;0
948;2
949;0
950;0
951;0
952;0
953;0
954;1
955;0
956;2
957;0
958;1
959;0
960;1
961;2
962;2
963;1
964;0
965;0
966;0
967;0
968;2
969;2
970;2
971;1
972;0
973;0
974;0
975;0
976;1
977;0
978;0
979;0
980;0
981;1
982;0
983;0
984;1
985;1
986;0
987;0
988;1
989;2
990;0
991;2
992;2
993;0
994;0
995;0
996;1
997;0
998;0
999;0
1000;0
1001;0
1002;0
1003;2
1004;1
1005;0
1006;0
1007;2
1008;0
1009;0
1010;0
1011;0
1012;0
1013;0
1014;0
1015;1
1016;0
1017;0
1018;0
1019;0
1020;0
1021;0
1022;0
1023;0
