0;0
1;0
2;0
3;0
4;2
5;0
6;2
7;2
8;2
9;4
10;2
11;0
12;1
13;0
14;1
15;0
16;2
17;1
18;0
19;0
20;0
21;2
22;0
23;2
24;1
25;0
26;1
27;0
28;0
29;0
30;0
31;0
32;1
33;2
34;0
35;0
36;2
37;1
38;1
39;0
40;1
41;0
42;0
43;0
44;2
45;0
46;0
47;0
48;0
49;2
50;0
51;0
52;2
53;0
54;0
55;0
56;0
57;1
58;1
59;0
60;1
61;0
62;0
63;1
64;0
65;0
66;0
67;0
68;0
69;0
70;0
71;0
72;0
73;0
74;0
75;0
76;0
77;2
78;2
79;0
80;2
81;0
82;0
83;2
84;0
85;0
86;0
87;0
88;1
89;0
90;0
91;0
92;0
93;0
94;1
95;0
96;0
97;0
98;0
99;0
100;0
101;0
102;1
103;0
104;0
105;0
106;0
107;1
108;0
109;0
110;0
111;0
112;0
113;0
114;0
115;1
116;1
117;2
118;0
119;0
120;2
121;0
122;2
123;2
124;2
125;0
126;0
127;0
128;0
129;1
130;0
131;0
132;0
133;0
134;0
135;0
136;0
137;0
138;0
139;0
140;2
141;0
142;2
143;0
144;2
145;0
146;0
147;0
148;0
149;1
150;0
151;0
152;2
153;0
154;1
155;0
156;0
157;0
158;1
159;0
160;0
161;0
162;0
163;0
164;0
165;0
166;2
167;1
168;0
169;0
170;0
171;1
172;0
173;0
174;1
175;0
176;0
177;2
178;2
179;0
180;2
181;1
182;0
183;0
184;0
185;0
186;0
187;0
188;2
189;1
190;1
191;0
192;1
193;0
194;0
195;0
196;2
197;2
198;0
199;0
200;1
201;0
202;0
203;2
204;4
205;0
206;0
207;1
208;1
209;0
210;2
211;0
212;2
213;0
214;2
215;0
216;1
217;2
218;0
219;0
220;2
221;0
222;0
223;0
224;0
225;2
226;2
227;0
228;0
229;0
230;0
231;1
232;0
233;2
234;0
235;0
236;0
237;2
238;0
239;0
240;0
241;2
242;0
243;0
244;2
245;0
246;0
247;0
248;0
249;2
250;0
251;2
252;1
253;1
254;1
255;0
256;0
257;0
258;2
259;0
260;0
261;0
262;1
263;0
264;0
265;0
266;0
267;0
268;0
269;0
270;2
271;0
272;0
273;2
274;2
275;1
276;2
277;0
278;0
279;0
280;2
281;0
282;0
283;0
284;0
285;0
286;0
287;0
288;2
289;0
290;0
291;0
292;0
293;0
294;1
295;0
296;2
297;0
298;0
299;1
300;0
301;1
302;0
303;0
304;0
305;0
306;1
307;0
308;0
309;0
310;0
311;0
312;0
313;2
314;0
315;2
316;1
317;0
318;0
319;0
320;0
321;0
322;0
323;0
324;0
325;2
326;0
327;2
328;1
329;0
330;2
331;1
332;0
333;1
334;0
335;0
336;1
337;0
338;0
339;0
340;0
341;0
342;0
343;2
344;2
345;2
346;2
347;2
348;2
349;0
350;2
351;0
352;1
353;0
354;2
355;0
356;0
357;0
358;0
359;0
360;0
361;0
362;0
363;0
364;0
365;1
366;0
367;2
368;0
369;1
370;0
371;2
372;2
373;0
374;2
375;0
376;2
377;0
378;0
379;0
380;0
381;1
382;0
383;0
384;0
385;0
386;1
387;0
388;0
389;0
390;2
391;2
392;0
393;0
394;0
395;0
396;0
397;0
398;1
399;0
400;0
401;0
402;2
403;0
404;0
405;2
406;0
407;0
408;0
409;0
410;2
411;0
412;2
413;2
414;0
415;0
416;2
417;0
418;0
419;0
420;2
421;0
422;1
423;0
424;2
425;0
426;1
427;1
428;2
429;1
430;2
431;0
432;1
433;2
434;0
435;0
436;2
437;2
438;0
439;0
440;2
441;0
442;1
443;0
444;0
445;0
446;0
447;0
448;0
449;0
450;0
451;1
452;0
453;0
454;2
455;2
456;1
457;0
458;0
459;1
460;0
461;0
462;0
463;0
464;2
465;0
466;2
467;2
468;2
469;0
470;2
471;0
472;2
473;0
474;2
475;2
476;0
477;1
478;0
479;2
480;2
481;0
482;2
483;0
484;1
485;0
486;0
487;0
488;0
489;2
490;1
491;0
492;0
493;0
494;2
495;2
496;1
497;0
498;0
499;0
500;2
501;0
502;0
503;2
504;2
505;0
506;0
507;0
508;0
509;0
510;0
511;0
512;0
513;0
514;0
515;0
516;2
517;0
518;0
519;0
520;0
521;0
522;0
523;0
524;1
525;1
526;0
527;0
528;0
529;0
530;0
531;0
532;2
533;0
534;0
535;0
536;2
537;2
538;1
539;0
540;2
541;2
542;0
543;0
544;0
545;2
546;2
547;0
548;0
549;0
550;2
551;2
552;0
553;0
554;2
555;0
556;2
557;0
558;0
559;0
560;1
561;0
562;0
563;0
564;0
565;0
566;1
567;2
568;0
569;0
570;0
571;0
572;1
573;0
574;2
575;0
576;0
577;2
578;1
579;1
580;2
581;1
582;0
583;2
584;0
585;1
586;0
587;0
588;0
589;1
590;0
591;2
592;1
593;0
594;1
595;0
596;0
597;0
598;2
599;1
600;0
601;0
602;0
603;0
604;2
605;2
606;0
607;2
608;0
609;0
610;0
611;2
612;0
613;0
614;0
615;0
616;0
617;0
618;0
619;0
620;1
621;0
622;0
623;0
624;0
625;0
626;0
627;0
628;2
629;0
630;0
631;0
632;1
633;0
634;0
635;0
636;2
637;0
638;0
639;0
640;0
641;0
642;0
643;0
644;0
645;0
646;1
647;0
648;2
649;2
650;0
651;0
652;2
653;0
654;0
655;0
656;0
657;1
658;0
659;0
660;0
661;0
662;0
663;0
664;0
665;0
666;0
667;0
668;2
669;0
670;0
671;0
672;0
673;0
674;0
675;0
676;0
677;0
678;1
679;0
680;0
681;0
682;2
683;0
684;0
685;0
686;0
687;2
688;1
689;0
690;0
691;2
692;0
693;0
694;0
695;0
696;0
697;0
698;0
699;2
700;2
701;0
702;1
703;1
704;0
705;0
706;0
707;0
708;0
709;2
710;0
711;0
712;0
713;0
714;0
715;0
716;0
717;0
718;0
719;0
720;1
721;0
722;0
723;0
724;1
725;1
726;0
727;0
728;0
729;0
730;0
731;1
732;0
733;0
734;0
735;2
736;0
737;2
738;0
739;0
740;0
741;0
742;0
743;0
744;2
745;2
746;0
747;2
748;0
749;0
750;2
751;0
752;0
753;0
754;0
755;0
756;1
757;0
758;0
759;0
760;0
761;0
762;1
763;0
764;0
765;0
766;0
767;0
768;1
769;0
770;2
771;0
772;0
773;2
774;0
775;2
776;0
777;1
778;0
779;0
780;0
781;2
782;2
783;2
784;1
785;0
786;0
787;0
788;0
789;0
790;2
791;0
792;0
793;0
794;0
795;0
796;0
797;1
798;2
799;0
800;0
801;0
802;0
803;1
804;0
805;0
806;0
807;0
808;0
809;0
810;2
811;1
812;0
813;0
814;0
815;2
816;2
817;0
818;2
819;2
820;2
821;0
822;2
823;0
824;0
825;1
826;0
827;1
828;2
829;0
830;2
831;0
832;1
833;2
834;0
835;0
836;1
837;1
838;0
839;0
840;0
841;0
842;0
843;0
844;2
845;2
846;2
847;1
848;0
849;0
850;0
851;2
852;0
853;2
854;1
855;0
856;0
857;0
858;1
859;2
860;2
861;0
862;0
863;0
864;0
865;0
866;1
867;0
868;0
869;1
870;1
871;0
872;0
873;0
874;0
875;0
876;0
877;1
878;2
879;0
880;0
881;2
882;0
883;0
884;1
885;1
886;2
887;0
888;1
889;0
890;0
891;0
892;0
893;1
894;1
895;0
896;0
897;1
898;0
899;1
900;1
901;0
902;0
903;0
904;0
905;2
906;2
907;2
908;1
909;1
910;0
911;2
912;2
913;0
914;0
915;0
916;0
917;0
918;0
919;0
920;0
921;0
922;0
923;0
924;2
925;2
926;1
927;0
928;0
929;0
930;1
931;0
932;0
933;2
934;0
935;1
936;0
937;2
938;1
939;0
940;1
941;0
942;0
943;0
944;0
945;2
946;2
947;2
948;2
949;0
950;1
951;0
952;0
953;2
954;2
955;2
956;2
957;0
958;0
959;0
960;0
961;0
962;0
963;0
964;0
965;1
966;1
967;0
968;0
969;1
970;0
971;1
972;0
973;2
974;1
975;0
976;0
977;0
978;1
979;0
980;0
981;0
982;0
983;0
984;0
985;0
986;2
987;0
988;1
989;0
990;0
991;2
992;0
993;0
994;0
995;1
996;0
997;1
998;0
999;0
1000;0
1001;0
1002;0
1003;0
1004;1
1005;0
1006;0
1007;0
1008;0
1009;0
1010;2
1011;1
1012;0
1013;1
1014;1
1015;0
1016;0
1017;0
1018;0
1019;0
1020;0
1021;0
1022;0
1023;0
