0;0
1;0
2;0
3;2
4;4
5;0
6;2
7;2
8;2
9;1
10;2
11;0
12;2
13;1
14;1
15;0
16;0
17;2
18;0
19;2
20;2
21;2
22;0
23;2
24;0
25;0
26;0
27;0
28;2
29;0
30;0
31;0
32;1
33;2
34;2
35;0
36;2
37;1
38;1
39;0
40;1
41;0
42;0
43;0
44;2
45;0
46;2
47;0
48;0
49;2
50;0
51;0
52;0
53;0
54;0
55;0
56;0
57;0
58;0
59;0
60;2
61;0
62;0
63;0
64;0
65;0
66;0
67;0
68;0
69;0
70;0
71;0
72;0
73;0
74;2
75;0
76;0
77;1
78;0
79;0
80;0
81;0
82;0
83;0
84;0
85;0
86;0
87;0
88;0
89;0
90;0
91;2
92;2
93;0
94;2
95;0
96;0
97;0
98;2
99;0
100;0
101;0
102;0
103;2
104;1
105;0
106;0
107;0
108;1
109;0
110;1
111;0
112;2
113;0
114;2
115;0
116;1
117;0
118;2
119;0
120;2
121;0
122;0
123;0
124;0
125;0
126;2
127;2
128;0
129;1
130;0
131;0
132;0
133;2
134;2
135;2
136;1
137;0
138;0
139;0
140;2
141;0
142;2
143;0
144;0
145;0
146;0
147;0
148;2
149;0
150;0
151;0
152;0
153;0
154;1
155;0
156;0
157;0
158;2
159;0
160;1
161;0
162;0
163;2
164;4
165;0
166;2
167;2
168;4
169;0
170;2
171;0
172;2
173;0
174;0
175;0
176;2
177;2
178;2
179;0
180;0
181;0
182;2
183;0
184;0
185;0
186;0
187;0
188;1
189;0
190;0
191;0
192;0
193;0
194;2
195;2
196;0
197;2
198;2
199;0
200;0
201;2
202;2
203;0
204;2
205;0
206;2
207;0
208;0
209;0
210;1
211;0
212;0
213;0
214;1
215;0
216;2
217;0
218;0
219;2
220;1
221;0
222;0
223;2
224;2
225;0
226;2
227;1
228;0
229;0
230;2
231;0
232;2
233;0
234;0
235;0
236;0
237;0
238;0
239;0
240;2
241;0
242;2
243;0
244;1
245;0
246;2
247;0
248;0
249;2
250;1
251;0
252;0
253;0
254;0
255;2
256;1
257;0
258;0
259;0
260;0
261;2
262;0
263;0
264;0
265;0
266;0
267;0
268;0
269;0
270;0
271;0
272;0
273;0
274;1
275;2
276;2
277;1
278;1
279;0
280;0
281;1
282;0
283;0
284;0
285;0
286;1
287;0
288;0
289;0
290;2
291;0
292;0
293;2
294;0
295;0
296;0
297;2
298;2
299;0
300;2
301;0
302;2
303;0
304;0
305;0
306;0
307;0
308;0
309;0
310;1
311;0
312;2
313;0
314;0
315;0
316;0
317;1
318;0
319;0
320;2
321;0
322;0
323;1
324;0
325;1
326;0
327;0
328;0
329;1
330;0
331;0
332;0
333;0
334;0
335;0
336;0
337;0
338;0
339;2
340;1
341;0
342;0
343;0
344;0
345;2
346;2
347;0
348;0
349;0
350;0
351;2
352;0
353;2
354;2
355;2
356;2
357;2
358;2
359;1
360;0
361;0
362;0
363;0
364;1
365;1
366;0
367;0
368;0
369;0
370;0
371;0
372;0
373;0
374;0
375;2
376;0
377;0
378;0
379;2
380;2
381;0
382;2
383;2
384;2
385;0
386;2
387;0
388;0
389;2
390;0
391;2
392;0
393;2
394;2
395;0
396;2
397;0
398;1
399;2
400;0
401;0
402;0
403;0
404;1
405;0
406;0
407;0
408;0
409;0
410;2
411;2
412;1
413;0
414;0
415;2
416;1
417;2
418;2
419;2
420;0
421;0
422;2
423;0
424;2
425;0
426;2
427;0
428;0
429;2
430;2
431;0
432;2
433;0
434;0
435;0
436;2
437;0
438;0
439;0
440;2
441;2
442;0
443;0
444;0
445;0
446;2
447;0
448;1
449;0
450;0
451;0
452;1
453;1
454;0
455;0
456;2
457;1
458;0
459;2
460;2
461;0
462;2
463;0
464;0
465;0
466;0
467;0
468;1
469;0
470;0
471;0
472;0
473;0
474;2
475;2
476;1
477;0
478;0
479;0
480;1
481;0
482;0
483;0
484;0
485;2
486;0
487;0
488;0
489;0
490;0
491;2
492;0
493;0
494;0
495;2
496;1
497;0
498;2
499;2
500;2
501;0
502;0
503;2
504;2
505;0
506;0
507;0
508;1
509;2
510;2
511;0
512;0
513;0
514;1
515;2
516;1
517;0
518;0
519;0
520;2
521;0
522;2
523;2
524;2
525;0
526;2
527;0
528;2
529;0
530;2
531;0
532;0
533;0
534;1
535;0
536;0
537;0
538;1
539;0
540;1
541;2
542;0
543;0
544;2
545;0
546;0
547;0
548;1
549;2
550;0
551;0
552;0
553;0
554;0
555;0
556;0
557;0
558;0
559;0
560;2
561;0
562;0
563;1
564;0
565;2
566;0
567;0
568;0
569;2
570;2
571;0
572;0
573;0
574;0
575;2
576;0
577;0
578;2
579;0
580;0
581;0
582;0
583;0
584;1
585;0
586;0
587;0
588;0
589;0
590;0
591;1
592;0
593;1
594;0
595;0
596;1
597;0
598;2
599;0
600;0
601;0
602;0
603;0
604;1
605;0
606;0
607;0
608;4
609;0
610;1
611;0
612;2
613;0
614;2
615;0
616;2
617;2
618;2
619;0
620;0
621;0
622;2
623;1
624;0
625;1
626;2
627;2
628;2
629;0
630;2
631;0
632;0
633;0
634;0
635;0
636;0
637;2
638;2
639;0
640;2
641;2
642;0
643;0
644;1
645;0
646;0
647;0
648;0
649;0
650;0
651;0
652;0
653;0
654;0
655;0
656;1
657;0
658;0
659;0
660;0
661;0
662;0
663;0
664;2
665;2
666;0
667;0
668;2
669;0
670;0
671;0
672;0
673;0
674;2
675;0
676;0
677;0
678;0
679;0
680;0
681;0
682;0
683;0
684;2
685;2
686;0
687;2
688;2
689;1
690;1
691;0
692;0
693;1
694;0
695;0
696;0
697;0
698;0
699;0
700;0
701;0
702;0
703;0
704;0
705;0
706;0
707;2
708;1
709;0
710;0
711;0
712;0
713;0
714;2
715;0
716;2
717;0
718;0
719;0
720;0
721;1
722;0
723;0
724;0
725;0
726;2
727;2
728;1
729;2
730;0
731;0
732;0
733;0
734;0
735;2
736;2
737;0
738;1
739;1
740;0
741;0
742;0
743;0
744;0
745;0
746;0
747;0
748;0
749;1
750;1
751;0
752;0
753;0
754;0
755;0
756;0
757;0
758;0
759;0
760;0
761;0
762;0
763;0
764;0
765;0
766;1
767;0
768;0
769;0
770;2
771;0
772;0
773;0
774;0
775;2
776;0
777;0
778;0
779;0
780;2
781;0
782;0
783;2
784;0
785;0
786;2
787;0
788;0
789;0
790;0
791;0
792;1
793;0
794;2
795;0
796;0
797;0
798;1
799;0
800;0
801;0
802;0
803;0
804;1
805;0
806;0
807;0
808;0
809;2
810;0
811;2
812;0
813;1
814;0
815;0
816;0
817;2
818;1
819;0
820;0
821;0
822;0
823;2
824;1
825;0
826;2
827;2
828;1
829;0
830;2
831;2
832;2
833;0
834;0
835;2
836;1
837;0
838;0
839;0
840;0
841;0
842;0
843;0
844;2
845;0
846;0
847;1
848;0
849;0
850;1
851;0
852;0
853;0
854;0
855;0
856;0
857;0
858;0
859;0
860;0
861;1
862;0
863;0
864;0
865;2
866;2
867;0
868;0
869;2
870;2
871;0
872;2
873;0
874;0
875;0
876;0
877;0
878;0
879;0
880;2
881;2
882;2
883;2
884;0
885;0
886;2
887;2
888;1
889;0
890;0
891;2
892;4
893;0
894;0
895;2
896;0
897;0
898;2
899;0
900;2
901;2
902;2
903;0
904;1
905;0
906;0
907;2
908;2
909;0
910;2
911;0
912;0
913;0
914;2
915;0
916;0
917;0
918;2
919;0
920;0
921;1
922;0
923;1
924;2
925;2
926;1
927;2
928;0
929;0
930;0
931;0
932;1
933;2
934;0
935;0
936;0
937;0
938;2
939;0
940;0
941;1
942;1
943;0
944;0
945;1
946;0
947;0
948;0
949;0
950;0
951;0
952;0
953;0
954;2
955;2
956;1
957;2
958;0
959;0
960;0
961;0
962;0
963;2
964;0
965;0
966;1
967;0
968;2
969;0
970;0
971;0
972;2
973;2
974;0
975;0
976;0
977;0
978;2
979;0
980;0
981;0
982;0
983;1
984;0
985;0
986;1
987;0
988;2
989;0
990;2
991;0
992;0
993;2
994;0
995;1
996;0
997;0
998;2
999;0
1000;0
1001;2
1002;2
1003;1
1004;0
1005;0
1006;0
1007;0
1008;0
1009;0
1010;0
1011;0
1012;0
1013;1
1014;1
1015;1
1016;0
1017;0
1018;0
1019;0
1020;0
1021;0
1022;0
1023;0
