0;2
1;0
2;0
3;0
4;1
5;0
6;2
7;1
8;0
9;0
10;0
11;0
12;2
13;0
14;0
15;0
16;0
17;2
18;2
19;2
20;0
21;0
22;0
23;1
24;0
25;0
26;0
27;2
28;0
29;0
30;0
31;2
32;0
33;0
34;0
35;0
36;0
37;0
38;0
39;0
40;1
41;0
42;0
43;0
44;2
45;0
46;0
47;0
48;0
49;0
50;0
51;0
52;0
53;0
54;2
55;0
56;0
57;1
58;0
59;2
60;1
61;0
62;0
63;0
64;0
65;0
66;2
67;0
68;1
69;0
70;1
71;0
72;0
73;0
74;0
75;0
76;0
77;0
78;0
79;1
80;0
81;0
82;2
83;1
84;1
85;1
86;0
87;0
88;0
89;2
90;2
91;2
92;0
93;2
94;2
95;0
96;2
97;2
98;0
99;2
100;2
101;0
102;0
103;0
104;0
105;0
106;0
107;0
108;0
109;0
110;0
111;0
112;4
113;0
114;2
115;0
116;0
117;0
118;0
119;0
120;2
121;0
122;2
123;0
124;1
125;0
126;0
127;0
128;2
129;0
130;2
131;0
132;2
133;0
134;0
135;0
136;0
137;2
138;0
139;2
140;1
141;0
142;2
143;0
144;0
145;0
146;0
147;0
148;0
149;0
150;2
151;2
152;0
153;0
154;1
155;0
156;0
157;0
158;0
159;2
160;4
161;0
162;2
163;2
164;2
165;0
166;2
167;0
168;1
169;0
170;1
171;0
172;1
173;0
174;0
175;0
176;0
177;0
178;0
179;2
180;0
181;0
182;0
183;2
184;2
185;1
186;0
187;2
188;2
189;1
190;0
191;2
192;0
193;0
194;0
195;1
196;2
197;1
198;1
199;1
200;2
201;0
202;2
203;0
204;0
205;0
206;0
207;0
208;0
209;0
210;0
211;0
212;0
213;0
214;0
215;2
216;1
217;0
218;0
219;0
220;0
221;2
222;2
223;2
224;0
225;0
226;0
227;0
228;0
229;1
230;1
231;0
232;0
233;1
234;0
235;0
236;2
237;2
238;1
239;4
240;0
241;1
242;0
243;0
244;1
245;0
246;2
247;2
248;0
249;0
250;0
251;2
252;4
253;0
254;2
255;2
256;2
257;0
258;0
259;0
260;1
261;0
262;0
263;1
264;0
265;0
266;0
267;0
268;0
269;0
270;0
271;0
272;2
273;1
274;1
275;0
276;0
277;0
278;0
279;0
280;0
281;1
282;0
283;0
284;4
285;0
286;0
287;0
288;0
289;0
290;0
291;0
292;2
293;2
294;0
295;0
296;2
297;2
298;0
299;0
300;0
301;0
302;0
303;0
304;0
305;0
306;0
307;0
308;0
309;0
310;0
311;0
312;0
313;0
314;0
315;0
316;0
317;1
318;0
319;0
320;0
321;0
322;0
323;0
324;0
325;0
326;0
327;0
328;0
329;0
330;0
331;0
332;2
333;0
334;0
335;0
336;2
337;0
338;0
339;0
340;0
341;0
342;0
343;0
344;1
345;0
346;0
347;0
348;0
349;0
350;0
351;0
352;2
353;0
354;0
355;0
356;0
357;2
358;0
359;0
360;0
361;2
362;1
363;0
364;2
365;0
366;2
367;0
368;2
369;2
370;1
371;0
372;1
373;0
374;1
375;0
376;2
377;1
378;0
379;0
380;0
381;0
382;0
383;2
384;1
385;0
386;0
387;0
388;0
389;2
390;2
391;2
392;4
393;1
394;0
395;0
396;0
397;0
398;0
399;2
400;1
401;0
402;0
403;2
404;2
405;0
406;2
407;1
408;0
409;0
410;2
411;0
412;0
413;0
414;0
415;0
416;2
417;0
418;0
419;0
420;0
421;0
422;2
423;2
424;2
425;0
426;0
427;0
428;2
429;0
430;1
431;0
432;2
433;0
434;2
435;0
436;2
437;0
438;0
439;0
440;1
441;2
442;0
443;0
444;0
445;0
446;2
447;2
448;1
449;0
450;0
451;1
452;2
453;0
454;0
455;2
456;0
457;0
458;2
459;2
460;1
461;0
462;0
463;2
464;4
465;0
466;2
467;2
468;0
469;0
470;0
471;0
472;4
473;0
474;0
475;2
476;1
477;0
478;0
479;0
480;2
481;0
482;0
483;0
484;2
485;0
486;1
487;0
488;0
489;2
490;0
491;0
492;1
493;0
494;0
495;0
496;1
497;0
498;0
499;2
500;4
501;1
502;0
503;2
504;2
505;0
506;2
507;0
508;4
509;0
510;0
511;0
512;0
513;0
514;0
515;0
516;1
517;0
518;0
519;0
520;0
521;0
522;0
523;1
524;0
525;0
526;2
527;0
528;0
529;0
530;0
531;0
532;0
533;0
534;0
535;0
536;2
537;0
538;0
539;2
540;0
541;0
542;0
543;0
544;0
545;1
546;0
547;2
548;2
549;2
550;0
551;2
552;0
553;0
554;0
555;1
556;0
557;0
558;0
559;0
560;0
561;0
562;2
563;2
564;0
565;0
566;0
567;0
568;0
569;0
570;2
571;0
572;2
573;1
574;0
575;1
576;0
577;2
578;0
579;0
580;2
581;0
582;2
583;0
584;0
585;2
586;0
587;1
588;0
589;0
590;0
591;0
592;0
593;0
594;0
595;0
596;1
597;0
598;2
599;0
600;0
601;1
602;0
603;0
604;0
605;0
606;0
607;0
608;0
609;0
610;0
611;0
612;0
613;0
614;0
615;0
616;0
617;0
618;0
619;0
620;0
621;0
622;0
623;0
624;2
625;0
626;2
627;0
628;1
629;0
630;0
631;2
632;2
633;0
634;0
635;2
636;2
637;0
638;1
639;0
640;0
641;2
642;0
643;0
644;1
645;0
646;2
647;2
648;1
649;0
650;0
651;2
652;4
653;0
654;2
655;1
656;0
657;0
658;0
659;0
660;2
661;0
662;0
663;0
664;2
665;0
666;2
667;0
668;0
669;0
670;0
671;2
672;1
673;2
674;1
675;0
676;2
677;1
678;0
679;0
680;0
681;0
682;0
683;0
684;0
685;0
686;0
687;0
688;0
689;0
690;0
691;0
692;0
693;0
694;0
695;0
696;0
697;0
698;0
699;0
700;2
701;0
702;0
703;0
704;2
705;0
706;0
707;0
708;0
709;0
710;2
711;1
712;0
713;0
714;0
715;0
716;1
717;0
718;0
719;0
720;1
721;0
722;0
723;0
724;0
725;0
726;0
727;0
728;0
729;0
730;0
731;0
732;0
733;0
734;0
735;2
736;2
737;1
738;0
739;0
740;0
741;0
742;0
743;2
744;1
745;2
746;0
747;0
748;0
749;2
750;0
751;0
752;2
753;0
754;2
755;0
756;0
757;0
758;0
759;0
760;0
761;0
762;0
763;2
764;1
765;0
766;0
767;2
768;4
769;0
770;0
771;2
772;2
773;0
774;2
775;0
776;1
777;0
778;0
779;1
780;0
781;0
782;2
783;2
784;0
785;0
786;0
787;1
788;0
789;2
790;1
791;0
792;2
793;2
794;0
795;1
796;0
797;0
798;1
799;0
800;1
801;0
802;0
803;0
804;1
805;0
806;0
807;1
808;0
809;0
810;0
811;0
812;0
813;2
814;2
815;2
816;1
817;0
818;0
819;0
820;0
821;2
822;2
823;0
824;2
825;0
826;0
827;0
828;0
829;2
830;0
831;0
832;2
833;0
834;0
835;0
836;0
837;0
838;0
839;0
840;2
841;2
842;0
843;0
844;0
845;0
846;2
847;1
848;2
849;0
850;2
851;2
852;2
853;2
854;2
855;2
856;2
857;0
858;2
859;0
860;0
861;0
862;0
863;0
864;1
865;2
866;1
867;0
868;2
869;0
870;2
871;0
872;1
873;0
874;0
875;0
876;0
877;0
878;0
879;0
880;2
881;1
882;0
883;2
884;0
885;0
886;0
887;0
888;1
889;1
890;0
891;0
892;2
893;0
894;0
895;0
896;1
897;0
898;1
899;0
900;1
901;2
902;2
903;0
904;0
905;0
906;1
907;0
908;1
909;0
910;0
911;2
912;2
913;0
914;0
915;2
916;2
917;0
918;2
919;2
920;2
921;2
922;2
923;0
924;1
925;0
926;0
927;0
928;4
929;0
930;0
931;0
932;0
933;0
934;0
935;0
936;1
937;0
938;1
939;0
940;1
941;0
942;0
943;0
944;1
945;0
946;0
947;0
948;0
949;1
950;2
951;0
952;1
953;0
954;0
955;0
956;0
957;1
958;0
959;0
960;0
961;1
962;2
963;0
964;1
965;0
966;0
967;0
968;2
969;2
970;2
971;2
972;1
973;1
974;0
975;0
976;1
977;2
978;0
979;0
980;2
981;0
982;2
983;0
984;0
985;0
986;0
987;0
988;0
989;0
990;0
991;0
992;2
993;0
994;0
995;2
996;1
997;0
998;0
999;1
1000;0
1001;2
1002;0
1003;1
1004;0
1005;0
1006;0
1007;0
1008;1
1009;0
1010;2
1011;2
1012;0
1013;0
1014;0
1015;1
1016;0
1017;0
1018;0
1019;0
1020;0
1021;0
1022;0
1023;0
