0;1
1;0
2;0
3;2
4;2
5;0
6;2
7;1
8;0
9;1
10;2
11;1
12;1
13;0
14;1
15;0
16;0
17;2
18;2
19;1
20;0
21;2
22;0
23;2
24;1
25;0
26;0
27;0
28;2
29;0
30;0
31;0
32;1
33;2
34;1
35;0
36;1
37;0
38;1
39;0
40;1
41;0
42;1
43;0
44;1
45;0
46;1
47;0
48;2
49;2
50;0
51;0
52;2
53;0
54;0
55;0
56;0
57;0
58;0
59;0
60;1
61;1
62;0
63;2
64;0
65;0
66;0
67;0
68;0
69;0
70;0
71;0
72;1
73;0
74;0
75;0
76;2
77;2
78;2
79;2
80;2
81;0
82;2
83;2
84;0
85;0
86;0
87;0
88;1
89;0
90;0
91;2
92;2
93;0
94;1
95;0
96;1
97;2
98;0
99;0
100;0
101;0
102;1
103;0
104;2
105;0
106;0
107;0
108;0
109;0
110;2
111;0
112;0
113;2
114;0
115;1
116;0
117;2
118;0
119;0
120;0
121;2
122;0
123;2
124;2
125;0
126;0
127;0
128;0
129;2
130;1
131;1
132;0
133;0
134;0
135;0
136;0
137;0
138;0
139;0
140;2
141;0
142;2
143;0
144;1
145;0
146;0
147;0
148;0
149;0
150;1
151;0
152;4
153;0
154;1
155;0
156;2
157;0
158;1
159;0
160;2
161;0
162;0
163;0
164;1
165;0
166;0
167;0
168;1
169;0
170;2
171;2
172;2
173;0
174;1
175;0
176;2
177;1
178;0
179;0
180;1
181;0
182;0
183;0
184;0
185;0
186;0
187;0
188;0
189;0
190;0
191;0
192;2
193;2
194;1
195;0
196;1
197;0
198;1
199;0
200;1
201;0
202;0
203;1
204;2
205;0
206;2
207;2
208;2
209;0
210;2
211;0
212;0
213;0
214;0
215;0
216;1
217;0
218;0
219;0
220;2
221;1
222;1
223;0
224;0
225;2
226;0
227;2
228;1
229;0
230;0
231;0
232;0
233;0
234;0
235;0
236;0
237;2
238;0
239;0
240;0
241;2
242;0
243;0
244;0
245;0
246;1
247;0
248;1
249;2
250;0
251;2
252;1
253;1
254;1
255;0
256;0
257;0
258;2
259;0
260;0
261;2
262;1
263;0
264;1
265;0
266;2
267;0
268;0
269;1
270;0
271;0
272;0
273;2
274;1
275;0
276;2
277;1
278;2
279;2
280;2
281;0
282;0
283;0
284;0
285;0
286;0
287;0
288;2
289;0
290;0
291;0
292;0
293;0
294;0
295;0
296;0
297;0
298;0
299;1
300;0
301;1
302;0
303;0
304;0
305;1
306;1
307;0
308;1
309;0
310;0
311;0
312;0
313;1
314;0
315;0
316;1
317;0
318;0
319;0
320;0
321;0
322;1
323;0
324;1
325;0
326;1
327;2
328;2
329;1
330;0
331;2
332;2
333;1
334;0
335;0
336;0
337;0
338;0
339;0
340;2
341;1
342;2
343;0
344;0
345;0
346;2
347;2
348;0
349;0
350;0
351;0
352;0
353;1
354;0
355;2
356;2
357;1
358;0
359;2
360;2
361;1
362;1
363;0
364;4
365;2
366;0
367;0
368;0
369;0
370;0
371;0
372;2
373;0
374;2
375;1
376;0
377;0
378;0
379;0
380;0
381;0
382;0
383;0
384;0
385;0
386;1
387;0
388;0
389;0
390;0
391;0
392;0
393;0
394;2
395;0
396;0
397;2
398;0
399;2
400;4
401;1
402;0
403;0
404;1
405;0
406;1
407;0
408;1
409;0
410;2
411;0
412;2
413;1
414;0
415;2
416;0
417;1
418;0
419;0
420;1
421;1
422;0
423;2
424;0
425;0
426;1
427;0
428;1
429;0
430;0
431;0
432;0
433;2
434;0
435;0
436;0
437;0
438;2
439;2
440;1
441;0
442;2
443;0
444;0
445;0
446;0
447;0
448;0
449;0
450;0
451;2
452;0
453;0
454;0
455;0
456;0
457;0
458;1
459;2
460;2
461;0
462;2
463;0
464;0
465;0
466;0
467;0
468;0
469;0
470;1
471;0
472;2
473;0
474;0
475;0
476;0
477;0
478;0
479;0
480;1
481;0
482;1
483;0
484;1
485;1
486;0
487;0
488;0
489;0
490;0
491;0
492;0
493;0
494;0
495;0
496;0
497;0
498;2
499;2
500;2
501;2
502;0
503;0
504;0
505;0
506;2
507;1
508;0
509;0
510;0
511;2
512;4
513;0
514;2
515;2
516;2
517;0
518;2
519;0
520;2
521;2
522;0
523;0
524;1
525;0
526;0
527;0
528;0
529;0
530;0
531;0
532;0
533;0
534;0
535;2
536;2
537;0
538;0
539;0
540;1
541;0
542;2
543;0
544;0
545;2
546;0
547;2
548;1
549;0
550;2
551;0
552;0
553;0
554;1
555;0
556;4
557;2
558;0
559;2
560;2
561;0
562;0
563;0
564;2
565;2
566;0
567;1
568;2
569;2
570;0
571;0
572;2
573;0
574;0
575;0
576;1
577;0
578;2
579;0
580;0
581;0
582;0
583;0
584;0
585;0
586;0
587;0
588;1
589;0
590;0
591;0
592;0
593;0
594;0
595;0
596;2
597;0
598;1
599;0
600;4
601;0
602;0
603;0
604;4
605;0
606;1
607;0
608;2
609;0
610;1
611;0
612;1
613;0
614;0
615;2
616;2
617;2
618;0
619;0
620;2
621;1
622;0
623;0
624;0
625;1
626;0
627;0
628;0
629;0
630;0
631;0
632;0
633;0
634;0
635;2
636;2
637;0
638;0
639;1
640;0
641;0
642;0
643;0
644;0
645;0
646;1
647;0
648;1
649;0
650;2
651;0
652;0
653;0
654;1
655;0
656;0
657;0
658;2
659;2
660;0
661;0
662;0
663;0
664;0
665;2
666;0
667;2
668;1
669;0
670;1
671;2
672;1
673;0
674;0
675;0
676;0
677;0
678;0
679;0
680;0
681;2
682;1
683;1
684;0
685;1
686;0
687;0
688;0
689;0
690;0
691;0
692;1
693;0
694;1
695;0
696;0
697;1
698;0
699;0
700;0
701;0
702;0
703;0
704;0
705;2
706;0
707;0
708;0
709;2
710;1
711;0
712;0
713;0
714;2
715;2
716;0
717;0
718;1
719;0
720;1
721;0
722;0
723;0
724;1
725;0
726;2
727;0
728;0
729;0
730;2
731;0
732;0
733;2
734;0
735;0
736;1
737;0
738;0
739;0
740;0
741;2
742;0
743;2
744;0
745;0
746;0
747;0
748;0
749;2
750;1
751;0
752;0
753;0
754;0
755;0
756;0
757;0
758;2
759;0
760;1
761;0
762;0
763;0
764;0
765;0
766;0
767;1
768;0
769;0
770;0
771;0
772;0
773;0
774;0
775;0
776;0
777;0
778;2
779;1
780;0
781;1
782;0
783;0
784;0
785;2
786;2
787;2
788;1
789;0
790;2
791;2
792;1
793;0
794;0
795;1
796;4
797;0
798;2
799;2
800;2
801;0
802;2
803;0
804;2
805;0
806;2
807;0
808;0
809;0
810;0
811;0
812;0
813;0
814;0
815;0
816;0
817;0
818;2
819;0
820;0
821;2
822;2
823;2
824;0
825;0
826;0
827;0
828;0
829;0
830;1
831;2
832;1
833;0
834;1
835;2
836;2
837;0
838;1
839;0
840;4
841;1
842;1
843;0
844;1
845;0
846;1
847;0
848;1
849;0
850;0
851;0
852;0
853;1
854;0
855;0
856;0
857;0
858;0
859;2
860;1
861;1
862;0
863;0
864;0
865;0
866;0
867;0
868;0
869;1
870;0
871;0
872;0
873;0
874;1
875;1
876;1
877;0
878;0
879;2
880;0
881;0
882;2
883;2
884;1
885;1
886;2
887;0
888;1
889;0
890;0
891;2
892;0
893;0
894;1
895;2
896;2
897;0
898;0
899;0
900;4
901;2
902;0
903;0
904;0
905;0
906;1
907;0
908;1
909;2
910;0
911;1
912;0
913;2
914;1
915;0
916;4
917;0
918;2
919;1
920;0
921;1
922;0
923;2
924;2
925;0
926;1
927;0
928;2
929;0
930;2
931;2
932;2
933;0
934;0
935;2
936;0
937;0
938;0
939;0
940;0
941;1
942;1
943;0
944;4
945;1
946;0
947;0
948;1
949;0
950;2
951;2
952;2
953;0
954;1
955;2
956;1
957;0
958;0
959;0
960;0
961;0
962;2
963;1
964;0
965;0
966;0
967;2
968;0
969;0
970;0
971;0
972;0
973;0
974;0
975;0
976;0
977;0
978;0
979;0
980;1
981;0
982;0
983;0
984;0
985;0
986;2
987;1
988;0
989;0
990;0
991;2
992;2
993;0
994;0
995;2
996;2
997;0
998;0
999;0
1000;0
1001;0
1002;0
1003;0
1004;0
1005;0
1006;0
1007;0
1008;0
1009;0
1010;2
1011;2
1012;0
1013;0
1014;0
1015;0
1016;0
1017;0
1018;0
1019;0
1020;0
1021;0
1022;0
1023;0
