0;0
1;0
2;0
3;2
4;2
5;0
6;2
7;0
8;2
9;0
10;0
11;0
12;1
13;0
14;1
15;0
16;0
17;1
18;0
19;0
20;2
21;2
22;0
23;1
24;1
25;0
26;0
27;0
28;1
29;0
30;0
31;0
32;0
33;0
34;0
35;2
36;2
37;0
38;2
39;0
40;2
41;0
42;0
43;2
44;2
45;0
46;2
47;0
48;0
49;2
50;1
51;0
52;2
53;1
54;1
55;0
56;0
57;0
58;1
59;0
60;2
61;2
62;0
63;0
64;0
65;0
66;0
67;0
68;2
69;0
70;0
71;0
72;0
73;0
74;0
75;0
76;1
77;1
78;0
79;0
80;0
81;0
82;0
83;0
84;0
85;0
86;0
87;0
88;0
89;0
90;0
91;0
92;2
93;1
94;0
95;0
96;0
97;0
98;0
99;2
100;0
101;0
102;0
103;0
104;1
105;0
106;0
107;2
108;2
109;0
110;2
111;0
112;2
113;0
114;0
115;0
116;0
117;0
118;2
119;0
120;0
121;0
122;0
123;1
124;0
125;2
126;0
127;2
128;2
129;1
130;0
131;0
132;2
133;2
134;0
135;0
136;0
137;2
138;2
139;1
140;2
141;0
142;2
143;0
144;1
145;0
146;1
147;0
148;2
149;1
150;2
151;0
152;0
153;0
154;0
155;0
156;2
157;0
158;2
159;0
160;0
161;0
162;0
163;0
164;0
165;1
166;0
167;0
168;2
169;0
170;0
171;0
172;0
173;0
174;2
175;0
176;0
177;0
178;0
179;0
180;1
181;0
182;0
183;0
184;0
185;0
186;0
187;1
188;0
189;0
190;0
191;1
192;0
193;0
194;0
195;0
196;2
197;0
198;2
199;2
200;2
201;2
202;2
203;2
204;1
205;0
206;0
207;0
208;2
209;2
210;0
211;0
212;0
213;1
214;1
215;0
216;0
217;0
218;0
219;1
220;0
221;0
222;0
223;1
224;1
225;0
226;2
227;0
228;2
229;0
230;2
231;0
232;2
233;0
234;2
235;0
236;0
237;0
238;0
239;0
240;1
241;0
242;0
243;0
244;2
245;1
246;0
247;0
248;0
249;2
250;2
251;2
252;1
253;0
254;2
255;2
256;1
257;0
258;0
259;4
260;1
261;2
262;2
263;2
264;2
265;0
266;2
267;2
268;2
269;0
270;0
271;0
272;0
273;2
274;2
275;0
276;0
277;2
278;0
279;0
280;2
281;0
282;2
283;0
284;1
285;2
286;0
287;1
288;0
289;1
290;0
291;2
292;0
293;0
294;2
295;0
296;0
297;0
298;1
299;0
300;0
301;0
302;2
303;0
304;0
305;2
306;2
307;0
308;0
309;2
310;2
311;1
312;0
313;0
314;0
315;0
316;0
317;1
318;2
319;0
320;0
321;0
322;0
323;0
324;1
325;0
326;0
327;0
328;0
329;0
330;0
331;0
332;0
333;1
334;0
335;1
336;0
337;1
338;0
339;0
340;2
341;2
342;2
343;0
344;1
345;0
346;0
347;0
348;0
349;2
350;1
351;2
352;1
353;0
354;0
355;0
356;0
357;0
358;2
359;0
360;0
361;1
362;0
363;2
364;2
365;2
366;2
367;2
368;2
369;2
370;2
371;1
372;0
373;0
374;0
375;0
376;2
377;1
378;1
379;2
380;2
381;0
382;2
383;0
384;1
385;0
386;0
387;2
388;0
389;1
390;0
391;0
392;2
393;2
394;2
395;2
396;2
397;0
398;2
399;0
400;0
401;2
402;2
403;2
404;0
405;2
406;2
407;0
408;0
409;0
410;2
411;0
412;0
413;0
414;0
415;2
416;2
417;0
418;0
419;0
420;0
421;0
422;0
423;0
424;0
425;0
426;0
427;1
428;1
429;0
430;2
431;0
432;2
433;0
434;0
435;2
436;2
437;0
438;0
439;0
440;2
441;1
442;0
443;0
444;0
445;0
446;2
447;2
448;1
449;0
450;2
451;2
452;0
453;1
454;0
455;2
456;2
457;0
458;2
459;1
460;0
461;0
462;2
463;0
464;2
465;2
466;0
467;2
468;2
469;0
470;1
471;0
472;1
473;1
474;0
475;0
476;0
477;0
478;0
479;0
480;0
481;2
482;0
483;1
484;0
485;0
486;0
487;2
488;1
489;0
490;1
491;2
492;0
493;0
494;0
495;0
496;1
497;2
498;0
499;0
500;0
501;1
502;0
503;0
504;0
505;0
506;1
507;0
508;2
509;2
510;0
511;0
512;0
513;0
514;0
515;0
516;0
517;0
518;0
519;0
520;0
521;0
522;0
523;2
524;2
525;0
526;0
527;0
528;1
529;0
530;0
531;0
532;1
533;1
534;0
535;0
536;0
537;0
538;0
539;0
540;0
541;0
542;0
543;0
544;2
545;0
546;2
547;2
548;2
549;2
550;0
551;0
552;0
553;2
554;2
555;0
556;0
557;0
558;2
559;0
560;0
561;0
562;0
563;0
564;0
565;0
566;0
567;0
568;1
569;0
570;0
571;1
572;0
573;0
574;0
575;1
576;0
577;0
578;0
579;0
580;1
581;0
582;2
583;1
584;0
585;2
586;2
587;1
588;2
589;0
590;2
591;0
592;0
593;0
594;0
595;0
596;0
597;0
598;0
599;1
600;0
601;0
602;2
603;0
604;0
605;0
606;0
607;1
608;0
609;0
610;0
611;0
612;2
613;2
614;0
615;1
616;0
617;0
618;0
619;0
620;0
621;0
622;0
623;0
624;1
625;0
626;0
627;0
628;0
629;0
630;0
631;0
632;2
633;0
634;1
635;0
636;2
637;0
638;0
639;0
640;2
641;0
642;0
643;0
644;2
645;0
646;2
647;0
648;0
649;2
650;2
651;0
652;1
653;0
654;0
655;2
656;2
657;2
658;0
659;0
660;2
661;1
662;2
663;0
664;2
665;0
666;0
667;0
668;0
669;1
670;0
671;0
672;0
673;0
674;2
675;0
676;2
677;0
678;0
679;2
680;0
681;0
682;0
683;0
684;0
685;0
686;2
687;0
688;0
689;0
690;2
691;0
692;0
693;0
694;0
695;0
696;1
697;0
698;2
699;2
700;1
701;0
702;0
703;2
704;2
705;0
706;2
707;1
708;0
709;0
710;2
711;0
712;1
713;1
714;2
715;0
716;0
717;0
718;0
719;2
720;1
721;0
722;1
723;2
724;1
725;0
726;0
727;0
728;2
729;0
730;0
731;2
732;0
733;2
734;0
735;0
736;1
737;0
738;0
739;0
740;0
741;0
742;0
743;0
744;1
745;0
746;0
747;0
748;0
749;2
750;1
751;0
752;0
753;0
754;2
755;0
756;0
757;2
758;0
759;0
760;0
761;2
762;1
763;0
764;2
765;0
766;0
767;2
768;0
769;2
770;0
771;0
772;1
773;0
774;0
775;2
776;1
777;0
778;0
779;2
780;1
781;0
782;0
783;2
784;2
785;0
786;2
787;2
788;2
789;0
790;2
791;0
792;1
793;0
794;0
795;0
796;2
797;0
798;0
799;0
800;0
801;2
802;1
803;0
804;0
805;0
806;1
807;0
808;0
809;0
810;0
811;1
812;0
813;0
814;2
815;1
816;0
817;2
818;2
819;2
820;2
821;2
822;1
823;0
824;0
825;1
826;0
827;0
828;1
829;0
830;1
831;0
832;0
833;0
834;2
835;0
836;0
837;0
838;0
839;0
840;0
841;0
842;0
843;2
844;2
845;0
846;2
847;0
848;0
849;0
850;1
851;0
852;0
853;0
854;1
855;0
856;0
857;1
858;0
859;0
860;0
861;0
862;0
863;0
864;1
865;1
866;0
867;0
868;1
869;0
870;0
871;0
872;0
873;0
874;0
875;0
876;0
877;2
878;2
879;2
880;2
881;0
882;0
883;0
884;0
885;2
886;1
887;1
888;0
889;0
890;1
891;2
892;2
893;0
894;0
895;0
896;0
897;0
898;0
899;0
900;0
901;0
902;2
903;0
904;0
905;0
906;0
907;0
908;0
909;2
910;1
911;0
912;0
913;0
914;0
915;0
916;1
917;1
918;0
919;0
920;0
921;0
922;2
923;0
924;0
925;1
926;2
927;0
928;0
929;1
930;0
931;0
932;1
933;0
934;0
935;2
936;2
937;2
938;2
939;2
940;1
941;1
942;1
943;0
944;0
945;0
946;0
947;2
948;0
949;0
950;2
951;0
952;0
953;0
954;0
955;0
956;2
957;2
958;0
959;0
960;0
961;2
962;2
963;0
964;0
965;0
966;0
967;1
968;0
969;0
970;1
971;0
972;1
973;0
974;0
975;2
976;1
977;0
978;0
979;1
980;0
981;2
982;2
983;2
984;0
985;0
986;1
987;0
988;2
989;1
990;0
991;0
992;0
993;2
994;2
995;0
996;0
997;0
998;0
999;0
1000;0
1001;2
1002;2
1003;2
1004;2
1005;0
1006;0
1007;0
1008;0
1009;0
1010;0
1011;0
1012;0
1013;0
1014;0
1015;0
1016;0
1017;0
1018;0
1019;0
1020;0
1021;0
1022;0
1023;0
