0;1
1;0
2;0
3;2
4;4
5;0
6;2
7;2
8;2
9;1
10;2
11;1
12;1
13;0
14;1
15;0
16;0
17;2
18;2
19;2
20;0
21;2
22;0
23;2
24;1
25;0
26;0
27;2
28;2
29;0
30;1
31;0
32;0
33;2
34;0
35;0
36;1
37;0
38;2
39;1
40;0
41;0
42;0
43;2
44;1
45;0
46;2
47;0
48;0
49;0
50;2
51;0
52;2
53;2
54;0
55;0
56;2
57;0
58;0
59;0
60;0
61;2
62;0
63;0
64;2
65;0
66;0
67;0
68;0
69;0
70;0
71;0
72;1
73;1
74;0
75;2
76;0
77;0
78;2
79;0
80;0
81;0
82;0
83;0
84;0
85;0
86;0
87;0
88;2
89;2
90;2
91;0
92;2
93;0
94;0
95;2
96;0
97;0
98;0
99;0
100;0
101;0
102;0
103;2
104;2
105;0
106;0
107;0
108;0
109;0
110;0
111;0
112;0
113;0
114;0
115;0
116;0
117;0
118;0
119;0
120;0
121;0
122;0
123;0
124;0
125;1
126;0
127;2
128;1
129;0
130;0
131;0
132;0
133;0
134;2
135;2
136;0
137;0
138;0
139;0
140;0
141;1
142;0
143;2
144;2
145;0
146;0
147;0
148;0
149;0
150;0
151;2
152;2
153;0
154;2
155;0
156;0
157;0
158;0
159;0
160;0
161;1
162;0
163;0
164;2
165;0
166;0
167;0
168;0
169;0
170;1
171;0
172;0
173;1
174;2
175;0
176;1
177;0
178;0
179;0
180;0
181;0
182;0
183;2
184;2
185;0
186;0
187;1
188;0
189;0
190;0
191;0
192;1
193;0
194;0
195;2
196;2
197;0
198;2
199;2
200;1
201;0
202;2
203;0
204;2
205;0
206;2
207;0
208;0
209;0
210;0
211;0
212;0
213;0
214;0
215;0
216;0
217;0
218;0
219;0
220;1
221;0
222;2
223;0
224;0
225;1
226;0
227;0
228;2
229;0
230;0
231;0
232;2
233;0
234;0
235;0
236;0
237;2
238;0
239;0
240;0
241;0
242;0
243;0
244;2
245;0
246;1
247;1
248;0
249;2
250;0
251;2
252;1
253;1
254;0
255;0
256;2
257;0
258;2
259;0
260;0
261;0
262;2
263;1
264;0
265;0
266;0
267;2
268;2
269;2
270;2
271;2
272;2
273;0
274;0
275;0
276;1
277;0
278;0
279;0
280;0
281;0
282;0
283;0
284;0
285;0
286;2
287;1
288;0
289;1
290;2
291;2
292;2
293;0
294;0
295;0
296;0
297;0
298;0
299;0
300;2
301;0
302;0
303;1
304;0
305;1
306;0
307;0
308;0
309;0
310;0
311;0
312;0
313;0
314;0
315;0
316;2
317;2
318;2
319;0
320;0
321;0
322;0
323;0
324;0
325;0
326;1
327;0
328;0
329;1
330;0
331;2
332;2
333;2
334;2
335;2
336;1
337;0
338;2
339;1
340;0
341;0
342;1
343;0
344;2
345;1
346;1
347;0
348;2
349;2
350;0
351;0
352;0
353;0
354;2
355;2
356;0
357;1
358;0
359;2
360;2
361;2
362;2
363;1
364;0
365;0
366;1
367;1
368;0
369;2
370;0
371;0
372;2
373;0
374;1
375;0
376;0
377;0
378;2
379;2
380;0
381;0
382;0
383;0
384;2
385;0
386;0
387;0
388;2
389;1
390;1
391;0
392;0
393;2
394;0
395;2
396;1
397;0
398;2
399;0
400;1
401;0
402;0
403;0
404;0
405;0
406;0
407;0
408;2
409;0
410;1
411;0
412;0
413;0
414;0
415;2
416;2
417;1
418;0
419;2
420;2
421;0
422;0
423;0
424;1
425;2
426;2
427;2
428;2
429;0
430;1
431;0
432;0
433;0
434;0
435;0
436;0
437;0
438;0
439;1
440;0
441;0
442;1
443;0
444;1
445;0
446;0
447;0
448;0
449;0
450;0
451;0
452;1
453;0
454;1
455;0
456;0
457;0
458;0
459;2
460;4
461;0
462;2
463;1
464;2
465;0
466;2
467;0
468;2
469;0
470;1
471;0
472;0
473;0
474;0
475;0
476;0
477;2
478;2
479;2
480;0
481;0
482;0
483;0
484;2
485;0
486;0
487;0
488;1
489;0
490;0
491;0
492;1
493;0
494;0
495;0
496;1
497;0
498;0
499;0
500;0
501;0
502;0
503;2
504;0
505;0
506;0
507;0
508;2
509;2
510;2
511;2
512;2
513;2
514;1
515;0
516;2
517;2
518;2
519;0
520;0
521;0
522;0
523;2
524;0
525;0
526;1
527;0
528;0
529;2
530;0
531;0
532;1
533;0
534;0
535;0
536;0
537;0
538;0
539;1
540;0
541;0
542;0
543;0
544;1
545;0
546;2
547;0
548;0
549;1
550;2
551;2
552;0
553;0
554;2
555;0
556;0
557;0
558;0
559;0
560;0
561;2
562;2
563;1
564;0
565;2
566;1
567;0
568;0
569;0
570;0
571;1
572;0
573;0
574;0
575;0
576;0
577;2
578;0
579;1
580;1
581;0
582;0
583;0
584;0
585;0
586;0
587;0
588;1
589;0
590;0
591;0
592;0
593;0
594;0
595;0
596;2
597;0
598;0
599;0
600;2
601;0
602;0
603;0
604;2
605;0
606;0
607;0
608;1
609;0
610;2
611;2
612;1
613;0
614;0
615;2
616;2
617;0
618;2
619;1
620;2
621;0
622;2
623;0
624;1
625;0
626;0
627;2
628;2
629;1
630;2
631;0
632;1
633;0
634;0
635;0
636;1
637;1
638;0
639;2
640;0
641;0
642;0
643;0
644;0
645;0
646;0
647;0
648;2
649;0
650;0
651;2
652;0
653;0
654;0
655;0
656;0
657;0
658;0
659;0
660;0
661;0
662;0
663;0
664;0
665;0
666;1
667;0
668;0
669;0
670;0
671;2
672;1
673;0
674;0
675;2
676;4
677;0
678;2
679;2
680;0
681;0
682;2
683;0
684;1
685;0
686;0
687;0
688;0
689;0
690;2
691;2
692;1
693;0
694;0
695;2
696;4
697;0
698;2
699;0
700;2
701;0
702;0
703;0
704;2
705;0
706;0
707;0
708;0
709;1
710;1
711;0
712;0
713;0
714;0
715;2
716;0
717;2
718;1
719;0
720;1
721;0
722;0
723;0
724;1
725;0
726;0
727;0
728;1
729;0
730;0
731;0
732;0
733;1
734;0
735;0
736;0
737;0
738;0
739;0
740;0
741;2
742;0
743;0
744;0
745;0
746;1
747;0
748;2
749;0
750;0
751;2
752;0
753;0
754;1
755;0
756;0
757;0
758;0
759;0
760;1
761;0
762;2
763;0
764;1
765;0
766;0
767;2
768;0
769;2
770;0
771;0
772;1
773;0
774;0
775;0
776;0
777;2
778;0
779;2
780;0
781;0
782;0
783;0
784;0
785;2
786;2
787;0
788;0
789;0
790;0
791;0
792;0
793;2
794;2
795;0
796;0
797;0
798;1
799;0
800;0
801;0
802;0
803;1
804;0
805;0
806;0
807;1
808;0
809;0
810;0
811;0
812;0
813;0
814;1
815;0
816;0
817;1
818;0
819;0
820;0
821;2
822;2
823;0
824;1
825;0
826;1
827;0
828;2
829;0
830;0
831;0
832;0
833;0
834;0
835;0
836;2
837;2
838;2
839;0
840;2
841;0
842;0
843;0
844;0
845;0
846;0
847;0
848;0
849;0
850;0
851;2
852;1
853;0
854;0
855;0
856;2
857;2
858;1
859;0
860;2
861;0
862;0
863;1
864;0
865;0
866;0
867;0
868;0
869;2
870;2
871;0
872;0
873;0
874;0
875;2
876;1
877;0
878;1
879;0
880;0
881;0
882;2
883;0
884;0
885;1
886;0
887;0
888;0
889;0
890;0
891;0
892;1
893;0
894;0
895;2
896;0
897;0
898;0
899;0
900;2
901;0
902;1
903;0
904;0
905;0
906;2
907;1
908;0
909;0
910;0
911;2
912;2
913;0
914;0
915;2
916;1
917;2
918;2
919;2
920;1
921;2
922;0
923;0
924;2
925;0
926;0
927;0
928;1
929;1
930;2
931;0
932;0
933;0
934;0
935;2
936;0
937;2
938;0
939;0
940;1
941;0
942;2
943;2
944;2
945;0
946;1
947;2
948;4
949;0
950;0
951;0
952;0
953;1
954;0
955;2
956;2
957;0
958;1
959;0
960;0
961;1
962;0
963;2
964;2
965;0
966;0
967;0
968;0
969;0
970;0
971;0
972;0
973;0
974;1
975;0
976;1
977;1
978;0
979;0
980;0
981;2
982;0
983;2
984;2
985;0
986;0
987;0
988;0
989;0
990;0
991;0
992;0
993;0
994;2
995;0
996;0
997;0
998;0
999;2
1000;0
1001;0
1002;0
1003;0
1004;0
1005;0
1006;0
1007;2
1008;0
1009;0
1010;0
1011;0
1012;1
1013;0
1014;0
1015;0
1016;0
1017;0
1018;0
1019;0
1020;0
1021;0
1022;0
1023;0
