0;0
1;0
2;2
3;2
4;4
5;0
6;2
7;0
8;2
9;0
10;2
11;1
12;1
13;0
14;1
15;0
16;0
17;2
18;2
19;2
20;0
21;2
22;0
23;2
24;0
25;0
26;0
27;0
28;2
29;0
30;0
31;0
32;0
33;1
34;0
35;0
36;2
37;1
38;0
39;0
40;1
41;0
42;1
43;0
44;2
45;2
46;0
47;1
48;0
49;0
50;0
51;0
52;1
53;0
54;0
55;0
56;0
57;0
58;1
59;0
60;1
61;0
62;0
63;0
64;0
65;0
66;0
67;0
68;0
69;0
70;0
71;0
72;1
73;0
74;2
75;1
76;1
77;0
78;1
79;2
80;1
81;0
82;0
83;0
84;0
85;0
86;0
87;0
88;0
89;0
90;0
91;1
92;2
93;0
94;0
95;2
96;0
97;0
98;0
99;0
100;0
101;0
102;0
103;1
104;0
105;0
106;0
107;0
108;0
109;0
110;0
111;1
112;0
113;1
114;0
115;0
116;2
117;0
118;0
119;0
120;0
121;1
122;0
123;1
124;2
125;0
126;0
127;2
128;0
129;0
130;0
131;1
132;2
133;0
134;2
135;0
136;0
137;0
138;0
139;0
140;2
141;0
142;2
143;0
144;0
145;0
146;0
147;2
148;0
149;1
150;0
151;0
152;2
153;0
154;0
155;2
156;2
157;2
158;0
159;0
160;0
161;0
162;0
163;1
164;2
165;1
166;0
167;0
168;0
169;2
170;2
171;1
172;2
173;0
174;0
175;1
176;0
177;0
178;1
179;0
180;2
181;2
182;0
183;1
184;0
185;0
186;2
187;0
188;1
189;0
190;2
191;2
192;4
193;0
194;2
195;2
196;2
197;2
198;0
199;0
200;1
201;0
202;1
203;0
204;1
205;0
206;0
207;0
208;0
209;0
210;0
211;0
212;0
213;0
214;0
215;2
216;0
217;0
218;1
219;0
220;0
221;0
222;2
223;0
224;2
225;0
226;0
227;0
228;0
229;2
230;2
231;0
232;0
233;2
234;2
235;0
236;2
237;0
238;0
239;0
240;0
241;2
242;0
243;1
244;0
245;0
246;1
247;0
248;0
249;0
250;2
251;0
252;1
253;0
254;0
255;0
256;0
257;0
258;1
259;0
260;0
261;2
262;2
263;0
264;2
265;2
266;2
267;2
268;0
269;2
270;0
271;0
272;0
273;0
274;0
275;0
276;0
277;0
278;0
279;0
280;0
281;0
282;0
283;0
284;0
285;0
286;0
287;0
288;0
289;0
290;0
291;1
292;0
293;1
294;0
295;0
296;0
297;0
298;0
299;1
300;0
301;0
302;0
303;0
304;0
305;2
306;2
307;1
308;0
309;0
310;0
311;0
312;0
313;0
314;0
315;1
316;0
317;0
318;0
319;0
320;2
321;2
322;0
323;0
324;0
325;1
326;0
327;0
328;1
329;0
330;0
331;2
332;1
333;0
334;1
335;2
336;1
337;1
338;0
339;0
340;0
341;0
342;2
343;2
344;0
345;1
346;0
347;2
348;2
349;2
350;0
351;0
352;2
353;0
354;2
355;1
356;0
357;0
358;0
359;0
360;0
361;0
362;0
363;1
364;0
365;0
366;2
367;2
368;1
369;0
370;0
371;0
372;0
373;0
374;0
375;0
376;1
377;0
378;0
379;0
380;0
381;0
382;0
383;0
384;1
385;0
386;2
387;0
388;2
389;0
390;0
391;0
392;0
393;0
394;0
395;0
396;2
397;0
398;0
399;1
400;0
401;0
402;0
403;2
404;0
405;0
406;0
407;0
408;0
409;0
410;0
411;0
412;0
413;2
414;0
415;2
416;2
417;0
418;0
419;1
420;0
421;0
422;0
423;0
424;0
425;2
426;0
427;1
428;0
429;0
430;2
431;0
432;1
433;0
434;0
435;0
436;0
437;0
438;0
439;0
440;1
441;0
442;0
443;1
444;2
445;2
446;0
447;1
448;0
449;2
450;0
451;2
452;2
453;0
454;0
455;0
456;2
457;0
458;2
459;2
460;2
461;0
462;2
463;0
464;0
465;2
466;2
467;2
468;0
469;0
470;0
471;0
472;2
473;0
474;0
475;0
476;1
477;0
478;2
479;2
480;1
481;0
482;0
483;2
484;2
485;0
486;2
487;0
488;0
489;2
490;2
491;0
492;0
493;1
494;0
495;2
496;2
497;0
498;0
499;2
500;0
501;2
502;0
503;0
504;0
505;0
506;0
507;0
508;2
509;1
510;0
511;2
512;1
513;0
514;0
515;1
516;0
517;2
518;0
519;0
520;0
521;0
522;0
523;0
524;0
525;0
526;0
527;2
528;1
529;0
530;0
531;0
532;2
533;0
534;0
535;0
536;0
537;0
538;0
539;2
540;0
541;0
542;0
543;2
544;1
545;0
546;0
547;0
548;0
549;2
550;2
551;2
552;2
553;2
554;1
555;0
556;0
557;2
558;0
559;1
560;0
561;2
562;1
563;2
564;2
565;0
566;0
567;1
568;0
569;0
570;0
571;0
572;0
573;0
574;2
575;0
576;2
577;2
578;0
579;0
580;1
581;0
582;1
583;0
584;0
585;0
586;0
587;0
588;0
589;0
590;0
591;0
592;1
593;0
594;2
595;2
596;2
597;0
598;0
599;0
600;0
601;0
602;0
603;0
604;2
605;0
606;0
607;0
608;0
609;0
610;0
611;1
612;0
613;0
614;0
615;1
616;0
617;0
618;1
619;0
620;0
621;2
622;0
623;0
624;2
625;1
626;0
627;0
628;1
629;1
630;0
631;1
632;0
633;0
634;0
635;0
636;0
637;0
638;0
639;0
640;2
641;0
642;0
643;2
644;0
645;0
646;0
647;2
648;0
649;0
650;0
651;1
652;0
653;0
654;2
655;0
656;0
657;0
658;0
659;0
660;0
661;0
662;0
663;2
664;0
665;0
666;0
667;0
668;0
669;2
670;0
671;0
672;0
673;0
674;2
675;2
676;1
677;0
678;2
679;2
680;1
681;0
682;0
683;0
684;4
685;0
686;2
687;1
688;0
689;0
690;0
691;0
692;2
693;2
694;0
695;2
696;1
697;1
698;0
699;1
700;0
701;1
702;0
703;0
704;0
705;0
706;0
707;0
708;1
709;1
710;0
711;0
712;0
713;1
714;0
715;0
716;0
717;0
718;2
719;0
720;0
721;2
722;0
723;2
724;0
725;2
726;1
727;0
728;0
729;0
730;0
731;2
732;0
733;0
734;0
735;2
736;0
737;0
738;0
739;0
740;1
741;0
742;2
743;0
744;0
745;0
746;0
747;1
748;1
749;2
750;0
751;0
752;0
753;0
754;1
755;0
756;0
757;2
758;0
759;2
760;0
761;0
762;0
763;0
764;0
765;0
766;1
767;2
768;0
769;0
770;1
771;0
772;0
773;0
774;2
775;2
776;1
777;0
778;0
779;0
780;0
781;0
782;0
783;1
784;0
785;0
786;0
787;1
788;0
789;0
790;1
791;0
792;0
793;0
794;1
795;0
796;0
797;2
798;0
799;0
800;0
801;0
802;2
803;0
804;1
805;1
806;0
807;0
808;0
809;0
810;1
811;0
812;0
813;0
814;0
815;0
816;2
817;0
818;2
819;2
820;0
821;0
822;0
823;0
824;0
825;2
826;1
827;2
828;1
829;0
830;0
831;1
832;2
833;0
834;0
835;0
836;0
837;0
838;0
839;1
840;0
841;0
842;0
843;1
844;0
845;0
846;0
847;0
848;0
849;0
850;2
851;0
852;0
853;0
854;0
855;1
856;0
857;1
858;0
859;0
860;0
861;0
862;0
863;0
864;0
865;0
866;1
867;0
868;0
869;0
870;0
871;0
872;1
873;0
874;0
875;2
876;0
877;0
878;0
879;1
880;0
881;0
882;1
883;1
884;0
885;2
886;0
887;2
888;0
889;0
890;0
891;0
892;0
893;0
894;0
895;0
896;2
897;0
898;0
899;0
900;0
901;0
902;0
903;0
904;0
905;0
906;0
907;0
908;0
909;2
910;1
911;0
912;0
913;0
914;1
915;0
916;2
917;1
918;0
919;1
920;0
921;0
922;2
923;2
924;0
925;0
926;0
927;1
928;1
929;0
930;2
931;1
932;0
933;1
934;0
935;0
936;2
937;2
938;0
939;0
940;0
941;0
942;0
943;1
944;0
945;2
946;0
947;0
948;0
949;0
950;0
951;2
952;0
953;0
954;0
955;2
956;1
957;0
958;0
959;0
960;0
961;0
962;0
963;1
964;0
965;0
966;2
967;0
968;1
969;0
970;0
971;0
972;0
973;0
974;2
975;0
976;0
977;0
978;0
979;2
980;0
981;0
982;0
983;1
984;0
985;1
986;0
987;2
988;0
989;1
990;0
991;0
992;0
993;0
994;0
995;0
996;0
997;0
998;2
999;1
1000;0
1001;0
1002;0
1003;0
1004;2
1005;0
1006;0
1007;2
1008;2
1009;0
1010;0
1011;0
1012;0
1013;1
1014;1
1015;1
1016;0
1017;0
1018;0
1019;0
1020;0
1021;0
1022;0
1023;0
