0;0
1;0
2;0
3;2
4;4
5;0
6;2
7;2
8;2
9;0
10;2
11;0
12;1
13;0
14;0
15;0
16;0
17;0
18;1
19;0
20;1
21;2
22;0
23;2
24;2
25;0
26;0
27;0
28;2
29;0
30;0
31;0
32;1
33;2
34;0
35;0
36;2
37;1
38;0
39;0
40;1
41;0
42;0
43;2
44;1
45;0
46;2
47;0
48;0
49;2
50;0
51;0
52;2
53;0
54;0
55;0
56;0
57;0
58;0
59;0
60;1
61;2
62;0
63;2
64;0
65;0
66;2
67;0
68;0
69;0
70;0
71;0
72;0
73;0
74;2
75;0
76;1
77;0
78;2
79;2
80;2
81;0
82;2
83;2
84;0
85;0
86;0
87;0
88;0
89;0
90;0
91;2
92;2
93;1
94;2
95;0
96;0
97;0
98;0
99;0
100;0
101;0
102;0
103;0
104;1
105;0
106;0
107;0
108;1
109;0
110;2
111;2
112;2
113;0
114;2
115;0
116;2
117;2
118;2
119;0
120;2
121;0
122;0
123;0
124;0
125;0
126;0
127;2
128;0
129;0
130;0
131;0
132;0
133;2
134;2
135;2
136;1
137;0
138;0
139;0
140;2
141;0
142;0
143;0
144;0
145;0
146;0
147;0
148;2
149;0
150;2
151;0
152;0
153;0
154;0
155;0
156;0
157;0
158;1
159;0
160;0
161;0
162;0
163;2
164;2
165;0
166;2
167;1
168;0
169;0
170;0
171;0
172;2
173;0
174;2
175;0
176;0
177;0
178;2
179;0
180;0
181;0
182;2
183;0
184;0
185;0
186;0
187;0
188;1
189;1
190;0
191;0
192;0
193;2
194;2
195;1
196;0
197;0
198;2
199;0
200;0
201;2
202;2
203;2
204;2
205;2
206;0
207;0
208;0
209;0
210;0
211;1
212;0
213;2
214;2
215;0
216;1
217;0
218;0
219;2
220;0
221;0
222;0
223;0
224;1
225;2
226;2
227;1
228;2
229;0
230;2
231;0
232;2
233;0
234;0
235;0
236;0
237;0
238;2
239;0
240;1
241;0
242;0
243;0
244;1
245;0
246;2
247;0
248;0
249;2
250;2
251;2
252;0
253;0
254;0
255;1
256;0
257;0
258;0
259;0
260;0
261;2
262;0
263;0
264;0
265;2
266;0
267;0
268;2
269;0
270;2
271;0
272;0
273;0
274;0
275;2
276;1
277;0
278;1
279;0
280;0
281;0
282;2
283;0
284;0
285;0
286;1
287;0
288;0
289;0
290;2
291;0
292;1
293;2
294;2
295;0
296;0
297;2
298;2
299;2
300;2
301;0
302;2
303;0
304;0
305;0
306;0
307;0
308;1
309;0
310;0
311;0
312;2
313;0
314;0
315;0
316;0
317;0
318;0
319;0
320;0
321;0
322;0
323;0
324;0
325;1
326;0
327;0
328;0
329;0
330;0
331;0
332;0
333;0
334;0
335;0
336;2
337;2
338;2
339;2
340;1
341;0
342;0
343;0
344;0
345;0
346;0
347;0
348;0
349;2
350;1
351;2
352;1
353;0
354;2
355;0
356;1
357;1
358;0
359;2
360;1
361;0
362;0
363;0
364;2
365;1
366;1
367;0
368;2
369;2
370;0
371;2
372;0
373;0
374;0
375;2
376;0
377;1
378;0
379;2
380;1
381;2
382;2
383;2
384;2
385;0
386;2
387;0
388;0
389;0
390;0
391;0
392;0
393;0
394;2
395;0
396;0
397;0
398;2
399;2
400;0
401;0
402;0
403;1
404;0
405;0
406;0
407;0
408;0
409;0
410;1
411;0
412;1
413;0
414;0
415;2
416;4
417;0
418;0
419;0
420;0
421;0
422;0
423;0
424;2
425;0
426;2
427;0
428;1
429;0
430;0
431;2
432;2
433;2
434;0
435;0
436;2
437;0
438;0
439;0
440;0
441;0
442;2
443;0
444;0
445;0
446;0
447;2
448;2
449;1
450;0
451;0
452;1
453;0
454;1
455;0
456;2
457;1
458;0
459;2
460;1
461;0
462;2
463;0
464;0
465;0
466;0
467;0
468;0
469;2
470;0
471;1
472;0
473;0
474;1
475;2
476;1
477;0
478;1
479;0
480;0
481;0
482;1
483;0
484;1
485;1
486;0
487;2
488;0
489;0
490;2
491;2
492;1
493;0
494;0
495;2
496;2
497;2
498;2
499;2
500;2
501;0
502;2
503;0
504;2
505;0
506;2
507;2
508;2
509;0
510;2
511;1
512;0
513;0
514;0
515;2
516;1
517;1
518;0
519;2
520;4
521;0
522;0
523;0
524;2
525;0
526;2
527;0
528;2
529;0
530;2
531;0
532;0
533;2
534;2
535;0
536;0
537;0
538;0
539;2
540;2
541;0
542;0
543;0
544;1
545;0
546;0
547;0
548;1
549;1
550;0
551;0
552;0
553;0
554;0
555;0
556;0
557;0
558;0
559;0
560;2
561;2
562;0
563;2
564;2
565;0
566;0
567;0
568;0
569;2
570;2
571;0
572;0
573;0
574;0
575;2
576;0
577;0
578;1
579;0
580;0
581;0
582;0
583;0
584;0
585;0
586;1
587;0
588;2
589;0
590;1
591;0
592;2
593;0
594;0
595;0
596;0
597;0
598;2
599;1
600;0
601;0
602;0
603;0
604;1
605;0
606;0
607;2
608;2
609;0
610;2
611;2
612;2
613;0
614;2
615;0
616;2
617;2
618;0
619;0
620;0
621;0
622;2
623;0
624;1
625;0
626;1
627;0
628;0
629;0
630;2
631;0
632;0
633;0
634;0
635;1
636;0
637;0
638;0
639;0
640;2
641;2
642;0
643;0
644;1
645;0
646;0
647;0
648;0
649;0
650;0
651;1
652;0
653;0
654;0
655;0
656;1
657;0
658;0
659;0
660;2
661;0
662;0
663;0
664;2
665;0
666;0
667;0
668;2
669;0
670;0
671;0
672;0
673;0
674;2
675;0
676;0
677;0
678;0
679;0
680;1
681;0
682;0
683;0
684;2
685;2
686;0
687;0
688;2
689;1
690;1
691;0
692;1
693;1
694;0
695;0
696;0
697;0
698;0
699;0
700;1
701;0
702;0
703;0
704;0
705;0
706;0
707;2
708;0
709;0
710;0
711;0
712;2
713;0
714;2
715;0
716;0
717;0
718;2
719;0
720;0
721;0
722;0
723;0
724;0
725;0
726;0
727;2
728;0
729;0
730;0
731;0
732;0
733;0
734;0
735;2
736;1
737;0
738;1
739;0
740;1
741;0
742;0
743;0
744;0
745;0
746;0
747;2
748;0
749;1
750;0
751;0
752;0
753;0
754;0
755;0
756;0
757;0
758;0
759;0
760;1
761;0
762;0
763;2
764;0
765;0
766;0
767;0
768;2
769;0
770;0
771;0
772;0
773;2
774;0
775;0
776;0
777;0
778;1
779;0
780;2
781;0
782;2
783;2
784;0
785;0
786;2
787;0
788;0
789;0
790;0
791;2
792;1
793;0
794;2
795;0
796;0
797;0
798;2
799;2
800;0
801;2
802;0
803;0
804;1
805;0
806;0
807;0
808;0
809;0
810;0
811;0
812;0
813;0
814;0
815;0
816;0
817;2
818;2
819;2
820;0
821;2
822;2
823;2
824;1
825;0
826;0
827;2
828;4
829;2
830;2
831;2
832;0
833;0
834;2
835;0
836;1
837;0
838;0
839;0
840;0
841;1
842;0
843;0
844;2
845;0
846;0
847;1
848;0
849;0
850;0
851;0
852;0
853;0
854;0
855;1
856;0
857;0
858;0
859;0
860;1
861;1
862;1
863;0
864;0
865;1
866;0
867;0
868;2
869;1
870;0
871;0
872;2
873;0
874;0
875;0
876;2
877;0
878;0
879;0
880;2
881;2
882;2
883;2
884;1
885;0
886;2
887;1
888;0
889;0
890;0
891;0
892;4
893;0
894;2
895;2
896;2
897;0
898;0
899;0
900;2
901;2
902;1
903;2
904;1
905;0
906;1
907;2
908;2
909;0
910;2
911;0
912;2
913;0
914;0
915;0
916;0
917;0
918;2
919;0
920;0
921;0
922;0
923;0
924;2
925;2
926;2
927;0
928;0
929;2
930;0
931;0
932;1
933;1
934;0
935;0
936;0
937;0
938;0
939;0
940;0
941;1
942;0
943;0
944;0
945;1
946;0
947;0
948;1
949;0
950;0
951;2
952;0
953;0
954;2
955;2
956;1
957;1
958;0
959;2
960;1
961;0
962;0
963;2
964;0
965;0
966;2
967;0
968;0
969;0
970;0
971;0
972;2
973;0
974;0
975;0
976;0
977;0
978;2
979;0
980;0
981;0
982;0
983;1
984;0
985;0
986;1
987;0
988;2
989;0
990;0
991;0
992;0
993;0
994;1
995;0
996;2
997;0
998;2
999;0
1000;0
1001;1
1002;0
1003;2
1004;2
1005;0
1006;2
1007;0
1008;2
1009;0
1010;0
1011;0
1012;0
1013;0
1014;1
1015;0
1016;0
1017;0
1018;0
1019;0
1020;0
1021;0
1022;0
1023;0
