0;2
1;1
2;0
3;0
4;2
5;0
6;0
7;2
8;2
9;0
10;2
11;0
12;2
13;0
14;1
15;0
16;1
17;0
18;0
19;2
20;1
21;2
22;2
23;2
24;1
25;1
26;1
27;0
28;2
29;0
30;0
31;2
32;0
33;0
34;0
35;0
36;0
37;0
38;1
39;1
40;0
41;1
42;0
43;0
44;2
45;0
46;1
47;0
48;0
49;0
50;0
51;0
52;0
53;0
54;0
55;0
56;0
57;0
58;0
59;2
60;1
61;0
62;0
63;0
64;0
65;0
66;1
67;0
68;0
69;0
70;2
71;2
72;1
73;0
74;0
75;0
76;0
77;0
78;0
79;0
80;1
81;1
82;2
83;0
84;1
85;2
86;0
87;0
88;0
89;0
90;0
91;0
92;2
93;0
94;1
95;0
96;0
97;0
98;1
99;0
100;0
101;0
102;1
103;0
104;0
105;0
106;2
107;0
108;0
109;0
110;0
111;0
112;0
113;0
114;0
115;0
116;0
117;0
118;0
119;1
120;0
121;1
122;2
123;2
124;1
125;0
126;0
127;0
128;0
129;2
130;0
131;0
132;2
133;0
134;0
135;0
136;2
137;0
138;2
139;1
140;1
141;0
142;2
143;0
144;0
145;0
146;0
147;0
148;2
149;0
150;0
151;2
152;0
153;0
154;2
155;2
156;1
157;0
158;0
159;2
160;1
161;2
162;2
163;2
164;2
165;0
166;0
167;0
168;1
169;1
170;0
171;1
172;0
173;0
174;0
175;0
176;0
177;0
178;0
179;0
180;0
181;0
182;0
183;2
184;1
185;0
186;0
187;0
188;2
189;0
190;0
191;2
192;1
193;0
194;0
195;1
196;0
197;2
198;2
199;1
200;0
201;0
202;2
203;0
204;0
205;0
206;1
207;0
208;0
209;0
210;0
211;0
212;0
213;0
214;0
215;2
216;0
217;0
218;0
219;0
220;0
221;2
222;1
223;2
224;0
225;0
226;0
227;0
228;0
229;0
230;0
231;0
232;2
233;2
234;2
235;1
236;0
237;2
238;0
239;0
240;0
241;0
242;2
243;2
244;2
245;2
246;1
247;0
248;1
249;0
250;2
251;1
252;0
253;0
254;0
255;0
256;2
257;2
258;1
259;2
260;1
261;0
262;0
263;0
264;0
265;1
266;0
267;0
268;0
269;0
270;0
271;2
272;2
273;0
274;1
275;0
276;0
277;0
278;0
279;0
280;2
281;1
282;1
283;0
284;0
285;0
286;1
287;0
288;0
289;0
290;0
291;0
292;1
293;0
294;2
295;2
296;1
297;0
298;0
299;0
300;4
301;0
302;2
303;2
304;2
305;0
306;0
307;0
308;1
309;0
310;0
311;2
312;0
313;0
314;1
315;0
316;0
317;1
318;0
319;0
320;0
321;0
322;0
323;0
324;1
325;0
326;0
327;1
328;0
329;0
330;2
331;0
332;2
333;0
334;1
335;0
336;0
337;0
338;0
339;0
340;2
341;0
342;1
343;0
344;0
345;0
346;0
347;2
348;2
349;0
350;1
351;0
352;0
353;0
354;0
355;0
356;0
357;0
358;0
359;0
360;0
361;0
362;0
363;0
364;2
365;1
366;1
367;2
368;0
369;0
370;0
371;0
372;1
373;1
374;2
375;0
376;0
377;0
378;1
379;0
380;0
381;2
382;2
383;0
384;2
385;2
386;1
387;0
388;0
389;1
390;0
391;0
392;0
393;0
394;1
395;0
396;0
397;0
398;0
399;2
400;4
401;0
402;2
403;2
404;2
405;0
406;0
407;0
408;2
409;0
410;0
411;0
412;2
413;0
414;0
415;0
416;0
417;0
418;0
419;0
420;0
421;0
422;2
423;0
424;2
425;2
426;0
427;0
428;2
429;0
430;2
431;0
432;0
433;0
434;0
435;0
436;1
437;2
438;0
439;0
440;0
441;0
442;2
443;2
444;0
445;0
446;0
447;0
448;2
449;0
450;0
451;2
452;0
453;0
454;0
455;0
456;0
457;0
458;1
459;0
460;0
461;0
462;0
463;0
464;0
465;0
466;2
467;0
468;0
469;0
470;2
471;0
472;0
473;0
474;0
475;0
476;2
477;2
478;1
479;0
480;2
481;0
482;0
483;0
484;0
485;0
486;0
487;0
488;0
489;0
490;1
491;0
492;0
493;0
494;2
495;1
496;0
497;0
498;0
499;0
500;2
501;2
502;0
503;1
504;0
505;1
506;0
507;0
508;0
509;0
510;0
511;2
512;0
513;0
514;0
515;2
516;0
517;2
518;2
519;2
520;0
521;0
522;2
523;1
524;0
525;0
526;0
527;2
528;4
529;0
530;1
531;2
532;2
533;0
534;2
535;0
536;2
537;0
538;0
539;0
540;2
541;1
542;0
543;0
544;2
545;2
546;2
547;0
548;0
549;0
550;2
551;0
552;0
553;2
554;0
555;0
556;1
557;0
558;0
559;0
560;0
561;0
562;0
563;0
564;0
565;0
566;2
567;0
568;0
569;1
570;0
571;2
572;0
573;2
574;0
575;0
576;0
577;0
578;0
579;0
580;2
581;0
582;0
583;0
584;0
585;0
586;1
587;0
588;2
589;0
590;1
591;0
592;0
593;1
594;0
595;0
596;2
597;0
598;0
599;2
600;2
601;0
602;1
603;0
604;0
605;0
606;1
607;0
608;2
609;2
610;0
611;0
612;2
613;1
614;0
615;2
616;2
617;0
618;0
619;1
620;2
621;0
622;2
623;0
624;0
625;0
626;0
627;1
628;2
629;0
630;1
631;1
632;0
633;0
634;0
635;0
636;4
637;0
638;0
639;0
640;0
641;0
642;0
643;0
644;2
645;0
646;0
647;0
648;0
649;0
650;2
651;0
652;0
653;0
654;0
655;0
656;0
657;0
658;0
659;0
660;1
661;1
662;0
663;0
664;0
665;2
666;2
667;1
668;2
669;0
670;0
671;0
672;1
673;0
674;0
675;0
676;1
677;0
678;0
679;0
680;0
681;0
682;0
683;0
684;0
685;0
686;0
687;0
688;0
689;0
690;2
691;2
692;2
693;0
694;2
695;2
696;1
697;0
698;0
699;2
700;4
701;2
702;2
703;2
704;2
705;0
706;2
707;0
708;1
709;0
710;0
711;0
712;0
713;1
714;0
715;0
716;2
717;0
718;0
719;2
720;1
721;0
722;0
723;2
724;1
725;0
726;0
727;0
728;2
729;2
730;0
731;0
732;0
733;2
734;2
735;0
736;2
737;0
738;2
739;2
740;0
741;0
742;0
743;0
744;0
745;2
746;1
747;0
748;2
749;2
750;0
751;0
752;0
753;0
754;0
755;1
756;0
757;0
758;1
759;0
760;1
761;0
762;0
763;0
764;0
765;0
766;2
767;0
768;0
769;2
770;2
771;2
772;0
773;0
774;0
775;0
776;0
777;2
778;2
779;2
780;2
781;2
782;1
783;0
784;0
785;0
786;1
787;0
788;0
789;0
790;0
791;0
792;0
793;1
794;1
795;0
796;1
797;2
798;0
799;0
800;2
801;2
802;1
803;0
804;1
805;0
806;2
807;2
808;2
809;0
810;2
811;2
812;0
813;0
814;2
815;0
816;0
817;0
818;1
819;0
820;0
821;0
822;1
823;0
824;1
825;0
826;2
827;0
828;0
829;0
830;0
831;0
832;0
833;0
834;0
835;0
836;2
837;0
838;0
839;0
840;0
841;2
842;0
843;0
844;0
845;2
846;0
847;2
848;0
849;0
850;1
851;0
852;0
853;0
854;0
855;0
856;0
857;2
858;0
859;0
860;2
861;0
862;1
863;0
864;0
865;0
866;2
867;1
868;0
869;2
870;0
871;0
872;0
873;0
874;2
875;2
876;0
877;0
878;2
879;2
880;1
881;0
882;0
883;2
884;2
885;0
886;2
887;2
888;2
889;0
890;0
891;0
892;2
893;0
894;0
895;0
896;0
897;0
898;1
899;0
900;2
901;0
902;0
903;0
904;2
905;1
906;0
907;0
908;1
909;0
910;1
911;0
912;1
913;0
914;0
915;2
916;0
917;0
918;2
919;1
920;0
921;0
922;2
923;0
924;1
925;1
926;2
927;2
928;2
929;1
930;2
931;0
932;0
933;1
934;1
935;0
936;2
937;2
938;2
939;2
940;0
941;2
942;0
943;0
944;0
945;0
946;0
947;0
948;2
949;0
950;0
951;0
952;0
953;0
954;0
955;0
956;0
957;0
958;1
959;0
960;0
961;0
962;2
963;0
964;0
965;1
966;0
967;0
968;0
969;0
970;0
971;0
972;0
973;0
974;0
975;0
976;0
977;2
978;0
979;0
980;2
981;0
982;1
983;0
984;0
985;0
986;0
987;0
988;0
989;0
990;0
991;0
992;0
993;2
994;0
995;0
996;0
997;1
998;2
999;2
1000;2
1001;1
1002;2
1003;1
1004;0
1005;0
1006;0
1007;2
1008;2
1009;0
1010;1
1011;0
1012;0
1013;1
1014;1
1015;0
1016;0
1017;0
1018;0
1019;0
1020;0
1021;0
1022;0
1023;0
