0;1
1;0
2;0
3;2
4;4
5;0
6;2
7;2
8;2
9;0
10;0
11;0
12;2
13;1
14;0
15;0
16;0
17;2
18;1
19;0
20;1
21;0
22;2
23;0
24;0
25;1
26;2
27;1
28;0
29;0
30;0
31;2
32;0
33;0
34;0
35;2
36;0
37;2
38;0
39;0
40;0
41;2
42;0
43;0
44;0
45;0
46;0
47;0
48;1
49;0
50;0
51;0
52;0
53;0
54;0
55;2
56;0
57;1
58;0
59;0
60;2
61;2
62;1
63;0
64;1
65;0
66;0
67;2
68;2
69;0
70;2
71;0
72;2
73;0
74;0
75;0
76;2
77;0
78;0
79;0
80;0
81;0
82;2
83;2
84;1
85;2
86;1
87;0
88;0
89;0
90;0
91;2
92;2
93;0
94;0
95;2
96;4
97;0
98;0
99;2
100;2
101;0
102;2
103;0
104;2
105;0
106;2
107;0
108;1
109;2
110;0
111;0
112;0
113;2
114;0
115;2
116;2
117;0
118;0
119;0
120;0
121;0
122;0
123;1
124;0
125;0
126;1
127;0
128;0
129;0
130;0
131;2
132;0
133;2
134;0
135;1
136;0
137;0
138;0
139;0
140;0
141;0
142;0
143;0
144;0
145;1
146;1
147;0
148;1
149;0
150;0
151;0
152;0
153;0
154;2
155;0
156;0
157;0
158;1
159;0
160;0
161;2
162;1
163;0
164;1
165;0
166;1
167;0
168;0
169;0
170;0
171;2
172;2
173;0
174;2
175;2
176;2
177;0
178;2
179;0
180;0
181;0
182;0
183;0
184;1
185;0
186;0
187;0
188;2
189;0
190;2
191;0
192;0
193;0
194;1
195;0
196;0
197;0
198;0
199;0
200;0
201;0
202;2
203;0
204;0
205;0
206;0
207;0
208;0
209;0
210;0
211;0
212;1
213;0
214;2
215;1
216;0
217;0
218;0
219;2
220;2
221;0
222;2
223;2
224;2
225;0
226;0
227;0
228;1
229;0
230;0
231;0
232;0
233;0
234;0
235;0
236;2
237;0
238;0
239;1
240;2
241;2
242;1
243;0
244;1
245;0
246;2
247;0
248;0
249;0
250;0
251;0
252;1
253;0
254;0
255;0
256;0
257;0
258;0
259;2
260;0
261;0
262;0
263;0
264;2
265;0
266;2
267;2
268;2
269;0
270;0
271;0
272;0
273;0
274;0
275;2
276;0
277;0
278;2
279;2
280;2
281;1
282;0
283;0
284;0
285;0
286;2
287;2
288;2
289;0
290;0
291;0
292;2
293;0
294;0
295;2
296;0
297;0
298;0
299;2
300;2
301;0
302;0
303;2
304;2
305;0
306;0
307;2
308;2
309;0
310;0
311;0
312;0
313;0
314;0
315;0
316;0
317;2
318;1
319;0
320;1
321;0
322;0
323;0
324;0
325;1
326;0
327;0
328;2
329;0
330;0
331;0
332;0
333;0
334;0
335;0
336;0
337;0
338;2
339;0
340;1
341;0
342;2
343;2
344;1
345;2
346;2
347;0
348;2
349;0
350;0
351;0
352;2
353;0
354;0
355;2
356;0
357;0
358;0
359;1
360;0
361;2
362;0
363;0
364;2
365;0
366;0
367;0
368;0
369;0
370;0
371;0
372;0
373;0
374;1
375;0
376;0
377;0
378;0
379;0
380;0
381;0
382;0
383;0
384;1
385;2
386;0
387;0
388;1
389;0
390;0
391;0
392;2
393;0
394;0
395;1
396;0
397;0
398;0
399;0
400;2
401;0
402;0
403;0
404;0
405;0
406;0
407;0
408;2
409;0
410;0
411;0
412;0
413;0
414;2
415;2
416;1
417;0
418;0
419;2
420;4
421;0
422;2
423;1
424;0
425;0
426;0
427;0
428;2
429;0
430;2
431;1
432;0
433;2
434;0
435;0
436;2
437;2
438;2
439;2
440;0
441;0
442;0
443;0
444;1
445;0
446;0
447;0
448;0
449;0
450;0
451;0
452;1
453;0
454;0
455;0
456;0
457;1
458;0
459;2
460;2
461;2
462;0
463;0
464;0
465;0
466;0
467;0
468;0
469;0
470;2
471;2
472;1
473;0
474;0
475;2
476;4
477;0
478;2
479;2
480;2
481;0
482;2
483;0
484;2
485;0
486;0
487;0
488;0
489;0
490;0
491;0
492;0
493;0
494;0
495;2
496;2
497;2
498;2
499;2
500;2
501;0
502;1
503;0
504;2
505;0
506;0
507;0
508;1
509;2
510;0
511;0
512;0
513;0
514;2
515;2
516;1
517;0
518;0
519;0
520;1
521;0
522;0
523;2
524;1
525;0
526;0
527;2
528;2
529;0
530;2
531;2
532;2
533;2
534;2
535;0
536;1
537;1
538;0
539;0
540;2
541;0
542;0
543;0
544;0
545;2
546;0
547;0
548;2
549;0
550;0
551;0
552;0
553;1
554;0
555;2
556;2
557;0
558;0
559;0
560;0
561;0
562;0
563;0
564;0
565;2
566;2
567;0
568;2
569;0
570;0
571;1
572;0
573;0
574;0
575;0
576;0
577;0
578;0
579;0
580;0
581;0
582;0
583;1
584;1
585;0
586;1
587;0
588;0
589;2
590;1
591;2
592;2
593;2
594;2
595;2
596;0
597;0
598;0
599;1
600;1
601;0
602;0
603;0
604;0
605;0
606;2
607;2
608;0
609;0
610;0
611;0
612;0
613;0
614;0
615;0
616;1
617;0
618;2
619;2
620;1
621;0
622;0
623;2
624;2
625;0
626;2
627;0
628;2
629;0
630;2
631;0
632;2
633;2
634;2
635;0
636;0
637;2
638;2
639;0
640;0
641;0
642;0
643;1
644;0
645;0
646;0
647;0
648;0
649;0
650;0
651;0
652;0
653;0
654;0
655;0
656;0
657;1
658;0
659;2
660;0
661;0
662;0
663;1
664;0
665;0
666;0
667;2
668;2
669;0
670;2
671;2
672;2
673;0
674;0
675;0
676;1
677;0
678;2
679;0
680;0
681;0
682;2
683;0
684;1
685;0
686;0
687;2
688;0
689;1
690;0
691;0
692;2
693;2
694;0
695;0
696;2
697;0
698;0
699;2
700;0
701;0
702;0
703;0
704;0
705;1
706;1
707;0
708;1
709;2
710;2
711;2
712;1
713;0
714;2
715;2
716;1
717;0
718;0
719;1
720;1
721;2
722;2
723;2
724;2
725;0
726;0
727;0
728;1
729;0
730;0
731;0
732;2
733;0
734;2
735;0
736;0
737;0
738;0
739;0
740;0
741;2
742;1
743;0
744;0
745;2
746;0
747;0
748;2
749;0
750;0
751;0
752;0
753;0
754;1
755;0
756;0
757;2
758;0
759;0
760;2
761;0
762;0
763;0
764;0
765;0
766;0
767;0
768;2
769;1
770;0
771;0
772;1
773;0
774;0
775;0
776;0
777;2
778;4
779;2
780;1
781;0
782;0
783;0
784;0
785;0
786;2
787;2
788;1
789;0
790;0
791;2
792;0
793;0
794;2
795;2
796;2
797;0
798;2
799;2
800;1
801;0
802;0
803;2
804;1
805;0
806;0
807;0
808;0
809;0
810;0
811;0
812;0
813;0
814;2
815;1
816;0
817;1
818;0
819;0
820;0
821;0
822;0
823;0
824;1
825;1
826;0
827;0
828;0
829;2
830;0
831;0
832;0
833;2
834;0
835;2
836;0
837;0
838;2
839;0
840;1
841;0
842;0
843;2
844;2
845;0
846;2
847;0
848;2
849;2
850;2
851;0
852;0
853;0
854;0
855;1
856;0
857;2
858;0
859;1
860;0
861;2
862;0
863;0
864;0
865;0
866;0
867;0
868;2
869;0
870;1
871;0
872;2
873;2
874;2
875;2
876;2
877;0
878;0
879;1
880;0
881;0
882;2
883;0
884;1
885;0
886;0
887;1
888;0
889;2
890;0
891;0
892;0
893;0
894;0
895;0
896;1
897;0
898;0
899;1
900;2
901;2
902;2
903;2
904;2
905;0
906;2
907;0
908;2
909;0
910;2
911;0
912;0
913;0
914;0
915;0
916;0
917;2
918;0
919;0
920;0
921;0
922;0
923;0
924;0
925;0
926;0
927;0
928;1
929;1
930;0
931;1
932;0
933;2
934;2
935;2
936;1
937;0
938;0
939;0
940;2
941;2
942;1
943;0
944;0
945;0
946;2
947;0
948;0
949;0
950;0
951;0
952;0
953;2
954;1
955;0
956;0
957;0
958;0
959;0
960;0
961;0
962;0
963;0
964;0
965;2
966;0
967;0
968;2
969;0
970;0
971;0
972;0
973;1
974;1
975;0
976;0
977;1
978;0
979;0
980;0
981;2
982;0
983;0
984;0
985;0
986;2
987;0
988;0
989;0
990;0
991;2
992;1
993;0
994;2
995;2
996;2
997;2
998;2
999;0
1000;1
1001;0
1002;0
1003;0
1004;0
1005;0
1006;1
1007;0
1008;0
1009;0
1010;2
1011;2
1012;1
1013;1
1014;0
1015;1
1016;0
1017;0
1018;0
1019;0
1020;0
1021;0
1022;0
1023;0
