0;0
1;0
2;0
3;2
4;2
5;0
6;2
7;1
8;0
9;0
10;0
11;0
12;2
13;1
14;0
15;0
16;0
17;0
18;1
19;0
20;1
21;2
22;0
23;2
24;0
25;1
26;0
27;0
28;1
29;0
30;0
31;0
32;1
33;0
34;1
35;0
36;1
37;0
38;0
39;2
40;1
41;0
42;0
43;1
44;0
45;2
46;2
47;2
48;2
49;0
50;0
51;0
52;0
53;0
54;0
55;0
56;1
57;0
58;0
59;0
60;2
61;0
62;0
63;0
64;2
65;2
66;2
67;0
68;1
69;0
70;0
71;0
72;1
73;0
74;0
75;0
76;4
77;2
78;1
79;2
80;2
81;0
82;2
83;0
84;2
85;0
86;2
87;0
88;0
89;0
90;2
91;2
92;0
93;0
94;0
95;1
96;2
97;0
98;2
99;2
100;0
101;0
102;0
103;0
104;0
105;0
106;0
107;1
108;1
109;0
110;1
111;1
112;0
113;0
114;0
115;0
116;0
117;0
118;1
119;0
120;0
121;0
122;2
123;1
124;0
125;0
126;0
127;1
128;0
129;0
130;0
131;0
132;1
133;2
134;1
135;0
136;0
137;0
138;0
139;0
140;0
141;0
142;0
143;2
144;0
145;0
146;0
147;0
148;0
149;0
150;1
151;0
152;0
153;2
154;2
155;2
156;1
157;0
158;0
159;0
160;2
161;2
162;2
163;0
164;1
165;0
166;0
167;2
168;2
169;0
170;0
171;0
172;0
173;0
174;2
175;0
176;0
177;2
178;0
179;2
180;2
181;0
182;0
183;2
184;2
185;0
186;0
187;0
188;1
189;0
190;0
191;0
192;0
193;0
194;0
195;0
196;0
197;0
198;0
199;0
200;0
201;0
202;2
203;0
204;0
205;0
206;1
207;0
208;1
209;0
210;2
211;0
212;0
213;0
214;0
215;0
216;1
217;0
218;0
219;0
220;0
221;0
222;0
223;0
224;0
225;0
226;0
227;0
228;0
229;0
230;0
231;0
232;2
233;0
234;0
235;0
236;1
237;0
238;1
239;0
240;0
241;0
242;0
243;0
244;2
245;0
246;1
247;0
248;1
249;0
250;0
251;0
252;0
253;0
254;0
255;0
256;0
257;0
258;0
259;0
260;1
261;1
262;0
263;0
264;4
265;0
266;2
267;1
268;0
269;0
270;2
271;0
272;2
273;0
274;2
275;2
276;0
277;0
278;0
279;0
280;0
281;0
282;0
283;2
284;1
285;0
286;2
287;2
288;1
289;0
290;0
291;2
292;2
293;0
294;1
295;2
296;0
297;0
298;2
299;0
300;2
301;0
302;0
303;0
304;1
305;0
306;0
307;0
308;0
309;0
310;0
311;0
312;2
313;1
314;2
315;2
316;2
317;1
318;0
319;0
320;0
321;2
322;1
323;0
324;2
325;1
326;0
327;0
328;0
329;0
330;0
331;2
332;1
333;0
334;0
335;0
336;2
337;2
338;0
339;2
340;2
341;0
342;0
343;0
344;1
345;0
346;0
347;2
348;1
349;0
350;0
351;0
352;0
353;0
354;2
355;2
356;1
357;1
358;0
359;0
360;1
361;0
362;1
363;0
364;0
365;0
366;2
367;0
368;0
369;2
370;1
371;0
372;0
373;1
374;0
375;0
376;0
377;0
378;0
379;0
380;1
381;0
382;0
383;0
384;0
385;0
386;2
387;0
388;2
389;2
390;2
391;0
392;0
393;0
394;0
395;0
396;0
397;0
398;2
399;2
400;2
401;0
402;0
403;0
404;0
405;0
406;0
407;0
408;2
409;0
410;0
411;0
412;1
413;0
414;0
415;1
416;0
417;2
418;1
419;0
420;1
421;0
422;0
423;0
424;0
425;2
426;1
427;0
428;0
429;0
430;2
431;1
432;0
433;0
434;0
435;2
436;2
437;0
438;1
439;2
440;1
441;0
442;2
443;0
444;0
445;2
446;0
447;2
448;0
449;1
450;0
451;2
452;2
453;0
454;0
455;2
456;0
457;0
458;2
459;2
460;2
461;0
462;0
463;0
464;0
465;2
466;2
467;0
468;0
469;0
470;0
471;0
472;0
473;0
474;1
475;0
476;0
477;2
478;1
479;0
480;0
481;0
482;2
483;0
484;0
485;0
486;0
487;1
488;2
489;0
490;2
491;2
492;1
493;0
494;0
495;0
496;2
497;0
498;2
499;0
500;0
501;2
502;2
503;0
504;0
505;0
506;0
507;2
508;4
509;0
510;2
511;2
512;1
513;0
514;1
515;0
516;1
517;0
518;0
519;2
520;1
521;0
522;2
523;0
524;0
525;0
526;0
527;0
528;0
529;0
530;0
531;0
532;2
533;0
534;0
535;2
536;0
537;1
538;0
539;2
540;0
541;0
542;0
543;0
544;0
545;0
546;0
547;2
548;0
549;0
550;1
551;0
552;1
553;0
554;1
555;2
556;1
557;0
558;0
559;1
560;0
561;0
562;0
563;0
564;0
565;2
566;2
567;2
568;1
569;0
570;0
571;0
572;1
573;0
574;0
575;0
576;0
577;2
578;0
579;0
580;2
581;2
582;0
583;0
584;2
585;1
586;1
587;0
588;0
589;2
590;0
591;2
592;2
593;1
594;0
595;2
596;0
597;0
598;2
599;0
600;0
601;0
602;1
603;0
604;0
605;0
606;1
607;0
608;0
609;0
610;0
611;2
612;1
613;0
614;1
615;0
616;2
617;0
618;0
619;0
620;1
621;2
622;2
623;1
624;2
625;0
626;2
627;0
628;0
629;0
630;2
631;1
632;0
633;0
634;0
635;0
636;0
637;0
638;0
639;2
640;0
641;0
642;1
643;0
644;2
645;2
646;2
647;2
648;0
649;1
650;0
651;0
652;0
653;0
654;0
655;0
656;1
657;2
658;2
659;1
660;1
661;0
662;1
663;0
664;0
665;0
666;0
667;0
668;0
669;0
670;0
671;1
672;0
673;0
674;0
675;2
676;1
677;1
678;0
679;1
680;0
681;0
682;0
683;0
684;2
685;0
686;0
687;1
688;0
689;0
690;0
691;0
692;0
693;0
694;0
695;0
696;0
697;0
698;0
699;2
700;1
701;0
702;2
703;2
704;2
705;0
706;2
707;0
708;1
709;0
710;0
711;1
712;0
713;0
714;0
715;2
716;1
717;0
718;0
719;0
720;1
721;2
722;2
723;2
724;0
725;2
726;0
727;0
728;2
729;0
730;0
731;0
732;2
733;0
734;1
735;0
736;0
737;0
738;0
739;0
740;1
741;0
742;0
743;0
744;0
745;0
746;1
747;0
748;1
749;0
750;0
751;1
752;0
753;0
754;0
755;1
756;0
757;0
758;0
759;2
760;2
761;0
762;0
763;0
764;0
765;0
766;0
767;0
768;0
769;1
770;0
771;2
772;2
773;0
774;0
775;0
776;0
777;1
778;0
779;0
780;1
781;0
782;0
783;1
784;0
785;2
786;1
787;0
788;0
789;0
790;1
791;0
792;0
793;0
794;0
795;0
796;2
797;2
798;0
799;0
800;0
801;0
802;2
803;2
804;1
805;0
806;0
807;1
808;4
809;2
810;2
811;2
812;2
813;0
814;2
815;0
816;2
817;0
818;0
819;0
820;0
821;0
822;0
823;0
824;0
825;0
826;0
827;2
828;1
829;0
830;0
831;0
832;0
833;0
834;0
835;0
836;0
837;1
838;0
839;2
840;2
841;0
842;0
843;0
844;2
845;2
846;0
847;1
848;0
849;0
850;0
851;2
852;0
853;1
854;0
855;0
856;2
857;2
858;0
859;0
860;0
861;2
862;2
863;0
864;2
865;0
866;0
867;0
868;0
869;1
870;2
871;2
872;2
873;2
874;2
875;0
876;2
877;2
878;1
879;2
880;0
881;0
882;0
883;2
884;4
885;0
886;0
887;2
888;2
889;2
890;0
891;0
892;2
893;0
894;0
895;0
896;0
897;0
898;2
899;0
900;0
901;0
902;0
903;0
904;0
905;1
906;0
907;2
908;1
909;0
910;1
911;0
912;0
913;0
914;1
915;0
916;2
917;0
918;0
919;2
920;0
921;0
922;0
923;2
924;2
925;0
926;2
927;0
928;2
929;0
930;2
931;2
932;1
933;2
934;1
935;2
936;2
937;0
938;0
939;0
940;0
941;0
942;0
943;0
944;0
945;0
946;0
947;0
948;0
949;0
950;2
951;2
952;0
953;2
954;0
955;1
956;0
957;0
958;0
959;0
960;0
961;2
962;1
963;0
964;1
965;0
966;0
967;2
968;2
969;0
970;0
971;1
972;0
973;0
974;0
975;0
976;2
977;2
978;0
979;1
980;0
981;0
982;2
983;2
984;1
985;0
986;0
987;1
988;0
989;0
990;1
991;0
992;2
993;0
994;0
995;0
996;2
997;0
998;2
999;1
1000;0
1001;2
1002;0
1003;0
1004;0
1005;0
1006;0
1007;1
1008;0
1009;1
1010;0
1011;2
1012;1
1013;1
1014;1
1015;0
1016;0
1017;0
1018;0
1019;0
1020;0
1021;0
1022;0
1023;0
