0;1
1;0
2;0
3;2
4;0
5;0
6;2
7;2
8;2
9;0
10;2
11;0
12;2
13;0
14;0
15;0
16;1
17;2
18;2
19;2
20;2
21;2
22;2
23;2
24;1
25;0
26;2
27;2
28;2
29;0
30;0
31;2
32;0
33;0
34;0
35;0
36;0
37;2
38;2
39;1
40;0
41;0
42;0
43;0
44;2
45;0
46;2
47;1
48;0
49;0
50;0
51;0
52;0
53;0
54;0
55;0
56;0
57;1
58;0
59;2
60;1
61;0
62;0
63;0
64;0
65;0
66;2
67;1
68;0
69;0
70;2
71;2
72;0
73;0
74;0
75;0
76;0
77;0
78;0
79;0
80;1
81;1
82;2
83;0
84;1
85;2
86;0
87;0
88;0
89;0
90;0
91;2
92;2
93;0
94;2
95;2
96;1
97;0
98;0
99;2
100;4
101;0
102;2
103;0
104;0
105;0
106;2
107;0
108;2
109;0
110;1
111;0
112;0
113;0
114;0
115;0
116;0
117;2
118;0
119;0
120;0
121;0
122;0
123;0
124;0
125;0
126;2
127;2
128;1
129;0
130;0
131;2
132;4
133;0
134;1
135;2
136;2
137;2
138;2
139;0
140;2
141;2
142;2
143;0
144;0
145;0
146;2
147;1
148;0
149;1
150;0
151;0
152;0
153;0
154;2
155;0
156;2
157;0
158;0
159;0
160;0
161;2
162;1
163;0
164;1
165;0
166;2
167;2
168;1
169;0
170;0
171;2
172;0
173;0
174;2
175;2
176;2
177;0
178;2
179;0
180;0
181;0
182;0
183;0
184;1
185;0
186;0
187;1
188;0
189;0
190;2
191;0
192;0
193;0
194;1
195;0
196;0
197;0
198;1
199;0
200;0
201;0
202;1
203;0
204;0
205;0
206;0
207;2
208;2
209;0
210;2
211;1
212;0
213;2
214;0
215;0
216;2
217;0
218;2
219;0
220;0
221;0
222;2
223;1
224;0
225;0
226;0
227;2
228;1
229;0
230;0
231;2
232;2
233;0
234;2
235;2
236;2
237;0
238;2
239;0
240;2
241;0
242;0
243;2
244;2
245;0
246;2
247;2
248;1
249;0
250;0
251;0
252;4
253;0
254;2
255;2
256;2
257;0
258;2
259;0
260;2
261;1
262;0
263;1
264;0
265;0
266;0
267;0
268;0
269;1
270;0
271;1
272;0
273;0
274;2
275;0
276;0
277;0
278;0
279;0
280;0
281;0
282;0
283;0
284;0
285;0
286;0
287;2
288;1
289;2
290;0
291;0
292;0
293;0
294;2
295;2
296;0
297;0
298;1
299;0
300;0
301;0
302;2
303;1
304;0
305;0
306;0
307;2
308;4
309;0
310;2
311;2
312;2
313;0
314;2
315;0
316;2
317;0
318;1
319;2
320;2
321;2
322;0
323;0
324;0
325;0
326;2
327;2
328;2
329;0
330;0
331;0
332;1
333;0
334;1
335;0
336;0
337;0
338;0
339;0
340;2
341;2
342;1
343;2
344;1
345;0
346;0
347;2
348;0
349;1
350;0
351;0
352;2
353;0
354;0
355;0
356;0
357;0
358;2
359;2
360;2
361;0
362;0
363;0
364;2
365;0
366;0
367;2
368;2
369;1
370;0
371;2
372;1
373;0
374;0
375;2
376;2
377;0
378;2
379;1
380;2
381;0
382;2
383;0
384;1
385;0
386;0
387;0
388;2
389;0
390;0
391;0
392;0
393;0
394;0
395;0
396;0
397;1
398;1
399;0
400;0
401;0
402;0
403;0
404;0
405;0
406;0
407;0
408;1
409;0
410;0
411;1
412;1
413;0
414;2
415;1
416;0
417;0
418;2
419;2
420;4
421;0
422;1
423;2
424;2
425;0
426;2
427;0
428;1
429;0
430;0
431;2
432;0
433;0
434;0
435;0
436;2
437;0
438;2
439;1
440;0
441;0
442;0
443;2
444;2
445;0
446;0
447;1
448;0
449;0
450;0
451;1
452;0
453;0
454;0
455;0
456;2
457;0
458;2
459;0
460;2
461;1
462;0
463;0
464;0
465;0
466;0
467;0
468;2
469;1
470;0
471;0
472;0
473;0
474;0
475;0
476;1
477;0
478;2
479;2
480;0
481;2
482;2
483;2
484;2
485;1
486;0
487;0
488;0
489;2
490;0
491;2
492;0
493;2
494;2
495;2
496;2
497;0
498;0
499;1
500;0
501;0
502;1
503;2
504;1
505;0
506;0
507;2
508;1
509;1
510;2
511;2
512;2
513;0
514;2
515;0
516;2
517;0
518;2
519;2
520;2
521;2
522;2
523;2
524;2
525;0
526;2
527;0
528;2
529;0
530;0
531;0
532;1
533;2
534;0
535;0
536;0
537;0
538;0
539;1
540;0
541;0
542;2
543;0
544;2
545;0
546;2
547;2
548;2
549;0
550;0
551;0
552;0
553;0
554;2
555;2
556;2
557;0
558;0
559;0
560;0
561;0
562;1
563;0
564;2
565;0
566;2
567;1
568;0
569;0
570;0
571;0
572;2
573;2
574;2
575;2
576;2
577;2
578;0
579;0
580;0
581;2
582;0
583;1
584;0
585;2
586;2
587;1
588;0
589;0
590;0
591;0
592;0
593;0
594;0
595;0
596;1
597;0
598;2
599;1
600;0
601;0
602;0
603;2
604;4
605;0
606;2
607;2
608;2
609;0
610;0
611;0
612;2
613;2
614;0
615;0
616;0
617;0
618;2
619;2
620;0
621;0
622;0
623;0
624;0
625;0
626;0
627;0
628;0
629;0
630;0
631;0
632;0
633;0
634;0
635;0
636;2
637;2
638;0
639;2
640;2
641;2
642;2
643;0
644;2
645;0
646;1
647;0
648;0
649;2
650;0
651;1
652;1
653;0
654;0
655;0
656;0
657;0
658;0
659;0
660;0
661;0
662;2
663;2
664;1
665;0
666;0
667;2
668;2
669;0
670;2
671;1
672;0
673;0
674;2
675;0
676;2
677;0
678;1
679;1
680;0
681;0
682;2
683;2
684;2
685;0
686;0
687;2
688;0
689;0
690;0
691;1
692;0
693;0
694;0
695;0
696;2
697;0
698;0
699;2
700;0
701;0
702;0
703;0
704;0
705;0
706;2
707;2
708;1
709;0
710;0
711;2
712;2
713;0
714;0
715;2
716;2
717;0
718;0
719;0
720;2
721;0
722;0
723;0
724;2
725;2
726;0
727;0
728;0
729;2
730;0
731;1
732;0
733;0
734;0
735;2
736;1
737;2
738;0
739;0
740;0
741;0
742;0
743;0
744;2
745;1
746;0
747;0
748;0
749;0
750;2
751;2
752;1
753;0
754;0
755;2
756;4
757;0
758;2
759;0
760;2
761;0
762;2
763;0
764;1
765;0
766;0
767;0
768;2
769;0
770;2
771;2
772;2
773;2
774;2
775;1
776;0
777;2
778;0
779;1
780;0
781;0
782;2
783;0
784;0
785;0
786;0
787;0
788;2
789;2
790;2
791;1
792;0
793;0
794;0
795;0
796;1
797;0
798;0
799;2
800;4
801;0
802;2
803;2
804;2
805;0
806;0
807;0
808;2
809;0
810;0
811;0
812;2
813;0
814;0
815;0
816;0
817;0
818;0
819;1
820;0
821;0
822;0
823;0
824;1
825;0
826;0
827;0
828;1
829;0
830;0
831;0
832;0
833;0
834;0
835;0
836;0
837;0
838;0
839;0
840;0
841;0
842;2
843;2
844;2
845;0
846;0
847;0
848;0
849;1
850;0
851;2
852;2
853;0
854;0
855;0
856;0
857;0
858;0
859;0
860;1
861;0
862;0
863;0
864;0
865;0
866;0
867;0
868;0
869;0
870;0
871;1
872;0
873;0
874;2
875;2
876;2
877;2
878;0
879;0
880;0
881;0
882;0
883;0
884;2
885;1
886;1
887;0
888;0
889;0
890;0
891;2
892;2
893;2
894;2
895;1
896;0
897;0
898;2
899;1
900;0
901;2
902;2
903;2
904;4
905;0
906;0
907;2
908;2
909;0
910;0
911;0
912;2
913;2
914;2
915;0
916;2
917;2
918;0
919;0
920;0
921;2
922;2
923;2
924;1
925;0
926;0
927;0
928;0
929;0
930;2
931;2
932;2
933;0
934;0
935;1
936;0
937;0
938;1
939;1
940;0
941;0
942;0
943;0
944;0
945;0
946;0
947;0
948;1
949;2
950;2
951;2
952;2
953;2
954;2
955;2
956;1
957;0
958;2
959;0
960;2
961;2
962;2
963;0
964;0
965;0
966;1
967;0
968;0
969;0
970;0
971;0
972;0
973;2
974;1
975;0
976;2
977;2
978;2
979;0
980;0
981;0
982;0
983;0
984;0
985;0
986;2
987;1
988;0
989;0
990;0
991;2
992;2
993;0
994;2
995;2
996;0
997;0
998;2
999;0
1000;2
1001;0
1002;0
1003;0
1004;1
1005;0
1006;0
1007;0
1008;1
1009;0
1010;2
1011;2
1012;1
1013;0
1014;0
1015;0
1016;0
1017;0
1018;0
1019;0
1020;0
1021;0
1022;0
1023;0
