0;1
1;0
2;0
3;1
4;1
5;0
6;2
7;2
8;2
9;0
10;2
11;0
12;2
13;1
14;0
15;0
16;0
17;1
18;0
19;0
20;0
21;0
22;0
23;2
24;0
25;1
26;0
27;1
28;0
29;2
30;0
31;0
32;1
33;0
34;1
35;0
36;1
37;0
38;0
39;0
40;1
41;0
42;1
43;1
44;0
45;0
46;0
47;0
48;2
49;0
50;0
51;0
52;0
53;0
54;0
55;0
56;1
57;0
58;0
59;0
60;1
61;0
62;0
63;0
64;2
65;0
66;2
67;2
68;2
69;0
70;2
71;0
72;0
73;0
74;0
75;2
76;2
77;2
78;0
79;0
80;2
81;2
82;0
83;0
84;0
85;1
86;0
87;0
88;0
89;1
90;0
91;0
92;1
93;0
94;0
95;0
96;0
97;0
98;2
99;0
100;0
101;0
102;0
103;0
104;0
105;0
106;0
107;0
108;0
109;1
110;0
111;0
112;2
113;0
114;0
115;0
116;2
117;0
118;2
119;2
120;1
121;0
122;0
123;2
124;1
125;0
126;2
127;0
128;0
129;0
130;2
131;0
132;2
133;2
134;0
135;2
136;0
137;2
138;0
139;0
140;0
141;1
142;0
143;2
144;0
145;0
146;0
147;0
148;0
149;0
150;1
151;0
152;0
153;0
154;0
155;2
156;2
157;0
158;1
159;0
160;1
161;0
162;0
163;0
164;0
165;0
166;0
167;0
168;0
169;2
170;2
171;2
172;1
173;0
174;0
175;0
176;0
177;0
178;0
179;0
180;0
181;0
182;0
183;0
184;0
185;0
186;0
187;1
188;0
189;0
190;0
191;2
192;1
193;0
194;1
195;0
196;0
197;0
198;0
199;0
200;0
201;1
202;0
203;2
204;1
205;0
206;0
207;0
208;0
209;0
210;2
211;1
212;0
213;0
214;0
215;0
216;2
217;0
218;2
219;2
220;0
221;0
222;2
223;0
224;2
225;2
226;2
227;0
228;2
229;1
230;2
231;0
232;0
233;0
234;2
235;2
236;0
237;0
238;0
239;0
240;0
241;0
242;0
243;0
244;0
245;0
246;2
247;2
248;2
249;0
250;2
251;2
252;1
253;0
254;2
255;2
256;0
257;0
258;0
259;2
260;0
261;0
262;2
263;2
264;2
265;1
266;0
267;0
268;2
269;0
270;0
271;0
272;0
273;0
274;0
275;1
276;0
277;0
278;0
279;0
280;0
281;0
282;0
283;0
284;0
285;0
286;0
287;2
288;2
289;0
290;1
291;0
292;1
293;2
294;0
295;2
296;1
297;0
298;0
299;0
300;2
301;0
302;1
303;0
304;2
305;0
306;2
307;0
308;0
309;0
310;0
311;2
312;2
313;0
314;1
315;0
316;2
317;0
318;2
319;0
320;0
321;2
322;0
323;0
324;2
325;0
326;0
327;0
328;0
329;0
330;0
331;2
332;1
333;0
334;0
335;0
336;2
337;2
338;0
339;0
340;1
341;0
342;0
343;0
344;0
345;0
346;0
347;0
348;2
349;1
350;0
351;0
352;0
353;0
354;0
355;0
356;2
357;1
358;0
359;2
360;1
361;0
362;0
363;0
364;1
365;0
366;0
367;2
368;2
369;0
370;0
371;2
372;2
373;2
374;2
375;0
376;0
377;2
378;0
379;1
380;0
381;0
382;0
383;0
384;1
385;0
386;0
387;0
388;2
389;2
390;2
391;0
392;0
393;0
394;0
395;0
396;0
397;0
398;0
399;0
400;0
401;2
402;2
403;2
404;1
405;0
406;0
407;2
408;1
409;0
410;0
411;1
412;2
413;0
414;2
415;0
416;2
417;0
418;0
419;0
420;1
421;0
422;1
423;0
424;0
425;0
426;0
427;2
428;0
429;1
430;2
431;2
432;0
433;0
434;0
435;0
436;0
437;1
438;0
439;0
440;0
441;0
442;0
443;0
444;0
445;2
446;0
447;0
448;0
449;0
450;0
451;0
452;1
453;0
454;0
455;2
456;2
457;0
458;2
459;2
460;2
461;0
462;0
463;0
464;0
465;0
466;1
467;0
468;0
469;0
470;1
471;0
472;0
473;1
474;0
475;0
476;2
477;0
478;2
479;0
480;0
481;2
482;2
483;2
484;0
485;0
486;2
487;1
488;0
489;0
490;1
491;0
492;0
493;0
494;0
495;0
496;0
497;0
498;0
499;2
500;0
501;0
502;2
503;0
504;0
505;2
506;1
507;0
508;0
509;1
510;0
511;0
512;1
513;0
514;0
515;0
516;2
517;0
518;0
519;1
520;0
521;0
522;0
523;1
524;1
525;0
526;2
527;0
528;0
529;0
530;0
531;0
532;2
533;0
534;0
535;0
536;2
537;0
538;0
539;0
540;0
541;0
542;2
543;2
544;1
545;0
546;0
547;2
548;2
549;0
550;0
551;1
552;0
553;0
554;0
555;2
556;0
557;0
558;0
559;0
560;0
561;0
562;0
563;2
564;0
565;0
566;0
567;1
568;0
569;2
570;1
571;0
572;1
573;0
574;0
575;0
576;1
577;0
578;0
579;0
580;0
581;0
582;0
583;0
584;0
585;0
586;1
587;0
588;1
589;0
590;1
591;0
592;2
593;0
594;2
595;2
596;2
597;1
598;0
599;2
600;2
601;0
602;0
603;0
604;0
605;2
606;0
607;0
608;0
609;0
610;1
611;0
612;0
613;0
614;0
615;0
616;2
617;0
618;0
619;0
620;0
621;0
622;0
623;0
624;1
625;0
626;0
627;0
628;1
629;0
630;2
631;2
632;1
633;0
634;0
635;2
636;2
637;2
638;2
639;0
640;2
641;0
642;2
643;0
644;2
645;0
646;0
647;0
648;2
649;1
650;0
651;2
652;2
653;1
654;0
655;1
656;0
657;0
658;2
659;0
660;2
661;1
662;0
663;1
664;0
665;1
666;0
667;0
668;0
669;0
670;0
671;0
672;0
673;2
674;0
675;0
676;0
677;2
678;0
679;0
680;0
681;2
682;0
683;0
684;0
685;0
686;0
687;0
688;1
689;0
690;1
691;2
692;0
693;0
694;0
695;0
696;0
697;2
698;0
699;0
700;0
701;0
702;1
703;0
704;1
705;0
706;0
707;0
708;1
709;1
710;1
711;0
712;0
713;0
714;1
715;0
716;1
717;0
718;0
719;2
720;2
721;0
722;2
723;2
724;2
725;0
726;2
727;2
728;0
729;0
730;0
731;0
732;0
733;0
734;2
735;0
736;1
737;0
738;2
739;2
740;1
741;0
742;0
743;0
744;4
745;0
746;2
747;1
748;0
749;1
750;0
751;0
752;1
753;0
754;1
755;0
756;0
757;2
758;0
759;0
760;0
761;1
762;0
763;0
764;0
765;0
766;0
767;0
768;0
769;2
770;2
771;2
772;0
773;0
774;0
775;0
776;0
777;0
778;0
779;0
780;0
781;0
782;0
783;0
784;0
785;0
786;0
787;2
788;1
789;1
790;2
791;0
792;2
793;2
794;0
795;0
796;0
797;0
798;1
799;0
800;0
801;0
802;2
803;2
804;1
805;0
806;0
807;2
808;1
809;2
810;2
811;1
812;0
813;0
814;0
815;0
816;2
817;2
818;1
819;0
820;0
821;2
822;0
823;2
824;2
825;0
826;1
827;0
828;0
829;0
830;0
831;0
832;0
833;1
834;0
835;0
836;2
837;0
838;0
839;2
840;0
841;2
842;2
843;0
844;2
845;0
846;0
847;0
848;2
849;2
850;1
851;0
852;1
853;0
854;2
855;0
856;1
857;0
858;0
859;0
860;0
861;0
862;0
863;2
864;1
865;0
866;0
867;2
868;2
869;0
870;1
871;2
872;2
873;0
874;2
875;0
876;0
877;0
878;2
879;0
880;0
881;0
882;0
883;0
884;0
885;1
886;0
887;0
888;0
889;0
890;1
891;0
892;0
893;2
894;0
895;0
896;1
897;0
898;0
899;0
900;0
901;2
902;2
903;2
904;0
905;0
906;0
907;0
908;0
909;0
910;0
911;0
912;0
913;2
914;1
915;0
916;0
917;2
918;0
919;1
920;0
921;2
922;0
923;0
924;0
925;2
926;1
927;1
928;0
929;1
930;2
931;2
932;2
933;1
934;0
935;1
936;0
937;0
938;1
939;0
940;0
941;0
942;0
943;2
944;2
945;2
946;2
947;2
948;2
949;0
950;2
951;2
952;1
953;1
954;0
955;0
956;2
957;0
958;0
959;0
960;0
961;0
962;0
963;0
964;0
965;0
966;0
967;2
968;0
969;0
970;0
971;2
972;2
973;1
974;1
975;1
976;0
977;2
978;0
979;0
980;0
981;2
982;2
983;0
984;0
985;0
986;0
987;0
988;0
989;0
990;0
991;0
992;1
993;0
994;2
995;2
996;1
997;0
998;0
999;2
1000;2
1001;0
1002;2
1003;1
1004;2
1005;0
1006;2
1007;0
1008;0
1009;0
1010;0
1011;0
1012;0
1013;0
1014;1
1015;1
1016;0
1017;0
1018;0
1019;0
1020;0
1021;0
1022;0
1023;0
