0;0
1;1
2;0
3;2
4;4
5;0
6;2
7;2
8;0
9;0
10;2
11;0
12;2
13;1
14;0
15;0
16;1
17;2
18;1
19;0
20;0
21;2
22;0
23;2
24;1
25;1
26;2
27;1
28;0
29;0
30;0
31;0
32;0
33;0
34;0
35;1
36;0
37;0
38;2
39;1
40;0
41;0
42;0
43;0
44;2
45;0
46;0
47;2
48;2
49;0
50;0
51;0
52;0
53;0
54;0
55;0
56;2
57;2
58;1
59;2
60;1
61;0
62;0
63;0
64;0
65;0
66;2
67;1
68;0
69;0
70;2
71;2
72;1
73;0
74;0
75;0
76;0
77;0
78;0
79;2
80;2
81;0
82;0
83;0
84;1
85;2
86;0
87;0
88;0
89;2
90;0
91;1
92;0
93;2
94;0
95;1
96;0
97;0
98;2
99;1
100;0
101;0
102;1
103;0
104;0
105;0
106;0
107;0
108;0
109;0
110;0
111;0
112;0
113;0
114;0
115;0
116;2
117;0
118;2
119;1
120;0
121;2
122;1
123;0
124;1
125;0
126;2
127;0
128;2
129;0
130;2
131;0
132;1
133;0
134;0
135;0
136;0
137;2
138;2
139;2
140;1
141;0
142;2
143;0
144;0
145;0
146;0
147;0
148;0
149;2
150;1
151;0
152;0
153;0
154;0
155;2
156;1
157;0
158;0
159;2
160;1
161;0
162;2
163;2
164;2
165;0
166;0
167;0
168;2
169;2
170;1
171;0
172;0
173;1
174;0
175;0
176;0
177;0
178;0
179;2
180;0
181;2
182;0
183;0
184;0
185;0
186;0
187;0
188;2
189;1
190;0
191;2
192;1
193;0
194;0
195;1
196;1
197;0
198;2
199;2
200;2
201;0
202;2
203;0
204;0
205;0
206;0
207;0
208;0
209;0
210;0
211;0
212;0
213;0
214;0
215;2
216;1
217;0
218;2
219;2
220;1
221;0
222;0
223;2
224;2
225;0
226;1
227;1
228;0
229;0
230;2
231;0
232;1
233;2
234;2
235;2
236;0
237;0
238;0
239;0
240;0
241;0
242;0
243;0
244;0
245;2
246;2
247;2
248;2
249;0
250;0
251;2
252;0
253;0
254;1
255;0
256;0
257;0
258;0
259;0
260;1
261;0
262;2
263;1
264;0
265;0
266;0
267;0
268;0
269;0
270;1
271;2
272;1
273;0
274;0
275;0
276;0
277;0
278;0
279;0
280;2
281;0
282;0
283;0
284;1
285;0
286;2
287;1
288;0
289;0
290;0
291;0
292;2
293;0
294;1
295;1
296;0
297;0
298;0
299;0
300;0
301;0
302;0
303;0
304;1
305;1
306;0
307;0
308;0
309;0
310;0
311;0
312;0
313;1
314;0
315;0
316;0
317;0
318;0
319;0
320;0
321;0
322;0
323;0
324;1
325;0
326;0
327;1
328;1
329;0
330;2
331;0
332;0
333;2
334;2
335;0
336;0
337;0
338;0
339;0
340;0
341;0
342;2
343;0
344;0
345;0
346;0
347;1
348;0
349;0
350;1
351;0
352;0
353;0
354;2
355;0
356;0
357;0
358;0
359;2
360;4
361;0
362;2
363;2
364;2
365;0
366;0
367;0
368;2
369;0
370;4
371;2
372;1
373;1
374;2
375;0
376;2
377;2
378;2
379;2
380;1
381;0
382;1
383;0
384;2
385;1
386;0
387;0
388;0
389;0
390;0
391;0
392;1
393;2
394;2
395;1
396;0
397;2
398;2
399;2
400;2
401;1
402;0
403;0
404;0
405;0
406;0
407;0
408;0
409;1
410;2
411;2
412;2
413;0
414;2
415;1
416;0
417;0
418;1
419;1
420;0
421;0
422;2
423;0
424;0
425;0
426;2
427;2
428;2
429;2
430;0
431;0
432;2
433;0
434;1
435;0
436;0
437;0
438;0
439;0
440;1
441;0
442;0
443;0
444;0
445;0
446;2
447;2
448;1
449;0
450;2
451;0
452;0
453;0
454;0
455;2
456;0
457;0
458;0
459;0
460;0
461;0
462;2
463;1
464;0
465;1
466;0
467;0
468;0
469;2
470;1
471;0
472;0
473;0
474;2
475;0
476;0
477;0
478;0
479;0
480;1
481;0
482;2
483;2
484;2
485;0
486;2
487;0
488;1
489;0
490;0
491;0
492;0
493;0
494;0
495;2
496;0
497;0
498;0
499;1
500;2
501;0
502;0
503;2
504;2
505;0
506;0
507;1
508;0
509;0
510;0
511;0
512;0
513;0
514;2
515;2
516;1
517;0
518;0
519;0
520;2
521;2
522;2
523;2
524;0
525;0
526;0
527;0
528;0
529;0
530;2
531;2
532;0
533;0
534;0
535;0
536;0
537;0
538;0
539;0
540;2
541;0
542;0
543;1
544;0
545;2
546;2
547;0
548;2
549;0
550;2
551;0
552;0
553;2
554;0
555;1
556;0
557;0
558;0
559;0
560;0
561;0
562;0
563;0
564;1
565;0
566;2
567;0
568;0
569;0
570;1
571;2
572;0
573;1
574;0
575;1
576;0
577;0
578;0
579;0
580;2
581;0
582;0
583;1
584;1
585;0
586;0
587;0
588;2
589;2
590;2
591;1
592;0
593;2
594;2
595;0
596;0
597;0
598;0
599;2
600;0
601;0
602;2
603;2
604;2
605;2
606;1
607;0
608;0
609;2
610;0
611;0
612;2
613;2
614;0
615;2
616;2
617;0
618;0
619;0
620;0
621;0
622;2
623;0
624;0
625;0
626;1
627;0
628;1
629;0
630;0
631;1
632;4
633;0
634;2
635;2
636;1
637;0
638;2
639;1
640;1
641;0
642;0
643;0
644;0
645;2
646;2
647;2
648;2
649;0
650;1
651;1
652;0
653;2
654;0
655;2
656;2
657;2
658;2
659;0
660;0
661;0
662;0
663;0
664;2
665;0
666;1
667;0
668;0
669;0
670;0
671;2
672;2
673;0
674;0
675;0
676;0
677;0
678;0
679;0
680;0
681;2
682;2
683;1
684;0
685;0
686;2
687;0
688;0
689;0
690;1
691;0
692;1
693;0
694;0
695;0
696;0
697;0
698;0
699;1
700;0
701;0
702;0
703;0
704;0
705;0
706;0
707;0
708;2
709;1
710;0
711;0
712;1
713;0
714;0
715;2
716;1
717;2
718;0
719;1
720;0
721;0
722;0
723;0
724;1
725;2
726;2
727;0
728;0
729;0
730;0
731;0
732;0
733;0
734;0
735;1
736;0
737;0
738;1
739;0
740;2
741;2
742;0
743;0
744;0
745;0
746;0
747;0
748;2
749;1
750;1
751;0
752;0
753;2
754;2
755;2
756;2
757;0
758;2
759;2
760;1
761;0
762;0
763;0
764;1
765;0
766;0
767;0
768;0
769;0
770;0
771;0
772;0
773;2
774;2
775;1
776;0
777;0
778;0
779;0
780;0
781;0
782;1
783;0
784;0
785;0
786;0
787;2
788;2
789;0
790;2
791;0
792;0
793;0
794;0
795;0
796;0
797;1
798;1
799;4
800;2
801;2
802;2
803;2
804;2
805;2
806;2
807;2
808;0
809;0
810;2
811;2
812;1
813;0
814;0
815;2
816;2
817;0
818;2
819;2
820;2
821;0
822;2
823;0
824;0
825;2
826;2
827;2
828;2
829;0
830;0
831;0
832;0
833;1
834;0
835;0
836;2
837;2
838;0
839;0
840;0
841;0
842;0
843;2
844;0
845;0
846;2
847;2
848;2
849;0
850;0
851;0
852;2
853;0
854;0
855;0
856;0
857;0
858;1
859;0
860;2
861;0
862;0
863;0
864;0
865;0
866;0
867;0
868;1
869;0
870;2
871;2
872;1
873;0
874;0
875;0
876;1
877;0
878;0
879;0
880;0
881;2
882;0
883;2
884;0
885;0
886;0
887;2
888;0
889;0
890;1
891;0
892;1
893;0
894;0
895;2
896;1
897;0
898;0
899;1
900;0
901;0
902;0
903;0
904;1
905;0
906;0
907;1
908;0
909;2
910;0
911;1
912;0
913;0
914;2
915;1
916;0
917;0
918;1
919;2
920;0
921;0
922;1
923;0
924;2
925;2
926;1
927;0
928;0
929;0
930;0
931;0
932;2
933;0
934;2
935;0
936;1
937;0
938;0
939;2
940;0
941;1
942;2
943;2
944;1
945;2
946;0
947;0
948;1
949;1
950;1
951;0
952;0
953;2
954;0
955;0
956;0
957;1
958;0
959;0
960;0
961;0
962;0
963;0
964;2
965;0
966;2
967;0
968;1
969;0
970;0
971;2
972;0
973;0
974;0
975;0
976;0
977;0
978;0
979;0
980;1
981;1
982;0
983;0
984;0
985;1
986;0
987;2
988;0
989;0
990;1
991;0
992;2
993;2
994;1
995;0
996;0
997;2
998;0
999;1
1000;0
1001;0
1002;0
1003;0
1004;0
1005;0
1006;0
1007;1
1008;0
1009;2
1010;0
1011;0
1012;1
1013;0
1014;1
1015;1
1016;0
1017;0
1018;0
1019;0
1020;0
1021;0
1022;0
1023;0
