0;1
1;0
2;0
3;1
4;4
5;0
6;2
7;1
8;0
9;0
10;2
11;0
12;2
13;0
14;1
15;0
16;0
17;1
18;0
19;2
20;2
21;2
22;2
23;0
24;1
25;1
26;2
27;2
28;2
29;0
30;0
31;2
32;0
33;0
34;0
35;0
36;0
37;0
38;0
39;0
40;0
41;0
42;0
43;0
44;2
45;0
46;0
47;0
48;2
49;0
50;0
51;0
52;0
53;0
54;0
55;0
56;0
57;1
58;1
59;2
60;1
61;0
62;0
63;0
64;0
65;0
66;0
67;0
68;0
69;0
70;2
71;2
72;1
73;0
74;0
75;0
76;0
77;0
78;0
79;0
80;2
81;0
82;2
83;1
84;1
85;2
86;0
87;0
88;0
89;0
90;2
91;2
92;1
93;0
94;0
95;2
96;4
97;0
98;2
99;2
100;2
101;0
102;0
103;0
104;2
105;0
106;0
107;0
108;0
109;0
110;0
111;0
112;0
113;0
114;1
115;0
116;0
117;0
118;0
119;0
120;0
121;2
122;0
123;0
124;0
125;0
126;0
127;0
128;0
129;0
130;0
131;0
132;0
133;1
134;1
135;0
136;1
137;0
138;0
139;0
140;2
141;0
142;2
143;0
144;2
145;0
146;0
147;0
148;0
149;2
150;2
151;2
152;1
153;0
154;2
155;0
156;0
157;0
158;0
159;0
160;0
161;0
162;2
163;0
164;0
165;0
166;1
167;0
168;0
169;0
170;0
171;0
172;2
173;0
174;0
175;0
176;0
177;0
178;0
179;0
180;0
181;0
182;2
183;1
184;0
185;0
186;0
187;2
188;4
189;0
190;2
191;2
192;2
193;0
194;2
195;0
196;1
197;0
198;0
199;0
200;0
201;0
202;0
203;0
204;0
205;0
206;0
207;1
208;0
209;0
210;0
211;0
212;2
213;2
214;2
215;2
216;2
217;0
218;2
219;0
220;0
221;0
222;0
223;0
224;0
225;0
226;0
227;0
228;0
229;0
230;0
231;2
232;1
233;0
234;2
235;1
236;0
237;0
238;0
239;2
240;4
241;0
242;2
243;2
244;2
245;0
246;2
247;0
248;1
249;2
250;2
251;2
252;0
253;0
254;0
255;0
256;0
257;0
258;0
259;0
260;0
261;1
262;0
263;2
264;2
265;2
266;0
267;2
268;0
269;0
270;1
271;0
272;0
273;0
274;0
275;2
276;4
277;0
278;2
279;2
280;2
281;0
282;2
283;0
284;1
285;0
286;0
287;0
288;1
289;0
290;2
291;1
292;0
293;0
294;0
295;0
296;1
297;0
298;1
299;2
300;1
301;0
302;0
303;0
304;0
305;1
306;0
307;0
308;2
309;0
310;0
311;0
312;2
313;0
314;0
315;0
316;0
317;0
318;0
319;0
320;2
321;0
322;0
323;0
324;0
325;0
326;0
327;0
328;0
329;0
330;0
331;0
332;1
333;0
334;0
335;2
336;4
337;0
338;0
339;2
340;2
341;0
342;2
343;0
344;2
345;0
346;0
347;0
348;0
349;0
350;0
351;0
352;0
353;1
354;1
355;0
356;0
357;0
358;0
359;0
360;0
361;0
362;1
363;0
364;1
365;0
366;0
367;1
368;2
369;0
370;0
371;0
372;2
373;0
374;0
375;0
376;0
377;0
378;0
379;0
380;1
381;0
382;2
383;2
384;1
385;0
386;0
387;2
388;4
389;0
390;0
391;0
392;2
393;0
394;2
395;0
396;2
397;0
398;0
399;0
400;0
401;0
402;0
403;0
404;0
405;0
406;1
407;0
408;2
409;0
410;0
411;0
412;2
413;2
414;2
415;1
416;1
417;0
418;0
419;0
420;1
421;0
422;2
423;2
424;1
425;0
426;0
427;2
428;4
429;0
430;2
431;2
432;2
433;0
434;0
435;0
436;2
437;0
438;0
439;0
440;2
441;0
442;0
443;0
444;0
445;0
446;2
447;2
448;1
449;0
450;0
451;2
452;4
453;0
454;1
455;2
456;2
457;0
458;2
459;0
460;2
461;0
462;1
463;0
464;0
465;1
466;2
467;0
468;2
469;0
470;0
471;0
472;2
473;0
474;0
475;0
476;0
477;0
478;2
479;0
480;2
481;0
482;2
483;2
484;1
485;2
486;0
487;0
488;2
489;0
490;2
491;0
492;2
493;1
494;0
495;0
496;1
497;2
498;0
499;0
500;0
501;0
502;2
503;2
504;1
505;0
506;2
507;2
508;2
509;0
510;2
511;2
512;2
513;0
514;0
515;0
516;0
517;0
518;0
519;1
520;0
521;0
522;0
523;0
524;0
525;2
526;2
527;1
528;0
529;0
530;0
531;0
532;0
533;0
534;2
535;2
536;0
537;0
538;0
539;2
540;2
541;0
542;2
543;2
544;2
545;0
546;2
547;2
548;2
549;0
550;0
551;0
552;0
553;0
554;0
555;0
556;0
557;0
558;0
559;0
560;0
561;2
562;2
563;2
564;1
565;0
566;0
567;2
568;2
569;0
570;2
571;0
572;2
573;0
574;2
575;0
576;1
577;0
578;0
579;4
580;0
581;0
582;0
583;2
584;2
585;0
586;0
587;1
588;0
589;0
590;0
591;0
592;0
593;2
594;2
595;2
596;2
597;2
598;0
599;0
600;0
601;0
602;0
603;1
604;0
605;0
606;0
607;0
608;0
609;0
610;2
611;2
612;0
613;0
614;0
615;0
616;0
617;0
618;0
619;0
620;2
621;2
622;2
623;2
624;2
625;2
626;2
627;0
628;2
629;0
630;2
631;0
632;0
633;2
634;0
635;1
636;1
637;0
638;0
639;0
640;0
641;0
642;0
643;0
644;0
645;0
646;2
647;0
648;0
649;1
650;0
651;0
652;0
653;0
654;0
655;0
656;0
657;0
658;0
659;0
660;2
661;0
662;0
663;2
664;0
665;0
666;0
667;0
668;0
669;0
670;2
671;2
672;1
673;0
674;0
675;2
676;4
677;0
678;2
679;2
680;2
681;0
682;2
683;0
684;1
685;0
686;0
687;0
688;1
689;0
690;0
691;0
692;0
693;2
694;0
695;0
696;0
697;0
698;0
699;0
700;1
701;2
702;0
703;0
704;0
705;0
706;0
707;0
708;2
709;0
710;2
711;0
712;0
713;0
714;0
715;1
716;2
717;2
718;0
719;2
720;2
721;0
722;0
723;0
724;2
725;0
726;0
727;0
728;0
729;0
730;0
731;0
732;0
733;2
734;0
735;0
736;2
737;0
738;0
739;0
740;0
741;0
742;0
743;0
744;0
745;0
746;0
747;0
748;4
749;0
750;0
751;0
752;0
753;2
754;2
755;2
756;2
757;0
758;2
759;0
760;1
761;0
762;0
763;2
764;1
765;0
766;0
767;2
768;4
769;0
770;2
771;1
772;1
773;0
774;2
775;0
776;2
777;2
778;2
779;2
780;1
781;0
782;0
783;0
784;0
785;0
786;0
787;0
788;0
789;0
790;2
791;2
792;2
793;1
794;0
795;0
796;0
797;0
798;0
799;2
800;0
801;0
802;2
803;2
804;1
805;0
806;0
807;2
808;2
809;0
810;2
811;2
812;2
813;0
814;2
815;2
816;2
817;0
818;1
819;0
820;0
821;0
822;0
823;0
824;0
825;0
826;0
827;0
828;0
829;0
830;1
831;0
832;0
833;0
834;0
835;0
836;0
837;0
838;2
839;2
840;2
841;2
842;0
843;0
844;0
845;0
846;0
847;0
848;2
849;1
850;1
851;0
852;0
853;2
854;2
855;2
856;2
857;2
858;0
859;2
860;1
861;0
862;0
863;2
864;4
865;0
866;2
867;1
868;0
869;0
870;2
871;0
872;1
873;2
874;2
875;2
876;1
877;0
878;0
879;0
880;0
881;2
882;0
883;0
884;0
885;0
886;2
887;0
888;0
889;2
890;0
891;0
892;1
893;0
894;2
895;2
896;1
897;0
898;0
899;2
900;4
901;0
902;2
903;2
904;2
905;0
906;2
907;1
908;1
909;0
910;1
911;0
912;2
913;2
914;2
915;2
916;1
917;0
918;2
919;2
920;1
921;0
922;0
923;2
924;4
925;0
926;2
927;2
928;0
929;0
930;2
931;0
932;2
933;0
934;1
935;0
936;2
937;0
938;0
939;0
940;0
941;2
942;1
943;0
944;2
945;2
946;0
947;0
948;0
949;0
950;1
951;0
952;0
953;0
954;0
955;2
956;2
957;0
958;0
959;0
960;2
961;0
962;0
963;0
964;0
965;0
966;0
967;0
968;2
969;0
970;1
971;0
972;1
973;0
974;0
975;0
976;2
977;2
978;2
979;2
980;1
981;0
982;0
983;0
984;1
985;0
986;0
987;0
988;0
989;2
990;0
991;0
992;0
993;0
994;2
995;2
996;1
997;0
998;0
999;2
1000;2
1001;0
1002;2
1003;2
1004;2
1005;0
1006;2
1007;0
1008;0
1009;0
1010;2
1011;2
1012;1
1013;1
1014;0
1015;0
1016;0
1017;0
1018;0
1019;0
1020;0
1021;0
1022;0
1023;0
