0;1
1;0
2;0
3;2
4;2
5;0
6;0
7;2
8;2
9;0
10;2
11;0
12;2
13;0
14;0
15;0
16;1
17;2
18;1
19;0
20;2
21;1
22;0
23;2
24;1
25;1
26;2
27;2
28;2
29;0
30;0
31;2
32;0
33;0
34;0
35;0
36;0
37;0
38;1
39;0
40;0
41;0
42;0
43;0
44;2
45;0
46;1
47;0
48;0
49;0
50;0
51;0
52;0
53;0
54;0
55;1
56;0
57;1
58;1
59;2
60;1
61;0
62;0
63;0
64;0
65;0
66;1
67;0
68;0
69;0
70;0
71;2
72;1
73;0
74;0
75;0
76;1
77;0
78;0
79;0
80;2
81;0
82;1
83;0
84;1
85;0
86;0
87;0
88;0
89;2
90;1
91;0
92;0
93;0
94;1
95;0
96;0
97;0
98;1
99;0
100;0
101;0
102;0
103;0
104;0
105;0
106;0
107;0
108;0
109;2
110;0
111;0
112;0
113;0
114;2
115;0
116;1
117;0
118;0
119;2
120;2
121;0
122;2
123;2
124;2
125;0
126;0
127;0
128;2
129;0
130;1
131;0
132;0
133;1
134;1
135;0
136;1
137;0
138;0
139;2
140;2
141;0
142;2
143;0
144;2
145;0
146;0
147;0
148;0
149;0
150;0
151;0
152;1
153;0
154;0
155;2
156;4
157;0
158;2
159;2
160;2
161;0
162;2
163;0
164;2
165;2
166;2
167;2
168;0
169;0
170;0
171;0
172;1
173;0
174;0
175;1
176;0
177;0
178;2
179;2
180;0
181;0
182;1
183;0
184;0
185;0
186;0
187;0
188;0
189;0
190;0
191;0
192;0
193;0
194;0
195;0
196;0
197;0
198;0
199;0
200;2
201;0
202;0
203;0
204;2
205;0
206;2
207;0
208;0
209;0
210;0
211;1
212;2
213;2
214;2
215;2
216;2
217;0
218;2
219;0
220;0
221;0
222;0
223;0
224;0
225;0
226;0
227;1
228;0
229;2
230;0
231;2
232;1
233;0
234;0
235;0
236;0
237;0
238;2
239;0
240;2
241;0
242;1
243;0
244;0
245;0
246;0
247;0
248;0
249;0
250;2
251;2
252;2
253;0
254;0
255;2
256;0
257;0
258;1
259;0
260;2
261;0
262;0
263;0
264;0
265;0
266;2
267;1
268;0
269;0
270;0
271;0
272;1
273;0
274;0
275;0
276;1
277;0
278;0
279;0
280;0
281;1
282;0
283;0
284;2
285;0
286;0
287;0
288;2
289;0
290;1
291;0
292;0
293;0
294;0
295;0
296;2
297;2
298;1
299;0
300;0
301;0
302;0
303;0
304;0
305;0
306;0
307;0
308;2
309;0
310;0
311;0
312;0
313;0
314;0
315;0
316;0
317;1
318;1
319;0
320;0
321;0
322;2
323;1
324;0
325;0
326;0
327;2
328;2
329;0
330;2
331;2
332;4
333;0
334;2
335;0
336;0
337;2
338;2
339;2
340;2
341;1
342;0
343;0
344;2
345;1
346;0
347;0
348;0
349;0
350;0
351;0
352;2
353;0
354;1
355;0
356;0
357;0
358;2
359;2
360;1
361;0
362;0
363;0
364;2
365;0
366;2
367;2
368;2
369;0
370;2
371;0
372;2
373;0
374;1
375;0
376;0
377;0
378;1
379;0
380;0
381;2
382;1
383;0
384;0
385;0
386;0
387;0
388;4
389;0
390;0
391;1
392;0
393;0
394;2
395;2
396;1
397;0
398;0
399;0
400;2
401;1
402;0
403;0
404;0
405;0
406;0
407;0
408;0
409;0
410;1
411;0
412;0
413;0
414;2
415;2
416;1
417;0
418;0
419;0
420;0
421;0
422;0
423;0
424;0
425;1
426;0
427;2
428;0
429;0
430;1
431;0
432;0
433;0
434;1
435;0
436;0
437;0
438;0
439;0
440;0
441;0
442;2
443;0
444;2
445;2
446;2
447;0
448;2
449;0
450;0
451;0
452;2
453;0
454;0
455;0
456;1
457;2
458;0
459;0
460;0
461;0
462;2
463;2
464;0
465;0
466;2
467;0
468;2
469;0
470;0
471;2
472;2
473;0
474;2
475;0
476;0
477;0
478;1
479;0
480;0
481;0
482;0
483;0
484;0
485;0
486;2
487;2
488;2
489;0
490;1
491;0
492;0
493;0
494;0
495;0
496;2
497;2
498;2
499;0
500;2
501;0
502;0
503;1
504;0
505;2
506;0
507;1
508;0
509;0
510;1
511;0
512;0
513;0
514;0
515;0
516;0
517;0
518;0
519;0
520;0
521;2
522;2
523;0
524;1
525;0
526;1
527;0
528;1
529;0
530;0
531;0
532;2
533;0
534;2
535;1
536;0
537;0
538;2
539;0
540;1
541;2
542;0
543;1
544;0
545;0
546;1
547;0
548;0
549;0
550;0
551;0
552;0
553;0
554;0
555;1
556;0
557;0
558;0
559;0
560;0
561;0
562;2
563;0
564;0
565;0
566;1
567;0
568;0
569;0
570;2
571;0
572;1
573;0
574;0
575;2
576;2
577;0
578;2
579;2
580;2
581;0
582;0
583;0
584;1
585;0
586;0
587;0
588;0
589;0
590;2
591;0
592;0
593;0
594;0
595;2
596;0
597;0
598;2
599;1
600;0
601;0
602;2
603;2
604;1
605;0
606;0
607;2
608;0
609;2
610;1
611;0
612;0
613;0
614;0
615;0
616;2
617;0
618;0
619;0
620;0
621;0
622;0
623;0
624;0
625;0
626;1
627;0
628;0
629;2
630;2
631;0
632;1
633;0
634;0
635;2
636;2
637;0
638;1
639;0
640;2
641;0
642;1
643;0
644;0
645;1
646;0
647;0
648;2
649;2
650;2
651;2
652;2
653;0
654;0
655;0
656;2
657;0
658;2
659;1
660;0
661;0
662;0
663;1
664;2
665;2
666;2
667;2
668;1
669;0
670;2
671;1
672;1
673;0
674;0
675;2
676;2
677;0
678;2
679;2
680;2
681;0
682;2
683;2
684;2
685;0
686;1
687;0
688;0
689;2
690;0
691;2
692;0
693;0
694;2
695;0
696;0
697;2
698;0
699;0
700;2
701;0
702;1
703;0
704;0
705;2
706;0
707;0
708;2
709;0
710;0
711;0
712;2
713;0
714;0
715;1
716;0
717;2
718;1
719;0
720;2
721;2
722;0
723;0
724;1
725;0
726;0
727;0
728;1
729;0
730;0
731;0
732;0
733;1
734;1
735;0
736;0
737;0
738;0
739;0
740;0
741;2
742;2
743;1
744;0
745;1
746;0
747;0
748;1
749;0
750;2
751;2
752;1
753;1
754;0
755;0
756;0
757;0
758;0
759;0
760;1
761;0
762;2
763;0
764;2
765;0
766;0
767;0
768;0
769;0
770;0
771;1
772;0
773;0
774;2
775;1
776;0
777;2
778;0
779;0
780;0
781;0
782;0
783;0
784;2
785;1
786;1
787;0
788;0
789;0
790;2
791;2
792;2
793;0
794;1
795;0
796;0
797;1
798;0
799;0
800;1
801;0
802;0
803;0
804;0
805;0
806;0
807;0
808;0
809;0
810;2
811;2
812;1
813;0
814;1
815;0
816;2
817;1
818;2
819;2
820;0
821;0
822;2
823;1
824;0
825;2
826;1
827;0
828;0
829;0
830;0
831;0
832;1
833;1
834;0
835;0
836;1
837;2
838;1
839;0
840;2
841;2
842;2
843;2
844;1
845;0
846;0
847;0
848;2
849;0
850;2
851;2
852;0
853;0
854;2
855;0
856;0
857;0
858;0
859;0
860;0
861;2
862;1
863;0
864;2
865;0
866;1
867;0
868;0
869;0
870;0
871;0
872;0
873;0
874;0
875;0
876;2
877;0
878;0
879;0
880;0
881;1
882;0
883;0
884;0
885;1
886;1
887;0
888;1
889;0
890;0
891;2
892;1
893;0
894;0
895;2
896;4
897;0
898;2
899;1
900;0
901;0
902;2
903;0
904;2
905;0
906;1
907;0
908;0
909;0
910;0
911;0
912;0
913;0
914;1
915;2
916;2
917;0
918;2
919;2
920;2
921;2
922;0
923;0
924;2
925;0
926;2
927;1
928;0
929;0
930;1
931;0
932;0
933;0
934;0
935;0
936;1
937;0
938;1
939;0
940;1
941;0
942;2
943;2
944;2
945;1
946;2
947;0
948;1
949;0
950;0
951;2
952;1
953;0
954;0
955;1
956;1
957;2
958;2
959;2
960;2
961;0
962;2
963;0
964;1
965;1
966;2
967;2
968;2
969;1
970;2
971;0
972;0
973;1
974;2
975;2
976;2
977;1
978;0
979;2
980;1
981;1
982;0
983;0
984;1
985;0
986;0
987;0
988;2
989;0
990;2
991;0
992;1
993;0
994;0
995;2
996;0
997;0
998;0
999;0
1000;0
1001;0
1002;0
1003;0
1004;0
1005;1
1006;0
1007;0
1008;0
1009;0
1010;0
1011;0
1012;0
1013;0
1014;1
1015;0
1016;0
1017;0
1018;0
1019;0
1020;0
1021;0
1022;0
1023;0
