0;0
1;0
2;0
3;2
4;4
5;0
6;2
7;2
8;1
9;0
10;2
11;0
12;1
13;0
14;1
15;0
16;0
17;1
18;0
19;0
20;2
21;2
22;0
23;2
24;0
25;0
26;0
27;0
28;2
29;0
30;0
31;0
32;0
33;2
34;2
35;2
36;1
37;1
38;1
39;0
40;2
41;0
42;2
43;0
44;2
45;2
46;1
47;0
48;1
49;2
50;0
51;0
52;2
53;0
54;0
55;0
56;0
57;0
58;0
59;0
60;1
61;1
62;0
63;2
64;0
65;0
66;2
67;0
68;0
69;0
70;1
71;0
72;1
73;0
74;0
75;2
76;1
77;0
78;0
79;2
80;2
81;0
82;2
83;1
84;0
85;0
86;0
87;0
88;2
89;0
90;1
91;0
92;0
93;0
94;0
95;0
96;1
97;0
98;0
99;0
100;2
101;0
102;1
103;0
104;1
105;2
106;0
107;2
108;0
109;0
110;1
111;0
112;0
113;0
114;0
115;1
116;0
117;0
118;0
119;0
120;0
121;2
122;2
123;2
124;1
125;0
126;0
127;2
128;0
129;1
130;0
131;0
132;0
133;0
134;0
135;0
136;0
137;2
138;1
139;0
140;0
141;0
142;0
143;0
144;0
145;0
146;0
147;0
148;2
149;0
150;0
151;0
152;0
153;0
154;0
155;0
156;4
157;2
158;1
159;0
160;0
161;0
162;0
163;0
164;2
165;0
166;1
167;0
168;0
169;0
170;0
171;0
172;1
173;0
174;0
175;0
176;4
177;0
178;2
179;1
180;0
181;0
182;0
183;0
184;2
185;2
186;1
187;0
188;2
189;2
190;1
191;0
192;0
193;0
194;0
195;0
196;0
197;0
198;0
199;0
200;2
201;2
202;1
203;0
204;2
205;0
206;0
207;0
208;0
209;0
210;2
211;1
212;0
213;0
214;0
215;0
216;0
217;0
218;0
219;0
220;2
221;0
222;0
223;0
224;0
225;2
226;0
227;2
228;0
229;2
230;1
231;0
232;2
233;0
234;1
235;0
236;0
237;2
238;0
239;2
240;1
241;1
242;0
243;0
244;0
245;0
246;2
247;2
248;1
249;0
250;0
251;2
252;1
253;2
254;0
255;2
256;2
257;0
258;2
259;0
260;2
261;2
262;0
263;2
264;0
265;0
266;1
267;0
268;1
269;0
270;0
271;0
272;0
273;1
274;0
275;0
276;0
277;0
278;1
279;0
280;0
281;0
282;0
283;0
284;0
285;1
286;1
287;0
288;2
289;0
290;0
291;0
292;0
293;0
294;0
295;0
296;2
297;0
298;0
299;0
300;1
301;0
302;0
303;0
304;0
305;0
306;1
307;1
308;2
309;1
310;0
311;0
312;0
313;0
314;2
315;2
316;1
317;0
318;0
319;0
320;0
321;0
322;1
323;0
324;1
325;1
326;1
327;2
328;4
329;2
330;0
331;2
332;2
333;2
334;0
335;2
336;1
337;0
338;0
339;0
340;0
341;1
342;1
343;0
344;2
345;2
346;0
347;0
348;0
349;0
350;0
351;2
352;0
353;0
354;0
355;0
356;1
357;0
358;2
359;2
360;0
361;0
362;1
363;0
364;2
365;2
366;0
367;2
368;0
369;0
370;1
371;0
372;2
373;0
374;2
375;2
376;0
377;0
378;0
379;0
380;0
381;0
382;0
383;0
384;0
385;0
386;1
387;1
388;0
389;0
390;2
391;0
392;0
393;0
394;2
395;0
396;2
397;2
398;0
399;0
400;1
401;0
402;0
403;2
404;1
405;0
406;0
407;2
408;2
409;0
410;2
411;2
412;2
413;0
414;0
415;0
416;1
417;0
418;1
419;0
420;0
421;2
422;2
423;0
424;2
425;0
426;2
427;2
428;2
429;1
430;2
431;2
432;1
433;1
434;0
435;0
436;2
437;1
438;0
439;0
440;2
441;0
442;1
443;0
444;0
445;2
446;0
447;0
448;0
449;2
450;0
451;1
452;0
453;0
454;2
455;0
456;1
457;0
458;0
459;0
460;0
461;0
462;0
463;0
464;0
465;1
466;0
467;2
468;0
469;0
470;0
471;0
472;1
473;0
474;0
475;2
476;1
477;0
478;2
479;0
480;2
481;0
482;0
483;0
484;0
485;0
486;2
487;0
488;0
489;0
490;0
491;0
492;2
493;0
494;0
495;0
496;1
497;0
498;0
499;0
500;1
501;1
502;0
503;0
504;0
505;0
506;0
507;2
508;0
509;0
510;0
511;0
512;1
513;2
514;2
515;2
516;2
517;1
518;0
519;0
520;2
521;2
522;2
523;0
524;0
525;0
526;2
527;1
528;0
529;0
530;1
531;0
532;2
533;0
534;0
535;2
536;1
537;0
538;0
539;0
540;0
541;0
542;1
543;1
544;0
545;0
546;0
547;0
548;1
549;0
550;2
551;0
552;0
553;0
554;2
555;1
556;0
557;1
558;0
559;2
560;2
561;0
562;2
563;1
564;0
565;0
566;0
567;0
568;2
569;2
570;0
571;1
572;0
573;2
574;1
575;0
576;4
577;2
578;2
579;2
580;2
581;0
582;1
583;0
584;1
585;0
586;0
587;0
588;0
589;0
590;0
591;0
592;2
593;2
594;0
595;0
596;1
597;0
598;1
599;0
600;0
601;0
602;0
603;0
604;0
605;0
606;2
607;1
608;0
609;0
610;0
611;1
612;2
613;0
614;1
615;2
616;2
617;0
618;0
619;0
620;1
621;0
622;1
623;0
624;2
625;0
626;1
627;2
628;2
629;1
630;0
631;0
632;0
633;0
634;0
635;0
636;1
637;0
638;2
639;1
640;2
641;0
642;1
643;0
644;1
645;0
646;2
647;2
648;2
649;2
650;0
651;0
652;2
653;1
654;1
655;0
656;1
657;1
658;0
659;0
660;0
661;0
662;0
663;0
664;0
665;0
666;0
667;0
668;0
669;2
670;0
671;2
672;0
673;0
674;0
675;0
676;0
677;0
678;1
679;0
680;0
681;0
682;0
683;0
684;0
685;0
686;0
687;0
688;0
689;0
690;0
691;0
692;0
693;0
694;0
695;0
696;0
697;0
698;0
699;2
700;1
701;0
702;1
703;2
704;1
705;0
706;0
707;0
708;0
709;0
710;0
711;0
712;0
713;0
714;0
715;0
716;0
717;0
718;0
719;0
720;0
721;0
722;0
723;0
724;1
725;0
726;0
727;0
728;1
729;0
730;0
731;0
732;0
733;0
734;0
735;0
736;0
737;0
738;0
739;0
740;0
741;0
742;2
743;0
744;2
745;0
746;2
747;2
748;0
749;0
750;1
751;0
752;0
753;0
754;0
755;0
756;1
757;0
758;0
759;0
760;0
761;0
762;2
763;2
764;0
765;2
766;0
767;0
768;1
769;0
770;0
771;0
772;0
773;2
774;0
775;1
776;0
777;0
778;0
779;0
780;0
781;2
782;2
783;2
784;0
785;0
786;2
787;2
788;1
789;0
790;0
791;0
792;4
793;0
794;2
795;2
796;2
797;0
798;2
799;0
800;1
801;0
802;0
803;0
804;0
805;1
806;0
807;0
808;2
809;0
810;0
811;0
812;0
813;0
814;0
815;0
816;0
817;0
818;0
819;0
820;0
821;0
822;1
823;0
824;0
825;1
826;2
827;0
828;0
829;2
830;1
831;0
832;1
833;1
834;0
835;0
836;2
837;0
838;0
839;0
840;0
841;0
842;0
843;0
844;1
845;0
846;2
847;2
848;0
849;0
850;0
851;0
852;0
853;2
854;1
855;2
856;1
857;0
858;1
859;2
860;4
861;0
862;1
863;0
864;0
865;0
866;0
867;2
868;2
869;2
870;1
871;0
872;0
873;0
874;0
875;0
876;0
877;2
878;1
879;0
880;0
881;2
882;0
883;2
884;1
885;2
886;1
887;0
888;0
889;0
890;2
891;0
892;0
893;0
894;1
895;0
896;0
897;1
898;1
899;0
900;1
901;0
902;2
903;2
904;1
905;1
906;0
907;0
908;4
909;0
910;2
911;2
912;2
913;0
914;2
915;0
916;2
917;0
918;0
919;2
920;2
921;0
922;1
923;1
924;0
925;2
926;0
927;2
928;0
929;2
930;0
931;0
932;2
933;0
934;0
935;0
936;1
937;2
938;0
939;0
940;0
941;0
942;1
943;0
944;2
945;0
946;0
947;1
948;0
949;0
950;1
951;0
952;4
953;0
954;1
955;0
956;1
957;1
958;0
959;2
960;2
961;0
962;1
963;0
964;1
965;0
966;1
967;0
968;2
969;2
970;0
971;0
972;0
973;0
974;2
975;0
976;0
977;0
978;0
979;0
980;0
981;1
982;0
983;0
984;1
985;2
986;2
987;2
988;0
989;0
990;0
991;0
992;1
993;0
994;0
995;0
996;0
997;0
998;1
999;2
1000;1
1001;0
1002;0
1003;2
1004;0
1005;0
1006;1
1007;0
1008;0
1009;0
1010;0
1011;2
1012;0
1013;1
1014;0
1015;0
1016;0
1017;0
1018;0
1019;0
1020;0
1021;0
1022;0
1023;0
