0;2
1;0
2;0
3;2
4;2
5;0
6;2
7;2
8;2
9;0
10;1
11;0
12;2
13;0
14;0
15;0
16;0
17;0
18;2
19;2
20;0
21;0
22;0
23;1
24;0
25;0
26;0
27;1
28;0
29;0
30;0
31;2
32;0
33;0
34;0
35;0
36;0
37;0
38;0
39;0
40;0
41;0
42;0
43;0
44;2
45;0
46;0
47;0
48;0
49;0
50;0
51;0
52;0
53;0
54;2
55;2
56;1
57;0
58;0
59;2
60;4
61;0
62;1
63;0
64;2
65;0
66;2
67;0
68;2
69;0
70;0
71;2
72;0
73;0
74;0
75;0
76;0
77;2
78;0
79;0
80;0
81;0
82;2
83;2
84;1
85;0
86;0
87;0
88;0
89;0
90;0
91;0
92;2
93;0
94;2
95;1
96;1
97;1
98;0
99;0
100;0
101;0
102;2
103;2
104;1
105;0
106;0
107;2
108;4
109;0
110;2
111;1
112;0
113;0
114;2
115;0
116;2
117;0
118;0
119;0
120;0
121;2
122;0
123;0
124;0
125;0
126;1
127;0
128;0
129;0
130;0
131;0
132;0
133;0
134;0
135;0
136;2
137;0
138;0
139;0
140;0
141;0
142;0
143;0
144;0
145;1
146;1
147;0
148;1
149;0
150;0
151;0
152;2
153;0
154;0
155;0
156;2
157;0
158;0
159;0
160;0
161;2
162;2
163;1
164;1
165;0
166;2
167;0
168;0
169;0
170;0
171;0
172;0
173;0
174;0
175;0
176;0
177;0
178;1
179;0
180;2
181;0
182;0
183;0
184;0
185;0
186;0
187;0
188;0
189;0
190;0
191;0
192;0
193;0
194;1
195;0
196;4
197;1
198;1
199;0
200;2
201;0
202;2
203;2
204;1
205;0
206;0
207;0
208;4
209;0
210;2
211;0
212;2
213;0
214;2
215;0
216;1
217;0
218;0
219;0
220;0
221;2
222;2
223;0
224;2
225;0
226;2
227;0
228;0
229;0
230;0
231;0
232;0
233;0
234;0
235;0
236;2
237;0
238;0
239;2
240;1
241;0
242;0
243;0
244;0
245;2
246;2
247;2
248;0
249;0
250;0
251;0
252;0
253;0
254;0
255;0
256;0
257;2
258;2
259;2
260;2
261;0
262;0
263;2
264;0
265;0
266;2
267;2
268;2
269;0
270;0
271;0
272;1
273;0
274;2
275;0
276;0
277;0
278;0
279;0
280;0
281;1
282;0
283;1
284;1
285;0
286;0
287;0
288;0
289;0
290;2
291;1
292;2
293;1
294;0
295;2
296;4
297;0
298;2
299;0
300;2
301;0
302;2
303;0
304;2
305;0
306;1
307;0
308;1
309;2
310;0
311;0
312;2
313;0
314;0
315;0
316;0
317;0
318;0
319;0
320;2
321;0
322;1
323;0
324;0
325;0
326;0
327;0
328;0
329;1
330;1
331;0
332;0
333;0
334;0
335;0
336;0
337;0
338;1
339;0
340;1
341;0
342;0
343;1
344;2
345;0
346;0
347;0
348;2
349;0
350;0
351;0
352;0
353;0
354;0
355;0
356;2
357;0
358;0
359;0
360;0
361;0
362;0
363;2
364;2
365;0
366;2
367;1
368;0
369;0
370;0
371;2
372;2
373;0
374;0
375;1
376;0
377;0
378;0
379;0
380;0
381;0
382;0
383;0
384;2
385;0
386;0
387;0
388;1
389;1
390;0
391;2
392;0
393;0
394;0
395;0
396;2
397;1
398;0
399;0
400;0
401;0
402;0
403;0
404;0
405;2
406;0
407;0
408;0
409;0
410;2
411;2
412;2
413;1
414;0
415;0
416;0
417;0
418;0
419;0
420;0
421;0
422;2
423;1
424;0
425;0
426;0
427;0
428;0
429;0
430;1
431;0
432;0
433;0
434;0
435;0
436;0
437;0
438;0
439;2
440;1
441;0
442;0
443;2
444;2
445;0
446;0
447;2
448;2
449;0
450;2
451;0
452;2
453;2
454;0
455;0
456;2
457;0
458;2
459;0
460;0
461;0
462;0
463;0
464;1
465;0
466;2
467;2
468;1
469;0
470;0
471;2
472;2
473;0
474;2
475;1
476;2
477;0
478;2
479;0
480;0
481;0
482;0
483;0
484;1
485;0
486;1
487;1
488;0
489;0
490;0
491;0
492;0
493;0
494;0
495;0
496;2
497;0
498;0
499;0
500;0
501;2
502;2
503;1
504;0
505;0
506;0
507;0
508;0
509;0
510;0
511;0
512;2
513;1
514;0
515;2
516;2
517;0
518;0
519;1
520;0
521;2
522;0
523;0
524;0
525;0
526;0
527;0
528;0
529;0
530;0
531;1
532;0
533;0
534;1
535;0
536;0
537;2
538;2
539;2
540;2
541;2
542;0
543;0
544;0
545;0
546;0
547;2
548;0
549;2
550;1
551;0
552;1
553;0
554;0
555;2
556;4
557;0
558;2
559;2
560;0
561;0
562;2
563;0
564;2
565;0
566;1
567;0
568;1
569;0
570;0
571;0
572;0
573;0
574;0
575;0
576;2
577;0
578;0
579;0
580;2
581;2
582;2
583;2
584;0
585;2
586;0
587;0
588;2
589;0
590;2
591;0
592;0
593;2
594;0
595;1
596;1
597;0
598;0
599;0
600;0
601;1
602;0
603;0
604;0
605;0
606;2
607;2
608;1
609;1
610;0
611;0
612;1
613;2
614;2
615;2
616;2
617;0
618;2
619;0
620;1
621;0
622;0
623;0
624;1
625;0
626;2
627;2
628;2
629;2
630;0
631;2
632;0
633;0
634;0
635;0
636;0
637;0
638;0
639;0
640;2
641;0
642;0
643;2
644;1
645;0
646;0
647;0
648;0
649;0
650;1
651;0
652;0
653;1
654;0
655;0
656;1
657;0
658;0
659;2
660;2
661;0
662;2
663;1
664;0
665;0
666;1
667;0
668;0
669;2
670;0
671;1
672;2
673;2
674;2
675;2
676;1
677;0
678;2
679;2
680;1
681;0
682;0
683;2
684;2
685;0
686;2
687;2
688;2
689;0
690;0
691;0
692;1
693;0
694;0
695;0
696;2
697;0
698;2
699;0
700;0
701;0
702;0
703;2
704;0
705;2
706;2
707;0
708;2
709;0
710;0
711;2
712;1
713;0
714;0
715;0
716;0
717;0
718;2
719;2
720;2
721;0
722;2
723;0
724;0
725;0
726;0
727;0
728;0
729;0
730;2
731;2
732;1
733;0
734;2
735;1
736;0
737;0
738;0
739;2
740;2
741;0
742;2
743;0
744;2
745;0
746;0
747;0
748;0
749;1
750;0
751;0
752;0
753;2
754;0
755;0
756;1
757;0
758;0
759;0
760;0
761;0
762;0
763;0
764;2
765;0
766;0
767;0
768;2
769;0
770;0
771;0
772;0
773;0
774;1
775;0
776;2
777;0
778;0
779;0
780;1
781;0
782;0
783;0
784;1
785;0
786;0
787;0
788;0
789;0
790;0
791;0
792;0
793;0
794;2
795;2
796;1
797;0
798;0
799;2
800;1
801;1
802;2
803;2
804;2
805;2
806;2
807;0
808;0
809;0
810;1
811;2
812;0
813;0
814;2
815;2
816;2
817;0
818;0
819;2
820;4
821;0
822;2
823;2
824;0
825;0
826;2
827;0
828;1
829;0
830;0
831;0
832;0
833;0
834;0
835;0
836;2
837;0
838;0
839;1
840;0
841;0
842;0
843;0
844;0
845;0
846;0
847;0
848;0
849;0
850;2
851;2
852;1
853;0
854;0
855;2
856;4
857;0
858;2
859;2
860;2
861;0
862;2
863;0
864;2
865;0
866;0
867;2
868;0
869;0
870;0
871;0
872;0
873;0
874;2
875;2
876;0
877;2
878;0
879;0
880;0
881;0
882;0
883;0
884;1
885;1
886;1
887;0
888;0
889;1
890;2
891;2
892;2
893;0
894;0
895;0
896;0
897;0
898;0
899;0
900;0
901;0
902;0
903;2
904;0
905;2
906;0
907;0
908;0
909;2
910;2
911;2
912;0
913;0
914;0
915;0
916;0
917;2
918;2
919;2
920;2
921;0
922;0
923;0
924;0
925;2
926;0
927;0
928;0
929;0
930;0
931;0
932;0
933;1
934;0
935;0
936;1
937;2
938;1
939;0
940;1
941;0
942;0
943;2
944;1
945;0
946;2
947;0
948;2
949;0
950;2
951;2
952;0
953;2
954;2
955;0
956;0
957;0
958;1
959;0
960;1
961;0
962;2
963;2
964;1
965;2
966;2
967;2
968;2
969;0
970;2
971;0
972;0
973;0
974;0
975;0
976;0
977;0
978;1
979;0
980;2
981;0
982;0
983;0
984;2
985;0
986;0
987;0
988;0
989;0
990;1
991;0
992;2
993;0
994;0
995;0
996;1
997;0
998;0
999;0
1000;1
1001;0
1002;0
1003;0
1004;0
1005;1
1006;0
1007;0
1008;1
1009;0
1010;0
1011;0
1012;0
1013;1
1014;0
1015;0
1016;0
1017;0
1018;0
1019;0
1020;0
1021;0
1022;0
1023;0
