0;1
1;0
2;0
3;2
4;2
5;0
6;2
7;2
8;2
9;0
10;2
11;2
12;2
13;1
14;0
15;0
16;0
17;1
18;0
19;2
20;2
21;2
22;2
23;0
24;1
25;1
26;0
27;2
28;2
29;0
30;2
31;2
32;0
33;0
34;0
35;0
36;0
37;0
38;0
39;0
40;0
41;0
42;0
43;0
44;2
45;0
46;0
47;0
48;0
49;0
50;0
51;0
52;0
53;0
54;0
55;0
56;1
57;1
58;0
59;2
60;1
61;0
62;2
63;0
64;1
65;0
66;0
67;2
68;2
69;0
70;2
71;2
72;2
73;0
74;2
75;0
76;1
77;0
78;0
79;0
80;0
81;0
82;1
83;0
84;1
85;0
86;0
87;0
88;0
89;0
90;0
91;0
92;1
93;0
94;2
95;0
96;0
97;2
98;0
99;0
100;0
101;2
102;0
103;1
104;0
105;0
106;0
107;0
108;0
109;0
110;0
111;1
112;0
113;0
114;1
115;0
116;0
117;0
118;0
119;0
120;0
121;2
122;0
123;0
124;0
125;0
126;0
127;0
128;0
129;2
130;0
131;0
132;0
133;0
134;2
135;2
136;0
137;0
138;0
139;0
140;2
141;2
142;2
143;0
144;2
145;0
146;0
147;0
148;2
149;2
150;2
151;0
152;1
153;0
154;0
155;0
156;0
157;0
158;0
159;0
160;0
161;0
162;2
163;0
164;0
165;2
166;0
167;0
168;0
169;2
170;0
171;0
172;2
173;0
174;0
175;0
176;0
177;0
178;0
179;0
180;0
181;0
182;0
183;0
184;0
185;0
186;0
187;0
188;1
189;0
190;0
191;0
192;0
193;0
194;0
195;1
196;2
197;2
198;2
199;2
200;2
201;0
202;2
203;0
204;0
205;0
206;0
207;0
208;0
209;0
210;0
211;0
212;0
213;0
214;2
215;1
216;1
217;2
218;0
219;0
220;1
221;2
222;2
223;2
224;0
225;0
226;0
227;2
228;0
229;0
230;0
231;0
232;0
233;1
234;0
235;2
236;2
237;2
238;0
239;1
240;0
241;0
242;2
243;2
244;1
245;0
246;2
247;2
248;2
249;0
250;0
251;2
252;2
253;2
254;2
255;2
256;2
257;0
258;2
259;0
260;1
261;0
262;0
263;1
264;0
265;0
266;2
267;1
268;0
269;0
270;0
271;0
272;0
273;0
274;1
275;0
276;1
277;0
278;0
279;0
280;2
281;1
282;0
283;0
284;2
285;0
286;0
287;2
288;2
289;0
290;0
291;0
292;0
293;0
294;0
295;0
296;0
297;2
298;0
299;0
300;0
301;0
302;0
303;2
304;0
305;0
306;0
307;2
308;0
309;2
310;2
311;1
312;2
313;0
314;2
315;0
316;2
317;0
318;0
319;0
320;2
321;0
322;0
323;0
324;0
325;0
326;0
327;0
328;0
329;1
330;2
331;0
332;0
333;0
334;0
335;0
336;0
337;2
338;0
339;2
340;1
341;0
342;0
343;2
344;0
345;0
346;0
347;0
348;1
349;0
350;0
351;0
352;0
353;0
354;0
355;0
356;0
357;0
358;1
359;0
360;0
361;0
362;0
363;2
364;2
365;0
366;1
367;0
368;0
369;0
370;0
371;0
372;0
373;0
374;0
375;0
376;2
377;2
378;0
379;0
380;2
381;2
382;1
383;0
384;0
385;0
386;2
387;0
388;2
389;1
390;0
391;0
392;0
393;0
394;0
395;0
396;2
397;2
398;0
399;0
400;0
401;0
402;0
403;1
404;0
405;0
406;0
407;0
408;0
409;0
410;0
411;2
412;0
413;1
414;0
415;2
416;2
417;0
418;0
419;0
420;0
421;0
422;1
423;0
424;0
425;0
426;0
427;0
428;0
429;0
430;2
431;2
432;2
433;2
434;1
435;0
436;0
437;0
438;2
439;0
440;2
441;0
442;0
443;0
444;0
445;0
446;1
447;0
448;0
449;0
450;0
451;0
452;1
453;1
454;0
455;0
456;2
457;0
458;4
459;2
460;0
461;0
462;0
463;0
464;2
465;0
466;1
467;0
468;0
469;0
470;0
471;2
472;2
473;0
474;2
475;1
476;2
477;0
478;2
479;0
480;2
481;1
482;0
483;0
484;1
485;0
486;1
487;0
488;2
489;0
490;0
491;0
492;0
493;0
494;2
495;0
496;2
497;0
498;0
499;0
500;0
501;2
502;0
503;0
504;2
505;0
506;0
507;0
508;0
509;0
510;0
511;0
512;2
513;1
514;0
515;0
516;2
517;0
518;0
519;1
520;0
521;0
522;1
523;0
524;0
525;0
526;0
527;0
528;0
529;0
530;0
531;1
532;0
533;0
534;0
535;0
536;0
537;1
538;0
539;2
540;2
541;2
542;0
543;0
544;0
545;0
546;0
547;0
548;0
549;0
550;0
551;0
552;0
553;0
554;0
555;0
556;0
557;0
558;0
559;0
560;0
561;0
562;0
563;0
564;2
565;0
566;1
567;2
568;2
569;2
570;2
571;2
572;2
573;0
574;2
575;0
576;0
577;2
578;0
579;0
580;0
581;0
582;0
583;0
584;2
585;0
586;0
587;0
588;0
589;0
590;0
591;0
592;0
593;0
594;0
595;0
596;0
597;0
598;0
599;0
600;0
601;0
602;0
603;0
604;1
605;0
606;0
607;2
608;0
609;0
610;0
611;0
612;1
613;0
614;0
615;1
616;0
617;0
618;2
619;1
620;0
621;2
622;2
623;0
624;0
625;0
626;0
627;1
628;0
629;2
630;0
631;0
632;0
633;0
634;0
635;0
636;2
637;0
638;2
639;0
640;1
641;0
642;0
643;0
644;0
645;0
646;1
647;0
648;2
649;2
650;0
651;0
652;2
653;2
654;0
655;0
656;0
657;0
658;0
659;2
660;0
661;0
662;0
663;0
664;0
665;0
666;0
667;0
668;0
669;0
670;2
671;2
672;2
673;0
674;0
675;0
676;0
677;0
678;0
679;0
680;0
681;0
682;0
683;0
684;0
685;2
686;0
687;0
688;1
689;0
690;0
691;0
692;0
693;0
694;0
695;0
696;2
697;0
698;0
699;0
700;2
701;0
702;0
703;0
704;0
705;0
706;2
707;1
708;0
709;0
710;2
711;0
712;0
713;0
714;0
715;0
716;1
717;1
718;1
719;0
720;0
721;0
722;1
723;0
724;2
725;0
726;0
727;0
728;0
729;0
730;2
731;2
732;0
733;1
734;0
735;0
736;0
737;0
738;0
739;2
740;2
741;0
742;0
743;0
744;2
745;2
746;0
747;2
748;1
749;0
750;0
751;0
752;0
753;0
754;0
755;1
756;0
757;0
758;0
759;1
760;0
761;0
762;0
763;1
764;0
765;2
766;0
767;0
768;0
769;0
770;0
771;0
772;2
773;1
774;1
775;0
776;0
777;0
778;2
779;2
780;2
781;0
782;0
783;0
784;0
785;0
786;0
787;0
788;1
789;0
790;2
791;2
792;1
793;0
794;0
795;0
796;1
797;0
798;2
799;2
800;0
801;0
802;2
803;0
804;2
805;0
806;2
807;0
808;0
809;2
810;0
811;2
812;1
813;0
814;0
815;0
816;0
817;2
818;2
819;1
820;2
821;0
822;0
823;0
824;0
825;0
826;0
827;0
828;0
829;0
830;0
831;0
832;0
833;1
834;1
835;0
836;0
837;2
838;2
839;1
840;0
841;2
842;2
843;0
844;0
845;0
846;0
847;0
848;2
849;0
850;0
851;2
852;0
853;0
854;0
855;0
856;0
857;0
858;1
859;0
860;0
861;2
862;1
863;0
864;0
865;0
866;1
867;0
868;0
869;0
870;0
871;0
872;0
873;0
874;2
875;2
876;0
877;0
878;0
879;2
880;0
881;2
882;0
883;0
884;2
885;2
886;2
887;2
888;2
889;0
890;0
891;0
892;0
893;0
894;0
895;0
896;0
897;2
898;2
899;0
900;2
901;0
902;1
903;1
904;0
905;0
906;0
907;0
908;2
909;2
910;0
911;2
912;0
913;0
914;2
915;1
916;0
917;0
918;0
919;0
920;0
921;0
922;1
923;0
924;0
925;0
926;1
927;0
928;0
929;0
930;1
931;0
932;1
933;0
934;0
935;0
936;0
937;0
938;0
939;0
940;0
941;1
942;0
943;2
944;2
945;1
946;0
947;0
948;0
949;1
950;1
951;0
952;2
953;1
954;1
955;0
956;0
957;2
958;0
959;1
960;0
961;0
962;0
963;0
964;4
965;0
966;2
967;0
968;0
969;0
970;2
971;2
972;1
973;0
974;2
975;2
976;2
977;0
978;2
979;1
980;0
981;0
982;2
983;0
984;2
985;0
986;1
987;0
988;0
989;0
990;1
991;0
992;0
993;0
994;0
995;2
996;4
997;0
998;2
999;1
1000;0
1001;2
1002;2
1003;0
1004;1
1005;1
1006;0
1007;1
1008;0
1009;0
1010;2
1011;0
1012;0
1013;1
1014;0
1015;1
1016;0
1017;0
1018;0
1019;0
1020;0
1021;0
1022;0
1023;0
