0;1
1;0
2;0
3;2
4;2
5;0
6;2
7;0
8;2
9;0
10;2
11;0
12;2
13;0
14;2
15;1
16;0
17;0
18;0
19;0
20;0
21;1
22;1
23;0
24;1
25;0
26;0
27;0
28;2
29;0
30;0
31;0
32;0
33;0
34;0
35;0
36;0
37;0
38;0
39;0
40;0
41;0
42;0
43;2
44;2
45;0
46;0
47;0
48;0
49;0
50;1
51;1
52;0
53;2
54;0
55;0
56;0
57;2
58;0
59;0
60;1
61;0
62;0
63;0
64;2
65;0
66;0
67;0
68;0
69;0
70;0
71;0
72;2
73;2
74;0
75;2
76;2
77;1
78;0
79;0
80;1
81;0
82;0
83;0
84;0
85;0
86;2
87;0
88;0
89;0
90;1
91;0
92;0
93;0
94;0
95;2
96;2
97;0
98;2
99;1
100;0
101;0
102;2
103;2
104;1
105;0
106;0
107;0
108;0
109;2
110;1
111;1
112;0
113;0
114;1
115;0
116;1
117;0
118;0
119;0
120;0
121;0
122;0
123;0
124;0
125;0
126;0
127;0
128;0
129;0
130;0
131;0
132;0
133;0
134;0
135;0
136;0
137;2
138;0
139;0
140;2
141;0
142;0
143;0
144;0
145;0
146;0
147;0
148;0
149;0
150;0
151;0
152;0
153;0
154;0
155;0
156;2
157;1
158;0
159;0
160;1
161;2
162;0
163;0
164;2
165;0
166;0
167;0
168;0
169;0
170;0
171;1
172;0
173;2
174;1
175;0
176;2
177;0
178;2
179;0
180;0
181;1
182;0
183;0
184;1
185;0
186;2
187;0
188;1
189;0
190;0
191;2
192;1
193;0
194;2
195;0
196;0
197;2
198;0
199;1
200;0
201;0
202;0
203;2
204;2
205;0
206;0
207;0
208;2
209;0
210;1
211;0
212;0
213;0
214;0
215;0
216;2
217;2
218;0
219;2
220;1
221;0
222;2
223;2
224;1
225;0
226;0
227;1
228;0
229;0
230;0
231;2
232;0
233;0
234;0
235;2
236;1
237;0
238;2
239;1
240;0
241;0
242;2
243;1
244;0
245;1
246;0
247;0
248;0
249;0
250;1
251;1
252;2
253;2
254;0
255;2
256;0
257;0
258;2
259;0
260;0
261;0
262;0
263;0
264;0
265;0
266;0
267;1
268;2
269;0
270;0
271;2
272;1
273;0
274;0
275;0
276;0
277;0
278;0
279;0
280;0
281;0
282;0
283;0
284;2
285;0
286;0
287;0
288;1
289;0
290;0
291;0
292;1
293;1
294;0
295;0
296;1
297;0
298;2
299;0
300;0
301;2
302;0
303;0
304;0
305;0
306;2
307;0
308;0
309;0
310;0
311;0
312;0
313;1
314;0
315;0
316;0
317;0
318;1
319;0
320;1
321;0
322;0
323;1
324;0
325;0
326;0
327;0
328;0
329;0
330;2
331;0
332;0
333;0
334;0
335;0
336;0
337;2
338;2
339;2
340;2
341;0
342;2
343;0
344;0
345;0
346;2
347;0
348;0
349;0
350;2
351;2
352;1
353;0
354;0
355;1
356;0
357;0
358;2
359;2
360;0
361;0
362;0
363;1
364;0
365;0
366;2
367;0
368;1
369;0
370;0
371;0
372;4
373;0
374;2
375;2
376;2
377;0
378;2
379;0
380;2
381;0
382;1
383;0
384;1
385;0
386;0
387;0
388;2
389;0
390;0
391;0
392;0
393;0
394;0
395;0
396;0
397;0
398;2
399;0
400;0
401;1
402;1
403;0
404;2
405;0
406;2
407;0
408;0
409;2
410;2
411;0
412;0
413;0
414;0
415;0
416;2
417;0
418;2
419;0
420;0
421;0
422;0
423;0
424;0
425;0
426;0
427;0
428;1
429;2
430;0
431;0
432;2
433;0
434;0
435;0
436;0
437;0
438;1
439;0
440;1
441;0
442;0
443;2
444;1
445;2
446;0
447;0
448;0
449;0
450;0
451;0
452;1
453;1
454;2
455;0
456;0
457;1
458;2
459;0
460;2
461;0
462;0
463;0
464;0
465;2
466;0
467;2
468;1
469;0
470;2
471;0
472;2
473;0
474;2
475;0
476;1
477;0
478;2
479;0
480;2
481;2
482;1
483;2
484;0
485;0
486;1
487;0
488;0
489;1
490;2
491;2
492;2
493;0
494;2
495;0
496;0
497;4
498;2
499;2
500;1
501;0
502;0
503;0
504;0
505;1
506;1
507;0
508;2
509;0
510;1
511;0
512;2
513;0
514;0
515;0
516;0
517;0
518;0
519;0
520;1
521;0
522;0
523;2
524;0
525;0
526;2
527;0
528;0
529;2
530;2
531;2
532;1
533;0
534;0
535;2
536;1
537;1
538;0
539;2
540;0
541;0
542;2
543;2
544;1
545;0
546;0
547;2
548;4
549;0
550;2
551;2
552;2
553;0
554;0
555;0
556;2
557;2
558;0
559;2
560;1
561;2
562;2
563;2
564;0
565;2
566;1
567;0
568;2
569;0
570;2
571;0
572;1
573;0
574;0
575;0
576;2
577;0
578;2
579;0
580;1
581;0
582;0
583;0
584;0
585;0
586;0
587;0
588;1
589;0
590;0
591;0
592;0
593;0
594;0
595;1
596;0
597;0
598;2
599;2
600;2
601;0
602;2
603;0
604;0
605;0
606;2
607;0
608;0
609;0
610;0
611;0
612;0
613;0
614;0
615;0
616;0
617;0
618;0
619;0
620;0
621;0
622;0
623;0
624;0
625;0
626;0
627;0
628;2
629;0
630;2
631;0
632;0
633;0
634;0
635;1
636;0
637;2
638;0
639;0
640;0
641;0
642;1
643;0
644;2
645;0
646;0
647;0
648;0
649;0
650;2
651;0
652;0
653;0
654;2
655;0
656;0
657;1
658;0
659;0
660;0
661;0
662;0
663;1
664;0
665;0
666;0
667;0
668;0
669;0
670;0
671;0
672;2
673;0
674;0
675;0
676;1
677;0
678;2
679;0
680;0
681;0
682;0
683;0
684;2
685;2
686;2
687;0
688;0
689;2
690;2
691;0
692;0
693;1
694;0
695;0
696;0
697;0
698;2
699;0
700;0
701;1
702;0
703;0
704;1
705;0
706;0
707;0
708;0
709;1
710;0
711;0
712;0
713;2
714;1
715;1
716;0
717;0
718;1
719;1
720;0
721;0
722;2
723;0
724;0
725;0
726;0
727;1
728;2
729;2
730;0
731;0
732;1
733;0
734;0
735;0
736;0
737;0
738;2
739;2
740;0
741;0
742;2
743;0
744;0
745;2
746;1
747;0
748;0
749;0
750;1
751;1
752;4
753;2
754;2
755;2
756;2
757;2
758;2
759;2
760;1
761;0
762;0
763;0
764;0
765;0
766;0
767;1
768;0
769;2
770;2
771;2
772;0
773;0
774;0
775;0
776;0
777;0
778;0
779;1
780;1
781;2
782;0
783;1
784;0
785;0
786;0
787;2
788;0
789;2
790;0
791;0
792;0
793;1
794;0
795;2
796;0
797;0
798;2
799;2
800;0
801;0
802;0
803;0
804;1
805;1
806;0
807;0
808;2
809;0
810;2
811;0
812;2
813;0
814;0
815;0
816;2
817;1
818;0
819;0
820;0
821;0
822;1
823;0
824;0
825;1
826;0
827;0
828;2
829;2
830;0
831;2
832;0
833;0
834;2
835;0
836;0
837;0
838;0
839;0
840;2
841;0
842;0
843;2
844;0
845;0
846;0
847;0
848;2
849;0
850;0
851;1
852;0
853;0
854;0
855;0
856;0
857;0
858;0
859;0
860;0
861;0
862;0
863;0
864;0
865;0
866;0
867;0
868;0
869;2
870;2
871;0
872;2
873;2
874;2
875;2
876;1
877;2
878;2
879;0
880;2
881;0
882;2
883;0
884;0
885;1
886;0
887;0
888;0
889;0
890;0
891;0
892;2
893;0
894;1
895;1
896;0
897;0
898;2
899;2
900;0
901;1
902;0
903;0
904;0
905;0
906;0
907;0
908;0
909;0
910;2
911;0
912;0
913;0
914;0
915;0
916;1
917;0
918;0
919;0
920;1
921;0
922;0
923;2
924;0
925;0
926;0
927;2
928;4
929;0
930;2
931;2
932;2
933;2
934;2
935;0
936;2
937;1
938;0
939;0
940;0
941;0
942;0
943;2
944;0
945;0
946;2
947;0
948;0
949;2
950;2
951;0
952;0
953;1
954;0
955;0
956;1
957;0
958;2
959;1
960;0
961;2
962;2
963;2
964;2
965;1
966;0
967;2
968;2
969;0
970;0
971;2
972;0
973;0
974;2
975;0
976;0
977;0
978;0
979;2
980;1
981;0
982;1
983;2
984;2
985;0
986;2
987;0
988;0
989;0
990;1
991;1
992;0
993;2
994;2
995;2
996;1
997;0
998;0
999;0
1000;1
1001;0
1002;0
1003;0
1004;0
1005;0
1006;2
1007;0
1008;0
1009;0
1010;0
1011;2
1012;0
1013;1
1014;0
1015;0
1016;0
1017;0
1018;0
1019;0
1020;0
1021;0
1022;0
1023;0
