0;0
1;0
2;0
3;2
4;4
5;0
6;2
7;1
8;0
9;0
10;2
11;0
12;2
13;1
14;0
15;0
16;0
17;1
18;0
19;0
20;2
21;0
22;0
23;2
24;0
25;0
26;1
27;0
28;0
29;0
30;0
31;0
32;0
33;0
34;1
35;0
36;1
37;0
38;0
39;0
40;1
41;0
42;0
43;0
44;1
45;1
46;0
47;0
48;2
49;2
50;0
51;0
52;0
53;0
54;0
55;0
56;1
57;0
58;0
59;0
60;2
61;0
62;0
63;0
64;0
65;0
66;2
67;0
68;0
69;0
70;2
71;2
72;1
73;0
74;0
75;2
76;4
77;0
78;0
79;2
80;2
81;0
82;0
83;0
84;2
85;0
86;0
87;0
88;0
89;0
90;0
91;0
92;2
93;1
94;0
95;1
96;1
97;0
98;1
99;0
100;0
101;1
102;1
103;1
104;0
105;0
106;1
107;0
108;0
109;2
110;0
111;0
112;1
113;0
114;0
115;2
116;1
117;0
118;0
119;0
120;1
121;0
122;0
123;2
124;2
125;0
126;0
127;0
128;2
129;0
130;0
131;0
132;2
133;2
134;0
135;0
136;0
137;2
138;0
139;0
140;0
141;2
142;2
143;2
144;1
145;1
146;0
147;0
148;0
149;0
150;2
151;2
152;2
153;0
154;0
155;0
156;0
157;0
158;2
159;0
160;0
161;0
162;0
163;0
164;1
165;0
166;1
167;2
168;2
169;0
170;2
171;0
172;1
173;2
174;2
175;0
176;0
177;0
178;0
179;1
180;0
181;0
182;2
183;2
184;2
185;2
186;0
187;0
188;1
189;0
190;2
191;2
192;0
193;0
194;0
195;2
196;2
197;0
198;2
199;2
200;2
201;0
202;2
203;0
204;0
205;0
206;0
207;0
208;0
209;0
210;0
211;0
212;0
213;0
214;0
215;2
216;4
217;1
218;0
219;2
220;2
221;0
222;2
223;0
224;1
225;0
226;0
227;0
228;0
229;0
230;1
231;2
232;2
233;2
234;0
235;0
236;0
237;0
238;0
239;0
240;0
241;0
242;0
243;0
244;0
245;1
246;0
247;0
248;0
249;2
250;0
251;0
252;0
253;2
254;1
255;0
256;2
257;0
258;0
259;1
260;0
261;0
262;1
263;0
264;0
265;0
266;2
267;2
268;1
269;0
270;0
271;2
272;2
273;1
274;0
275;0
276;0
277;0
278;0
279;0
280;0
281;0
282;2
283;2
284;1
285;0
286;0
287;0
288;2
289;0
290;2
291;2
292;2
293;0
294;2
295;0
296;2
297;0
298;0
299;2
300;0
301;2
302;0
303;0
304;0
305;0
306;2
307;2
308;1
309;0
310;0
311;2
312;2
313;2
314;1
315;2
316;2
317;0
318;2
319;0
320;2
321;2
322;2
323;0
324;0
325;0
326;0
327;0
328;1
329;0
330;0
331;0
332;0
333;0
334;0
335;0
336;1
337;0
338;2
339;2
340;0
341;0
342;0
343;2
344;4
345;0
346;2
347;2
348;2
349;0
350;2
351;0
352;2
353;2
354;0
355;0
356;0
357;2
358;0
359;0
360;0
361;0
362;0
363;0
364;1
365;0
366;1
367;0
368;2
369;0
370;0
371;2
372;0
373;0
374;0
375;1
376;0
377;0
378;0
379;0
380;0
381;1
382;0
383;0
384;0
385;0
386;0
387;0
388;0
389;0
390;0
391;2
392;2
393;0
394;0
395;2
396;1
397;0
398;0
399;0
400;0
401;0
402;0
403;0
404;0
405;0
406;0
407;0
408;0
409;2
410;2
411;2
412;2
413;2
414;0
415;0
416;0
417;0
418;0
419;0
420;1
421;0
422;0
423;0
424;0
425;0
426;2
427;0
428;0
429;0
430;2
431;0
432;1
433;0
434;0
435;0
436;2
437;0
438;2
439;2
440;2
441;0
442;2
443;0
444;2
445;0
446;0
447;0
448;0
449;0
450;0
451;0
452;0
453;0
454;1
455;0
456;2
457;0
458;0
459;0
460;1
461;1
462;0
463;0
464;0
465;0
466;0
467;0
468;1
469;0
470;0
471;0
472;0
473;2
474;0
475;0
476;2
477;2
478;0
479;0
480;0
481;2
482;1
483;0
484;0
485;1
486;0
487;2
488;0
489;0
490;2
491;0
492;0
493;1
494;0
495;2
496;2
497;0
498;2
499;2
500;2
501;0
502;0
503;2
504;1
505;0
506;0
507;2
508;0
509;0
510;0
511;0
512;0
513;0
514;2
515;2
516;2
517;0
518;1
519;0
520;0
521;0
522;2
523;0
524;0
525;0
526;0
527;0
528;0
529;0
530;1
531;0
532;0
533;0
534;1
535;0
536;0
537;0
538;0
539;0
540;0
541;1
542;0
543;0
544;0
545;0
546;2
547;2
548;1
549;0
550;0
551;2
552;1
553;0
554;2
555;0
556;0
557;0
558;0
559;0
560;0
561;2
562;0
563;0
564;2
565;0
566;0
567;0
568;0
569;2
570;2
571;2
572;2
573;2
574;0
575;0
576;0
577;0
578;0
579;0
580;0
581;0
582;2
583;1
584;0
585;0
586;0
587;0
588;4
589;0
590;2
591;0
592;0
593;0
594;2
595;0
596;2
597;2
598;2
599;2
600;1
601;0
602;0
603;0
604;1
605;0
606;0
607;0
608;0
609;2
610;2
611;0
612;2
613;2
614;0
615;1
616;0
617;0
618;0
619;0
620;0
621;0
622;0
623;2
624;0
625;1
626;1
627;0
628;2
629;0
630;0
631;0
632;0
633;0
634;0
635;0
636;0
637;0
638;0
639;0
640;2
641;0
642;2
643;2
644;2
645;0
646;2
647;0
648;0
649;0
650;0
651;0
652;0
653;0
654;0
655;2
656;2
657;0
658;1
659;0
660;0
661;0
662;0
663;0
664;1
665;0
666;0
667;2
668;2
669;0
670;0
671;2
672;1
673;0
674;0
675;2
676;4
677;0
678;2
679;1
680;0
681;0
682;2
683;0
684;2
685;0
686;0
687;2
688;0
689;2
690;2
691;2
692;1
693;2
694;0
695;0
696;0
697;0
698;2
699;0
700;2
701;2
702;1
703;2
704;2
705;0
706;2
707;2
708;2
709;0
710;0
711;0
712;0
713;2
714;2
715;2
716;0
717;2
718;0
719;0
720;0
721;1
722;0
723;0
724;0
725;1
726;0
727;0
728;0
729;2
730;2
731;0
732;0
733;0
734;0
735;0
736;0
737;0
738;0
739;0
740;0
741;0
742;0
743;2
744;1
745;0
746;0
747;0
748;1
749;1
750;0
751;1
752;1
753;0
754;0
755;0
756;0
757;0
758;0
759;0
760;0
761;0
762;0
763;2
764;2
765;0
766;2
767;2
768;2
769;0
770;0
771;0
772;1
773;0
774;0
775;0
776;0
777;0
778;1
779;0
780;1
781;0
782;0
783;2
784;4
785;0
786;2
787;2
788;2
789;0
790;0
791;0
792;1
793;1
794;0
795;0
796;2
797;0
798;0
799;0
800;0
801;0
802;0
803;0
804;0
805;0
806;2
807;2
808;1
809;0
810;0
811;2
812;2
813;0
814;2
815;2
816;2
817;0
818;2
819;0
820;0
821;2
822;2
823;0
824;1
825;0
826;0
827;0
828;0
829;0
830;0
831;0
832;0
833;2
834;0
835;0
836;0
837;0
838;0
839;0
840;1
841;1
842;2
843;0
844;0
845;2
846;0
847;0
848;0
849;2
850;1
851;2
852;0
853;0
854;0
855;0
856;0
857;0
858;0
859;0
860;2
861;2
862;0
863;0
864;0
865;0
866;0
867;2
868;2
869;0
870;0
871;2
872;2
873;0
874;0
875;0
876;0
877;2
878;0
879;0
880;2
881;0
882;0
883;0
884;1
885;0
886;1
887;0
888;1
889;1
890;0
891;1
892;1
893;0
894;2
895;2
896;2
897;0
898;2
899;0
900;2
901;1
902;0
903;0
904;0
905;0
906;0
907;2
908;2
909;0
910;2
911;0
912;1
913;0
914;0
915;0
916;0
917;1
918;0
919;2
920;0
921;0
922;0
923;0
924;0
925;2
926;0
927;0
928;2
929;0
930;0
931;0
932;0
933;2
934;0
935;2
936;0
937;0
938;0
939;0
940;0
941;0
942;0
943;0
944;0
945;0
946;1
947;0
948;0
949;0
950;2
951;0
952;1
953;0
954;0
955;2
956;0
957;0
958;2
959;2
960;2
961;0
962;0
963;0
964;2
965;0
966;0
967;2
968;0
969;2
970;2
971;0
972;1
973;2
974;1
975;0
976;0
977;1
978;0
979;1
980;0
981;0
982;0
983;0
984;1
985;0
986;1
987;0
988;0
989;0
990;0
991;2
992;1
993;2
994;2
995;2
996;2
997;0
998;0
999;0
1000;2
1001;0
1002;0
1003;0
1004;0
1005;0
1006;0
1007;0
1008;0
1009;0
1010;0
1011;2
1012;0
1013;0
1014;1
1015;0
1016;0
1017;0
1018;0
1019;0
1020;0
1021;0
1022;0
1023;0
