0;2
1;0
2;0
3;2
4;2
5;0
6;0
7;0
8;0
9;0
10;1
11;2
12;2
13;0
14;0
15;0
16;0
17;0
18;0
19;0
20;0
21;0
22;1
23;2
24;1
25;0
26;2
27;2
28;0
29;0
30;2
31;2
32;0
33;0
34;0
35;0
36;0
37;1
38;0
39;2
40;1
41;0
42;0
43;0
44;2
45;1
46;0
47;0
48;1
49;0
50;1
51;0
52;0
53;0
54;0
55;0
56;0
57;1
58;0
59;0
60;0
61;0
62;0
63;0
64;0
65;0
66;0
67;0
68;2
69;0
70;0
71;1
72;1
73;0
74;0
75;0
76;0
77;0
78;0
79;0
80;0
81;0
82;0
83;0
84;1
85;2
86;0
87;0
88;0
89;2
90;1
91;2
92;2
93;0
94;0
95;0
96;0
97;0
98;0
99;2
100;1
101;0
102;1
103;0
104;1
105;0
106;0
107;2
108;0
109;0
110;2
111;2
112;2
113;1
114;0
115;0
116;2
117;0
118;0
119;0
120;1
121;0
122;0
123;0
124;1
125;0
126;0
127;1
128;2
129;0
130;2
131;2
132;2
133;0
134;2
135;2
136;1
137;0
138;0
139;0
140;0
141;2
142;0
143;0
144;1
145;0
146;0
147;0
148;2
149;0
150;0
151;0
152;0
153;0
154;1
155;0
156;1
157;0
158;0
159;0
160;2
161;0
162;1
163;0
164;2
165;0
166;0
167;0
168;0
169;2
170;2
171;2
172;1
173;0
174;2
175;1
176;0
177;0
178;0
179;0
180;0
181;0
182;2
183;0
184;0
185;0
186;0
187;0
188;0
189;0
190;0
191;2
192;2
193;0
194;0
195;0
196;0
197;0
198;2
199;1
200;0
201;0
202;0
203;0
204;0
205;0
206;1
207;0
208;2
209;0
210;0
211;0
212;2
213;0
214;0
215;1
216;0
217;2
218;2
219;0
220;2
221;0
222;2
223;2
224;0
225;0
226;0
227;0
228;0
229;0
230;0
231;0
232;0
233;0
234;0
235;2
236;0
237;0
238;0
239;2
240;2
241;0
242;2
243;2
244;2
245;0
246;2
247;2
248;2
249;2
250;2
251;2
252;0
253;0
254;2
255;1
256;0
257;0
258;1
259;0
260;0
261;2
262;0
263;0
264;0
265;1
266;0
267;0
268;2
269;1
270;0
271;2
272;0
273;0
274;2
275;2
276;2
277;0
278;0
279;0
280;1
281;0
282;2
283;2
284;2
285;0
286;0
287;0
288;1
289;0
290;1
291;2
292;1
293;0
294;0
295;0
296;0
297;1
298;0
299;0
300;0
301;0
302;0
303;0
304;1
305;0
306;1
307;0
308;2
309;0
310;0
311;0
312;2
313;0
314;2
315;1
316;0
317;0
318;0
319;0
320;1
321;0
322;2
323;0
324;0
325;0
326;0
327;0
328;2
329;0
330;0
331;0
332;0
333;0
334;0
335;0
336;0
337;0
338;1
339;0
340;0
341;1
342;0
343;0
344;0
345;0
346;0
347;0
348;1
349;0
350;0
351;1
352;4
353;0
354;0
355;0
356;2
357;0
358;0
359;0
360;1
361;0
362;0
363;0
364;2
365;0
366;0
367;0
368;0
369;0
370;0
371;2
372;2
373;0
374;0
375;0
376;0
377;0
378;0
379;0
380;0
381;2
382;0
383;0
384;4
385;0
386;0
387;0
388;1
389;0
390;2
391;2
392;1
393;0
394;0
395;0
396;2
397;1
398;0
399;0
400;0
401;0
402;0
403;0
404;0
405;0
406;0
407;0
408;0
409;2
410;2
411;0
412;2
413;0
414;0
415;0
416;0
417;0
418;0
419;0
420;0
421;0
422;0
423;2
424;0
425;0
426;0
427;0
428;0
429;0
430;0
431;0
432;2
433;0
434;0
435;0
436;0
437;0
438;1
439;2
440;2
441;1
442;0
443;0
444;2
445;0
446;2
447;2
448;0
449;0
450;2
451;0
452;2
453;1
454;2
455;0
456;2
457;0
458;2
459;0
460;2
461;0
462;0
463;0
464;1
465;0
466;1
467;0
468;0
469;0
470;0
471;0
472;1
473;0
474;0
475;2
476;0
477;1
478;0
479;2
480;2
481;2
482;2
483;2
484;2
485;0
486;2
487;0
488;2
489;0
490;0
491;1
492;1
493;1
494;2
495;0
496;2
497;0
498;0
499;2
500;0
501;0
502;2
503;2
504;1
505;0
506;0
507;2
508;4
509;0
510;2
511;1
512;0
513;0
514;2
515;0
516;4
517;2
518;2
519;1
520;0
521;0
522;0
523;0
524;2
525;0
526;2
527;2
528;1
529;0
530;2
531;2
532;1
533;0
534;0
535;0
536;2
537;2
538;2
539;0
540;2
541;0
542;0
543;0
544;0
545;2
546;0
547;1
548;0
549;1
550;0
551;0
552;1
553;2
554;2
555;1
556;1
557;1
558;0
559;0
560;0
561;0
562;2
563;2
564;2
565;2
566;1
567;2
568;0
569;0
570;0
571;0
572;0
573;0
574;1
575;1
576;0
577;0
578;0
579;2
580;0
581;0
582;1
583;0
584;1
585;2
586;0
587;0
588;2
589;2
590;2
591;2
592;1
593;1
594;0
595;0
596;1
597;0
598;0
599;0
600;0
601;0
602;0
603;0
604;1
605;0
606;0
607;2
608;2
609;1
610;0
611;0
612;0
613;0
614;2
615;0
616;0
617;0
618;0
619;1
620;1
621;0
622;0
623;2
624;0
625;0
626;0
627;0
628;1
629;0
630;2
631;1
632;0
633;1
634;0
635;0
636;0
637;0
638;2
639;0
640;1
641;0
642;0
643;2
644;2
645;2
646;2
647;0
648;0
649;0
650;2
651;1
652;1
653;0
654;1
655;0
656;0
657;0
658;2
659;1
660;0
661;0
662;0
663;2
664;2
665;0
666;1
667;2
668;2
669;0
670;2
671;0
672;1
673;0
674;1
675;0
676;0
677;0
678;0
679;0
680;1
681;0
682;2
683;0
684;0
685;0
686;2
687;0
688;2
689;0
690;1
691;0
692;0
693;2
694;1
695;0
696;0
697;2
698;0
699;0
700;0
701;0
702;0
703;0
704;1
705;0
706;0
707;2
708;2
709;2
710;2
711;2
712;2
713;0
714;2
715;0
716;2
717;0
718;0
719;0
720;2
721;2
722;1
723;0
724;0
725;0
726;0
727;1
728;1
729;2
730;1
731;0
732;2
733;0
734;2
735;0
736;1
737;0
738;0
739;0
740;1
741;0
742;0
743;2
744;1
745;2
746;0
747;0
748;2
749;0
750;0
751;0
752;1
753;0
754;0
755;0
756;0
757;0
758;0
759;2
760;2
761;0
762;2
763;1
764;0
765;0
766;2
767;2
768;2
769;0
770;0
771;0
772;2
773;0
774;0
775;0
776;2
777;2
778;1
779;0
780;2
781;0
782;1
783;0
784;1
785;0
786;0
787;0
788;1
789;0
790;0
791;0
792;0
793;0
794;1
795;0
796;0
797;0
798;1
799;0
800;0
801;0
802;2
803;2
804;2
805;1
806;0
807;0
808;0
809;1
810;0
811;2
812;1
813;0
814;0
815;0
816;0
817;0
818;0
819;0
820;0
821;0
822;0
823;0
824;0
825;0
826;1
827;0
828;0
829;2
830;0
831;0
832;0
833;0
834;1
835;0
836;2
837;0
838;0
839;0
840;0
841;1
842;0
843;0
844;2
845;1
846;1
847;0
848;1
849;0
850;1
851;0
852;2
853;0
854;0
855;0
856;0
857;0
858;0
859;0
860;0
861;0
862;0
863;1
864;0
865;0
866;0
867;0
868;2
869;2
870;2
871;1
872;0
873;0
874;2
875;2
876;1
877;0
878;2
879;2
880;2
881;0
882;2
883;0
884;2
885;0
886;2
887;2
888;2
889;0
890;0
891;0
892;2
893;1
894;0
895;0
896;2
897;2
898;0
899;0
900;0
901;1
902;0
903;0
904;0
905;0
906;0
907;0
908;0
909;0
910;0
911;0
912;0
913;0
914;0
915;0
916;1
917;0
918;0
919;1
920;1
921;0
922;0
923;0
924;0
925;0
926;0
927;0
928;2
929;2
930;1
931;0
932;0
933;0
934;0
935;0
936;2
937;0
938;1
939;0
940;0
941;0
942;2
943;0
944;0
945;0
946;0
947;0
948;0
949;2
950;1
951;0
952;2
953;0
954;0
955;0
956;1
957;0
958;0
959;0
960;0
961;0
962;0
963;0
964;2
965;0
966;0
967;0
968;0
969;2
970;0
971;0
972;0
973;2
974;2
975;2
976;2
977;0
978;0
979;0
980;0
981;0
982;0
983;0
984;0
985;2
986;0
987;0
988;0
989;0
990;0
991;1
992;0
993;0
994;2
995;0
996;2
997;1
998;0
999;0
1000;2
1001;0
1002;2
1003;1
1004;0
1005;1
1006;0
1007;0
1008;0
1009;0
1010;1
1011;0
1012;0
1013;1
1014;1
1015;0
1016;0
1017;0
1018;0
1019;0
1020;0
1021;0
1022;0
1023;0
