0;1
1;0
2;0
3;2
4;0
5;0
6;2
7;2
8;2
9;0
10;2
11;0
12;2
13;0
14;1
15;0
16;0
17;1
18;0
19;0
20;2
21;2
22;2
23;1
24;0
25;1
26;0
27;0
28;2
29;0
30;2
31;2
32;0
33;0
34;0
35;0
36;0
37;0
38;1
39;1
40;0
41;0
42;0
43;0
44;0
45;0
46;2
47;0
48;0
49;0
50;0
51;0
52;0
53;0
54;0
55;0
56;0
57;1
58;0
59;2
60;1
61;0
62;0
63;0
64;0
65;0
66;1
67;0
68;0
69;0
70;0
71;1
72;0
73;0
74;0
75;0
76;0
77;0
78;2
79;0
80;2
81;0
82;2
83;0
84;1
85;1
86;1
87;0
88;0
89;2
90;2
91;2
92;2
93;0
94;1
95;0
96;0
97;0
98;1
99;0
100;0
101;0
102;0
103;0
104;0
105;0
106;0
107;1
108;0
109;0
110;0
111;0
112;1
113;0
114;2
115;2
116;2
117;0
118;2
119;0
120;1
121;2
122;0
123;1
124;1
125;0
126;0
127;0
128;0
129;0
130;0
131;0
132;0
133;0
134;0
135;0
136;0
137;2
138;0
139;0
140;1
141;0
142;0
143;0
144;0
145;0
146;2
147;2
148;2
149;0
150;0
151;0
152;2
153;0
154;1
155;2
156;0
157;0
158;2
159;0
160;0
161;0
162;0
163;0
164;0
165;0
166;1
167;0
168;0
169;0
170;0
171;0
172;0
173;0
174;1
175;0
176;0
177;0
178;0
179;0
180;0
181;0
182;2
183;1
184;0
185;0
186;1
187;0
188;1
189;0
190;0
191;2
192;4
193;0
194;0
195;2
196;2
197;0
198;2
199;0
200;1
201;1
202;0
203;0
204;0
205;0
206;0
207;0
208;0
209;1
210;1
211;0
212;0
213;0
214;0
215;1
216;1
217;0
218;0
219;0
220;1
221;0
222;2
223;0
224;0
225;0
226;0
227;0
228;0
229;0
230;0
231;0
232;0
233;0
234;2
235;2
236;1
237;0
238;0
239;0
240;0
241;0
242;1
243;0
244;0
245;0
246;0
247;0
248;0
249;0
250;0
251;0
252;0
253;1
254;0
255;2
256;0
257;2
258;0
259;2
260;0
261;0
262;1
263;0
264;2
265;0
266;0
267;0
268;1
269;0
270;2
271;0
272;0
273;0
274;2
275;2
276;2
277;0
278;0
279;0
280;2
281;0
282;0
283;1
284;0
285;0
286;0
287;0
288;1
289;0
290;0
291;0
292;2
293;2
294;0
295;2
296;2
297;2
298;1
299;0
300;0
301;0
302;0
303;1
304;0
305;0
306;2
307;2
308;2
309;0
310;2
311;0
312;0
313;0
314;0
315;0
316;0
317;0
318;0
319;0
320;0
321;0
322;0
323;2
324;2
325;0
326;2
327;0
328;0
329;0
330;0
331;0
332;0
333;1
334;0
335;0
336;0
337;0
338;0
339;0
340;0
341;1
342;1
343;0
344;0
345;0
346;0
347;0
348;0
349;0
350;0
351;0
352;1
353;2
354;0
355;1
356;1
357;2
358;2
359;2
360;0
361;0
362;1
363;0
364;0
365;0
366;0
367;0
368;2
369;0
370;0
371;0
372;0
373;0
374;0
375;2
376;2
377;0
378;1
379;0
380;0
381;0
382;1
383;0
384;0
385;0
386;2
387;2
388;1
389;0
390;0
391;2
392;2
393;0
394;2
395;2
396;2
397;0
398;2
399;0
400;2
401;0
402;1
403;0
404;0
405;1
406;1
407;0
408;0
409;1
410;0
411;0
412;0
413;0
414;0
415;0
416;0
417;0
418;1
419;0
420;0
421;0
422;1
423;0
424;2
425;0
426;0
427;0
428;0
429;0
430;0
431;2
432;0
433;0
434;0
435;2
436;2
437;0
438;1
439;0
440;0
441;0
442;0
443;0
444;0
445;0
446;0
447;1
448;0
449;0
450;2
451;2
452;2
453;2
454;1
455;0
456;2
457;0
458;2
459;0
460;2
461;0
462;0
463;0
464;1
465;0
466;0
467;2
468;1
469;0
470;0
471;0
472;4
473;0
474;0
475;2
476;2
477;0
478;2
479;0
480;2
481;0
482;0
483;0
484;1
485;0
486;1
487;2
488;0
489;0
490;1
491;0
492;0
493;0
494;0
495;0
496;2
497;0
498;0
499;0
500;0
501;2
502;1
503;0
504;2
505;2
506;1
507;1
508;0
509;0
510;0
511;0
512;2
513;2
514;2
515;2
516;0
517;2
518;0
519;0
520;0
521;2
522;0
523;0
524;0
525;0
526;1
527;0
528;0
529;0
530;0
531;1
532;1
533;0
534;0
535;0
536;0
537;1
538;0
539;0
540;2
541;2
542;0
543;0
544;0
545;0
546;0
547;1
548;0
549;0
550;0
551;0
552;0
553;0
554;2
555;2
556;0
557;1
558;0
559;2
560;0
561;0
562;1
563;0
564;0
565;0
566;0
567;2
568;2
569;0
570;1
571;1
572;0
573;0
574;2
575;0
576;2
577;1
578;0
579;2
580;2
581;2
582;0
583;0
584;2
585;0
586;2
587;0
588;0
589;0
590;0
591;1
592;0
593;0
594;0
595;0
596;0
597;0
598;2
599;0
600;1
601;0
602;2
603;0
604;0
605;1
606;0
607;0
608;0
609;0
610;2
611;0
612;0
613;0
614;0
615;1
616;0
617;0
618;0
619;1
620;4
621;0
622;2
623;2
624;2
625;0
626;2
627;0
628;2
629;0
630;0
631;1
632;0
633;0
634;2
635;2
636;1
637;0
638;0
639;2
640;2
641;1
642;0
643;1
644;1
645;0
646;2
647;2
648;0
649;0
650;2
651;2
652;2
653;0
654;0
655;0
656;0
657;2
658;0
659;0
660;0
661;2
662;2
663;2
664;2
665;0
666;0
667;0
668;2
669;0
670;2
671;2
672;0
673;0
674;0
675;1
676;2
677;2
678;2
679;2
680;2
681;0
682;0
683;0
684;2
685;0
686;0
687;0
688;0
689;2
690;1
691;0
692;1
693;1
694;2
695;0
696;2
697;0
698;1
699;0
700;2
701;1
702;0
703;0
704;2
705;0
706;0
707;0
708;4
709;0
710;0
711;0
712;0
713;2
714;2
715;2
716;2
717;0
718;0
719;0
720;1
721;0
722;0
723;2
724;1
725;0
726;0
727;0
728;0
729;0
730;1
731;0
732;0
733;0
734;0
735;0
736;0
737;0
738;2
739;1
740;0
741;1
742;0
743;0
744;0
745;0
746;0
747;2
748;1
749;1
750;0
751;1
752;0
753;0
754;2
755;0
756;2
757;0
758;1
759;2
760;1
761;0
762;0
763;2
764;4
765;0
766;0
767;2
768;2
769;0
770;2
771;0
772;2
773;0
774;0
775;0
776;0
777;0
778;0
779;0
780;0
781;0
782;0
783;2
784;1
785;0
786;0
787;2
788;2
789;0
790;1
791;2
792;2
793;1
794;0
795;0
796;2
797;0
798;1
799;2
800;2
801;2
802;2
803;0
804;0
805;0
806;0
807;0
808;0
809;2
810;2
811;1
812;2
813;0
814;1
815;0
816;0
817;2
818;2
819;2
820;1
821;0
822;0
823;0
824;1
825;0
826;0
827;0
828;2
829;0
830;0
831;0
832;0
833;0
834;2
835;2
836;2
837;0
838;2
839;0
840;1
841;0
842;0
843;0
844;0
845;1
846;0
847;0
848;1
849;0
850;0
851;0
852;0
853;0
854;1
855;0
856;2
857;0
858;2
859;0
860;0
861;0
862;0
863;0
864;0
865;0
866;0
867;0
868;0
869;1
870;0
871;0
872;1
873;2
874;0
875;2
876;2
877;2
878;2
879;2
880;1
881;0
882;2
883;0
884;2
885;0
886;2
887;2
888;0
889;0
890;2
891;0
892;0
893;0
894;0
895;1
896;0
897;2
898;1
899;0
900;0
901;0
902;1
903;0
904;0
905;0
906;0
907;0
908;0
909;0
910;0
911;0
912;2
913;0
914;0
915;0
916;0
917;1
918;0
919;0
920;2
921;2
922;2
923;1
924;1
925;0
926;0
927;0
928;2
929;0
930;0
931;2
932;4
933;0
934;2
935;2
936;2
937;2
938;0
939;0
940;2
941;2
942;1
943;0
944;0
945;2
946;0
947;0
948;0
949;0
950;0
951;2
952;0
953;0
954;2
955;2
956;2
957;2
958;0
959;0
960;0
961;0
962;2
963;1
964;0
965;2
966;1
967;0
968;1
969;0
970;1
971;0
972;0
973;2
974;1
975;0
976;0
977;0
978;0
979;0
980;2
981;1
982;2
983;0
984;1
985;0
986;0
987;0
988;0
989;0
990;0
991;0
992;0
993;2
994;2
995;0
996;0
997;1
998;1
999;2
1000;2
1001;0
1002;0
1003;0
1004;0
1005;1
1006;0
1007;1
1008;0
1009;0
1010;0
1011;0
1012;1
1013;1
1014;1
1015;0
1016;0
1017;0
1018;0
1019;0
1020;0
1021;0
1022;0
1023;0
