0;1
1;0
2;2
3;2
4;4
5;0
6;2
7;2
8;0
9;0
10;2
11;0
12;2
13;1
14;0
15;0
16;0
17;1
18;0
19;0
20;2
21;0
22;0
23;0
24;0
25;1
26;0
27;1
28;0
29;2
30;0
31;0
32;1
33;0
34;1
35;0
36;1
37;0
38;1
39;0
40;1
41;0
42;0
43;0
44;0
45;0
46;1
47;0
48;2
49;0
50;0
51;0
52;0
53;2
54;0
55;0
56;1
57;0
58;2
59;2
60;1
61;0
62;0
63;2
64;2
65;2
66;2
67;1
68;0
69;0
70;2
71;0
72;2
73;0
74;0
75;2
76;2
77;0
78;0
79;0
80;2
81;0
82;0
83;0
84;0
85;0
86;0
87;0
88;0
89;2
90;0
91;0
92;1
93;0
94;1
95;0
96;0
97;0
98;0
99;0
100;2
101;0
102;0
103;1
104;0
105;0
106;1
107;0
108;0
109;0
110;0
111;0
112;0
113;0
114;0
115;0
116;1
117;0
118;0
119;2
120;0
121;0
122;0
123;0
124;4
125;0
126;0
127;1
128;2
129;0
130;2
131;0
132;2
133;2
134;0
135;0
136;0
137;0
138;0
139;0
140;0
141;0
142;2
143;2
144;0
145;2
146;0
147;0
148;0
149;0
150;2
151;2
152;1
153;0
154;0
155;2
156;4
157;0
158;2
159;2
160;2
161;0
162;2
163;0
164;2
165;0
166;0
167;0
168;0
169;2
170;2
171;2
172;1
173;0
174;2
175;0
176;0
177;0
178;2
179;0
180;0
181;0
182;0
183;0
184;2
185;0
186;0
187;2
188;0
189;0
190;0
191;1
192;0
193;0
194;0
195;0
196;0
197;0
198;0
199;0
200;0
201;0
202;2
203;2
204;1
205;0
206;0
207;0
208;0
209;0
210;0
211;1
212;0
213;0
214;0
215;0
216;4
217;0
218;2
219;2
220;0
221;0
222;2
223;0
224;2
225;1
226;0
227;0
228;0
229;2
230;0
231;0
232;2
233;2
234;1
235;0
236;2
237;0
238;0
239;0
240;0
241;0
242;0
243;0
244;1
245;0
246;2
247;0
248;0
249;0
250;1
251;0
252;0
253;0
254;2
255;2
256;1
257;0
258;0
259;2
260;2
261;0
262;2
263;2
264;2
265;0
266;2
267;0
268;2
269;0
270;0
271;0
272;0
273;0
274;2
275;2
276;2
277;0
278;0
279;2
280;0
281;0
282;0
283;0
284;0
285;0
286;0
287;0
288;0
289;0
290;1
291;0
292;0
293;0
294;0
295;0
296;0
297;0
298;0
299;0
300;1
301;1
302;2
303;2
304;1
305;2
306;2
307;0
308;1
309;0
310;0
311;2
312;1
313;0
314;2
315;0
316;2
317;0
318;2
319;0
320;2
321;0
322;1
323;0
324;2
325;0
326;0
327;0
328;0
329;0
330;0
331;2
332;1
333;0
334;2
335;0
336;1
337;2
338;0
339;2
340;2
341;0
342;0
343;0
344;2
345;0
346;0
347;0
348;0
349;0
350;1
351;0
352;1
353;0
354;0
355;0
356;2
357;2
358;0
359;0
360;1
361;0
362;1
363;0
364;0
365;0
366;0
367;2
368;4
369;0
370;2
371;2
372;2
373;0
374;0
375;0
376;2
377;0
378;0
379;1
380;0
381;0
382;0
383;0
384;1
385;1
386;0
387;0
388;0
389;0
390;2
391;0
392;1
393;0
394;2
395;2
396;0
397;0
398;0
399;0
400;0
401;0
402;2
403;2
404;1
405;0
406;0
407;2
408;1
409;0
410;0
411;2
412;4
413;0
414;2
415;1
416;0
417;0
418;2
419;0
420;1
421;0
422;1
423;0
424;0
425;0
426;0
427;2
428;0
429;1
430;2
431;2
432;2
433;0
434;0
435;0
436;0
437;0
438;0
439;0
440;0
441;2
442;0
443;1
444;0
445;1
446;0
447;1
448;0
449;0
450;2
451;0
452;1
453;0
454;0
455;2
456;2
457;0
458;2
459;2
460;2
461;0
462;0
463;1
464;1
465;2
466;0
467;2
468;0
469;0
470;2
471;2
472;0
473;0
474;0
475;0
476;2
477;1
478;0
479;0
480;0
481;2
482;0
483;2
484;0
485;0
486;2
487;0
488;2
489;0
490;1
491;0
492;1
493;0
494;0
495;0
496;0
497;0
498;0
499;0
500;0
501;0
502;0
503;0
504;0
505;1
506;0
507;0
508;0
509;0
510;0
511;0
512;1
513;0
514;0
515;0
516;0
517;2
518;2
519;2
520;1
521;0
522;0
523;0
524;1
525;0
526;2
527;0
528;0
529;0
530;2
531;0
532;0
533;1
534;1
535;0
536;0
537;0
538;0
539;2
540;0
541;0
542;2
543;0
544;1
545;0
546;0
547;2
548;2
549;0
550;2
551;1
552;0
553;0
554;2
555;2
556;2
557;0
558;0
559;0
560;0
561;0
562;0
563;1
564;2
565;0
566;0
567;0
568;0
569;2
570;2
571;2
572;0
573;0
574;0
575;2
576;1
577;0
578;0
579;0
580;0
581;0
582;0
583;0
584;2
585;0
586;0
587;1
588;2
589;0
590;1
591;0
592;0
593;0
594;2
595;1
596;0
597;1
598;0
599;0
600;0
601;0
602;0
603;0
604;2
605;0
606;0
607;0
608;0
609;0
610;2
611;0
612;0
613;0
614;0
615;2
616;2
617;0
618;0
619;0
620;0
621;0
622;0
623;0
624;1
625;0
626;0
627;2
628;0
629;0
630;1
631;0
632;1
633;0
634;0
635;2
636;1
637;0
638;0
639;2
640;2
641;0
642;2
643;0
644;2
645;0
646;0
647;0
648;0
649;1
650;0
651;0
652;1
653;1
654;0
655;0
656;0
657;0
658;0
659;0
660;0
661;0
662;1
663;0
664;2
665;0
666;2
667;2
668;0
669;0
670;0
671;0
672;0
673;0
674;2
675;0
676;0
677;0
678;0
679;0
680;0
681;0
682;0
683;0
684;2
685;0
686;0
687;0
688;0
689;0
690;2
691;0
692;0
693;0
694;0
695;0
696;0
697;1
698;0
699;0
700;0
701;0
702;2
703;0
704;1
705;0
706;0
707;0
708;0
709;0
710;0
711;0
712;0
713;0
714;0
715;0
716;1
717;0
718;0
719;2
720;2
721;0
722;2
723;2
724;2
725;0
726;0
727;0
728;0
729;0
730;0
731;0
732;0
733;0
734;2
735;1
736;0
737;0
738;2
739;2
740;2
741;0
742;0
743;2
744;4
745;0
746;2
747;1
748;0
749;0
750;2
751;0
752;1
753;0
754;1
755;0
756;0
757;1
758;0
759;0
760;2
761;1
762;0
763;0
764;1
765;0
766;0
767;2
768;0
769;0
770;0
771;0
772;0
773;0
774;0
775;0
776;0
777;0
778;0
779;0
780;0
781;2
782;0
783;0
784;0
785;0
786;0
787;0
788;1
789;0
790;0
791;0
792;0
793;2
794;0
795;0
796;2
797;0
798;2
799;0
800;1
801;0
802;1
803;0
804;1
805;0
806;0
807;1
808;0
809;0
810;2
811;0
812;2
813;0
814;2
815;0
816;0
817;2
818;2
819;2
820;1
821;0
822;0
823;0
824;2
825;0
826;2
827;2
828;0
829;0
830;0
831;0
832;0
833;0
834;0
835;0
836;2
837;1
838;2
839;0
840;0
841;2
842;2
843;0
844;2
845;1
846;0
847;0
848;2
849;1
850;1
851;2
852;2
853;1
854;0
855;0
856;1
857;2
858;0
859;2
860;0
861;0
862;2
863;2
864;1
865;0
866;0
867;4
868;2
869;0
870;2
871;2
872;2
873;0
874;2
875;1
876;1
877;0
878;0
879;0
880;0
881;0
882;0
883;0
884;0
885;1
886;1
887;2
888;1
889;0
890;1
891;0
892;0
893;2
894;0
895;0
896;1
897;0
898;0
899;0
900;0
901;0
902;2
903;1
904;0
905;0
906;0
907;2
908;0
909;0
910;0
911;0
912;0
913;0
914;1
915;0
916;0
917;2
918;0
919;0
920;0
921;0
922;0
923;0
924;0
925;2
926;1
927;0
928;0
929;1
930;2
931;4
932;2
933;0
934;0
935;1
936;0
937;0
938;2
939;1
940;0
941;0
942;0
943;2
944;4
945;0
946;1
947;1
948;0
949;0
950;0
951;0
952;1
953;0
954;1
955;0
956;2
957;0
958;2
959;0
960;0
961;0
962;0
963;0
964;0
965;2
966;0
967;2
968;0
969;0
970;2
971;1
972;2
973;2
974;0
975;0
976;0
977;1
978;0
979;1
980;1
981;0
982;2
983;1
984;0
985;0
986;0
987;0
988;0
989;2
990;0
991;0
992;1
993;0
994;1
995;2
996;1
997;0
998;0
999;2
1000;4
1001;0
1002;2
1003;2
1004;0
1005;0
1006;2
1007;0
1008;2
1009;0
1010;0
1011;0
1012;1
1013;0
1014;1
1015;0
1016;0
1017;0
1018;0
1019;0
1020;0
1021;0
1022;0
1023;0
