0;0
1;0
2;0
3;0
4;2
5;0
6;2
7;1
8;0
9;0
10;2
11;0
12;2
13;1
14;0
15;0
16;0
17;0
18;0
19;0
20;0
21;0
22;0
23;0
24;0
25;2
26;1
27;1
28;2
29;2
30;0
31;1
32;1
33;0
34;1
35;0
36;1
37;0
38;0
39;0
40;0
41;0
42;0
43;0
44;1
45;1
46;0
47;0
48;2
49;0
50;0
51;0
52;0
53;0
54;0
55;0
56;0
57;2
58;2
59;1
60;0
61;0
62;0
63;2
64;1
65;0
66;1
67;0
68;2
69;0
70;0
71;0
72;2
73;0
74;0
75;0
76;2
77;0
78;0
79;0
80;0
81;0
82;0
83;2
84;0
85;0
86;0
87;0
88;2
89;1
90;0
91;1
92;1
93;0
94;1
95;0
96;0
97;1
98;2
99;0
100;0
101;0
102;0
103;0
104;0
105;2
106;0
107;0
108;1
109;0
110;2
111;1
112;0
113;0
114;0
115;2
116;2
117;0
118;2
119;2
120;0
121;0
122;2
123;0
124;0
125;0
126;0
127;0
128;1
129;0
130;1
131;2
132;1
133;2
134;0
135;2
136;2
137;0
138;2
139;1
140;0
141;0
142;2
143;0
144;0
145;0
146;0
147;0
148;0
149;2
150;0
151;0
152;0
153;2
154;2
155;1
156;0
157;1
158;0
159;0
160;0
161;0
162;2
163;2
164;2
165;1
166;1
167;0
168;0
169;2
170;0
171;0
172;0
173;0
174;0
175;0
176;1
177;0
178;0
179;0
180;2
181;0
182;2
183;2
184;2
185;0
186;0
187;2
188;1
189;0
190;0
191;1
192;0
193;2
194;2
195;2
196;2
197;2
198;2
199;1
200;2
201;0
202;0
203;0
204;0
205;0
206;0
207;0
208;1
209;0
210;0
211;2
212;1
213;0
214;2
215;2
216;2
217;1
218;0
219;0
220;1
221;0
222;0
223;0
224;0
225;0
226;1
227;0
228;0
229;0
230;2
231;1
232;0
233;0
234;2
235;0
236;0
237;0
238;1
239;1
240;0
241;0
242;0
243;0
244;0
245;0
246;0
247;0
248;0
249;2
250;0
251;0
252;0
253;1
254;0
255;0
256;2
257;1
258;1
259;1
260;0
261;0
262;2
263;2
264;1
265;1
266;0
267;2
268;2
269;0
270;2
271;2
272;2
273;0
274;2
275;0
276;1
277;0
278;0
279;0
280;0
281;0
282;1
283;0
284;2
285;0
286;0
287;1
288;0
289;0
290;2
291;1
292;0
293;0
294;2
295;0
296;0
297;2
298;0
299;0
300;1
301;0
302;0
303;0
304;0
305;0
306;1
307;1
308;0
309;2
310;2
311;2
312;2
313;0
314;0
315;2
316;2
317;0
318;0
319;0
320;0
321;0
322;0
323;2
324;1
325;0
326;0
327;0
328;0
329;0
330;0
331;0
332;0
333;0
334;0
335;0
336;1
337;0
338;1
339;2
340;1
341;0
342;0
343;1
344;0
345;0
346;0
347;2
348;2
349;0
350;2
351;0
352;2
353;0
354;2
355;0
356;1
357;0
358;1
359;0
360;2
361;0
362;0
363;0
364;0
365;0
366;0
367;2
368;1
369;0
370;2
371;0
372;2
373;0
374;0
375;2
376;2
377;0
378;1
379;0
380;2
381;0
382;1
383;1
384;0
385;0
386;0
387;0
388;0
389;0
390;0
391;0
392;2
393;0
394;2
395;0
396;0
397;2
398;2
399;2
400;2
401;0
402;0
403;1
404;0
405;0
406;4
407;1
408;0
409;1
410;0
411;2
412;0
413;0
414;1
415;0
416;2
417;0
418;0
419;0
420;2
421;2
422;1
423;0
424;2
425;2
426;1
427;0
428;1
429;0
430;0
431;2
432;4
433;0
434;2
435;1
436;0
437;0
438;0
439;0
440;1
441;0
442;2
443;0
444;0
445;2
446;1
447;2
448;1
449;1
450;0
451;0
452;2
453;0
454;0
455;0
456;0
457;0
458;2
459;2
460;2
461;0
462;0
463;0
464;2
465;1
466;0
467;0
468;1
469;0
470;2
471;0
472;1
473;0
474;0
475;2
476;2
477;0
478;2
479;1
480;0
481;0
482;2
483;0
484;2
485;0
486;2
487;0
488;1
489;0
490;0
491;0
492;0
493;0
494;2
495;2
496;1
497;1
498;0
499;2
500;2
501;0
502;2
503;1
504;0
505;0
506;2
507;2
508;1
509;0
510;0
511;0
512;0
513;2
514;0
515;0
516;0
517;0
518;0
519;0
520;0
521;1
522;0
523;0
524;2
525;2
526;0
527;2
528;0
529;2
530;2
531;2
532;1
533;0
534;0
535;2
536;0
537;0
538;2
539;0
540;2
541;0
542;0
543;2
544;0
545;0
546;2
547;0
548;1
549;0
550;0
551;2
552;0
553;0
554;2
555;0
556;0
557;0
558;2
559;0
560;0
561;0
562;0
563;0
564;2
565;0
566;0
567;1
568;0
569;0
570;1
571;0
572;0
573;0
574;0
575;0
576;0
577;0
578;0
579;0
580;0
581;0
582;0
583;0
584;0
585;0
586;0
587;1
588;0
589;0
590;0
591;2
592;4
593;0
594;2
595;2
596;2
597;2
598;0
599;0
600;1
601;0
602;0
603;2
604;1
605;1
606;0
607;2
608;1
609;0
610;2
611;1
612;0
613;0
614;2
615;0
616;1
617;0
618;2
619;1
620;0
621;0
622;0
623;0
624;0
625;0
626;0
627;0
628;0
629;0
630;0
631;2
632;2
633;2
634;0
635;1
636;0
637;1
638;1
639;0
640;0
641;0
642;0
643;1
644;2
645;0
646;0
647;2
648;0
649;2
650;2
651;0
652;1
653;0
654;2
655;0
656;1
657;0
658;0
659;0
660;0
661;0
662;2
663;2
664;1
665;0
666;0
667;2
668;4
669;1
670;2
671;1
672;1
673;0
674;2
675;0
676;2
677;0
678;0
679;2
680;1
681;0
682;0
683;0
684;2
685;0
686;1
687;0
688;2
689;0
690;2
691;0
692;0
693;0
694;0
695;0
696;0
697;0
698;0
699;2
700;2
701;0
702;0
703;0
704;0
705;0
706;1
707;0
708;0
709;0
710;0
711;0
712;0
713;2
714;0
715;1
716;0
717;0
718;0
719;0
720;0
721;1
722;0
723;0
724;1
725;0
726;0
727;2
728;1
729;0
730;0
731;2
732;1
733;2
734;2
735;2
736;2
737;0
738;2
739;0
740;2
741;1
742;1
743;0
744;1
745;1
746;0
747;2
748;0
749;0
750;0
751;0
752;0
753;1
754;0
755;0
756;1
757;0
758;1
759;2
760;2
761;2
762;0
763;2
764;0
765;0
766;2
767;2
768;0
769;0
770;0
771;0
772;0
773;2
774;2
775;0
776;0
777;0
778;0
779;0
780;2
781;0
782;0
783;0
784;2
785;0
786;2
787;0
788;2
789;0
790;0
791;2
792;1
793;1
794;0
795;0
796;0
797;1
798;0
799;0
800;0
801;0
802;2
803;0
804;0
805;0
806;0
807;0
808;0
809;0
810;0
811;0
812;1
813;0
814;0
815;2
816;1
817;0
818;2
819;2
820;1
821;0
822;0
823;2
824;1
825;0
826;2
827;1
828;0
829;0
830;2
831;0
832;2
833;1
834;0
835;0
836;0
837;0
838;0
839;0
840;0
841;0
842;1
843;0
844;1
845;0
846;2
847;0
848;0
849;0
850;0
851;0
852;1
853;0
854;0
855;0
856;1
857;0
858;2
859;0
860;4
861;0
862;2
863;2
864;2
865;0
866;0
867;0
868;2
869;1
870;0
871;0
872;0
873;0
874;0
875;0
876;1
877;0
878;0
879;0
880;0
881;2
882;2
883;0
884;0
885;0
886;0
887;0
888;0
889;1
890;0
891;0
892;0
893;2
894;0
895;2
896;0
897;0
898;0
899;2
900;2
901;2
902;0
903;0
904;0
905;2
906;0
907;0
908;2
909;0
910;1
911;0
912;2
913;0
914;0
915;0
916;0
917;0
918;1
919;2
920;1
921;0
922;0
923;2
924;2
925;0
926;2
927;2
928;0
929;0
930;2
931;0
932;2
933;0
934;0
935;2
936;2
937;0
938;2
939;2
940;0
941;1
942;2
943;0
944;0
945;0
946;0
947;0
948;2
949;0
950;0
951;0
952;0
953;0
954;2
955;2
956;2
957;0
958;0
959;0
960;2
961;1
962;2
963;2
964;2
965;2
966;2
967;0
968;2
969;2
970;0
971;2
972;0
973;0
974;0
975;0
976;0
977;0
978;2
979;0
980;0
981;0
982;0
983;0
984;0
985;0
986;0
987;0
988;2
989;0
990;0
991;2
992;2
993;0
994;2
995;1
996;0
997;0
998;2
999;0
1000;0
1001;0
1002;2
1003;2
1004;1
1005;0
1006;0
1007;0
1008;0
1009;2
1010;2
1011;2
1012;0
1013;0
1014;0
1015;0
1016;0
1017;0
1018;0
1019;0
1020;0
1021;0
1022;0
1023;0
