0;1
1;0
2;0
3;2
4;2
5;0
6;2
7;2
8;2
9;0
10;0
11;0
12;1
13;0
14;2
15;0
16;0
17;1
18;0
19;0
20;2
21;2
22;0
23;2
24;2
25;0
26;0
27;0
28;2
29;0
30;0
31;0
32;1
33;2
34;2
35;0
36;2
37;1
38;1
39;0
40;1
41;0
42;1
43;0
44;2
45;0
46;0
47;0
48;0
49;0
50;0
51;0
52;2
53;0
54;0
55;0
56;0
57;0
58;0
59;0
60;0
61;2
62;1
63;0
64;0
65;0
66;0
67;0
68;0
69;0
70;0
71;0
72;1
73;0
74;0
75;0
76;0
77;2
78;2
79;2
80;4
81;2
82;0
83;2
84;1
85;0
86;2
87;2
88;1
89;0
90;0
91;2
92;0
93;0
94;2
95;2
96;2
97;0
98;2
99;0
100;1
101;0
102;2
103;0
104;1
105;1
106;0
107;2
108;2
109;0
110;0
111;0
112;0
113;0
114;0
115;0
116;0
117;0
118;0
119;1
120;0
121;0
122;0
123;0
124;0
125;0
126;2
127;2
128;2
129;2
130;2
131;0
132;0
133;0
134;1
135;2
136;1
137;0
138;2
139;0
140;0
141;2
142;2
143;2
144;2
145;0
146;0
147;0
148;0
149;0
150;0
151;0
152;2
153;0
154;0
155;0
156;4
157;0
158;0
159;0
160;0
161;2
162;2
163;0
164;2
165;0
166;0
167;0
168;0
169;0
170;0
171;0
172;0
173;0
174;0
175;0
176;1
177;0
178;0
179;0
180;0
181;0
182;2
183;1
184;0
185;0
186;0
187;0
188;0
189;0
190;2
191;0
192;2
193;0
194;0
195;0
196;1
197;0
198;0
199;0
200;0
201;1
202;1
203;0
204;0
205;2
206;1
207;0
208;2
209;0
210;0
211;0
212;0
213;0
214;0
215;2
216;0
217;0
218;0
219;0
220;0
221;0
222;0
223;0
224;0
225;2
226;0
227;0
228;0
229;0
230;0
231;0
232;0
233;2
234;0
235;0
236;2
237;0
238;0
239;0
240;0
241;2
242;0
243;0
244;1
245;1
246;1
247;0
248;0
249;0
250;2
251;0
252;0
253;0
254;0
255;0
256;1
257;0
258;0
259;0
260;1
261;1
262;0
263;0
264;0
265;2
266;2
267;2
268;2
269;2
270;0
271;0
272;0
273;0
274;0
275;0
276;0
277;0
278;0
279;0
280;2
281;0
282;0
283;1
284;0
285;0
286;0
287;0
288;2
289;0
290;0
291;1
292;0
293;1
294;0
295;0
296;0
297;0
298;1
299;0
300;0
301;0
302;0
303;0
304;0
305;0
306;2
307;1
308;0
309;0
310;0
311;0
312;0
313;0
314;0
315;0
316;0
317;1
318;0
319;1
320;1
321;0
322;2
323;0
324;0
325;0
326;1
327;0
328;1
329;0
330;0
331;0
332;2
333;1
334;1
335;0
336;2
337;0
338;0
339;0
340;0
341;0
342;0
343;2
344;0
345;1
346;0
347;2
348;2
349;2
350;1
351;0
352;2
353;2
354;0
355;0
356;0
357;2
358;2
359;0
360;0
361;0
362;0
363;0
364;0
365;0
366;2
367;0
368;0
369;0
370;0
371;0
372;0
373;0
374;0
375;0
376;0
377;0
378;2
379;2
380;2
381;0
382;0
383;0
384;0
385;0
386;2
387;0
388;2
389;0
390;2
391;2
392;1
393;0
394;0
395;1
396;1
397;2
398;2
399;1
400;0
401;0
402;2
403;0
404;1
405;0
406;0
407;1
408;0
409;0
410;0
411;0
412;0
413;0
414;0
415;0
416;0
417;0
418;0
419;0
420;2
421;2
422;0
423;1
424;1
425;0
426;0
427;0
428;2
429;1
430;0
431;1
432;2
433;1
434;0
435;0
436;0
437;0
438;0
439;0
440;0
441;2
442;0
443;1
444;0
445;0
446;0
447;0
448;1
449;0
450;0
451;0
452;0
453;0
454;0
455;0
456;1
457;1
458;0
459;0
460;0
461;0
462;0
463;0
464;0
465;0
466;2
467;2
468;2
469;0
470;0
471;0
472;0
473;0
474;0
475;0
476;0
477;2
478;0
479;0
480;0
481;0
482;0
483;0
484;2
485;0
486;0
487;0
488;1
489;0
490;0
491;0
492;1
493;2
494;0
495;0
496;0
497;0
498;0
499;0
500;0
501;0
502;0
503;0
504;2
505;2
506;1
507;0
508;2
509;2
510;0
511;0
512;0
513;1
514;2
515;0
516;0
517;0
518;0
519;2
520;0
521;0
522;0
523;0
524;2
525;0
526;0
527;0
528;1
529;0
530;0
531;0
532;0
533;0
534;1
535;2
536;0
537;0
538;0
539;0
540;1
541;0
542;2
543;0
544;0
545;1
546;0
547;0
548;2
549;2
550;0
551;0
552;0
553;0
554;0
555;0
556;0
557;0
558;2
559;2
560;2
561;0
562;0
563;0
564;0
565;0
566;0
567;0
568;0
569;0
570;0
571;0
572;2
573;2
574;0
575;0
576;1
577;0
578;1
579;0
580;0
581;0
582;0
583;0
584;4
585;0
586;0
587;0
588;1
589;0
590;0
591;0
592;2
593;0
594;1
595;0
596;2
597;0
598;0
599;0
600;2
601;1
602;0
603;0
604;2
605;0
606;0
607;0
608;0
609;0
610;0
611;1
612;0
613;0
614;2
615;0
616;2
617;2
618;0
619;0
620;2
621;1
622;0
623;0
624;1
625;2
626;0
627;0
628;1
629;0
630;0
631;0
632;0
633;0
634;0
635;0
636;1
637;2
638;0
639;1
640;0
641;0
642;0
643;0
644;0
645;0
646;0
647;0
648;0
649;0
650;0
651;0
652;2
653;0
654;0
655;2
656;0
657;0
658;2
659;1
660;0
661;0
662;0
663;0
664;0
665;0
666;0
667;2
668;1
669;0
670;2
671;0
672;1
673;0
674;0
675;2
676;2
677;0
678;2
679;2
680;2
681;0
682;2
683;0
684;1
685;2
686;1
687;0
688;2
689;0
690;0
691;2
692;0
693;1
694;0
695;1
696;0
697;0
698;0
699;0
700;0
701;0
702;0
703;0
704;1
705;0
706;0
707;0
708;0
709;0
710;0
711;0
712;0
713;0
714;0
715;0
716;0
717;2
718;0
719;0
720;0
721;2
722;1
723;0
724;2
725;0
726;2
727;2
728;0
729;0
730;0
731;0
732;0
733;0
734;2
735;0
736;1
737;0
738;1
739;0
740;0
741;0
742;1
743;0
744;0
745;0
746;0
747;0
748;1
749;0
750;0
751;0
752;0
753;2
754;0
755;2
756;0
757;0
758;0
759;0
760;0
761;0
762;4
763;2
764;0
765;0
766;0
767;0
768;0
769;0
770;2
771;0
772;0
773;0
774;0
775;0
776;2
777;0
778;0
779;1
780;0
781;0
782;0
783;2
784;0
785;1
786;0
787;0
788;0
789;0
790;0
791;2
792;1
793;0
794;0
795;2
796;2
797;0
798;2
799;0
800;0
801;0
802;2
803;0
804;1
805;0
806;0
807;0
808;1
809;2
810;2
811;0
812;0
813;1
814;0
815;0
816;2
817;0
818;0
819;0
820;0
821;0
822;0
823;0
824;2
825;2
826;2
827;2
828;2
829;0
830;0
831;0
832;0
833;2
834;1
835;2
836;1
837;0
838;1
839;2
840;2
841;0
842;0
843;0
844;0
845;0
846;0
847;0
848;0
849;0
850;0
851;0
852;0
853;0
854;1
855;0
856;0
857;0
858;2
859;0
860;0
861;0
862;2
863;0
864;1
865;2
866;0
867;0
868;0
869;0
870;0
871;0
872;0
873;1
874;0
875;0
876;1
877;1
878;0
879;1
880;1
881;0
882;0
883;1
884;0
885;0
886;2
887;2
888;1
889;1
890;0
891;0
892;0
893;0
894;0
895;1
896;0
897;0
898;0
899;0
900;0
901;0
902;0
903;2
904;2
905;2
906;0
907;0
908;0
909;0
910;0
911;0
912;0
913;0
914;0
915;2
916;0
917;0
918;0
919;0
920;1
921;0
922;0
923;1
924;0
925;2
926;2
927;2
928;2
929;0
930;0
931;0
932;0
933;2
934;2
935;2
936;1
937;0
938;2
939;0
940;0
941;0
942;1
943;1
944;0
945;0
946;0
947;0
948;0
949;1
950;0
951;0
952;0
953;2
954;2
955;1
956;0
957;0
958;0
959;0
960;0
961;0
962;0
963;0
964;0
965;0
966;0
967;2
968;1
969;0
970;0
971;2
972;2
973;2
974;0
975;0
976;0
977;0
978;0
979;2
980;0
981;0
982;0
983;0
984;1
985;0
986;0
987;0
988;0
989;0
990;2
991;0
992;1
993;0
994;0
995;0
996;1
997;0
998;1
999;0
1000;0
1001;0
1002;2
1003;0
1004;2
1005;0
1006;0
1007;0
1008;0
1009;0
1010;0
1011;0
1012;0
1013;0
1014;0
1015;1
1016;0
1017;0
1018;0
1019;0
1020;0
1021;0
1022;0
1023;0
