0;0
1;0
2;0
3;2
4;4
5;2
6;2
7;2
8;2
9;1
10;2
11;0
12;1
13;0
14;1
15;0
16;0
17;1
18;0
19;0
20;2
21;2
22;0
23;2
24;1
25;1
26;0
27;2
28;0
29;0
30;0
31;0
32;0
33;2
34;2
35;0
36;1
37;1
38;1
39;0
40;1
41;0
42;1
43;0
44;2
45;0
46;0
47;1
48;0
49;2
50;0
51;0
52;2
53;0
54;0
55;0
56;0
57;0
58;0
59;0
60;1
61;0
62;0
63;0
64;0
65;0
66;2
67;0
68;0
69;0
70;0
71;1
72;1
73;0
74;2
75;1
76;2
77;2
78;2
79;2
80;2
81;0
82;0
83;0
84;0
85;0
86;0
87;0
88;0
89;0
90;0
91;2
92;2
93;2
94;0
95;1
96;0
97;0
98;0
99;0
100;0
101;0
102;0
103;1
104;0
105;1
106;0
107;1
108;0
109;0
110;0
111;1
112;0
113;0
114;2
115;0
116;0
117;0
118;0
119;0
120;0
121;0
122;2
123;1
124;0
125;0
126;2
127;0
128;0
129;2
130;2
131;0
132;2
133;0
134;0
135;2
136;0
137;0
138;0
139;0
140;2
141;0
142;0
143;0
144;1
145;0
146;0
147;0
148;0
149;2
150;1
151;2
152;2
153;0
154;0
155;0
156;0
157;0
158;0
159;0
160;2
161;2
162;0
163;0
164;1
165;0
166;0
167;0
168;0
169;0
170;1
171;0
172;0
173;0
174;0
175;0
176;0
177;0
178;2
179;0
180;2
181;0
182;0
183;0
184;0
185;0
186;0
187;0
188;2
189;1
190;1
191;0
192;2
193;2
194;1
195;0
196;0
197;0
198;0
199;0
200;1
201;0
202;2
203;2
204;0
205;0
206;0
207;1
208;0
209;0
210;0
211;1
212;0
213;0
214;0
215;2
216;0
217;2
218;0
219;0
220;0
221;0
222;0
223;0
224;2
225;0
226;0
227;1
228;0
229;0
230;0
231;2
232;1
233;1
234;1
235;1
236;0
237;0
238;2
239;0
240;0
241;0
242;2
243;2
244;1
245;0
246;0
247;2
248;2
249;0
250;2
251;1
252;0
253;0
254;0
255;0
256;1
257;0
258;0
259;0
260;0
261;0
262;1
263;0
264;1
265;0
266;2
267;2
268;0
269;2
270;2
271;2
272;1
273;0
274;0
275;0
276;0
277;0
278;0
279;0
280;2
281;2
282;0
283;1
284;0
285;1
286;0
287;0
288;2
289;2
290;0
291;1
292;0
293;1
294;0
295;0
296;2
297;2
298;0
299;0
300;0
301;0
302;0
303;0
304;0
305;0
306;0
307;2
308;0
309;1
310;0
311;2
312;1
313;0
314;2
315;1
316;0
317;2
318;2
319;0
320;1
321;0
322;0
323;0
324;2
325;1
326;1
327;0
328;2
329;0
330;2
331;0
332;0
333;0
334;0
335;2
336;0
337;0
338;0
339;0
340;2
341;0
342;0
343;2
344;2
345;0
346;0
347;1
348;0
349;2
350;0
351;2
352;0
353;0
354;0
355;0
356;0
357;0
358;2
359;2
360;0
361;0
362;0
363;0
364;1
365;2
366;0
367;0
368;0
369;0
370;1
371;0
372;0
373;0
374;0
375;0
376;0
377;0
378;2
379;0
380;0
381;2
382;2
383;0
384;0
385;0
386;0
387;0
388;2
389;2
390;0
391;1
392;0
393;0
394;2
395;1
396;0
397;0
398;0
399;2
400;1
401;1
402;0
403;0
404;2
405;1
406;0
407;0
408;0
409;0
410;0
411;1
412;0
413;0
414;0
415;0
416;1
417;0
418;1
419;0
420;1
421;0
422;0
423;2
424;2
425;0
426;2
427;2
428;2
429;0
430;2
431;0
432;1
433;0
434;1
435;0
436;2
437;0
438;1
439;0
440;0
441;0
442;0
443;0
444;2
445;0
446;0
447;0
448;0
449;0
450;0
451;0
452;0
453;0
454;0
455;2
456;2
457;0
458;0
459;1
460;0
461;2
462;0
463;0
464;0
465;0
466;0
467;0
468;0
469;0
470;0
471;0
472;1
473;0
474;0
475;0
476;1
477;0
478;1
479;0
480;1
481;2
482;0
483;0
484;0
485;0
486;0
487;0
488;0
489;0
490;0
491;0
492;2
493;2
494;2
495;2
496;2
497;2
498;0
499;0
500;0
501;2
502;2
503;0
504;0
505;0
506;1
507;0
508;0
509;0
510;0
511;2
512;1
513;0
514;0
515;2
516;2
517;0
518;2
519;2
520;2
521;0
522;2
523;0
524;0
525;0
526;0
527;0
528;0
529;0
530;0
531;0
532;0
533;0
534;2
535;2
536;2
537;0
538;0
539;2
540;0
541;0
542;2
543;0
544;0
545;2
546;2
547;1
548;0
549;2
550;2
551;0
552;0
553;0
554;0
555;1
556;0
557;2
558;2
559;2
560;2
561;2
562;0
563;2
564;0
565;2
566;2
567;0
568;0
569;0
570;0
571;0
572;1
573;2
574;0
575;0
576;0
577;0
578;0
579;0
580;0
581;0
582;1
583;1
584;1
585;0
586;0
587;0
588;1
589;0
590;0
591;0
592;2
593;0
594;0
595;0
596;2
597;0
598;0
599;0
600;0
601;0
602;0
603;0
604;2
605;0
606;0
607;1
608;0
609;2
610;0
611;1
612;0
613;0
614;2
615;1
616;0
617;0
618;0
619;2
620;1
621;0
622;1
623;0
624;1
625;1
626;0
627;2
628;0
629;0
630;0
631;0
632;0
633;0
634;0
635;0
636;2
637;0
638;0
639;0
640;0
641;0
642;1
643;0
644;0
645;0
646;0
647;0
648;0
649;0
650;0
651;0
652;0
653;0
654;0
655;1
656;0
657;0
658;1
659;0
660;0
661;0
662;0
663;0
664;1
665;0
666;0
667;2
668;0
669;0
670;1
671;1
672;0
673;0
674;0
675;0
676;2
677;0
678;0
679;0
680;1
681;0
682;0
683;0
684;0
685;0
686;2
687;1
688;0
689;0
690;2
691;2
692;1
693;0
694;0
695;2
696;2
697;0
698;2
699;2
700;2
701;0
702;2
703;0
704;0
705;0
706;0
707;0
708;0
709;0
710;0
711;0
712;0
713;0
714;0
715;0
716;0
717;2
718;0
719;0
720;0
721;1
722;1
723;0
724;2
725;0
726;0
727;0
728;2
729;2
730;0
731;1
732;0
733;0
734;2
735;0
736;1
737;0
738;2
739;0
740;0
741;0
742;2
743;2
744;0
745;0
746;0
747;0
748;0
749;0
750;0
751;0
752;0
753;2
754;0
755;0
756;0
757;0
758;0
759;0
760;0
761;1
762;0
763;2
764;0
765;0
766;1
767;0
768;0
769;1
770;2
771;0
772;0
773;0
774;0
775;0
776;0
777;0
778;0
779;1
780;0
781;0
782;0
783;0
784;0
785;0
786;0
787;0
788;0
789;0
790;0
791;0
792;1
793;1
794;0
795;1
796;0
797;1
798;0
799;0
800;1
801;0
802;0
803;0
804;0
805;0
806;0
807;0
808;0
809;0
810;0
811;0
812;2
813;2
814;2
815;2
816;2
817;0
818;0
819;0
820;0
821;2
822;1
823;2
824;1
825;0
826;1
827;2
828;2
829;0
830;0
831;1
832;0
833;0
834;0
835;1
836;0
837;2
838;0
839;1
840;0
841;0
842;0
843;0
844;0
845;2
846;1
847;0
848;0
849;2
850;0
851;0
852;1
853;0
854;0
855;0
856;0
857;2
858;2
859;0
860;0
861;0
862;0
863;0
864;0
865;2
866;0
867;1
868;0
869;0
870;0
871;2
872;0
873;0
874;2
875;2
876;1
877;0
878;1
879;1
880;0
881;0
882;0
883;0
884;0
885;0
886;1
887;0
888;0
889;0
890;0
891;0
892;2
893;2
894;0
895;0
896;0
897;0
898;0
899;2
900;0
901;0
902;0
903;0
904;0
905;0
906;1
907;0
908;4
909;0
910;0
911;0
912;2
913;1
914;0
915;2
916;2
917;2
918;0
919;1
920;0
921;2
922;1
923;0
924;2
925;0
926;0
927;0
928;2
929;0
930;0
931;0
932;0
933;0
934;0
935;1
936;0
937;0
938;1
939;0
940;1
941;0
942;0
943;2
944;4
945;0
946;1
947;0
948;0
949;0
950;2
951;1
952;2
953;2
954;2
955;2
956;0
957;0
958;2
959;1
960;0
961;0
962;1
963;2
964;0
965;0
966;0
967;1
968;0
969;0
970;0
971;2
972;0
973;0
974;0
975;0
976;0
977;0
978;0
979;2
980;0
981;0
982;0
983;0
984;1
985;0
986;0
987;0
988;0
989;0
990;2
991;1
992;0
993;2
994;0
995;0
996;0
997;0
998;0
999;2
1000;2
1001;0
1002;0
1003;0
1004;0
1005;2
1006;2
1007;2
1008;2
1009;1
1010;0
1011;0
1012;0
1013;0
1014;0
1015;0
1016;0
1017;0
1018;0
1019;0
1020;0
1021;0
1022;0
1023;0
