0;1
1;1
2;0
3;2
4;2
5;0
6;2
7;2
8;2
9;0
10;2
11;2
12;1
13;0
14;1
15;0
16;0
17;0
18;2
19;2
20;2
21;1
22;2
23;2
24;1
25;0
26;0
27;2
28;2
29;2
30;0
31;0
32;2
33;0
34;2
35;0
36;1
37;0
38;1
39;0
40;1
41;0
42;1
43;0
44;2
45;0
46;0
47;0
48;1
49;0
50;0
51;0
52;2
53;0
54;0
55;0
56;0
57;0
58;0
59;0
60;1
61;1
62;0
63;0
64;0
65;0
66;2
67;0
68;0
69;0
70;2
71;1
72;0
73;0
74;0
75;1
76;2
77;0
78;2
79;2
80;0
81;0
82;0
83;2
84;2
85;0
86;0
87;0
88;1
89;0
90;0
91;0
92;0
93;0
94;0
95;0
96;4
97;0
98;0
99;0
100;2
101;0
102;0
103;0
104;2
105;0
106;0
107;1
108;1
109;0
110;0
111;0
112;0
113;1
114;0
115;2
116;2
117;2
118;0
119;0
120;0
121;2
122;2
123;1
124;2
125;0
126;2
127;0
128;0
129;2
130;2
131;1
132;0
133;0
134;0
135;0
136;0
137;0
138;0
139;0
140;1
141;0
142;0
143;1
144;2
145;0
146;0
147;0
148;0
149;0
150;2
151;0
152;4
153;0
154;0
155;4
156;2
157;0
158;1
159;0
160;1
161;0
162;2
163;2
164;0
165;0
166;0
167;0
168;2
169;0
170;2
171;2
172;2
173;0
174;2
175;2
176;2
177;0
178;2
179;1
180;1
181;0
182;0
183;0
184;2
185;0
186;0
187;2
188;1
189;2
190;1
191;0
192;1
193;2
194;0
195;1
196;0
197;0
198;0
199;0
200;2
201;1
202;0
203;0
204;0
205;0
206;0
207;2
208;1
209;0
210;2
211;2
212;2
213;0
214;0
215;0
216;1
217;0
218;2
219;1
220;0
221;0
222;1
223;0
224;0
225;0
226;0
227;0
228;0
229;0
230;2
231;1
232;0
233;0
234;1
235;0
236;0
237;0
238;0
239;0
240;2
241;0
242;0
243;0
244;0
245;0
246;0
247;0
248;0
249;2
250;0
251;0
252;2
253;0
254;0
255;0
256;1
257;0
258;0
259;2
260;2
261;1
262;0
263;0
264;0
265;1
266;0
267;0
268;0
269;0
270;1
271;0
272;0
273;0
274;1
275;2
276;0
277;2
278;2
279;0
280;0
281;0
282;2
283;2
284;1
285;0
286;0
287;0
288;2
289;2
290;2
291;1
292;0
293;0
294;2
295;0
296;0
297;2
298;1
299;0
300;2
301;0
302;2
303;0
304;0
305;0
306;0
307;0
308;2
309;0
310;0
311;0
312;0
313;0
314;0
315;0
316;0
317;0
318;0
319;0
320;0
321;0
322;0
323;0
324;2
325;0
326;0
327;2
328;1
329;0
330;0
331;0
332;2
333;0
334;2
335;0
336;0
337;0
338;0
339;1
340;0
341;0
342;0
343;0
344;1
345;0
346;2
347;1
348;0
349;0
350;0
351;2
352;4
353;0
354;2
355;2
356;2
357;0
358;2
359;0
360;1
361;0
362;0
363;0
364;0
365;0
366;0
367;0
368;2
369;2
370;0
371;0
372;0
373;0
374;0
375;0
376;2
377;0
378;2
379;2
380;0
381;0
382;0
383;2
384;0
385;1
386;0
387;2
388;2
389;2
390;2
391;0
392;2
393;0
394;0
395;0
396;2
397;2
398;0
399;2
400;0
401;2
402;0
403;0
404;0
405;0
406;2
407;2
408;0
409;2
410;0
411;0
412;2
413;0
414;0
415;0
416;0
417;0
418;1
419;0
420;0
421;0
422;0
423;0
424;0
425;0
426;2
427;0
428;2
429;2
430;2
431;0
432;1
433;0
434;0
435;0
436;0
437;0
438;0
439;0
440;1
441;0
442;0
443;0
444;0
445;0
446;0
447;1
448;0
449;0
450;1
451;2
452;2
453;0
454;2
455;0
456;2
457;2
458;2
459;2
460;1
461;0
462;0
463;0
464;0
465;0
466;0
467;0
468;0
469;0
470;0
471;0
472;0
473;2
474;0
475;0
476;0
477;0
478;0
479;0
480;1
481;2
482;0
483;1
484;0
485;0
486;2
487;2
488;0
489;0
490;0
491;0
492;0
493;0
494;0
495;0
496;0
497;0
498;0
499;2
500;0
501;0
502;0
503;0
504;1
505;1
506;2
507;2
508;0
509;0
510;0
511;0
512;2
513;2
514;0
515;0
516;0
517;0
518;0
519;2
520;1
521;1
522;0
523;4
524;2
525;0
526;0
527;0
528;0
529;0
530;2
531;2
532;1
533;0
534;0
535;2
536;2
537;0
538;2
539;2
540;2
541;1
542;0
543;0
544;2
545;0
546;0
547;0
548;0
549;0
550;0
551;2
552;0
553;0
554;0
555;0
556;0
557;0
558;1
559;0
560;2
561;2
562;2
563;0
564;1
565;1
566;0
567;0
568;0
569;0
570;2
571;0
572;0
573;0
574;2
575;2
576;1
577;0
578;0
579;0
580;0
581;0
582;0
583;0
584;1
585;0
586;0
587;1
588;0
589;0
590;0
591;2
592;0
593;0
594;0
595;0
596;1
597;0
598;2
599;1
600;0
601;2
602;1
603;0
604;2
605;2
606;2
607;0
608;0
609;0
610;0
611;2
612;1
613;0
614;1
615;0
616;2
617;2
618;0
619;0
620;1
621;0
622;0
623;1
624;0
625;2
626;0
627;0
628;2
629;0
630;0
631;0
632;1
633;0
634;0
635;0
636;0
637;0
638;1
639;0
640;0
641;0
642;0
643;0
644;0
645;0
646;2
647;0
648;2
649;0
650;1
651;0
652;0
653;0
654;0
655;0
656;1
657;0
658;0
659;0
660;2
661;1
662;0
663;0
664;0
665;2
666;0
667;0
668;0
669;2
670;2
671;2
672;2
673;2
674;0
675;2
676;2
677;1
678;1
679;0
680;0
681;1
682;0
683;0
684;0
685;0
686;0
687;0
688;0
689;0
690;2
691;0
692;0
693;0
694;0
695;2
696;0
697;0
698;0
699;0
700;1
701;0
702;2
703;2
704;1
705;0
706;2
707;2
708;2
709;0
710;2
711;0
712;2
713;0
714;0
715;0
716;0
717;0
718;0
719;0
720;0
721;0
722;0
723;0
724;0
725;0
726;2
727;2
728;0
729;0
730;2
731;2
732;1
733;1
734;0
735;1
736;2
737;0
738;2
739;2
740;0
741;0
742;2
743;0
744;1
745;0
746;0
747;2
748;1
749;0
750;0
751;1
752;0
753;0
754;0
755;0
756;0
757;0
758;0
759;1
760;0
761;0
762;0
763;1
764;1
765;0
766;0
767;0
768;0
769;0
770;0
771;0
772;1
773;0
774;0
775;0
776;0
777;0
778;0
779;0
780;0
781;0
782;0
783;0
784;2
785;2
786;0
787;2
788;0
789;0
790;2
791;0
792;4
793;0
794;2
795;2
796;0
797;0
798;0
799;0
800;1
801;0
802;2
803;0
804;2
805;0
806;2
807;0
808;0
809;0
810;0
811;2
812;0
813;0
814;1
815;0
816;1
817;1
818;0
819;0
820;0
821;2
822;0
823;2
824;0
825;0
826;0
827;0
828;0
829;0
830;2
831;2
832;0
833;0
834;1
835;0
836;0
837;0
838;2
839;0
840;0
841;0
842;1
843;0
844;2
845;0
846;2
847;2
848;0
849;0
850;0
851;1
852;0
853;0
854;0
855;0
856;0
857;0
858;0
859;0
860;0
861;0
862;0
863;0
864;0
865;2
866;2
867;0
868;1
869;1
870;0
871;0
872;2
873;0
874;1
875;0
876;0
877;0
878;0
879;0
880;0
881;2
882;2
883;2
884;2
885;0
886;0
887;0
888;0
889;1
890;1
891;0
892;1
893;0
894;0
895;1
896;0
897;0
898;0
899;0
900;0
901;2
902;0
903;0
904;2
905;2
906;0
907;0
908;0
909;0
910;0
911;0
912;2
913;0
914;0
915;2
916;0
917;0
918;2
919;0
920;2
921;2
922;0
923;0
924;0
925;0
926;0
927;1
928;0
929;1
930;2
931;0
932;0
933;0
934;2
935;1
936;1
937;0
938;0
939;2
940;0
941;0
942;2
943;2
944;2
945;1
946;2
947;1
948;0
949;1
950;2
951;2
952;0
953;2
954;0
955;0
956;0
957;1
958;0
959;0
960;2
961;2
962;0
963;0
964;2
965;0
966;0
967;1
968;0
969;2
970;2
971;2
972;0
973;0
974;1
975;0
976;0
977;1
978;2
979;0
980;0
981;0
982;0
983;2
984;1
985;0
986;0
987;2
988;4
989;0
990;2
991;0
992;2
993;0
994;2
995;0
996;2
997;2
998;0
999;2
1000;0
1001;2
1002;0
1003;0
1004;0
1005;0
1006;1
1007;0
1008;0
1009;2
1010;0
1011;0
1012;1
1013;1
1014;0
1015;0
1016;0
1017;0
1018;0
1019;0
1020;0
1021;0
1022;0
1023;0
