0;0
1;0
2;0
3;2
4;2
5;0
6;2
7;2
8;2
9;1
10;2
11;0
12;1
13;0
14;0
15;0
16;0
17;2
18;0
19;0
20;1
21;1
22;2
23;2
24;1
25;0
26;0
27;0
28;2
29;0
30;0
31;0
32;1
33;1
34;0
35;0
36;2
37;1
38;1
39;0
40;1
41;0
42;1
43;0
44;2
45;0
46;1
47;0
48;0
49;1
50;0
51;2
52;2
53;0
54;0
55;0
56;0
57;1
58;0
59;0
60;2
61;0
62;0
63;0
64;0
65;0
66;0
67;0
68;0
69;0
70;0
71;0
72;0
73;0
74;0
75;0
76;0
77;2
78;0
79;0
80;2
81;0
82;0
83;0
84;0
85;0
86;0
87;0
88;1
89;0
90;0
91;2
92;0
93;0
94;1
95;0
96;0
97;0
98;2
99;0
100;0
101;0
102;1
103;0
104;0
105;0
106;0
107;1
108;0
109;0
110;0
111;0
112;0
113;2
114;2
115;1
116;0
117;2
118;0
119;0
120;0
121;0
122;1
123;0
124;2
125;0
126;0
127;0
128;2
129;2
130;2
131;2
132;0
133;0
134;0
135;0
136;0
137;0
138;2
139;0
140;2
141;0
142;2
143;0
144;1
145;0
146;0
147;0
148;0
149;0
150;2
151;0
152;2
153;1
154;1
155;0
156;0
157;0
158;1
159;0
160;0
161;0
162;0
163;0
164;1
165;0
166;0
167;2
168;1
169;1
170;0
171;1
172;0
173;0
174;1
175;0
176;0
177;0
178;2
179;0
180;2
181;0
182;1
183;0
184;0
185;0
186;0
187;0
188;0
189;1
190;1
191;0
192;0
193;1
194;0
195;0
196;2
197;0
198;1
199;0
200;0
201;0
202;2
203;2
204;0
205;0
206;0
207;0
208;0
209;0
210;2
211;1
212;0
213;0
214;0
215;0
216;4
217;0
218;2
219;1
220;0
221;0
222;0
223;0
224;2
225;0
226;0
227;0
228;0
229;0
230;0
231;0
232;0
233;2
234;0
235;0
236;0
237;2
238;0
239;0
240;0
241;0
242;0
243;0
244;0
245;2
246;0
247;0
248;1
249;1
250;0
251;0
252;0
253;2
254;0
255;1
256;0
257;0
258;1
259;0
260;0
261;0
262;2
263;0
264;0
265;2
266;0
267;0
268;0
269;2
270;1
271;0
272;2
273;0
274;0
275;0
276;0
277;0
278;0
279;0
280;0
281;0
282;0
283;2
284;1
285;0
286;0
287;2
288;4
289;0
290;0
291;2
292;1
293;0
294;0
295;0
296;2
297;0
298;0
299;1
300;0
301;0
302;2
303;2
304;2
305;0
306;0
307;1
308;0
309;1
310;0
311;0
312;0
313;0
314;1
315;0
316;0
317;1
318;0
319;0
320;0
321;2
322;2
323;1
324;1
325;0
326;0
327;0
328;2
329;1
330;1
331;0
332;1
333;1
334;0
335;4
336;2
337;2
338;0
339;2
340;1
341;0
342;0
343;1
344;1
345;0
346;0
347;0
348;2
349;2
350;1
351;0
352;1
353;0
354;0
355;0
356;0
357;0
358;0
359;2
360;0
361;0
362;0
363;2
364;2
365;2
366;2
367;2
368;1
369;0
370;1
371;0
372;0
373;2
374;0
375;0
376;0
377;0
378;0
379;0
380;2
381;0
382;1
383;0
384;0
385;0
386;0
387;0
388;0
389;0
390;0
391;0
392;0
393;0
394;0
395;0
396;0
397;2
398;0
399;0
400;0
401;0
402;2
403;0
404;1
405;0
406;0
407;0
408;2
409;0
410;0
411;0
412;2
413;1
414;1
415;0
416;0
417;2
418;1
419;0
420;1
421;0
422;1
423;0
424;1
425;1
426;0
427;0
428;2
429;2
430;1
431;0
432;1
433;0
434;0
435;0
436;0
437;0
438;0
439;0
440;0
441;2
442;0
443;2
444;0
445;0
446;2
447;1
448;0
449;2
450;0
451;0
452;0
453;0
454;0
455;0
456;1
457;1
458;0
459;0
460;0
461;0
462;0
463;0
464;0
465;0
466;2
467;2
468;0
469;0
470;0
471;0
472;0
473;0
474;0
475;0
476;0
477;1
478;0
479;0
480;0
481;0
482;0
483;0
484;0
485;0
486;0
487;2
488;1
489;0
490;0
491;0
492;1
493;1
494;0
495;0
496;2
497;2
498;0
499;0
500;2
501;0
502;2
503;0
504;0
505;2
506;2
507;1
508;0
509;2
510;0
511;0
512;0
513;2
514;2
515;0
516;0
517;0
518;2
519;0
520;0
521;0
522;1
523;0
524;0
525;0
526;0
527;0
528;1
529;0
530;2
531;0
532;0
533;0
534;2
535;2
536;0
537;1
538;0
539;0
540;1
541;0
542;2
543;0
544;0
545;2
546;2
547;1
548;0
549;0
550;2
551;1
552;0
553;1
554;1
555;0
556;2
557;1
558;0
559;2
560;2
561;0
562;2
563;1
564;0
565;0
566;0
567;1
568;0
569;0
570;0
571;0
572;0
573;0
574;0
575;0
576;1
577;0
578;0
579;0
580;0
581;0
582;2
583;2
584;2
585;0
586;2
587;0
588;0
589;0
590;1
591;1
592;1
593;0
594;1
595;0
596;1
597;0
598;0
599;0
600;0
601;0
602;0
603;2
604;0
605;1
606;0
607;0
608;0
609;0
610;0
611;0
612;2
613;2
614;0
615;0
616;1
617;0
618;1
619;0
620;0
621;0
622;1
623;0
624;0
625;0
626;2
627;0
628;0
629;0
630;1
631;2
632;2
633;2
634;0
635;0
636;1
637;1
638;0
639;0
640;1
641;0
642;0
643;0
644;0
645;0
646;0
647;0
648;0
649;0
650;0
651;0
652;2
653;0
654;0
655;0
656;2
657;0
658;0
659;0
660;0
661;0
662;1
663;0
664;0
665;0
666;0
667;0
668;2
669;1
670;0
671;0
672;0
673;0
674;2
675;2
676;0
677;0
678;0
679;2
680;0
681;0
682;0
683;2
684;0
685;0
686;2
687;0
688;1
689;0
690;0
691;2
692;1
693;0
694;0
695;2
696;2
697;0
698;0
699;2
700;0
701;0
702;0
703;0
704;1
705;0
706;0
707;2
708;0
709;0
710;1
711;0
712;0
713;0
714;0
715;0
716;0
717;0
718;0
719;0
720;0
721;2
722;0
723;0
724;1
725;0
726;0
727;0
728;0
729;0
730;0
731;0
732;0
733;0
734;2
735;0
736;0
737;1
738;0
739;0
740;1
741;0
742;2
743;1
744;0
745;0
746;2
747;2
748;1
749;0
750;2
751;1
752;0
753;0
754;2
755;0
756;1
757;0
758;0
759;0
760;0
761;0
762;2
763;0
764;0
765;0
766;1
767;0
768;1
769;0
770;0
771;1
772;2
773;0
774;2
775;1
776;2
777;0
778;2
779;0
780;0
781;0
782;2
783;0
784;0
785;0
786;0
787;2
788;1
789;2
790;0
791;0
792;1
793;1
794;0
795;0
796;0
797;0
798;0
799;2
800;0
801;0
802;0
803;0
804;0
805;1
806;2
807;2
808;0
809;0
810;1
811;0
812;1
813;0
814;2
815;0
816;0
817;0
818;0
819;0
820;0
821;0
822;0
823;0
824;0
825;0
826;0
827;1
828;1
829;1
830;1
831;0
832;0
833;0
834;1
835;0
836;0
837;2
838;2
839;2
840;0
841;2
842;2
843;2
844;1
845;1
846;0
847;0
848;0
849;1
850;0
851;2
852;2
853;0
854;0
855;0
856;0
857;1
858;2
859;0
860;2
861;0
862;0
863;0
864;0
865;2
866;1
867;1
868;1
869;0
870;0
871;0
872;1
873;0
874;1
875;0
876;0
877;1
878;0
879;0
880;0
881;0
882;1
883;0
884;0
885;2
886;1
887;0
888;0
889;2
890;0
891;0
892;0
893;2
894;0
895;0
896;1
897;1
898;0
899;0
900;0
901;0
902;0
903;0
904;0
905;1
906;1
907;0
908;0
909;0
910;2
911;2
912;1
913;0
914;0
915;0
916;4
917;0
918;2
919;0
920;2
921;0
922;2
923;0
924;2
925;2
926;1
927;1
928;0
929;1
930;0
931;1
932;1
933;0
934;0
935;0
936;1
937;0
938;0
939;2
940;4
941;0
942;2
943;2
944;2
945;0
946;2
947;0
948;2
949;2
950;0
951;2
952;0
953;0
954;1
955;0
956;0
957;0
958;0
959;0
960;0
961;2
962;0
963;0
964;0
965;0
966;1
967;0
968;0
969;0
970;0
971;1
972;0
973;0
974;1
975;0
976;1
977;1
978;1
979;0
980;0
981;2
982;2
983;2
984;2
985;0
986;1
987;0
988;0
989;2
990;2
991;2
992;1
993;0
994;0
995;2
996;0
997;0
998;1
999;0
1000;0
1001;0
1002;1
1003;0
1004;0
1005;1
1006;0
1007;0
1008;0
1009;0
1010;0
1011;0
1012;1
1013;0
1014;1
1015;0
1016;0
1017;0
1018;0
1019;0
1020;0
1021;0
1022;0
1023;0
