0;1
1;0
2;0
3;2
4;4
5;2
6;2
7;1
8;0
9;0
10;2
11;0
12;2
13;1
14;0
15;0
16;0
17;1
18;0
19;0
20;1
21;0
22;0
23;2
24;0
25;0
26;1
27;1
28;1
29;0
30;2
31;2
32;0
33;0
34;0
35;0
36;4
37;0
38;0
39;0
40;1
41;0
42;0
43;0
44;2
45;2
46;0
47;0
48;0
49;0
50;0
51;0
52;0
53;0
54;0
55;2
56;1
57;0
58;0
59;1
60;0
61;1
62;0
63;0
64;2
65;0
66;0
67;2
68;0
69;0
70;2
71;0
72;1
73;0
74;0
75;0
76;2
77;0
78;2
79;1
80;0
81;0
82;2
83;0
84;1
85;0
86;0
87;2
88;2
89;0
90;0
91;0
92;0
93;2
94;2
95;0
96;2
97;0
98;0
99;2
100;0
101;0
102;0
103;0
104;2
105;1
106;0
107;1
108;0
109;0
110;0
111;1
112;0
113;0
114;0
115;0
116;4
117;0
118;2
119;2
120;2
121;2
122;2
123;0
124;2
125;0
126;1
127;0
128;0
129;0
130;0
131;0
132;0
133;0
134;0
135;2
136;1
137;0
138;0
139;2
140;2
141;2
142;2
143;2
144;2
145;0
146;0
147;0
148;0
149;0
150;0
151;0
152;1
153;0
154;0
155;1
156;2
157;0
158;0
159;0
160;1
161;0
162;2
163;2
164;1
165;0
166;0
167;2
168;2
169;0
170;2
171;2
172;2
173;0
174;2
175;0
176;2
177;2
178;0
179;0
180;0
181;0
182;1
183;0
184;0
185;0
186;0
187;2
188;4
189;0
190;2
191;2
192;2
193;0
194;0
195;0
196;1
197;0
198;0
199;0
200;2
201;1
202;0
203;1
204;0
205;0
206;2
207;1
208;0
209;0
210;0
211;0
212;2
213;0
214;2
215;2
216;2
217;0
218;0
219;0
220;1
221;0
222;2
223;2
224;2
225;0
226;0
227;0
228;0
229;1
230;0
231;0
232;0
233;0
234;2
235;1
236;2
237;0
238;0
239;0
240;2
241;0
242;2
243;2
244;0
245;0
246;0
247;0
248;1
249;0
250;0
251;1
252;0
253;0
254;0
255;0
256;0
257;0
258;2
259;2
260;2
261;0
262;0
263;0
264;1
265;0
266;1
267;0
268;0
269;0
270;2
271;0
272;2
273;0
274;2
275;2
276;1
277;0
278;0
279;0
280;1
281;0
282;0
283;2
284;2
285;0
286;2
287;0
288;2
289;0
290;0
291;0
292;0
293;0
294;0
295;1
296;0
297;0
298;0
299;0
300;0
301;0
302;0
303;0
304;0
305;0
306;0
307;2
308;0
309;0
310;0
311;0
312;0
313;0
314;0
315;0
316;0
317;0
318;1
319;0
320;0
321;0
322;0
323;1
324;2
325;0
326;2
327;2
328;2
329;0
330;0
331;0
332;1
333;0
334;0
335;0
336;0
337;2
338;0
339;0
340;0
341;2
342;2
343;2
344;1
345;0
346;0
347;0
348;1
349;0
350;0
351;0
352;0
353;0
354;0
355;2
356;1
357;0
358;2
359;2
360;1
361;0
362;0
363;2
364;4
365;2
366;2
367;2
368;2
369;0
370;0
371;0
372;1
373;0
374;0
375;0
376;0
377;0
378;0
379;0
380;0
381;2
382;2
383;2
384;1
385;0
386;0
387;0
388;0
389;0
390;0
391;0
392;0
393;0
394;0
395;2
396;0
397;0
398;0
399;0
400;2
401;1
402;0
403;0
404;0
405;2
406;0
407;2
408;1
409;0
410;2
411;2
412;2
413;0
414;0
415;0
416;1
417;0
418;0
419;0
420;1
421;0
422;0
423;0
424;1
425;0
426;0
427;2
428;0
429;0
430;2
431;2
432;2
433;0
434;2
435;2
436;0
437;2
438;0
439;0
440;0
441;2
442;0
443;0
444;0
445;0
446;0
447;0
448;0
449;0
450;0
451;0
452;0
453;0
454;2
455;2
456;1
457;2
458;0
459;2
460;2
461;0
462;0
463;2
464;2
465;0
466;0
467;0
468;2
469;2
470;2
471;0
472;1
473;0
474;0
475;0
476;0
477;0
478;0
479;0
480;0
481;0
482;1
483;0
484;2
485;2
486;0
487;0
488;1
489;0
490;0
491;2
492;1
493;1
494;0
495;0
496;1
497;0
498;2
499;1
500;0
501;0
502;0
503;0
504;0
505;0
506;0
507;0
508;0
509;0
510;0
511;0
512;2
513;2
514;0
515;0
516;0
517;0
518;2
519;0
520;0
521;0
522;2
523;0
524;0
525;0
526;2
527;0
528;1
529;0
530;0
531;1
532;0
533;0
534;2
535;2
536;2
537;0
538;2
539;0
540;0
541;0
542;2
543;0
544;1
545;0
546;1
547;0
548;0
549;0
550;0
551;2
552;0
553;1
554;2
555;0
556;2
557;0
558;2
559;0
560;2
561;0
562;0
563;0
564;0
565;0
566;0
567;2
568;1
569;0
570;0
571;2
572;4
573;0
574;2
575;2
576;2
577;0
578;2
579;0
580;1
581;0
582;2
583;0
584;0
585;0
586;0
587;1
588;0
589;0
590;2
591;2
592;1
593;0
594;0
595;0
596;2
597;0
598;0
599;0
600;0
601;0
602;1
603;0
604;1
605;0
606;0
607;2
608;1
609;0
610;2
611;2
612;2
613;0
614;0
615;0
616;1
617;0
618;2
619;0
620;0
621;0
622;2
623;0
624;1
625;2
626;0
627;0
628;0
629;0
630;2
631;0
632;1
633;0
634;0
635;2
636;2
637;0
638;0
639;1
640;0
641;0
642;0
643;0
644;0
645;0
646;0
647;2
648;2
649;1
650;0
651;0
652;0
653;0
654;0
655;0
656;0
657;0
658;0
659;2
660;1
661;0
662;0
663;2
664;0
665;0
666;2
667;2
668;1
669;2
670;0
671;1
672;2
673;2
674;0
675;0
676;0
677;0
678;1
679;0
680;1
681;0
682;0
683;2
684;2
685;0
686;0
687;0
688;0
689;0
690;0
691;2
692;1
693;0
694;0
695;2
696;0
697;0
698;2
699;2
700;2
701;0
702;4
703;1
704;0
705;0
706;0
707;0
708;0
709;0
710;1
711;0
712;0
713;0
714;0
715;1
716;0
717;0
718;0
719;0
720;0
721;0
722;2
723;2
724;1
725;0
726;0
727;1
728;4
729;0
730;2
731;0
732;2
733;0
734;0
735;0
736;1
737;0
738;0
739;0
740;0
741;0
742;0
743;1
744;0
745;0
746;0
747;2
748;2
749;0
750;0
751;1
752;0
753;0
754;2
755;0
756;0
757;0
758;1
759;0
760;1
761;0
762;0
763;0
764;1
765;0
766;0
767;1
768;2
769;0
770;2
771;0
772;0
773;2
774;0
775;0
776;2
777;0
778;1
779;0
780;0
781;0
782;0
783;2
784;1
785;0
786;2
787;2
788;1
789;0
790;0
791;0
792;0
793;0
794;2
795;1
796;0
797;0
798;2
799;0
800;2
801;0
802;0
803;0
804;0
805;1
806;1
807;0
808;2
809;0
810;0
811;0
812;0
813;0
814;0
815;0
816;0
817;0
818;0
819;0
820;0
821;2
822;0
823;0
824;1
825;0
826;0
827;0
828;0
829;1
830;0
831;0
832;2
833;2
834;2
835;2
836;2
837;0
838;2
839;0
840;0
841;1
842;0
843;0
844;1
845;0
846;0
847;1
848;0
849;0
850;0
851;1
852;2
853;0
854;2
855;2
856;2
857;2
858;2
859;0
860;0
861;1
862;0
863;0
864;0
865;0
866;0
867;0
868;0
869;0
870;0
871;0
872;0
873;0
874;0
875;0
876;0
877;0
878;2
879;2
880;0
881;0
882;1
883;0
884;1
885;0
886;0
887;0
888;0
889;0
890;2
891;2
892;2
893;0
894;0
895;0
896;2
897;2
898;2
899;0
900;1
901;0
902;1
903;0
904;1
905;0
906;0
907;1
908;0
909;0
910;2
911;2
912;2
913;0
914;0
915;0
916;0
917;1
918;0
919;0
920;0
921;0
922;0
923;0
924;0
925;0
926;1
927;0
928;0
929;0
930;0
931;0
932;0
933;1
934;0
935;0
936;0
937;0
938;0
939;2
940;1
941;1
942;0
943;1
944;2
945;0
946;2
947;1
948;0
949;0
950;2
951;0
952;2
953;0
954;0
955;0
956;0
957;1
958;0
959;1
960;0
961;0
962;0
963;0
964;0
965;2
966;0
967;0
968;0
969;0
970;2
971;1
972;0
973;0
974;2
975;0
976;0
977;0
978;0
979;2
980;1
981;0
982;2
983;1
984;0
985;0
986;2
987;0
988;1
989;0
990;1
991;0
992;0
993;1
994;0
995;0
996;0
997;0
998;0
999;0
1000;1
1001;0
1002;0
1003;1
1004;0
1005;0
1006;0
1007;2
1008;1
1009;0
1010;0
1011;0
1012;0
1013;0
1014;1
1015;0
1016;0
1017;0
1018;0
1019;0
1020;0
1021;0
1022;0
1023;0
