0;1
1;0
2;0
3;2
4;4
5;0
6;2
7;2
8;2
9;0
10;0
11;0
12;1
13;0
14;0
15;0
16;0
17;2
18;2
19;1
20;0
21;1
22;2
23;2
24;1
25;0
26;0
27;0
28;2
29;0
30;0
31;2
32;1
33;2
34;2
35;0
36;1
37;0
38;1
39;0
40;1
41;0
42;1
43;0
44;2
45;0
46;0
47;1
48;0
49;2
50;0
51;0
52;0
53;0
54;0
55;0
56;0
57;0
58;0
59;0
60;2
61;0
62;0
63;2
64;0
65;0
66;0
67;0
68;0
69;0
70;0
71;0
72;1
73;0
74;0
75;0
76;2
77;2
78;2
79;2
80;2
81;0
82;0
83;2
84;0
85;0
86;0
87;0
88;1
89;0
90;0
91;2
92;2
93;0
94;0
95;1
96;0
97;0
98;0
99;0
100;0
101;0
102;2
103;1
104;0
105;0
106;2
107;1
108;0
109;0
110;2
111;0
112;0
113;0
114;2
115;2
116;1
117;0
118;0
119;0
120;4
121;0
122;2
123;2
124;2
125;0
126;2
127;0
128;2
129;2
130;0
131;0
132;0
133;1
134;0
135;0
136;0
137;0
138;0
139;0
140;0
141;2
142;2
143;2
144;0
145;0
146;0
147;0
148;0
149;0
150;0
151;0
152;2
153;0
154;2
155;0
156;0
157;0
158;0
159;0
160;0
161;2
162;2
163;0
164;2
165;0
166;2
167;1
168;0
169;0
170;0
171;2
172;0
173;0
174;0
175;0
176;1
177;0
178;0
179;1
180;0
181;0
182;2
183;2
184;2
185;0
186;0
187;1
188;0
189;1
190;0
191;0
192;2
193;0
194;0
195;0
196;0
197;0
198;0
199;0
200;1
201;1
202;1
203;0
204;0
205;2
206;1
207;0
208;2
209;0
210;0
211;0
212;0
213;0
214;2
215;0
216;0
217;0
218;0
219;0
220;0
221;0
222;0
223;0
224;0
225;2
226;0
227;0
228;0
229;2
230;0
231;2
232;0
233;2
234;0
235;0
236;2
237;0
238;2
239;1
240;0
241;2
242;0
243;2
244;0
245;2
246;1
247;0
248;0
249;0
250;0
251;0
252;0
253;0
254;1
255;0
256;0
257;0
258;0
259;0
260;1
261;0
262;0
263;1
264;0
265;0
266;0
267;2
268;4
269;0
270;2
271;2
272;0
273;0
274;2
275;0
276;1
277;0
278;0
279;1
280;0
281;1
282;0
283;2
284;1
285;0
286;2
287;2
288;1
289;0
290;0
291;2
292;4
293;0
294;2
295;2
296;2
297;0
298;2
299;0
300;2
301;1
302;0
303;1
304;0
305;0
306;1
307;0
308;2
309;0
310;0
311;0
312;0
313;0
314;0
315;0
316;0
317;0
318;0
319;1
320;0
321;1
322;0
323;0
324;0
325;0
326;0
327;1
328;0
329;0
330;0
331;0
332;2
333;0
334;2
335;2
336;1
337;2
338;0
339;0
340;0
341;0
342;2
343;1
344;0
345;1
346;0
347;2
348;4
349;2
350;0
351;2
352;2
353;2
354;0
355;2
356;1
357;0
358;0
359;0
360;1
361;0
362;0
363;0
364;2
365;0
366;0
367;0
368;0
369;0
370;0
371;2
372;0
373;1
374;0
375;2
376;0
377;2
378;2
379;1
380;0
381;1
382;0
383;2
384;2
385;1
386;0
387;0
388;0
389;0
390;0
391;2
392;0
393;0
394;2
395;2
396;0
397;0
398;0
399;0
400;0
401;0
402;0
403;0
404;0
405;0
406;1
407;0
408;0
409;0
410;0
411;0
412;0
413;0
414;0
415;0
416;2
417;0
418;0
419;0
420;2
421;0
422;0
423;0
424;1
425;0
426;0
427;1
428;0
429;0
430;2
431;1
432;0
433;1
434;0
435;2
436;1
437;1
438;0
439;0
440;2
441;2
442;0
443;2
444;0
445;0
446;0
447;0
448;2
449;0
450;0
451;0
452;4
453;0
454;2
455;2
456;2
457;0
458;2
459;0
460;2
461;1
462;0
463;0
464;1
465;0
466;0
467;0
468;0
469;0
470;0
471;0
472;0
473;0
474;2
475;0
476;0
477;1
478;0
479;1
480;0
481;1
482;0
483;0
484;2
485;0
486;2
487;2
488;1
489;0
490;0
491;0
492;0
493;2
494;2
495;0
496;0
497;0
498;1
499;0
500;2
501;0
502;0
503;0
504;2
505;0
506;0
507;0
508;1
509;0
510;0
511;0
512;1
513;2
514;0
515;0
516;0
517;0
518;0
519;0
520;0
521;0
522;1
523;0
524;0
525;0
526;0
527;2
528;1
529;2
530;2
531;1
532;0
533;0
534;2
535;0
536;2
537;0
538;0
539;0
540;0
541;0
542;0
543;2
544;1
545;0
546;1
547;0
548;1
549;0
550;0
551;0
552;0
553;0
554;0
555;0
556;0
557;0
558;2
559;0
560;0
561;0
562;0
563;1
564;0
565;0
566;0
567;0
568;1
569;0
570;0
571;0
572;0
573;2
574;0
575;2
576;0
577;0
578;0
579;0
580;1
581;0
582;0
583;0
584;0
585;1
586;0
587;0
588;2
589;2
590;2
591;0
592;0
593;0
594;0
595;1
596;0
597;2
598;2
599;2
600;2
601;0
602;2
603;1
604;0
605;0
606;0
607;0
608;2
609;0
610;0
611;0
612;0
613;2
614;0
615;1
616;1
617;0
618;0
619;0
620;1
621;0
622;0
623;0
624;0
625;1
626;0
627;0
628;2
629;1
630;0
631;0
632;2
633;0
634;0
635;0
636;2
637;0
638;0
639;0
640;2
641;2
642;0
643;0
644;2
645;0
646;0
647;1
648;0
649;0
650;0
651;1
652;0
653;0
654;1
655;0
656;0
657;0
658;0
659;0
660;2
661;0
662;1
663;0
664;0
665;0
666;0
667;0
668;0
669;0
670;0
671;2
672;0
673;0
674;0
675;0
676;2
677;0
678;0
679;2
680;0
681;0
682;0
683;2
684;0
685;0
686;0
687;1
688;0
689;0
690;2
691;0
692;0
693;0
694;0
695;0
696;0
697;0
698;2
699;2
700;0
701;0
702;0
703;0
704;0
705;0
706;0
707;2
708;0
709;0
710;1
711;2
712;1
713;0
714;0
715;0
716;0
717;0
718;2
719;2
720;0
721;0
722;1
723;0
724;0
725;0
726;0
727;0
728;0
729;0
730;0
731;0
732;1
733;0
734;0
735;0
736;0
737;0
738;1
739;0
740;0
741;0
742;0
743;0
744;0
745;2
746;0
747;0
748;0
749;2
750;1
751;0
752;2
753;0
754;2
755;2
756;0
757;0
758;2
759;0
760;0
761;0
762;0
763;0
764;2
765;1
766;0
767;2
768;1
769;0
770;0
771;0
772;2
773;0
774;2
775;2
776;2
777;0
778;0
779;0
780;2
781;0
782;0
783;0
784;0
785;0
786;0
787;0
788;0
789;2
790;1
791;0
792;0
793;0
794;0
795;0
796;0
797;0
798;0
799;0
800;0
801;0
802;2
803;1
804;0
805;2
806;2
807;1
808;1
809;0
810;2
811;2
812;1
813;0
814;0
815;2
816;4
817;0
818;2
819;2
820;2
821;0
822;0
823;0
824;2
825;2
826;4
827;2
828;0
829;0
830;1
831;0
832;0
833;0
834;2
835;0
836;0
837;0
838;0
839;0
840;0
841;0
842;0
843;0
844;0
845;0
846;0
847;0
848;0
849;0
850;0
851;0
852;0
853;0
854;1
855;0
856;0
857;1
858;0
859;0
860;0
861;2
862;2
863;0
864;1
865;1
866;0
867;0
868;2
869;1
870;0
871;0
872;0
873;0
874;1
875;0
876;2
877;1
878;0
879;2
880;2
881;0
882;1
883;0
884;0
885;0
886;1
887;0
888;0
889;0
890;1
891;1
892;2
893;0
894;0
895;1
896;0
897;0
898;2
899;2
900;1
901;0
902;0
903;2
904;4
905;0
906;2
907;2
908;2
909;0
910;0
911;0
912;2
913;1
914;0
915;0
916;0
917;1
918;2
919;0
920;0
921;0
922;0
923;1
924;0
925;2
926;0
927;1
928;1
929;2
930;2
931;1
932;0
933;1
934;1
935;0
936;0
937;0
938;1
939;0
940;1
941;0
942;0
943;2
944;0
945;0
946;0
947;0
948;2
949;1
950;1
951;1
952;0
953;0
954;0
955;0
956;0
957;0
958;0
959;0
960;0
961;0
962;0
963;0
964;2
965;2
966;0
967;2
968;0
969;0
970;0
971;1
972;0
973;0
974;0
975;1
976;0
977;0
978;1
979;0
980;4
981;0
982;1
983;0
984;0
985;0
986;1
987;2
988;2
989;1
990;0
991;2
992;2
993;2
994;0
995;2
996;0
997;0
998;0
999;0
1000;0
1001;0
1002;1
1003;0
1004;0
1005;0
1006;0
1007;1
1008;0
1009;0
1010;0
1011;0
1012;0
1013;0
1014;1
1015;1
1016;0
1017;0
1018;0
1019;0
1020;0
1021;0
1022;0
1023;0
