0;1
1;0
2;0
3;2
4;4
5;0
6;2
7;2
8;2
9;0
10;2
11;1
12;2
13;2
14;0
15;0
16;0
17;2
18;2
19;1
20;0
21;0
22;0
23;2
24;2
25;0
26;0
27;0
28;2
29;0
30;0
31;0
32;1
33;2
34;0
35;0
36;1
37;0
38;1
39;0
40;1
41;0
42;0
43;0
44;2
45;2
46;2
47;2
48;1
49;2
50;0
51;0
52;0
53;0
54;0
55;0
56;0
57;0
58;0
59;2
60;1
61;1
62;0
63;2
64;0
65;0
66;0
67;0
68;1
69;0
70;0
71;0
72;1
73;0
74;0
75;0
76;0
77;1
78;2
79;2
80;2
81;0
82;0
83;2
84;2
85;0
86;1
87;0
88;1
89;0
90;0
91;2
92;2
93;0
94;1
95;0
96;2
97;0
98;0
99;0
100;1
101;0
102;2
103;1
104;0
105;1
106;0
107;1
108;0
109;0
110;0
111;0
112;0
113;0
114;0
115;0
116;2
117;0
118;0
119;2
120;0
121;0
122;2
123;2
124;2
125;0
126;0
127;0
128;0
129;2
130;0
131;1
132;0
133;0
134;0
135;0
136;0
137;2
138;0
139;0
140;2
141;0
142;2
143;0
144;1
145;0
146;0
147;0
148;1
149;0
150;1
151;0
152;1
153;0
154;2
155;0
156;0
157;2
158;2
159;0
160;0
161;0
162;2
163;0
164;1
165;0
166;0
167;0
168;0
169;2
170;0
171;0
172;2
173;0
174;2
175;1
176;0
177;0
178;2
179;1
180;1
181;0
182;2
183;2
184;2
185;0
186;0
187;1
188;0
189;0
190;0
191;0
192;2
193;0
194;1
195;0
196;0
197;0
198;0
199;0
200;0
201;0
202;0
203;0
204;1
205;0
206;0
207;2
208;1
209;0
210;0
211;2
212;4
213;0
214;2
215;2
216;2
217;0
218;2
219;0
220;2
221;0
222;1
223;0
224;1
225;0
226;0
227;0
228;0
229;0
230;2
231;1
232;0
233;2
234;2
235;0
236;0
237;2
238;0
239;1
240;0
241;0
242;0
243;0
244;0
245;2
246;0
247;0
248;0
249;2
250;0
251;2
252;2
253;0
254;2
255;2
256;0
257;2
258;0
259;2
260;1
261;2
262;1
263;0
264;2
265;0
266;2
267;0
268;0
269;0
270;1
271;0
272;0
273;0
274;2
275;0
276;1
277;0
278;0
279;0
280;2
281;2
282;2
283;2
284;2
285;0
286;1
287;0
288;1
289;0
290;0
291;0
292;0
293;0
294;0
295;0
296;0
297;0
298;0
299;0
300;0
301;0
302;2
303;0
304;0
305;0
306;0
307;1
308;0
309;1
310;0
311;0
312;0
313;0
314;2
315;1
316;0
317;0
318;0
319;0
320;2
321;2
322;0
323;1
324;0
325;0
326;0
327;0
328;0
329;0
330;2
331;1
332;0
333;0
334;0
335;1
336;0
337;0
338;1
339;0
340;2
341;1
342;0
343;1
344;0
345;0
346;0
347;0
348;2
349;1
350;2
351;0
352;2
353;0
354;2
355;0
356;0
357;2
358;0
359;2
360;0
361;1
362;0
363;2
364;2
365;2
366;2
367;2
368;1
369;0
370;2
371;1
372;0
373;2
374;0
375;2
376;0
377;0
378;2
379;0
380;0
381;0
382;2
383;0
384;0
385;0
386;0
387;0
388;0
389;0
390;0
391;0
392;0
393;0
394;1
395;0
396;0
397;0
398;2
399;0
400;1
401;0
402;2
403;0
404;1
405;0
406;0
407;0
408;0
409;0
410;0
411;0
412;2
413;0
414;2
415;0
416;0
417;0
418;2
419;0
420;0
421;1
422;0
423;1
424;1
425;1
426;0
427;0
428;2
429;1
430;0
431;0
432;1
433;0
434;2
435;1
436;0
437;1
438;0
439;2
440;1
441;0
442;2
443;2
444;0
445;0
446;0
447;0
448;2
449;1
450;0
451;0
452;1
453;0
454;0
455;0
456;0
457;0
458;0
459;0
460;0
461;1
462;2
463;2
464;2
465;2
466;2
467;1
468;0
469;1
470;2
471;0
472;1
473;0
474;0
475;2
476;1
477;0
478;0
479;0
480;0
481;2
482;2
483;0
484;0
485;0
486;0
487;0
488;2
489;0
490;0
491;0
492;0
493;0
494;0
495;0
496;1
497;0
498;0
499;0
500;0
501;2
502;0
503;0
504;0
505;2
506;0
507;0
508;0
509;0
510;0
511;0
512;2
513;2
514;2
515;2
516;2
517;2
518;1
519;0
520;0
521;2
522;2
523;0
524;0
525;0
526;2
527;1
528;0
529;0
530;0
531;2
532;2
533;0
534;0
535;1
536;0
537;0
538;2
539;0
540;1
541;0
542;0
543;0
544;0
545;0
546;0
547;0
548;0
549;0
550;0
551;1
552;0
553;0
554;2
555;2
556;1
557;0
558;0
559;2
560;4
561;0
562;2
563;2
564;2
565;0
566;0
567;0
568;1
569;0
570;0
571;0
572;0
573;1
574;0
575;2
576;0
577;2
578;2
579;0
580;0
581;2
582;2
583;0
584;2
585;2
586;2
587;1
588;0
589;0
590;2
591;0
592;0
593;0
594;0
595;0
596;0
597;0
598;0
599;0
600;2
601;0
602;0
603;0
604;0
605;0
606;0
607;0
608;0
609;0
610;0
611;0
612;4
613;0
614;0
615;0
616;1
617;0
618;0
619;0
620;2
621;0
622;0
623;0
624;2
625;0
626;0
627;0
628;0
629;0
630;1
631;0
632;1
633;0
634;0
635;2
636;2
637;0
638;2
639;2
640;2
641;0
642;2
643;1
644;1
645;0
646;0
647;0
648;0
649;0
650;0
651;0
652;2
653;1
654;1
655;0
656;0
657;0
658;0
659;0
660;0
661;1
662;0
663;0
664;1
665;0
666;2
667;0
668;2
669;0
670;0
671;0
672;0
673;2
674;2
675;0
676;0
677;0
678;2
679;1
680;0
681;0
682;0
683;1
684;0
685;0
686;0
687;0
688;2
689;0
690;2
691;0
692;0
693;0
694;0
695;0
696;0
697;0
698;0
699;2
700;1
701;0
702;1
703;2
704;1
705;0
706;0
707;0
708;0
709;0
710;0
711;2
712;1
713;0
714;0
715;2
716;4
717;0
718;2
719;1
720;2
721;0
722;0
723;0
724;1
725;1
726;0
727;0
728;0
729;0
730;0
731;0
732;0
733;0
734;2
735;0
736;1
737;0
738;0
739;0
740;0
741;0
742;0
743;0
744;0
745;0
746;2
747;0
748;2
749;0
750;0
751;0
752;0
753;2
754;0
755;0
756;2
757;0
758;0
759;2
760;2
761;0
762;2
763;1
764;0
765;0
766;0
767;0
768;1
769;0
770;2
771;0
772;0
773;0
774;2
775;0
776;0
777;0
778;0
779;0
780;1
781;0
782;0
783;0
784;0
785;2
786;0
787;2
788;0
789;0
790;0
791;0
792;0
793;2
794;2
795;2
796;0
797;0
798;1
799;0
800;0
801;0
802;0
803;0
804;0
805;0
806;0
807;0
808;0
809;0
810;0
811;1
812;0
813;0
814;0
815;0
816;0
817;0
818;0
819;1
820;0
821;0
822;1
823;0
824;0
825;1
826;0
827;0
828;0
829;2
830;2
831;2
832;1
833;1
834;0
835;2
836;2
837;0
838;0
839;1
840;0
841;0
842;0
843;0
844;2
845;2
846;2
847;2
848;2
849;0
850;0
851;0
852;0
853;0
854;0
855;2
856;0
857;0
858;0
859;2
860;1
861;0
862;0
863;1
864;0
865;0
866;2
867;2
868;0
869;0
870;2
871;0
872;0
873;0
874;0
875;1
876;0
877;0
878;2
879;0
880;0
881;0
882;0
883;0
884;1
885;1
886;0
887;0
888;0
889;0
890;0
891;0
892;2
893;0
894;2
895;2
896;1
897;1
898;0
899;2
900;2
901;0
902;2
903;0
904;2
905;0
906;2
907;0
908;1
909;1
910;1
911;0
912;2
913;2
914;0
915;2
916;0
917;0
918;0
919;0
920;1
921;1
922;1
923;1
924;0
925;0
926;0
927;2
928;0
929;0
930;1
931;0
932;1
933;1
934;0
935;0
936;1
937;0
938;0
939;2
940;0
941;0
942;2
943;1
944;0
945;0
946;0
947;1
948;0
949;0
950;2
951;0
952;1
953;0
954;0
955;2
956;2
957;0
958;0
959;1
960;2
961;0
962;2
963;0
964;0
965;0
966;0
967;0
968;2
969;1
970;1
971;0
972;0
973;2
974;0
975;2
976;0
977;2
978;2
979;1
980;0
981;2
982;2
983;1
984;0
985;2
986;0
987;0
988;0
989;0
990;0
991;0
992;2
993;0
994;0
995;0
996;0
997;1
998;0
999;0
1000;0
1001;0
1002;0
1003;0
1004;0
1005;0
1006;2
1007;0
1008;0
1009;0
1010;2
1011;0
1012;0
1013;1
1014;0
1015;0
1016;0
1017;0
1018;0
1019;0
1020;0
1021;0
1022;0
1023;0
