0;1
1;0
2;0
3;2
4;2
5;0
6;0
7;2
8;2
9;0
10;2
11;0
12;2
13;0
14;0
15;0
16;1
17;2
18;2
19;2
20;2
21;1
22;0
23;2
24;1
25;1
26;2
27;2
28;2
29;0
30;0
31;2
32;0
33;0
34;0
35;0
36;0
37;0
38;0
39;2
40;1
41;0
42;0
43;0
44;1
45;0
46;0
47;2
48;0
49;0
50;2
51;0
52;0
53;0
54;0
55;0
56;0
57;1
58;0
59;0
60;0
61;0
62;0
63;0
64;0
65;0
66;0
67;0
68;0
69;0
70;0
71;2
72;1
73;0
74;0
75;0
76;0
77;0
78;0
79;0
80;2
81;0
82;2
83;0
84;1
85;0
86;0
87;1
88;0
89;0
90;0
91;2
92;4
93;0
94;2
95;2
96;2
97;0
98;2
99;0
100;1
101;0
102;0
103;0
104;0
105;0
106;0
107;0
108;0
109;0
110;0
111;1
112;0
113;0
114;1
115;0
116;0
117;0
118;0
119;0
120;1
121;2
122;0
123;0
124;0
125;0
126;0
127;0
128;0
129;0
130;2
131;0
132;0
133;1
134;0
135;0
136;1
137;0
138;0
139;0
140;0
141;0
142;0
143;0
144;0
145;0
146;0
147;0
148;0
149;0
150;2
151;2
152;1
153;2
154;2
155;0
156;0
157;0
158;0
159;0
160;0
161;0
162;2
163;0
164;0
165;0
166;1
167;2
168;0
169;0
170;0
171;1
172;0
173;0
174;0
175;0
176;0
177;0
178;0
179;0
180;0
181;0
182;0
183;0
184;2
185;0
186;0
187;0
188;2
189;0
190;0
191;2
192;0
193;0
194;0
195;0
196;2
197;1
198;0
199;0
200;2
201;0
202;2
203;0
204;0
205;0
206;2
207;1
208;0
209;0
210;0
211;2
212;4
213;0
214;2
215;2
216;2
217;0
218;0
219;0
220;1
221;0
222;0
223;0
224;0
225;0
226;0
227;2
228;1
229;0
230;0
231;0
232;0
233;2
234;2
235;2
236;0
237;0
238;0
239;0
240;0
241;0
242;0
243;0
244;0
245;0
246;2
247;2
248;2
249;2
250;2
251;4
252;0
253;0
254;1
255;0
256;0
257;0
258;2
259;2
260;1
261;0
262;0
263;2
264;4
265;0
266;2
267;2
268;0
269;0
270;2
271;0
272;1
273;0
274;0
275;1
276;1
277;0
278;2
279;1
280;0
281;0
282;0
283;0
284;2
285;2
286;1
287;2
288;1
289;0
290;0
291;0
292;0
293;1
294;0
295;0
296;2
297;0
298;0
299;0
300;2
301;0
302;2
303;1
304;0
305;0
306;0
307;0
308;2
309;1
310;0
311;0
312;0
313;0
314;0
315;1
316;2
317;0
318;0
319;0
320;2
321;0
322;0
323;0
324;0
325;0
326;0
327;0
328;0
329;2
330;1
331;0
332;0
333;0
334;0
335;0
336;0
337;0
338;2
339;2
340;0
341;0
342;0
343;0
344;2
345;0
346;2
347;2
348;1
349;0
350;2
351;2
352;1
353;0
354;2
355;2
356;2
357;1
358;0
359;0
360;0
361;0
362;0
363;0
364;2
365;1
366;0
367;1
368;0
369;0
370;0
371;2
372;2
373;0
374;0
375;2
376;0
377;0
378;0
379;1
380;0
381;0
382;1
383;0
384;4
385;2
386;0
387;2
388;2
389;2
390;2
391;2
392;1
393;0
394;0
395;0
396;2
397;0
398;0
399;0
400;0
401;0
402;0
403;0
404;0
405;0
406;0
407;0
408;0
409;0
410;0
411;0
412;2
413;0
414;1
415;0
416;0
417;0
418;0
419;2
420;0
421;2
422;2
423;2
424;2
425;0
426;0
427;1
428;0
429;0
430;0
431;1
432;0
433;1
434;2
435;1
436;0
437;0
438;2
439;1
440;0
441;2
442;0
443;0
444;2
445;0
446;2
447;0
448;2
449;0
450;1
451;0
452;1
453;1
454;0
455;0
456;0
457;0
458;2
459;1
460;0
461;0
462;2
463;0
464;2
465;0
466;0
467;2
468;2
469;0
470;0
471;0
472;0
473;0
474;2
475;1
476;0
477;0
478;0
479;0
480;2
481;2
482;1
483;1
484;0
485;0
486;0
487;1
488;0
489;0
490;0
491;0
492;0
493;0
494;2
495;2
496;2
497;0
498;0
499;1
500;0
501;2
502;0
503;0
504;0
505;0
506;2
507;1
508;1
509;0
510;0
511;2
512;4
513;0
514;2
515;2
516;2
517;0
518;2
519;0
520;2
521;0
522;2
523;0
524;0
525;2
526;2
527;2
528;2
529;2
530;0
531;0
532;0
533;2
534;0
535;1
536;0
537;0
538;0
539;0
540;0
541;0
542;2
543;2
544;0
545;0
546;1
547;0
548;0
549;0
550;2
551;2
552;1
553;0
554;0
555;2
556;2
557;0
558;2
559;2
560;2
561;0
562;2
563;0
564;2
565;2
566;2
567;2
568;2
569;2
570;2
571;0
572;2
573;0
574;2
575;0
576;0
577;2
578;0
579;1
580;1
581;0
582;0
583;0
584;0
585;0
586;0
587;0
588;1
589;0
590;2
591;0
592;0
593;1
594;0
595;2
596;0
597;0
598;0
599;2
600;0
601;0
602;0
603;0
604;2
605;0
606;0
607;2
608;0
609;0
610;0
611;0
612;0
613;0
614;0
615;1
616;0
617;2
618;2
619;0
620;1
621;0
622;2
623;2
624;2
625;0
626;1
627;2
628;1
629;2
630;2
631;1
632;0
633;1
634;0
635;0
636;2
637;2
638;2
639;2
640;2
641;0
642;0
643;0
644;0
645;0
646;1
647;0
648;0
649;0
650;0
651;0
652;0
653;2
654;0
655;1
656;0
657;0
658;0
659;0
660;2
661;0
662;0
663;0
664;0
665;0
666;0
667;1
668;1
669;0
670;0
671;0
672;2
673;0
674;0
675;2
676;2
677;2
678;0
679;0
680;2
681;0
682;0
683;0
684;2
685;0
686;0
687;0
688;0
689;2
690;2
691;0
692;2
693;0
694;0
695;0
696;1
697;0
698;0
699;0
700;1
701;0
702;2
703;2
704;1
705;0
706;0
707;1
708;1
709;0
710;2
711;0
712;0
713;0
714;0
715;0
716;1
717;0
718;1
719;0
720;0
721;0
722;0
723;0
724;0
725;0
726;2
727;2
728;2
729;1
730;0
731;0
732;0
733;0
734;0
735;2
736;1
737;1
738;0
739;0
740;0
741;2
742;0
743;0
744;1
745;0
746;0
747;0
748;0
749;0
750;0
751;0
752;0
753;0
754;0
755;1
756;0
757;0
758;2
759;1
760;0
761;2
762;0
763;2
764;0
765;0
766;0
767;0
768;0
769;0
770;1
771;0
772;1
773;2
774;1
775;0
776;2
777;0
778;0
779;0
780;1
781;0
782;0
783;0
784;1
785;1
786;0
787;1
788;0
789;2
790;0
791;0
792;0
793;2
794;2
795;2
796;1
797;0
798;0
799;2
800;0
801;2
802;2
803;2
804;0
805;0
806;0
807;1
808;0
809;0
810;2
811;1
812;0
813;0
814;0
815;0
816;1
817;1
818;0
819;0
820;4
821;2
822;2
823;1
824;0
825;2
826;0
827;2
828;1
829;0
830;2
831;0
832;2
833;2
834;2
835;2
836;0
837;0
838;2
839;0
840;0
841;0
842;0
843;0
844;0
845;2
846;1
847;0
848;1
849;0
850;2
851;0
852;1
853;0
854;0
855;2
856;1
857;0
858;2
859;2
860;2
861;0
862;2
863;0
864;2
865;0
866;0
867;0
868;0
869;0
870;0
871;0
872;0
873;0
874;0
875;0
876;1
877;0
878;0
879;0
880;1
881;0
882;2
883;2
884;1
885;0
886;0
887;0
888;1
889;0
890;0
891;0
892;0
893;2
894;0
895;0
896;0
897;0
898;0
899;2
900;0
901;0
902;0
903;0
904;2
905;2
906;0
907;0
908;2
909;0
910;2
911;1
912;0
913;1
914;0
915;0
916;0
917;0
918;1
919;0
920;0
921;2
922;1
923;0
924;1
925;0
926;0
927;0
928;2
929;1
930;2
931;0
932;1
933;0
934;0
935;0
936;0
937;2
938;0
939;0
940;2
941;2
942;0
943;0
944;0
945;2
946;0
947;0
948;2
949;2
950;0
951;0
952;0
953;1
954;0
955;0
956;0
957;0
958;0
959;0
960;2
961;0
962;2
963;0
964;0
965;0
966;0
967;2
968;0
969;0
970;0
971;0
972;0
973;0
974;2
975;0
976;0
977;1
978;0
979;0
980;0
981;0
982;0
983;2
984;0
985;0
986;1
987;0
988;2
989;2
990;1
991;0
992;0
993;2
994;0
995;0
996;2
997;0
998;0
999;0
1000;0
1001;0
1002;2
1003;2
1004;1
1005;0
1006;0
1007;2
1008;2
1009;2
1010;2
1011;2
1012;0
1013;0
1014;0
1015;1
1016;0
1017;0
1018;0
1019;0
1020;0
1021;0
1022;0
1023;0
