0;0
1;1
2;0
3;0
4;2
5;0
6;2
7;0
8;2
9;0
10;2
11;2
12;2
13;0
14;0
15;0
16;1
17;2
18;1
19;0
20;2
21;1
22;2
23;2
24;1
25;0
26;2
27;2
28;2
29;0
30;0
31;1
32;0
33;0
34;0
35;0
36;0
37;0
38;0
39;0
40;0
41;0
42;1
43;0
44;2
45;0
46;0
47;0
48;0
49;0
50;0
51;0
52;0
53;0
54;0
55;0
56;0
57;1
58;0
59;2
60;1
61;0
62;0
63;0
64;0
65;0
66;0
67;0
68;0
69;0
70;2
71;2
72;1
73;0
74;0
75;1
76;0
77;0
78;0
79;0
80;0
81;0
82;2
83;0
84;0
85;0
86;0
87;0
88;0
89;0
90;2
91;2
92;1
93;0
94;0
95;2
96;4
97;0
98;0
99;2
100;0
101;2
102;0
103;0
104;2
105;0
106;0
107;0
108;0
109;0
110;0
111;0
112;0
113;0
114;2
115;0
116;0
117;0
118;0
119;2
120;0
121;2
122;0
123;0
124;2
125;0
126;0
127;0
128;0
129;0
130;0
131;0
132;0
133;1
134;1
135;0
136;1
137;0
138;0
139;0
140;1
141;0
142;2
143;0
144;0
145;2
146;0
147;0
148;0
149;2
150;2
151;2
152;1
153;1
154;0
155;0
156;0
157;1
158;0
159;0
160;0
161;0
162;2
163;0
164;0
165;0
166;2
167;1
168;0
169;0
170;0
171;2
172;4
173;0
174;2
175;2
176;2
177;0
178;0
179;0
180;1
181;1
182;1
183;0
184;0
185;0
186;1
187;0
188;1
189;0
190;0
191;2
192;2
193;0
194;0
195;2
196;1
197;0
198;0
199;0
200;2
201;1
202;0
203;0
204;1
205;0
206;0
207;1
208;2
209;1
210;0
211;2
212;2
213;0
214;2
215;0
216;2
217;0
218;0
219;0
220;1
221;0
222;0
223;0
224;2
225;0
226;0
227;2
228;1
229;0
230;0
231;0
232;0
233;0
234;1
235;0
236;1
237;0
238;0
239;2
240;2
241;0
242;0
243;2
244;2
245;0
246;0
247;0
248;0
249;0
250;0
251;0
252;0
253;0
254;0
255;0
256;0
257;0
258;2
259;2
260;0
261;0
262;0
263;2
264;4
265;0
266;0
267;2
268;2
269;0
270;2
271;0
272;2
273;0
274;2
275;2
276;0
277;0
278;2
279;0
280;1
281;0
282;0
283;0
284;1
285;0
286;2
287;1
288;0
289;2
290;2
291;0
292;2
293;2
294;1
295;0
296;1
297;0
298;0
299;0
300;0
301;1
302;0
303;0
304;1
305;0
306;0
307;0
308;1
309;0
310;0
311;0
312;0
313;0
314;0
315;0
316;2
317;0
318;0
319;0
320;0
321;0
322;0
323;1
324;0
325;0
326;0
327;0
328;2
329;0
330;2
331;0
332;0
333;0
334;0
335;0
336;0
337;1
338;1
339;0
340;0
341;0
342;2
343;2
344;1
345;0
346;0
347;2
348;2
349;0
350;2
351;2
352;1
353;0
354;0
355;0
356;0
357;0
358;2
359;2
360;2
361;1
362;0
363;0
364;0
365;2
366;2
367;0
368;0
369;0
370;0
371;0
372;0
373;0
374;0
375;0
376;0
377;0
378;0
379;2
380;0
381;0
382;0
383;0
384;0
385;0
386;0
387;0
388;0
389;0
390;1
391;0
392;1
393;0
394;0
395;2
396;4
397;0
398;0
399;2
400;2
401;0
402;0
403;0
404;1
405;0
406;0
407;1
408;0
409;0
410;0
411;2
412;2
413;0
414;2
415;2
416;2
417;0
418;2
419;0
420;0
421;2
422;2
423;0
424;2
425;1
426;1
427;0
428;0
429;0
430;0
431;0
432;0
433;0
434;0
435;0
436;0
437;0
438;0
439;0
440;2
441;2
442;2
443;2
444;1
445;0
446;0
447;0
448;0
449;0
450;0
451;2
452;0
453;1
454;2
455;2
456;0
457;0
458;0
459;0
460;0
461;0
462;0
463;0
464;0
465;0
466;0
467;0
468;0
469;0
470;0
471;2
472;1
473;2
474;0
475;0
476;0
477;0
478;2
479;0
480;0
481;0
482;0
483;4
484;1
485;2
486;0
487;0
488;0
489;2
490;2
491;2
492;1
493;0
494;2
495;0
496;2
497;0
498;0
499;2
500;2
501;0
502;0
503;0
504;0
505;2
506;0
507;0
508;0
509;0
510;0
511;0
512;0
513;2
514;1
515;0
516;0
517;0
518;0
519;0
520;0
521;0
522;0
523;0
524;2
525;2
526;1
527;0
528;0
529;2
530;0
531;1
532;0
533;0
534;0
535;0
536;0
537;0
538;2
539;0
540;0
541;1
542;0
543;2
544;0
545;0
546;0
547;0
548;0
549;2
550;2
551;2
552;2
553;2
554;0
555;0
556;0
557;0
558;0
559;1
560;0
561;0
562;0
563;0
564;0
565;0
566;2
567;2
568;0
569;0
570;0
571;0
572;0
573;0
574;0
575;0
576;2
577;2
578;2
579;1
580;1
581;2
582;2
583;0
584;2
585;0
586;1
587;1
588;0
589;0
590;0
591;1
592;0
593;0
594;0
595;0
596;0
597;0
598;0
599;0
600;2
601;1
602;0
603;0
604;0
605;1
606;0
607;2
608;2
609;0
610;2
611;2
612;2
613;0
614;2
615;2
616;2
617;0
618;0
619;0
620;0
621;0
622;0
623;2
624;0
625;0
626;0
627;0
628;0
629;0
630;0
631;0
632;0
633;0
634;0
635;0
636;2
637;0
638;0
639;2
640;0
641;0
642;0
643;0
644;0
645;2
646;0
647;0
648;0
649;0
650;0
651;0
652;2
653;0
654;0
655;2
656;2
657;0
658;0
659;2
660;2
661;0
662;0
663;0
664;4
665;2
666;0
667;0
668;2
669;2
670;1
671;0
672;2
673;0
674;2
675;0
676;0
677;0
678;2
679;0
680;0
681;0
682;0
683;1
684;2
685;2
686;1
687;0
688;2
689;1
690;0
691;0
692;2
693;0
694;0
695;0
696;0
697;0
698;0
699;0
700;0
701;2
702;0
703;0
704;1
705;0
706;0
707;0
708;0
709;0
710;0
711;0
712;2
713;0
714;0
715;2
716;1
717;0
718;0
719;0
720;0
721;0
722;2
723;2
724;2
725;0
726;0
727;0
728;1
729;1
730;0
731;0
732;1
733;0
734;0
735;0
736;0
737;1
738;0
739;0
740;1
741;0
742;0
743;2
744;2
745;0
746;2
747;2
748;2
749;0
750;2
751;2
752;2
753;0
754;0
755;0
756;0
757;0
758;0
759;0
760;0
761;0
762;0
763;1
764;0
765;0
766;0
767;0
768;0
769;0
770;0
771;2
772;4
773;0
774;2
775;0
776;2
777;0
778;0
779;0
780;1
781;0
782;0
783;1
784;0
785;0
786;0
787;0
788;2
789;0
790;0
791;2
792;0
793;0
794;0
795;1
796;0
797;0
798;0
799;0
800;0
801;0
802;0
803;0
804;0
805;2
806;2
807;2
808;2
809;0
810;0
811;0
812;0
813;0
814;0
815;0
816;0
817;2
818;2
819;2
820;2
821;0
822;0
823;0
824;0
825;0
826;1
827;0
828;1
829;0
830;0
831;0
832;1
833;0
834;0
835;0
836;1
837;1
838;0
839;0
840;0
841;0
842;2
843;2
844;1
845;0
846;0
847;0
848;0
849;2
850;2
851;0
852;2
853;2
854;0
855;0
856;0
857;0
858;0
859;0
860;0
861;0
862;0
863;0
864;0
865;1
866;0
867;1
868;0
869;2
870;1
871;0
872;2
873;2
874;2
875;0
876;1
877;0
878;1
879;0
880;1
881;2
882;1
883;0
884;0
885;0
886;2
887;0
888;0
889;0
890;0
891;0
892;0
893;2
894;1
895;0
896;2
897;2
898;0
899;0
900;0
901;0
902;0
903;0
904;0
905;0
906;1
907;0
908;2
909;0
910;0
911;0
912;1
913;1
914;0
915;0
916;0
917;0
918;2
919;2
920;0
921;2
922;0
923;0
924;0
925;0
926;0
927;0
928;0
929;1
930;2
931;0
932;2
933;0
934;1
935;1
936;0
937;0
938;2
939;0
940;0
941;2
942;0
943;0
944;2
945;1
946;0
947;0
948;0
949;2
950;0
951;0
952;1
953;0
954;1
955;0
956;2
957;2
958;1
959;2
960;1
961;0
962;0
963;0
964;1
965;1
966;2
967;0
968;1
969;0
970;0
971;0
972;0
973;0
974;2
975;2
976;1
977;0
978;0
979;0
980;2
981;0
982;2
983;2
984;0
985;0
986;2
987;0
988;0
989;0
990;0
991;0
992;0
993;0
994;2
995;0
996;1
997;1
998;1
999;0
1000;1
1001;0
1002;2
1003;2
1004;1
1005;0
1006;0
1007;0
1008;0
1009;0
1010;0
1011;2
1012;1
1013;0
1014;0
1015;1
1016;0
1017;0
1018;0
1019;0
1020;0
1021;0
1022;0
1023;0
