0;0
1;0
2;2
3;2
4;2
5;0
6;2
7;0
8;2
9;0
10;2
11;0
12;0
13;0
14;1
15;0
16;0
17;0
18;1
19;0
20;1
21;0
22;0
23;0
24;1
25;0
26;2
27;2
28;2
29;0
30;0
31;2
32;0
33;0
34;0
35;2
36;0
37;0
38;1
39;1
40;0
41;0
42;0
43;1
44;2
45;0
46;2
47;0
48;2
49;0
50;0
51;0
52;2
53;0
54;0
55;0
56;0
57;0
58;0
59;1
60;1
61;0
62;0
63;2
64;4
65;0
66;2
67;2
68;2
69;0
70;2
71;0
72;2
73;0
74;0
75;0
76;0
77;0
78;2
79;0
80;0
81;0
82;2
83;2
84;0
85;0
86;0
87;0
88;0
89;0
90;0
91;0
92;2
93;0
94;2
95;0
96;1
97;0
98;0
99;0
100;0
101;2
102;0
103;0
104;1
105;0
106;2
107;0
108;0
109;0
110;0
111;0
112;1
113;0
114;0
115;1
116;0
117;0
118;0
119;0
120;0
121;2
122;0
123;0
124;0
125;0
126;0
127;0
128;0
129;2
130;0
131;0
132;0
133;1
134;1
135;0
136;1
137;0
138;0
139;0
140;0
141;2
142;2
143;0
144;2
145;0
146;0
147;0
148;0
149;0
150;1
151;0
152;1
153;0
154;2
155;0
156;1
157;0
158;0
159;0
160;0
161;0
162;2
163;0
164;0
165;0
166;0
167;2
168;0
169;0
170;0
171;2
172;2
173;0
174;2
175;1
176;0
177;0
178;2
179;2
180;1
181;2
182;1
183;1
184;0
185;0
186;0
187;0
188;0
189;0
190;0
191;2
192;0
193;0
194;0
195;2
196;1
197;1
198;0
199;0
200;1
201;0
202;0
203;2
204;0
205;0
206;0
207;1
208;2
209;2
210;1
211;0
212;2
213;0
214;2
215;0
216;0
217;0
218;0
219;0
220;0
221;0
222;0
223;0
224;0
225;0
226;0
227;1
228;0
229;1
230;0
231;0
232;1
233;0
234;2
235;2
236;2
237;0
238;2
239;0
240;2
241;0
242;2
243;2
244;0
245;2
246;2
247;2
248;0
249;0
250;0
251;0
252;0
253;0
254;0
255;0
256;0
257;2
258;0
259;1
260;0
261;2
262;0
263;0
264;0
265;0
266;1
267;0
268;2
269;0
270;0
271;0
272;0
273;0
274;0
275;0
276;0
277;0
278;0
279;0
280;2
281;2
282;1
283;0
284;1
285;0
286;0
287;0
288;2
289;1
290;0
291;2
292;2
293;0
294;0
295;0
296;2
297;0
298;0
299;0
300;0
301;0
302;2
303;2
304;1
305;0
306;0
307;0
308;2
309;0
310;2
311;1
312;0
313;0
314;2
315;0
316;0
317;0
318;0
319;2
320;0
321;0
322;0
323;0
324;0
325;2
326;0
327;0
328;2
329;0
330;0
331;0
332;0
333;0
334;0
335;0
336;0
337;2
338;0
339;2
340;0
341;0
342;0
343;0
344;1
345;0
346;2
347;0
348;2
349;0
350;0
351;2
352;0
353;0
354;0
355;0
356;0
357;0
358;0
359;0
360;0
361;0
362;0
363;0
364;1
365;0
366;0
367;0
368;0
369;0
370;0
371;2
372;2
373;0
374;0
375;0
376;0
377;0
378;0
379;0
380;0
381;2
382;0
383;0
384;4
385;0
386;0
387;0
388;2
389;2
390;2
391;2
392;1
393;0
394;0
395;0
396;2
397;1
398;2
399;0
400;0
401;0
402;1
403;1
404;2
405;2
406;0
407;2
408;2
409;2
410;2
411;1
412;0
413;0
414;1
415;0
416;0
417;0
418;2
419;2
420;0
421;0
422;0
423;2
424;1
425;2
426;1
427;2
428;2
429;0
430;2
431;0
432;0
433;0
434;0
435;0
436;1
437;1
438;0
439;0
440;0
441;0
442;2
443;0
444;2
445;0
446;0
447;1
448;0
449;2
450;2
451;2
452;2
453;0
454;1
455;0
456;2
457;1
458;0
459;0
460;0
461;1
462;0
463;0
464;0
465;0
466;2
467;2
468;1
469;0
470;2
471;0
472;1
473;2
474;0
475;2
476;2
477;0
478;0
479;0
480;2
481;0
482;0
483;0
484;0
485;1
486;0
487;0
488;0
489;1
490;0
491;2
492;2
493;0
494;0
495;0
496;0
497;0
498;0
499;0
500;1
501;0
502;1
503;0
504;1
505;0
506;0
507;1
508;0
509;0
510;2
511;2
512;2
513;0
514;0
515;0
516;1
517;0
518;0
519;0
520;0
521;0
522;0
523;0
524;0
525;0
526;2
527;0
528;1
529;0
530;1
531;0
532;0
533;0
534;0
535;1
536;0
537;0
538;0
539;1
540;0
541;0
542;0
543;0
544;0
545;1
546;0
547;2
548;2
549;2
550;1
551;0
552;0
553;0
554;0
555;1
556;0
557;0
558;0
559;0
560;0
561;0
562;2
563;2
564;0
565;0
566;0
567;0
568;0
569;0
570;2
571;0
572;0
573;2
574;2
575;0
576;2
577;2
578;2
579;0
580;2
581;0
582;0
583;0
584;2
585;0
586;0
587;1
588;1
589;0
590;0
591;0
592;0
593;1
594;0
595;0
596;1
597;0
598;2
599;0
600;0
601;0
602;0
603;0
604;0
605;2
606;0
607;1
608;0
609;0
610;0
611;0
612;2
613;0
614;0
615;2
616;0
617;0
618;0
619;0
620;0
621;0
622;0
623;0
624;0
625;0
626;2
627;0
628;0
629;0
630;0
631;2
632;2
633;0
634;2
635;2
636;2
637;0
638;1
639;0
640;0
641;1
642;1
643;2
644;0
645;1
646;0
647;2
648;2
649;0
650;0
651;2
652;4
653;0
654;2
655;1
656;0
657;0
658;0
659;0
660;2
661;0
662;0
663;0
664;1
665;0
666;2
667;1
668;0
669;0
670;0
671;2
672;2
673;0
674;2
675;2
676;2
677;0
678;2
679;0
680;0
681;0
682;2
683;2
684;0
685;0
686;1
687;0
688;1
689;2
690;1
691;0
692;2
693;2
694;0
695;0
696;0
697;2
698;0
699;0
700;0
701;2
702;2
703;0
704;0
705;2
706;0
707;0
708;0
709;0
710;0
711;0
712;0
713;0
714;0
715;0
716;2
717;0
718;0
719;0
720;4
721;0
722;0
723;0
724;0
725;0
726;2
727;2
728;2
729;2
730;0
731;0
732;0
733;0
734;0
735;0
736;1
737;0
738;2
739;2
740;1
741;0
742;0
743;0
744;2
745;0
746;2
747;0
748;2
749;0
750;2
751;0
752;1
753;0
754;0
755;0
756;0
757;1
758;0
759;0
760;0
761;0
762;1
763;0
764;0
765;1
766;0
767;0
768;0
769;0
770;0
771;0
772;0
773;1
774;0
775;1
776;0
777;0
778;0
779;0
780;0
781;1
782;0
783;0
784;0
785;0
786;1
787;0
788;0
789;0
790;0
791;1
792;0
793;0
794;1
795;0
796;2
797;2
798;0
799;0
800;0
801;0
802;0
803;0
804;0
805;0
806;1
807;0
808;0
809;1
810;0
811;2
812;0
813;2
814;0
815;0
816;0
817;0
818;0
819;0
820;1
821;0
822;0
823;0
824;0
825;2
826;0
827;0
828;0
829;2
830;2
831;2
832;0
833;0
834;0
835;2
836;0
837;0
838;0
839;2
840;2
841;0
842;0
843;0
844;0
845;0
846;0
847;1
848;0
849;0
850;0
851;0
852;0
853;1
854;0
855;0
856;0
857;2
858;2
859;2
860;1
861;0
862;2
863;2
864;1
865;0
866;0
867;1
868;1
869;0
870;2
871;2
872;2
873;2
874;0
875;0
876;1
877;0
878;0
879;0
880;0
881;0
882;0
883;0
884;0
885;0
886;1
887;2
888;0
889;2
890;0
891;0
892;0
893;0
894;0
895;0
896;0
897;0
898;2
899;0
900;2
901;0
902;0
903;0
904;2
905;0
906;0
907;0
908;0
909;0
910;1
911;0
912;2
913;2
914;0
915;0
916;1
917;0
918;0
919;0
920;1
921;0
922;1
923;0
924;1
925;0
926;0
927;0
928;1
929;0
930;0
931;0
932;0
933;2
934;0
935;0
936;0
937;0
938;0
939;2
940;2
941;0
942;2
943;0
944;0
945;2
946;0
947;0
948;2
949;0
950;2
951;0
952;0
953;0
954;0
955;0
956;0
957;0
958;1
959;0
960;2
961;2
962;1
963;0
964;1
965;0
966;0
967;0
968;1
969;0
970;2
971;0
972;0
973;0
974;0
975;0
976;0
977;1
978;0
979;2
980;2
981;1
982;0
983;0
984;0
985;1
986;1
987;0
988;1
989;0
990;0
991;0
992;0
993;0
994;0
995;2
996;2
997;0
998;2
999;2
1000;2
1001;0
1002;2
1003;0
1004;1
1005;0
1006;2
1007;1
1008;0
1009;1
1010;0
1011;1
1012;0
1013;0
1014;0
1015;0
1016;0
1017;0
1018;0
1019;0
1020;0
1021;0
1022;0
1023;0
