0;0
1;0
2;0
3;2
4;2
5;0
6;2
7;2
8;2
9;1
10;2
11;1
12;1
13;0
14;2
15;0
16;0
17;2
18;2
19;1
20;0
21;2
22;0
23;2
24;0
25;0
26;0
27;0
28;2
29;0
30;0
31;0
32;1
33;2
34;2
35;0
36;0
37;1
38;1
39;0
40;2
41;1
42;1
43;0
44;2
45;0
46;0
47;2
48;0
49;2
50;0
51;0
52;2
53;0
54;0
55;0
56;0
57;1
58;0
59;0
60;1
61;1
62;0
63;0
64;0
65;0
66;0
67;0
68;0
69;0
70;0
71;0
72;0
73;0
74;0
75;0
76;1
77;0
78;0
79;2
80;0
81;0
82;0
83;2
84;0
85;0
86;0
87;0
88;1
89;0
90;0
91;2
92;2
93;0
94;0
95;0
96;0
97;0
98;0
99;0
100;0
101;0
102;0
103;1
104;0
105;0
106;0
107;1
108;0
109;0
110;2
111;0
112;0
113;2
114;2
115;2
116;2
117;2
118;0
119;0
120;0
121;2
122;1
123;0
124;2
125;0
126;0
127;0
128;0
129;2
130;2
131;2
132;2
133;0
134;0
135;2
136;1
137;0
138;0
139;0
140;1
141;0
142;2
143;0
144;1
145;0
146;0
147;0
148;0
149;1
150;0
151;0
152;2
153;0
154;0
155;1
156;0
157;0
158;0
159;1
160;0
161;0
162;0
163;0
164;1
165;0
166;0
167;0
168;0
169;0
170;2
171;2
172;2
173;0
174;0
175;1
176;0
177;2
178;1
179;0
180;2
181;0
182;0
183;1
184;0
185;2
186;2
187;1
188;0
189;0
190;0
191;0
192;4
193;0
194;1
195;2
196;0
197;2
198;2
199;0
200;1
201;0
202;0
203;0
204;2
205;2
206;1
207;0
208;2
209;0
210;0
211;0
212;0
213;1
214;0
215;1
216;0
217;0
218;0
219;1
220;0
221;0
222;0
223;0
224;1
225;0
226;0
227;0
228;0
229;0
230;0
231;0
232;0
233;1
234;0
235;0
236;2
237;0
238;0
239;2
240;1
241;2
242;0
243;2
244;1
245;1
246;1
247;0
248;0
249;0
250;2
251;0
252;0
253;0
254;1
255;0
256;0
257;1
258;2
259;0
260;0
261;2
262;2
263;0
264;0
265;2
266;2
267;1
268;0
269;0
270;0
271;0
272;0
273;0
274;0
275;0
276;0
277;2
278;0
279;0
280;2
281;0
282;0
283;0
284;0
285;0
286;0
287;0
288;0
289;0
290;0
291;2
292;2
293;1
294;0
295;0
296;0
297;0
298;2
299;1
300;0
301;0
302;0
303;0
304;2
305;2
306;2
307;2
308;1
309;0
310;0
311;0
312;0
313;0
314;0
315;0
316;0
317;0
318;0
319;2
320;2
321;2
322;0
323;2
324;2
325;2
326;2
327;2
328;0
329;0
330;0
331;0
332;0
333;0
334;1
335;0
336;2
337;0
338;0
339;2
340;0
341;0
342;0
343;2
344;0
345;1
346;0
347;0
348;1
349;0
350;2
351;1
352;0
353;0
354;0
355;0
356;0
357;2
358;0
359;0
360;0
361;0
362;0
363;1
364;0
365;2
366;2
367;2
368;0
369;0
370;0
371;0
372;0
373;0
374;0
375;0
376;0
377;0
378;1
379;0
380;0
381;2
382;0
383;0
384;1
385;0
386;0
387;0
388;2
389;2
390;0
391;0
392;0
393;0
394;1
395;0
396;1
397;0
398;0
399;2
400;0
401;0
402;0
403;2
404;2
405;0
406;0
407;2
408;1
409;1
410;0
411;0
412;2
413;0
414;0
415;1
416;0
417;0
418;0
419;0
420;0
421;0
422;0
423;0
424;0
425;2
426;0
427;0
428;0
429;0
430;2
431;4
432;1
433;0
434;0
435;0
436;0
437;0
438;2
439;1
440;1
441;0
442;0
443;2
444;4
445;0
446;2
447;2
448;2
449;0
450;2
451;0
452;2
453;1
454;0
455;0
456;2
457;0
458;2
459;2
460;1
461;0
462;0
463;0
464;0
465;1
466;0
467;1
468;0
469;0
470;0
471;0
472;2
473;0
474;0
475;0
476;1
477;0
478;2
479;2
480;1
481;0
482;0
483;2
484;4
485;0
486;2
487;0
488;2
489;0
490;2
491;0
492;1
493;0
494;0
495;0
496;1
497;1
498;1
499;0
500;0
501;0
502;0
503;2
504;0
505;0
506;0
507;0
508;2
509;2
510;2
511;2
512;2
513;0
514;0
515;0
516;0
517;2
518;2
519;2
520;0
521;0
522;2
523;2
524;0
525;0
526;2
527;2
528;2
529;0
530;0
531;2
532;1
533;0
534;0
535;0
536;0
537;0
538;1
539;1
540;0
541;0
542;2
543;0
544;1
545;0
546;2
547;1
548;0
549;0
550;1
551;0
552;2
553;2
554;2
555;0
556;0
557;0
558;0
559;1
560;0
561;2
562;1
563;0
564;0
565;0
566;0
567;0
568;0
569;0
570;0
571;1
572;0
573;0
574;0
575;0
576;2
577;2
578;0
579;1
580;1
581;0
582;0
583;0
584;0
585;0
586;0
587;1
588;0
589;0
590;0
591;0
592;1
593;0
594;0
595;0
596;0
597;0
598;0
599;0
600;2
601;0
602;0
603;0
604;2
605;2
606;0
607;0
608;2
609;0
610;0
611;1
612;0
613;0
614;0
615;1
616;0
617;0
618;2
619;1
620;0
621;2
622;0
623;2
624;2
625;0
626;0
627;0
628;1
629;0
630;0
631;0
632;0
633;1
634;2
635;0
636;0
637;0
638;0
639;0
640;2
641;0
642;0
643;0
644;0
645;0
646;0
647;0
648;0
649;0
650;0
651;0
652;0
653;0
654;2
655;0
656;2
657;0
658;0
659;0
660;0
661;0
662;1
663;0
664;0
665;0
666;0
667;0
668;0
669;0
670;0
671;2
672;0
673;0
674;0
675;2
676;1
677;0
678;2
679;2
680;1
681;0
682;2
683;2
684;4
685;0
686;0
687;1
688;0
689;0
690;2
691;0
692;2
693;0
694;0
695;0
696;0
697;1
698;0
699;0
700;1
701;0
702;0
703;1
704;0
705;0
706;0
707;0
708;1
709;0
710;0
711;0
712;0
713;0
714;0
715;0
716;0
717;0
718;0
719;2
720;0
721;0
722;0
723;0
724;0
725;0
726;1
727;0
728;2
729;2
730;0
731;0
732;0
733;0
734;2
735;1
736;0
737;1
738;0
739;0
740;1
741;0
742;0
743;0
744;1
745;0
746;2
747;0
748;2
749;0
750;0
751;0
752;1
753;0
754;0
755;0
756;0
757;0
758;0
759;2
760;0
761;0
762;0
763;0
764;0
765;2
766;0
767;2
768;0
769;0
770;1
771;0
772;0
773;2
774;2
775;2
776;0
777;0
778;0
779;0
780;0
781;0
782;0
783;1
784;0
785;0
786;2
787;0
788;0
789;0
790;0
791;0
792;0
793;0
794;1
795;0
796;0
797;2
798;0
799;0
800;2
801;2
802;2
803;0
804;1
805;1
806;0
807;0
808;0
809;0
810;0
811;0
812;2
813;0
814;0
815;0
816;2
817;2
818;2
819;2
820;2
821;0
822;0
823;0
824;2
825;1
826;0
827;1
828;0
829;0
830;1
831;2
832;1
833;0
834;0
835;1
836;0
837;2
838;0
839;1
840;0
841;0
842;0
843;1
844;0
845;0
846;0
847;0
848;2
849;0
850;0
851;0
852;0
853;0
854;0
855;0
856;1
857;1
858;0
859;0
860;0
861;0
862;2
863;0
864;0
865;0
866;1
867;0
868;0
869;0
870;1
871;0
872;0
873;0
874;0
875;2
876;2
877;0
878;2
879;2
880;1
881;1
882;1
883;1
884;0
885;0
886;0
887;2
888;0
889;0
890;0
891;1
892;0
893;0
894;0
895;0
896;2
897;0
898;2
899;0
900;0
901;2
902;0
903;1
904;0
905;0
906;0
907;1
908;0
909;2
910;2
911;0
912;2
913;0
914;1
915;0
916;0
917;0
918;2
919;2
920;1
921;0
922;1
923;0
924;1
925;0
926;0
927;2
928;1
929;0
930;2
931;1
932;0
933;0
934;2
935;0
936;2
937;2
938;0
939;0
940;0
941;0
942;0
943;0
944;0
945;0
946;0
947;0
948;0
949;0
950;0
951;0
952;0
953;2
954;0
955;1
956;0
957;1
958;0
959;0
960;0
961;1
962;0
963;2
964;0
965;0
966;2
967;1
968;0
969;0
970;0
971;0
972;0
973;0
974;0
975;2
976;1
977;0
978;0
979;2
980;0
981;0
982;0
983;0
984;0
985;0
986;0
987;2
988;0
989;0
990;0
991;0
992;1
993;0
994;0
995;0
996;0
997;0
998;2
999;1
1000;0
1001;2
1002;0
1003;0
1004;2
1005;0
1006;0
1007;2
1008;2
1009;0
1010;0
1011;0
1012;1
1013;1
1014;1
1015;0
1016;0
1017;0
1018;0
1019;0
1020;0
1021;0
1022;0
1023;0
