0;1
1;0
2;0
3;2
4;4
5;0
6;2
7;2
8;0
9;4
10;2
11;1
12;1
13;0
14;1
15;0
16;0
17;2
18;2
19;1
20;0
21;0
22;0
23;0
24;1
25;0
26;2
27;0
28;0
29;0
30;0
31;0
32;1
33;2
34;2
35;0
36;1
37;0
38;0
39;0
40;1
41;0
42;2
43;0
44;0
45;2
46;0
47;2
48;0
49;2
50;0
51;0
52;2
53;0
54;0
55;0
56;0
57;0
58;0
59;0
60;1
61;2
62;2
63;1
64;0
65;0
66;0
67;0
68;0
69;0
70;0
71;0
72;1
73;0
74;0
75;0
76;1
77;2
78;2
79;2
80;2
81;0
82;0
83;2
84;0
85;0
86;1
87;0
88;1
89;0
90;1
91;0
92;2
93;0
94;2
95;1
96;0
97;0
98;0
99;0
100;0
101;0
102;2
103;0
104;0
105;0
106;0
107;1
108;0
109;0
110;0
111;0
112;0
113;2
114;1
115;0
116;2
117;1
118;0
119;0
120;0
121;2
122;2
123;0
124;2
125;0
126;0
127;0
128;0
129;0
130;2
131;2
132;2
133;0
134;0
135;2
136;0
137;0
138;0
139;0
140;2
141;0
142;2
143;0
144;0
145;0
146;0
147;0
148;0
149;2
150;2
151;0
152;0
153;0
154;0
155;1
156;0
157;2
158;2
159;1
160;0
161;0
162;2
163;0
164;1
165;1
166;0
167;0
168;0
169;0
170;2
171;2
172;2
173;0
174;2
175;1
176;0
177;0
178;2
179;2
180;1
181;0
182;0
183;2
184;2
185;0
186;0
187;1
188;0
189;0
190;0
191;0
192;1
193;0
194;0
195;0
196;0
197;0
198;0
199;0
200;1
201;0
202;0
203;0
204;0
205;0
206;2
207;0
208;1
209;0
210;0
211;2
212;0
213;0
214;2
215;2
216;2
217;0
218;0
219;0
220;2
221;0
222;0
223;0
224;1
225;0
226;0
227;0
228;0
229;0
230;2
231;1
232;0
233;2
234;2
235;2
236;2
237;0
238;0
239;0
240;0
241;0
242;0
243;0
244;0
245;0
246;0
247;0
248;0
249;1
250;0
251;0
252;1
253;0
254;2
255;2
256;1
257;0
258;0
259;0
260;1
261;1
262;1
263;0
264;0
265;0
266;2
267;0
268;0
269;0
270;1
271;0
272;0
273;0
274;2
275;0
276;0
277;0
278;0
279;0
280;0
281;2
282;2
283;2
284;1
285;0
286;1
287;1
288;0
289;0
290;0
291;0
292;0
293;0
294;0
295;0
296;0
297;0
298;0
299;0
300;0
301;0
302;0
303;0
304;0
305;0
306;0
307;1
308;0
309;1
310;0
311;0
312;0
313;0
314;2
315;1
316;0
317;0
318;0
319;0
320;2
321;2
322;0
323;2
324;1
325;0
326;0
327;0
328;2
329;0
330;2
331;0
332;0
333;0
334;0
335;2
336;2
337;2
338;2
339;0
340;2
341;1
342;0
343;0
344;1
345;0
346;0
347;0
348;0
349;1
350;1
351;0
352;2
353;0
354;0
355;0
356;2
357;0
358;0
359;2
360;0
361;1
362;0
363;2
364;2
365;0
366;0
367;0
368;0
369;0
370;2
371;1
372;0
373;0
374;0
375;2
376;0
377;2
378;2
379;2
380;2
381;0
382;0
383;1
384;1
385;0
386;0
387;0
388;0
389;0
390;0
391;0
392;0
393;0
394;0
395;0
396;0
397;0
398;0
399;0
400;0
401;0
402;2
403;0
404;0
405;0
406;0
407;2
408;0
409;2
410;1
411;0
412;2
413;2
414;2
415;1
416;0
417;0
418;2
419;2
420;2
421;1
422;0
423;2
424;1
425;1
426;0
427;0
428;2
429;1
430;0
431;2
432;1
433;0
434;2
435;2
436;1
437;0
438;0
439;2
440;2
441;0
442;2
443;2
444;2
445;0
446;2
447;0
448;0
449;1
450;0
451;1
452;1
453;0
454;0
455;0
456;0
457;0
458;0
459;0
460;0
461;2
462;2
463;2
464;0
465;0
466;2
467;1
468;0
469;2
470;0
471;0
472;2
473;0
474;1
475;0
476;0
477;0
478;0
479;0
480;0
481;2
482;2
483;2
484;0
485;0
486;0
487;0
488;2
489;0
490;0
491;2
492;0
493;0
494;0
495;0
496;0
497;0
498;0
499;0
500;1
501;1
502;0
503;1
504;2
505;0
506;0
507;2
508;0
509;0
510;0
511;0
512;2
513;2
514;2
515;2
516;2
517;1
518;0
519;0
520;0
521;2
522;2
523;0
524;0
525;0
526;1
527;0
528;0
529;0
530;0
531;0
532;2
533;0
534;2
535;1
536;0
537;0
538;0
539;0
540;1
541;0
542;0
543;0
544;0
545;0
546;0
547;0
548;0
549;2
550;1
551;1
552;0
553;0
554;2
555;1
556;0
557;0
558;0
559;2
560;2
561;0
562;1
563;2
564;0
565;0
566;2
567;0
568;2
569;2
570;0
571;0
572;0
573;0
574;0
575;1
576;0
577;2
578;2
579;0
580;0
581;2
582;2
583;0
584;0
585;0
586;2
587;0
588;0
589;0
590;2
591;2
592;0
593;0
594;0
595;0
596;0
597;0
598;0
599;0
600;1
601;2
602;0
603;1
604;0
605;0
606;0
607;0
608;0
609;0
610;0
611;0
612;1
613;0
614;0
615;0
616;1
617;0
618;0
619;0
620;2
621;0
622;0
623;2
624;2
625;0
626;0
627;2
628;1
629;0
630;1
631;1
632;0
633;0
634;0
635;1
636;0
637;0
638;0
639;1
640;0
641;0
642;2
643;0
644;0
645;0
646;0
647;0
648;0
649;2
650;0
651;0
652;2
653;0
654;0
655;0
656;1
657;0
658;0
659;1
660;0
661;0
662;0
663;0
664;0
665;0
666;0
667;0
668;2
669;0
670;0
671;2
672;0
673;0
674;0
675;0
676;0
677;2
678;2
679;0
680;0
681;0
682;2
683;0
684;0
685;0
686;0
687;0
688;0
689;0
690;1
691;0
692;0
693;0
694;0
695;0
696;0
697;0
698;0
699;2
700;1
701;0
702;0
703;2
704;1
705;0
706;0
707;0
708;0
709;0
710;2
711;0
712;1
713;1
714;0
715;1
716;2
717;0
718;0
719;0
720;2
721;0
722;0
723;0
724;1
725;1
726;2
727;0
728;0
729;0
730;1
731;0
732;0
733;0
734;0
735;0
736;1
737;0
738;0
739;0
740;0
741;0
742;0
743;0
744;0
745;0
746;1
747;2
748;0
749;2
750;0
751;0
752;0
753;0
754;1
755;0
756;1
757;0
758;0
759;2
760;2
761;0
762;2
763;1
764;0
765;0
766;0
767;1
768;1
769;0
770;0
771;0
772;0
773;0
774;2
775;2
776;0
777;2
778;0
779;2
780;1
781;0
782;1
783;0
784;0
785;2
786;0
787;2
788;1
789;0
790;0
791;0
792;0
793;2
794;0
795;2
796;0
797;0
798;1
799;0
800;0
801;0
802;2
803;0
804;0
805;0
806;1
807;0
808;0
809;0
810;0
811;0
812;0
813;0
814;0
815;0
816;0
817;0
818;0
819;0
820;0
821;0
822;0
823;0
824;0
825;1
826;0
827;0
828;0
829;0
830;2
831;0
832;1
833;1
834;0
835;0
836;2
837;0
838;0
839;1
840;0
841;0
842;1
843;0
844;2
845;2
846;2
847;2
848;2
849;0
850;0
851;0
852;0
853;2
854;0
855;2
856;1
857;0
858;1
859;1
860;1
861;0
862;1
863;2
864;2
865;0
866;0
867;2
868;2
869;0
870;2
871;1
872;0
873;0
874;0
875;0
876;0
877;2
878;2
879;0
880;0
881;0
882;0
883;0
884;1
885;2
886;1
887;1
888;0
889;0
890;2
891;1
892;0
893;0
894;1
895;0
896;0
897;0
898;0
899;2
900;4
901;2
902;2
903;2
904;2
905;0
906;2
907;0
908;1
909;1
910;0
911;0
912;1
913;0
914;0
915;2
916;2
917;0
918;2
919;2
920;0
921;1
922;1
923;1
924;0
925;0
926;0
927;2
928;0
929;0
930;2
931;1
932;0
933;0
934;0
935;0
936;2
937;0
938;0
939;0
940;0
941;0
942;2
943;1
944;0
945;0
946;0
947;1
948;0
949;0
950;2
951;1
952;0
953;0
954;0
955;2
956;2
957;2
958;2
959;1
960;0
961;2
962;0
963;0
964;0
965;0
966;1
967;0
968;0
969;0
970;0
971;0
972;0
973;0
974;0
975;0
976;0
977;2
978;2
979;1
980;0
981;2
982;1
983;0
984;1
985;2
986;0
987;0
988;2
989;0
990;1
991;0
992;0
993;2
994;0
995;0
996;0
997;2
998;1
999;0
1000;0
1001;1
1002;0
1003;0
1004;2
1005;2
1006;2
1007;1
1008;0
1009;0
1010;0
1011;0
1012;0
1013;0
1014;1
1015;0
1016;0
1017;0
1018;0
1019;0
1020;0
1021;0
1022;0
1023;0
