0;1
1;0
2;0
3;2
4;0
5;0
6;2
7;0
8;2
9;0
10;2
11;0
12;2
13;0
14;0
15;0
16;0
17;0
18;0
19;0
20;2
21;0
22;0
23;2
24;0
25;2
26;0
27;2
28;0
29;0
30;0
31;1
32;1
33;0
34;1
35;0
36;0
37;0
38;0
39;2
40;1
41;0
42;0
43;1
44;0
45;0
46;0
47;0
48;1
49;0
50;2
51;1
52;0
53;0
54;0
55;2
56;1
57;0
58;2
59;0
60;2
61;0
62;2
63;0
64;2
65;0
66;0
67;1
68;0
69;0
70;2
71;1
72;0
73;0
74;0
75;0
76;2
77;2
78;2
79;0
80;0
81;0
82;0
83;0
84;0
85;0
86;0
87;0
88;0
89;1
90;0
91;1
92;1
93;0
94;1
95;0
96;1
97;0
98;0
99;2
100;4
101;0
102;0
103;2
104;2
105;2
106;0
107;0
108;1
109;0
110;1
111;0
112;0
113;0
114;0
115;2
116;4
117;0
118;2
119;2
120;2
121;0
122;0
123;0
124;2
125;0
126;0
127;0
128;0
129;0
130;0
131;0
132;0
133;2
134;1
135;0
136;2
137;0
138;0
139;0
140;0
141;2
142;0
143;0
144;1
145;0
146;2
147;1
148;0
149;0
150;0
151;2
152;4
153;0
154;2
155;2
156;2
157;2
158;2
159;1
160;2
161;0
162;2
163;0
164;0
165;2
166;2
167;1
168;0
169;0
170;0
171;2
172;0
173;0
174;0
175;2
176;4
177;0
178;2
179;0
180;2
181;0
182;0
183;0
184;1
185;2
186;0
187;0
188;0
189;0
190;1
191;0
192;2
193;0
194;0
195;0
196;2
197;2
198;2
199;0
200;0
201;0
202;2
203;2
204;1
205;0
206;0
207;1
208;4
209;0
210;2
211;1
212;0
213;0
214;2
215;0
216;1
217;0
218;0
219;1
220;0
221;0
222;0
223;0
224;2
225;2
226;0
227;0
228;2
229;0
230;0
231;0
232;1
233;2
234;0
235;0
236;0
237;0
238;0
239;2
240;1
241;0
242;2
243;2
244;1
245;0
246;0
247;2
248;0
249;1
250;0
251;2
252;2
253;0
254;2
255;2
256;1
257;0
258;2
259;2
260;1
261;0
262;0
263;2
264;2
265;0
266;2
267;2
268;2
269;0
270;2
271;0
272;0
273;0
274;0
275;2
276;0
277;2
278;0
279;0
280;1
281;2
282;2
283;0
284;2
285;0
286;0
287;0
288;1
289;0
290;1
291;0
292;0
293;0
294;2
295;2
296;2
297;0
298;0
299;0
300;2
301;0
302;0
303;1
304;0
305;0
306;0
307;0
308;0
309;0
310;0
311;0
312;0
313;0
314;0
315;2
316;2
317;0
318;2
319;2
320;2
321;0
322;0
323;0
324;2
325;0
326;0
327;0
328;0
329;0
330;0
331;0
332;2
333;0
334;0
335;2
336;1
337;0
338;0
339;0
340;1
341;0
342;0
343;0
344;0
345;0
346;0
347;2
348;1
349;0
350;2
351;2
352;0
353;0
354;0
355;2
356;4
357;2
358;2
359;1
360;0
361;0
362;0
363;0
364;2
365;0
366;0
367;0
368;1
369;0
370;0
371;0
372;0
373;0
374;0
375;2
376;2
377;0
378;0
379;0
380;1
381;0
382;0
383;2
384;2
385;0
386;0
387;0
388;2
389;0
390;0
391;0
392;0
393;1
394;0
395;0
396;0
397;0
398;0
399;0
400;1
401;0
402;2
403;1
404;0
405;0
406;0
407;2
408;2
409;0
410;2
411;2
412;4
413;0
414;2
415;0
416;1
417;0
418;1
419;0
420;1
421;2
422;0
423;2
424;2
425;0
426;0
427;0
428;0
429;0
430;1
431;0
432;1
433;2
434;0
435;0
436;0
437;0
438;2
439;0
440;0
441;0
442;2
443;1
444;0
445;2
446;0
447;2
448;4
449;0
450;0
451;1
452;0
453;0
454;0
455;0
456;2
457;0
458;0
459;0
460;0
461;0
462;0
463;0
464;0
465;0
466;2
467;0
468;2
469;0
470;0
471;2
472;1
473;0
474;0
475;1
476;0
477;0
478;0
479;2
480;2
481;2
482;2
483;2
484;1
485;0
486;2
487;0
488;0
489;0
490;0
491;2
492;2
493;0
494;0
495;0
496;1
497;0
498;0
499;0
500;0
501;1
502;0
503;0
504;0
505;2
506;0
507;0
508;0
509;0
510;1
511;0
512;2
513;0
514;0
515;2
516;0
517;0
518;0
519;2
520;1
521;0
522;2
523;1
524;0
525;0
526;2
527;1
528;2
529;0
530;0
531;0
532;2
533;0
534;0
535;2
536;0
537;0
538;0
539;0
540;2
541;0
542;0
543;0
544;2
545;0
546;2
547;2
548;0
549;0
550;1
551;1
552;0
553;0
554;0
555;0
556;0
557;0
558;0
559;0
560;0
561;2
562;1
563;0
564;0
565;0
566;2
567;1
568;0
569;0
570;1
571;0
572;2
573;0
574;2
575;0
576;2
577;0
578;0
579;0
580;0
581;0
582;0
583;0
584;0
585;2
586;0
587;0
588;1
589;1
590;0
591;0
592;1
593;0
594;2
595;2
596;0
597;0
598;2
599;0
600;2
601;1
602;0
603;1
604;1
605;0
606;0
607;2
608;1
609;0
610;0
611;2
612;4
613;0
614;2
615;2
616;0
617;0
618;2
619;0
620;2
621;0
622;1
623;2
624;2
625;0
626;0
627;0
628;0
629;0
630;2
631;2
632;0
633;0
634;0
635;1
636;0
637;0
638;0
639;0
640;0
641;0
642;0
643;2
644;0
645;0
646;0
647;2
648;2
649;0
650;0
651;2
652;2
653;0
654;2
655;1
656;0
657;0
658;0
659;0
660;0
661;0
662;0
663;2
664;1
665;0
666;1
667;0
668;0
669;1
670;0
671;2
672;4
673;0
674;1
675;2
676;2
677;0
678;0
679;0
680;1
681;0
682;0
683;0
684;0
685;1
686;0
687;0
688;2
689;2
690;0
691;1
692;1
693;0
694;2
695;0
696;0
697;0
698;2
699;2
700;2
701;0
702;2
703;0
704;2
705;0
706;0
707;2
708;2
709;0
710;0
711;1
712;2
713;0
714;2
715;0
716;0
717;1
718;0
719;0
720;0
721;1
722;0
723;0
724;0
725;0
726;2
727;0
728;0
729;0
730;1
731;0
732;0
733;0
734;1
735;0
736;0
737;0
738;0
739;1
740;2
741;0
742;2
743;0
744;0
745;0
746;1
747;0
748;2
749;0
750;0
751;2
752;2
753;0
754;2
755;2
756;2
757;0
758;2
759;2
760;1
761;0
762;0
763;2
764;1
765;0
766;0
767;2
768;2
769;0
770;2
771;2
772;2
773;0
774;2
775;0
776;1
777;0
778;0
779;0
780;2
781;2
782;1
783;0
784;2
785;1
786;2
787;1
788;1
789;2
790;0
791;0
792;0
793;0
794;0
795;0
796;1
797;0
798;2
799;2
800;1
801;0
802;0
803;1
804;2
805;2
806;0
807;2
808;0
809;0
810;2
811;0
812;2
813;1
814;0
815;0
816;0
817;0
818;0
819;2
820;0
821;0
822;0
823;0
824;0
825;2
826;2
827;0
828;2
829;2
830;0
831;0
832;1
833;2
834;0
835;0
836;0
837;0
838;0
839;2
840;2
841;0
842;0
843;2
844;2
845;0
846;2
847;0
848;0
849;0
850;2
851;2
852;4
853;1
854;0
855;0
856;2
857;0
858;0
859;0
860;2
861;0
862;0
863;0
864;0
865;0
866;0
867;0
868;1
869;1
870;0
871;0
872;0
873;0
874;0
875;0
876;0
877;0
878;2
879;2
880;0
881;0
882;0
883;2
884;4
885;0
886;0
887;2
888;2
889;0
890;2
891;0
892;1
893;0
894;0
895;0
896;0
897;0
898;0
899;0
900;2
901;0
902;1
903;0
904;0
905;0
906;0
907;0
908;2
909;0
910;2
911;2
912;0
913;0
914;2
915;0
916;1
917;0
918;2
919;0
920;0
921;0
922;0
923;0
924;0
925;1
926;0
927;0
928;1
929;0
930;1
931;0
932;1
933;0
934;0
935;2
936;2
937;0
938;1
939;1
940;0
941;0
942;2
943;0
944;1
945;0
946;2
947;2
948;0
949;0
950;0
951;0
952;0
953;0
954;0
955;0
956;0
957;2
958;0
959;0
960;0
961;2
962;0
963;0
964;1
965;0
966;1
967;0
968;0
969;0
970;0
971;0
972;2
973;0
974;1
975;0
976;1
977;0
978;2
979;1
980;0
981;0
982;2
983;2
984;2
985;0
986;1
987;0
988;2
989;0
990;0
991;2
992;0
993;0
994;2
995;0
996;1
997;0
998;0
999;0
1000;2
1001;2
1002;0
1003;0
1004;1
1005;1
1006;0
1007;0
1008;0
1009;0
1010;0
1011;0
1012;0
1013;0
1014;0
1015;1
1016;0
1017;0
1018;0
1019;0
1020;0
1021;0
1022;0
1023;0
