0;1
1;0
2;0
3;2
4;2
5;0
6;2
7;1
8;0
9;0
10;0
11;0
12;0
13;0
14;0
15;0
16;0
17;2
18;0
19;2
20;2
21;2
22;2
23;2
24;1
25;1
26;2
27;0
28;2
29;2
30;0
31;2
32;0
33;0
34;0
35;0
36;0
37;0
38;0
39;1
40;0
41;0
42;0
43;0
44;1
45;0
46;0
47;1
48;0
49;0
50;2
51;2
52;1
53;0
54;0
55;2
56;2
57;0
58;2
59;1
60;0
61;0
62;2
63;0
64;0
65;0
66;0
67;0
68;0
69;0
70;0
71;2
72;0
73;0
74;0
75;0
76;0
77;0
78;0
79;0
80;0
81;0
82;2
83;0
84;0
85;0
86;0
87;1
88;0
89;0
90;0
91;0
92;0
93;0
94;2
95;0
96;1
97;1
98;0
99;1
100;0
101;2
102;1
103;0
104;0
105;0
106;0
107;2
108;2
109;0
110;0
111;0
112;0
113;0
114;1
115;0
116;0
117;0
118;0
119;0
120;0
121;0
122;0
123;0
124;2
125;1
126;0
127;0
128;0
129;0
130;0
131;2
132;2
133;0
134;2
135;2
136;1
137;0
138;0
139;0
140;2
141;0
142;2
143;2
144;0
145;0
146;0
147;0
148;0
149;2
150;2
151;2
152;1
153;0
154;2
155;0
156;0
157;0
158;0
159;0
160;0
161;2
162;2
163;2
164;0
165;0
166;0
167;2
168;2
169;0
170;2
171;1
172;0
173;0
174;2
175;0
176;0
177;1
178;0
179;1
180;0
181;2
182;1
183;0
184;0
185;0
186;0
187;0
188;0
189;0
190;0
191;0
192;0
193;0
194;0
195;0
196;0
197;0
198;0
199;0
200;2
201;0
202;1
203;0
204;2
205;0
206;0
207;0
208;2
209;0
210;0
211;1
212;2
213;2
214;2
215;2
216;2
217;0
218;0
219;0
220;0
221;0
222;0
223;0
224;0
225;0
226;0
227;0
228;0
229;0
230;0
231;2
232;1
233;1
234;1
235;0
236;1
237;2
238;2
239;2
240;0
241;0
242;0
243;2
244;0
245;2
246;0
247;0
248;0
249;0
250;2
251;2
252;2
253;2
254;0
255;2
256;0
257;0
258;0
259;0
260;0
261;0
262;0
263;0
264;1
265;0
266;2
267;0
268;0
269;0
270;0
271;0
272;1
273;2
274;1
275;2
276;1
277;0
278;0
279;0
280;0
281;1
282;0
283;0
284;0
285;0
286;0
287;0
288;2
289;0
290;0
291;0
292;2
293;2
294;0
295;0
296;2
297;0
298;0
299;1
300;0
301;0
302;1
303;0
304;0
305;0
306;0
307;0
308;2
309;0
310;2
311;0
312;0
313;0
314;0
315;0
316;0
317;1
318;1
319;0
320;0
321;0
322;1
323;2
324;1
325;0
326;0
327;2
328;2
329;0
330;2
331;1
332;2
333;0
334;2
335;0
336;2
337;2
338;2
339;2
340;2
341;0
342;0
343;0
344;2
345;1
346;0
347;0
348;0
349;0
350;0
351;0
352;2
353;0
354;0
355;0
356;0
357;0
358;0
359;1
360;2
361;0
362;0
363;0
364;0
365;1
366;1
367;1
368;0
369;0
370;0
371;0
372;1
373;0
374;0
375;2
376;0
377;0
378;0
379;2
380;4
381;2
382;2
383;2
384;2
385;0
386;0
387;0
388;1
389;0
390;0
391;2
392;2
393;0
394;2
395;0
396;2
397;0
398;0
399;0
400;0
401;0
402;0
403;1
404;1
405;0
406;0
407;0
408;0
409;0
410;0
411;1
412;0
413;2
414;2
415;2
416;2
417;0
418;0
419;0
420;0
421;0
422;0
423;0
424;0
425;2
426;2
427;2
428;2
429;0
430;0
431;1
432;0
433;0
434;0
435;1
436;0
437;0
438;0
439;1
440;0
441;0
442;0
443;0
444;2
445;0
446;2
447;0
448;2
449;0
450;2
451;0
452;2
453;0
454;0
455;0
456;1
457;2
458;0
459;0
460;0
461;0
462;1
463;0
464;0
465;0
466;2
467;0
468;2
469;0
470;0
471;1
472;0
473;0
474;0
475;0
476;0
477;2
478;0
479;0
480;2
481;0
482;0
483;0
484;0
485;2
486;1
487;0
488;2
489;0
490;0
491;1
492;0
493;0
494;0
495;0
496;2
497;0
498;2
499;2
500;1
501;0
502;1
503;0
504;1
505;0
506;0
507;2
508;2
509;0
510;1
511;2
512;2
513;0
514;2
515;0
516;2
517;0
518;2
519;0
520;0
521;0
522;0
523;0
524;0
525;0
526;0
527;1
528;0
529;0
530;0
531;1
532;0
533;0
534;0
535;0
536;0
537;2
538;1
539;2
540;0
541;2
542;0
543;0
544;0
545;0
546;0
547;1
548;0
549;0
550;0
551;0
552;0
553;0
554;1
555;0
556;0
557;0
558;1
559;0
560;0
561;0
562;0
563;0
564;2
565;1
566;0
567;2
568;2
569;2
570;2
571;0
572;1
573;0
574;2
575;0
576;0
577;2
578;0
579;0
580;0
581;0
582;2
583;2
584;1
585;0
586;0
587;2
588;4
589;0
590;1
591;2
592;2
593;0
594;2
595;0
596;1
597;0
598;2
599;2
600;1
601;1
602;0
603;0
604;0
605;0
606;2
607;0
608;0
609;0
610;2
611;1
612;0
613;0
614;0
615;0
616;0
617;0
618;1
619;0
620;0
621;0
622;0
623;0
624;0
625;2
626;2
627;0
628;1
629;0
630;0
631;1
632;0
633;0
634;2
635;2
636;0
637;0
638;1
639;0
640;0
641;2
642;0
643;0
644;1
645;1
646;0
647;2
648;2
649;0
650;0
651;0
652;0
653;0
654;2
655;2
656;0
657;0
658;0
659;1
660;2
661;1
662;0
663;2
664;1
665;0
666;0
667;0
668;4
669;0
670;0
671;0
672;0
673;0
674;0
675;0
676;4
677;2
678;0
679;0
680;0
681;0
682;0
683;2
684;1
685;0
686;0
687;0
688;1
689;0
690;0
691;0
692;2
693;0
694;0
695;0
696;2
697;1
698;0
699;0
700;0
701;0
702;2
703;0
704;1
705;0
706;0
707;2
708;1
709;0
710;0
711;0
712;0
713;0
714;0
715;0
716;0
717;0
718;1
719;0
720;0
721;0
722;2
723;2
724;2
725;1
726;0
727;0
728;0
729;0
730;0
731;0
732;2
733;1
734;0
735;0
736;0
737;2
738;0
739;0
740;1
741;0
742;2
743;1
744;0
745;0
746;0
747;2
748;2
749;0
750;1
751;1
752;0
753;0
754;0
755;0
756;2
757;0
758;0
759;0
760;0
761;0
762;0
763;0
764;0
765;0
766;2
767;1
768;0
769;1
770;0
771;2
772;2
773;2
774;0
775;0
776;0
777;0
778;0
779;0
780;0
781;1
782;1
783;2
784;0
785;0
786;2
787;2
788;2
789;2
790;0
791;0
792;0
793;0
794;0
795;0
796;1
797;0
798;0
799;0
800;0
801;2
802;0
803;0
804;0
805;2
806;2
807;2
808;1
809;0
810;0
811;0
812;0
813;1
814;0
815;0
816;2
817;1
818;1
819;1
820;0
821;2
822;0
823;1
824;0
825;0
826;0
827;0
828;0
829;1
830;0
831;1
832;2
833;2
834;1
835;0
836;2
837;1
838;1
839;0
840;0
841;0
842;0
843;2
844;2
845;0
846;2
847;2
848;0
849;0
850;2
851;2
852;0
853;0
854;0
855;0
856;0
857;0
858;1
859;0
860;0
861;0
862;0
863;1
864;0
865;0
866;0
867;0
868;0
869;0
870;1
871;0
872;0
873;0
874;1
875;0
876;0
877;1
878;0
879;0
880;0
881;2
882;2
883;0
884;2
885;0
886;0
887;2
888;0
889;0
890;0
891;0
892;0
893;2
894;0
895;0
896;1
897;0
898;2
899;2
900;1
901;0
902;0
903;0
904;4
905;0
906;2
907;2
908;2
909;0
910;2
911;0
912;2
913;0
914;0
915;0
916;2
917;0
918;0
919;0
920;2
921;0
922;1
923;0
924;0
925;2
926;0
927;1
928;0
929;0
930;0
931;0
932;2
933;1
934;0
935;0
936;1
937;0
938;1
939;0
940;2
941;1
942;2
943;2
944;2
945;0
946;0
947;0
948;0
949;1
950;0
951;0
952;2
953;1
954;2
955;0
956;0
957;1
958;1
959;0
960;2
961;2
962;1
963;0
964;1
965;1
966;0
967;0
968;0
969;0
970;0
971;0
972;2
973;0
974;0
975;0
976;0
977;1
978;0
979;0
980;0
981;0
982;0
983;0
984;0
985;0
986;0
987;0
988;0
989;0
990;1
991;0
992;0
993;0
994;0
995;0
996;0
997;2
998;1
999;0
1000;2
1001;1
1002;0
1003;0
1004;0
1005;0
1006;0
1007;1
1008;0
1009;0
1010;0
1011;0
1012;0
1013;0
1014;0
1015;1
1016;0
1017;0
1018;0
1019;0
1020;0
1021;0
1022;0
1023;0
