0;1
1;0
2;0
3;0
4;4
5;0
6;1
7;2
8;2
9;0
10;2
11;0
12;2
13;0
14;1
15;0
16;1
17;0
18;0
19;1
20;0
21;2
22;2
23;2
24;2
25;0
26;1
27;2
28;2
29;2
30;0
31;1
32;0
33;0
34;0
35;0
36;0
37;2
38;2
39;1
40;0
41;2
42;0
43;0
44;2
45;0
46;2
47;1
48;0
49;0
50;2
51;0
52;0
53;0
54;1
55;0
56;0
57;0
58;2
59;0
60;1
61;1
62;0
63;0
64;0
65;0
66;2
67;0
68;0
69;0
70;2
71;2
72;1
73;0
74;1
75;0
76;0
77;0
78;0
79;0
80;1
81;0
82;2
83;0
84;1
85;2
86;0
87;0
88;0
89;2
90;1
91;0
92;1
93;0
94;0
95;1
96;0
97;0
98;0
99;2
100;4
101;0
102;2
103;2
104;2
105;0
106;2
107;0
108;1
109;0
110;1
111;0
112;0
113;0
114;2
115;0
116;1
117;2
118;0
119;0
120;0
121;0
122;0
123;0
124;0
125;0
126;2
127;1
128;0
129;0
130;0
131;2
132;2
133;0
134;1
135;1
136;0
137;0
138;2
139;0
140;0
141;0
142;1
143;0
144;2
145;0
146;2
147;2
148;0
149;0
150;0
151;0
152;0
153;0
154;2
155;0
156;0
157;2
158;0
159;0
160;1
161;0
162;1
163;2
164;1
165;0
166;0
167;2
168;1
169;0
170;0
171;2
172;4
173;0
174;2
175;1
176;0
177;0
178;2
179;0
180;2
181;0
182;0
183;0
184;2
185;0
186;0
187;0
188;0
189;0
190;2
191;0
192;2
193;0
194;1
195;0
196;0
197;2
198;2
199;1
200;0
201;0
202;1
203;0
204;1
205;0
206;0
207;2
208;4
209;0
210;2
211;0
212;2
213;0
214;2
215;0
216;2
217;0
218;0
219;1
220;0
221;2
222;2
223;2
224;1
225;0
226;2
227;2
228;1
229;0
230;0
231;2
232;4
233;0
234;2
235;0
236;0
237;0
238;0
239;0
240;2
241;0
242;0
243;0
244;1
245;0
246;1
247;2
248;0
249;0
250;0
251;2
252;4
253;0
254;2
255;2
256;0
257;0
258;2
259;0
260;2
261;1
262;0
263;2
264;0
265;0
266;2
267;1
268;2
269;1
270;0
271;2
272;0
273;0
274;2
275;1
276;0
277;0
278;0
279;0
280;0
281;0
282;0
283;0
284;0
285;0
286;0
287;2
288;1
289;0
290;0
291;1
292;0
293;0
294;2
295;2
296;0
297;0
298;0
299;0
300;0
301;0
302;2
303;2
304;1
305;0
306;0
307;2
308;4
309;2
310;2
311;2
312;2
313;0
314;2
315;0
316;1
317;0
318;0
319;0
320;1
321;0
322;0
323;2
324;0
325;0
326;2
327;0
328;2
329;2
330;0
331;0
332;0
333;2
334;1
335;0
336;0
337;0
338;0
339;0
340;2
341;1
342;0
343;2
344;1
345;0
346;0
347;2
348;0
349;1
350;0
351;0
352;0
353;0
354;0
355;2
356;1
357;0
358;0
359;2
360;2
361;0
362;0
363;0
364;2
365;0
366;2
367;2
368;1
369;0
370;2
371;1
372;0
373;0
374;0
375;2
376;2
377;0
378;2
379;2
380;2
381;0
382;2
383;0
384;0
385;0
386;0
387;0
388;2
389;0
390;2
391;0
392;0
393;0
394;0
395;0
396;0
397;1
398;0
399;0
400;0
401;1
402;0
403;0
404;0
405;0
406;1
407;0
408;1
409;2
410;0
411;1
412;1
413;0
414;2
415;0
416;0
417;0
418;0
419;0
420;2
421;1
422;2
423;1
424;0
425;0
426;0
427;0
428;2
429;2
430;2
431;2
432;1
433;0
434;0
435;0
436;2
437;1
438;0
439;1
440;0
441;2
442;0
443;2
444;2
445;0
446;0
447;1
448;0
449;0
450;2
451;2
452;2
453;0
454;0
455;0
456;0
457;0
458;0
459;0
460;1
461;0
462;2
463;0
464;0
465;0
466;0
467;0
468;2
469;1
470;0
471;0
472;0
473;0
474;0
475;0
476;0
477;2
478;2
479;1
480;0
481;2
482;2
483;2
484;1
485;0
486;0
487;0
488;0
489;0
490;0
491;0
492;0
493;0
494;0
495;2
496;2
497;0
498;2
499;1
500;0
501;0
502;0
503;2
504;1
505;0
506;0
507;0
508;2
509;0
510;0
511;2
512;0
513;0
514;2
515;0
516;2
517;0
518;0
519;0
520;0
521;0
522;2
523;0
524;2
525;0
526;1
527;0
528;0
529;0
530;1
531;0
532;1
533;2
534;0
535;0
536;0
537;0
538;2
539;1
540;0
541;0
542;2
543;0
544;1
545;2
546;0
547;2
548;1
549;0
550;0
551;0
552;0
553;0
554;0
555;1
556;0
557;1
558;0
559;0
560;0
561;1
562;0
563;0
564;2
565;0
566;0
567;0
568;2
569;0
570;0
571;0
572;2
573;2
574;2
575;1
576;2
577;0
578;0
579;1
580;0
581;0
582;0
583;0
584;0
585;0
586;2
587;1
588;0
589;0
590;0
591;0
592;0
593;0
594;1
595;0
596;0
597;0
598;2
599;2
600;0
601;0
602;0
603;2
604;1
605;2
606;2
607;2
608;2
609;0
610;0
611;0
612;2
613;2
614;0
615;0
616;0
617;0
618;0
619;1
620;0
621;0
622;0
623;0
624;0
625;0
626;0
627;2
628;0
629;0
630;0
631;0
632;2
633;0
634;0
635;0
636;2
637;2
638;0
639;0
640;0
641;2
642;0
643;0
644;2
645;0
646;2
647;0
648;0
649;0
650;0
651;1
652;1
653;0
654;0
655;0
656;0
657;0
658;0
659;1
660;0
661;0
662;2
663;0
664;1
665;0
666;0
667;0
668;4
669;0
670;2
671;2
672;2
673;0
674;2
675;0
676;2
677;0
678;2
679;0
680;0
681;0
682;2
683;2
684;2
685;1
686;0
687;2
688;0
689;0
690;2
691;2
692;0
693;0
694;0
695;0
696;2
697;0
698;0
699;0
700;0
701;0
702;0
703;0
704;0
705;0
706;1
707;0
708;0
709;0
710;0
711;0
712;4
713;0
714;2
715;1
716;0
717;2
718;0
719;0
720;1
721;0
722;0
723;0
724;0
725;0
726;0
727;0
728;0
729;2
730;0
731;0
732;0
733;0
734;0
735;2
736;1
737;2
738;0
739;0
740;0
741;0
742;0
743;0
744;2
745;0
746;2
747;2
748;0
749;0
750;2
751;0
752;1
753;0
754;0
755;2
756;2
757;0
758;2
759;1
760;0
761;0
762;2
763;0
764;1
765;0
766;0
767;0
768;2
769;2
770;2
771;2
772;2
773;0
774;2
775;2
776;0
777;1
778;1
779;0
780;0
781;2
782;2
783;0
784;0
785;0
786;0
787;0
788;2
789;0
790;1
791;1
792;0
793;2
794;2
795;0
796;0
797;0
798;0
799;2
800;4
801;0
802;2
803;2
804;2
805;0
806;0
807;0
808;2
809;0
810;0
811;1
812;0
813;0
814;0
815;0
816;0
817;0
818;1
819;0
820;2
821;0
822;0
823;0
824;0
825;0
826;0
827;0
828;1
829;0
830;0
831;0
832;0
833;0
834;0
835;0
836;0
837;0
838;0
839;0
840;0
841;0
842;0
843;0
844;0
845;2
846;1
847;0
848;0
849;0
850;0
851;0
852;1
853;2
854;0
855;1
856;0
857;2
858;0
859;0
860;1
861;0
862;0
863;0
864;0
865;0
866;0
867;0
868;0
869;0
870;0
871;1
872;0
873;0
874;1
875;0
876;2
877;2
878;0
879;0
880;0
881;2
882;0
883;0
884;0
885;0
886;1
887;0
888;2
889;0
890;2
891;2
892;2
893;0
894;2
895;1
896;0
897;0
898;0
899;0
900;1
901;0
902;0
903;0
904;2
905;2
906;2
907;2
908;2
909;0
910;2
911;0
912;2
913;1
914;0
915;0
916;2
917;2
918;0
919;0
920;0
921;0
922;2
923;2
924;0
925;0
926;0
927;2
928;0
929;0
930;2
931;2
932;0
933;2
934;0
935;1
936;0
937;0
938;2
939;1
940;0
941;0
942;0
943;0
944;0
945;1
946;0
947;2
948;0
949;1
950;0
951;0
952;2
953;2
954;2
955;0
956;1
957;0
958;0
959;0
960;2
961;0
962;0
963;1
964;0
965;0
966;2
967;0
968;0
969;0
970;0
971;1
972;0
973;2
974;1
975;0
976;2
977;0
978;2
979;1
980;0
981;0
982;0
983;0
984;0
985;0
986;2
987;1
988;0
989;0
990;0
991;2
992;2
993;0
994;2
995;2
996;2
997;0
998;2
999;0
1000;2
1001;2
1002;0
1003;1
1004;1
1005;0
1006;0
1007;0
1008;0
1009;2
1010;2
1011;2
1012;1
1013;0
1014;0
1015;0
1016;0
1017;0
1018;0
1019;0
1020;0
1021;0
1022;0
1023;0
