0;1
1;0
2;0
3;2
4;1
5;0
6;2
7;1
8;2
9;0
10;0
11;0
12;2
13;0
14;0
15;0
16;0
17;1
18;0
19;2
20;1
21;0
22;2
23;1
24;2
25;1
26;2
27;2
28;0
29;0
30;0
31;2
32;0
33;0
34;0
35;0
36;0
37;0
38;0
39;0
40;0
41;0
42;0
43;0
44;1
45;1
46;0
47;0
48;1
49;2
50;0
51;0
52;0
53;0
54;0
55;0
56;0
57;1
58;1
59;2
60;1
61;1
62;0
63;0
64;0
65;0
66;0
67;0
68;2
69;2
70;0
71;2
72;1
73;0
74;0
75;0
76;0
77;0
78;0
79;0
80;2
81;0
82;2
83;0
84;1
85;2
86;0
87;0
88;1
89;2
90;2
91;2
92;1
93;0
94;0
95;2
96;2
97;2
98;1
99;0
100;0
101;0
102;1
103;0
104;0
105;0
106;0
107;2
108;0
109;2
110;0
111;0
112;0
113;0
114;2
115;0
116;0
117;0
118;0
119;0
120;0
121;0
122;1
123;0
124;2
125;0
126;0
127;0
128;2
129;0
130;2
131;0
132;1
133;0
134;0
135;0
136;0
137;2
138;0
139;2
140;1
141;0
142;2
143;0
144;0
145;0
146;0
147;1
148;0
149;0
150;2
151;0
152;0
153;0
154;0
155;0
156;0
157;0
158;0
159;0
160;2
161;0
162;0
163;0
164;0
165;0
166;0
167;0
168;0
169;0
170;1
171;0
172;0
173;0
174;0
175;0
176;1
177;0
178;1
179;0
180;1
181;0
182;0
183;2
184;4
185;0
186;2
187;0
188;2
189;0
190;2
191;0
192;2
193;0
194;0
195;0
196;0
197;2
198;0
199;0
200;0
201;0
202;0
203;0
204;0
205;0
206;0
207;0
208;0
209;2
210;0
211;0
212;0
213;0
214;0
215;2
216;1
217;0
218;0
219;0
220;0
221;2
222;2
223;2
224;2
225;0
226;1
227;0
228;0
229;0
230;0
231;2
232;0
233;2
234;2
235;1
236;0
237;2
238;0
239;0
240;0
241;0
242;0
243;2
244;2
245;0
246;0
247;0
248;0
249;0
250;2
251;1
252;0
253;0
254;0
255;0
256;1
257;0
258;0
259;1
260;1
261;1
262;0
263;2
264;1
265;0
266;2
267;2
268;2
269;0
270;2
271;0
272;2
273;2
274;2
275;2
276;1
277;0
278;0
279;0
280;2
281;0
282;0
283;0
284;4
285;2
286;0
287;0
288;0
289;0
290;1
291;2
292;2
293;0
294;0
295;0
296;2
297;0
298;0
299;2
300;1
301;0
302;0
303;2
304;0
305;0
306;2
307;1
308;0
309;0
310;2
311;0
312;0
313;0
314;0
315;0
316;0
317;0
318;0
319;0
320;0
321;0
322;0
323;0
324;0
325;0
326;0
327;0
328;2
329;0
330;0
331;2
332;1
333;0
334;0
335;0
336;2
337;0
338;0
339;0
340;0
341;0
342;0
343;0
344;2
345;0
346;0
347;0
348;1
349;0
350;0
351;2
352;2
353;1
354;0
355;0
356;2
357;0
358;0
359;0
360;2
361;0
362;0
363;0
364;1
365;0
366;0
367;0
368;2
369;2
370;2
371;1
372;1
373;0
374;0
375;1
376;0
377;0
378;0
379;2
380;2
381;0
382;2
383;2
384;2
385;0
386;2
387;2
388;0
389;0
390;0
391;0
392;0
393;0
394;0
395;0
396;0
397;0
398;0
399;0
400;0
401;2
402;2
403;2
404;2
405;0
406;0
407;0
408;0
409;0
410;2
411;0
412;0
413;0
414;0
415;1
416;0
417;1
418;0
419;0
420;0
421;0
422;1
423;2
424;1
425;0
426;0
427;1
428;4
429;0
430;2
431;1
432;0
433;0
434;0
435;0
436;2
437;0
438;1
439;0
440;2
441;2
442;2
443;0
444;2
445;0
446;0
447;0
448;2
449;0
450;1
451;0
452;1
453;1
454;0
455;0
456;0
457;0
458;2
459;0
460;1
461;0
462;0
463;0
464;2
465;0
466;0
467;2
468;2
469;0
470;0
471;0
472;0
473;0
474;0
475;0
476;2
477;0
478;0
479;0
480;0
481;1
482;0
483;0
484;2
485;1
486;0
487;0
488;1
489;0
490;0
491;0
492;2
493;2
494;2
495;2
496;2
497;0
498;0
499;1
500;0
501;0
502;0
503;0
504;0
505;1
506;0
507;0
508;2
509;0
510;0
511;1
512;1
513;0
514;0
515;0
516;0
517;2
518;2
519;0
520;0
521;1
522;0
523;0
524;1
525;0
526;0
527;2
528;0
529;0
530;0
531;0
532;2
533;0
534;1
535;0
536;0
537;0
538;0
539;1
540;0
541;0
542;0
543;0
544;2
545;2
546;2
547;0
548;0
549;2
550;2
551;0
552;2
553;0
554;2
555;0
556;0
557;2
558;0
559;0
560;0
561;0
562;1
563;0
564;0
565;1
566;0
567;0
568;2
569;0
570;2
571;2
572;2
573;0
574;2
575;0
576;0
577;1
578;0
579;2
580;0
581;1
582;0
583;0
584;2
585;0
586;1
587;1
588;1
589;0
590;2
591;1
592;0
593;0
594;1
595;0
596;0
597;0
598;2
599;0
600;1
601;0
602;0
603;0
604;1
605;0
606;0
607;0
608;2
609;2
610;0
611;0
612;2
613;0
614;0
615;2
616;2
617;0
618;1
619;0
620;0
621;2
622;0
623;0
624;2
625;1
626;0
627;2
628;2
629;0
630;0
631;0
632;0
633;0
634;2
635;0
636;0
637;0
638;0
639;1
640;2
641;0
642;0
643;0
644;0
645;0
646;0
647;0
648;2
649;0
650;0
651;0
652;0
653;0
654;0
655;0
656;0
657;2
658;0
659;2
660;1
661;0
662;0
663;0
664;0
665;0
666;1
667;0
668;0
669;0
670;0
671;2
672;0
673;0
674;1
675;2
676;2
677;0
678;2
679;0
680;2
681;0
682;0
683;0
684;0
685;0
686;0
687;1
688;0
689;0
690;1
691;0
692;2
693;0
694;0
695;0
696;1
697;0
698;0
699;0
700;1
701;0
702;0
703;1
704;0
705;0
706;0
707;0
708;0
709;0
710;0
711;0
712;0
713;0
714;0
715;0
716;2
717;0
718;0
719;2
720;2
721;0
722;2
723;2
724;0
725;0
726;2
727;0
728;0
729;2
730;1
731;0
732;0
733;0
734;0
735;0
736;1
737;0
738;2
739;2
740;1
741;0
742;0
743;2
744;4
745;0
746;2
747;2
748;0
749;0
750;2
751;0
752;4
753;2
754;0
755;0
756;0
757;0
758;0
759;0
760;1
761;0
762;0
763;0
764;0
765;0
766;0
767;0
768;0
769;0
770;0
771;0
772;0
773;0
774;2
775;1
776;0
777;0
778;0
779;1
780;0
781;0
782;0
783;2
784;2
785;0
786;2
787;0
788;2
789;2
790;0
791;0
792;0
793;1
794;0
795;0
796;0
797;2
798;0
799;2
800;0
801;1
802;0
803;0
804;0
805;0
806;1
807;0
808;1
809;1
810;0
811;0
812;1
813;2
814;2
815;0
816;0
817;0
818;0
819;0
820;2
821;2
822;2
823;2
824;1
825;0
826;0
827;0
828;0
829;2
830;1
831;0
832;0
833;0
834;0
835;0
836;2
837;1
838;0
839;0
840;0
841;0
842;0
843;0
844;0
845;0
846;1
847;1
848;1
849;2
850;2
851;0
852;1
853;1
854;0
855;2
856;1
857;1
858;2
859;0
860;2
861;0
862;0
863;2
864;0
865;0
866;2
867;0
868;0
869;0
870;0
871;0
872;0
873;2
874;0
875;0
876;2
877;0
878;0
879;0
880;1
881;0
882;0
883;0
884;0
885;1
886;0
887;0
888;2
889;0
890;0
891;0
892;0
893;1
894;0
895;0
896;0
897;0
898;0
899;2
900;2
901;0
902;0
903;1
904;0
905;0
906;0
907;2
908;0
909;2
910;2
911;1
912;0
913;0
914;0
915;0
916;1
917;2
918;0
919;0
920;0
921;2
922;0
923;0
924;0
925;0
926;1
927;2
928;0
929;0
930;0
931;0
932;2
933;2
934;0
935;0
936;2
937;0
938;0
939;1
940;0
941;0
942;0
943;0
944;1
945;0
946;0
947;2
948;2
949;2
950;1
951;0
952;1
953;0
954;0
955;0
956;0
957;0
958;1
959;0
960;2
961;0
962;0
963;0
964;1
965;1
966;0
967;2
968;1
969;0
970;2
971;2
972;1
973;1
974;0
975;1
976;1
977;2
978;2
979;0
980;2
981;0
982;0
983;0
984;2
985;0
986;0
987;0
988;2
989;0
990;0
991;0
992;0
993;0
994;1
995;0
996;0
997;0
998;0
999;0
1000;1
1001;1
1002;0
1003;0
1004;0
1005;0
1006;0
1007;0
1008;2
1009;0
1010;1
1011;2
1012;0
1013;0
1014;0
1015;0
1016;0
1017;0
1018;0
1019;0
1020;0
1021;0
1022;0
1023;0
