0;1
1;0
2;0
3;2
4;1
5;0
6;0
7;2
8;2
9;0
10;2
11;1
12;1
13;0
14;1
15;0
16;0
17;2
18;2
19;2
20;2
21;2
22;0
23;2
24;1
25;0
26;0
27;0
28;0
29;0
30;0
31;0
32;1
33;2
34;0
35;0
36;2
37;1
38;1
39;0
40;1
41;0
42;1
43;0
44;2
45;0
46;1
47;2
48;1
49;1
50;0
51;0
52;0
53;0
54;0
55;2
56;0
57;0
58;0
59;0
60;1
61;1
62;0
63;2
64;0
65;0
66;0
67;0
68;0
69;0
70;0
71;0
72;0
73;0
74;0
75;1
76;1
77;2
78;2
79;2
80;0
81;0
82;0
83;2
84;0
85;0
86;0
87;0
88;0
89;0
90;0
91;2
92;2
93;0
94;1
95;0
96;0
97;0
98;1
99;0
100;0
101;0
102;1
103;2
104;2
105;0
106;0
107;1
108;0
109;0
110;0
111;1
112;0
113;1
114;0
115;2
116;2
117;0
118;0
119;0
120;0
121;2
122;2
123;1
124;0
125;2
126;0
127;0
128;0
129;2
130;2
131;2
132;2
133;2
134;0
135;0
136;0
137;0
138;0
139;0
140;2
141;0
142;2
143;0
144;1
145;0
146;0
147;0
148;0
149;2
150;2
151;0
152;2
153;0
154;1
155;2
156;2
157;0
158;1
159;2
160;2
161;0
162;2
163;0
164;1
165;0
166;0
167;1
168;0
169;0
170;1
171;0
172;0
173;1
174;1
175;1
176;0
177;2
178;2
179;0
180;0
181;1
182;1
183;0
184;1
185;0
186;0
187;0
188;0
189;1
190;1
191;0
192;2
193;2
194;0
195;0
196;2
197;0
198;0
199;0
200;0
201;0
202;2
203;1
204;2
205;0
206;0
207;0
208;2
209;0
210;0
211;0
212;2
213;0
214;0
215;0
216;0
217;0
218;0
219;2
220;0
221;2
222;0
223;0
224;2
225;0
226;0
227;2
228;1
229;2
230;0
231;2
232;0
233;1
234;1
235;0
236;0
237;0
238;0
239;0
240;0
241;0
242;1
243;0
244;0
245;0
246;0
247;0
248;1
249;1
250;2
251;1
252;0
253;2
254;2
255;2
256;1
257;0
258;2
259;1
260;0
261;0
262;0
263;2
264;4
265;0
266;2
267;1
268;0
269;0
270;2
271;0
272;2
273;2
274;0
275;0
276;1
277;0
278;1
279;0
280;2
281;0
282;0
283;0
284;0
285;0
286;0
287;0
288;0
289;0
290;0
291;0
292;0
293;1
294;1
295;0
296;0
297;0
298;1
299;4
300;1
301;1
302;0
303;0
304;2
305;2
306;2
307;2
308;1
309;1
310;0
311;0
312;0
313;0
314;1
315;0
316;1
317;2
318;0
319;2
320;2
321;0
322;2
323;2
324;2
325;2
326;2
327;0
328;1
329;0
330;0
331;0
332;2
333;1
334;2
335;0
336;2
337;0
338;0
339;0
340;0
341;0
342;1
343;1
344;0
345;1
346;0
347;1
348;0
349;2
350;2
351;2
352;2
353;0
354;1
355;1
356;0
357;2
358;2
359;0
360;0
361;0
362;1
363;2
364;1
365;0
366;0
367;2
368;0
369;0
370;0
371;0
372;0
373;0
374;0
375;0
376;0
377;0
378;1
379;0
380;0
381;0
382;0
383;0
384;1
385;0
386;1
387;0
388;2
389;2
390;0
391;1
392;0
393;0
394;0
395;0
396;2
397;0
398;1
399;2
400;2
401;0
402;2
403;2
404;2
405;1
406;0
407;1
408;2
409;0
410;0
411;0
412;4
413;1
414;0
415;2
416;2
417;0
418;0
419;0
420;1
421;0
422;0
423;0
424;0
425;2
426;0
427;0
428;0
429;0
430;2
431;2
432;1
433;0
434;0
435;0
436;0
437;0
438;0
439;0
440;1
441;1
442;0
443;0
444;0
445;2
446;0
447;0
448;0
449;0
450;1
451;2
452;2
453;0
454;1
455;1
456;1
457;0
458;0
459;0
460;0
461;0
462;0
463;0
464;2
465;0
466;0
467;0
468;2
469;0
470;0
471;0
472;0
473;0
474;0
475;0
476;0
477;1
478;0
479;1
480;2
481;0
482;0
483;0
484;0
485;0
486;0
487;0
488;2
489;2
490;2
491;2
492;2
493;2
494;0
495;0
496;0
497;2
498;2
499;0
500;0
501;0
502;2
503;2
504;0
505;0
506;1
507;1
508;0
509;0
510;0
511;0
512;2
513;0
514;1
515;0
516;0
517;0
518;1
519;2
520;0
521;0
522;0
523;0
524;1
525;0
526;2
527;0
528;0
529;0
530;1
531;0
532;2
533;2
534;0
535;2
536;0
537;0
538;1
539;2
540;2
541;2
542;0
543;2
544;2
545;0
546;0
547;2
548;1
549;0
550;0
551;0
552;0
553;0
554;0
555;0
556;2
557;2
558;0
559;0
560;1
561;0
562;0
563;0
564;0
565;0
566;0
567;0
568;0
569;0
570;0
571;0
572;1
573;0
574;0
575;0
576;0
577;0
578;0
579;0
580;2
581;0
582;0
583;0
584;0
585;2
586;0
587;0
588;2
589;0
590;0
591;2
592;1
593;0
594;0
595;1
596;0
597;0
598;0
599;2
600;4
601;2
602;2
603;1
604;2
605;0
606;0
607;0
608;1
609;0
610;0
611;0
612;1
613;1
614;0
615;2
616;0
617;2
618;1
619;0
620;1
621;0
622;1
623;0
624;1
625;2
626;0
627;0
628;2
629;2
630;0
631;2
632;0
633;0
634;0
635;0
636;0
637;1
638;2
639;0
640;1
641;0
642;2
643;0
644;2
645;0
646;0
647;0
648;0
649;0
650;2
651;2
652;0
653;0
654;0
655;0
656;0
657;0
658;0
659;2
660;1
661;0
662;1
663;2
664;1
665;0
666;0
667;0
668;0
669;0
670;0
671;2
672;0
673;1
674;0
675;0
676;0
677;0
678;0
679;0
680;0
681;0
682;0
683;0
684;1
685;0
686;0
687;0
688;0
689;0
690;0
691;0
692;1
693;0
694;0
695;0
696;0
697;0
698;0
699;0
700;0
701;0
702;2
703;0
704;2
705;0
706;2
707;1
708;2
709;0
710;0
711;0
712;1
713;0
714;0
715;0
716;1
717;0
718;0
719;0
720;0
721;0
722;2
723;2
724;0
725;0
726;0
727;0
728;1
729;0
730;0
731;0
732;0
733;2
734;0
735;2
736;0
737;0
738;0
739;0
740;0
741;2
742;4
743;2
744;1
745;0
746;1
747;0
748;0
749;0
750;2
751;0
752;0
753;0
754;0
755;0
756;2
757;0
758;0
759;1
760;0
761;0
762;0
763;0
764;0
765;0
766;0
767;0
768;0
769;0
770;1
771;0
772;0
773;1
774;0
775;0
776;0
777;0
778;2
779;2
780;1
781;1
782;0
783;0
784;2
785;0
786;0
787;1
788;0
789;0
790;0
791;0
792;2
793;2
794;2
795;2
796;2
797;0
798;0
799;0
800;2
801;2
802;0
803;2
804;1
805;0
806;0
807;0
808;2
809;0
810;1
811;4
812;0
813;0
814;2
815;1
816;1
817;0
818;2
819;2
820;1
821;0
822;0
823;2
824;2
825;0
826;2
827;2
828;2
829;0
830;2
831;0
832;2
833;0
834;1
835;1
836;0
837;0
838;2
839;0
840;0
841;0
842;1
843;0
844;1
845;0
846;0
847;2
848;0
849;1
850;0
851;0
852;0
853;0
854;0
855;0
856;0
857;1
858;2
859;0
860;0
861;1
862;0
863;1
864;1
865;0
866;0
867;2
868;1
869;0
870;2
871;1
872;0
873;1
874;1
875;1
876;0
877;0
878;0
879;2
880;0
881;1
882;0
883;2
884;2
885;0
886;0
887;0
888;2
889;2
890;0
891;0
892;0
893;0
894;1
895;1
896;0
897;0
898;2
899;1
900;0
901;0
902;0
903;0
904;4
905;0
906;1
907;0
908;1
909;2
910;2
911;2
912;2
913;0
914;1
915;0
916;2
917;0
918;0
919;2
920;2
921;0
922;0
923;0
924;1
925;0
926;0
927;0
928;0
929;0
930;1
931;0
932;1
933;1
934;0
935;0
936;1
937;0
938;0
939;2
940;2
941;0
942;1
943;2
944;2
945;0
946;0
947;0
948;0
949;0
950;2
951;2
952;1
953;0
954;0
955;2
956;0
957;0
958;0
959;0
960;0
961;1
962;0
963;2
964;0
965;1
966;0
967;0
968;1
969;0
970;0
971;0
972;0
973;0
974;0
975;1
976;0
977;0
978;0
979;0
980;2
981;2
982;0
983;2
984;0
985;0
986;0
987;0
988;2
989;2
990;2
991;1
992;0
993;1
994;0
995;0
996;1
997;0
998;0
999;0
1000;2
1001;2
1002;1
1003;2
1004;2
1005;0
1006;2
1007;0
1008;0
1009;0
1010;0
1011;0
1012;0
1013;0
1014;0
1015;0
1016;0
1017;0
1018;0
1019;0
1020;0
1021;0
1022;0
1023;0
