0;1
1;0
2;0
3;0
4;2
5;2
6;2
7;2
8;2
9;0
10;0
11;2
12;2
13;1
14;0
15;0
16;0
17;0
18;0
19;0
20;1
21;0
22;1
23;0
24;1
25;0
26;0
27;1
28;0
29;0
30;2
31;2
32;2
33;0
34;0
35;0
36;0
37;1
38;0
39;0
40;0
41;1
42;2
43;2
44;2
45;0
46;0
47;2
48;2
49;0
50;0
51;0
52;0
53;0
54;0
55;0
56;0
57;0
58;0
59;2
60;1
61;0
62;1
63;0
64;0
65;0
66;0
67;2
68;1
69;2
70;2
71;2
72;2
73;0
74;2
75;0
76;0
77;2
78;1
79;0
80;1
81;0
82;0
83;0
84;0
85;0
86;0
87;0
88;0
89;0
90;0
91;0
92;1
93;0
94;0
95;1
96;0
97;0
98;2
99;1
100;0
101;0
102;0
103;0
104;4
105;2
106;2
107;2
108;2
109;0
110;2
111;0
112;2
113;2
114;0
115;2
116;0
117;0
118;0
119;0
120;0
121;0
122;0
123;2
124;2
125;2
126;0
127;0
128;2
129;0
130;0
131;0
132;0
133;0
134;0
135;1
136;0
137;0
138;2
139;2
140;1
141;0
142;0
143;2
144;0
145;0
146;2
147;2
148;2
149;0
150;0
151;0
152;0
153;0
154;0
155;0
156;0
157;0
158;2
159;0
160;1
161;0
162;0
163;0
164;0
165;0
166;2
167;2
168;1
169;0
170;0
171;0
172;2
173;0
174;0
175;1
176;0
177;0
178;0
179;2
180;1
181;2
182;1
183;0
184;0
185;0
186;0
187;0
188;0
189;2
190;2
191;0
192;2
193;0
194;0
195;2
196;0
197;0
198;0
199;2
200;2
201;0
202;2
203;2
204;2
205;0
206;2
207;0
208;2
209;0
210;2
211;0
212;0
213;2
214;0
215;0
216;0
217;0
218;0
219;0
220;1
221;0
222;2
223;1
224;0
225;2
226;0
227;2
228;4
229;0
230;2
231;0
232;0
233;0
234;0
235;0
236;1
237;2
238;2
239;0
240;0
241;0
242;0
243;2
244;1
245;0
246;2
247;0
248;4
249;0
250;2
251;1
252;2
253;0
254;2
255;0
256;2
257;0
258;0
259;0
260;0
261;0
262;0
263;0
264;0
265;0
266;0
267;0
268;0
269;2
270;2
271;2
272;1
273;0
274;2
275;2
276;1
277;0
278;0
279;2
280;4
281;0
282;2
283;2
284;2
285;0
286;2
287;0
288;2
289;0
290;1
291;2
292;0
293;0
294;0
295;0
296;0
297;2
298;0
299;0
300;0
301;1
302;0
303;0
304;0
305;0
306;0
307;1
308;0
309;1
310;2
311;0
312;0
313;0
314;0
315;2
316;1
317;0
318;0
319;0
320;2
321;0
322;2
323;2
324;0
325;0
326;2
327;0
328;2
329;0
330;2
331;0
332;0
333;0
334;0
335;1
336;0
337;2
338;2
339;1
340;1
341;0
342;0
343;0
344;2
345;0
346;1
347;1
348;0
349;0
350;0
351;0
352;0
353;0
354;0
355;0
356;2
357;0
358;0
359;2
360;2
361;0
362;0
363;2
364;0
365;0
366;2
367;2
368;1
369;0
370;0
371;1
372;0
373;2
374;2
375;2
376;2
377;0
378;0
379;0
380;0
381;2
382;0
383;1
384;2
385;0
386;0
387;0
388;2
389;0
390;0
391;2
392;0
393;0
394;2
395;1
396;0
397;0
398;0
399;1
400;4
401;0
402;2
403;2
404;2
405;0
406;2
407;0
408;4
409;0
410;0
411;0
412;2
413;1
414;0
415;2
416;2
417;0
418;0
419;0
420;0
421;0
422;0
423;1
424;0
425;0
426;0
427;2
428;1
429;0
430;0
431;2
432;2
433;0
434;0
435;1
436;0
437;0
438;0
439;0
440;0
441;2
442;2
443;0
444;0
445;0
446;2
447;2
448;1
449;0
450;0
451;2
452;4
453;0
454;2
455;2
456;2
457;0
458;0
459;0
460;2
461;0
462;1
463;2
464;1
465;1
466;0
467;0
468;0
469;2
470;1
471;0
472;2
473;0
474;0
475;0
476;0
477;2
478;0
479;2
480;1
481;0
482;0
483;0
484;0
485;0
486;2
487;2
488;1
489;0
490;0
491;2
492;2
493;0
494;0
495;0
496;2
497;0
498;2
499;0
500;1
501;1
502;1
503;0
504;0
505;1
506;0
507;0
508;0
509;0
510;0
511;0
512;0
513;2
514;1
515;0
516;1
517;0
518;2
519;2
520;1
521;0
522;0
523;2
524;4
525;0
526;2
527;2
528;2
529;0
530;0
531;0
532;2
533;0
534;0
535;1
536;0
537;0
538;0
539;0
540;1
541;0
542;1
543;0
544;0
545;0
546;2
547;0
548;0
549;0
550;0
551;0
552;0
553;0
554;1
555;0
556;1
557;0
558;0
559;2
560;4
561;0
562;2
563;2
564;2
565;0
566;0
567;0
568;2
569;0
570;2
571;0
572;1
573;1
574;1
575;0
576;0
577;0
578;1
579;0
580;0
581;1
582;2
583;0
584;2
585;0
586;2
587;2
588;0
589;0
590;0
591;2
592;2
593;0
594;2
595;2
596;0
597;0
598;2
599;0
600;0
601;0
602;0
603;0
604;1
605;0
606;0
607;0
608;2
609;2
610;0
611;0
612;0
613;0
614;1
615;0
616;2
617;1
618;0
619;0
620;0
621;2
622;0
623;2
624;0
625;0
626;2
627;1
628;0
629;0
630;0
631;2
632;0
633;0
634;2
635;2
636;0
637;0
638;2
639;2
640;1
641;0
642;1
643;0
644;0
645;0
646;1
647;0
648;1
649;0
650;0
651;2
652;4
653;0
654;2
655;1
656;1
657;0
658;0
659;0
660;2
661;0
662;1
663;0
664;2
665;1
666;0
667;1
668;0
669;0
670;0
671;0
672;1
673;0
674;0
675;2
676;1
677;0
678;2
679;0
680;0
681;1
682;1
683;0
684;0
685;0
686;0
687;2
688;1
689;0
690;0
691;2
692;2
693;0
694;2
695;2
696;2
697;0
698;2
699;2
700;2
701;1
702;0
703;0
704;2
705;2
706;2
707;2
708;2
709;0
710;2
711;2
712;0
713;0
714;2
715;0
716;2
717;0
718;0
719;0
720;0
721;0
722;0
723;0
724;2
725;0
726;2
727;1
728;0
729;0
730;2
731;2
732;4
733;0
734;2
735;2
736;2
737;2
738;2
739;0
740;2
741;2
742;1
743;0
744;2
745;0
746;0
747;0
748;1
749;0
750;0
751;0
752;0
753;0
754;2
755;1
756;0
757;0
758;0
759;1
760;2
761;0
762;2
763;2
764;2
765;0
766;2
767;2
768;1
769;2
770;2
771;2
772;1
773;0
774;0
775;0
776;1
777;0
778;0
779;0
780;0
781;0
782;1
783;0
784;1
785;0
786;2
787;2
788;4
789;0
790;2
791;1
792;0
793;0
794;2
795;0
796;2
797;2
798;1
799;0
800;0
801;0
802;0
803;0
804;0
805;0
806;0
807;1
808;1
809;0
810;0
811;2
812;2
813;0
814;2
815;2
816;0
817;0
818;2
819;1
820;0
821;0
822;0
823;0
824;0
825;0
826;2
827;2
828;1
829;0
830;0
831;0
832;2
833;0
834;2
835;0
836;2
837;0
838;0
839;0
840;0
841;0
842;0
843;0
844;1
845;2
846;0
847;0
848;1
849;0
850;0
851;0
852;2
853;0
854;0
855;2
856;1
857;0
858;0
859;2
860;4
861;0
862;2
863;1
864;0
865;0
866;0
867;0
868;1
869;0
870;2
871;2
872;1
873;0
874;0
875;0
876;0
877;0
878;0
879;2
880;1
881;0
882;0
883;2
884;2
885;2
886;2
887;2
888;2
889;0
890;2
891;2
892;2
893;0
894;1
895;0
896;1
897;0
898;0
899;0
900;1
901;2
902;0
903;0
904;0
905;2
906;0
907;2
908;0
909;0
910;2
911;2
912;1
913;0
914;0
915;0
916;4
917;0
918;2
919;2
920;2
921;0
922;2
923;0
924;1
925;1
926;0
927;2
928;0
929;0
930;1
931;0
932;0
933;1
934;1
935;1
936;0
937;0
938;0
939;0
940;1
941;0
942;0
943;1
944;0
945;0
946;2
947;2
948;1
949;0
950;0
951;0
952;2
953;0
954;2
955;0
956;2
957;0
958;2
959;0
960;2
961;0
962;1
963;0
964;0
965;2
966;2
967;0
968;0
969;2
970;0
971;0
972;0
973;1
974;0
975;0
976;0
977;0
978;1
979;0
980;0
981;0
982;0
983;1
984;2
985;0
986;2
987;1
988;0
989;0
990;0
991;0
992;1
993;2
994;0
995;1
996;2
997;1
998;0
999;0
1000;1
1001;0
1002;2
1003;2
1004;1
1005;0
1006;0
1007;2
1008;1
1009;2
1010;2
1011;1
1012;0
1013;0
1014;1
1015;0
1016;0
1017;0
1018;0
1019;0
1020;0
1021;0
1022;0
1023;0
