0;1
1;0
2;0
3;1
4;0
5;0
6;2
7;2
8;0
9;0
10;0
11;0
12;2
13;1
14;0
15;0
16;2
17;1
18;1
19;1
20;0
21;0
22;0
23;0
24;1
25;1
26;0
27;2
28;0
29;0
30;0
31;1
32;1
33;0
34;0
35;0
36;0
37;0
38;0
39;2
40;1
41;0
42;0
43;0
44;2
45;0
46;2
47;1
48;0
49;0
50;2
51;0
52;1
53;0
54;0
55;0
56;1
57;0
58;0
59;0
60;1
61;1
62;0
63;1
64;2
65;0
66;0
67;2
68;0
69;0
70;2
71;1
72;0
73;0
74;0
75;1
76;2
77;0
78;1
79;2
80;2
81;0
82;2
83;0
84;1
85;0
86;0
87;0
88;2
89;0
90;0
91;0
92;0
93;0
94;0
95;0
96;2
97;0
98;0
99;0
100;0
101;0
102;0
103;0
104;1
105;0
106;0
107;0
108;2
109;0
110;0
111;0
112;2
113;0
114;2
115;0
116;2
117;0
118;1
119;2
120;0
121;0
122;0
123;0
124;0
125;0
126;0
127;0
128;1
129;0
130;0
131;2
132;0
133;0
134;2
135;1
136;0
137;0
138;0
139;0
140;0
141;0
142;0
143;0
144;2
145;0
146;2
147;0
148;0
149;1
150;0
151;0
152;0
153;0
154;0
155;0
156;1
157;0
158;0
159;2
160;1
161;0
162;0
163;2
164;1
165;0
166;2
167;1
168;0
169;0
170;2
171;0
172;2
173;0
174;0
175;0
176;2
177;1
178;0
179;0
180;1
181;0
182;0
183;0
184;0
185;1
186;0
187;2
188;1
189;2
190;0
191;0
192;0
193;0
194;0
195;0
196;1
197;0
198;0
199;2
200;1
201;0
202;0
203;2
204;0
205;0
206;0
207;2
208;4
209;0
210;2
211;2
212;2
213;0
214;2
215;0
216;1
217;2
218;2
219;0
220;0
221;0
222;0
223;1
224;0
225;0
226;2
227;2
228;2
229;2
230;2
231;2
232;2
233;2
234;0
235;0
236;0
237;2
238;0
239;0
240;1
241;0
242;2
243;0
244;2
245;0
246;0
247;0
248;2
249;0
250;1
251;0
252;2
253;0
254;2
255;0
256;1
257;0
258;1
259;0
260;0
261;2
262;0
263;2
264;2
265;0
266;2
267;1
268;0
269;0
270;2
271;0
272;1
273;0
274;0
275;0
276;0
277;1
278;0
279;0
280;0
281;2
282;0
283;0
284;0
285;0
286;0
287;0
288;0
289;0
290;0
291;0
292;0
293;0
294;0
295;2
296;0
297;0
298;2
299;2
300;2
301;0
302;0
303;2
304;0
305;2
306;0
307;0
308;0
309;0
310;1
311;0
312;2
313;1
314;0
315;0
316;0
317;0
318;1
319;0
320;0
321;0
322;2
323;2
324;2
325;2
326;2
327;2
328;1
329;0
330;1
331;0
332;0
333;0
334;0
335;2
336;2
337;2
338;2
339;0
340;2
341;2
342;2
343;0
344;2
345;0
346;0
347;0
348;0
349;1
350;2
351;2
352;2
353;0
354;0
355;2
356;0
357;0
358;0
359;0
360;0
361;0
362;2
363;2
364;1
365;0
366;0
367;0
368;1
369;0
370;0
371;0
372;0
373;0
374;0
375;2
376;1
377;0
378;0
379;2
380;1
381;0
382;2
383;1
384;0
385;0
386;2
387;0
388;0
389;0
390;1
391;0
392;2
393;1
394;0
395;0
396;0
397;0
398;0
399;0
400;2
401;1
402;0
403;0
404;0
405;2
406;0
407;0
408;1
409;0
410;2
411;0
412;2
413;2
414;0
415;2
416;2
417;1
418;1
419;0
420;0
421;0
422;2
423;0
424;1
425;0
426;0
427;1
428;0
429;1
430;0
431;2
432;0
433;0
434;2
435;0
436;2
437;0
438;1
439;0
440;2
441;0
442;2
443;2
444;1
445;0
446;0
447;2
448;1
449;0
450;0
451;2
452;2
453;0
454;0
455;1
456;0
457;0
458;0
459;0
460;2
461;0
462;0
463;1
464;0
465;1
466;0
467;0
468;1
469;0
470;1
471;0
472;0
473;0
474;2
475;2
476;1
477;0
478;0
479;2
480;4
481;0
482;2
483;2
484;0
485;0
486;0
487;0
488;2
489;0
490;0
491;0
492;0
493;0
494;0
495;0
496;0
497;0
498;0
499;0
500;2
501;0
502;2
503;0
504;1
505;0
506;0
507;2
508;2
509;0
510;0
511;1
512;1
513;0
514;0
515;0
516;2
517;0
518;0
519;0
520;2
521;0
522;1
523;0
524;0
525;0
526;0
527;0
528;2
529;0
530;0
531;0
532;1
533;0
534;2
535;2
536;1
537;0
538;0
539;2
540;2
541;0
542;0
543;1
544;0
545;0
546;0
547;2
548;2
549;0
550;0
551;1
552;0
553;0
554;0
555;0
556;0
557;0
558;2
559;2
560;1
561;0
562;0
563;2
564;0
565;0
566;0
567;2
568;2
569;0
570;0
571;0
572;0
573;0
574;2
575;0
576;2
577;2
578;0
579;0
580;1
581;0
582;1
583;0
584;0
585;1
586;0
587;2
588;0
589;0
590;1
591;0
592;1
593;0
594;0
595;2
596;2
597;2
598;2
599;1
600;0
601;0
602;2
603;0
604;0
605;2
606;0
607;2
608;0
609;0
610;0
611;2
612;0
613;0
614;2
615;2
616;1
617;0
618;1
619;0
620;1
621;0
622;0
623;0
624;1
625;0
626;2
627;0
628;2
629;0
630;0
631;0
632;2
633;0
634;1
635;0
636;0
637;2
638;0
639;2
640;0
641;0
642;2
643;0
644;0
645;1
646;0
647;0
648;0
649;0
650;1
651;0
652;0
653;0
654;1
655;0
656;0
657;0
658;0
659;0
660;1
661;0
662;2
663;2
664;1
665;2
666;2
667;2
668;2
669;0
670;2
671;0
672;2
673;1
674;2
675;0
676;0
677;2
678;1
679;1
680;0
681;0
682;0
683;2
684;1
685;0
686;2
687;0
688;0
689;0
690;0
691;0
692;0
693;0
694;0
695;0
696;2
697;1
698;1
699;0
700;0
701;0
702;0
703;2
704;1
705;0
706;1
707;0
708;0
709;0
710;0
711;0
712;2
713;0
714;2
715;2
716;1
717;0
718;2
719;0
720;2
721;0
722;2
723;0
724;0
725;0
726;0
727;2
728;1
729;0
730;0
731;2
732;2
733;0
734;2
735;2
736;0
737;0
738;1
739;2
740;1
741;0
742;0
743;2
744;1
745;0
746;0
747;0
748;0
749;0
750;0
751;0
752;1
753;0
754;0
755;2
756;2
757;0
758;1
759;0
760;0
761;0
762;0
763;2
764;2
765;1
766;0
767;0
768;2
769;2
770;0
771;0
772;0
773;0
774;1
775;0
776;2
777;0
778;0
779;2
780;4
781;0
782;0
783;0
784;2
785;2
786;2
787;0
788;2
789;0
790;1
791;0
792;0
793;0
794;0
795;0
796;2
797;0
798;0
799;0
800;0
801;0
802;0
803;0
804;2
805;0
806;0
807;2
808;1
809;0
810;0
811;0
812;1
813;1
814;0
815;2
816;2
817;0
818;2
819;2
820;0
821;0
822;0
823;0
824;2
825;0
826;0
827;0
828;0
829;1
830;0
831;2
832;1
833;1
834;1
835;2
836;0
837;1
838;0
839;0
840;0
841;2
842;2
843;2
844;0
845;0
846;2
847;2
848;2
849;0
850;2
851;0
852;0
853;0
854;0
855;1
856;1
857;0
858;0
859;0
860;1
861;0
862;2
863;2
864;2
865;0
866;0
867;0
868;2
869;0
870;0
871;0
872;0
873;2
874;0
875;0
876;0
877;2
878;0
879;0
880;0
881;1
882;0
883;0
884;0
885;0
886;2
887;0
888;0
889;0
890;0
891;2
892;0
893;0
894;0
895;0
896;0
897;0
898;2
899;2
900;1
901;0
902;2
903;0
904;0
905;0
906;0
907;2
908;4
909;0
910;0
911;0
912;2
913;0
914;2
915;0
916;1
917;1
918;0
919;2
920;0
921;0
922;0
923;0
924;0
925;0
926;0
927;0
928;0
929;0
930;1
931;0
932;2
933;0
934;2
935;0
936;1
937;0
938;2
939;2
940;1
941;0
942;0
943;2
944;2
945;0
946;0
947;0
948;2
949;0
950;2
951;0
952;2
953;0
954;0
955;0
956;2
957;1
958;0
959;0
960;0
961;0
962;0
963;0
964;0
965;2
966;2
967;2
968;0
969;0
970;1
971;0
972;0
973;0
974;0
975;0
976;0
977;2
978;0
979;0
980;0
981;2
982;0
983;2
984;1
985;0
986;0
987;2
988;2
989;0
990;1
991;2
992;2
993;0
994;2
995;0
996;2
997;0
998;0
999;0
1000;0
1001;0
1002;0
1003;0
1004;2
1005;0
1006;0
1007;0
1008;0
1009;0
1010;0
1011;0
1012;0
1013;0
1014;0
1015;0
1016;0
1017;0
1018;0
1019;0
1020;0
1021;0
1022;0
1023;0
