0;1
1;0
2;0
3;2
4;2
5;2
6;2
7;2
8;0
9;1
10;2
11;0
12;2
13;1
14;1
15;0
16;0
17;2
18;2
19;0
20;0
21;2
22;0
23;2
24;1
25;0
26;0
27;0
28;2
29;0
30;0
31;0
32;1
33;2
34;2
35;0
36;1
37;0
38;1
39;0
40;1
41;0
42;1
43;0
44;2
45;0
46;2
47;0
48;0
49;2
50;0
51;0
52;0
53;0
54;0
55;0
56;0
57;0
58;0
59;0
60;1
61;0
62;0
63;2
64;0
65;0
66;0
67;0
68;0
69;0
70;0
71;0
72;1
73;0
74;0
75;0
76;2
77;1
78;0
79;2
80;2
81;0
82;0
83;2
84;0
85;0
86;1
87;0
88;0
89;0
90;0
91;2
92;2
93;0
94;2
95;1
96;2
97;0
98;2
99;0
100;0
101;1
102;2
103;0
104;0
105;0
106;0
107;1
108;0
109;0
110;0
111;1
112;0
113;0
114;1
115;0
116;2
117;1
118;0
119;0
120;0
121;0
122;0
123;2
124;4
125;0
126;0
127;0
128;2
129;2
130;1
131;2
132;2
133;0
134;0
135;0
136;0
137;0
138;0
139;2
140;0
141;0
142;0
143;1
144;1
145;0
146;0
147;0
148;0
149;2
150;2
151;0
152;4
153;1
154;0
155;0
156;1
157;0
158;0
159;0
160;2
161;0
162;0
163;0
164;0
165;0
166;1
167;0
168;0
169;0
170;1
171;1
172;0
173;0
174;2
175;2
176;4
177;2
178;2
179;0
180;2
181;1
182;2
183;0
184;2
185;0
186;0
187;1
188;0
189;0
190;1
191;0
192;0
193;2
194;1
195;0
196;1
197;1
198;0
199;0
200;0
201;0
202;2
203;2
204;0
205;1
206;0
207;0
208;0
209;0
210;0
211;0
212;2
213;0
214;0
215;0
216;0
217;2
218;0
219;0
220;0
221;2
222;0
223;0
224;2
225;0
226;2
227;0
228;1
229;2
230;0
231;2
232;1
233;0
234;2
235;2
236;1
237;0
238;0
239;2
240;2
241;0
242;2
243;1
244;0
245;0
246;2
247;0
248;2
249;1
250;2
251;0
252;0
253;0
254;1
255;0
256;1
257;0
258;0
259;0
260;1
261;2
262;2
263;0
264;0
265;0
266;0
267;2
268;2
269;0
270;2
271;0
272;0
273;0
274;0
275;0
276;0
277;0
278;0
279;0
280;2
281;0
282;0
283;0
284;0
285;0
286;0
287;2
288;1
289;0
290;0
291;1
292;1
293;1
294;0
295;0
296;0
297;0
298;2
299;1
300;1
301;0
302;0
303;0
304;0
305;0
306;2
307;2
308;1
309;0
310;0
311;0
312;0
313;0
314;2
315;0
316;1
317;1
318;0
319;0
320;2
321;2
322;2
323;1
324;0
325;0
326;0
327;0
328;2
329;0
330;0
331;0
332;2
333;1
334;0
335;0
336;2
337;0
338;0
339;0
340;0
341;0
342;0
343;2
344;0
345;1
346;0
347;1
348;0
349;2
350;1
351;0
352;2
353;0
354;0
355;0
356;0
357;2
358;0
359;2
360;0
361;1
362;2
363;0
364;2
365;0
366;0
367;2
368;0
369;2
370;0
371;0
372;2
373;0
374;0
375;0
376;0
377;0
378;1
379;1
380;0
381;0
382;0
383;0
384;0
385;1
386;0
387;0
388;0
389;2
390;2
391;0
392;1
393;0
394;0
395;0
396;0
397;0
398;2
399;0
400;0
401;0
402;2
403;2
404;2
405;2
406;0
407;2
408;0
409;1
410;0
411;0
412;4
413;1
414;0
415;2
416;2
417;0
418;2
419;0
420;1
421;0
422;0
423;0
424;0
425;2
426;0
427;2
428;0
429;0
430;0
431;2
432;1
433;0
434;0
435;0
436;0
437;0
438;0
439;0
440;0
441;1
442;1
443;2
444;0
445;0
446;1
447;0
448;4
449;0
450;1
451;0
452;2
453;0
454;0
455;0
456;1
457;0
458;0
459;1
460;0
461;1
462;0
463;0
464;0
465;0
466;1
467;0
468;2
469;0
470;0
471;2
472;2
473;0
474;0
475;0
476;1
477;1
478;0
479;0
480;0
481;0
482;2
483;2
484;1
485;0
486;0
487;0
488;2
489;2
490;1
491;0
492;2
493;0
494;0
495;0
496;0
497;2
498;0
499;0
500;0
501;2
502;2
503;1
504;1
505;0
506;2
507;0
508;1
509;2
510;0
511;0
512;1
513;0
514;0
515;0
516;0
517;0
518;1
519;0
520;0
521;0
522;0
523;0
524;1
525;0
526;2
527;0
528;0
529;2
530;2
531;1
532;2
533;2
534;0
535;0
536;0
537;0
538;0
539;0
540;0
541;2
542;1
543;1
544;0
545;0
546;0
547;2
548;1
549;1
550;0
551;2
552;2
553;0
554;0
555;2
556;2
557;0
558;2
559;0
560;0
561;1
562;2
563;2
564;2
565;0
566;1
567;0
568;1
569;0
570;0
571;0
572;0
573;0
574;0
575;0
576;0
577;0
578;2
579;2
580;2
581;2
582;0
583;2
584;2
585;0
586;0
587;0
588;2
589;0
590;0
591;0
592;2
593;0
594;0
595;0
596;2
597;0
598;0
599;0
600;4
601;2
602;0
603;0
604;2
605;0
606;0
607;0
608;2
609;0
610;0
611;0
612;0
613;0
614;2
615;2
616;2
617;0
618;0
619;1
620;1
621;0
622;1
623;0
624;0
625;0
626;2
627;0
628;2
629;1
630;2
631;0
632;0
633;1
634;0
635;0
636;1
637;1
638;0
639;0
640;0
641;0
642;0
643;0
644;0
645;0
646;0
647;0
648;2
649;2
650;0
651;2
652;2
653;0
654;2
655;2
656;0
657;0
658;2
659;2
660;1
661;0
662;0
663;0
664;0
665;0
666;0
667;0
668;0
669;0
670;2
671;2
672;0
673;0
674;0
675;0
676;0
677;0
678;0
679;2
680;1
681;0
682;1
683;1
684;1
685;0
686;0
687;0
688;0
689;0
690;0
691;2
692;0
693;0
694;1
695;1
696;0
697;0
698;2
699;2
700;0
701;0
702;0
703;2
704;0
705;0
706;0
707;0
708;0
709;0
710;0
711;0
712;0
713;0
714;0
715;0
716;0
717;2
718;0
719;0
720;0
721;0
722;1
723;2
724;4
725;0
726;2
727;0
728;0
729;0
730;2
731;0
732;1
733;0
734;0
735;0
736;1
737;0
738;0
739;0
740;0
741;0
742;2
743;2
744;0
745;0
746;0
747;0
748;1
749;0
750;2
751;1
752;0
753;2
754;0
755;2
756;0
757;0
758;0
759;0
760;0
761;0
762;4
763;2
764;0
765;0
766;1
767;0
768;0
769;0
770;1
771;0
772;0
773;2
774;0
775;0
776;0
777;0
778;0
779;0
780;2
781;0
782;0
783;0
784;0
785;0
786;0
787;0
788;0
789;0
790;1
791;0
792;0
793;1
794;0
795;0
796;0
797;2
798;2
799;0
800;1
801;0
802;2
803;2
804;1
805;0
806;0
807;0
808;4
809;0
810;2
811;1
812;0
813;0
814;2
815;0
816;2
817;0
818;0
819;0
820;0
821;0
822;0
823;0
824;0
825;0
826;0
827;0
828;0
829;0
830;0
831;2
832;0
833;2
834;2
835;2
836;2
837;0
838;0
839;0
840;0
841;2
842;1
843;1
844;1
845;0
846;1
847;2
848;0
849;2
850;0
851;0
852;2
853;1
854;0
855;0
856;2
857;0
858;2
859;0
860;0
861;0
862;0
863;0
864;2
865;1
866;0
867;2
868;0
869;0
870;0
871;0
872;1
873;1
874;0
875;0
876;0
877;0
878;2
879;1
880;0
881;0
882;0
883;0
884;0
885;0
886;0
887;0
888;0
889;0
890;0
891;1
892;0
893;2
894;0
895;0
896;0
897;1
898;1
899;0
900;2
901;0
902;0
903;2
904;0
905;0
906;0
907;0
908;0
909;0
910;0
911;0
912;1
913;2
914;0
915;0
916;0
917;0
918;2
919;0
920;2
921;0
922;1
923;2
924;0
925;0
926;1
927;0
928;2
929;0
930;0
931;0
932;0
933;1
934;0
935;2
936;2
937;0
938;2
939;0
940;0
941;2
942;1
943;0
944;2
945;0
946;2
947;0
948;0
949;0
950;0
951;0
952;0
953;0
954;2
955;0
956;1
957;1
958;0
959;2
960;2
961;0
962;2
963;2
964;2
965;1
966;2
967;0
968;1
969;0
970;0
971;0
972;0
973;0
974;0
975;2
976;1
977;0
978;0
979;2
980;0
981;0
982;1
983;0
984;0
985;0
986;0
987;1
988;1
989;0
990;0
991;0
992;1
993;0
994;0
995;0
996;0
997;0
998;2
999;1
1000;0
1001;0
1002;0
1003;0
1004;2
1005;0
1006;0
1007;2
1008;2
1009;0
1010;0
1011;0
1012;1
1013;1
1014;0
1015;1
1016;0
1017;0
1018;0
1019;0
1020;0
1021;0
1022;0
1023;0
