0;1
1;0
2;0
3;2
4;2
5;2
6;2
7;1
8;0
9;0
10;0
11;0
12;2
13;2
14;0
15;0
16;0
17;1
18;0
19;0
20;2
21;0
22;0
23;2
24;0
25;2
26;1
27;1
28;1
29;0
30;0
31;2
32;0
33;1
34;0
35;2
36;2
37;0
38;2
39;2
40;0
41;0
42;0
43;0
44;1
45;2
46;1
47;2
48;0
49;0
50;2
51;1
52;0
53;0
54;0
55;2
56;2
57;0
58;2
59;2
60;2
61;0
62;2
63;0
64;1
65;0
66;0
67;1
68;0
69;0
70;0
71;2
72;1
73;1
74;0
75;0
76;0
77;0
78;1
79;2
80;0
81;0
82;2
83;0
84;0
85;0
86;0
87;0
88;0
89;0
90;0
91;0
92;1
93;0
94;0
95;2
96;0
97;0
98;0
99;0
100;0
101;0
102;0
103;0
104;1
105;0
106;0
107;0
108;2
109;0
110;0
111;2
112;2
113;0
114;0
115;0
116;2
117;2
118;0
119;0
120;0
121;0
122;0
123;2
124;2
125;0
126;2
127;2
128;0
129;0
130;0
131;0
132;2
133;1
134;0
135;2
136;1
137;0
138;1
139;1
140;0
141;2
142;0
143;0
144;1
145;0
146;2
147;1
148;1
149;2
150;2
151;1
152;0
153;0
154;2
155;0
156;1
157;0
158;0
159;1
160;0
161;0
162;0
163;0
164;0
165;0
166;2
167;0
168;1
169;0
170;0
171;0
172;1
173;0
174;1
175;0
176;0
177;2
178;2
179;0
180;2
181;2
182;0
183;0
184;0
185;0
186;0
187;0
188;1
189;0
190;0
191;1
192;0
193;0
194;2
195;2
196;2
197;0
198;2
199;0
200;0
201;0
202;0
203;0
204;1
205;2
206;0
207;0
208;0
209;0
210;2
211;2
212;2
213;2
214;0
215;0
216;0
217;2
218;2
219;0
220;1
221;0
222;0
223;0
224;1
225;0
226;1
227;0
228;1
229;0
230;0
231;2
232;4
233;0
234;0
235;2
236;2
237;0
238;0
239;0
240;1
241;0
242;0
243;2
244;2
245;0
246;0
247;2
248;2
249;2
250;2
251;2
252;0
253;0
254;0
255;0
256;0
257;2
258;0
259;0
260;1
261;0
262;2
263;2
264;0
265;0
266;0
267;2
268;0
269;0
270;2
271;2
272;2
273;2
274;2
275;0
276;0
277;0
278;1
279;0
280;0
281;0
282;0
283;0
284;0
285;0
286;0
287;0
288;0
289;0
290;0
291;0
292;0
293;0
294;0
295;0
296;0
297;2
298;0
299;0
300;1
301;0
302;0
303;2
304;0
305;0
306;0
307;2
308;1
309;0
310;0
311;2
312;2
313;0
314;2
315;2
316;0
317;0
318;2
319;0
320;2
321;0
322;2
323;0
324;1
325;0
326;2
327;2
328;1
329;0
330;0
331;2
332;2
333;0
334;0
335;1
336;0
337;0
338;2
339;0
340;0
341;0
342;2
343;2
344;1
345;0
346;0
347;0
348;0
349;0
350;0
351;0
352;1
353;0
354;0
355;2
356;1
357;2
358;2
359;2
360;2
361;0
362;2
363;0
364;0
365;0
366;0
367;1
368;0
369;0
370;0
371;2
372;0
373;0
374;0
375;0
376;0
377;0
378;0
379;2
380;1
381;0
382;2
383;2
384;1
385;0
386;0
387;2
388;2
389;0
390;0
391;2
392;2
393;0
394;0
395;0
396;2
397;0
398;0
399;0
400;1
401;1
402;0
403;0
404;0
405;0
406;0
407;2
408;1
409;0
410;0
411;1
412;1
413;1
414;1
415;0
416;0
417;2
418;1
419;0
420;2
421;0
422;0
423;0
424;0
425;0
426;2
427;2
428;1
429;0
430;0
431;2
432;4
433;0
434;2
435;2
436;2
437;0
438;2
439;0
440;1
441;0
442;0
443;0
444;2
445;2
446;0
447;2
448;2
449;0
450;2
451;0
452;0
453;0
454;0
455;1
456;0
457;0
458;0
459;0
460;0
461;0
462;0
463;0
464;2
465;2
466;1
467;2
468;0
469;2
470;0
471;0
472;1
473;0
474;0
475;2
476;2
477;0
478;0
479;0
480;2
481;0
482;2
483;2
484;2
485;0
486;0
487;0
488;1
489;0
490;2
491;0
492;1
493;0
494;0
495;2
496;0
497;0
498;2
499;0
500;0
501;0
502;2
503;0
504;0
505;0
506;0
507;0
508;0
509;0
510;0
511;1
512;0
513;0
514;0
515;0
516;2
517;1
518;0
519;0
520;0
521;0
522;0
523;0
524;1
525;0
526;1
527;0
528;0
529;0
530;0
531;2
532;2
533;0
534;2
535;2
536;2
537;0
538;0
539;0
540;2
541;2
542;1
543;0
544;0
545;2
546;0
547;0
548;0
549;0
550;1
551;0
552;2
553;1
554;0
555;2
556;0
557;2
558;0
559;1
560;0
561;0
562;0
563;2
564;2
565;0
566;0
567;0
568;0
569;0
570;2
571;0
572;2
573;2
574;2
575;2
576;1
577;0
578;0
579;2
580;2
581;0
582;2
583;1
584;0
585;0
586;2
587;0
588;2
589;1
590;0
591;1
592;0
593;2
594;0
595;2
596;1
597;0
598;0
599;0
600;2
601;0
602;0
603;0
604;0
605;0
606;0
607;2
608;1
609;0
610;0
611;2
612;2
613;2
614;2
615;2
616;2
617;0
618;2
619;0
620;1
621;0
622;0
623;0
624;1
625;0
626;2
627;2
628;4
629;0
630;2
631;2
632;0
633;2
634;2
635;0
636;1
637;0
638;0
639;0
640;2
641;0
642;0
643;0
644;0
645;0
646;0
647;0
648;0
649;0
650;0
651;0
652;2
653;0
654;0
655;2
656;1
657;0
658;2
659;0
660;0
661;2
662;0
663;0
664;0
665;0
666;0
667;1
668;1
669;0
670;2
671;2
672;1
673;0
674;0
675;2
676;4
677;0
678;2
679;2
680;2
681;0
682;2
683;0
684;2
685;0
686;2
687;0
688;2
689;0
690;0
691;0
692;0
693;0
694;0
695;0
696;2
697;0
698;0
699;0
700;0
701;2
702;2
703;2
704;1
705;0
706;0
707;2
708;1
709;0
710;0
711;2
712;4
713;0
714;2
715;2
716;2
717;0
718;2
719;0
720;1
721;0
722;0
723;2
724;0
725;2
726;2
727;0
728;0
729;2
730;0
731;2
732;2
733;0
734;1
735;0
736;0
737;0
738;1
739;0
740;1
741;0
742;0
743;0
744;4
745;0
746;2
747;2
748;2
749;0
750;0
751;0
752;2
753;0
754;0
755;1
756;0
757;0
758;2
759;0
760;0
761;0
762;0
763;2
764;2
765;2
766;2
767;1
768;2
769;0
770;2
771;0
772;0
773;1
774;0
775;0
776;2
777;0
778;0
779;0
780;0
781;0
782;1
783;0
784;0
785;0
786;0
787;0
788;0
789;0
790;0
791;0
792;2
793;0
794;2
795;2
796;0
797;1
798;0
799;0
800;1
801;0
802;0
803;2
804;2
805;1
806;2
807;0
808;1
809;0
810;0
811;2
812;0
813;0
814;2
815;2
816;1
817;0
818;0
819;2
820;4
821;0
822;1
823;2
824;0
825;0
826;2
827;0
828;1
829;1
830;1
831;0
832;0
833;0
834;0
835;0
836;0
837;0
838;1
839;0
840;2
841;0
842;2
843;2
844;2
845;0
846;2
847;1
848;2
849;0
850;0
851;0
852;2
853;0
854;2
855;2
856;2
857;0
858;2
859;0
860;2
861;2
862;2
863;0
864;0
865;2
866;0
867;0
868;0
869;1
870;1
871;0
872;0
873;0
874;0
875;1
876;0
877;0
878;0
879;0
880;0
881;0
882;0
883;0
884;0
885;0
886;0
887;2
888;1
889;1
890;2
891;2
892;2
893;0
894;0
895;1
896;1
897;0
898;0
899;1
900;0
901;0
902;2
903;2
904;1
905;0
906;0
907;2
908;2
909;0
910;2
911;2
912;0
913;0
914;0
915;0
916;2
917;0
918;0
919;0
920;0
921;0
922;0
923;0
924;0
925;2
926;0
927;1
928;0
929;0
930;2
931;0
932;0
933;0
934;0
935;0
936;1
937;1
938;0
939;2
940;2
941;2
942;2
943;2
944;0
945;0
946;2
947;0
948;0
949;0
950;1
951;1
952;0
953;1
954;0
955;0
956;0
957;1
958;0
959;0
960;1
961;0
962;0
963;1
964;0
965;0
966;2
967;2
968;0
969;0
970;2
971;2
972;0
973;0
974;0
975;0
976;4
977;0
978;2
979;2
980;1
981;0
982;0
983;0
984;2
985;2
986;2
987;0
988;0
989;0
990;0
991;0
992;1
993;0
994;0
995;0
996;0
997;0
998;0
999;0
1000;0
1001;2
1002;0
1003;2
1004;0
1005;0
1006;0
1007;0
1008;1
1009;0
1010;0
1011;0
1012;0
1013;0
1014;1
1015;1
1016;0
1017;0
1018;0
1019;0
1020;0
1021;0
1022;0
1023;0
