0;1
1;0
2;0
3;0
4;1
5;0
6;2
7;1
8;0
9;0
10;2
11;0
12;2
13;0
14;0
15;0
16;0
17;1
18;0
19;0
20;0
21;2
22;2
23;0
24;1
25;1
26;0
27;2
28;1
29;0
30;0
31;2
32;0
33;0
34;0
35;0
36;0
37;1
38;0
39;0
40;0
41;0
42;0
43;0
44;2
45;0
46;0
47;0
48;1
49;0
50;0
51;0
52;0
53;0
54;0
55;0
56;0
57;1
58;0
59;2
60;1
61;0
62;0
63;0
64;0
65;0
66;0
67;2
68;2
69;0
70;1
71;0
72;1
73;0
74;0
75;0
76;0
77;0
78;0
79;0
80;2
81;0
82;2
83;0
84;0
85;2
86;0
87;0
88;0
89;2
90;0
91;0
92;0
93;1
94;0
95;2
96;0
97;1
98;0
99;0
100;1
101;0
102;0
103;0
104;0
105;2
106;0
107;0
108;0
109;2
110;0
111;0
112;0
113;0
114;0
115;0
116;0
117;2
118;1
119;0
120;0
121;1
122;1
123;0
124;1
125;0
126;0
127;0
128;2
129;0
130;2
131;0
132;0
133;0
134;0
135;0
136;0
137;2
138;2
139;2
140;1
141;0
142;2
143;0
144;0
145;0
146;0
147;0
148;0
149;0
150;2
151;0
152;1
153;0
154;1
155;0
156;0
157;0
158;0
159;0
160;2
161;0
162;0
163;0
164;0
165;0
166;0
167;0
168;0
169;0
170;0
171;2
172;0
173;0
174;0
175;0
176;1
177;0
178;2
179;2
180;1
181;0
182;0
183;2
184;2
185;0
186;2
187;0
188;2
189;0
190;0
191;0
192;0
193;0
194;0
195;0
196;0
197;2
198;2
199;2
200;2
201;0
202;2
203;0
204;0
205;0
206;0
207;0
208;1
209;0
210;0
211;0
212;0
213;0
214;0
215;2
216;1
217;0
218;0
219;0
220;0
221;2
222;0
223;2
224;0
225;0
226;0
227;0
228;0
229;0
230;0
231;0
232;0
233;2
234;1
235;2
236;2
237;2
238;0
239;2
240;1
241;0
242;1
243;0
244;2
245;0
246;0
247;0
248;2
249;0
250;2
251;2
252;0
253;0
254;0
255;0
256;1
257;0
258;2
259;2
260;0
261;0
262;0
263;2
264;4
265;0
266;2
267;2
268;2
269;0
270;2
271;0
272;2
273;2
274;0
275;2
276;1
277;0
278;0
279;1
280;0
281;0
282;0
283;0
284;0
285;0
286;0
287;2
288;0
289;1
290;0
291;0
292;2
293;0
294;0
295;0
296;1
297;0
298;1
299;1
300;0
301;0
302;0
303;2
304;2
305;2
306;2
307;2
308;2
309;0
310;1
311;0
312;1
313;0
314;0
315;0
316;0
317;1
318;1
319;0
320;0
321;0
322;0
323;0
324;0
325;0
326;0
327;0
328;0
329;0
330;0
331;1
332;4
333;0
334;0
335;0
336;2
337;0
338;0
339;0
340;1
341;0
342;0
343;0
344;2
345;0
346;0
347;0
348;2
349;0
350;0
351;2
352;2
353;0
354;0
355;0
356;1
357;0
358;0
359;0
360;2
361;0
362;0
363;0
364;0
365;0
366;2
367;0
368;2
369;2
370;2
371;1
372;0
373;0
374;1
375;0
376;0
377;0
378;0
379;2
380;2
381;0
382;2
383;2
384;2
385;0
386;0
387;0
388;2
389;0
390;0
391;0
392;0
393;1
394;0
395;0
396;0
397;1
398;0
399;0
400;2
401;2
402;2
403;2
404;0
405;1
406;0
407;0
408;0
409;0
410;0
411;0
412;0
413;2
414;1
415;2
416;2
417;0
418;0
419;0
420;2
421;2
422;2
423;2
424;1
425;0
426;0
427;2
428;2
429;0
430;2
431;2
432;2
433;2
434;2
435;0
436;0
437;0
438;1
439;0
440;2
441;2
442;2
443;2
444;2
445;0
446;2
447;0
448;0
449;0
450;0
451;0
452;1
453;2
454;0
455;0
456;0
457;2
458;1
459;0
460;0
461;0
462;2
463;0
464;2
465;0
466;0
467;2
468;2
469;0
470;0
471;0
472;0
473;0
474;2
475;0
476;0
477;0
478;0
479;0
480;0
481;2
482;1
483;0
484;1
485;0
486;0
487;0
488;1
489;0
490;1
491;0
492;2
493;2
494;2
495;2
496;0
497;0
498;0
499;1
500;0
501;1
502;0
503;0
504;0
505;0
506;0
507;0
508;0
509;0
510;0
511;1
512;0
513;0
514;0
515;0
516;0
517;0
518;2
519;2
520;2
521;2
522;0
523;0
524;0
525;0
526;0
527;0
528;0
529;0
530;0
531;0
532;0
533;1
534;0
535;2
536;0
537;0
538;1
539;0
540;0
541;0
542;0
543;0
544;2
545;2
546;2
547;2
548;2
549;2
550;2
551;0
552;2
553;0
554;2
555;0
556;0
557;0
558;0
559;0
560;0
561;0
562;2
563;2
564;1
565;0
566;0
567;2
568;4
569;0
570;2
571;2
572;2
573;0
574;2
575;0
576;2
577;2
578;1
579;2
580;2
581;1
582;0
583;0
584;0
585;0
586;1
587;0
588;1
589;0
590;2
591;1
592;0
593;0
594;1
595;0
596;0
597;0
598;0
599;0
600;1
601;0
602;0
603;0
604;0
605;2
606;2
607;0
608;1
609;0
610;0
611;0
612;1
613;0
614;0
615;2
616;2
617;0
618;1
619;0
620;0
621;2
622;0
623;0
624;2
625;2
626;1
627;0
628;2
629;0
630;0
631;0
632;2
633;0
634;2
635;0
636;0
637;0
638;0
639;1
640;0
641;2
642;2
643;2
644;0
645;0
646;0
647;0
648;2
649;1
650;0
651;0
652;0
653;1
654;0
655;0
656;2
657;2
658;0
659;0
660;1
661;0
662;1
663;0
664;0
665;0
666;0
667;1
668;0
669;0
670;0
671;2
672;4
673;0
674;2
675;0
676;0
677;0
678;0
679;0
680;2
681;0
682;0
683;1
684;4
685;0
686;0
687;0
688;2
689;1
690;2
691;2
692;2
693;0
694;0
695;0
696;1
697;0
698;0
699;0
700;1
701;0
702;0
703;0
704;0
705;0
706;0
707;0
708;0
709;0
710;0
711;0
712;0
713;0
714;2
715;2
716;1
717;0
718;0
719;0
720;4
721;0
722;2
723;2
724;2
725;0
726;0
727;0
728;2
729;1
730;0
731;0
732;0
733;0
734;0
735;2
736;1
737;0
738;2
739;2
740;1
741;0
742;0
743;2
744;4
745;0
746;2
747;0
748;2
749;2
750;2
751;0
752;1
753;0
754;1
755;0
756;0
757;0
758;0
759;0
760;1
761;0
762;0
763;0
764;0
765;0
766;1
767;0
768;0
769;0
770;0
771;1
772;0
773;0
774;2
775;1
776;0
777;0
778;0
779;2
780;2
781;0
782;0
783;1
784;2
785;0
786;2
787;0
788;0
789;2
790;0
791;0
792;0
793;0
794;0
795;0
796;0
797;1
798;1
799;0
800;0
801;0
802;1
803;0
804;2
805;0
806;0
807;0
808;1
809;0
810;0
811;0
812;1
813;0
814;0
815;0
816;0
817;0
818;0
819;0
820;0
821;2
822;2
823;2
824;1
825;0
826;0
827;0
828;1
829;1
830;2
831;2
832;2
833;0
834;0
835;0
836;2
837;1
838;0
839;0
840;0
841;2
842;0
843;0
844;0
845;4
846;0
847;1
848;1
849;2
850;2
851;2
852;2
853;2
854;2
855;2
856;1
857;0
858;2
859;0
860;2
861;0
862;0
863;2
864;0
865;0
866;2
867;0
868;0
869;0
870;1
871;0
872;1
873;2
874;1
875;0
876;0
877;0
878;0
879;0
880;0
881;0
882;0
883;0
884;0
885;0
886;0
887;0
888;2
889;0
890;0
891;0
892;0
893;0
894;0
895;0
896;1
897;0
898;0
899;2
900;2
901;2
902;2
903;2
904;2
905;2
906;2
907;0
908;2
909;2
910;2
911;2
912;2
913;0
914;0
915;0
916;1
917;0
918;0
919;0
920;0
921;2
922;0
923;2
924;0
925;2
926;0
927;0
928;0
929;0
930;2
931;2
932;2
933;2
934;0
935;0
936;1
937;0
938;2
939;2
940;0
941;0
942;0
943;0
944;1
945;0
946;1
947;0
948;2
949;1
950;0
951;0
952;1
953;0
954;0
955;0
956;2
957;1
958;2
959;0
960;1
961;0
962;0
963;0
964;0
965;1
966;0
967;2
968;1
969;0
970;2
971;2
972;1
973;0
974;0
975;1
976;1
977;2
978;2
979;0
980;2
981;2
982;2
983;0
984;1
985;0
986;0
987;0
988;1
989;0
990;0
991;0
992;0
993;0
994;0
995;1
996;2
997;0
998;1
999;0
1000;1
1001;1
1002;2
1003;0
1004;1
1005;0
1006;0
1007;0
1008;2
1009;2
1010;2
1011;0
1012;0
1013;0
1014;0
1015;0
1016;0
1017;0
1018;0
1019;0
1020;0
1021;0
1022;0
1023;0
