0;0
1;0
2;0
3;2
4;1
5;2
6;2
7;2
8;2
9;1
10;0
11;0
12;1
13;0
14;1
15;0
16;0
17;2
18;1
19;1
20;0
21;2
22;0
23;2
24;1
25;0
26;0
27;0
28;2
29;0
30;0
31;0
32;1
33;2
34;2
35;0
36;2
37;1
38;1
39;0
40;2
41;0
42;2
43;0
44;2
45;0
46;1
47;0
48;1
49;2
50;0
51;0
52;1
53;0
54;2
55;0
56;0
57;0
58;0
59;2
60;4
61;0
62;2
63;1
64;0
65;0
66;2
67;0
68;1
69;0
70;0
71;0
72;1
73;0
74;1
75;0
76;2
77;0
78;0
79;0
80;0
81;2
82;0
83;0
84;0
85;2
86;0
87;1
88;1
89;0
90;2
91;2
92;2
93;0
94;0
95;2
96;0
97;0
98;0
99;0
100;1
101;0
102;0
103;2
104;2
105;2
106;1
107;0
108;0
109;0
110;0
111;0
112;0
113;2
114;1
115;0
116;0
117;0
118;0
119;1
120;0
121;0
122;0
123;0
124;0
125;0
126;2
127;2
128;2
129;2
130;0
131;0
132;0
133;0
134;2
135;2
136;2
137;0
138;0
139;0
140;0
141;2
142;1
143;0
144;2
145;2
146;0
147;0
148;0
149;0
150;0
151;0
152;2
153;0
154;2
155;0
156;2
157;0
158;0
159;0
160;0
161;2
162;2
163;0
164;2
165;0
166;1
167;0
168;2
169;0
170;1
171;0
172;0
173;0
174;0
175;0
176;1
177;0
178;0
179;0
180;0
181;0
182;0
183;0
184;1
185;0
186;1
187;0
188;0
189;2
190;0
191;2
192;1
193;0
194;1
195;0
196;0
197;0
198;0
199;0
200;0
201;1
202;1
203;0
204;1
205;0
206;0
207;0
208;2
209;0
210;0
211;0
212;0
213;0
214;2
215;0
216;0
217;0
218;0
219;1
220;0
221;0
222;0
223;0
224;2
225;2
226;0
227;0
228;0
229;0
230;1
231;0
232;2
233;0
234;0
235;0
236;2
237;0
238;0
239;2
240;2
241;0
242;2
243;0
244;0
245;0
246;0
247;0
248;0
249;0
250;2
251;0
252;0
253;2
254;0
255;1
256;1
257;2
258;0
259;0
260;1
261;1
262;1
263;0
264;2
265;0
266;2
267;0
268;0
269;0
270;1
271;0
272;0
273;0
274;2
275;0
276;0
277;2
278;0
279;2
280;0
281;0
282;1
283;0
284;2
285;0
286;1
287;0
288;0
289;0
290;2
291;0
292;0
293;0
294;0
295;0
296;2
297;0
298;0
299;0
300;0
301;0
302;0
303;0
304;2
305;0
306;0
307;1
308;0
309;1
310;0
311;0
312;2
313;0
314;1
315;0
316;0
317;0
318;0
319;0
320;2
321;2
322;2
323;2
324;1
325;0
326;0
327;0
328;0
329;2
330;1
331;0
332;0
333;1
334;0
335;1
336;2
337;1
338;0
339;2
340;2
341;2
342;2
343;1
344;0
345;0
346;0
347;2
348;1
349;1
350;1
351;0
352;2
353;0
354;0
355;0
356;0
357;0
358;0
359;2
360;0
361;1
362;0
363;2
364;1
365;0
366;2
367;2
368;2
369;2
370;1
371;0
372;0
373;2
374;0
375;2
376;0
377;0
378;1
379;0
380;0
381;0
382;0
383;2
384;0
385;0
386;0
387;0
388;0
389;0
390;0
391;0
392;0
393;0
394;1
395;0
396;0
397;0
398;0
399;0
400;0
401;0
402;2
403;0
404;2
405;2
406;0
407;0
408;2
409;0
410;0
411;0
412;2
413;2
414;0
415;0
416;0
417;0
418;2
419;1
420;0
421;1
422;0
423;2
424;1
425;1
426;0
427;2
428;2
429;1
430;0
431;2
432;2
433;0
434;1
435;0
436;0
437;1
438;0
439;0
440;0
441;2
442;0
443;0
444;1
445;0
446;1
447;0
448;0
449;0
450;0
451;0
452;0
453;0
454;0
455;0
456;0
457;2
458;0
459;0
460;0
461;0
462;0
463;0
464;0
465;0
466;2
467;2
468;1
469;0
470;1
471;0
472;0
473;0
474;0
475;0
476;0
477;0
478;1
479;0
480;0
481;0
482;0
483;2
484;2
485;0
486;0
487;0
488;1
489;0
490;0
491;0
492;1
493;0
494;1
495;0
496;1
497;0
498;0
499;2
500;2
501;0
502;2
503;2
504;2
505;0
506;2
507;2
508;2
509;0
510;0
511;0
512;0
513;0
514;0
515;1
516;1
517;0
518;2
519;2
520;0
521;0
522;1
523;0
524;0
525;2
526;2
527;2
528;0
529;0
530;2
531;2
532;0
533;2
534;1
535;0
536;0
537;0
538;0
539;0
540;1
541;0
542;0
543;0
544;0
545;0
546;1
547;1
548;0
549;0
550;0
551;0
552;1
553;0
554;2
555;0
556;0
557;1
558;0
559;2
560;2
561;2
562;2
563;0
564;0
565;0
566;1
567;0
568;0
569;2
570;2
571;1
572;2
573;0
574;1
575;0
576;1
577;0
578;0
579;0
580;0
581;0
582;0
583;0
584;2
585;0
586;0
587;0
588;1
589;0
590;0
591;0
592;0
593;1
594;0
595;0
596;1
597;0
598;0
599;0
600;1
601;0
602;0
603;0
604;2
605;0
606;0
607;0
608;1
609;0
610;2
611;0
612;0
613;0
614;0
615;2
616;2
617;0
618;2
619;2
620;2
621;0
622;2
623;0
624;2
625;0
626;0
627;0
628;2
629;0
630;1
631;0
632;0
633;2
634;2
635;0
636;0
637;2
638;2
639;0
640;2
641;2
642;0
643;2
644;1
645;1
646;2
647;0
648;1
649;1
650;0
651;0
652;0
653;0
654;0
655;0
656;0
657;0
658;0
659;0
660;0
661;0
662;0
663;2
664;0
665;0
666;0
667;0
668;0
669;0
670;2
671;0
672;0
673;0
674;0
675;0
676;2
677;0
678;0
679;0
680;0
681;0
682;1
683;0
684;2
685;0
686;0
687;0
688;0
689;0
690;0
691;2
692;1
693;0
694;1
695;2
696;1
697;0
698;0
699;0
700;0
701;0
702;0
703;2
704;0
705;1
706;0
707;0
708;0
709;0
710;0
711;0
712;0
713;0
714;0
715;0
716;0
717;0
718;0
719;0
720;0
721;0
722;0
723;1
724;0
725;1
726;0
727;0
728;0
729;2
730;1
731;0
732;0
733;2
734;1
735;0
736;2
737;0
738;2
739;2
740;0
741;2
742;1
743;0
744;0
745;0
746;0
747;0
748;1
749;0
750;1
751;0
752;0
753;0
754;0
755;0
756;0
757;2
758;0
759;0
760;1
761;0
762;0
763;0
764;0
765;0
766;0
767;2
768;0
769;0
770;0
771;0
772;0
773;2
774;2
775;0
776;0
777;0
778;1
779;0
780;0
781;0
782;2
783;0
784;0
785;0
786;0
787;0
788;0
789;0
790;0
791;1
792;0
793;0
794;0
795;1
796;0
797;0
798;0
799;0
800;0
801;0
802;1
803;0
804;1
805;1
806;0
807;0
808;0
809;2
810;2
811;0
812;1
813;0
814;0
815;0
816;2
817;0
818;0
819;0
820;0
821;0
822;0
823;0
824;0
825;2
826;2
827;2
828;2
829;0
830;0
831;0
832;0
833;2
834;1
835;2
836;1
837;0
838;1
839;2
840;2
841;0
842;1
843;0
844;0
845;2
846;0
847;0
848;0
849;2
850;1
851;0
852;0
853;0
854;0
855;1
856;0
857;2
858;2
859;0
860;0
861;0
862;0
863;0
864;1
865;0
866;0
867;0
868;0
869;0
870;2
871;0
872;0
873;1
874;2
875;1
876;0
877;1
878;0
879;1
880;1
881;0
882;0
883;2
884;0
885;0
886;0
887;2
888;1
889;1
890;1
891;2
892;2
893;0
894;0
895;2
896;1
897;0
898;1
899;0
900;0
901;0
902;0
903;0
904;1
905;0
906;1
907;0
908;0
909;1
910;0
911;1
912;2
913;0
914;2
915;2
916;2
917;0
918;2
919;0
920;0
921;0
922;2
923;2
924;0
925;0
926;0
927;0
928;2
929;1
930;0
931;2
932;2
933;2
934;1
935;1
936;2
937;0
938;1
939;0
940;2
941;2
942;2
943;2
944;2
945;0
946;2
947;0
948;0
949;2
950;2
951;1
952;0
953;0
954;0
955;0
956;2
957;0
958;0
959;0
960;0
961;0
962;1
963;0
964;0
965;1
966;0
967;0
968;0
969;2
970;1
971;0
972;2
973;0
974;1
975;0
976;0
977;0
978;0
979;0
980;0
981;0
982;2
983;2
984;1
985;0
986;0
987;2
988;0
989;0
990;0
991;0
992;0
993;0
994;0
995;2
996;0
997;0
998;0
999;0
1000;0
1001;0
1002;0
1003;0
1004;0
1005;0
1006;2
1007;1
1008;0
1009;2
1010;0
1011;0
1012;0
1013;0
1014;0
1015;1
1016;0
1017;0
1018;0
1019;0
1020;0
1021;0
1022;0
1023;0
