0;1
1;0
2;0
3;2
4;4
5;0
6;2
7;2
8;0
9;1
10;0
11;1
12;1
13;0
14;2
15;0
16;0
17;1
18;2
19;2
20;2
21;2
22;0
23;2
24;1
25;0
26;0
27;0
28;0
29;0
30;0
31;0
32;1
33;2
34;2
35;0
36;2
37;1
38;1
39;0
40;1
41;0
42;1
43;0
44;2
45;0
46;0
47;1
48;0
49;2
50;0
51;2
52;2
53;0
54;0
55;0
56;0
57;0
58;0
59;0
60;1
61;1
62;0
63;0
64;0
65;0
66;0
67;0
68;0
69;0
70;0
71;0
72;1
73;0
74;0
75;0
76;2
77;2
78;2
79;2
80;2
81;0
82;0
83;2
84;0
85;0
86;0
87;0
88;1
89;0
90;0
91;2
92;2
93;0
94;0
95;1
96;0
97;0
98;0
99;0
100;0
101;0
102;2
103;1
104;0
105;0
106;0
107;0
108;0
109;0
110;0
111;0
112;0
113;0
114;2
115;2
116;1
117;0
118;0
119;1
120;1
121;0
122;2
123;2
124;2
125;0
126;2
127;0
128;2
129;2
130;0
131;0
132;0
133;2
134;1
135;0
136;0
137;0
138;0
139;0
140;0
141;0
142;2
143;2
144;0
145;0
146;0
147;0
148;0
149;0
150;0
151;0
152;1
153;1
154;2
155;1
156;1
157;0
158;0
159;0
160;0
161;2
162;2
163;0
164;2
165;0
166;2
167;2
168;0
169;0
170;0
171;0
172;0
173;0
174;0
175;0
176;1
177;1
178;0
179;0
180;0
181;0
182;1
183;0
184;2
185;0
186;0
187;1
188;0
189;2
190;2
191;0
192;2
193;0
194;0
195;1
196;0
197;0
198;0
199;1
200;0
201;0
202;1
203;0
204;2
205;2
206;1
207;0
208;2
209;0
210;0
211;0
212;0
213;0
214;1
215;0
216;0
217;0
218;0
219;0
220;0
221;2
222;0
223;0
224;2
225;0
226;0
227;0
228;0
229;0
230;0
231;0
232;0
233;2
234;0
235;0
236;2
237;0
238;0
239;1
240;0
241;2
242;0
243;2
244;1
245;1
246;2
247;1
248;0
249;0
250;0
251;0
252;0
253;0
254;1
255;0
256;0
257;0
258;2
259;0
260;0
261;0
262;2
263;0
264;0
265;0
266;0
267;2
268;4
269;0
270;2
271;2
272;2
273;0
274;0
275;0
276;1
277;0
278;0
279;1
280;0
281;0
282;2
283;1
284;1
285;0
286;1
287;0
288;1
289;0
290;0
291;2
292;4
293;0
294;2
295;1
296;2
297;0
298;2
299;0
300;2
301;2
302;0
303;2
304;0
305;0
306;0
307;0
308;0
309;0
310;0
311;0
312;0
313;0
314;0
315;2
316;2
317;0
318;0
319;1
320;0
321;0
322;0
323;0
324;0
325;0
326;0
327;1
328;0
329;0
330;0
331;0
332;2
333;2
334;2
335;2
336;1
337;0
338;0
339;0
340;0
341;1
342;0
343;2
344;0
345;1
346;0
347;2
348;2
349;2
350;1
351;0
352;1
353;0
354;0
355;0
356;1
357;0
358;0
359;0
360;2
361;1
362;1
363;0
364;2
365;0
366;0
367;0
368;0
369;2
370;0
371;2
372;0
373;1
374;0
375;2
376;2
377;2
378;2
379;2
380;2
381;0
382;0
383;0
384;0
385;2
386;0
387;0
388;0
389;0
390;0
391;1
392;0
393;0
394;2
395;2
396;0
397;0
398;0
399;0
400;0
401;0
402;0
403;0
404;0
405;0
406;1
407;0
408;0
409;2
410;0
411;0
412;0
413;0
414;2
415;0
416;2
417;2
418;0
419;0
420;2
421;0
422;0
423;0
424;0
425;0
426;0
427;2
428;2
429;0
430;2
431;2
432;2
433;1
434;0
435;2
436;0
437;1
438;0
439;0
440;2
441;1
442;0
443;2
444;2
445;0
446;2
447;2
448;1
449;0
450;0
451;2
452;0
453;0
454;2
455;2
456;2
457;2
458;0
459;0
460;2
461;1
462;0
463;0
464;1
465;0
466;0
467;1
468;0
469;0
470;0
471;0
472;0
473;2
474;2
475;2
476;2
477;0
478;2
479;1
480;0
481;1
482;0
483;0
484;2
485;0
486;1
487;1
488;1
489;0
490;0
491;0
492;0
493;2
494;2
495;2
496;0
497;0
498;0
499;0
500;2
501;0
502;0
503;0
504;2
505;0
506;0
507;0
508;1
509;0
510;0
511;0
512;1
513;2
514;0
515;0
516;0
517;0
518;0
519;2
520;0
521;0
522;2
523;2
524;1
525;0
526;0
527;2
528;2
529;0
530;2
531;2
532;2
533;0
534;0
535;2
536;0
537;0
538;0
539;0
540;0
541;0
542;0
543;2
544;2
545;2
546;0
547;0
548;1
549;0
550;0
551;0
552;0
553;2
554;2
555;0
556;0
557;0
558;2
559;1
560;0
561;0
562;0
563;1
564;0
565;0
566;0
567;0
568;1
569;0
570;0
571;0
572;0
573;2
574;1
575;1
576;0
577;0
578;0
579;0
580;1
581;0
582;2
583;2
584;0
585;2
586;2
587;2
588;2
589;2
590;2
591;0
592;0
593;0
594;2
595;1
596;0
597;2
598;2
599;1
600;0
601;0
602;0
603;0
604;0
605;0
606;0
607;0
608;0
609;0
610;0
611;0
612;2
613;2
614;0
615;0
616;1
617;0
618;0
619;0
620;0
621;2
622;0
623;0
624;1
625;0
626;0
627;0
628;1
629;0
630;0
631;0
632;2
633;0
634;0
635;0
636;2
637;0
638;0
639;0
640;2
641;0
642;0
643;0
644;2
645;0
646;1
647;0
648;0
649;0
650;2
651;1
652;0
653;0
654;0
655;2
656;2
657;2
658;0
659;0
660;2
661;1
662;1
663;0
664;1
665;1
666;0
667;1
668;0
669;0
670;0
671;0
672;0
673;0
674;0
675;0
676;2
677;0
678;0
679;2
680;0
681;0
682;0
683;0
684;0
685;1
686;0
687;0
688;0
689;2
690;0
691;0
692;0
693;0
694;0
695;0
696;0
697;0
698;2
699;2
700;0
701;2
702;0
703;0
704;1
705;0
706;0
707;2
708;1
709;0
710;1
711;0
712;1
713;0
714;2
715;0
716;0
717;0
718;0
719;2
720;0
721;1
722;0
723;1
724;0
725;0
726;0
727;0
728;0
729;0
730;0
731;0
732;1
733;0
734;0
735;0
736;0
737;0
738;0
739;0
740;0
741;0
742;0
743;0
744;0
745;2
746;0
747;0
748;0
749;1
750;0
751;0
752;2
753;0
754;2
755;2
756;0
757;0
758;0
759;1
760;0
761;0
762;0
763;0
764;1
765;0
766;2
767;2
768;1
769;0
770;0
771;2
772;4
773;2
774;2
775;2
776;2
777;0
778;2
779;0
780;1
781;0
782;0
783;0
784;0
785;0
786;0
787;0
788;0
789;0
790;1
791;0
792;1
793;0
794;0
795;0
796;0
797;0
798;0
799;0
800;0
801;0
802;2
803;1
804;2
805;2
806;1
807;0
808;1
809;0
810;2
811;2
812;2
813;0
814;0
815;2
816;4
817;0
818;0
819;2
820;2
821;0
822;0
823;0
824;2
825;2
826;2
827;2
828;0
829;0
830;1
831;0
832;0
833;0
834;2
835;0
836;0
837;2
838;0
839;2
840;0
841;0
842;0
843;1
844;0
845;0
846;0
847;0
848;0
849;0
850;0
851;0
852;0
853;0
854;1
855;0
856;0
857;1
858;0
859;0
860;0
861;2
862;2
863;0
864;1
865;0
866;1
867;0
868;2
869;1
870;0
871;0
872;0
873;0
874;0
875;0
876;2
877;2
878;2
879;2
880;1
881;0
882;0
883;0
884;0
885;2
886;1
887;2
888;1
889;0
890;1
891;2
892;2
893;1
894;0
895;1
896;0
897;0
898;2
899;2
900;1
901;0
902;0
903;0
904;2
905;0
906;0
907;2
908;2
909;0
910;2
911;0
912;0
913;0
914;0
915;0
916;0
917;0
918;2
919;0
920;0
921;0
922;0
923;0
924;1
925;1
926;0
927;0
928;0
929;2
930;0
931;0
932;0
933;1
934;1
935;0
936;0
937;1
938;0
939;1
940;1
941;0
942;0
943;2
944;0
945;2
946;2
947;2
948;0
949;1
950;0
951;1
952;0
953;0
954;0
955;2
956;0
957;0
958;0
959;0
960;0
961;0
962;0
963;0
964;2
965;2
966;0
967;0
968;0
969;0
970;0
971;1
972;0
973;0
974;1
975;1
976;0
977;0
978;1
979;0
980;4
981;0
982;1
983;0
984;0
985;2
986;2
987;2
988;2
989;1
990;2
991;1
992;0
993;2
994;2
995;2
996;2
997;0
998;0
999;0
1000;0
1001;0
1002;0
1003;0
1004;0
1005;0
1006;0
1007;2
1008;0
1009;1
1010;0
1011;0
1012;0
1013;0
1014;1
1015;1
1016;0
1017;0
1018;0
1019;0
1020;0
1021;0
1022;0
1023;0
