0;1
1;0
2;0
3;2
4;2
5;0
6;0
7;2
8;2
9;0
10;2
11;1
12;1
13;0
14;1
15;0
16;0
17;2
18;2
19;2
20;2
21;2
22;0
23;0
24;0
25;0
26;0
27;0
28;0
29;0
30;0
31;0
32;1
33;1
34;0
35;0
36;1
37;1
38;1
39;0
40;2
41;1
42;0
43;0
44;1
45;0
46;0
47;2
48;0
49;0
50;0
51;0
52;1
53;0
54;0
55;0
56;0
57;0
58;0
59;0
60;2
61;0
62;0
63;2
64;0
65;0
66;0
67;0
68;0
69;0
70;0
71;0
72;0
73;0
74;0
75;1
76;2
77;0
78;0
79;2
80;2
81;0
82;0
83;0
84;0
85;0
86;0
87;0
88;1
89;0
90;0
91;1
92;1
93;0
94;0
95;0
96;0
97;0
98;2
99;0
100;0
101;0
102;0
103;1
104;0
105;0
106;0
107;1
108;0
109;0
110;0
111;1
112;0
113;2
114;2
115;2
116;2
117;1
118;0
119;0
120;0
121;0
122;0
123;1
124;0
125;0
126;0
127;0
128;0
129;0
130;1
131;1
132;0
133;0
134;0
135;2
136;0
137;0
138;0
139;0
140;2
141;0
142;2
143;0
144;0
145;0
146;1
147;0
148;0
149;2
150;2
151;0
152;2
153;2
154;0
155;1
156;0
157;2
158;0
159;1
160;0
161;0
162;0
163;0
164;0
165;0
166;1
167;1
168;0
169;0
170;2
171;1
172;0
173;2
174;0
175;2
176;0
177;2
178;2
179;2
180;2
181;2
182;2
183;1
184;0
185;0
186;2
187;1
188;0
189;0
190;0
191;2
192;4
193;0
194;2
195;0
196;0
197;0
198;2
199;0
200;1
201;0
202;1
203;0
204;1
205;2
206;1
207;0
208;2
209;0
210;0
211;0
212;0
213;0
214;2
215;2
216;1
217;0
218;0
219;0
220;0
221;2
222;0
223;0
224;2
225;0
226;0
227;0
228;0
229;0
230;0
231;0
232;0
233;2
234;0
235;0
236;2
237;0
238;0
239;1
240;0
241;0
242;0
243;1
244;0
245;0
246;1
247;0
248;0
249;0
250;1
251;0
252;0
253;0
254;1
255;0
256;0
257;0
258;2
259;0
260;0
261;2
262;0
263;0
264;0
265;2
266;2
267;1
268;0
269;0
270;0
271;1
272;0
273;2
274;2
275;0
276;0
277;0
278;0
279;2
280;2
281;0
282;0
283;0
284;0
285;0
286;0
287;0
288;2
289;0
290;0
291;0
292;0
293;1
294;0
295;0
296;0
297;0
298;0
299;0
300;1
301;0
302;0
303;0
304;0
305;1
306;0
307;0
308;0
309;0
310;1
311;0
312;0
313;0
314;0
315;0
316;1
317;1
318;0
319;1
320;4
321;2
322;2
323;0
324;2
325;1
326;0
327;2
328;1
329;0
330;0
331;0
332;1
333;0
334;0
335;0
336;2
337;0
338;0
339;0
340;0
341;0
342;0
343;0
344;0
345;1
346;0
347;2
348;0
349;2
350;2
351;1
352;0
353;2
354;0
355;0
356;0
357;2
358;0
359;0
360;0
361;0
362;0
363;0
364;0
365;0
366;2
367;2
368;0
369;0
370;0
371;0
372;0
373;0
374;0
375;0
376;0
377;1
378;1
379;0
380;0
381;0
382;0
383;0
384;0
385;0
386;2
387;0
388;2
389;2
390;0
391;0
392;2
393;0
394;0
395;0
396;2
397;2
398;0
399;1
400;0
401;0
402;2
403;0
404;1
405;1
406;0
407;2
408;1
409;2
410;0
411;0
412;2
413;2
414;0
415;2
416;2
417;0
418;0
419;1
420;0
421;0
422;0
423;0
424;0
425;0
426;0
427;1
428;0
429;0
430;2
431;2
432;1
433;0
434;1
435;0
436;0
437;0
438;1
439;0
440;1
441;0
442;0
443;0
444;1
445;0
446;2
447;0
448;2
449;0
450;2
451;0
452;0
453;0
454;0
455;2
456;2
457;0
458;2
459;2
460;1
461;0
462;0
463;0
464;0
465;0
466;0
467;0
468;0
469;0
470;0
471;0
472;2
473;0
474;0
475;0
476;2
477;0
478;0
479;2
480;1
481;0
482;0
483;2
484;4
485;0
486;1
487;0
488;0
489;0
490;2
491;0
492;1
493;0
494;0
495;0
496;0
497;2
498;0
499;0
500;2
501;0
502;0
503;0
504;0
505;1
506;0
507;0
508;0
509;2
510;2
511;0
512;2
513;2
514;0
515;0
516;0
517;2
518;2
519;0
520;0
521;0
522;0
523;2
524;0
525;2
526;0
527;0
528;0
529;0
530;0
531;0
532;1
533;0
534;0
535;0
536;1
537;0
538;1
539;1
540;0
541;0
542;0
543;0
544;0
545;0
546;2
547;0
548;0
549;2
550;1
551;0
552;0
553;2
554;1
555;0
556;0
557;2
558;2
559;0
560;0
561;0
562;0
563;1
564;0
565;0
566;0
567;0
568;0
569;0
570;2
571;0
572;0
573;0
574;0
575;0
576;2
577;2
578;0
579;0
580;0
581;0
582;0
583;0
584;0
585;0
586;0
587;0
588;1
589;0
590;0
591;0
592;1
593;0
594;0
595;0
596;2
597;0
598;0
599;0
600;2
601;0
602;0
603;0
604;2
605;0
606;0
607;0
608;2
609;0
610;2
611;1
612;0
613;0
614;0
615;2
616;0
617;0
618;2
619;1
620;0
621;0
622;0
623;0
624;1
625;0
626;1
627;0
628;0
629;0
630;0
631;0
632;0
633;0
634;0
635;0
636;0
637;0
638;0
639;0
640;2
641;1
642;0
643;2
644;0
645;0
646;0
647;0
648;0
649;0
650;0
651;0
652;0
653;0
654;0
655;0
656;0
657;0
658;0
659;0
660;2
661;0
662;2
663;2
664;0
665;0
666;0
667;0
668;0
669;0
670;2
671;2
672;1
673;0
674;0
675;1
676;1
677;0
678;2
679;1
680;0
681;0
682;0
683;2
684;1
685;0
686;0
687;2
688;1
689;0
690;2
691;0
692;2
693;0
694;0
695;0
696;0
697;1
698;1
699;1
700;0
701;0
702;0
703;0
704;0
705;0
706;0
707;0
708;1
709;0
710;0
711;0
712;0
713;1
714;0
715;0
716;0
717;0
718;0
719;0
720;0
721;2
722;0
723;0
724;0
725;1
726;0
727;0
728;2
729;0
730;2
731;2
732;0
733;0
734;0
735;2
736;1
737;0
738;0
739;0
740;1
741;0
742;2
743;0
744;0
745;0
746;2
747;2
748;0
749;2
750;0
751;0
752;1
753;0
754;0
755;0
756;0
757;0
758;2
759;2
760;0
761;0
762;0
763;0
764;0
765;2
766;2
767;2
768;0
769;0
770;1
771;0
772;0
773;0
774;2
775;0
776;0
777;0
778;0
779;0
780;0
781;0
782;0
783;0
784;0
785;0
786;0
787;0
788;0
789;0
790;0
791;0
792;0
793;0
794;1
795;0
796;0
797;1
798;0
799;0
800;0
801;0
802;1
803;0
804;0
805;1
806;2
807;0
808;1
809;0
810;0
811;0
812;0
813;0
814;0
815;2
816;2
817;2
818;2
819;2
820;1
821;0
822;0
823;0
824;0
825;1
826;0
827;2
828;1
829;0
830;0
831;2
832;2
833;0
834;0
835;1
836;0
837;0
838;0
839;1
840;0
841;2
842;0
843;1
844;0
845;0
846;0
847;0
848;0
849;2
850;1
851;0
852;0
853;0
854;0
855;0
856;1
857;0
858;0
859;1
860;0
861;0
862;0
863;0
864;0
865;2
866;1
867;0
868;0
869;1
870;0
871;0
872;0
873;0
874;0
875;2
876;0
877;0
878;1
879;0
880;2
881;0
882;0
883;1
884;0
885;0
886;0
887;2
888;0
889;0
890;0
891;1
892;0
893;0
894;0
895;0
896;2
897;2
898;0
899;0
900;0
901;0
902;2
903;2
904;0
905;0
906;0
907;1
908;0
909;0
910;1
911;0
912;2
913;0
914;1
915;0
916;0
917;2
918;2
919;2
920;1
921;0
922;2
923;1
924;0
925;0
926;0
927;0
928;0
929;0
930;2
931;1
932;0
933;0
934;2
935;0
936;0
937;0
938;0
939;1
940;0
941;0
942;0
943;1
944;0
945;2
946;0
947;0
948;0
949;0
950;0
951;0
952;0
953;0
954;0
955;1
956;0
957;0
958;1
959;0
960;0
961;0
962;2
963;1
964;0
965;0
966;0
967;2
968;0
969;0
970;0
971;0
972;2
973;0
974;1
975;0
976;1
977;0
978;0
979;2
980;0
981;0
982;0
983;0
984;2
985;1
986;0
987;0
988;0
989;0
990;2
991;0
992;1
993;0
994;0
995;0
996;0
997;0
998;2
999;1
1000;0
1001;2
1002;0
1003;0
1004;0
1005;0
1006;0
1007;0
1008;2
1009;0
1010;0
1011;0
1012;1
1013;1
1014;1
1015;0
1016;0
1017;0
1018;0
1019;0
1020;0
1021;0
1022;0
1023;0
