0;1
1;0
2;0
3;2
4;4
5;0
6;0
7;2
8;0
9;0
10;2
11;0
12;2
13;0
14;1
15;0
16;0
17;1
18;0
19;0
20;0
21;1
22;1
23;0
24;0
25;0
26;0
27;0
28;2
29;0
30;0
31;0
32;0
33;0
34;0
35;0
36;0
37;1
38;0
39;0
40;0
41;0
42;0
43;1
44;0
45;0
46;0
47;0
48;0
49;0
50;0
51;2
52;2
53;0
54;2
55;2
56;1
57;0
58;0
59;0
60;0
61;0
62;2
63;2
64;2
65;0
66;0
67;1
68;1
69;0
70;0
71;0
72;2
73;0
74;0
75;0
76;0
77;2
78;0
79;0
80;1
81;0
82;0
83;0
84;0
85;0
86;0
87;0
88;0
89;0
90;0
91;0
92;1
93;0
94;0
95;0
96;2
97;1
98;0
99;0
100;4
101;0
102;0
103;0
104;0
105;0
106;0
107;0
108;2
109;0
110;2
111;0
112;0
113;0
114;0
115;2
116;2
117;2
118;2
119;0
120;0
121;0
122;2
123;0
124;1
125;0
126;0
127;0
128;0
129;0
130;0
131;1
132;0
133;0
134;0
135;0
136;0
137;1
138;0
139;0
140;0
141;0
142;0
143;0
144;0
145;2
146;0
147;2
148;1
149;0
150;0
151;0
152;0
153;0
154;0
155;0
156;1
157;0
158;0
159;0
160;0
161;2
162;0
163;0
164;2
165;1
166;0
167;0
168;2
169;0
170;0
171;0
172;2
173;0
174;0
175;1
176;0
177;0
178;0
179;2
180;0
181;0
182;0
183;2
184;0
185;0
186;0
187;0
188;0
189;1
190;0
191;0
192;1
193;0
194;1
195;0
196;1
197;0
198;0
199;2
200;2
201;0
202;0
203;2
204;0
205;0
206;0
207;0
208;0
209;0
210;0
211;0
212;2
213;0
214;0
215;0
216;2
217;0
218;1
219;0
220;0
221;0
222;0
223;0
224;1
225;0
226;0
227;2
228;1
229;0
230;2
231;2
232;1
233;1
234;1
235;2
236;1
237;2
238;0
239;2
240;2
241;0
242;2
243;1
244;0
245;0
246;1
247;0
248;0
249;0
250;0
251;1
252;2
253;1
254;1
255;0
256;0
257;2
258;1
259;1
260;1
261;0
262;0
263;0
264;0
265;0
266;0
267;0
268;0
269;2
270;0
271;0
272;0
273;0
274;0
275;1
276;0
277;0
278;0
279;2
280;1
281;0
282;0
283;0
284;2
285;0
286;2
287;0
288;0
289;0
290;0
291;0
292;2
293;0
294;0
295;1
296;0
297;0
298;0
299;0
300;0
301;1
302;0
303;0
304;0
305;0
306;2
307;2
308;0
309;2
310;0
311;0
312;0
313;0
314;0
315;0
316;0
317;0
318;2
319;1
320;0
321;1
322;0
323;0
324;0
325;0
326;1
327;0
328;0
329;0
330;2
331;2
332;2
333;0
334;0
335;0
336;2
337;0
338;2
339;0
340;0
341;0
342;0
343;0
344;0
345;1
346;0
347;0
348;0
349;0
350;0
351;0
352;0
353;0
354;2
355;2
356;0
357;0
358;0
359;0
360;2
361;0
362;2
363;1
364;0
365;0
366;2
367;0
368;2
369;2
370;0
371;2
372;0
373;2
374;0
375;0
376;0
377;2
378;2
379;1
380;1
381;0
382;0
383;0
384;1
385;0
386;0
387;1
388;2
389;0
390;2
391;0
392;0
393;2
394;0
395;0
396;2
397;1
398;0
399;0
400;0
401;0
402;0
403;0
404;0
405;0
406;1
407;0
408;2
409;2
410;2
411;0
412;0
413;2
414;2
415;0
416;2
417;0
418;0
419;2
420;2
421;2
422;0
423;0
424;0
425;0
426;0
427;0
428;0
429;0
430;0
431;2
432;1
433;2
434;0
435;0
436;2
437;0
438;0
439;2
440;0
441;0
442;1
443;0
444;1
445;0
446;0
447;2
448;2
449;2
450;0
451;0
452;0
453;1
454;0
455;0
456;0
457;0
458;0
459;0
460;2
461;1
462;2
463;0
464;2
465;0
466;0
467;2
468;0
469;2
470;0
471;2
472;0
473;1
474;0
475;0
476;2
477;2
478;0
479;0
480;0
481;0
482;2
483;0
484;0
485;2
486;1
487;2
488;0
489;0
490;0
491;0
492;1
493;0
494;1
495;2
496;1
497;0
498;0
499;0
500;0
501;4
502;2
503;0
504;0
505;2
506;0
507;0
508;0
509;1
510;1
511;0
512;2
513;0
514;1
515;0
516;2
517;2
518;0
519;0
520;2
521;0
522;0
523;0
524;0
525;0
526;0
527;2
528;0
529;0
530;0
531;0
532;0
533;2
534;1
535;0
536;0
537;0
538;0
539;1
540;0
541;0
542;0
543;0
544;0
545;1
546;0
547;0
548;2
549;0
550;0
551;0
552;0
553;0
554;0
555;0
556;0
557;2
558;2
559;0
560;2
561;0
562;2
563;1
564;0
565;0
566;0
567;0
568;0
569;0
570;0
571;0
572;1
573;0
574;1
575;0
576;0
577;1
578;1
579;0
580;0
581;0
582;1
583;0
584;0
585;0
586;0
587;0
588;1
589;0
590;0
591;0
592;0
593;1
594;0
595;2
596;0
597;0
598;2
599;0
600;0
601;1
602;2
603;0
604;2
605;1
606;1
607;0
608;0
609;0
610;0
611;0
612;0
613;0
614;0
615;0
616;0
617;2
618;2
619;2
620;2
621;0
622;2
623;0
624;2
625;0
626;0
627;0
628;0
629;0
630;0
631;0
632;0
633;1
634;0
635;0
636;0
637;0
638;1
639;0
640;2
641;0
642;0
643;0
644;0
645;0
646;0
647;0
648;0
649;0
650;0
651;0
652;0
653;1
654;0
655;0
656;0
657;0
658;0
659;0
660;2
661;0
662;2
663;2
664;0
665;0
666;0
667;0
668;1
669;1
670;0
671;2
672;2
673;0
674;2
675;1
676;0
677;2
678;2
679;0
680;2
681;2
682;2
683;2
684;2
685;2
686;1
687;0
688;0
689;0
690;0
691;0
692;2
693;2
694;0
695;0
696;1
697;0
698;2
699;0
700;0
701;0
702;0
703;2
704;0
705;2
706;0
707;0
708;0
709;1
710;1
711;0
712;1
713;0
714;0
715;0
716;2
717;2
718;0
719;1
720;0
721;0
722;2
723;2
724;1
725;0
726;2
727;2
728;2
729;2
730;2
731;0
732;0
733;0
734;0
735;0
736;2
737;0
738;0
739;0
740;0
741;1
742;0
743;0
744;0
745;2
746;2
747;2
748;0
749;0
750;1
751;0
752;0
753;0
754;0
755;0
756;0
757;0
758;0
759;0
760;0
761;1
762;0
763;0
764;2
765;2
766;0
767;0
768;0
769;0
770;2
771;0
772;0
773;1
774;0
775;0
776;2
777;0
778;2
779;2
780;0
781;1
782;2
783;0
784;0
785;0
786;0
787;0
788;1
789;0
790;0
791;1
792;0
793;2
794;0
795;2
796;0
797;2
798;0
799;0
800;0
801;0
802;0
803;0
804;0
805;0
806;0
807;0
808;0
809;0
810;0
811;0
812;0
813;0
814;0
815;0
816;0
817;0
818;0
819;0
820;0
821;0
822;0
823;2
824;0
825;1
826;0
827;0
828;0
829;2
830;1
831;0
832;0
833;1
834;0
835;0
836;2
837;2
838;2
839;0
840;0
841;2
842;0
843;0
844;0
845;0
846;0
847;2
848;2
849;0
850;0
851;1
852;0
853;0
854;2
855;1
856;0
857;0
858;0
859;2
860;0
861;0
862;0
863;2
864;2
865;0
866;2
867;0
868;2
869;0
870;0
871;0
872;0
873;0
874;1
875;0
876;0
877;0
878;0
879;0
880;0
881;0
882;0
883;0
884;2
885;0
886;0
887;0
888;0
889;1
890;1
891;0
892;0
893;2
894;2
895;0
896;2
897;1
898;0
899;0
900;1
901;0
902;2
903;0
904;0
905;0
906;0
907;0
908;2
909;0
910;0
911;0
912;0
913;0
914;1
915;0
916;0
917;0
918;1
919;0
920;0
921;0
922;0
923;1
924;0
925;0
926;0
927;0
928;2
929;0
930;2
931;0
932;0
933;0
934;0
935;0
936;0
937;0
938;0
939;0
940;1
941;0
942;0
943;0
944;2
945;0
946;0
947;0
948;0
949;0
950;1
951;0
952;0
953;0
954;0
955;0
956;0
957;0
958;2
959;0
960;0
961;2
962;4
963;0
964;0
965;0
966;0
967;0
968;2
969;2
970;1
971;0
972;0
973;2
974;2
975;2
976;2
977;1
978;0
979;2
980;2
981;0
982;0
983;2
984;0
985;2
986;2
987;1
988;0
989;2
990;0
991;0
992;1
993;0
994;0
995;2
996;1
997;0
998;0
999;0
1000;0
1001;2
1002;2
1003;2
1004;0
1005;0
1006;0
1007;2
1008;0
1009;0
1010;0
1011;0
1012;1
1013;1
1014;1
1015;1
1016;0
1017;0
1018;0
1019;0
1020;0
1021;0
1022;0
1023;0
