0;0
1;0
2;0
3;2
4;4
5;0
6;2
7;2
8;2
9;0
10;2
11;0
12;2
13;0
14;0
15;0
16;0
17;2
18;2
19;0
20;2
21;2
22;1
23;0
24;0
25;1
26;2
27;1
28;0
29;0
30;0
31;0
32;0
33;0
34;0
35;0
36;0
37;0
38;0
39;0
40;0
41;0
42;0
43;0
44;0
45;0
46;0
47;0
48;0
49;1
50;0
51;0
52;0
53;0
54;1
55;0
56;0
57;1
58;0
59;2
60;2
61;0
62;2
63;2
64;0
65;0
66;0
67;2
68;4
69;0
70;2
71;2
72;2
73;0
74;2
75;0
76;1
77;0
78;0
79;0
80;0
81;0
82;2
83;2
84;1
85;0
86;0
87;0
88;0
89;0
90;0
91;2
92;1
93;0
94;0
95;2
96;0
97;0
98;2
99;0
100;2
101;0
102;0
103;0
104;0
105;0
106;2
107;0
108;0
109;1
110;0
111;0
112;0
113;0
114;2
115;1
116;2
117;0
118;0
119;0
120;2
121;0
122;0
123;0
124;0
125;0
126;0
127;0
128;0
129;0
130;0
131;0
132;0
133;2
134;0
135;0
136;0
137;0
138;0
139;0
140;0
141;0
142;0
143;0
144;0
145;1
146;1
147;0
148;1
149;0
150;0
151;0
152;0
153;0
154;2
155;0
156;2
157;0
158;0
159;0
160;0
161;0
162;2
163;2
164;1
165;0
166;2
167;2
168;2
169;0
170;0
171;0
172;1
173;0
174;1
175;0
176;0
177;0
178;0
179;0
180;2
181;1
182;2
183;0
184;1
185;0
186;0
187;2
188;0
189;0
190;2
191;0
192;0
193;0
194;0
195;1
196;0
197;0
198;0
199;0
200;0
201;0
202;0
203;0
204;0
205;0
206;0
207;0
208;2
209;1
210;0
211;0
212;1
213;0
214;0
215;0
216;1
217;0
218;0
219;1
220;0
221;0
222;2
223;1
224;0
225;0
226;2
227;0
228;1
229;0
230;0
231;0
232;0
233;0
234;0
235;0
236;0
237;0
238;0
239;1
240;2
241;2
242;1
243;0
244;1
245;0
246;2
247;0
248;0
249;0
250;0
251;0
252;0
253;0
254;1
255;0
256;0
257;0
258;0
259;2
260;0
261;0
262;0
263;0
264;0
265;0
266;1
267;0
268;0
269;0
270;0
271;0
272;0
273;0
274;0
275;0
276;0
277;2
278;0
279;0
280;0
281;0
282;0
283;2
284;0
285;0
286;4
287;2
288;2
289;0
290;0
291;0
292;0
293;0
294;2
295;2
296;1
297;0
298;0
299;2
300;2
301;2
302;0
303;0
304;2
305;0
306;2
307;0
308;2
309;0
310;2
311;0
312;0
313;0
314;0
315;0
316;1
317;0
318;1
319;2
320;1
321;0
322;0
323;0
324;0
325;0
326;0
327;0
328;2
329;0
330;0
331;2
332;2
333;0
334;0
335;0
336;0
337;0
338;1
339;0
340;0
341;0
342;0
343;2
344;2
345;0
346;2
347;1
348;2
349;0
350;2
351;0
352;2
353;1
354;0
355;2
356;2
357;2
358;0
359;0
360;0
361;0
362;0
363;2
364;2
365;0
366;0
367;2
368;2
369;0
370;0
371;0
372;0
373;1
374;0
375;0
376;0
377;0
378;0
379;0
380;0
381;0
382;0
383;0
384;1
385;0
386;0
387;1
388;0
389;0
390;0
391;0
392;2
393;0
394;0
395;0
396;0
397;0
398;0
399;0
400;2
401;0
402;0
403;0
404;0
405;0
406;0
407;2
408;0
409;1
410;1
411;0
412;0
413;2
414;0
415;1
416;0
417;0
418;0
419;0
420;0
421;2
422;2
423;2
424;1
425;2
426;0
427;0
428;2
429;0
430;2
431;1
432;0
433;2
434;0
435;0
436;1
437;1
438;0
439;0
440;1
441;0
442;0
443;0
444;1
445;0
446;0
447;0
448;0
449;1
450;0
451;0
452;0
453;0
454;0
455;0
456;0
457;2
458;0
459;1
460;2
461;1
462;0
463;0
464;0
465;0
466;2
467;0
468;0
469;0
470;0
471;1
472;2
473;0
474;0
475;2
476;2
477;0
478;2
479;2
480;1
481;0
482;1
483;2
484;2
485;0
486;0
487;0
488;0
489;0
490;0
491;0
492;0
493;0
494;1
495;0
496;2
497;2
498;0
499;2
500;2
501;0
502;2
503;0
504;2
505;0
506;0
507;0
508;1
509;1
510;0
511;2
512;0
513;0
514;2
515;2
516;0
517;0
518;2
519;0
520;1
521;0
522;0
523;2
524;1
525;0
526;0
527;2
528;2
529;0
530;2
531;1
532;0
533;0
534;0
535;0
536;0
537;1
538;0
539;0
540;2
541;0
542;0
543;0
544;0
545;0
546;0
547;0
548;0
549;0
550;0
551;0
552;0
553;1
554;0
555;1
556;0
557;2
558;0
559;0
560;0
561;0
562;0
563;2
564;2
565;1
566;0
567;2
568;2
569;0
570;2
571;0
572;0
573;2
574;0
575;0
576;0
577;0
578;0
579;0
580;2
581;0
582;0
583;1
584;0
585;0
586;0
587;0
588;0
589;2
590;0
591;2
592;0
593;0
594;2
595;2
596;0
597;0
598;0
599;0
600;1
601;0
602;2
603;0
604;0
605;0
606;0
607;0
608;0
609;0
610;0
611;0
612;2
613;0
614;0
615;0
616;1
617;0
618;2
619;2
620;0
621;0
622;0
623;1
624;0
625;0
626;2
627;2
628;2
629;0
630;2
631;0
632;2
633;2
634;0
635;0
636;2
637;0
638;2
639;0
640;0
641;0
642;0
643;1
644;1
645;0
646;0
647;0
648;0
649;0
650;0
651;0
652;0
653;0
654;2
655;1
656;0
657;1
658;0
659;2
660;1
661;0
662;0
663;0
664;1
665;0
666;0
667;1
668;2
669;0
670;2
671;2
672;2
673;0
674;0
675;0
676;1
677;0
678;1
679;0
680;0
681;0
682;1
683;0
684;0
685;0
686;0
687;2
688;2
689;2
690;2
691;0
692;1
693;0
694;2
695;0
696;2
697;0
698;0
699;2
700;2
701;0
702;1
703;0
704;0
705;1
706;2
707;0
708;2
709;2
710;1
711;0
712;0
713;0
714;0
715;2
716;0
717;0
718;0
719;2
720;4
721;0
722;2
723;2
724;0
725;0
726;0
727;0
728;2
729;0
730;0
731;0
732;2
733;0
734;2
735;0
736;0
737;0
738;0
739;2
740;2
741;2
742;2
743;0
744;0
745;0
746;0
747;0
748;2
749;0
750;0
751;0
752;0
753;0
754;1
755;0
756;0
757;2
758;0
759;0
760;0
761;0
762;0
763;0
764;0
765;0
766;0
767;0
768;2
769;1
770;0
771;0
772;4
773;0
774;0
775;1
776;0
777;2
778;2
779;2
780;2
781;0
782;0
783;0
784;0
785;0
786;2
787;2
788;2
789;0
790;0
791;2
792;2
793;2
794;2
795;0
796;2
797;0
798;0
799;0
800;2
801;1
802;0
803;0
804;1
805;0
806;0
807;0
808;0
809;2
810;0
811;0
812;0
813;0
814;1
815;2
816;1
817;1
818;0
819;0
820;0
821;0
822;2
823;2
824;2
825;0
826;0
827;0
828;0
829;0
830;0
831;0
832;1
833;0
834;0
835;0
836;0
837;0
838;2
839;2
840;1
841;0
842;0
843;2
844;2
845;0
846;2
847;0
848;1
849;0
850;2
851;0
852;1
853;2
854;0
855;1
856;0
857;0
858;0
859;0
860;2
861;2
862;0
863;0
864;0
865;0
866;0
867;2
868;2
869;1
870;1
871;0
872;0
873;2
874;1
875;0
876;2
877;0
878;0
879;0
880;0
881;0
882;0
883;0
884;1
885;0
886;2
887;0
888;0
889;2
890;0
891;0
892;0
893;0
894;0
895;2
896;1
897;0
898;0
899;0
900;2
901;0
902;0
903;1
904;0
905;0
906;0
907;1
908;0
909;0
910;0
911;0
912;0
913;2
914;0
915;0
916;2
917;0
918;1
919;0
920;0
921;0
922;0
923;0
924;0
925;2
926;0
927;0
928;0
929;2
930;0
931;0
932;0
933;1
934;0
935;1
936;0
937;0
938;0
939;0
940;2
941;0
942;2
943;2
944;0
945;0
946;2
947;0
948;0
949;0
950;0
951;0
952;0
953;1
954;1
955;0
956;0
957;2
958;0
959;1
960;0
961;0
962;0
963;0
964;0
965;0
966;0
967;0
968;0
969;0
970;0
971;0
972;0
973;0
974;0
975;0
976;0
977;2
978;2
979;2
980;2
981;0
982;1
983;0
984;0
985;0
986;1
987;0
988;2
989;0
990;0
991;2
992;0
993;2
994;2
995;1
996;0
997;0
998;0
999;2
1000;1
1001;2
1002;0
1003;2
1004;0
1005;2
1006;1
1007;1
1008;0
1009;0
1010;2
1011;2
1012;0
1013;0
1014;0
1015;0
1016;0
1017;0
1018;0
1019;0
1020;0
1021;0
1022;0
1023;0
