0;1
1;0
2;0
3;2
4;2
5;0
6;2
7;0
8;2
9;0
10;2
11;2
12;2
13;0
14;0
15;0
16;0
17;2
18;2
19;2
20;2
21;2
22;1
23;0
24;1
25;1
26;2
27;2
28;2
29;0
30;0
31;2
32;0
33;0
34;0
35;0
36;0
37;0
38;0
39;1
40;0
41;0
42;1
43;0
44;2
45;2
46;0
47;0
48;0
49;0
50;0
51;0
52;0
53;0
54;0
55;0
56;0
57;1
58;0
59;2
60;0
61;0
62;0
63;0
64;0
65;0
66;0
67;1
68;0
69;0
70;2
71;2
72;1
73;0
74;0
75;0
76;0
77;0
78;0
79;0
80;2
81;0
82;2
83;1
84;1
85;2
86;0
87;0
88;0
89;2
90;2
91;1
92;0
93;0
94;0
95;1
96;0
97;0
98;0
99;0
100;0
101;0
102;1
103;0
104;0
105;0
106;0
107;2
108;0
109;0
110;0
111;2
112;4
113;0
114;2
115;2
116;2
117;0
118;2
119;0
120;1
121;2
122;0
123;0
124;1
125;2
126;0
127;0
128;0
129;0
130;0
131;0
132;0
133;0
134;0
135;0
136;0
137;0
138;1
139;0
140;1
141;0
142;0
143;0
144;2
145;0
146;2
147;0
148;0
149;0
150;0
151;0
152;0
153;2
154;2
155;2
156;1
157;0
158;2
159;0
160;0
161;0
162;0
163;0
164;0
165;0
166;1
167;0
168;1
169;0
170;0
171;2
172;1
173;2
174;2
175;2
176;4
177;0
178;2
179;0
180;1
181;0
182;0
183;2
184;2
185;0
186;1
187;0
188;0
189;0
190;0
191;1
192;0
193;0
194;0
195;0
196;0
197;0
198;0
199;0
200;0
201;0
202;2
203;2
204;1
205;0
206;0
207;2
208;4
209;0
210;2
211;2
212;2
213;0
214;2
215;0
216;1
217;0
218;0
219;0
220;0
221;0
222;0
223;0
224;0
225;0
226;0
227;1
228;0
229;0
230;2
231;1
232;2
233;2
234;1
235;0
236;2
237;0
238;2
239;0
240;0
241;0
242;0
243;0
244;0
245;0
246;0
247;0
248;0
249;0
250;0
251;2
252;1
253;0
254;0
255;0
256;0
257;2
258;2
259;2
260;0
261;0
262;0
263;0
264;1
265;0
266;0
267;0
268;0
269;2
270;2
271;0
272;2
273;4
274;0
275;2
276;0
277;0
278;2
279;2
280;2
281;2
282;0
283;0
284;0
285;0
286;2
287;1
288;0
289;0
290;0
291;0
292;2
293;1
294;0
295;2
296;1
297;0
298;0
299;0
300;0
301;1
302;0
303;0
304;1
305;0
306;2
307;0
308;0
309;0
310;2
311;2
312;1
313;0
314;2
315;2
316;2
317;0
318;2
319;0
320;0
321;2
322;0
323;0
324;1
325;0
326;0
327;0
328;0
329;0
330;0
331;0
332;0
333;0
334;0
335;0
336;0
337;0
338;0
339;0
340;0
341;1
342;1
343;2
344;0
345;0
346;0
347;0
348;0
349;0
350;0
351;2
352;1
353;0
354;0
355;1
356;0
357;0
358;0
359;0
360;2
361;2
362;0
363;0
364;0
365;0
366;2
367;2
368;1
369;0
370;0
371;2
372;4
373;0
374;2
375;2
376;2
377;0
378;2
379;0
380;2
381;0
382;0
383;0
384;0
385;0
386;0
387;0
388;0
389;0
390;0
391;1
392;0
393;0
394;1
395;0
396;4
397;0
398;0
399;0
400;2
401;2
402;2
403;2
404;1
405;0
406;0
407;0
408;2
409;1
410;0
411;0
412;0
413;0
414;0
415;0
416;1
417;0
418;0
419;1
420;0
421;2
422;2
423;2
424;2
425;1
426;0
427;0
428;0
429;0
430;0
431;0
432;0
433;0
434;2
435;2
436;2
437;2
438;0
439;2
440;2
441;0
442;0
443;2
444;0
445;0
446;0
447;0
448;0
449;0
450;2
451;2
452;2
453;2
454;2
455;0
456;2
457;0
458;2
459;0
460;2
461;0
462;0
463;0
464;1
465;2
466;0
467;0
468;0
469;0
470;2
471;1
472;0
473;0
474;2
475;2
476;1
477;0
478;0
479;2
480;4
481;0
482;1
483;2
484;1
485;0
486;2
487;0
488;2
489;0
490;2
491;2
492;0
493;0
494;0
495;0
496;1
497;0
498;0
499;0
500;0
501;2
502;0
503;0
504;2
505;0
506;0
507;0
508;0
509;2
510;2
511;1
512;0
513;0
514;0
515;1
516;0
517;0
518;0
519;0
520;2
521;2
522;2
523;2
524;2
525;0
526;0
527;1
528;0
529;2
530;0
531;0
532;0
533;0
534;0
535;1
536;0
537;0
538;0
539;1
540;1
541;0
542;0
543;0
544;0
545;2
546;2
547;2
548;2
549;2
550;0
551;0
552;0
553;0
554;0
555;1
556;0
557;0
558;0
559;0
560;0
561;0
562;1
563;1
564;0
565;0
566;0
567;2
568;4
569;0
570;2
571;2
572;2
573;2
574;2
575;0
576;1
577;1
578;0
579;0
580;1
581;0
582;0
583;2
584;2
585;0
586;0
587;0
588;2
589;2
590;2
591;2
592;2
593;2
594;2
595;0
596;1
597;0
598;0
599;0
600;1
601;0
602;0
603;2
604;2
605;0
606;2
607;0
608;2
609;0
610;2
611;0
612;1
613;0
614;0
615;2
616;0
617;0
618;0
619;2
620;0
621;0
622;2
623;0
624;0
625;0
626;0
627;0
628;0
629;1
630;0
631;2
632;0
633;0
634;0
635;0
636;2
637;0
638;0
639;0
640;2
641;0
642;0
643;2
644;0
645;0
646;0
647;0
648;0
649;2
650;0
651;1
652;0
653;0
654;2
655;0
656;1
657;0
658;2
659;2
660;2
661;0
662;0
663;2
664;2
665;0
666;1
667;0
668;0
669;2
670;0
671;0
672;0
673;2
674;1
675;0
676;0
677;0
678;0
679;0
680;0
681;0
682;2
683;0
684;0
685;2
686;0
687;1
688;0
689;1
690;0
691;2
692;2
693;0
694;0
695;0
696;1
697;0
698;1
699;0
700;1
701;0
702;0
703;2
704;4
705;0
706;0
707;2
708;2
709;0
710;0
711;0
712;2
713;0
714;1
715;1
716;0
717;1
718;1
719;0
720;2
721;0
722;2
723;2
724;0
725;0
726;0
727;0
728;4
729;0
730;0
731;0
732;0
733;1
734;0
735;2
736;4
737;0
738;0
739;2
740;1
741;0
742;1
743;0
744;1
745;0
746;0
747;0
748;0
749;0
750;0
751;0
752;0
753;0
754;0
755;0
756;0
757;0
758;0
759;0
760;0
761;1
762;0
763;0
764;0
765;0
766;0
767;2
768;1
769;0
770;0
771;0
772;1
773;0
774;0
775;1
776;1
777;0
778;0
779;0
780;0
781;0
782;2
783;2
784;1
785;0
786;0
787;2
788;4
789;0
790;2
791;0
792;2
793;0
794;2
795;0
796;1
797;0
798;0
799;1
800;0
801;0
802;0
803;2
804;2
805;2
806;0
807;0
808;0
809;0
810;0
811;0
812;2
813;1
814;1
815;0
816;0
817;2
818;2
819;2
820;0
821;0
822;0
823;0
824;0
825;0
826;0
827;0
828;1
829;0
830;2
831;1
832;0
833;0
834;0
835;0
836;2
837;2
838;2
839;2
840;1
841;0
842;0
843;0
844;0
845;2
846;2
847;2
848;2
849;2
850;0
851;1
852;0
853;0
854;0
855;1
856;0
857;0
858;0
859;0
860;0
861;1
862;0
863;0
864;1
865;2
866;2
867;2
868;2
869;2
870;2
871;2
872;1
873;0
874;2
875;0
876;2
877;0
878;2
879;0
880;0
881;0
882;2
883;0
884;0
885;0
886;0
887;0
888;0
889;0
890;1
891;0
892;2
893;2
894;2
895;1
896;0
897;0
898;0
899;0
900;0
901;0
902;0
903;0
904;2
905;0
906;0
907;0
908;0
909;0
910;0
911;0
912;0
913;2
914;1
915;2
916;2
917;0
918;0
919;1
920;0
921;0
922;0
923;0
924;0
925;2
926;0
927;0
928;0
929;0
930;1
931;2
932;0
933;0
934;2
935;1
936;0
937;0
938;0
939;2
940;2
941;0
942;2
943;2
944;2
945;0
946;2
947;0
948;0
949;0
950;0
951;1
952;0
953;2
954;0
955;0
956;2
957;0
958;2
959;1
960;0
961;0
962;2
963;1
964;0
965;0
966;1
967;0
968;2
969;2
970;1
971;0
972;1
973;0
974;0
975;0
976;2
977;2
978;0
979;0
980;2
981;0
982;0
983;2
984;0
985;1
986;2
987;2
988;2
989;1
990;2
991;2
992;0
993;0
994;2
995;1
996;0
997;0
998;0
999;2
1000;2
1001;0
1002;0
1003;2
1004;2
1005;0
1006;2
1007;0
1008;0
1009;1
1010;0
1011;0
1012;0
1013;0
1014;0
1015;1
1016;0
1017;0
1018;0
1019;0
1020;0
1021;0
1022;0
1023;0
