0;1
1;0
2;0
3;2
4;4
5;0
6;2
7;2
8;2
9;0
10;2
11;0
12;2
13;1
14;0
15;0
16;0
17;1
18;0
19;0
20;0
21;0
22;0
23;2
24;0
25;2
26;1
27;1
28;0
29;0
30;0
31;2
32;1
33;0
34;0
35;2
36;4
37;0
38;2
39;1
40;0
41;0
42;2
43;0
44;1
45;2
46;0
47;0
48;0
49;0
50;0
51;2
52;0
53;0
54;0
55;0
56;1
57;0
58;1
59;0
60;1
61;0
62;1
63;0
64;2
65;0
66;0
67;0
68;0
69;0
70;1
71;0
72;1
73;0
74;0
75;1
76;1
77;0
78;2
79;2
80;2
81;0
82;2
83;0
84;1
85;1
86;0
87;1
88;2
89;0
90;0
91;0
92;0
93;0
94;1
95;2
96;2
97;0
98;0
99;2
100;0
101;0
102;0
103;2
104;2
105;1
106;0
107;1
108;1
109;0
110;0
111;1
112;0
113;0
114;0
115;2
116;2
117;0
118;0
119;2
120;0
121;0
122;2
123;0
124;0
125;0
126;2
127;0
128;2
129;0
130;0
131;0
132;0
133;2
134;2
135;2
136;0
137;0
138;0
139;2
140;1
141;0
142;2
143;0
144;0
145;0
146;0
147;0
148;1
149;0
150;0
151;0
152;1
153;0
154;0
155;0
156;2
157;0
158;0
159;2
160;1
161;0
162;1
163;0
164;0
165;0
166;0
167;2
168;2
169;0
170;2
171;2
172;2
173;0
174;2
175;0
176;2
177;2
178;0
179;0
180;0
181;0
182;2
183;2
184;1
185;0
186;0
187;2
188;2
189;0
190;0
191;2
192;0
193;0
194;0
195;2
196;4
197;0
198;0
199;0
200;2
201;1
202;0
203;2
204;1
205;0
206;0
207;2
208;2
209;0
210;0
211;1
212;0
213;2
214;2
215;4
216;2
217;0
218;2
219;0
220;1
221;0
222;2
223;2
224;2
225;0
226;0
227;0
228;0
229;0
230;0
231;0
232;1
233;2
234;2
235;2
236;0
237;0
238;0
239;2
240;4
241;0
242;2
243;0
244;2
245;0
246;2
247;0
248;1
249;0
250;2
251;2
252;1
253;0
254;0
255;2
256;4
257;0
258;2
259;2
260;2
261;0
262;2
263;0
264;2
265;0
266;0
267;0
268;0
269;0
270;0
271;0
272;0
273;0
274;2
275;2
276;1
277;0
278;0
279;1
280;1
281;0
282;2
283;1
284;0
285;0
286;2
287;0
288;2
289;0
290;0
291;0
292;0
293;0
294;0
295;0
296;0
297;0
298;0
299;2
300;0
301;0
302;1
303;0
304;0
305;0
306;0
307;1
308;0
309;0
310;0
311;2
312;0
313;0
314;0
315;0
316;0
317;0
318;0
319;2
320;1
321;0
322;0
323;2
324;4
325;0
326;2
327;1
328;0
329;0
330;2
331;0
332;1
333;1
334;0
335;0
336;1
337;0
338;0
339;0
340;0
341;2
342;0
343;0
344;1
345;0
346;0
347;0
348;0
349;0
350;1
351;0
352;0
353;0
354;1
355;0
356;1
357;0
358;0
359;0
360;1
361;0
362;2
363;1
364;1
365;0
366;2
367;2
368;2
369;0
370;2
371;0
372;1
373;0
374;2
375;0
376;0
377;0
378;0
379;0
380;0
381;2
382;1
383;2
384;2
385;0
386;0
387;2
388;2
389;0
390;0
391;2
392;0
393;0
394;0
395;2
396;2
397;1
398;0
399;0
400;1
401;0
402;1
403;0
404;1
405;0
406;0
407;2
408;4
409;0
410;2
411;0
412;0
413;0
414;2
415;0
416;1
417;0
418;0
419;0
420;0
421;0
422;0
423;0
424;1
425;0
426;2
427;1
428;0
429;0
430;0
431;2
432;2
433;0
434;2
435;2
436;0
437;0
438;2
439;0
440;0
441;2
442;0
443;0
444;0
445;0
446;0
447;0
448;0
449;0
450;0
451;2
452;1
453;0
454;0
455;2
456;2
457;0
458;0
459;2
460;1
461;2
462;2
463;2
464;2
465;0
466;2
467;0
468;2
469;2
470;0
471;0
472;1
473;0
474;0
475;0
476;2
477;1
478;0
479;0
480;0
481;0
482;0
483;2
484;2
485;1
486;0
487;0
488;1
489;0
490;2
491;2
492;1
493;0
494;0
495;2
496;2
497;1
498;2
499;2
500;2
501;0
502;0
503;2
504;2
505;0
506;0
507;0
508;0
509;1
510;0
511;0
512;1
513;1
514;0
515;0
516;2
517;0
518;2
519;0
520;0
521;0
522;2
523;2
524;0
525;0
526;1
527;0
528;1
529;0
530;0
531;2
532;2
533;0
534;2
535;2
536;2
537;0
538;2
539;0
540;2
541;0
542;2
543;0
544;2
545;0
546;1
547;0
548;0
549;0
550;0
551;2
552;0
553;1
554;0
555;0
556;0
557;1
558;1
559;0
560;0
561;2
562;0
563;0
564;1
565;0
566;2
567;2
568;1
569;0
570;0
571;2
572;4
573;0
574;1
575;2
576;2
577;0
578;2
579;0
580;1
581;0
582;0
583;0
584;0
585;1
586;0
587;2
588;0
589;0
590;2
591;2
592;2
593;0
594;0
595;0
596;2
597;2
598;0
599;0
600;0
601;2
602;1
603;0
604;1
605;0
606;0
607;2
608;2
609;0
610;2
611;2
612;2
613;0
614;2
615;0
616;1
617;1
618;0
619;0
620;2
621;0
622;0
623;0
624;2
625;0
626;2
627;2
628;0
629;0
630;1
631;0
632;1
633;0
634;0
635;2
636;4
637;0
638;2
639;0
640;2
641;0
642;2
643;0
644;1
645;0
646;2
647;2
648;2
649;1
650;0
651;0
652;0
653;0
654;0
655;0
656;0
657;0
658;0
659;0
660;1
661;0
662;0
663;2
664;4
665;0
666;2
667;2
668;2
669;0
670;0
671;0
672;2
673;0
674;0
675;0
676;0
677;0
678;2
679;0
680;1
681;0
682;0
683;2
684;1
685;0
686;2
687;0
688;0
689;0
690;2
691;1
692;0
693;0
694;0
695;2
696;4
697;0
698;2
699;2
700;0
701;0
702;4
703;0
704;1
705;0
706;0
707;0
708;0
709;2
710;2
711;2
712;1
713;0
714;0
715;1
716;0
717;0
718;0
719;0
720;0
721;0
722;2
723;0
724;1
725;0
726;0
727;2
728;2
729;0
730;2
731;2
732;2
733;0
734;2
735;0
736;1
737;0
738;0
739;0
740;0
741;0
742;2
743;0
744;1
745;0
746;0
747;2
748;4
749;0
750;0
751;1
752;0
753;0
754;0
755;0
756;2
757;0
758;1
759;0
760;1
761;0
762;0
763;0
764;1
765;0
766;0
767;0
768;0
769;0
770;0
771;0
772;2
773;2
774;0
775;2
776;0
777;1
778;2
779;2
780;0
781;0
782;2
783;2
784;1
785;0
786;2
787;2
788;1
789;0
790;0
791;1
792;2
793;0
794;2
795;2
796;2
797;0
798;2
799;0
800;2
801;2
802;0
803;0
804;0
805;0
806;1
807;2
808;2
809;0
810;0
811;0
812;2
813;0
814;0
815;0
816;0
817;0
818;0
819;2
820;0
821;1
822;0
823;0
824;1
825;0
826;2
827;1
828;0
829;0
830;0
831;2
832;4
833;0
834;2
835;2
836;2
837;0
838;2
839;0
840;2
841;1
842;1
843;0
844;1
845;0
846;0
847;2
848;1
849;0
850;0
851;0
852;2
853;0
854;2
855;2
856;2
857;0
858;2
859;0
860;1
861;1
862;0
863;0
864;0
865;1
866;0
867;0
868;0
869;0
870;0
871;0
872;0
873;0
874;2
875;2
876;2
877;2
878;2
879;1
880;0
881;0
882;0
883;0
884;1
885;0
886;0
887;2
888;2
889;2
890;0
891;2
892;2
893;0
894;2
895;0
896;1
897;0
898;2
899;0
900;0
901;0
902;2
903;2
904;1
905;0
906;0
907;0
908;2
909;0
910;0
911;1
912;0
913;0
914;2
915;0
916;1
917;1
918;0
919;2
920;0
921;2
922;0
923;0
924;0
925;0
926;0
927;0
928;0
929;0
930;0
931;0
932;0
933;1
934;0
935;0
936;0
937;0
938;0
939;0
940;2
941;0
942;0
943;0
944;2
945;0
946;2
947;0
948;2
949;0
950;2
951;0
952;0
953;0
954;0
955;0
956;1
957;2
958;0
959;0
960;0
961;0
962;0
963;0
964;2
965;0
966;0
967;0
968;1
969;0
970;2
971;0
972;0
973;0
974;0
975;2
976;1
977;0
978;0
979;1
980;4
981;0
982;2
983;2
984;2
985;0
986;0
987;0
988;1
989;0
990;1
991;2
992;0
993;0
994;0
995;0
996;0
997;1
998;0
999;0
1000;1
1001;0
1002;2
1003;1
1004;0
1005;0
1006;0
1007;2
1008;1
1009;1
1010;0
1011;0
1012;1
1013;0
1014;1
1015;0
1016;0
1017;0
1018;0
1019;0
1020;0
1021;0
1022;0
1023;0
