0;1
1;0
2;0
3;2
4;4
5;0
6;0
7;1
8;0
9;0
10;2
11;0
12;2
13;0
14;0
15;0
16;0
17;2
18;2
19;2
20;0
21;1
22;2
23;0
24;1
25;2
26;0
27;2
28;2
29;0
30;0
31;2
32;0
33;0
34;0
35;0
36;0
37;1
38;2
39;0
40;0
41;0
42;0
43;0
44;2
45;0
46;0
47;0
48;0
49;0
50;0
51;0
52;0
53;1
54;0
55;0
56;0
57;1
58;1
59;0
60;1
61;0
62;0
63;0
64;0
65;0
66;0
67;0
68;0
69;0
70;1
71;0
72;1
73;0
74;0
75;0
76;0
77;0
78;0
79;0
80;2
81;0
82;2
83;0
84;0
85;2
86;0
87;0
88;0
89;0
90;1
91;0
92;0
93;0
94;0
95;2
96;1
97;0
98;2
99;2
100;4
101;0
102;0
103;0
104;2
105;0
106;0
107;2
108;2
109;0
110;0
111;0
112;0
113;0
114;0
115;0
116;0
117;0
118;0
119;0
120;0
121;0
122;0
123;0
124;0
125;0
126;0
127;0
128;0
129;0
130;0
131;0
132;0
133;1
134;1
135;0
136;1
137;0
138;0
139;0
140;2
141;0
142;2
143;0
144;0
145;2
146;0
147;0
148;0
149;2
150;2
151;2
152;1
153;0
154;0
155;0
156;0
157;0
158;0
159;0
160;0
161;0
162;2
163;0
164;0
165;0
166;2
167;2
168;0
169;0
170;0
171;2
172;2
173;0
174;2
175;2
176;0
177;0
178;0
179;0
180;0
181;1
182;0
183;0
184;1
185;0
186;0
187;0
188;0
189;0
190;0
191;2
192;0
193;2
194;2
195;2
196;1
197;0
198;2
199;0
200;2
201;1
202;0
203;0
204;1
205;0
206;0
207;2
208;1
209;0
210;2
211;1
212;0
213;0
214;1
215;0
216;0
217;0
218;0
219;0
220;0
221;0
222;0
223;0
224;0
225;0
226;0
227;1
228;0
229;0
230;0
231;0
232;0
233;0
234;0
235;2
236;1
237;0
238;0
239;2
240;2
241;0
242;2
243;2
244;2
245;0
246;2
247;0
248;2
249;0
250;0
251;0
252;0
253;0
254;0
255;0
256;0
257;2
258;2
259;2
260;0
261;0
262;0
263;2
264;1
265;0
266;0
267;0
268;0
269;0
270;2
271;0
272;1
273;0
274;0
275;2
276;0
277;2
278;2
279;0
280;2
281;0
282;1
283;0
284;1
285;0
286;2
287;1
288;0
289;0
290;0
291;0
292;1
293;0
294;1
295;2
296;1
297;0
298;0
299;0
300;0
301;0
302;0
303;0
304;2
305;0
306;0
307;0
308;0
309;0
310;0
311;0
312;1
313;0
314;0
315;0
316;0
317;0
318;0
319;0
320;2
321;0
322;0
323;0
324;0
325;0
326;0
327;2
328;2
329;0
330;0
331;0
332;0
333;0
334;0
335;0
336;0
337;1
338;0
339;0
340;0
341;0
342;2
343;0
344;0
345;0
346;0
347;2
348;4
349;0
350;2
351;2
352;4
353;0
354;2
355;1
356;2
357;2
358;2
359;2
360;2
361;2
362;2
363;2
364;0
365;2
366;0
367;0
368;0
369;0
370;0
371;0
372;2
373;0
374;0
375;0
376;0
377;0
378;0
379;0
380;4
381;0
382;0
383;0
384;0
385;0
386;0
387;0
388;1
389;0
390;0
391;0
392;1
393;0
394;0
395;2
396;2
397;0
398;2
399;2
400;2
401;0
402;0
403;0
404;0
405;0
406;0
407;2
408;0
409;0
410;0
411;2
412;2
413;0
414;2
415;2
416;2
417;0
418;2
419;0
420;1
421;0
422;0
423;0
424;2
425;2
426;0
427;0
428;0
429;1
430;0
431;0
432;0
433;0
434;0
435;0
436;0
437;0
438;0
439;0
440;0
441;0
442;0
443;2
444;0
445;1
446;0
447;0
448;0
449;2
450;0
451;0
452;0
453;2
454;2
455;0
456;2
457;1
458;0
459;0
460;0
461;0
462;0
463;0
464;0
465;0
466;0
467;0
468;0
469;0
470;2
471;0
472;2
473;2
474;2
475;0
476;0
477;0
478;1
479;0
480;2
481;0
482;0
483;2
484;1
485;2
486;0
487;0
488;0
489;0
490;2
491;2
492;0
493;0
494;2
495;0
496;2
497;0
498;0
499;2
500;0
501;2
502;0
503;0
504;0
505;1
506;1
507;0
508;2
509;0
510;0
511;0
512;0
513;1
514;0
515;2
516;2
517;0
518;0
519;0
520;0
521;0
522;0
523;0
524;2
525;2
526;2
527;2
528;2
529;0
530;0
531;1
532;0
533;2
534;1
535;0
536;0
537;0
538;0
539;0
540;0
541;0
542;0
543;1
544;0
545;0
546;0
547;0
548;0
549;2
550;0
551;0
552;2
553;2
554;0
555;0
556;0
557;0
558;0
559;1
560;0
561;1
562;0
563;0
564;0
565;0
566;2
567;2
568;0
569;1
570;0
571;0
572;0
573;0
574;0
575;0
576;0
577;2
578;2
579;1
580;0
581;2
582;0
583;2
584;2
585;0
586;2
587;0
588;0
589;2
590;0
591;0
592;0
593;0
594;0
595;0
596;0
597;0
598;0
599;0
600;1
601;0
602;0
603;0
604;1
605;0
606;0
607;2
608;4
609;0
610;2
611;2
612;2
613;0
614;2
615;0
616;1
617;0
618;0
619;0
620;0
621;0
622;2
623;2
624;2
625;1
626;0
627;2
628;0
629;0
630;0
631;0
632;0
633;0
634;0
635;0
636;0
637;0
638;0
639;2
640;0
641;2
642;0
643;0
644;0
645;0
646;0
647;0
648;0
649;0
650;0
651;0
652;0
653;0
654;0
655;2
656;0
657;0
658;1
659;0
660;1
661;0
662;1
663;0
664;0
665;1
666;0
667;2
668;0
669;1
670;0
671;1
672;0
673;0
674;0
675;0
676;2
677;2
678;2
679;0
680;0
681;0
682;0
683;1
684;1
685;1
686;0
687;2
688;0
689;0
690;0
691;0
692;1
693;0
694;0
695;0
696;0
697;0
698;0
699;0
700;0
701;0
702;0
703;0
704;2
705;0
706;0
707;0
708;0
709;0
710;0
711;0
712;2
713;0
714;0
715;0
716;1
717;0
718;1
719;0
720;0
721;0
722;0
723;2
724;2
725;0
726;0
727;0
728;0
729;0
730;0
731;0
732;1
733;2
734;0
735;0
736;0
737;0
738;2
739;1
740;0
741;0
742;0
743;2
744;2
745;0
746;2
747;0
748;2
749;0
750;0
751;0
752;0
753;0
754;0
755;0
756;0
757;0
758;0
759;0
760;0
761;0
762;2
763;2
764;1
765;0
766;1
767;0
768;1
769;0
770;0
771;2
772;2
773;0
774;2
775;2
776;2
777;0
778;2
779;0
780;2
781;0
782;0
783;0
784;0
785;0
786;0
787;0
788;2
789;0
790;0
791;2
792;0
793;1
794;0
795;0
796;0
797;0
798;0
799;0
800;0
801;0
802;0
803;2
804;0
805;2
806;2
807;0
808;0
809;0
810;2
811;0
812;0
813;0
814;0
815;0
816;0
817;2
818;2
819;1
820;0
821;2
822;0
823;0
824;0
825;2
826;2
827;2
828;1
829;0
830;0
831;2
832;1
833;0
834;0
835;0
836;0
837;2
838;0
839;0
840;0
841;2
842;2
843;1
844;0
845;0
846;0
847;0
848;2
849;2
850;1
851;0
852;2
853;0
854;0
855;0
856;0
857;0
858;2
859;0
860;0
861;2
862;1
863;0
864;0
865;1
866;4
867;1
868;1
869;2
870;1
871;0
872;2
873;2
874;2
875;2
876;1
877;0
878;2
879;0
880;1
881;0
882;0
883;0
884;0
885;0
886;0
887;0
888;0
889;0
890;1
891;0
892;0
893;2
894;1
895;0
896;2
897;0
898;2
899;0
900;0
901;0
902;0
903;0
904;0
905;0
906;0
907;0
908;2
909;1
910;0
911;0
912;0
913;1
914;0
915;0
916;0
917;2
918;2
919;0
920;1
921;0
922;0
923;0
924;0
925;0
926;0
927;0
928;2
929;2
930;0
931;0
932;2
933;0
934;1
935;2
936;0
937;0
938;2
939;0
940;2
941;2
942;0
943;0
944;2
945;0
946;2
947;1
948;0
949;0
950;2
951;0
952;0
953;0
954;0
955;0
956;0
957;0
958;0
959;0
960;0
961;0
962;0
963;0
964;2
965;1
966;2
967;0
968;1
969;0
970;0
971;2
972;0
973;0
974;2
975;2
976;1
977;0
978;0
979;2
980;0
981;0
982;0
983;0
984;0
985;0
986;0
987;0
988;2
989;0
990;0
991;0
992;0
993;1
994;2
995;0
996;0
997;0
998;2
999;0
1000;1
1001;0
1002;2
1003;2
1004;1
1005;2
1006;0
1007;0
1008;0
1009;0
1010;0
1011;0
1012;1
1013;1
1014;1
1015;1
1016;0
1017;0
1018;0
1019;0
1020;0
1021;0
1022;0
1023;0
