0;0
1;0
2;0
3;2
4;2
5;0
6;2
7;1
8;0
9;1
10;0
11;4
12;4
13;0
14;1
15;0
16;0
17;2
18;2
19;2
20;2
21;2
22;0
23;2
24;1
25;0
26;2
27;0
28;2
29;0
30;0
31;2
32;1
33;2
34;2
35;0
36;0
37;1
38;1
39;0
40;1
41;0
42;1
43;0
44;2
45;0
46;0
47;0
48;1
49;0
50;0
51;0
52;2
53;0
54;0
55;0
56;0
57;1
58;0
59;0
60;0
61;1
62;0
63;2
64;0
65;0
66;0
67;0
68;0
69;0
70;0
71;0
72;0
73;0
74;0
75;0
76;0
77;0
78;1
79;1
80;0
81;0
82;0
83;0
84;0
85;0
86;0
87;0
88;1
89;0
90;0
91;2
92;2
93;0
94;0
95;0
96;2
97;0
98;0
99;0
100;0
101;0
102;1
103;0
104;0
105;0
106;0
107;1
108;0
109;0
110;2
111;0
112;0
113;0
114;1
115;0
116;2
117;2
118;0
119;0
120;0
121;2
122;1
123;0
124;2
125;0
126;0
127;0
128;0
129;2
130;2
131;0
132;2
133;0
134;0
135;0
136;0
137;0
138;0
139;0
140;2
141;0
142;0
143;0
144;1
145;0
146;0
147;0
148;1
149;2
150;2
151;0
152;1
153;0
154;0
155;0
156;2
157;0
158;0
159;0
160;2
161;0
162;0
163;0
164;0
165;0
166;0
167;0
168;1
169;0
170;2
171;2
172;0
173;0
174;0
175;0
176;4
177;2
178;2
179;0
180;2
181;0
182;0
183;0
184;1
185;0
186;0
187;0
188;0
189;0
190;0
191;1
192;0
193;0
194;0
195;2
196;2
197;0
198;2
199;2
200;1
201;0
202;0
203;0
204;2
205;2
206;2
207;1
208;0
209;0
210;0
211;0
212;0
213;0
214;2
215;0
216;1
217;0
218;0
219;0
220;2
221;0
222;0
223;0
224;1
225;0
226;2
227;1
228;0
229;0
230;0
231;0
232;0
233;0
234;0
235;2
236;0
237;2
238;2
239;0
240;0
241;2
242;0
243;0
244;2
245;0
246;0
247;0
248;1
249;2
250;0
251;0
252;0
253;1
254;1
255;0
256;0
257;0
258;2
259;0
260;0
261;0
262;1
263;0
264;0
265;0
266;2
267;0
268;1
269;2
270;0
271;0
272;1
273;2
274;2
275;2
276;2
277;0
278;0
279;0
280;2
281;0
282;0
283;2
284;0
285;0
286;0
287;0
288;2
289;0
290;0
291;0
292;0
293;0
294;0
295;0
296;2
297;0
298;0
299;1
300;0
301;2
302;0
303;0
304;0
305;0
306;0
307;0
308;1
309;0
310;0
311;0
312;2
313;2
314;1
315;0
316;0
317;0
318;0
319;0
320;0
321;0
322;1
323;0
324;1
325;1
326;1
327;2
328;4
329;2
330;0
331;2
332;2
333;2
334;2
335;2
336;1
337;0
338;0
339;0
340;2
341;1
342;1
343;2
344;1
345;0
346;0
347;0
348;0
349;0
350;0
351;2
352;0
353;1
354;0
355;0
356;2
357;2
358;1
359;0
360;2
361;0
362;0
363;0
364;0
365;1
366;0
367;0
368;0
369;0
370;0
371;0
372;0
373;0
374;2
375;2
376;0
377;0
378;0
379;0
380;0
381;0
382;0
383;0
384;0
385;0
386;0
387;0
388;0
389;0
390;0
391;0
392;0
393;0
394;2
395;0
396;2
397;2
398;0
399;0
400;2
401;0
402;0
403;0
404;1
405;0
406;0
407;0
408;0
409;0
410;2
411;2
412;2
413;1
414;0
415;2
416;1
417;1
418;0
419;0
420;2
421;1
422;0
423;2
424;2
425;0
426;0
427;0
428;0
429;0
430;0
431;0
432;0
433;0
434;0
435;1
436;0
437;0
438;2
439;2
440;1
441;0
442;0
443;0
444;0
445;0
446;1
447;0
448;0
449;0
450;0
451;2
452;0
453;0
454;2
455;2
456;1
457;0
458;0
459;2
460;2
461;0
462;2
463;2
464;2
465;0
466;2
467;0
468;2
469;0
470;2
471;2
472;2
473;0
474;0
475;0
476;0
477;0
478;0
479;0
480;0
481;0
482;0
483;0
484;0
485;0
486;0
487;0
488;2
489;0
490;0
491;0
492;0
493;0
494;0
495;0
496;1
497;1
498;0
499;0
500;0
501;0
502;0
503;0
504;0
505;0
506;0
507;0
508;0
509;0
510;2
511;2
512;2
513;2
514;1
515;0
516;0
517;2
518;2
519;0
520;0
521;0
522;1
523;2
524;0
525;0
526;0
527;0
528;0
529;0
530;0
531;0
532;1
533;0
534;0
535;0
536;0
537;0
538;1
539;0
540;0
541;0
542;0
543;0
544;0
545;0
546;2
547;0
548;0
549;2
550;2
551;2
552;2
553;1
554;0
555;0
556;0
557;0
558;2
559;2
560;1
561;0
562;0
563;2
564;2
565;0
566;2
567;2
568;0
569;2
570;2
571;0
572;4
573;0
574;0
575;1
576;1
577;0
578;0
579;0
580;2
581;0
582;2
583;2
584;1
585;0
586;0
587;0
588;0
589;0
590;0
591;2
592;0
593;0
594;2
595;2
596;2
597;2
598;2
599;2
600;2
601;0
602;0
603;0
604;0
605;0
606;0
607;0
608;2
609;0
610;0
611;0
612;2
613;0
614;0
615;0
616;2
617;0
618;0
619;0
620;4
621;0
622;0
623;0
624;1
625;0
626;1
627;0
628;1
629;0
630;2
631;2
632;2
633;2
634;0
635;0
636;2
637;1
638;1
639;0
640;0
641;1
642;0
643;0
644;0
645;1
646;0
647;0
648;0
649;0
650;0
651;0
652;2
653;0
654;0
655;2
656;2
657;0
658;0
659;0
660;0
661;0
662;0
663;0
664;1
665;0
666;2
667;0
668;0
669;0
670;0
671;0
672;0
673;0
674;2
675;2
676;0
677;0
678;0
679;0
680;0
681;2
682;0
683;2
684;1
685;0
686;0
687;2
688;1
689;0
690;0
691;1
692;0
693;0
694;0
695;2
696;1
697;0
698;0
699;0
700;1
701;0
702;0
703;0
704;1
705;0
706;0
707;0
708;1
709;0
710;0
711;0
712;0
713;1
714;0
715;1
716;0
717;0
718;0
719;0
720;0
721;2
722;0
723;0
724;0
725;0
726;2
727;0
728;1
729;0
730;1
731;0
732;1
733;0
734;0
735;2
736;2
737;0
738;2
739;2
740;2
741;0
742;2
743;0
744;0
745;0
746;0
747;0
748;0
749;1
750;0
751;0
752;0
753;0
754;0
755;0
756;1
757;0
758;2
759;0
760;0
761;0
762;2
763;2
764;0
765;2
766;0
767;0
768;0
769;0
770;0
771;0
772;0
773;2
774;0
775;2
776;0
777;0
778;0
779;0
780;0
781;0
782;1
783;2
784;0
785;0
786;1
787;0
788;0
789;0
790;2
791;0
792;0
793;0
794;0
795;0
796;0
797;0
798;2
799;1
800;0
801;0
802;1
803;0
804;0
805;0
806;0
807;0
808;0
809;0
810;1
811;0
812;0
813;1
814;0
815;0
816;0
817;0
818;2
819;0
820;1
821;1
822;0
823;0
824;2
825;0
826;0
827;0
828;0
829;1
830;0
831;0
832;2
833;2
834;2
835;0
836;2
837;0
838;0
839;0
840;0
841;2
842;2
843;2
844;0
845;0
846;0
847;2
848;0
849;0
850;2
851;2
852;2
853;0
854;2
855;0
856;2
857;0
858;0
859;0
860;0
861;0
862;2
863;2
864;1
865;1
866;0
867;2
868;4
869;0
870;2
871;2
872;2
873;0
874;0
875;0
876;4
877;0
878;0
879;0
880;2
881;0
882;0
883;0
884;2
885;0
886;0
887;0
888;0
889;0
890;0
891;0
892;0
893;0
894;2
895;0
896;0
897;0
898;0
899;2
900;1
901;2
902;1
903;0
904;0
905;0
906;2
907;0
908;0
909;1
910;1
911;0
912;0
913;1
914;0
915;0
916;1
917;0
918;0
919;2
920;0
921;0
922;1
923;0
924;1
925;1
926;1
927;1
928;0
929;0
930;0
931;2
932;0
933;0
934;0
935;0
936;0
937;1
938;2
939;0
940;2
941;2
942;0
943;0
944;0
945;0
946;0
947;0
948;0
949;0
950;0
951;2
952;0
953;0
954;1
955;0
956;2
957;0
958;1
959;0
960;1
961;0
962;2
963;2
964;2
965;0
966;0
967;0
968;2
969;1
970;0
971;2
972;2
973;0
974;0
975;2
976;0
977;0
978;0
979;0
980;0
981;2
982;1
983;0
984;1
985;1
986;0
987;0
988;1
989;2
990;1
991;0
992;0
993;0
994;0
995;0
996;1
997;0
998;0
999;0
1000;0
1001;0
1002;2
1003;1
1004;0
1005;0
1006;0
1007;0
1008;0
1009;0
1010;0
1011;0
1012;0
1013;1
1014;0
1015;1
1016;0
1017;0
1018;0
1019;0
1020;0
1021;0
1022;0
1023;0
