0;1
1;0
2;0
3;2
4;0
5;0
6;2
7;1
8;0
9;0
10;2
11;0
12;2
13;0
14;2
15;1
16;0
17;0
18;0
19;1
20;0
21;0
22;0
23;0
24;1
25;2
26;0
27;0
28;2
29;0
30;0
31;0
32;0
33;0
34;0
35;0
36;0
37;0
38;0
39;0
40;0
41;0
42;0
43;1
44;0
45;1
46;0
47;0
48;0
49;0
50;0
51;0
52;0
53;2
54;0
55;0
56;0
57;2
58;0
59;0
60;1
61;0
62;0
63;0
64;2
65;0
66;0
67;0
68;2
69;0
70;0
71;0
72;1
73;0
74;0
75;0
76;1
77;0
78;0
79;0
80;0
81;0
82;0
83;0
84;0
85;0
86;0
87;0
88;0
89;0
90;2
91;0
92;1
93;0
94;0
95;2
96;0
97;1
98;0
99;1
100;0
101;0
102;0
103;0
104;1
105;0
106;0
107;0
108;0
109;0
110;0
111;1
112;0
113;0
114;0
115;0
116;0
117;0
118;0
119;0
120;0
121;2
122;0
123;0
124;0
125;2
126;0
127;2
128;2
129;0
130;0
131;0
132;0
133;0
134;0
135;0
136;0
137;0
138;0
139;0
140;0
141;2
142;2
143;0
144;2
145;1
146;0
147;0
148;1
149;2
150;0
151;0
152;2
153;0
154;1
155;1
156;0
157;0
158;0
159;1
160;0
161;2
162;1
163;0
164;2
165;1
166;1
167;0
168;0
169;1
170;0
171;0
172;0
173;0
174;1
175;0
176;0
177;0
178;0
179;2
180;0
181;0
182;0
183;0
184;0
185;0
186;0
187;2
188;2
189;0
190;1
191;0
192;2
193;0
194;0
195;2
196;2
197;0
198;1
199;0
200;0
201;0
202;0
203;0
204;1
205;0
206;1
207;0
208;0
209;0
210;2
211;2
212;1
213;0
214;0
215;1
216;0
217;0
218;0
219;2
220;0
221;0
222;0
223;2
224;1
225;0
226;1
227;0
228;0
229;0
230;0
231;0
232;2
233;1
234;0
235;0
236;2
237;0
238;1
239;1
240;1
241;0
242;0
243;0
244;2
245;0
246;1
247;0
248;0
249;0
250;2
251;0
252;0
253;0
254;0
255;1
256;0
257;0
258;2
259;2
260;1
261;0
262;0
263;0
264;2
265;2
266;0
267;2
268;0
269;0
270;0
271;0
272;2
273;0
274;0
275;0
276;0
277;0
278;0
279;0
280;1
281;2
282;1
283;0
284;1
285;0
286;0
287;0
288;1
289;0
290;0
291;0
292;0
293;0
294;0
295;0
296;0
297;0
298;1
299;0
300;0
301;0
302;0
303;0
304;0
305;0
306;1
307;0
308;1
309;0
310;0
311;0
312;0
313;0
314;0
315;0
316;0
317;1
318;0
319;0
320;0
321;0
322;0
323;0
324;2
325;2
326;0
327;2
328;0
329;0
330;0
331;0
332;0
333;0
334;1
335;0
336;0
337;0
338;0
339;2
340;0
341;0
342;0
343;0
344;2
345;2
346;2
347;1
348;0
349;0
350;0
351;0
352;0
353;0
354;0
355;0
356;1
357;0
358;0
359;2
360;4
361;2
362;2
363;2
364;0
365;0
366;2
367;0
368;2
369;0
370;1
371;0
372;2
373;0
374;0
375;0
376;2
377;0
378;0
379;0
380;0
381;0
382;0
383;0
384;0
385;0
386;0
387;0
388;1
389;1
390;0
391;0
392;2
393;0
394;2
395;0
396;0
397;2
398;2
399;2
400;0
401;0
402;0
403;0
404;2
405;0
406;0
407;0
408;0
409;0
410;0
411;0
412;0
413;0
414;0
415;0
416;0
417;2
418;0
419;0
420;2
421;0
422;0
423;0
424;1
425;0
426;0
427;0
428;1
429;2
430;1
431;2
432;2
433;2
434;1
435;0
436;0
437;0
438;0
439;0
440;1
441;1
442;0
443;0
444;2
445;1
446;0
447;0
448;2
449;0
450;0
451;1
452;2
453;2
454;0
455;0
456;0
457;0
458;2
459;0
460;1
461;0
462;1
463;0
464;0
465;0
466;2
467;0
468;2
469;2
470;0
471;2
472;0
473;0
474;0
475;0
476;0
477;1
478;2
479;2
480;2
481;0
482;1
483;0
484;0
485;1
486;0
487;0
488;1
489;2
490;0
491;0
492;2
493;1
494;0
495;0
496;2
497;0
498;1
499;0
500;2
501;0
502;0
503;0
504;0
505;0
506;0
507;0
508;2
509;0
510;0
511;2
512;2
513;1
514;0
515;0
516;0
517;1
518;2
519;2
520;1
521;0
522;0
523;0
524;1
525;1
526;0
527;0
528;0
529;0
530;1
531;0
532;2
533;0
534;0
535;0
536;0
537;0
538;0
539;1
540;0
541;2
542;1
543;0
544;2
545;2
546;1
547;0
548;1
549;0
550;0
551;0
552;0
553;0
554;2
555;0
556;1
557;0
558;0
559;0
560;1
561;2
562;0
563;2
564;0
565;0
566;1
567;0
568;0
569;0
570;2
571;2
572;0
573;0
574;0
575;1
576;0
577;2
578;2
579;0
580;0
581;0
582;0
583;0
584;1
585;0
586;0
587;0
588;2
589;0
590;0
591;1
592;0
593;0
594;0
595;0
596;0
597;0
598;0
599;0
600;0
601;2
602;2
603;2
604;2
605;2
606;0
607;0
608;2
609;2
610;2
611;0
612;0
613;0
614;1
615;0
616;2
617;0
618;0
619;0
620;0
621;0
622;1
623;0
624;2
625;0
626;0
627;1
628;0
629;0
630;0
631;0
632;0
633;0
634;0
635;0
636;0
637;1
638;0
639;0
640;0
641;1
642;1
643;0
644;0
645;0
646;2
647;0
648;0
649;0
650;0
651;0
652;2
653;1
654;2
655;0
656;1
657;0
658;0
659;0
660;0
661;0
662;0
663;2
664;2
665;0
666;0
667;0
668;0
669;1
670;0
671;1
672;0
673;0
674;0
675;0
676;0
677;0
678;2
679;2
680;1
681;0
682;0
683;1
684;2
685;0
686;2
687;2
688;0
689;0
690;2
691;0
692;1
693;0
694;0
695;0
696;1
697;0
698;0
699;0
700;0
701;0
702;2
703;0
704;0
705;0
706;2
707;2
708;1
709;0
710;0
711;2
712;0
713;0
714;0
715;0
716;0
717;0
718;0
719;0
720;2
721;0
722;1
723;0
724;0
725;0
726;0
727;0
728;0
729;0
730;2
731;2
732;0
733;0
734;0
735;0
736;0
737;2
738;1
739;0
740;0
741;1
742;1
743;0
744;2
745;0
746;0
747;2
748;0
749;2
750;2
751;1
752;2
753;0
754;0
755;0
756;0
757;1
758;0
759;0
760;2
761;2
762;2
763;1
764;0
765;2
766;0
767;0
768;0
769;0
770;0
771;1
772;2
773;0
774;0
775;1
776;0
777;0
778;0
779;2
780;0
781;2
782;2
783;0
784;0
785;0
786;0
787;0
788;0
789;0
790;0
791;2
792;0
793;0
794;0
795;0
796;0
797;1
798;0
799;2
800;2
801;2
802;1
803;0
804;0
805;0
806;0
807;2
808;0
809;1
810;0
811;0
812;0
813;0
814;1
815;0
816;2
817;0
818;0
819;0
820;0
821;2
822;2
823;0
824;0
825;1
826;0
827;0
828;1
829;0
830;2
831;0
832;2
833;1
834;0
835;2
836;0
837;0
838;0
839;0
840;1
841;0
842;0
843;1
844;0
845;0
846;0
847;0
848;1
849;0
850;0
851;0
852;0
853;0
854;0
855;0
856;1
857;1
858;0
859;0
860;0
861;1
862;2
863;0
864;2
865;2
866;2
867;2
868;1
869;2
870;2
871;0
872;1
873;0
874;0
875;0
876;0
877;0
878;0
879;0
880;0
881;0
882;0
883;0
884;0
885;0
886;0
887;0
888;0
889;0
890;0
891;2
892;0
893;1
894;0
895;0
896;0
897;0
898;0
899;0
900;0
901;0
902;1
903;0
904;0
905;2
906;0
907;0
908;1
909;0
910;0
911;0
912;0
913;0
914;0
915;0
916;0
917;1
918;2
919;0
920;0
921;0
922;0
923;0
924;0
925;0
926;2
927;0
928;0
929;2
930;1
931;0
932;0
933;1
934;0
935;0
936;1
937;2
938;2
939;0
940;0
941;0
942;2
943;2
944;2
945;0
946;2
947;2
948;0
949;0
950;0
951;0
952;0
953;0
954;2
955;2
956;2
957;2
958;0
959;0
960;0
961;0
962;0
963;0
964;1
965;0
966;2
967;0
968;0
969;2
970;0
971;2
972;0
973;0
974;0
975;0
976;0
977;0
978;0
979;0
980;2
981;2
982;1
983;0
984;0
985;0
986;0
987;0
988;4
989;0
990;2
991;2
992;2
993;0
994;2
995;0
996;2
997;0
998;0
999;0
1000;0
1001;1
1002;0
1003;0
1004;0
1005;0
1006;0
1007;0
1008;1
1009;0
1010;0
1011;0
1012;0
1013;1
1014;0
1015;0
1016;0
1017;0
1018;0
1019;0
1020;0
1021;0
1022;0
1023;0
