0;0
1;0
2;0
3;2
4;4
5;0
6;2
7;2
8;2
9;0
10;0
11;0
12;2
13;1
14;0
15;0
16;0
17;2
18;0
19;0
20;2
21;0
22;0
23;2
24;0
25;2
26;1
27;1
28;1
29;0
30;0
31;2
32;1
33;0
34;0
35;1
36;4
37;0
38;2
39;2
40;2
41;0
42;2
43;0
44;1
45;0
46;0
47;0
48;0
49;0
50;0
51;0
52;1
53;0
54;0
55;0
56;1
57;0
58;0
59;1
60;0
61;0
62;2
63;0
64;1
65;0
66;0
67;0
68;0
69;0
70;0
71;2
72;2
73;0
74;1
75;0
76;0
77;2
78;1
79;0
80;1
81;0
82;0
83;0
84;0
85;0
86;0
87;0
88;0
89;0
90;0
91;0
92;1
93;0
94;0
95;2
96;0
97;0
98;0
99;1
100;0
101;0
102;2
103;1
104;0
105;0
106;0
107;2
108;2
109;0
110;2
111;2
112;2
113;0
114;0
115;0
116;2
117;0
118;0
119;0
120;0
121;0
122;0
123;0
124;2
125;2
126;0
127;2
128;0
129;0
130;0
131;2
132;2
133;0
134;0
135;1
136;1
137;0
138;1
139;0
140;0
141;0
142;2
143;1
144;1
145;0
146;0
147;0
148;2
149;0
150;2
151;2
152;2
153;0
154;2
155;0
156;2
157;0
158;0
159;1
160;0
161;0
162;0
163;0
164;0
165;0
166;0
167;0
168;0
169;0
170;0
171;0
172;0
173;2
174;0
175;0
176;1
177;2
178;2
179;0
180;0
181;0
182;0
183;0
184;0
185;0
186;0
187;0
188;0
189;0
190;0
191;2
192;4
193;0
194;2
195;1
196;0
197;0
198;0
199;0
200;1
201;0
202;0
203;0
204;0
205;1
206;0
207;0
208;0
209;0
210;2
211;2
212;2
213;0
214;0
215;2
216;2
217;2
218;2
219;0
220;1
221;0
222;2
223;0
224;1
225;0
226;0
227;0
228;0
229;0
230;0
231;0
232;2
233;0
234;2
235;2
236;2
237;0
238;0
239;0
240;1
241;0
242;0
243;2
244;2
245;0
246;0
247;2
248;2
249;2
250;0
251;2
252;2
253;0
254;0
255;0
256;0
257;2
258;1
259;0
260;1
261;0
262;1
263;2
264;1
265;0
266;0
267;2
268;1
269;0
270;2
271;2
272;1
273;0
274;0
275;0
276;0
277;0
278;2
279;2
280;1
281;0
282;0
283;0
284;0
285;2
286;0
287;1
288;0
289;0
290;0
291;0
292;0
293;0
294;0
295;0
296;0
297;2
298;0
299;0
300;0
301;0
302;1
303;0
304;1
305;0
306;0
307;2
308;1
309;0
310;0
311;0
312;4
313;0
314;2
315;1
316;0
317;0
318;2
319;0
320;2
321;0
322;2
323;0
324;2
325;2
326;2
327;1
328;0
329;0
330;0
331;2
332;4
333;0
334;2
335;2
336;2
337;0
338;2
339;0
340;2
341;0
342;2
343;2
344;1
345;0
346;0
347;0
348;0
349;0
350;2
351;1
352;0
353;0
354;0
355;2
356;2
357;0
358;2
359;2
360;2
361;0
362;2
363;1
364;0
365;0
366;2
367;1
368;0
369;0
370;0
371;2
372;0
373;0
374;0
375;0
376;0
377;0
378;0
379;2
380;0
381;0
382;2
383;2
384;1
385;0
386;0
387;2
388;1
389;0
390;2
391;2
392;2
393;0
394;2
395;0
396;1
397;0
398;0
399;0
400;1
401;0
402;0
403;0
404;0
405;0
406;1
407;0
408;2
409;1
410;0
411;2
412;0
413;2
414;0
415;0
416;0
417;2
418;1
419;0
420;0
421;0
422;0
423;0
424;0
425;0
426;2
427;2
428;1
429;1
430;0
431;2
432;4
433;2
434;2
435;2
436;2
437;0
438;2
439;0
440;1
441;0
442;0
443;0
444;0
445;2
446;0
447;2
448;2
449;1
450;0
451;0
452;0
453;0
454;0
455;1
456;0
457;1
458;0
459;0
460;0
461;0
462;0
463;0
464;2
465;1
466;0
467;0
468;2
469;2
470;2
471;2
472;1
473;0
474;2
475;2
476;1
477;0
478;0
479;1
480;0
481;0
482;2
483;2
484;0
485;0
486;2
487;2
488;1
489;0
490;0
491;0
492;1
493;0
494;0
495;0
496;0
497;0
498;2
499;0
500;0
501;0
502;2
503;0
504;0
505;0
506;0
507;1
508;0
509;0
510;2
511;2
512;2
513;0
514;0
515;0
516;1
517;1
518;1
519;0
520;2
521;0
522;0
523;0
524;1
525;0
526;0
527;2
528;1
529;0
530;0
531;2
532;1
533;0
534;2
535;2
536;2
537;0
538;2
539;0
540;2
541;2
542;1
543;0
544;0
545;2
546;0
547;0
548;0
549;0
550;1
551;0
552;2
553;1
554;0
555;0
556;0
557;2
558;0
559;2
560;0
561;2
562;2
563;2
564;1
565;0
566;0
567;0
568;0
569;0
570;2
571;0
572;1
573;0
574;2
575;1
576;0
577;0
578;0
579;1
580;4
581;2
582;2
583;2
584;2
585;0
586;2
587;0
588;2
589;1
590;0
591;0
592;0
593;0
594;0
595;1
596;0
597;0
598;2
599;4
600;2
601;2
602;0
603;0
604;0
605;2
606;2
607;2
608;1
609;0
610;0
611;2
612;4
613;0
614;2
615;2
616;2
617;0
618;2
619;0
620;1
621;0
622;0
623;2
624;0
625;0
626;0
627;0
628;4
629;0
630;0
631;2
632;2
633;0
634;2
635;0
636;2
637;0
638;0
639;0
640;1
641;0
642;0
643;0
644;0
645;0
646;0
647;0
648;0
649;0
650;1
651;0
652;0
653;0
654;0
655;2
656;2
657;0
658;2
659;0
660;0
661;0
662;0
663;0
664;0
665;0
666;0
667;0
668;1
669;0
670;2
671;2
672;1
673;0
674;0
675;2
676;2
677;0
678;2
679;1
680;0
681;0
682;0
683;2
684;2
685;2
686;1
687;2
688;2
689;2
690;0
691;1
692;0
693;0
694;0
695;0
696;2
697;0
698;0
699;1
700;0
701;2
702;2
703;2
704;1
705;0
706;1
707;2
708;1
709;0
710;0
711;2
712;1
713;0
714;2
715;2
716;2
717;0
718;2
719;0
720;1
721;0
722;0
723;0
724;0
725;0
726;1
727;0
728;0
729;2
730;0
731;1
732;2
733;0
734;1
735;0
736;0
737;0
738;0
739;0
740;0
741;0
742;0
743;2
744;4
745;0
746;2
747;2
748;2
749;0
750;2
751;0
752;1
753;0
754;2
755;2
756;2
757;0
758;1
759;0
760;0
761;0
762;0
763;2
764;2
765;0
766;2
767;2
768;2
769;0
770;2
771;0
772;0
773;1
774;0
775;0
776;2
777;0
778;0
779;0
780;0
781;0
782;0
783;0
784;0
785;0
786;1
787;0
788;0
789;2
790;0
791;2
792;0
793;0
794;2
795;2
796;0
797;0
798;0
799;0
800;1
801;0
802;0
803;2
804;0
805;1
806;1
807;0
808;1
809;1
810;0
811;2
812;0
813;0
814;2
815;1
816;0
817;0
818;0
819;2
820;4
821;0
822;2
823;2
824;2
825;0
826;2
827;0
828;1
829;0
830;0
831;0
832;0
833;0
834;0
835;1
836;0
837;2
838;2
839;2
840;2
841;2
842;2
843;1
844;1
845;0
846;2
847;0
848;1
849;0
850;0
851;2
852;4
853;2
854;2
855;0
856;2
857;0
858;2
859;0
860;2
861;2
862;2
863;0
864;0
865;2
866;0
867;0
868;0
869;2
870;0
871;0
872;0
873;0
874;0
875;1
876;0
877;0
878;2
879;0
880;0
881;0
882;0
883;2
884;1
885;0
886;0
887;0
888;2
889;0
890;2
891;2
892;1
893;0
894;2
895;4
896;1
897;0
898;0
899;0
900;1
901;0
902;2
903;2
904;1
905;0
906;0
907;2
908;4
909;0
910;2
911;2
912;2
913;0
914;2
915;0
916;1
917;1
918;0
919;0
920;0
921;0
922;0
923;0
924;0
925;0
926;0
927;1
928;0
929;0
930;2
931;0
932;0
933;0
934;2
935;2
936;2
937;0
938;0
939;2
940;4
941;0
942;2
943;1
944;0
945;0
946;2
947;0
948;1
949;0
950;1
951;0
952;0
953;1
954;0
955;0
956;2
957;1
958;0
959;0
960;0
961;0
962;0
963;0
964;0
965;2
966;2
967;2
968;0
969;0
970;2
971;2
972;0
973;0
974;0
975;0
976;2
977;0
978;2
979;2
980;2
981;0
982;2
983;0
984;2
985;0
986;2
987;0
988;0
989;2
990;0
991;0
992;0
993;0
994;0
995;0
996;0
997;0
998;0
999;0
1000;0
1001;0
1002;0
1003;2
1004;0
1005;0
1006;0
1007;0
1008;0
1009;0
1010;0
1011;0
1012;0
1013;1
1014;0
1015;1
1016;0
1017;0
1018;0
1019;0
1020;0
1021;0
1022;0
1023;0
