0;0
1;1
2;0
3;0
4;2
5;0
6;2
7;0
8;2
9;0
10;0
11;0
12;2
13;0
14;1
15;0
16;0
17;0
18;0
19;1
20;0
21;1
22;1
23;0
24;1
25;0
26;0
27;0
28;0
29;0
30;0
31;0
32;0
33;0
34;0
35;0
36;0
37;0
38;0
39;0
40;0
41;0
42;0
43;0
44;2
45;0
46;0
47;0
48;0
49;0
50;0
51;2
52;0
53;2
54;0
55;0
56;0
57;2
58;0
59;0
60;0
61;2
62;0
63;0
64;0
65;0
66;0
67;0
68;2
69;0
70;0
71;0
72;1
73;0
74;0
75;0
76;2
77;1
78;0
79;0
80;1
81;0
82;2
83;0
84;0
85;2
86;0
87;0
88;0
89;2
90;2
91;2
92;0
93;0
94;0
95;0
96;2
97;2
98;0
99;1
100;0
101;0
102;2
103;0
104;1
105;0
106;1
107;0
108;0
109;0
110;0
111;0
112;0
113;0
114;0
115;0
116;0
117;0
118;0
119;0
120;0
121;0
122;0
123;0
124;0
125;2
126;0
127;2
128;2
129;0
130;0
131;0
132;0
133;0
134;0
135;0
136;0
137;0
138;0
139;0
140;2
141;0
142;0
143;0
144;0
145;1
146;0
147;0
148;1
149;2
150;0
151;0
152;2
153;0
154;0
155;0
156;1
157;0
158;0
159;2
160;1
161;2
162;1
163;0
164;0
165;0
166;0
167;0
168;1
169;0
170;1
171;1
172;1
173;0
174;2
175;0
176;1
177;0
178;0
179;0
180;2
181;1
182;0
183;0
184;1
185;0
186;0
187;2
188;1
189;0
190;0
191;1
192;0
193;0
194;0
195;1
196;2
197;0
198;1
199;0
200;0
201;0
202;0
203;0
204;1
205;0
206;0
207;1
208;0
209;0
210;2
211;2
212;1
213;0
214;0
215;1
216;0
217;0
218;0
219;0
220;0
221;0
222;2
223;2
224;1
225;0
226;1
227;0
228;0
229;0
230;1
231;0
232;0
233;1
234;0
235;0
236;0
237;0
238;1
239;1
240;1
241;0
242;0
243;0
244;0
245;1
246;0
247;0
248;2
249;0
250;0
251;0
252;0
253;0
254;0
255;0
256;0
257;0
258;0
259;2
260;1
261;0
262;0
263;0
264;2
265;0
266;0
267;0
268;0
269;2
270;0
271;0
272;2
273;0
274;0
275;0
276;2
277;1
278;1
279;0
280;1
281;0
282;0
283;0
284;1
285;0
286;0
287;2
288;4
289;0
290;2
291;1
292;0
293;0
294;2
295;0
296;1
297;0
298;0
299;0
300;0
301;2
302;0
303;2
304;0
305;0
306;2
307;0
308;0
309;0
310;1
311;0
312;0
313;0
314;0
315;0
316;0
317;0
318;1
319;0
320;1
321;0
322;0
323;1
324;0
325;0
326;0
327;0
328;0
329;0
330;0
331;0
332;0
333;1
334;0
335;0
336;0
337;2
338;2
339;0
340;2
341;0
342;0
343;0
344;0
345;0
346;0
347;0
348;0
349;0
350;1
351;0
352;0
353;0
354;0
355;0
356;0
357;0
358;0
359;2
360;0
361;0
362;2
363;1
364;0
365;0
366;0
367;0
368;0
369;0
370;0
371;1
372;2
373;2
374;2
375;0
376;1
377;2
378;0
379;0
380;2
381;0
382;0
383;0
384;0
385;0
386;0
387;0
388;0
389;1
390;1
391;0
392;0
393;0
394;2
395;0
396;2
397;0
398;2
399;0
400;0
401;0
402;0
403;0
404;2
405;1
406;0
407;0
408;2
409;0
410;0
411;1
412;0
413;0
414;0
415;0
416;1
417;0
418;0
419;0
420;2
421;0
422;0
423;0
424;1
425;0
426;1
427;0
428;1
429;0
430;1
431;0
432;2
433;0
434;0
435;0
436;0
437;0
438;0
439;0
440;1
441;1
442;0
443;0
444;0
445;1
446;0
447;0
448;2
449;0
450;0
451;0
452;0
453;2
454;0
455;2
456;0
457;2
458;2
459;0
460;2
461;1
462;0
463;0
464;0
465;0
466;2
467;0
468;2
469;2
470;1
471;2
472;2
473;0
474;0
475;0
476;1
477;2
478;2
479;0
480;2
481;0
482;0
483;0
484;2
485;2
486;0
487;1
488;1
489;0
490;0
491;0
492;2
493;0
494;0
495;0
496;0
497;0
498;1
499;0
500;2
501;2
502;1
503;0
504;2
505;0
506;0
507;1
508;1
509;0
510;0
511;2
512;0
513;0
514;0
515;0
516;0
517;2
518;2
519;1
520;0
521;0
522;0
523;0
524;1
525;1
526;0
527;0
528;0
529;1
530;1
531;0
532;2
533;0
534;0
535;0
536;1
537;2
538;0
539;0
540;0
541;0
542;2
543;2
544;2
545;2
546;2
547;1
548;0
549;0
550;0
551;0
552;0
553;0
554;0
555;0
556;0
557;0
558;0
559;0
560;0
561;1
562;0
563;1
564;0
565;2
566;0
567;0
568;0
569;0
570;2
571;2
572;1
573;0
574;0
575;0
576;2
577;1
578;0
579;0
580;2
581;1
582;0
583;0
584;1
585;0
586;0
587;0
588;0
589;0
590;0
591;0
592;0
593;0
594;0
595;0
596;0
597;2
598;0
599;0
600;0
601;2
602;2
603;2
604;2
605;0
606;0
607;0
608;1
609;0
610;2
611;0
612;0
613;0
614;0
615;0
616;0
617;0
618;0
619;0
620;1
621;0
622;1
623;0
624;2
625;2
626;0
627;0
628;0
629;1
630;0
631;0
632;0
633;0
634;0
635;0
636;0
637;2
638;2
639;0
640;0
641;1
642;0
643;0
644;0
645;0
646;2
647;0
648;0
649;0
650;1
651;0
652;0
653;1
654;1
655;0
656;0
657;0
658;2
659;0
660;0
661;0
662;0
663;0
664;2
665;1
666;0
667;0
668;0
669;2
670;2
671;0
672;0
673;0
674;0
675;0
676;0
677;1
678;2
679;0
680;0
681;2
682;1
683;0
684;0
685;0
686;2
687;0
688;1
689;0
690;0
691;2
692;4
693;0
694;2
695;2
696;2
697;0
698;2
699;0
700;2
701;2
702;0
703;0
704;1
705;0
706;0
707;0
708;2
709;1
710;0
711;2
712;2
713;0
714;2
715;0
716;0
717;0
718;2
719;0
720;0
721;0
722;0
723;1
724;0
725;0
726;1
727;0
728;0
729;0
730;0
731;2
732;0
733;0
734;1
735;0
736;2
737;1
738;0
739;1
740;0
741;0
742;1
743;0
744;0
745;0
746;0
747;0
748;2
749;2
750;2
751;2
752;2
753;0
754;0
755;2
756;2
757;0
758;2
759;0
760;0
761;2
762;0
763;1
764;0
765;2
766;2
767;2
768;0
769;0
770;0
771;0
772;1
773;0
774;0
775;0
776;1
777;0
778;0
779;0
780;1
781;0
782;0
783;2
784;2
785;0
786;2
787;1
788;0
789;0
790;0
791;0
792;1
793;0
794;0
795;2
796;0
797;2
798;0
799;0
800;0
801;1
802;0
803;2
804;1
805;0
806;2
807;0
808;0
809;0
810;1
811;0
812;0
813;1
814;0
815;0
816;0
817;0
818;0
819;1
820;0
821;0
822;0
823;0
824;2
825;1
826;0
827;0
828;0
829;0
830;0
831;0
832;0
833;1
834;0
835;0
836;2
837;2
838;0
839;0
840;0
841;0
842;0
843;0
844;0
845;0
846;0
847;0
848;2
849;0
850;0
851;2
852;0
853;0
854;0
855;0
856;0
857;0
858;0
859;1
860;0
861;1
862;0
863;0
864;0
865;0
866;0
867;0
868;2
869;0
870;0
871;1
872;1
873;0
874;0
875;0
876;0
877;0
878;2
879;0
880;2
881;2
882;2
883;2
884;1
885;0
886;0
887;0
888;1
889;0
890;0
891;0
892;0
893;0
894;0
895;0
896;0
897;0
898;1
899;0
900;0
901;2
902;2
903;0
904;0
905;0
906;0
907;1
908;0
909;1
910;0
911;0
912;0
913;0
914;0
915;0
916;0
917;0
918;0
919;0
920;0
921;0
922;0
923;0
924;0
925;0
926;0
927;0
928;0
929;0
930;0
931;0
932;0
933;0
934;0
935;0
936;1
937;0
938;0
939;0
940;0
941;1
942;2
943;0
944;0
945;0
946;1
947;0
948;0
949;2
950;0
951;0
952;1
953;0
954;2
955;2
956;2
957;2
958;2
959;0
960;0
961;2
962;2
963;0
964;2
965;0
966;0
967;0
968;0
969;0
970;2
971;2
972;2
973;1
974;0
975;2
976;1
977;0
978;0
979;0
980;1
981;0
982;0
983;0
984;0
985;2
986;0
987;0
988;2
989;0
990;0
991;2
992;0
993;0
994;0
995;0
996;2
997;2
998;0
999;0
1000;0
1001;0
1002;0
1003;0
1004;0
1005;2
1006;1
1007;2
1008;2
1009;0
1010;0
1011;0
1012;1
1013;0
1014;0
1015;0
1016;0
1017;0
1018;0
1019;0
1020;0
1021;0
1022;0
1023;0
