0;0
1;0
2;0
3;2
4;2
5;0
6;2
7;1
8;0
9;2
10;2
11;0
12;0
13;0
14;0
15;0
16;0
17;2
18;1
19;0
20;1
21;2
22;0
23;2
24;1
25;0
26;0
27;0
28;2
29;2
30;0
31;0
32;1
33;2
34;2
35;0
36;2
37;1
38;1
39;0
40;1
41;0
42;1
43;0
44;2
45;0
46;2
47;1
48;0
49;2
50;0
51;0
52;0
53;0
54;0
55;0
56;0
57;0
58;0
59;0
60;0
61;1
62;0
63;0
64;2
65;0
66;0
67;2
68;1
69;0
70;0
71;1
72;0
73;0
74;0
75;2
76;2
77;0
78;1
79;0
80;2
81;0
82;0
83;0
84;0
85;0
86;0
87;0
88;1
89;0
90;0
91;0
92;2
93;0
94;2
95;1
96;0
97;0
98;0
99;2
100;0
101;0
102;0
103;2
104;0
105;1
106;0
107;1
108;0
109;0
110;0
111;0
112;0
113;2
114;1
115;0
116;2
117;1
118;0
119;0
120;2
121;1
122;0
123;2
124;0
125;0
126;0
127;0
128;0
129;2
130;1
131;2
132;2
133;0
134;0
135;0
136;0
137;0
138;0
139;1
140;0
141;0
142;1
143;0
144;2
145;1
146;0
147;0
148;0
149;0
150;1
151;0
152;2
153;0
154;2
155;0
156;0
157;0
158;0
159;1
160;0
161;0
162;0
163;0
164;1
165;0
166;0
167;0
168;0
169;0
170;0
171;2
172;0
173;0
174;2
175;2
176;0
177;0
178;0
179;0
180;1
181;0
182;0
183;2
184;1
185;0
186;2
187;0
188;2
189;0
190;2
191;0
192;2
193;2
194;2
195;2
196;0
197;1
198;0
199;0
200;0
201;0
202;0
203;0
204;0
205;0
206;0
207;2
208;0
209;0
210;0
211;2
212;4
213;0
214;2
215;2
216;2
217;0
218;2
219;0
220;2
221;0
222;0
223;0
224;0
225;0
226;2
227;0
228;2
229;0
230;0
231;2
232;0
233;2
234;2
235;2
236;0
237;0
238;0
239;1
240;0
241;0
242;2
243;0
244;0
245;2
246;0
247;0
248;0
249;2
250;0
251;0
252;2
253;0
254;2
255;2
256;1
257;0
258;0
259;2
260;0
261;1
262;1
263;0
264;0
265;0
266;0
267;0
268;0
269;0
270;1
271;0
272;0
273;0
274;2
275;0
276;1
277;2
278;2
279;0
280;0
281;0
282;2
283;2
284;1
285;0
286;2
287;1
288;0
289;0
290;0
291;0
292;0
293;0
294;0
295;0
296;2
297;0
298;0
299;0
300;0
301;0
302;0
303;0
304;2
305;0
306;0
307;1
308;0
309;1
310;0
311;0
312;0
313;2
314;2
315;0
316;0
317;0
318;0
319;0
320;2
321;2
322;2
323;2
324;1
325;0
326;0
327;0
328;0
329;0
330;2
331;2
332;0
333;2
334;1
335;2
336;2
337;2
338;2
339;2
340;0
341;0
342;2
343;2
344;0
345;2
346;0
347;0
348;2
349;0
350;1
351;0
352;2
353;0
354;0
355;0
356;1
357;0
358;0
359;2
360;0
361;1
362;0
363;0
364;2
365;2
366;1
367;1
368;0
369;0
370;2
371;1
372;0
373;1
374;0
375;0
376;0
377;0
378;0
379;1
380;0
381;2
382;0
383;2
384;0
385;0
386;2
387;1
388;2
389;0
390;1
391;0
392;2
393;0
394;1
395;0
396;0
397;0
398;2
399;0
400;0
401;0
402;2
403;0
404;2
405;0
406;2
407;0
408;2
409;0
410;0
411;0
412;0
413;0
414;0
415;0
416;0
417;0
418;0
419;0
420;2
421;1
422;0
423;2
424;1
425;2
426;0
427;0
428;2
429;2
430;0
431;2
432;0
433;0
434;2
435;1
436;0
437;0
438;0
439;2
440;2
441;0
442;2
443;2
444;0
445;0
446;0
447;0
448;2
449;0
450;0
451;0
452;1
453;1
454;0
455;0
456;0
457;1
458;0
459;0
460;0
461;0
462;0
463;1
464;0
465;2
466;2
467;0
468;0
469;2
470;0
471;1
472;2
473;0
474;2
475;2
476;1
477;0
478;2
479;0
480;0
481;2
482;2
483;0
484;2
485;0
486;0
487;0
488;2
489;0
490;0
491;0
492;2
493;0
494;0
495;0
496;0
497;0
498;0
499;2
500;1
501;2
502;0
503;0
504;0
505;0
506;0
507;0
508;0
509;0
510;0
511;1
512;2
513;2
514;2
515;2
516;1
517;0
518;0
519;0
520;0
521;2
522;2
523;0
524;0
525;0
526;0
527;0
528;1
529;0
530;0
531;2
532;2
533;0
534;2
535;1
536;0
537;0
538;0
539;0
540;2
541;1
542;0
543;0
544;0
545;0
546;0
547;0
548;0
549;0
550;1
551;1
552;0
553;0
554;2
555;0
556;0
557;0
558;0
559;0
560;2
561;0
562;0
563;2
564;2
565;0
566;2
567;0
568;2
569;0
570;0
571;0
572;0
573;0
574;1
575;1
576;0
577;0
578;1
579;0
580;0
581;2
582;2
583;1
584;0
585;1
586;2
587;2
588;2
589;0
590;2
591;0
592;0
593;0
594;2
595;1
596;0
597;0
598;0
599;0
600;2
601;2
602;0
603;0
604;1
605;0
606;2
607;2
608;0
609;1
610;0
611;0
612;0
613;0
614;0
615;0
616;1
617;0
618;0
619;0
620;0
621;0
622;1
623;0
624;2
625;0
626;0
627;1
628;1
629;0
630;1
631;0
632;0
633;0
634;0
635;2
636;2
637;0
638;2
639;2
640;0
641;0
642;0
643;0
644;0
645;0
646;0
647;0
648;0
649;2
650;0
651;0
652;0
653;2
654;0
655;0
656;1
657;2
658;0
659;0
660;1
661;0
662;0
663;2
664;0
665;0
666;0
667;0
668;0
669;0
670;0
671;2
672;0
673;0
674;0
675;0
676;0
677;0
678;2
679;1
680;0
681;0
682;2
683;1
684;0
685;1
686;1
687;0
688;2
689;0
690;2
691;1
692;0
693;0
694;0
695;0
696;0
697;0
698;0
699;1
700;1
701;0
702;0
703;0
704;1
705;0
706;0
707;1
708;0
709;0
710;1
711;2
712;1
713;0
714;0
715;0
716;4
717;0
718;0
719;1
720;0
721;0
722;2
723;0
724;1
725;0
726;0
727;0
728;0
729;0
730;0
731;0
732;0
733;2
734;0
735;0
736;1
737;0
738;0
739;0
740;1
741;0
742;0
743;0
744;0
745;0
746;0
747;0
748;0
749;0
750;0
751;0
752;0
753;0
754;2
755;0
756;0
757;0
758;0
759;0
760;0
761;0
762;2
763;1
764;0
765;0
766;0
767;0
768;1
769;0
770;0
771;0
772;0
773;0
774;1
775;0
776;0
777;2
778;0
779;0
780;1
781;1
782;0
783;0
784;0
785;2
786;0
787;0
788;0
789;0
790;0
791;0
792;0
793;0
794;2
795;2
796;0
797;0
798;0
799;0
800;1
801;1
802;2
803;0
804;0
805;0
806;0
807;0
808;0
809;1
810;0
811;1
812;0
813;0
814;0
815;0
816;0
817;1
818;0
819;0
820;0
821;0
822;0
823;0
824;0
825;1
826;0
827;0
828;0
829;0
830;1
831;0
832;1
833;2
834;2
835;2
836;0
837;0
838;0
839;0
840;0
841;0
842;0
843;0
844;1
845;0
846;0
847;2
848;1
849;2
850;0
851;0
852;0
853;0
854;0
855;0
856;0
857;0
858;0
859;2
860;2
861;0
862;2
863;1
864;0
865;0
866;1
867;0
868;2
869;0
870;1
871;1
872;0
873;0
874;0
875;0
876;0
877;2
878;2
879;0
880;0
881;0
882;0
883;0
884;1
885;1
886;2
887;0
888;0
889;0
890;0
891;0
892;0
893;0
894;1
895;0
896;0
897;0
898;0
899;2
900;4
901;0
902;2
903;0
904;2
905;0
906;2
907;0
908;1
909;1
910;1
911;0
912;1
913;0
914;0
915;2
916;0
917;0
918;0
919;2
920;1
921;1
922;1
923;0
924;0
925;0
926;2
927;2
928;0
929;0
930;2
931;1
932;0
933;0
934;0
935;0
936;0
937;2
938;0
939;0
940;0
941;0
942;2
943;1
944;0
945;0
946;0
947;1
948;1
949;0
950;2
951;2
952;1
953;0
954;0
955;2
956;2
957;0
958;2
959;2
960;0
961;0
962;0
963;0
964;1
965;0
966;0
967;0
968;0
969;0
970;1
971;0
972;0
973;0
974;2
975;2
976;2
977;0
978;2
979;2
980;0
981;2
982;2
983;2
984;2
985;0
986;0
987;0
988;0
989;0
990;0
991;0
992;0
993;0
994;2
995;0
996;0
997;1
998;0
999;0
1000;0
1001;0
1002;1
1003;0
1004;2
1005;0
1006;2
1007;1
1008;0
1009;0
1010;0
1011;0
1012;0
1013;0
1014;0
1015;1
1016;0
1017;0
1018;0
1019;0
1020;0
1021;0
1022;0
1023;0
