0;1
1;0
2;0
3;2
4;2
5;0
6;2
7;2
8;2
9;0
10;0
11;0
12;1
13;1
14;0
15;0
16;0
17;1
18;0
19;0
20;2
21;0
22;0
23;2
24;0
25;2
26;1
27;2
28;0
29;0
30;0
31;0
32;0
33;0
34;1
35;0
36;1
37;0
38;0
39;0
40;1
41;0
42;0
43;0
44;1
45;0
46;0
47;0
48;1
49;0
50;0
51;0
52;0
53;1
54;0
55;0
56;2
57;0
58;0
59;2
60;2
61;0
62;0
63;0
64;2
65;0
66;0
67;1
68;0
69;0
70;0
71;0
72;2
73;0
74;0
75;0
76;0
77;2
78;2
79;0
80;2
81;0
82;0
83;0
84;0
85;0
86;0
87;0
88;2
89;1
90;0
91;0
92;0
93;0
94;2
95;1
96;0
97;0
98;0
99;0
100;0
101;0
102;0
103;0
104;0
105;0
106;0
107;2
108;1
109;1
110;0
111;0
112;1
113;0
114;1
115;2
116;2
117;0
118;0
119;2
120;0
121;0
122;2
123;1
124;0
125;0
126;2
127;0
128;1
129;2
130;1
131;0
132;0
133;0
134;0
135;0
136;0
137;0
138;1
139;0
140;0
141;0
142;0
143;2
144;1
145;0
146;0
147;0
148;0
149;0
150;2
151;1
152;0
153;0
154;0
155;0
156;1
157;2
158;0
159;0
160;0
161;2
162;2
163;2
164;2
165;0
166;0
167;2
168;2
169;0
170;1
171;0
172;2
173;0
174;2
175;0
176;0
177;2
178;2
179;0
180;1
181;0
182;2
183;0
184;2
185;0
186;0
187;0
188;0
189;0
190;0
191;0
192;2
193;0
194;0
195;2
196;0
197;0
198;0
199;1
200;0
201;0
202;0
203;0
204;0
205;2
206;1
207;0
208;0
209;0
210;2
211;0
212;1
213;0
214;0
215;0
216;0
217;0
218;1
219;0
220;0
221;0
222;0
223;0
224;0
225;0
226;0
227;0
228;0
229;0
230;1
231;0
232;0
233;0
234;0
235;2
236;4
237;0
238;2
239;2
240;2
241;0
242;2
243;0
244;1
245;2
246;1
247;0
248;2
249;1
250;0
251;0
252;2
253;0
254;2
255;0
256;0
257;1
258;2
259;0
260;0
261;0
262;1
263;0
264;2
265;0
266;0
267;2
268;1
269;0
270;2
271;0
272;0
273;2
274;1
275;0
276;0
277;0
278;0
279;1
280;0
281;0
282;0
283;0
284;2
285;0
286;2
287;0
288;2
289;0
290;2
291;0
292;2
293;0
294;0
295;2
296;0
297;0
298;0
299;0
300;0
301;0
302;0
303;0
304;1
305;0
306;0
307;0
308;1
309;0
310;0
311;0
312;0
313;0
314;0
315;2
316;2
317;0
318;1
319;2
320;2
321;1
322;0
323;0
324;2
325;2
326;0
327;0
328;0
329;0
330;0
331;1
332;0
333;0
334;0
335;2
336;1
337;0
338;0
339;0
340;2
341;0
342;0
343;0
344;1
345;0
346;1
347;2
348;1
349;0
350;0
351;2
352;2
353;0
354;1
355;0
356;2
357;0
358;0
359;0
360;0
361;0
362;0
363;0
364;1
365;0
366;0
367;0
368;2
369;1
370;1
371;0
372;2
373;2
374;2
375;0
376;2
377;1
378;0
379;0
380;0
381;0
382;0
383;0
384;0
385;0
386;0
387;2
388;2
389;0
390;0
391;2
392;2
393;0
394;2
395;0
396;2
397;2
398;1
399;0
400;2
401;0
402;2
403;1
404;0
405;0
406;1
407;0
408;0
409;0
410;1
411;0
412;0
413;0
414;1
415;0
416;0
417;0
418;0
419;0
420;2
421;1
422;0
423;0
424;2
425;0
426;0
427;2
428;0
429;0
430;0
431;0
432;2
433;1
434;0
435;0
436;2
437;0
438;0
439;2
440;1
441;0
442;0
443;0
444;0
445;2
446;1
447;0
448;1
449;0
450;0
451;0
452;0
453;0
454;0
455;2
456;1
457;0
458;1
459;0
460;0
461;0
462;2
463;0
464;1
465;0
466;0
467;2
468;2
469;0
470;0
471;2
472;2
473;0
474;2
475;2
476;2
477;0
478;0
479;0
480;0
481;2
482;0
483;0
484;0
485;0
486;0
487;1
488;1
489;0
490;0
491;0
492;1
493;0
494;2
495;2
496;1
497;0
498;0
499;2
500;2
501;2
502;2
503;2
504;0
505;0
506;0
507;0
508;0
509;0
510;2
511;2
512;2
513;0
514;0
515;0
516;0
517;0
518;0
519;0
520;2
521;0
522;1
523;0
524;0
525;0
526;2
527;0
528;0
529;0
530;0
531;0
532;2
533;0
534;2
535;0
536;0
537;0
538;0
539;0
540;0
541;0
542;0
543;0
544;0
545;0
546;0
547;0
548;0
549;0
550;2
551;2
552;1
553;0
554;0
555;2
556;1
557;0
558;0
559;0
560;0
561;0
562;0
563;0
564;2
565;0
566;1
567;0
568;2
569;0
570;0
571;0
572;0
573;0
574;0
575;0
576;0
577;0
578;2
579;0
580;2
581;0
582;0
583;2
584;2
585;0
586;2
587;0
588;0
589;2
590;1
591;0
592;0
593;0
594;0
595;1
596;0
597;0
598;0
599;1
600;0
601;0
602;2
603;2
604;1
605;0
606;0
607;0
608;0
609;0
610;0
611;0
612;0
613;0
614;1
615;0
616;2
617;0
618;0
619;0
620;2
621;0
622;2
623;2
624;4
625;0
626;1
627;0
628;2
629;1
630;0
631;2
632;1
633;0
634;2
635;0
636;0
637;1
638;0
639;0
640;0
641;0
642;2
643;2
644;2
645;0
646;0
647;2
648;2
649;0
650;2
651;0
652;2
653;0
654;2
655;0
656;0
657;0
658;1
659;0
660;0
661;1
662;0
663;0
664;2
665;2
666;0
667;0
668;0
669;0
670;1
671;0
672;0
673;0
674;1
675;0
676;0
677;0
678;0
679;2
680;2
681;0
682;2
683;0
684;0
685;1
686;0
687;2
688;1
689;0
690;0
691;2
692;1
693;0
694;1
695;0
696;1
697;0
698;0
699;1
700;0
701;0
702;0
703;0
704;2
705;0
706;1
707;2
708;2
709;0
710;2
711;0
712;1
713;0
714;0
715;0
716;0
717;1
718;0
719;0
720;0
721;2
722;0
723;0
724;0
725;0
726;0
727;2
728;0
729;0
730;0
731;0
732;2
733;0
734;0
735;1
736;2
737;1
738;0
739;0
740;0
741;2
742;0
743;2
744;0
745;1
746;0
747;0
748;0
749;0
750;1
751;0
752;0
753;0
754;2
755;0
756;0
757;0
758;0
759;0
760;0
761;0
762;0
763;0
764;0
765;0
766;0
767;0
768;0
769;0
770;0
771;0
772;0
773;1
774;1
775;0
776;0
777;1
778;0
779;2
780;1
781;0
782;0
783;2
784;2
785;0
786;2
787;0
788;2
789;0
790;0
791;2
792;2
793;0
794;1
795;0
796;0
797;0
798;2
799;0
800;0
801;0
802;0
803;2
804;1
805;0
806;0
807;1
808;4
809;0
810;2
811;2
812;2
813;0
814;2
815;0
816;1
817;0
818;1
819;0
820;2
821;0
822;0
823;0
824;0
825;0
826;2
827;2
828;0
829;0
830;0
831;2
832;2
833;0
834;2
835;2
836;0
837;0
838;0
839;0
840;0
841;0
842;0
843;0
844;1
845;0
846;0
847;1
848;0
849;0
850;0
851;0
852;0
853;0
854;0
855;0
856;0
857;0
858;0
859;1
860;1
861;0
862;0
863;1
864;2
865;2
866;2
867;2
868;2
869;0
870;2
871;2
872;2
873;0
874;0
875;0
876;1
877;1
878;2
879;0
880;0
881;2
882;0
883;0
884;1
885;0
886;1
887;0
888;4
889;0
890;0
891;0
892;0
893;0
894;2
895;2
896;1
897;0
898;0
899;2
900;2
901;0
902;2
903;1
904;2
905;0
906;2
907;0
908;0
909;0
910;0
911;0
912;4
913;0
914;2
915;2
916;0
917;0
918;0
919;0
920;2
921;0
922;0
923;0
924;2
925;0
926;0
927;2
928;0
929;1
930;2
931;0
932;2
933;1
934;0
935;0
936;0
937;1
938;2
939;0
940;0
941;2
942;2
943;1
944;0
945;0
946;0
947;2
948;0
949;0
950;0
951;0
952;0
953;2
954;2
955;0
956;0
957;0
958;0
959;0
960;0
961;0
962;0
963;2
964;1
965;0
966;0
967;2
968;2
969;0
970;2
971;2
972;2
973;0
974;0
975;0
976;2
977;0
978;0
979;0
980;1
981;0
982;0
983;0
984;0
985;0
986;2
987;2
988;2
989;0
990;0
991;0
992;0
993;0
994;0
995;1
996;1
997;1
998;0
999;0
1000;0
1001;0
1002;0
1003;0
1004;0
1005;2
1006;1
1007;0
1008;0
1009;2
1010;0
1011;1
1012;0
1013;1
1014;0
1015;1
1016;0
1017;0
1018;0
1019;0
1020;0
1021;0
1022;0
1023;0
