0;0
1;0
2;0
3;2
4;2
5;0
6;2
7;1
8;0
9;0
10;2
11;0
12;0
13;0
14;1
15;1
16;0
17;0
18;0
19;1
20;0
21;1
22;1
23;0
24;1
25;0
26;0
27;0
28;0
29;0
30;0
31;0
32;0
33;0
34;0
35;0
36;0
37;0
38;0
39;0
40;0
41;0
42;0
43;1
44;0
45;0
46;0
47;0
48;0
49;0
50;1
51;1
52;0
53;2
54;0
55;0
56;0
57;2
58;0
59;2
60;1
61;2
62;0
63;0
64;2
65;0
66;0
67;0
68;2
69;0
70;0
71;0
72;1
73;0
74;0
75;0
76;2
77;0
78;0
79;0
80;2
81;0
82;0
83;0
84;0
85;0
86;1
87;0
88;0
89;0
90;1
91;0
92;1
93;0
94;0
95;2
96;2
97;2
98;1
99;1
100;0
101;2
102;2
103;1
104;1
105;0
106;0
107;0
108;0
109;0
110;2
111;1
112;1
113;0
114;0
115;2
116;2
117;0
118;0
119;1
120;0
121;0
122;2
123;0
124;2
125;0
126;2
127;0
128;0
129;0
130;0
131;0
132;0
133;0
134;0
135;0
136;0
137;0
138;0
139;0
140;0
141;0
142;0
143;0
144;0
145;0
146;0
147;0
148;0
149;0
150;0
151;0
152;2
153;1
154;0
155;0
156;1
157;2
158;0
159;0
160;2
161;0
162;0
163;0
164;0
165;1
166;0
167;1
168;1
169;1
170;0
171;2
172;2
173;0
174;2
175;0
176;1
177;1
178;0
179;1
180;0
181;0
182;2
183;1
184;1
185;0
186;0
187;2
188;2
189;0
190;1
191;0
192;1
193;0
194;0
195;2
196;0
197;0
198;2
199;1
200;2
201;0
202;0
203;0
204;2
205;0
206;1
207;0
208;0
209;0
210;0
211;0
212;2
213;0
214;2
215;2
216;0
217;0
218;2
219;2
220;1
221;0
222;0
223;1
224;0
225;0
226;1
227;2
228;0
229;2
230;2
231;1
232;0
233;0
234;1
235;0
236;2
237;0
238;1
239;0
240;2
241;0
242;0
243;1
244;0
245;1
246;1
247;1
248;1
249;0
250;0
251;1
252;0
253;0
254;1
255;0
256;2
257;0
258;0
259;0
260;0
261;0
262;0
263;1
264;0
265;0
266;0
267;1
268;0
269;0
270;0
271;0
272;2
273;2
274;0
275;0
276;0
277;0
278;0
279;0
280;2
281;0
282;0
283;0
284;1
285;0
286;0
287;0
288;1
289;1
290;0
291;0
292;0
293;0
294;2
295;0
296;0
297;2
298;0
299;0
300;0
301;0
302;2
303;0
304;0
305;0
306;1
307;0
308;0
309;1
310;0
311;0
312;0
313;0
314;1
315;0
316;1
317;0
318;0
319;1
320;0
321;0
322;0
323;0
324;0
325;0
326;1
327;0
328;1
329;1
330;0
331;0
332;1
333;2
334;2
335;2
336;4
337;0
338;1
339;1
340;2
341;0
342;1
343;0
344;2
345;0
346;2
347;1
348;0
349;0
350;0
351;0
352;0
353;0
354;2
355;2
356;0
357;0
358;1
359;2
360;1
361;0
362;0
363;0
364;4
365;0
366;2
367;0
368;2
369;0
370;2
371;0
372;2
373;1
374;0
375;0
376;0
377;0
378;0
379;2
380;1
381;0
382;0
383;1
384;0
385;0
386;2
387;1
388;0
389;2
390;0
391;0
392;0
393;0
394;0
395;0
396;0
397;0
398;2
399;0
400;0
401;1
402;1
403;0
404;1
405;2
406;1
407;0
408;0
409;2
410;2
411;0
412;1
413;0
414;0
415;0
416;2
417;0
418;1
419;0
420;2
421;0
422;0
423;0
424;0
425;0
426;0
427;0
428;0
429;2
430;1
431;0
432;2
433;0
434;0
435;0
436;0
437;0
438;1
439;0
440;1
441;0
442;1
443;2
444;2
445;2
446;0
447;0
448;0
449;1
450;0
451;1
452;1
453;1
454;0
455;0
456;2
457;1
458;0
459;0
460;2
461;0
462;0
463;1
464;0
465;2
466;0
467;2
468;1
469;0
470;2
471;0
472;2
473;0
474;1
475;0
476;1
477;0
478;0
479;0
480;2
481;2
482;1
483;2
484;2
485;0
486;1
487;0
488;0
489;1
490;2
491;2
492;0
493;0
494;1
495;0
496;2
497;1
498;0
499;2
500;0
501;0
502;0
503;0
504;0
505;0
506;1
507;0
508;2
509;0
510;1
511;0
512;2
513;0
514;0
515;0
516;2
517;0
518;0
519;0
520;1
521;0
522;0
523;4
524;0
525;0
526;1
527;0
528;2
529;2
530;2
531;2
532;1
533;0
534;0
535;2
536;1
537;1
538;0
539;0
540;0
541;0
542;1
543;0
544;2
545;0
546;0
547;0
548;0
549;0
550;0
551;0
552;0
553;2
554;2
555;1
556;0
557;2
558;2
559;2
560;1
561;0
562;0
563;0
564;0
565;0
566;0
567;0
568;1
569;0
570;0
571;0
572;1
573;1
574;0
575;0
576;2
577;0
578;0
579;0
580;0
581;0
582;0
583;2
584;1
585;0
586;0
587;0
588;0
589;2
590;0
591;0
592;2
593;1
594;1
595;0
596;0
597;0
598;2
599;0
600;2
601;0
602;0
603;0
604;0
605;0
606;0
607;0
608;0
609;0
610;2
611;0
612;0
613;2
614;1
615;0
616;2
617;0
618;0
619;0
620;2
621;0
622;0
623;0
624;0
625;0
626;0
627;0
628;0
629;2
630;0
631;0
632;1
633;0
634;1
635;0
636;4
637;0
638;0
639;0
640;1
641;0
642;0
643;2
644;2
645;0
646;1
647;0
648;1
649;1
650;0
651;0
652;0
653;0
654;0
655;0
656;0
657;0
658;2
659;1
660;0
661;1
662;0
663;0
664;1
665;0
666;1
667;0
668;1
669;0
670;2
671;0
672;0
673;0
674;0
675;1
676;2
677;0
678;1
679;0
680;2
681;2
682;2
683;0
684;0
685;1
686;0
687;0
688;0
689;0
690;0
691;2
692;1
693;1
694;0
695;2
696;4
697;0
698;2
699;2
700;0
701;0
702;2
703;0
704;1
705;0
706;0
707;0
708;0
709;0
710;1
711;0
712;4
713;0
714;0
715;0
716;0
717;0
718;2
719;2
720;1
721;0
722;0
723;1
724;2
725;0
726;0
727;2
728;2
729;0
730;2
731;0
732;4
733;2
734;0
735;0
736;2
737;0
738;1
739;0
740;2
741;0
742;2
743;0
744;0
745;0
746;0
747;0
748;2
749;0
750;1
751;0
752;1
753;0
754;0
755;0
756;1
757;0
758;2
759;2
760;0
761;0
762;1
763;0
764;1
765;0
766;1
767;0
768;1
769;0
770;0
771;0
772;2
773;2
774;2
775;2
776;1
777;0
778;0
779;2
780;2
781;0
782;0
783;0
784;0
785;1
786;0
787;0
788;0
789;2
790;0
791;0
792;0
793;2
794;0
795;0
796;0
797;0
798;0
799;1
800;1
801;0
802;0
803;0
804;0
805;0
806;2
807;2
808;0
809;2
810;0
811;0
812;0
813;0
814;0
815;2
816;0
817;0
818;1
819;2
820;0
821;0
822;0
823;0
824;1
825;1
826;0
827;0
828;0
829;0
830;1
831;0
832;1
833;2
834;1
835;2
836;0
837;1
838;0
839;0
840;0
841;0
842;0
843;0
844;0
845;0
846;0
847;0
848;0
849;2
850;0
851;0
852;0
853;0
854;1
855;0
856;2
857;0
858;0
859;0
860;2
861;0
862;0
863;2
864;0
865;0
866;0
867;0
868;1
869;0
870;0
871;1
872;0
873;0
874;0
875;0
876;1
877;0
878;0
879;0
880;2
881;0
882;0
883;0
884;0
885;1
886;1
887;0
888;0
889;2
890;2
891;0
892;0
893;2
894;0
895;2
896;1
897;0
898;2
899;0
900;2
901;0
902;1
903;2
904;1
905;2
906;0
907;0
908;1
909;0
910;0
911;0
912;0
913;0
914;1
915;0
916;2
917;0
918;0
919;2
920;0
921;0
922;0
923;0
924;0
925;0
926;0
927;0
928;0
929;1
930;0
931;2
932;2
933;0
934;0
935;0
936;2
937;0
938;0
939;0
940;0
941;0
942;0
943;2
944;0
945;0
946;1
947;0
948;0
949;0
950;2
951;0
952;0
953;0
954;2
955;0
956;0
957;2
958;4
959;0
960;0
961;0
962;1
963;0
964;2
965;2
966;1
967;0
968;0
969;2
970;2
971;2
972;0
973;2
974;1
975;2
976;2
977;0
978;0
979;2
980;0
981;0
982;0
983;2
984;1
985;0
986;0
987;0
988;2
989;0
990;2
991;2
992;4
993;0
994;2
995;1
996;2
997;0
998;1
999;2
1000;1
1001;0
1002;2
1003;2
1004;0
1005;0
1006;0
1007;0
1008;1
1009;0
1010;0
1011;0
1012;1
1013;1
1014;0
1015;0
1016;0
1017;0
1018;0
1019;0
1020;0
1021;0
1022;0
1023;0
