0;2
1;0
2;0
3;0
4;2
5;0
6;2
7;2
8;0
9;0
10;2
11;0
12;2
13;0
14;1
15;0
16;2
17;2
18;2
19;2
20;2
21;0
22;0
23;0
24;1
25;1
26;2
27;2
28;2
29;2
30;2
31;2
32;0
33;1
34;0
35;0
36;2
37;0
38;1
39;0
40;0
41;0
42;0
43;0
44;2
45;0
46;1
47;0
48;0
49;0
50;0
51;0
52;0
53;0
54;0
55;0
56;0
57;0
58;1
59;2
60;1
61;0
62;0
63;0
64;0
65;0
66;1
67;0
68;0
69;0
70;1
71;2
72;1
73;0
74;0
75;0
76;1
77;0
78;0
79;0
80;2
81;0
82;2
83;0
84;1
85;0
86;0
87;0
88;2
89;1
90;0
91;2
92;2
93;0
94;0
95;0
96;0
97;0
98;1
99;0
100;2
101;0
102;1
103;0
104;0
105;0
106;0
107;1
108;0
109;0
110;0
111;2
112;2
113;0
114;0
115;2
116;2
117;0
118;2
119;0
120;1
121;2
122;0
123;0
124;1
125;0
126;0
127;0
128;0
129;0
130;0
131;0
132;0
133;0
134;2
135;0
136;2
137;1
138;1
139;0
140;1
141;0
142;1
143;0
144;0
145;0
146;2
147;0
148;0
149;0
150;0
151;0
152;0
153;0
154;2
155;2
156;1
157;0
158;2
159;0
160;0
161;0
162;0
163;0
164;0
165;0
166;2
167;0
168;0
169;0
170;1
171;1
172;0
173;0
174;2
175;0
176;0
177;0
178;0
179;0
180;0
181;0
182;0
183;0
184;0
185;0
186;2
187;2
188;1
189;0
190;0
191;2
192;1
193;0
194;0
195;2
196;2
197;0
198;2
199;0
200;1
201;0
202;0
203;2
204;0
205;0
206;0
207;0
208;0
209;0
210;1
211;0
212;1
213;0
214;0
215;1
216;2
217;0
218;1
219;0
220;2
221;0
222;2
223;0
224;0
225;0
226;0
227;0
228;0
229;0
230;0
231;0
232;0
233;0
234;0
235;2
236;1
237;0
238;0
239;0
240;0
241;0
242;2
243;0
244;0
245;0
246;0
247;0
248;0
249;0
250;0
251;0
252;0
253;2
254;2
255;1
256;2
257;1
258;0
259;2
260;0
261;0
262;2
263;2
264;1
265;0
266;0
267;0
268;1
269;0
270;2
271;1
272;0
273;0
274;2
275;2
276;1
277;0
278;0
279;2
280;0
281;0
282;2
283;0
284;0
285;0
286;2
287;0
288;1
289;1
290;0
291;0
292;4
293;2
294;2
295;2
296;1
297;0
298;1
299;2
300;1
301;0
302;0
303;0
304;2
305;0
306;2
307;1
308;0
309;0
310;0
311;0
312;0
313;1
314;0
315;0
316;1
317;0
318;0
319;0
320;0
321;1
322;0
323;2
324;2
325;2
326;1
327;0
328;0
329;0
330;0
331;0
332;2
333;0
334;0
335;0
336;0
337;0
338;0
339;2
340;0
341;0
342;1
343;0
344;0
345;0
346;0
347;1
348;0
349;0
350;0
351;0
352;1
353;0
354;0
355;1
356;0
357;0
358;0
359;0
360;2
361;2
362;1
363;0
364;0
365;0
366;0
367;0
368;2
369;0
370;1
371;0
372;0
373;2
374;0
375;2
376;2
377;2
378;0
379;2
380;2
381;2
382;2
383;0
384;0
385;0
386;2
387;0
388;1
389;1
390;0
391;0
392;0
393;0
394;2
395;1
396;0
397;0
398;0
399;0
400;0
401;0
402;1
403;0
404;2
405;2
406;0
407;0
408;0
409;0
410;0
411;0
412;0
413;0
414;0
415;0
416;0
417;1
418;2
419;0
420;0
421;2
422;0
423;1
424;0
425;0
426;0
427;0
428;0
429;0
430;0
431;0
432;0
433;2
434;2
435;2
436;2
437;0
438;2
439;0
440;0
441;0
442;1
443;1
444;0
445;0
446;1
447;0
448;0
449;0
450;1
451;0
452;2
453;2
454;1
455;1
456;0
457;0
458;2
459;2
460;2
461;0
462;0
463;0
464;2
465;1
466;0
467;0
468;1
469;0
470;0
471;0
472;0
473;0
474;2
475;0
476;0
477;0
478;2
479;0
480;0
481;0
482;0
483;0
484;1
485;0
486;1
487;1
488;0
489;0
490;1
491;0
492;2
493;0
494;0
495;0
496;2
497;0
498;0
499;0
500;2
501;0
502;0
503;0
504;2
505;0
506;1
507;0
508;0
509;0
510;0
511;0
512;1
513;0
514;1
515;0
516;2
517;0
518;1
519;0
520;0
521;2
522;0
523;0
524;1
525;0
526;1
527;0
528;0
529;0
530;0
531;2
532;0
533;0
534;0
535;0
536;0
537;2
538;1
539;0
540;1
541;0
542;0
543;0
544;0
545;0
546;0
547;1
548;0
549;0
550;0
551;0
552;0
553;0
554;1
555;0
556;0
557;0
558;0
559;0
560;1
561;0
562;2
563;2
564;1
565;0
566;0
567;2
568;1
569;2
570;2
571;2
572;2
573;0
574;2
575;0
576;2
577;2
578;2
579;1
580;0
581;2
582;2
583;0
584;2
585;0
586;0
587;0
588;0
589;2
590;2
591;0
592;1
593;0
594;0
595;2
596;0
597;1
598;0
599;0
600;1
601;0
602;2
603;0
604;0
605;0
606;0
607;2
608;0
609;0
610;2
611;0
612;0
613;0
614;0
615;2
616;2
617;0
618;0
619;1
620;0
621;0
622;2
623;2
624;2
625;0
626;2
627;2
628;1
629;0
630;0
631;0
632;0
633;0
634;0
635;1
636;0
637;0
638;2
639;0
640;1
641;2
642;2
643;0
644;1
645;0
646;0
647;0
648;2
649;0
650;0
651;0
652;2
653;0
654;0
655;0
656;0
657;2
658;0
659;0
660;0
661;2
662;2
663;1
664;0
665;0
666;0
667;0
668;2
669;0
670;0
671;1
672;0
673;0
674;0
675;1
676;2
677;0
678;2
679;1
680;0
681;0
682;0
683;0
684;2
685;0
686;0
687;0
688;0
689;0
690;1
691;0
692;0
693;2
694;0
695;0
696;2
697;0
698;1
699;0
700;0
701;0
702;0
703;0
704;2
705;1
706;0
707;0
708;0
709;0
710;0
711;0
712;0
713;0
714;0
715;0
716;2
717;0
718;0
719;0
720;1
721;0
722;0
723;0
724;1
725;0
726;0
727;0
728;0
729;1
730;0
731;0
732;0
733;0
734;1
735;0
736;0
737;0
738;2
739;0
740;1
741;1
742;0
743;0
744;0
745;0
746;0
747;2
748;1
749;1
750;0
751;0
752;0
753;2
754;2
755;0
756;1
757;0
758;1
759;0
760;0
761;0
762;0
763;2
764;4
765;0
766;2
767;1
768;0
769;0
770;2
771;0
772;2
773;0
774;0
775;0
776;0
777;0
778;1
779;0
780;0
781;0
782;2
783;2
784;1
785;0
786;0
787;2
788;2
789;0
790;2
791;2
792;1
793;0
794;0
795;0
796;1
797;0
798;2
799;0
800;2
801;0
802;2
803;0
804;1
805;0
806;0
807;0
808;1
809;0
810;0
811;2
812;2
813;0
814;1
815;0
816;0
817;1
818;0
819;4
820;1
821;1
822;0
823;0
824;1
825;0
826;2
827;2
828;1
829;0
830;0
831;1
832;2
833;0
834;2
835;2
836;2
837;2
838;2
839;0
840;2
841;2
842;0
843;0
844;0
845;2
846;1
847;2
848;1
849;0
850;0
851;0
852;0
853;2
854;2
855;0
856;0
857;0
858;1
859;0
860;0
861;0
862;1
863;0
864;0
865;2
866;0
867;0
868;0
869;1
870;0
871;0
872;0
873;0
874;0
875;2
876;2
877;1
878;0
879;2
880;1
881;0
882;0
883;0
884;0
885;0
886;1
887;0
888;0
889;0
890;2
891;0
892;0
893;0
894;0
895;0
896;0
897;2
898;1
899;0
900;2
901;0
902;0
903;0
904;1
905;0
906;0
907;0
908;0
909;0
910;0
911;0
912;2
913;0
914;0
915;0
916;0
917;0
918;0
919;1
920;0
921;1
922;0
923;2
924;1
925;0
926;1
927;0
928;1
929;0
930;0
931;0
932;1
933;0
934;2
935;2
936;2
937;0
938;0
939;0
940;2
941;0
942;0
943;0
944;0
945;2
946;0
947;0
948;0
949;0
950;1
951;2
952;0
953;0
954;2
955;2
956;2
957;2
958;0
959;0
960;2
961;0
962;2
963;0
964;0
965;0
966;2
967;0
968;1
969;0
970;1
971;0
972;2
973;2
974;1
975;0
976;1
977;0
978;0
979;0
980;2
981;0
982;0
983;0
984;2
985;0
986;0
987;2
988;0
989;0
990;0
991;2
992;2
993;2
994;0
995;0
996;1
997;1
998;2
999;0
1000;2
1001;1
1002;0
1003;0
1004;1
1005;1
1006;0
1007;0
1008;0
1009;0
1010;0
1011;0
1012;1
1013;1
1014;0
1015;0
1016;0
1017;0
1018;0
1019;0
1020;0
1021;0
1022;0
1023;0
