0;1
1;0
2;0
3;2
4;4
5;0
6;2
7;2
8;2
9;1
10;2
11;0
12;1
13;0
14;1
15;0
16;0
17;2
18;1
19;0
20;1
21;0
22;0
23;2
24;1
25;0
26;0
27;0
28;2
29;0
30;0
31;0
32;0
33;2
34;2
35;0
36;1
37;0
38;1
39;0
40;1
41;0
42;1
43;0
44;2
45;0
46;0
47;1
48;0
49;2
50;0
51;0
52;0
53;0
54;0
55;0
56;0
57;0
58;0
59;0
60;1
61;1
62;0
63;2
64;0
65;0
66;0
67;0
68;0
69;0
70;0
71;0
72;1
73;0
74;0
75;0
76;2
77;2
78;2
79;2
80;2
81;0
82;0
83;0
84;0
85;0
86;0
87;0
88;1
89;0
90;0
91;2
92;2
93;0
94;0
95;1
96;0
97;0
98;0
99;0
100;0
101;0
102;0
103;0
104;0
105;0
106;0
107;0
108;0
109;0
110;2
111;0
112;0
113;0
114;1
115;0
116;1
117;0
118;0
119;2
120;4
121;0
122;2
123;2
124;2
125;2
126;2
127;0
128;2
129;2
130;0
131;0
132;0
133;2
134;2
135;2
136;2
137;0
138;2
139;0
140;0
141;1
142;0
143;2
144;2
145;0
146;0
147;0
148;0
149;0
150;0
151;0
152;0
153;0
154;2
155;0
156;1
157;0
158;0
159;0
160;0
161;2
162;2
163;0
164;2
165;0
166;0
167;2
168;2
169;1
170;0
171;1
172;0
173;0
174;2
175;0
176;0
177;0
178;0
179;1
180;0
181;0
182;2
183;2
184;2
185;0
186;0
187;1
188;0
189;2
190;2
191;0
192;2
193;0
194;0
195;1
196;0
197;0
198;0
199;0
200;0
201;1
202;2
203;0
204;2
205;2
206;1
207;0
208;0
209;0
210;0
211;0
212;0
213;0
214;2
215;0
216;0
217;0
218;1
219;1
220;0
221;0
222;0
223;0
224;2
225;0
226;0
227;0
228;0
229;2
230;0
231;0
232;0
233;1
234;0
235;0
236;2
237;0
238;0
239;1
240;0
241;0
242;0
243;2
244;1
245;1
246;1
247;0
248;0
249;0
250;2
251;0
252;0
253;0
254;1
255;1
256;0
257;0
258;2
259;0
260;0
261;0
262;2
263;2
264;0
265;0
266;0
267;2
268;4
269;0
270;2
271;0
272;2
273;0
274;0
275;0
276;1
277;2
278;0
279;1
280;0
281;0
282;0
283;0
284;1
285;0
286;2
287;2
288;1
289;0
290;0
291;2
292;4
293;0
294;2
295;2
296;2
297;0
298;2
299;0
300;2
301;1
302;0
303;2
304;0
305;0
306;1
307;0
308;2
309;0
310;0
311;0
312;0
313;0
314;0
315;0
316;0
317;0
318;0
319;1
320;0
321;1
322;0
323;2
324;0
325;0
326;0
327;0
328;1
329;1
330;0
331;0
332;0
333;2
334;2
335;2
336;1
337;0
338;0
339;2
340;0
341;0
342;0
343;2
344;1
345;1
346;1
347;0
348;1
349;0
350;2
351;2
352;1
353;0
354;0
355;2
356;1
357;0
358;0
359;0
360;2
361;1
362;1
363;0
364;2
365;0
366;2
367;0
368;0
369;0
370;0
371;2
372;0
373;1
374;0
375;2
376;2
377;2
378;2
379;2
380;2
381;0
382;0
383;1
384;0
385;2
386;0
387;0
388;0
389;0
390;0
391;0
392;0
393;0
394;1
395;2
396;0
397;0
398;0
399;0
400;0
401;1
402;0
403;0
404;0
405;0
406;1
407;0
408;0
409;0
410;0
411;0
412;0
413;0
414;2
415;0
416;2
417;2
418;0
419;0
420;2
421;0
422;0
423;0
424;2
425;0
426;0
427;1
428;0
429;0
430;2
431;0
432;2
433;1
434;0
435;2
436;1
437;1
438;0
439;0
440;2
441;1
442;0
443;2
444;1
445;0
446;1
447;0
448;1
449;0
450;0
451;2
452;4
453;0
454;2
455;2
456;0
457;0
458;0
459;0
460;2
461;1
462;0
463;2
464;1
465;0
466;0
467;0
468;0
469;0
470;0
471;0
472;0
473;2
474;1
475;0
476;2
477;1
478;0
479;1
480;0
481;1
482;2
483;2
484;2
485;0
486;2
487;2
488;1
489;0
490;0
491;0
492;2
493;1
494;0
495;2
496;0
497;0
498;0
499;0
500;2
501;0
502;0
503;2
504;2
505;0
506;0
507;2
508;1
509;0
510;0
511;1
512;1
513;1
514;0
515;0
516;0
517;2
518;0
519;0
520;1
521;0
522;2
523;2
524;1
525;0
526;0
527;2
528;4
529;0
530;2
531;2
532;2
533;0
534;2
535;0
536;2
537;0
538;0
539;0
540;0
541;0
542;0
543;2
544;2
545;2
546;2
547;0
548;1
549;0
550;0
551;1
552;0
553;2
554;2
555;0
556;0
557;0
558;2
559;2
560;0
561;0
562;0
563;1
564;0
565;0
566;0
567;0
568;1
569;0
570;0
571;0
572;0
573;0
574;1
575;1
576;0
577;0
578;0
579;0
580;1
581;0
582;2
583;0
584;0
585;2
586;2
587;0
588;0
589;2
590;2
591;0
592;0
593;0
594;0
595;1
596;0
597;0
598;2
599;2
600;2
601;0
602;0
603;1
604;0
605;0
606;2
607;0
608;0
609;0
610;0
611;0
612;0
613;1
614;2
615;0
616;1
617;0
618;0
619;0
620;0
621;0
622;0
623;0
624;1
625;0
626;0
627;0
628;1
629;0
630;0
631;0
632;2
633;2
634;0
635;0
636;2
637;0
638;0
639;0
640;2
641;0
642;0
643;0
644;2
645;0
646;0
647;1
648;0
649;0
650;0
651;1
652;1
653;0
654;2
655;2
656;2
657;2
658;0
659;0
660;2
661;1
662;1
663;0
664;1
665;1
666;0
667;0
668;0
669;0
670;0
671;2
672;0
673;0
674;0
675;0
676;2
677;0
678;0
679;2
680;0
681;0
682;0
683;0
684;0
685;0
686;0
687;0
688;0
689;0
690;0
691;1
692;0
693;0
694;0
695;0
696;0
697;0
698;1
699;2
700;0
701;0
702;0
703;0
704;1
705;0
706;0
707;0
708;1
709;0
710;1
711;0
712;1
713;0
714;0
715;0
716;0
717;0
718;0
719;2
720;0
721;1
722;0
723;0
724;1
725;0
726;0
727;0
728;0
729;0
730;0
731;0
732;1
733;0
734;0
735;0
736;0
737;0
738;1
739;0
740;0
741;0
742;0
743;0
744;0
745;2
746;0
747;0
748;2
749;2
750;1
751;0
752;2
753;0
754;0
755;2
756;0
757;0
758;0
759;1
760;0
761;0
762;0
763;0
764;1
765;0
766;2
767;0
768;0
769;0
770;0
771;2
772;2
773;0
774;2
775;2
776;2
777;0
778;2
779;2
780;2
781;0
782;0
783;2
784;0
785;0
786;0
787;0
788;0
789;2
790;1
791;0
792;1
793;0
794;0
795;0
796;0
797;0
798;0
799;0
800;2
801;0
802;2
803;1
804;2
805;2
806;0
807;2
808;1
809;0
810;1
811;0
812;0
813;0
814;0
815;2
816;4
817;0
818;1
819;2
820;2
821;0
822;2
823;0
824;2
825;2
826;2
827;2
828;0
829;0
830;1
831;0
832;0
833;0
834;2
835;0
836;0
837;0
838;0
839;0
840;0
841;0
842;1
843;0
844;0
845;0
846;0
847;0
848;0
849;0
850;0
851;0
852;0
853;0
854;2
855;0
856;0
857;1
858;0
859;0
860;0
861;2
862;2
863;0
864;1
865;1
866;0
867;0
868;2
869;0
870;0
871;0
872;0
873;0
874;0
875;0
876;2
877;2
878;2
879;2
880;2
881;0
882;0
883;0
884;0
885;0
886;1
887;2
888;1
889;0
890;1
891;2
892;1
893;1
894;0
895;2
896;0
897;0
898;2
899;2
900;1
901;0
902;0
903;2
904;2
905;0
906;2
907;2
908;2
909;0
910;2
911;0
912;1
913;0
914;0
915;0
916;0
917;2
918;2
919;0
920;0
921;0
922;0
923;0
924;0
925;1
926;0
927;0
928;0
929;0
930;1
931;1
932;0
933;1
934;0
935;0
936;0
937;1
938;0
939;1
940;1
941;0
942;0
943;2
944;0
945;0
946;2
947;2
948;1
949;1
950;1
951;1
952;0
953;0
954;0
955;0
956;0
957;1
958;2
959;1
960;0
961;0
962;0
963;0
964;2
965;2
966;0
967;0
968;0
969;0
970;0
971;1
972;0
973;0
974;0
975;1
976;0
977;0
978;0
979;0
980;4
981;0
982;1
983;0
984;0
985;2
986;2
987;2
988;2
989;0
990;0
991;1
992;0
993;2
994;2
995;2
996;2
997;0
998;2
999;0
1000;2
1001;0
1002;0
1003;1
1004;0
1005;0
1006;0
1007;4
1008;0
1009;1
1010;0
1011;0
1012;1
1013;0
1014;1
1015;1
1016;0
1017;0
1018;0
1019;0
1020;0
1021;0
1022;0
1023;0
