0;1
1;0
2;0
3;1
4;2
5;0
6;2
7;2
8;0
9;0
10;2
11;0
12;0
13;1
14;0
15;0
16;0
17;1
18;0
19;0
20;2
21;0
22;0
23;0
24;0
25;2
26;1
27;2
28;0
29;1
30;0
31;0
32;0
33;0
34;1
35;0
36;0
37;0
38;0
39;0
40;1
41;0
42;0
43;0
44;1
45;1
46;0
47;0
48;0
49;0
50;0
51;0
52;0
53;1
54;0
55;0
56;0
57;0
58;1
59;0
60;1
61;0
62;0
63;2
64;2
65;0
66;2
67;1
68;0
69;0
70;2
71;0
72;2
73;2
74;0
75;2
76;1
77;0
78;2
79;2
80;1
81;0
82;0
83;2
84;1
85;0
86;2
87;1
88;1
89;2
90;0
91;0
92;2
93;0
94;2
95;2
96;0
97;0
98;0
99;0
100;2
101;0
102;0
103;1
104;0
105;0
106;1
107;0
108;2
109;0
110;2
111;0
112;0
113;0
114;0
115;0
116;0
117;0
118;2
119;0
120;1
121;1
122;0
123;0
124;2
125;0
126;0
127;0
128;0
129;0
130;0
131;1
132;1
133;0
134;0
135;2
136;4
137;1
138;2
139;2
140;1
141;0
142;0
143;0
144;2
145;2
146;0
147;0
148;0
149;0
150;0
151;1
152;0
153;2
154;2
155;1
156;0
157;1
158;0
159;0
160;0
161;0
162;2
163;0
164;2
165;1
166;0
167;0
168;2
169;2
170;2
171;0
172;0
173;0
174;0
175;0
176;2
177;1
178;0
179;0
180;1
181;0
182;0
183;0
184;0
185;0
186;0
187;2
188;0
189;1
190;0
191;0
192;0
193;0
194;0
195;2
196;1
197;0
198;0
199;2
200;4
201;0
202;2
203;1
204;0
205;0
206;0
207;0
208;2
209;0
210;2
211;1
212;0
213;0
214;2
215;0
216;1
217;0
218;0
219;0
220;2
221;2
222;2
223;2
224;1
225;0
226;2
227;2
228;1
229;0
230;0
231;0
232;0
233;0
234;0
235;2
236;1
237;0
238;0
239;0
240;0
241;0
242;0
243;0
244;0
245;2
246;2
247;0
248;0
249;0
250;1
251;0
252;2
253;0
254;0
255;1
256;0
257;0
258;1
259;0
260;0
261;0
262;2
263;2
264;1
265;0
266;2
267;2
268;1
269;0
270;0
271;0
272;1
273;1
274;0
275;2
276;2
277;0
278;2
279;2
280;2
281;2
282;2
283;0
284;2
285;2
286;2
287;1
288;0
289;2
290;0
291;1
292;0
293;0
294;0
295;2
296;0
297;0
298;0
299;0
300;0
301;0
302;0
303;2
304;1
305;0
306;0
307;0
308;1
309;0
310;0
311;0
312;1
313;0
314;0
315;0
316;2
317;0
318;1
319;2
320;2
321;0
322;0
323;0
324;0
325;2
326;1
327;0
328;1
329;0
330;2
331;2
332;0
333;0
334;0
335;0
336;2
337;0
338;2
339;1
340;0
341;0
342;2
343;0
344;1
345;0
346;0
347;2
348;1
349;0
350;0
351;0
352;2
353;2
354;0
355;0
356;2
357;0
358;0
359;1
360;0
361;0
362;0
363;1
364;0
365;1
366;0
367;0
368;1
369;0
370;0
371;0
372;2
373;1
374;2
375;1
376;1
377;2
378;0
379;1
380;2
381;0
382;0
383;1
384;0
385;0
386;1
387;0
388;1
389;0
390;0
391;0
392;0
393;0
394;0
395;0
396;1
397;0
398;0
399;2
400;2
401;0
402;2
403;2
404;0
405;0
406;0
407;0
408;2
409;2
410;2
411;2
412;0
413;1
414;0
415;1
416;0
417;0
418;0
419;0
420;2
421;0
422;0
423;0
424;0
425;0
426;0
427;0
428;1
429;0
430;2
431;0
432;2
433;0
434;0
435;2
436;0
437;0
438;0
439;0
440;2
441;2
442;0
443;0
444;1
445;0
446;0
447;0
448;0
449;2
450;1
451;0
452;0
453;0
454;0
455;2
456;1
457;0
458;0
459;0
460;0
461;2
462;2
463;2
464;2
465;0
466;2
467;0
468;0
469;0
470;0
471;0
472;0
473;0
474;2
475;1
476;0
477;0
478;0
479;0
480;2
481;0
482;1
483;0
484;1
485;0
486;0
487;0
488;1
489;0
490;0
491;0
492;0
493;1
494;0
495;2
496;0
497;2
498;0
499;2
500;0
501;1
502;1
503;0
504;2
505;0
506;0
507;0
508;2
509;0
510;2
511;0
512;2
513;0
514;2
515;2
516;0
517;0
518;2
519;2
520;0
521;0
522;0
523;0
524;0
525;0
526;1
527;0
528;0
529;0
530;1
531;0
532;0
533;2
534;2
535;0
536;1
537;0
538;0
539;0
540;2
541;0
542;1
543;0
544;0
545;0
546;2
547;2
548;0
549;1
550;0
551;0
552;2
553;2
554;2
555;2
556;0
557;0
558;0
559;1
560;0
561;0
562;2
563;0
564;0
565;0
566;0
567;0
568;0
569;0
570;2
571;1
572;0
573;0
574;0
575;2
576;2
577;0
578;1
579;0
580;2
581;0
582;0
583;0
584;0
585;0
586;2
587;2
588;2
589;0
590;2
591;1
592;0
593;0
594;0
595;0
596;0
597;0
598;0
599;1
600;2
601;0
602;0
603;0
604;0
605;2
606;2
607;2
608;0
609;0
610;2
611;1
612;0
613;0
614;0
615;1
616;0
617;0
618;0
619;1
620;2
621;2
622;2
623;0
624;1
625;0
626;0
627;0
628;0
629;0
630;0
631;0
632;2
633;2
634;0
635;2
636;0
637;0
638;2
639;0
640;0
641;0
642;2
643;0
644;2
645;1
646;0
647;2
648;2
649;2
650;0
651;0
652;0
653;0
654;1
655;0
656;0
657;2
658;0
659;0
660;0
661;0
662;0
663;2
664;1
665;0
666;2
667;1
668;0
669;0
670;0
671;0
672;0
673;0
674;2
675;2
676;2
677;0
678;0
679;0
680;2
681;0
682;1
683;0
684;1
685;1
686;0
687;0
688;0
689;2
690;0
691;2
692;0
693;2
694;1
695;1
696;1
697;0
698;0
699;2
700;2
701;0
702;1
703;1
704;0
705;0
706;0
707;1
708;0
709;1
710;0
711;1
712;0
713;0
714;2
715;2
716;2
717;0
718;2
719;2
720;4
721;2
722;0
723;0
724;0
725;0
726;0
727;0
728;1
729;0
730;0
731;0
732;0
733;2
734;2
735;0
736;0
737;2
738;0
739;0
740;0
741;1
742;1
743;0
744;0
745;0
746;0
747;0
748;0
749;0
750;2
751;0
752;0
753;0
754;0
755;0
756;0
757;0
758;1
759;1
760;0
761;0
762;0
763;2
764;2
765;0
766;2
767;2
768;2
769;0
770;2
771;0
772;0
773;0
774;2
775;2
776;2
777;0
778;0
779;0
780;0
781;0
782;0
783;0
784;0
785;0
786;0
787;1
788;0
789;1
790;0
791;2
792;0
793;0
794;2
795;0
796;0
797;0
798;2
799;0
800;1
801;0
802;0
803;0
804;2
805;0
806;0
807;0
808;0
809;1
810;0
811;0
812;1
813;1
814;0
815;0
816;0
817;0
818;2
819;2
820;1
821;0
822;0
823;1
824;0
825;1
826;0
827;2
828;2
829;0
830;1
831;1
832;0
833;0
834;2
835;0
836;0
837;0
838;2
839;0
840;0
841;0
842;2
843;0
844;1
845;0
846;0
847;0
848;1
849;2
850;2
851;2
852;2
853;0
854;0
855;0
856;2
857;1
858;0
859;1
860;0
861;2
862;0
863;0
864;0
865;0
866;0
867;0
868;2
869;0
870;0
871;2
872;0
873;0
874;0
875;1
876;0
877;0
878;0
879;2
880;1
881;0
882;0
883;2
884;4
885;0
886;2
887;2
888;2
889;0
890;0
891;0
892;2
893;1
894;2
895;2
896;2
897;0
898;0
899;0
900;1
901;0
902;2
903;2
904;0
905;1
906;0
907;2
908;1
909;0
910;2
911;1
912;2
913;0
914;0
915;0
916;2
917;0
918;0
919;0
920;2
921;0
922;0
923;2
924;0
925;1
926;0
927;1
928;0
929;0
930;0
931;0
932;2
933;2
934;0
935;0
936;0
937;0
938;2
939;0
940;2
941;0
942;0
943;0
944;0
945;0
946;2
947;2
948;0
949;0
950;2
951;2
952;0
953;0
954;0
955;2
956;4
957;0
958;2
959;1
960;0
961;0
962;0
963;0
964;2
965;0
966;0
967;0
968;0
969;0
970;0
971;0
972;0
973;0
974;0
975;0
976;0
977;0
978;0
979;0
980;0
981;2
982;0
983;1
984;1
985;2
986;1
987;0
988;0
989;2
990;0
991;0
992;1
993;0
994;0
995;0
996;0
997;2
998;0
999;2
1000;0
1001;1
1002;0
1003;1
1004;0
1005;0
1006;2
1007;1
1008;0
1009;0
1010;1
1011;0
1012;0
1013;0
1014;0
1015;1
1016;0
1017;0
1018;0
1019;0
1020;0
1021;0
1022;0
1023;0
