0;1
1;1
2;0
3;2
4;1
5;0
6;2
7;1
8;0
9;0
10;2
11;0
12;0
13;0
14;0
15;0
16;0
17;0
18;0
19;0
20;0
21;0
22;1
23;2
24;0
25;2
26;0
27;1
28;2
29;0
30;0
31;0
32;0
33;0
34;0
35;0
36;0
37;2
38;0
39;0
40;0
41;2
42;0
43;0
44;0
45;0
46;1
47;0
48;0
49;0
50;1
51;2
52;0
53;2
54;0
55;0
56;0
57;2
58;0
59;2
60;0
61;0
62;0
63;0
64;2
65;0
66;2
67;0
68;0
69;0
70;0
71;0
72;2
73;2
74;0
75;2
76;2
77;1
78;2
79;0
80;1
81;0
82;0
83;0
84;0
85;0
86;0
87;0
88;0
89;0
90;1
91;0
92;0
93;0
94;0
95;2
96;2
97;0
98;1
99;2
100;1
101;0
102;1
103;2
104;0
105;0
106;0
107;0
108;0
109;0
110;1
111;1
112;0
113;0
114;0
115;0
116;0
117;1
118;0
119;0
120;0
121;0
122;0
123;0
124;2
125;2
126;0
127;2
128;2
129;0
130;0
131;0
132;0
133;0
134;0
135;0
136;0
137;0
138;0
139;0
140;0
141;0
142;0
143;0
144;0
145;1
146;0
147;0
148;1
149;2
150;0
151;0
152;1
153;0
154;0
155;0
156;1
157;0
158;0
159;0
160;0
161;2
162;1
163;0
164;2
165;0
166;0
167;0
168;1
169;1
170;1
171;0
172;0
173;0
174;2
175;2
176;1
177;0
178;0
179;0
180;2
181;0
182;0
183;0
184;0
185;0
186;0
187;1
188;0
189;0
190;1
191;0
192;0
193;0
194;0
195;0
196;2
197;0
198;1
199;0
200;0
201;0
202;0
203;0
204;0
205;2
206;1
207;2
208;1
209;0
210;1
211;1
212;0
213;0
214;0
215;1
216;0
217;0
218;0
219;2
220;0
221;0
222;1
223;0
224;2
225;2
226;1
227;0
228;2
229;0
230;2
231;2
232;0
233;1
234;0
235;0
236;0
237;0
238;1
239;0
240;1
241;0
242;2
243;0
244;0
245;0
246;0
247;0
248;0
249;0
250;0
251;0
252;0
253;0
254;0
255;1
256;2
257;0
258;0
259;2
260;1
261;0
262;0
263;0
264;0
265;2
266;0
267;2
268;0
269;0
270;0
271;0
272;2
273;0
274;2
275;0
276;1
277;1
278;0
279;0
280;0
281;1
282;0
283;0
284;1
285;0
286;2
287;0
288;0
289;0
290;2
291;0
292;0
293;0
294;0
295;0
296;0
297;1
298;1
299;0
300;0
301;1
302;0
303;0
304;0
305;0
306;2
307;1
308;0
309;0
310;0
311;2
312;1
313;2
314;1
315;1
316;0
317;0
318;2
319;0
320;2
321;2
322;0
323;2
324;0
325;0
326;0
327;1
328;0
329;0
330;0
331;0
332;0
333;0
334;0
335;1
336;0
337;1
338;0
339;0
340;0
341;2
342;2
343;2
344;2
345;0
346;2
347;1
348;0
349;0
350;0
351;0
352;0
353;0
354;0
355;0
356;0
357;0
358;0
359;0
360;1
361;0
362;2
363;2
364;0
365;0
366;0
367;1
368;0
369;0
370;0
371;0
372;0
373;0
374;0
375;1
376;0
377;0
378;2
379;2
380;1
381;2
382;0
383;0
384;2
385;0
386;0
387;0
388;0
389;0
390;0
391;0
392;1
393;1
394;0
395;0
396;2
397;0
398;0
399;0
400;1
401;0
402;2
403;0
404;2
405;0
406;2
407;0
408;2
409;1
410;0
411;0
412;0
413;0
414;0
415;0
416;0
417;0
418;0
419;0
420;1
421;1
422;1
423;0
424;2
425;0
426;0
427;0
428;0
429;0
430;1
431;0
432;2
433;2
434;0
435;2
436;2
437;0
438;0
439;2
440;0
441;1
442;0
443;0
444;1
445;1
446;0
447;0
448;2
449;1
450;2
451;0
452;2
453;0
454;0
455;2
456;0
457;2
458;0
459;2
460;0
461;0
462;0
463;0
464;2
465;0
466;0
467;1
468;0
469;0
470;0
471;0
472;1
473;0
474;1
475;2
476;2
477;2
478;2
479;0
480;0
481;0
482;2
483;2
484;0
485;0
486;0
487;0
488;0
489;2
490;0
491;2
492;1
493;0
494;0
495;0
496;0
497;2
498;1
499;0
500;0
501;0
502;0
503;0
504;0
505;0
506;0
507;0
508;2
509;0
510;0
511;0
512;1
513;0
514;0
515;2
516;0
517;0
518;0
519;1
520;0
521;0
522;2
523;1
524;0
525;0
526;0
527;0
528;1
529;0
530;0
531;0
532;0
533;0
534;0
535;0
536;2
537;0
538;0
539;0
540;0
541;0
542;0
543;1
544;2
545;0
546;1
547;0
548;0
549;2
550;2
551;2
552;1
553;0
554;0
555;0
556;0
557;0
558;0
559;0
560;0
561;0
562;0
563;0
564;0
565;2
566;0
567;0
568;0
569;0
570;1
571;0
572;0
573;0
574;1
575;0
576;0
577;0
578;0
579;0
580;1
581;0
582;2
583;2
584;2
585;0
586;0
587;0
588;0
589;0
590;2
591;0
592;2
593;0
594;2
595;0
596;0
597;0
598;0
599;0
600;0
601;0
602;0
603;0
604;0
605;0
606;0
607;2
608;2
609;0
610;0
611;0
612;1
613;0
614;0
615;0
616;1
617;2
618;0
619;2
620;2
621;0
622;0
623;0
624;2
625;0
626;2
627;0
628;0
629;0
630;0
631;0
632;0
633;0
634;0
635;0
636;1
637;0
638;2
639;0
640;2
641;0
642;0
643;0
644;0
645;2
646;2
647;2
648;2
649;0
650;0
651;0
652;0
653;1
654;0
655;0
656;1
657;1
658;0
659;0
660;0
661;0
662;2
663;0
664;0
665;0
666;0
667;0
668;1
669;0
670;1
671;0
672;1
673;0
674;1
675;0
676;0
677;2
678;0
679;0
680;2
681;0
682;0
683;0
684;0
685;2
686;2
687;0
688;0
689;0
690;0
691;0
692;0
693;1
694;0
695;2
696;2
697;1
698;0
699;1
700;0
701;1
702;0
703;0
704;2
705;0
706;2
707;1
708;0
709;0
710;1
711;2
712;1
713;0
714;2
715;1
716;0
717;0
718;0
719;0
720;0
721;0
722;0
723;0
724;2
725;0
726;1
727;0
728;0
729;1
730;0
731;0
732;0
733;0
734;0
735;2
736;2
737;1
738;0
739;0
740;0
741;0
742;2
743;0
744;0
745;0
746;0
747;0
748;4
749;1
750;0
751;2
752;1
753;0
754;0
755;2
756;2
757;0
758;0
759;0
760;0
761;1
762;0
763;0
764;0
765;2
766;0
767;0
768;0
769;0
770;0
771;0
772;0
773;0
774;0
775;2
776;0
777;2
778;0
779;1
780;0
781;0
782;0
783;2
784;0
785;2
786;0
787;0
788;0
789;0
790;2
791;2
792;0
793;1
794;0
795;2
796;1
797;2
798;2
799;2
800;2
801;0
802;0
803;0
804;2
805;0
806;2
807;2
808;1
809;0
810;0
811;0
812;0
813;1
814;0
815;0
816;0
817;0
818;0
819;0
820;0
821;0
822;0
823;2
824;2
825;1
826;0
827;0
828;0
829;0
830;1
831;0
832;0
833;0
834;0
835;0
836;0
837;1
838;0
839;0
840;0
841;0
842;0
843;0
844;0
845;0
846;0
847;0
848;2
849;0
850;0
851;2
852;1
853;0
854;0
855;0
856;0
857;2
858;0
859;1
860;0
861;0
862;0
863;0
864;0
865;0
866;1
867;0
868;0
869;0
870;0
871;0
872;0
873;0
874;0
875;0
876;0
877;1
878;1
879;1
880;0
881;1
882;0
883;2
884;1
885;0
886;2
887;0
888;2
889;1
890;0
891;1
892;0
893;2
894;0
895;0
896;0
897;0
898;0
899;0
900;0
901;0
902;2
903;0
904;0
905;0
906;0
907;2
908;0
909;1
910;0
911;0
912;0
913;0
914;0
915;0
916;0
917;0
918;0
919;0
920;0
921;2
922;0
923;0
924;1
925;0
926;0
927;2
928;0
929;0
930;0
931;0
932;2
933;1
934;0
935;0
936;0
937;2
938;0
939;0
940;0
941;0
942;0
943;2
944;1
945;0
946;2
947;0
948;2
949;0
950;0
951;2
952;2
953;0
954;0
955;0
956;0
957;0
958;0
959;0
960;0
961;1
962;0
963;2
964;1
965;0
966;1
967;0
968;0
969;2
970;2
971;2
972;1
973;0
974;2
975;2
976;2
977;0
978;0
979;0
980;0
981;2
982;2
983;2
984;2
985;0
986;0
987;1
988;0
989;0
990;0
991;0
992;1
993;0
994;0
995;1
996;2
997;0
998;0
999;0
1000;2
1001;0
1002;0
1003;1
1004;0
1005;0
1006;0
1007;0
1008;0
1009;0
1010;0
1011;0
1012;0
1013;0
1014;0
1015;0
1016;0
1017;0
1018;0
1019;0
1020;0
1021;0
1022;0
1023;0
