0;0
1;0
2;0
3;0
4;2
5;0
6;0
7;2
8;2
9;0
10;2
11;0
12;1
13;0
14;0
15;0
16;2
17;1
18;0
19;0
20;2
21;1
22;1
23;0
24;1
25;0
26;2
27;2
28;2
29;0
30;0
31;2
32;0
33;0
34;0
35;0
36;0
37;0
38;2
39;0
40;0
41;0
42;0
43;0
44;2
45;0
46;1
47;0
48;0
49;0
50;1
51;0
52;0
53;0
54;0
55;0
56;0
57;0
58;1
59;2
60;1
61;0
62;0
63;1
64;0
65;0
66;0
67;0
68;0
69;0
70;0
71;1
72;0
73;0
74;0
75;0
76;1
77;0
78;0
79;0
80;2
81;0
82;0
83;0
84;1
85;2
86;0
87;0
88;0
89;2
90;1
91;0
92;0
93;0
94;1
95;0
96;0
97;0
98;2
99;0
100;0
101;0
102;1
103;0
104;0
105;0
106;0
107;0
108;1
109;0
110;0
111;2
112;2
113;0
114;2
115;2
116;2
117;0
118;0
119;0
120;0
121;2
122;0
123;0
124;1
125;0
126;0
127;0
128;1
129;0
130;0
131;0
132;0
133;0
134;1
135;0
136;2
137;0
138;1
139;0
140;1
141;0
142;0
143;0
144;0
145;0
146;2
147;0
148;2
149;2
150;0
151;0
152;0
153;2
154;1
155;2
156;1
157;0
158;0
159;0
160;0
161;0
162;0
163;0
164;0
165;0
166;0
167;0
168;0
169;0
170;1
171;0
172;0
173;2
174;1
175;0
176;0
177;0
178;0
179;0
180;0
181;0
182;0
183;0
184;0
185;0
186;0
187;2
188;1
189;0
190;0
191;1
192;0
193;0
194;0
195;2
196;0
197;0
198;2
199;0
200;2
201;0
202;0
203;0
204;0
205;0
206;0
207;0
208;0
209;0
210;1
211;0
212;0
213;1
214;0
215;1
216;2
217;2
218;1
219;0
220;2
221;0
222;2
223;0
224;0
225;0
226;0
227;0
228;0
229;0
230;0
231;0
232;0
233;2
234;0
235;2
236;1
237;0
238;0
239;0
240;0
241;2
242;2
243;0
244;0
245;0
246;0
247;2
248;0
249;0
250;0
251;0
252;0
253;1
254;0
255;2
256;1
257;0
258;0
259;0
260;0
261;0
262;0
263;2
264;2
265;0
266;1
267;0
268;0
269;0
270;2
271;1
272;0
273;0
274;2
275;1
276;1
277;0
278;0
279;0
280;2
281;0
282;2
283;0
284;0
285;0
286;0
287;0
288;1
289;0
290;0
291;0
292;1
293;0
294;2
295;2
296;1
297;0
298;2
299;0
300;1
301;0
302;0
303;2
304;2
305;0
306;2
307;2
308;0
309;0
310;0
311;2
312;1
313;0
314;0
315;0
316;0
317;0
318;0
319;0
320;0
321;0
322;0
323;0
324;2
325;0
326;1
327;0
328;0
329;0
330;0
331;2
332;2
333;0
334;0
335;0
336;0
337;0
338;0
339;0
340;0
341;1
342;0
343;0
344;0
345;0
346;0
347;0
348;0
349;0
350;0
351;0
352;1
353;0
354;0
355;2
356;0
357;0
358;0
359;0
360;0
361;0
362;0
363;0
364;0
365;0
366;0
367;0
368;0
369;0
370;1
371;0
372;2
373;0
374;0
375;2
376;1
377;0
378;1
379;0
380;0
381;0
382;1
383;0
384;0
385;0
386;2
387;0
388;1
389;0
390;0
391;1
392;0
393;0
394;1
395;0
396;0
397;0
398;2
399;0
400;2
401;0
402;1
403;0
404;2
405;1
406;1
407;0
408;0
409;1
410;0
411;0
412;0
413;0
414;0
415;0
416;1
417;0
418;0
419;0
420;0
421;0
422;2
423;2
424;2
425;1
426;0
427;0
428;0
429;0
430;0
431;0
432;2
433;2
434;0
435;2
436;4
437;2
438;1
439;0
440;0
441;0
442;0
443;0
444;2
445;2
446;0
447;0
448;0
449;2
450;1
451;0
452;0
453;2
454;2
455;2
456;2
457;0
458;2
459;2
460;2
461;0
462;0
463;2
464;0
465;0
466;0
467;2
468;1
469;0
470;2
471;2
472;4
473;0
474;0
475;2
476;0
477;0
478;0
479;0
480;2
481;0
482;0
483;0
484;2
485;2
486;1
487;0
488;0
489;0
490;2
491;0
492;0
493;2
494;0
495;2
496;2
497;0
498;0
499;0
500;0
501;2
502;1
503;0
504;1
505;0
506;1
507;0
508;0
509;0
510;0
511;0
512;2
513;2
514;2
515;0
516;1
517;0
518;0
519;1
520;0
521;2
522;0
523;0
524;0
525;0
526;1
527;0
528;0
529;1
530;0
531;1
532;0
533;0
534;0
535;0
536;0
537;0
538;2
539;2
540;2
541;0
542;0
543;2
544;0
545;0
546;0
547;1
548;0
549;0
550;0
551;0
552;0
553;0
554;2
555;2
556;0
557;0
558;0
559;0
560;0
561;0
562;0
563;2
564;0
565;0
566;0
567;0
568;2
569;0
570;2
571;0
572;0
573;0
574;2
575;0
576;2
577;2
578;0
579;0
580;2
581;1
582;0
583;0
584;2
585;0
586;2
587;0
588;2
589;2
590;0
591;0
592;1
593;0
594;0
595;0
596;0
597;0
598;0
599;0
600;0
601;0
602;0
603;0
604;2
605;1
606;0
607;0
608;0
609;0
610;2
611;0
612;1
613;0
614;0
615;1
616;0
617;0
618;0
619;2
620;1
621;0
622;2
623;0
624;0
625;0
626;2
627;0
628;2
629;2
630;0
631;0
632;0
633;0
634;0
635;1
636;0
637;0
638;0
639;0
640;0
641;1
642;0
643;0
644;1
645;0
646;2
647;2
648;2
649;0
650;2
651;2
652;2
653;0
654;1
655;0
656;0
657;2
658;0
659;0
660;0
661;1
662;0
663;0
664;0
665;0
666;0
667;0
668;2
669;0
670;2
671;0
672;0
673;0
674;0
675;1
676;2
677;2
678;1
679;0
680;2
681;0
682;2
683;0
684;0
685;1
686;0
687;0
688;2
689;0
690;2
691;0
692;0
693;0
694;0
695;0
696;0
697;0
698;0
699;1
700;0
701;0
702;0
703;0
704;1
705;1
706;0
707;0
708;2
709;0
710;0
711;0
712;0
713;2
714;2
715;0
716;2
717;0
718;0
719;0
720;1
721;0
722;0
723;0
724;1
725;0
726;0
727;0
728;0
729;1
730;0
731;0
732;0
733;0
734;0
735;0
736;0
737;0
738;1
739;0
740;0
741;0
742;0
743;0
744;0
745;0
746;2
747;2
748;1
749;1
750;1
751;0
752;0
753;0
754;0
755;0
756;0
757;0
758;2
759;2
760;0
761;0
762;0
763;2
764;2
765;0
766;0
767;1
768;2
769;0
770;0
771;0
772;0
773;0
774;0
775;2
776;0
777;0
778;0
779;1
780;0
781;0
782;2
783;2
784;1
785;0
786;0
787;0
788;2
789;0
790;2
791;2
792;2
793;0
794;0
795;0
796;2
797;0
798;1
799;2
800;2
801;0
802;2
803;0
804;0
805;0
806;0
807;0
808;0
809;0
810;2
811;1
812;0
813;2
814;0
815;0
816;0
817;2
818;2
819;1
820;1
821;0
822;0
823;0
824;1
825;0
826;2
827;2
828;1
829;0
830;0
831;2
832;2
833;0
834;2
835;2
836;0
837;0
838;2
839;2
840;2
841;0
842;0
843;0
844;0
845;0
846;2
847;0
848;1
849;0
850;0
851;0
852;0
853;2
854;1
855;0
856;0
857;0
858;1
859;0
860;0
861;0
862;0
863;0
864;0
865;0
866;0
867;0
868;0
869;1
870;0
871;1
872;0
873;2
874;2
875;0
876;2
877;2
878;1
879;0
880;0
881;0
882;0
883;0
884;2
885;0
886;1
887;0
888;2
889;0
890;2
891;0
892;0
893;0
894;0
895;0
896;0
897;2
898;1
899;0
900;2
901;0
902;0
903;0
904;1
905;0
906;0
907;0
908;0
909;0
910;1
911;0
912;1
913;0
914;0
915;0
916;0
917;1
918;0
919;1
920;0
921;2
922;0
923;2
924;1
925;0
926;2
927;2
928;1
929;0
930;0
931;1
932;2
933;0
934;2
935;2
936;2
937;0
938;2
939;0
940;0
941;0
942;0
943;0
944;0
945;2
946;0
947;0
948;0
949;0
950;0
951;2
952;0
953;0
954;0
955;1
956;0
957;2
958;0
959;0
960;2
961;0
962;0
963;1
964;0
965;1
966;0
967;0
968;0
969;0
970;0
971;0
972;2
973;0
974;0
975;0
976;1
977;0
978;0
979;0
980;2
981;1
982;1
983;0
984;1
985;0
986;0
987;2
988;1
989;2
990;1
991;0
992;2
993;0
994;0
995;2
996;1
997;1
998;1
999;1
1000;2
1001;0
1002;2
1003;2
1004;1
1005;1
1006;0
1007;1
1008;0
1009;0
1010;0
1011;2
1012;0
1013;0
1014;1
1015;0
1016;0
1017;0
1018;0
1019;0
1020;0
1021;0
1022;0
1023;0
