0;0
1;0
2;0
3;2
4;4
5;0
6;1
7;1
8;0
9;0
10;2
11;0
12;2
13;0
14;0
15;0
16;0
17;0
18;0
19;2
20;1
21;0
22;2
23;1
24;0
25;0
26;0
27;2
28;2
29;0
30;0
31;0
32;0
33;0
34;0
35;0
36;0
37;0
38;0
39;2
40;1
41;0
42;0
43;0
44;2
45;0
46;2
47;0
48;0
49;0
50;0
51;0
52;0
53;0
54;0
55;0
56;0
57;1
58;1
59;2
60;0
61;0
62;0
63;0
64;0
65;0
66;2
67;0
68;1
69;0
70;0
71;2
72;1
73;0
74;0
75;0
76;0
77;0
78;2
79;0
80;2
81;0
82;2
83;0
84;0
85;2
86;0
87;0
88;0
89;0
90;2
91;2
92;1
93;0
94;0
95;2
96;1
97;0
98;2
99;1
100;0
101;0
102;0
103;0
104;2
105;0
106;2
107;0
108;2
109;0
110;2
111;0
112;2
113;0
114;2
115;2
116;0
117;0
118;0
119;0
120;0
121;0
122;1
123;0
124;1
125;0
126;0
127;2
128;1
129;0
130;1
131;2
132;0
133;0
134;2
135;0
136;0
137;0
138;0
139;0
140;0
141;0
142;0
143;0
144;0
145;2
146;2
147;0
148;2
149;1
150;0
151;0
152;1
153;0
154;2
155;0
156;0
157;0
158;2
159;0
160;1
161;0
162;0
163;0
164;0
165;2
166;2
167;2
168;1
169;0
170;2
171;0
172;0
173;0
174;0
175;0
176;0
177;0
178;0
179;0
180;0
181;2
182;0
183;0
184;0
185;2
186;0
187;2
188;2
189;0
190;0
191;0
192;0
193;0
194;0
195;0
196;0
197;0
198;0
199;0
200;0
201;0
202;0
203;0
204;0
205;2
206;2
207;0
208;2
209;0
210;0
211;2
212;2
213;2
214;1
215;0
216;2
217;2
218;2
219;2
220;0
221;0
222;1
223;0
224;0
225;0
226;0
227;2
228;0
229;0
230;2
231;1
232;0
233;0
234;0
235;2
236;4
237;0
238;2
239;1
240;0
241;2
242;2
243;0
244;2
245;1
246;2
247;2
248;0
249;2
250;1
251;2
252;2
253;0
254;0
255;0
256;0
257;0
258;0
259;1
260;0
261;1
262;0
263;2
264;1
265;0
266;0
267;1
268;1
269;0
270;2
271;2
272;2
273;0
274;0
275;0
276;0
277;0
278;0
279;0
280;2
281;1
282;0
283;0
284;0
285;2
286;1
287;0
288;1
289;0
290;2
291;0
292;0
293;0
294;0
295;0
296;1
297;0
298;0
299;0
300;0
301;0
302;2
303;0
304;2
305;0
306;0
307;0
308;1
309;0
310;2
311;2
312;1
313;0
314;0
315;2
316;2
317;0
318;2
319;2
320;2
321;2
322;0
323;0
324;2
325;2
326;2
327;0
328;2
329;0
330;0
331;0
332;0
333;0
334;0
335;0
336;0
337;0
338;0
339;0
340;0
341;1
342;1
343;0
344;0
345;1
346;0
347;0
348;0
349;0
350;0
351;2
352;1
353;0
354;0
355;0
356;0
357;0
358;0
359;0
360;0
361;0
362;0
363;0
364;0
365;0
366;0
367;0
368;1
369;0
370;0
371;2
372;1
373;0
374;0
375;1
376;2
377;0
378;2
379;2
380;2
381;2
382;2
383;0
384;0
385;0
386;0
387;0
388;0
389;1
390;0
391;0
392;1
393;0
394;1
395;0
396;2
397;0
398;0
399;0
400;2
401;2
402;2
403;1
404;0
405;2
406;1
407;0
408;0
409;0
410;0
411;0
412;0
413;0
414;1
415;0
416;0
417;2
418;0
419;0
420;0
421;0
422;0
423;2
424;1
425;0
426;0
427;0
428;0
429;0
430;0
431;0
432;0
433;0
434;2
435;2
436;0
437;0
438;1
439;0
440;0
441;2
442;2
443;0
444;0
445;0
446;2
447;0
448;2
449;0
450;2
451;2
452;2
453;2
454;0
455;2
456;2
457;0
458;2
459;0
460;0
461;0
462;0
463;0
464;1
465;2
466;1
467;0
468;0
469;0
470;2
471;0
472;0
473;0
474;2
475;0
476;2
477;0
478;0
479;1
480;0
481;0
482;0
483;0
484;0
485;0
486;1
487;0
488;0
489;0
490;0
491;0
492;2
493;0
494;2
495;2
496;2
497;0
498;0
499;0
500;1
501;0
502;0
503;0
504;0
505;0
506;0
507;2
508;2
509;2
510;0
511;0
512;0
513;2
514;0
515;0
516;0
517;0
518;1
519;0
520;1
521;0
522;0
523;1
524;1
525;0
526;0
527;0
528;0
529;0
530;1
531;0
532;1
533;0
534;0
535;2
536;2
537;0
538;2
539;0
540;2
541;0
542;0
543;0
544;2
545;2
546;0
547;0
548;0
549;0
550;0
551;2
552;0
553;0
554;0
555;0
556;0
557;0
558;2
559;1
560;0
561;0
562;0
563;0
564;0
565;0
566;0
567;0
568;1
569;0
570;2
571;0
572;0
573;0
574;0
575;2
576;1
577;0
578;0
579;2
580;2
581;0
582;2
583;2
584;2
585;0
586;2
587;0
588;2
589;0
590;0
591;0
592;2
593;1
594;0
595;2
596;0
597;1
598;0
599;0
600;0
601;0
602;0
603;0
604;1
605;0
606;0
607;2
608;1
609;0
610;0
611;2
612;0
613;0
614;2
615;0
616;1
617;0
618;0
619;0
620;1
621;0
622;2
623;2
624;1
625;0
626;0
627;2
628;0
629;2
630;2
631;0
632;0
633;0
634;0
635;0
636;2
637;0
638;0
639;1
640;0
641;0
642;0
643;0
644;0
645;2
646;2
647;0
648;0
649;2
650;0
651;0
652;2
653;2
654;2
655;0
656;0
657;0
658;1
659;1
660;0
661;1
662;1
663;0
664;1
665;0
666;2
667;1
668;0
669;0
670;0
671;2
672;4
673;2
674;2
675;2
676;2
677;0
678;0
679;0
680;2
681;0
682;0
683;0
684;2
685;2
686;2
687;2
688;0
689;0
690;0
691;2
692;0
693;0
694;0
695;2
696;2
697;0
698;0
699;0
700;2
701;0
702;0
703;0
704;0
705;0
706;2
707;0
708;0
709;2
710;0
711;0
712;2
713;0
714;2
715;0
716;0
717;0
718;0
719;0
720;2
721;0
722;0
723;0
724;1
725;0
726;0
727;2
728;0
729;2
730;0
731;0
732;2
733;0
734;0
735;0
736;0
737;0
738;0
739;0
740;1
741;0
742;0
743;0
744;0
745;0
746;0
747;1
748;0
749;1
750;0
751;0
752;0
753;2
754;0
755;0
756;0
757;0
758;2
759;2
760;2
761;1
762;0
763;1
764;2
765;0
766;2
767;0
768;2
769;0
770;0
771;0
772;1
773;0
774;0
775;0
776;2
777;1
778;1
779;0
780;2
781;0
782;2
783;2
784;0
785;0
786;0
787;0
788;0
789;0
790;0
791;0
792;0
793;1
794;0
795;0
796;0
797;2
798;0
799;2
800;2
801;0
802;2
803;0
804;1
805;0
806;0
807;0
808;0
809;1
810;0
811;0
812;2
813;0
814;2
815;0
816;0
817;2
818;2
819;0
820;2
821;0
822;0
823;0
824;1
825;0
826;0
827;0
828;0
829;2
830;0
831;0
832;0
833;2
834;0
835;2
836;0
837;0
838;1
839;0
840;1
841;2
842;2
843;2
844;2
845;0
846;2
847;0
848;2
849;1
850;0
851;0
852;0
853;0
854;0
855;0
856;0
857;1
858;0
859;0
860;2
861;1
862;0
863;0
864;1
865;0
866;1
867;0
868;1
869;0
870;0
871;0
872;2
873;0
874;0
875;0
876;0
877;0
878;1
879;0
880;1
881;0
882;0
883;2
884;2
885;0
886;2
887;2
888;2
889;0
890;2
891;0
892;0
893;0
894;0
895;0
896;1
897;1
898;0
899;0
900;1
901;0
902;2
903;0
904;1
905;0
906;0
907;0
908;0
909;0
910;0
911;0
912;2
913;0
914;1
915;0
916;0
917;2
918;0
919;0
920;0
921;0
922;1
923;2
924;1
925;0
926;2
927;0
928;2
929;0
930;0
931;0
932;0
933;2
934;0
935;2
936;0
937;0
938;1
939;0
940;0
941;0
942;2
943;1
944;0
945;0
946;0
947;0
948;0
949;0
950;2
951;0
952;0
953;0
954;2
955;0
956;1
957;0
958;1
959;0
960;2
961;2
962;1
963;0
964;1
965;0
966;0
967;0
968;1
969;0
970;2
971;0
972;1
973;0
974;0
975;1
976;0
977;0
978;0
979;2
980;2
981;1
982;0
983;2
984;0
985;1
986;1
987;0
988;1
989;0
990;2
991;0
992;0
993;1
994;0
995;0
996;1
997;0
998;0
999;0
1000;2
1001;0
1002;0
1003;0
1004;0
1005;0
1006;2
1007;1
1008;0
1009;0
1010;0
1011;0
1012;0
1013;0
1014;0
1015;0
1016;0
1017;0
1018;0
1019;0
1020;0
1021;0
1022;0
1023;0
