0;1
1;0
2;0
3;2
4;2
5;0
6;0
7;2
8;2
9;0
10;2
11;0
12;1
13;0
14;1
15;0
16;0
17;2
18;2
19;0
20;0
21;2
22;0
23;1
24;1
25;0
26;0
27;0
28;0
29;0
30;0
31;0
32;0
33;0
34;2
35;0
36;2
37;0
38;1
39;0
40;2
41;1
42;1
43;0
44;0
45;2
46;2
47;0
48;0
49;2
50;0
51;0
52;2
53;0
54;0
55;0
56;0
57;1
58;0
59;0
60;1
61;0
62;0
63;2
64;0
65;0
66;0
67;0
68;0
69;0
70;0
71;0
72;0
73;0
74;0
75;1
76;1
77;0
78;1
79;0
80;0
81;1
82;2
83;0
84;0
85;0
86;0
87;0
88;1
89;0
90;0
91;1
92;0
93;0
94;0
95;0
96;0
97;0
98;0
99;0
100;0
101;0
102;0
103;2
104;2
105;0
106;0
107;2
108;4
109;0
110;2
111;2
112;2
113;0
114;2
115;0
116;1
117;0
118;2
119;0
120;2
121;0
122;0
123;0
124;0
125;0
126;0
127;0
128;0
129;1
130;0
131;0
132;0
133;2
134;2
135;1
136;0
137;0
138;1
139;0
140;0
141;0
142;0
143;0
144;0
145;2
146;0
147;0
148;2
149;0
150;0
151;0
152;2
153;0
154;0
155;0
156;0
157;0
158;2
159;1
160;0
161;0
162;0
163;2
164;2
165;0
166;2
167;2
168;2
169;2
170;2
171;2
172;2
173;2
174;0
175;0
176;0
177;0
178;1
179;0
180;0
181;0
182;2
183;0
184;0
185;0
186;0
187;0
188;1
189;0
190;0
191;0
192;4
193;0
194;2
195;2
196;0
197;0
198;2
199;0
200;2
201;1
202;2
203;0
204;0
205;0
206;2
207;0
208;0
209;0
210;0
211;0
212;0
213;1
214;2
215;0
216;1
217;0
218;2
219;2
220;1
221;1
222;0
223;2
224;1
225;0
226;2
227;2
228;2
229;0
230;2
231;0
232;2
233;0
234;0
235;0
236;0
237;0
238;0
239;0
240;1
241;0
242;0
243;0
244;0
245;2
246;2
247;0
248;0
249;2
250;2
251;2
252;0
253;0
254;0
255;1
256;0
257;0
258;0
259;0
260;0
261;2
262;0
263;0
264;0
265;2
266;0
267;0
268;1
269;0
270;2
271;0
272;1
273;2
274;0
275;2
276;0
277;1
278;0
279;0
280;0
281;0
282;1
283;0
284;0
285;1
286;0
287;0
288;0
289;0
290;2
291;0
292;0
293;2
294;2
295;0
296;2
297;2
298;1
299;0
300;2
301;0
302;2
303;0
304;0
305;2
306;0
307;0
308;0
309;1
310;0
311;0
312;0
313;0
314;0
315;0
316;0
317;0
318;0
319;2
320;2
321;0
322;0
323;1
324;0
325;1
326;0
327;0
328;0
329;0
330;2
331;0
332;0
333;0
334;0
335;0
336;1
337;0
338;2
339;2
340;1
341;0
342;0
343;0
344;0
345;0
346;2
347;0
348;0
349;1
350;1
351;2
352;2
353;2
354;2
355;0
356;0
357;2
358;1
359;0
360;4
361;2
362;0
363;0
364;2
365;1
366;2
367;0
368;2
369;0
370;2
371;0
372;0
373;0
374;2
375;2
376;0
377;0
378;0
379;0
380;2
381;2
382;1
383;0
384;2
385;0
386;2
387;0
388;0
389;2
390;0
391;0
392;0
393;2
394;2
395;0
396;0
397;0
398;2
399;2
400;0
401;0
402;0
403;0
404;0
405;0
406;0
407;0
408;1
409;0
410;0
411;2
412;1
413;0
414;0
415;2
416;2
417;0
418;2
419;0
420;2
421;0
422;2
423;2
424;2
425;0
426;0
427;0
428;0
429;0
430;2
431;0
432;0
433;0
434;0
435;0
436;1
437;0
438;0
439;0
440;1
441;0
442;2
443;0
444;0
445;0
446;2
447;2
448;2
449;1
450;0
451;2
452;0
453;1
454;0
455;0
456;2
457;1
458;0
459;0
460;1
461;0
462;0
463;0
464;0
465;0
466;0
467;0
468;0
469;0
470;0
471;1
472;0
473;0
474;2
475;1
476;0
477;0
478;0
479;0
480;0
481;0
482;0
483;0
484;0
485;1
486;0
487;1
488;1
489;0
490;2
491;2
492;0
493;0
494;0
495;2
496;4
497;0
498;2
499;1
500;0
501;0
502;2
503;0
504;1
505;0
506;0
507;0
508;2
509;1
510;0
511;0
512;0
513;0
514;0
515;1
516;0
517;0
518;0
519;0
520;4
521;0
522;2
523;2
524;1
525;0
526;2
527;0
528;1
529;0
530;2
531;0
532;0
533;2
534;2
535;0
536;0
537;0
538;0
539;0
540;1
541;0
542;0
543;0
544;1
545;0
546;0
547;2
548;2
549;1
550;0
551;0
552;0
553;0
554;0
555;0
556;0
557;0
558;0
559;0
560;2
561;0
562;2
563;1
564;0
565;2
566;0
567;0
568;0
569;2
570;2
571;0
572;0
573;2
574;1
575;2
576;0
577;0
578;0
579;0
580;0
581;0
582;0
583;0
584;2
585;0
586;0
587;0
588;0
589;0
590;0
591;0
592;0
593;0
594;0
595;0
596;1
597;0
598;0
599;0
600;0
601;0
602;0
603;2
604;1
605;2
606;0
607;2
608;2
609;0
610;2
611;2
612;2
613;0
614;0
615;0
616;0
617;2
618;1
619;0
620;0
621;2
622;2
623;0
624;1
625;1
626;0
627;2
628;2
629;0
630;2
631;0
632;2
633;0
634;0
635;0
636;0
637;0
638;0
639;0
640;2
641;2
642;0
643;0
644;0
645;0
646;0
647;0
648;0
649;0
650;0
651;0
652;0
653;1
654;2
655;0
656;2
657;0
658;0
659;0
660;0
661;0
662;1
663;2
664;2
665;0
666;0
667;0
668;2
669;0
670;0
671;0
672;2
673;0
674;2
675;0
676;0
677;0
678;2
679;0
680;0
681;0
682;0
683;2
684;2
685;0
686;0
687;0
688;0
689;1
690;1
691;0
692;1
693;1
694;0
695;0
696;1
697;0
698;0
699;0
700;0
701;0
702;0
703;0
704;0
705;0
706;0
707;2
708;0
709;0
710;0
711;0
712;0
713;0
714;2
715;0
716;0
717;0
718;0
719;0
720;0
721;1
722;0
723;0
724;2
725;0
726;2
727;2
728;0
729;0
730;0
731;0
732;0
733;2
734;0
735;2
736;1
737;0
738;1
739;2
740;1
741;0
742;0
743;0
744;0
745;2
746;0
747;1
748;0
749;1
750;0
751;1
752;0
753;0
754;0
755;2
756;0
757;2
758;0
759;0
760;1
761;0
762;0
763;0
764;0
765;0
766;0
767;0
768;0
769;0
770;0
771;0
772;2
773;2
774;0
775;0
776;2
777;2
778;0
779;0
780;2
781;0
782;0
783;0
784;1
785;0
786;2
787;0
788;0
789;0
790;0
791;0
792;1
793;0
794;2
795;0
796;0
797;0
798;2
799;2
800;0
801;2
802;0
803;0
804;0
805;0
806;0
807;0
808;0
809;2
810;0
811;2
812;0
813;0
814;0
815;0
816;0
817;2
818;2
819;0
820;0
821;0
822;0
823;0
824;1
825;2
826;0
827;2
828;4
829;0
830;0
831;2
832;0
833;0
834;0
835;0
836;1
837;0
838;0
839;0
840;0
841;1
842;0
843;0
844;2
845;0
846;0
847;1
848;0
849;0
850;0
851;0
852;0
853;0
854;0
855;0
856;0
857;0
858;1
859;0
860;0
861;0
862;0
863;0
864;0
865;2
866;2
867;0
868;1
869;1
870;2
871;0
872;2
873;0
874;0
875;0
876;0
877;0
878;0
879;1
880;2
881;2
882;2
883;2
884;1
885;0
886;0
887;2
888;1
889;0
890;0
891;1
892;0
893;2
894;2
895;1
896;0
897;0
898;0
899;0
900;0
901;2
902;0
903;2
904;1
905;0
906;1
907;2
908;0
909;2
910;2
911;0
912;0
913;0
914;2
915;0
916;0
917;0
918;2
919;0
920;0
921;0
922;1
923;0
924;0
925;2
926;0
927;0
928;0
929;2
930;0
931;0
932;1
933;1
934;0
935;0
936;0
937;0
938;0
939;0
940;0
941;1
942;0
943;0
944;0
945;0
946;0
947;0
948;0
949;0
950;0
951;2
952;0
953;0
954;2
955;2
956;2
957;0
958;1
959;1
960;0
961;0
962;0
963;2
964;0
965;0
966;0
967;0
968;0
969;0
970;0
971;0
972;2
973;2
974;2
975;0
976;0
977;2
978;2
979;0
980;2
981;0
982;1
983;1
984;0
985;0
986;1
987;0
988;2
989;0
990;2
991;1
992;0
993;2
994;2
995;1
996;0
997;0
998;1
999;0
1000;0
1001;2
1002;0
1003;1
1004;0
1005;2
1006;2
1007;0
1008;0
1009;0
1010;0
1011;0
1012;0
1013;0
1014;1
1015;0
1016;0
1017;0
1018;0
1019;0
1020;0
1021;0
1022;0
1023;0
