0;1
1;0
2;0
3;2
4;2
5;0
6;2
7;2
8;2
9;0
10;4
11;0
12;2
13;0
14;0
15;0
16;0
17;0
18;2
19;2
20;2
21;1
22;0
23;2
24;2
25;0
26;2
27;2
28;0
29;0
30;0
31;0
32;0
33;0
34;0
35;0
36;0
37;1
38;0
39;0
40;1
41;0
42;0
43;0
44;4
45;0
46;2
47;2
48;2
49;0
50;0
51;0
52;2
53;1
54;2
55;0
56;0
57;0
58;0
59;0
60;0
61;0
62;0
63;0
64;0
65;0
66;2
67;0
68;1
69;0
70;0
71;2
72;2
73;1
74;0
75;0
76;2
77;0
78;0
79;0
80;1
81;0
82;0
83;2
84;2
85;0
86;0
87;0
88;1
89;0
90;0
91;0
92;0
93;0
94;2
95;2
96;0
97;0
98;1
99;0
100;1
101;0
102;0
103;2
104;2
105;0
106;2
107;2
108;2
109;0
110;2
111;0
112;0
113;0
114;0
115;0
116;0
117;0
118;0
119;2
120;2
121;0
122;2
123;2
124;1
125;2
126;0
127;0
128;0
129;2
130;2
131;1
132;0
133;0
134;2
135;0
136;0
137;0
138;0
139;0
140;0
141;0
142;0
143;0
144;0
145;0
146;0
147;0
148;0
149;0
150;0
151;0
152;0
153;0
154;0
155;0
156;0
157;1
158;2
159;0
160;0
161;1
162;1
163;0
164;0
165;0
166;0
167;0
168;2
169;0
170;2
171;0
172;0
173;0
174;0
175;0
176;0
177;0
178;1
179;0
180;0
181;0
182;2
183;0
184;1
185;0
186;0
187;1
188;0
189;0
190;0
191;2
192;0
193;0
194;0
195;0
196;0
197;0
198;1
199;0
200;0
201;0
202;0
203;0
204;0
205;0
206;0
207;0
208;0
209;0
210;0
211;0
212;2
213;0
214;1
215;0
216;2
217;0
218;2
219;0
220;0
221;0
222;0
223;1
224;2
225;0
226;1
227;0
228;0
229;0
230;0
231;2
232;4
233;0
234;2
235;0
236;2
237;0
238;0
239;0
240;2
241;0
242;2
243;0
244;0
245;0
246;0
247;0
248;0
249;0
250;0
251;0
252;0
253;0
254;0
255;2
256;1
257;0
258;0
259;0
260;0
261;2
262;2
263;2
264;0
265;0
266;0
267;0
268;1
269;1
270;0
271;0
272;2
273;2
274;2
275;1
276;0
277;0
278;0
279;2
280;0
281;0
282;1
283;0
284;2
285;0
286;0
287;0
288;0
289;0
290;2
291;1
292;0
293;0
294;2
295;0
296;2
297;2
298;1
299;0
300;1
301;0
302;0
303;0
304;0
305;1
306;0
307;0
308;1
309;1
310;0
311;0
312;2
313;0
314;0
315;0
316;0
317;0
318;0
319;0
320;2
321;0
322;2
323;2
324;2
325;0
326;0
327;0
328;0
329;0
330;0
331;0
332;0
333;0
334;0
335;0
336;0
337;0
338;0
339;0
340;0
341;0
342;0
343;0
344;1
345;0
346;0
347;2
348;2
349;0
350;2
351;2
352;2
353;0
354;0
355;2
356;1
357;0
358;0
359;0
360;0
361;0
362;0
363;0
364;1
365;0
366;0
367;1
368;2
369;0
370;0
371;0
372;2
373;1
374;2
375;0
376;0
377;0
378;0
379;0
380;2
381;0
382;1
383;0
384;2
385;0
386;0
387;2
388;2
389;0
390;1
391;0
392;0
393;1
394;0
395;1
396;0
397;0
398;0
399;0
400;1
401;0
402;0
403;0
404;1
405;2
406;0
407;2
408;1
409;0
410;0
411;0
412;0
413;0
414;2
415;2
416;0
417;0
418;0
419;2
420;2
421;0
422;2
423;2
424;0
425;0
426;2
427;2
428;2
429;0
430;0
431;0
432;0
433;0
434;1
435;0
436;0
437;2
438;2
439;1
440;0
441;1
442;0
443;0
444;0
445;0
446;0
447;0
448;0
449;2
450;2
451;2
452;2
453;0
454;2
455;0
456;0
457;1
458;0
459;0
460;0
461;0
462;0
463;0
464;2
465;0
466;0
467;1
468;0
469;0
470;2
471;0
472;2
473;0
474;0
475;2
476;2
477;2
478;2
479;0
480;2
481;0
482;2
483;0
484;1
485;0
486;0
487;0
488;1
489;1
490;0
491;0
492;0
493;0
494;2
495;2
496;0
497;0
498;0
499;0
500;2
501;0
502;0
503;2
504;2
505;0
506;0
507;0
508;0
509;0
510;2
511;0
512;0
513;0
514;0
515;2
516;0
517;2
518;0
519;2
520;1
521;1
522;2
523;0
524;0
525;0
526;2
527;1
528;0
529;0
530;0
531;2
532;2
533;2
534;2
535;0
536;2
537;0
538;2
539;2
540;2
541;0
542;0
543;0
544;0
545;0
546;2
547;1
548;0
549;0
550;0
551;0
552;0
553;0
554;0
555;0
556;0
557;0
558;0
559;0
560;0
561;2
562;0
563;1
564;0
565;0
566;1
567;0
568;0
569;0
570;0
571;0
572;0
573;0
574;0
575;0
576;0
577;2
578;2
579;0
580;2
581;2
582;0
583;0
584;0
585;0
586;0
587;2
588;0
589;0
590;0
591;0
592;0
593;0
594;2
595;2
596;0
597;0
598;0
599;0
600;1
601;0
602;0
603;1
604;0
605;0
606;2
607;2
608;0
609;0
610;0
611;0
612;2
613;0
614;0
615;0
616;1
617;2
618;2
619;2
620;2
621;2
622;2
623;0
624;2
625;0
626;2
627;0
628;0
629;2
630;0
631;0
632;1
633;0
634;0
635;0
636;0
637;0
638;0
639;0
640;1
641;0
642;0
643;0
644;0
645;1
646;0
647;0
648;0
649;1
650;2
651;1
652;0
653;0
654;1
655;0
656;2
657;0
658;0
659;2
660;0
661;0
662;0
663;0
664;0
665;0
666;0
667;0
668;0
669;1
670;0
671;0
672;1
673;0
674;0
675;2
676;2
677;0
678;1
679;0
680;2
681;0
682;0
683;0
684;0
685;0
686;0
687;0
688;4
689;2
690;2
691;0
692;1
693;0
694;2
695;2
696;1
697;0
698;1
699;0
700;2
701;0
702;2
703;2
704;2
705;0
706;2
707;0
708;0
709;2
710;0
711;0
712;0
713;0
714;2
715;0
716;1
717;0
718;0
719;0
720;1
721;0
722;0
723;2
724;2
725;0
726;0
727;0
728;2
729;0
730;0
731;0
732;0
733;0
734;2
735;1
736;0
737;2
738;0
739;2
740;2
741;0
742;2
743;0
744;0
745;0
746;0
747;0
748;1
749;0
750;2
751;1
752;0
753;0
754;0
755;2
756;4
757;0
758;2
759;2
760;2
761;0
762;2
763;0
764;1
765;0
766;0
767;1
768;0
769;0
770;0
771;0
772;0
773;0
774;0
775;2
776;0
777;0
778;0
779;0
780;1
781;0
782;0
783;0
784;1
785;0
786;0
787;0
788;0
789;0
790;0
791;0
792;0
793;0
794;0
795;0
796;0
797;0
798;0
799;0
800;1
801;0
802;0
803;0
804;1
805;2
806;2
807;2
808;2
809;0
810;0
811;0
812;1
813;0
814;0
815;0
816;0
817;0
818;0
819;2
820;2
821;0
822;0
823;0
824;0
825;0
826;0
827;0
828;1
829;0
830;0
831;0
832;0
833;0
834;0
835;0
836;0
837;0
838;0
839;1
840;0
841;0
842;0
843;0
844;0
845;0
846;2
847;1
848;0
849;0
850;0
851;2
852;2
853;0
854;2
855;2
856;2
857;0
858;0
859;0
860;2
861;0
862;0
863;0
864;2
865;0
866;0
867;0
868;0
869;1
870;1
871;0
872;1
873;1
874;0
875;2
876;2
877;0
878;2
879;0
880;1
881;0
882;0
883;0
884;1
885;0
886;0
887;0
888;0
889;0
890;0
891;2
892;0
893;2
894;2
895;2
896;2
897;1
898;0
899;2
900;0
901;0
902;0
903;0
904;0
905;0
906;1
907;0
908;1
909;0
910;2
911;2
912;2
913;0
914;0
915;0
916;0
917;1
918;0
919;1
920;0
921;1
922;0
923;2
924;2
925;0
926;2
927;2
928;2
929;0
930;2
931;0
932;2
933;0
934;0
935;2
936;0
937;0
938;2
939;2
940;1
941;0
942;0
943;2
944;4
945;0
946;2
947;1
948;2
949;0
950;0
951;0
952;1
953;0
954;0
955;0
956;0
957;0
958;1
959;0
960;1
961;0
962;2
963;0
964;1
965;0
966;0
967;0
968;0
969;0
970;0
971;0
972;0
973;0
974;0
975;0
976;0
977;1
978;0
979;0
980;0
981;2
982;2
983;2
984;2
985;1
986;2
987;0
988;0
989;0
990;0
991;0
992;0
993;0
994;2
995;0
996;0
997;0
998;2
999;2
1000;1
1001;0
1002;0
1003;2
1004;2
1005;0
1006;2
1007;1
1008;0
1009;0
1010;0
1011;0
1012;1
1013;0
1014;1
1015;1
1016;0
1017;0
1018;0
1019;0
1020;0
1021;0
1022;0
1023;0
