0;0
1;0
2;0
3;1
4;1
5;0
6;0
7;1
8;2
9;0
10;2
11;0
12;2
13;0
14;0
15;0
16;0
17;2
18;2
19;0
20;0
21;2
22;2
23;2
24;1
25;1
26;2
27;2
28;2
29;0
30;0
31;2
32;0
33;0
34;1
35;0
36;0
37;2
38;0
39;2
40;0
41;0
42;1
43;0
44;2
45;2
46;1
47;1
48;0
49;0
50;0
51;0
52;0
53;0
54;0
55;0
56;0
57;1
58;1
59;0
60;1
61;0
62;0
63;0
64;0
65;0
66;0
67;0
68;0
69;0
70;0
71;0
72;1
73;0
74;0
75;1
76;0
77;0
78;0
79;0
80;2
81;0
82;2
83;0
84;1
85;0
86;0
87;0
88;0
89;0
90;0
91;2
92;2
93;2
94;0
95;1
96;0
97;2
98;0
99;1
100;0
101;0
102;0
103;0
104;0
105;0
106;0
107;0
108;0
109;2
110;0
111;0
112;0
113;0
114;2
115;2
116;1
117;0
118;0
119;2
120;2
121;0
122;2
123;2
124;2
125;0
126;2
127;0
128;0
129;0
130;0
131;1
132;0
133;1
134;1
135;0
136;1
137;0
138;2
139;0
140;2
141;0
142;2
143;0
144;2
145;0
146;0
147;0
148;0
149;2
150;2
151;2
152;1
153;2
154;2
155;0
156;0
157;0
158;0
159;0
160;0
161;0
162;2
163;0
164;0
165;1
166;0
167;0
168;0
169;0
170;0
171;1
172;0
173;2
174;0
175;0
176;0
177;0
178;0
179;0
180;0
181;0
182;1
183;0
184;0
185;0
186;0
187;0
188;2
189;0
190;0
191;1
192;0
193;0
194;0
195;1
196;2
197;2
198;1
199;0
200;2
201;0
202;2
203;1
204;0
205;0
206;1
207;0
208;0
209;0
210;0
211;0
212;0
213;0
214;0
215;1
216;0
217;0
218;0
219;2
220;0
221;0
222;2
223;0
224;0
225;0
226;0
227;0
228;2
229;2
230;2
231;2
232;0
233;0
234;2
235;1
236;0
237;0
238;0
239;0
240;0
241;2
242;0
243;0
244;0
245;2
246;1
247;0
248;0
249;2
250;0
251;2
252;0
253;0
254;2
255;1
256;0
257;0
258;0
259;0
260;2
261;0
262;0
263;1
264;0
265;0
266;0
267;0
268;0
269;2
270;1
271;0
272;1
273;0
274;0
275;0
276;0
277;1
278;0
279;0
280;0
281;0
282;0
283;0
284;2
285;0
286;0
287;0
288;0
289;0
290;0
291;0
292;1
293;0
294;0
295;0
296;1
297;0
298;0
299;2
300;2
301;0
302;1
303;2
304;0
305;0
306;2
307;0
308;2
309;0
310;0
311;1
312;0
313;0
314;0
315;0
316;2
317;0
318;0
319;0
320;0
321;0
322;0
323;0
324;0
325;1
326;0
327;0
328;0
329;0
330;0
331;0
332;0
333;0
334;0
335;0
336;2
337;0
338;0
339;1
340;2
341;0
342;0
343;0
344;2
345;2
346;0
347;2
348;2
349;1
350;0
351;0
352;2
353;0
354;0
355;1
356;0
357;0
358;0
359;2
360;2
361;0
362;0
363;1
364;0
365;0
366;1
367;1
368;0
369;0
370;0
371;0
372;2
373;0
374;0
375;0
376;2
377;1
378;0
379;0
380;0
381;0
382;0
383;0
384;2
385;0
386;0
387;0
388;0
389;0
390;0
391;0
392;0
393;0
394;0
395;1
396;0
397;2
398;2
399;0
400;0
401;1
402;0
403;0
404;2
405;0
406;0
407;0
408;0
409;0
410;1
411;2
412;2
413;0
414;0
415;2
416;2
417;2
418;1
419;1
420;0
421;2
422;0
423;1
424;0
425;0
426;2
427;2
428;2
429;2
430;1
431;0
432;0
433;0
434;0
435;0
436;2
437;0
438;2
439;0
440;1
441;1
442;0
443;0
444;0
445;0
446;2
447;0
448;0
449;0
450;1
451;2
452;0
453;0
454;0
455;1
456;2
457;0
458;0
459;0
460;2
461;0
462;0
463;2
464;2
465;0
466;0
467;0
468;0
469;2
470;2
471;1
472;2
473;2
474;1
475;0
476;0
477;1
478;0
479;2
480;2
481;2
482;2
483;2
484;1
485;2
486;0
487;1
488;0
489;2
490;0
491;1
492;0
493;0
494;0
495;1
496;0
497;0
498;0
499;1
500;0
501;0
502;0
503;0
504;0
505;2
506;2
507;2
508;1
509;0
510;0
511;2
512;1
513;0
514;0
515;2
516;2
517;0
518;2
519;1
520;0
521;2
522;2
523;2
524;1
525;1
526;0
527;1
528;0
529;0
530;0
531;0
532;0
533;0
534;1
535;0
536;0
537;0
538;0
539;0
540;0
541;2
542;0
543;0
544;0
545;0
546;1
547;0
548;0
549;0
550;0
551;1
552;0
553;2
554;2
555;0
556;2
557;0
558;1
559;1
560;0
561;0
562;0
563;1
564;1
565;0
566;0
567;0
568;0
569;0
570;0
571;0
572;1
573;0
574;2
575;0
576;0
577;0
578;0
579;2
580;0
581;0
582;0
583;1
584;0
585;0
586;0
587;1
588;0
589;0
590;0
591;2
592;0
593;0
594;0
595;0
596;2
597;2
598;0
599;1
600;0
601;0
602;0
603;2
604;0
605;0
606;0
607;2
608;4
609;2
610;2
611;2
612;2
613;0
614;2
615;0
616;1
617;2
618;0
619;2
620;2
621;1
622;0
623;1
624;0
625;2
626;0
627;0
628;0
629;0
630;0
631;0
632;0
633;2
634;0
635;0
636;0
637;0
638;0
639;0
640;2
641;0
642;2
643;1
644;0
645;0
646;0
647;1
648;2
649;2
650;2
651;2
652;1
653;1
654;0
655;0
656;2
657;0
658;0
659;0
660;0
661;0
662;0
663;1
664;0
665;2
666;0
667;0
668;2
669;1
670;0
671;1
672;0
673;2
674;0
675;0
676;2
677;0
678;0
679;0
680;2
681;0
682;0
683;0
684;0
685;1
686;0
687;0
688;0
689;0
690;0
691;0
692;1
693;0
694;0
695;0
696;1
697;0
698;0
699;0
700;0
701;0
702;0
703;0
704;1
705;0
706;0
707;0
708;1
709;0
710;0
711;2
712;4
713;0
714;2
715;0
716;2
717;0
718;0
719;0
720;2
721;0
722;2
723;2
724;2
725;1
726;0
727;0
728;0
729;1
730;0
731;2
732;0
733;0
734;0
735;0
736;1
737;0
738;0
739;0
740;1
741;0
742;0
743;0
744;0
745;0
746;0
747;0
748;0
749;0
750;0
751;0
752;0
753;0
754;1
755;2
756;1
757;0
758;2
759;0
760;0
761;0
762;0
763;2
764;4
765;0
766;2
767;2
768;0
769;0
770;2
771;0
772;2
773;0
774;0
775;2
776;1
777;0
778;0
779;0
780;2
781;0
782;0
783;0
784;0
785;1
786;0
787;2
788;0
789;0
790;0
791;0
792;0
793;0
794;0
795;0
796;1
797;0
798;0
799;0
800;0
801;2
802;2
803;0
804;0
805;2
806;4
807;2
808;1
809;0
810;1
811;0
812;0
813;2
814;2
815;2
816;2
817;0
818;0
819;0
820;0
821;0
822;0
823;1
824;0
825;0
826;0
827;0
828;0
829;1
830;0
831;1
832;0
833;2
834;2
835;2
836;1
837;0
838;0
839;1
840;1
841;0
842;2
843;0
844;2
845;0
846;2
847;2
848;0
849;0
850;0
851;0
852;0
853;0
854;0
855;1
856;0
857;2
858;1
859;2
860;2
861;2
862;0
863;1
864;0
865;0
866;0
867;0
868;0
869;0
870;0
871;0
872;2
873;0
874;0
875;0
876;0
877;1
878;0
879;1
880;0
881;2
882;0
883;2
884;2
885;0
886;0
887;1
888;0
889;0
890;0
891;0
892;0
893;2
894;0
895;2
896;0
897;0
898;1
899;2
900;0
901;2
902;0
903;0
904;2
905;0
906;0
907;0
908;2
909;0
910;2
911;0
912;2
913;0
914;0
915;2
916;1
917;0
918;1
919;0
920;1
921;0
922;1
923;0
924;1
925;0
926;0
927;0
928;2
929;1
930;2
931;0
932;0
933;0
934;0
935;2
936;0
937;0
938;1
939;0
940;0
941;0
942;0
943;2
944;4
945;0
946;2
947;2
948;2
949;0
950;2
951;0
952;2
953;1
954;0
955;2
956;2
957;1
958;2
959;0
960;1
961;1
962;1
963;0
964;2
965;2
966;0
967;0
968;2
969;1
970;0
971;0
972;0
973;0
974;0
975;0
976;0
977;0
978;2
979;0
980;0
981;0
982;0
983;0
984;0
985;0
986;0
987;0
988;0
989;0
990;0
991;0
992;0
993;1
994;0
995;0
996;0
997;1
998;2
999;0
1000;0
1001;0
1002;0
1003;0
1004;2
1005;2
1006;1
1007;0
1008;2
1009;2
1010;0
1011;1
1012;0
1013;0
1014;0
1015;0
1016;0
1017;0
1018;0
1019;0
1020;0
1021;0
1022;0
1023;0
