0;1
1;0
2;0
3;2
4;2
5;0
6;0
7;2
8;2
9;0
10;2
11;1
12;2
13;1
14;0
15;0
16;2
17;1
18;0
19;2
20;0
21;0
22;0
23;0
24;0
25;1
26;2
27;1
28;1
29;0
30;0
31;0
32;1
33;0
34;0
35;0
36;1
37;0
38;0
39;0
40;1
41;0
42;0
43;0
44;2
45;2
46;0
47;0
48;0
49;0
50;0
51;0
52;0
53;0
54;0
55;0
56;0
57;0
58;0
59;0
60;0
61;0
62;0
63;0
64;2
65;0
66;2
67;0
68;0
69;0
70;1
71;0
72;0
73;0
74;0
75;2
76;2
77;0
78;2
79;2
80;2
81;0
82;0
83;0
84;2
85;2
86;0
87;0
88;0
89;0
90;1
91;0
92;0
93;0
94;0
95;2
96;1
97;0
98;2
99;1
100;0
101;1
102;0
103;0
104;2
105;1
106;0
107;1
108;1
109;0
110;1
111;0
112;0
113;1
114;0
115;0
116;0
117;0
118;0
119;0
120;2
121;0
122;0
123;0
124;1
125;0
126;0
127;0
128;2
129;0
130;0
131;0
132;2
133;1
134;1
135;2
136;0
137;0
138;0
139;1
140;0
141;0
142;2
143;2
144;0
145;0
146;0
147;0
148;0
149;0
150;0
151;0
152;1
153;0
154;0
155;2
156;0
157;0
158;0
159;0
160;2
161;2
162;2
163;0
164;0
165;0
166;2
167;0
168;2
169;0
170;2
171;0
172;0
173;0
174;0
175;1
176;0
177;0
178;0
179;2
180;4
181;0
182;2
183;2
184;2
185;0
186;2
187;0
188;1
189;2
190;0
191;2
192;0
193;0
194;1
195;0
196;0
197;0
198;0
199;0
200;2
201;1
202;0
203;0
204;1
205;0
206;2
207;2
208;1
209;0
210;0
211;0
212;0
213;0
214;0
215;0
216;1
217;0
218;0
219;0
220;0
221;0
222;0
223;0
224;0
225;1
226;2
227;0
228;2
229;2
230;0
231;0
232;2
233;0
234;0
235;0
236;0
237;0
238;0
239;1
240;0
241;0
242;2
243;2
244;2
245;0
246;1
247;0
248;1
249;0
250;0
251;0
252;2
253;0
254;0
255;0
256;1
257;0
258;1
259;0
260;1
261;0
262;0
263;2
264;4
265;0
266;2
267;2
268;1
269;2
270;2
271;0
272;2
273;0
274;0
275;0
276;2
277;2
278;0
279;0
280;0
281;2
282;0
283;0
284;1
285;0
286;0
287;1
288;1
289;0
290;0
291;2
292;2
293;0
294;2
295;0
296;2
297;0
298;0
299;2
300;1
301;1
302;0
303;0
304;1
305;0
306;0
307;0
308;0
309;0
310;0
311;0
312;2
313;0
314;2
315;0
316;2
317;1
318;0
319;0
320;0
321;2
322;1
323;0
324;0
325;0
326;0
327;0
328;0
329;0
330;0
331;2
332;1
333;0
334;0
335;0
336;2
337;2
338;0
339;4
340;0
341;0
342;0
343;0
344;0
345;0
346;2
347;2
348;1
349;0
350;0
351;2
352;2
353;2
354;0
355;0
356;2
357;0
358;2
359;0
360;1
361;0
362;0
363;0
364;2
365;0
366;2
367;0
368;0
369;2
370;2
371;2
372;0
373;0
374;0
375;0
376;0
377;0
378;2
379;2
380;1
381;0
382;0
383;1
384;0
385;0
386;2
387;0
388;0
389;0
390;0
391;0
392;0
393;0
394;0
395;0
396;0
397;0
398;1
399;0
400;2
401;0
402;0
403;0
404;2
405;1
406;0
407;0
408;1
409;0
410;0
411;0
412;0
413;0
414;0
415;0
416;0
417;2
418;0
419;0
420;1
421;1
422;0
423;0
424;0
425;0
426;1
427;0
428;0
429;0
430;2
431;2
432;1
433;1
434;0
435;2
436;2
437;2
438;2
439;2
440;2
441;0
442;0
443;1
444;0
445;2
446;0
447;2
448;0
449;1
450;0
451;2
452;2
453;0
454;0
455;0
456;0
457;0
458;2
459;0
460;1
461;0
462;0
463;0
464;0
465;0
466;2
467;0
468;0
469;0
470;0
471;0
472;2
473;0
474;0
475;0
476;0
477;0
478;1
479;0
480;0
481;0
482;0
483;0
484;0
485;0
486;0
487;2
488;1
489;0
490;2
491;1
492;0
493;0
494;2
495;0
496;1
497;0
498;0
499;2
500;0
501;0
502;0
503;0
504;0
505;0
506;0
507;2
508;2
509;2
510;2
511;2
512;0
513;0
514;2
515;2
516;1
517;0
518;0
519;2
520;0
521;0
522;1
523;0
524;0
525;0
526;0
527;0
528;0
529;0
530;0
531;0
532;2
533;0
534;0
535;2
536;0
537;2
538;2
539;0
540;0
541;0
542;0
543;0
544;0
545;0
546;0
547;1
548;1
549;0
550;0
551;2
552;1
553;0
554;0
555;2
556;2
557;2
558;2
559;2
560;2
561;0
562;2
563;0
564;2
565;2
566;2
567;0
568;1
569;0
570;0
571;2
572;1
573;0
574;0
575;2
576;1
577;2
578;2
579;0
580;2
581;0
582;0
583;0
584;2
585;0
586;1
587;0
588;0
589;0
590;2
591;2
592;0
593;0
594;0
595;0
596;0
597;0
598;0
599;0
600;0
601;0
602;1
603;0
604;0
605;0
606;1
607;0
608;0
609;0
610;2
611;0
612;1
613;0
614;2
615;1
616;2
617;0
618;0
619;0
620;4
621;0
622;2
623;1
624;0
625;0
626;0
627;0
628;2
629;0
630;2
631;1
632;0
633;0
634;0
635;0
636;0
637;1
638;0
639;2
640;0
641;2
642;0
643;2
644;2
645;2
646;2
647;1
648;1
649;1
650;0
651;0
652;0
653;1
654;0
655;0
656;0
657;2
658;2
659;2
660;1
661;0
662;0
663;1
664;0
665;0
666;0
667;0
668;1
669;0
670;2
671;2
672;1
673;1
674;0
675;0
676;1
677;2
678;2
679;2
680;2
681;2
682;2
683;0
684;0
685;0
686;0
687;0
688;0
689;0
690;0
691;0
692;0
693;0
694;2
695;2
696;2
697;0
698;0
699;2
700;2
701;0
702;2
703;2
704;2
705;0
706;2
707;0
708;2
709;0
710;0
711;0
712;0
713;0
714;1
715;2
716;0
717;0
718;0
719;0
720;1
721;2
722;2
723;1
724;0
725;2
726;0
727;2
728;2
729;0
730;0
731;0
732;0
733;0
734;2
735;2
736;0
737;1
738;0
739;0
740;0
741;0
742;0
743;0
744;0
745;0
746;2
747;1
748;0
749;0
750;0
751;2
752;4
753;0
754;0
755;2
756;0
757;0
758;2
759;0
760;2
761;0
762;0
763;0
764;0
765;0
766;0
767;2
768;0
769;1
770;0
771;0
772;0
773;0
774;2
775;0
776;0
777;2
778;0
779;0
780;1
781;0
782;0
783;1
784;0
785;2
786;2
787;2
788;0
789;0
790;0
791;0
792;1
793;0
794;0
795;0
796;1
797;2
798;0
799;0
800;1
801;0
802;1
803;2
804;1
805;0
806;0
807;0
808;0
809;0
810;0
811;2
812;2
813;0
814;2
815;2
816;2
817;0
818;0
819;0
820;0
821;0
822;0
823;0
824;0
825;0
826;0
827;2
828;0
829;1
830;0
831;0
832;1
833;2
834;0
835;0
836;2
837;0
838;0
839;1
840;2
841;0
842;0
843;0
844;2
845;2
846;2
847;0
848;0
849;0
850;0
851;0
852;2
853;0
854;0
855;0
856;2
857;0
858;2
859;0
860;0
861;1
862;2
863;2
864;2
865;1
866;0
867;0
868;1
869;0
870;2
871;2
872;2
873;2
874;2
875;2
876;1
877;0
878;0
879;0
880;0
881;0
882;0
883;1
884;2
885;2
886;2
887;2
888;2
889;0
890;2
891;0
892;2
893;0
894;2
895;0
896;0
897;0
898;2
899;0
900;0
901;0
902;0
903;0
904;0
905;1
906;0
907;2
908;2
909;0
910;1
911;0
912;0
913;0
914;2
915;2
916;1
917;0
918;0
919;2
920;2
921;0
922;2
923;1
924;0
925;0
926;0
927;2
928;2
929;0
930;0
931;2
932;0
933;0
934;1
935;2
936;0
937;0
938;1
939;0
940;0
941;1
942;0
943;0
944;0
945;0
946;0
947;0
948;0
949;0
950;1
951;0
952;1
953;2
954;0
955;1
956;0
957;0
958;0
959;0
960;0
961;2
962;2
963;2
964;1
965;1
966;0
967;2
968;2
969;1
970;0
971;1
972;0
973;2
974;0
975;0
976;2
977;2
978;0
979;0
980;1
981;0
982;0
983;2
984;1
985;0
986;0
987;0
988;0
989;0
990;2
991;2
992;0
993;0
994;2
995;0
996;0
997;0
998;1
999;0
1000;2
1001;2
1002;0
1003;0
1004;0
1005;2
1006;1
1007;0
1008;1
1009;0
1010;0
1011;0
1012;0
1013;1
1014;0
1015;0
1016;0
1017;0
1018;0
1019;0
1020;0
1021;0
1022;0
1023;0
