0;0
1;0
2;0
3;2
4;1
5;0
6;0
7;2
8;0
9;0
10;1
11;0
12;1
13;0
14;0
15;0
16;0
17;0
18;1
19;0
20;2
21;0
22;0
23;0
24;0
25;0
26;1
27;0
28;0
29;0
30;0
31;0
32;0
33;1
34;0
35;2
36;2
37;0
38;2
39;0
40;0
41;0
42;2
43;0
44;1
45;0
46;0
47;0
48;0
49;0
50;0
51;2
52;0
53;0
54;0
55;0
56;1
57;0
58;0
59;0
60;0
61;1
62;0
63;0
64;2
65;0
66;2
67;0
68;1
69;0
70;1
71;0
72;1
73;0
74;0
75;2
76;4
77;2
78;2
79;1
80;0
81;0
82;2
83;0
84;1
85;0
86;0
87;2
88;0
89;0
90;0
91;0
92;0
93;1
94;2
95;2
96;0
97;2
98;2
99;2
100;1
101;0
102;0
103;2
104;4
105;1
106;0
107;0
108;0
109;0
110;0
111;2
112;1
113;0
114;0
115;2
116;2
117;0
118;2
119;2
120;2
121;0
122;0
123;2
124;1
125;0
126;0
127;0
128;0
129;2
130;0
131;0
132;0
133;0
134;0
135;0
136;0
137;0
138;0
139;2
140;1
141;2
142;2
143;2
144;2
145;0
146;2
147;0
148;0
149;0
150;0
151;0
152;1
153;0
154;0
155;0
156;2
157;0
158;0
159;0
160;1
161;0
162;2
163;2
164;1
165;0
166;0
167;0
168;2
169;0
170;0
171;2
172;0
173;0
174;0
175;0
176;2
177;2
178;0
179;2
180;0
181;2
182;2
183;2
184;0
185;0
186;0
187;2
188;2
189;0
190;2
191;2
192;2
193;0
194;2
195;0
196;2
197;0
198;1
199;0
200;2
201;2
202;1
203;1
204;0
205;0
206;2
207;0
208;0
209;0
210;0
211;0
212;4
213;0
214;0
215;1
216;0
217;0
218;0
219;0
220;1
221;0
222;2
223;1
224;0
225;0
226;0
227;0
228;2
229;2
230;2
231;1
232;1
233;0
234;1
235;0
236;0
237;0
238;0
239;0
240;2
241;0
242;2
243;2
244;2
245;0
246;0
247;0
248;1
249;0
250;0
251;0
252;1
253;0
254;0
255;1
256;2
257;0
258;2
259;2
260;2
261;0
262;0
263;0
264;0
265;0
266;0
267;1
268;0
269;0
270;0
271;0
272;1
273;0
274;0
275;2
276;1
277;0
278;0
279;2
280;4
281;0
282;2
283;0
284;1
285;0
286;2
287;0
288;2
289;0
290;0
291;0
292;0
293;0
294;0
295;2
296;0
297;0
298;0
299;0
300;0
301;0
302;0
303;0
304;0
305;0
306;0
307;0
308;0
309;0
310;0
311;0
312;0
313;0
314;0
315;0
316;1
317;0
318;1
319;0
320;1
321;0
322;0
323;0
324;0
325;0
326;2
327;2
328;0
329;0
330;0
331;0
332;1
333;0
334;0
335;0
336;0
337;2
338;0
339;0
340;0
341;1
342;0
343;0
344;1
345;0
346;0
347;0
348;0
349;0
350;1
351;0
352;0
353;0
354;0
355;2
356;1
357;0
358;2
359;2
360;0
361;0
362;0
363;2
364;1
365;0
366;0
367;1
368;0
369;0
370;2
371;0
372;1
373;0
374;0
375;0
376;0
377;0
378;0
379;0
380;0
381;2
382;1
383;0
384;2
385;0
386;0
387;0
388;2
389;0
390;0
391;0
392;0
393;0
394;0
395;2
396;1
397;0
398;0
399;0
400;1
401;0
402;2
403;2
404;2
405;1
406;0
407;2
408;2
409;0
410;2
411;1
412;2
413;0
414;1
415;0
416;0
417;0
418;0
419;1
420;0
421;0
422;0
423;2
424;1
425;0
426;2
427;0
428;0
429;0
430;0
431;2
432;2
433;0
434;0
435;0
436;2
437;0
438;2
439;0
440;2
441;2
442;0
443;0
444;0
445;0
446;0
447;0
448;0
449;0
450;0
451;2
452;1
453;0
454;2
455;2
456;0
457;0
458;0
459;2
460;2
461;0
462;2
463;2
464;2
465;0
466;0
467;0
468;2
469;2
470;2
471;0
472;1
473;0
474;2
475;0
476;0
477;1
478;0
479;1
480;0
481;0
482;0
483;0
484;2
485;1
486;0
487;0
488;1
489;0
490;0
491;0
492;1
493;0
494;0
495;2
496;0
497;0
498;1
499;2
500;1
501;0
502;0
503;0
504;2
505;0
506;0
507;0
508;0
509;0
510;0
511;0
512;0
513;0
514;0
515;0
516;0
517;0
518;0
519;0
520;0
521;0
522;0
523;0
524;0
525;0
526;2
527;0
528;1
529;0
530;0
531;0
532;2
533;0
534;2
535;0
536;0
537;0
538;2
539;2
540;0
541;0
542;2
543;0
544;0
545;0
546;1
547;0
548;0
549;0
550;0
551;0
552;0
553;0
554;1
555;0
556;0
557;0
558;0
559;0
560;0
561;0
562;0
563;0
564;0
565;0
566;2
567;0
568;0
569;0
570;1
571;0
572;2
573;0
574;0
575;2
576;2
577;0
578;0
579;0
580;0
581;0
582;0
583;2
584;2
585;2
586;0
587;0
588;0
589;0
590;0
591;0
592;0
593;0
594;0
595;1
596;0
597;0
598;0
599;0
600;0
601;0
602;1
603;0
604;1
605;0
606;0
607;2
608;2
609;1
610;2
611;2
612;2
613;0
614;2
615;0
616;1
617;0
618;0
619;0
620;2
621;0
622;2
623;0
624;2
625;0
626;2
627;2
628;0
629;0
630;2
631;0
632;1
633;0
634;0
635;0
636;2
637;0
638;2
639;2
640;2
641;2
642;2
643;0
644;0
645;0
646;2
647;0
648;2
649;2
650;0
651;0
652;0
653;0
654;0
655;0
656;0
657;0
658;0
659;2
660;2
661;0
662;0
663;2
664;4
665;0
666;2
667;2
668;0
669;0
670;2
671;0
672;2
673;0
674;1
675;0
676;0
677;0
678;1
679;1
680;0
681;0
682;2
683;2
684;1
685;0
686;2
687;0
688;0
689;0
690;0
691;2
692;1
693;0
694;0
695;0
696;2
697;2
698;2
699;1
700;0
701;0
702;0
703;0
704;0
705;0
706;0
707;0
708;0
709;0
710;0
711;1
712;0
713;0
714;0
715;1
716;0
717;0
718;0
719;0
720;0
721;0
722;0
723;1
724;0
725;0
726;0
727;1
728;0
729;1
730;0
731;1
732;0
733;0
734;2
735;0
736;1
737;0
738;2
739;0
740;0
741;2
742;2
743;1
744;0
745;0
746;0
747;2
748;4
749;0
750;2
751;2
752;2
753;0
754;0
755;0
756;2
757;0
758;0
759;0
760;2
761;0
762;1
763;0
764;1
765;0
766;0
767;2
768;0
769;2
770;2
771;0
772;0
773;0
774;0
775;1
776;0
777;0
778;0
779;0
780;0
781;0
782;2
783;2
784;1
785;0
786;1
787;0
788;0
789;0
790;0
791;0
792;2
793;0
794;2
795;2
796;0
797;0
798;0
799;0
800;2
801;0
802;0
803;0
804;2
805;0
806;0
807;0
808;2
809;0
810;0
811;0
812;0
813;0
814;0
815;0
816;0
817;0
818;0
819;0
820;0
821;0
822;2
823;0
824;1
825;0
826;0
827;0
828;0
829;0
830;0
831;2
832;4
833;0
834;2
835;2
836;2
837;0
838;2
839;0
840;1
841;0
842;1
843;0
844;1
845;0
846;2
847;2
848;1
849;0
850;0
851;2
852;4
853;0
854;2
855;0
856;2
857;0
858;2
859;0
860;1
861;0
862;0
863;0
864;0
865;0
866;1
867;0
868;1
869;0
870;0
871;0
872;0
873;0
874;2
875;2
876;2
877;0
878;0
879;0
880;1
881;0
882;1
883;0
884;1
885;0
886;0
887;2
888;1
889;0
890;2
891;2
892;2
893;0
894;0
895;0
896;0
897;2
898;2
899;0
900;0
901;0
902;2
903;1
904;0
905;1
906;0
907;0
908;0
909;0
910;2
911;0
912;2
913;2
914;2
915;0
916;0
917;0
918;0
919;0
920;2
921;0
922;1
923;0
924;0
925;0
926;0
927;0
928;0
929;0
930;0
931;0
932;0
933;0
934;0
935;2
936;0
937;0
938;0
939;1
940;0
941;0
942;0
943;2
944;4
945;0
946;2
947;2
948;2
949;0
950;0
951;0
952;1
953;0
954;0
955;0
956;1
957;1
958;0
959;0
960;0
961;0
962;0
963;0
964;0
965;0
966;1
967;0
968;0
969;0
970;2
971;0
972;0
973;0
974;0
975;0
976;1
977;0
978;0
979;2
980;2
981;2
982;2
983;2
984;2
985;0
986;0
987;0
988;0
989;0
990;1
991;0
992;0
993;1
994;0
995;0
996;0
997;1
998;2
999;0
1000;1
1001;0
1002;2
1003;2
1004;0
1005;0
1006;0
1007;2
1008;3
1009;0
1010;2
1011;2
1012;1
1013;0
1014;1
1015;0
1016;0
1017;0
1018;0
1019;0
1020;0
1021;0
1022;0
1023;0
