0;1
1;0
2;0
3;2
4;0
5;0
6;1
7;1
8;0
9;2
10;0
11;0
12;0
13;0
14;1
15;0
16;2
17;0
18;2
19;2
20;2
21;2
22;0
23;1
24;1
25;0
26;2
27;0
28;2
29;0
30;0
31;2
32;0
33;0
34;0
35;0
36;0
37;2
38;2
39;0
40;1
41;0
42;0
43;0
44;2
45;0
46;2
47;0
48;1
49;0
50;0
51;0
52;0
53;0
54;0
55;0
56;0
57;1
58;0
59;2
60;1
61;0
62;0
63;0
64;0
65;2
66;2
67;0
68;1
69;0
70;2
71;2
72;1
73;0
74;0
75;0
76;0
77;0
78;0
79;0
80;2
81;0
82;0
83;0
84;1
85;2
86;0
87;0
88;0
89;2
90;0
91;1
92;1
93;0
94;0
95;2
96;0
97;0
98;2
99;2
100;2
101;0
102;2
103;0
104;2
105;0
106;2
107;0
108;2
109;0
110;2
111;0
112;0
113;0
114;1
115;0
116;0
117;0
118;0
119;0
120;0
121;0
122;2
123;2
124;1
125;0
126;0
127;2
128;2
129;0
130;2
131;2
132;2
133;0
134;2
135;0
136;0
137;0
138;0
139;1
140;2
141;0
142;0
143;0
144;0
145;0
146;2
147;0
148;0
149;0
150;1
151;0
152;1
153;0
154;0
155;0
156;2
157;0
158;2
159;0
160;2
161;0
162;0
163;0
164;0
165;0
166;2
167;2
168;1
169;0
170;2
171;1
172;0
173;0
174;0
175;0
176;0
177;0
178;2
179;0
180;0
181;2
182;1
183;0
184;0
185;0
186;2
187;0
188;2
189;0
190;0
191;0
192;0
193;0
194;0
195;0
196;0
197;0
198;0
199;0
200;2
201;0
202;0
203;0
204;2
205;0
206;2
207;0
208;1
209;0
210;0
211;1
212;0
213;0
214;1
215;0
216;2
217;0
218;0
219;0
220;0
221;0
222;0
223;0
224;1
225;0
226;0
227;0
228;0
229;0
230;2
231;2
232;1
233;0
234;0
235;1
236;2
237;0
238;2
239;0
240;2
241;0
242;0
243;0
244;2
245;2
246;2
247;2
248;0
249;2
250;0
251;2
252;0
253;0
254;0
255;0
256;0
257;0
258;0
259;1
260;0
261;2
262;0
263;2
264;2
265;2
266;0
267;2
268;0
269;0
270;0
271;1
272;2
273;1
274;0
275;0
276;0
277;0
278;1
279;0
280;0
281;0
282;0
283;0
284;2
285;0
286;1
287;0
288;1
289;0
290;0
291;0
292;0
293;1
294;0
295;0
296;2
297;0
298;0
299;0
300;0
301;0
302;0
303;0
304;2
305;0
306;0
307;0
308;0
309;0
310;2
311;2
312;0
313;0
314;0
315;0
316;1
317;0
318;2
319;1
320;0
321;0
322;2
323;0
324;0
325;0
326;2
327;0
328;2
329;1
330;0
331;2
332;2
333;0
334;0
335;0
336;0
337;0
338;0
339;0
340;0
341;2
342;0
343;0
344;0
345;0
346;0
347;0
348;0
349;0
350;0
351;0
352;1
353;0
354;0
355;0
356;1
357;0
358;0
359;0
360;2
361;0
362;2
363;0
364;0
365;0
366;0
367;0
368;0
369;0
370;2
371;2
372;1
373;0
374;0
375;2
376;2
377;2
378;2
379;2
380;2
381;0
382;0
383;0
384;0
385;0
386;0
387;0
388;0
389;0
390;2
391;0
392;2
393;0
394;0
395;0
396;1
397;2
398;0
399;2
400;1
401;0
402;1
403;0
404;0
405;1
406;0
407;0
408;2
409;1
410;2
411;0
412;0
413;1
414;0
415;0
416;0
417;0
418;2
419;0
420;2
421;1
422;0
423;1
424;0
425;1
426;0
427;0
428;0
429;0
430;0
431;0
432;1
433;2
434;1
435;2
436;4
437;1
438;2
439;0
440;2
441;0
442;1
443;4
444;2
445;0
446;0
447;0
448;2
449;0
450;2
451;2
452;2
453;2
454;2
455;0
456;2
457;0
458;0
459;0
460;2
461;0
462;0
463;0
464;1
465;2
466;0
467;0
468;0
469;0
470;2
471;1
472;1
473;0
474;2
475;0
476;0
477;0
478;0
479;1
480;0
481;0
482;0
483;0
484;0
485;2
486;2
487;0
488;0
489;0
490;0
491;0
492;0
493;2
494;2
495;2
496;2
497;0
498;0
499;0
500;0
501;0
502;0
503;2
504;2
505;0
506;2
507;1
508;0
509;0
510;0
511;1
512;0
513;0
514;0
515;1
516;0
517;0
518;1
519;0
520;2
521;0
522;0
523;0
524;0
525;0
526;1
527;0
528;1
529;0
530;2
531;1
532;1
533;0
534;0
535;1
536;1
537;0
538;2
539;0
540;2
541;0
542;2
543;0
544;1
545;0
546;0
547;0
548;0
549;0
550;0
551;2
552;1
553;0
554;0
555;0
556;0
557;0
558;1
559;0
560;0
561;0
562;0
563;0
564;2
565;0
566;0
567;0
568;1
569;0
570;1
571;0
572;1
573;0
574;1
575;0
576;1
577;0
578;0
579;2
580;2
581;2
582;2
583;2
584;0
585;0
586;2
587;0
588;0
589;0
590;0
591;0
592;0
593;0
594;0
595;0
596;0
597;0
598;0
599;0
600;0
601;2
602;2
603;0
604;0
605;0
606;2
607;2
608;2
609;1
610;0
611;2
612;0
613;0
614;2
615;0
616;0
617;0
618;1
619;0
620;1
621;0
622;2
623;2
624;2
625;0
626;0
627;1
628;0
629;2
630;2
631;0
632;0
633;0
634;2
635;0
636;0
637;0
638;2
639;2
640;1
641;0
642;0
643;0
644;2
645;0
646;2
647;0
648;2
649;1
650;0
651;2
652;0
653;0
654;2
655;2
656;2
657;0
658;1
659;0
660;0
661;1
662;0
663;0
664;2
665;1
666;0
667;1
668;0
669;0
670;0
671;1
672;0
673;0
674;2
675;2
676;2
677;0
678;0
679;0
680;2
681;0
682;0
683;0
684;0
685;0
686;0
687;0
688;0
689;0
690;0
691;0
692;0
693;0
694;1
695;0
696;2
697;0
698;0
699;0
700;2
701;0
702;0
703;0
704;0
705;0
706;2
707;0
708;0
709;2
710;0
711;0
712;1
713;0
714;1
715;0
716;2
717;0
718;0
719;0
720;0
721;0
722;0
723;0
724;0
725;1
726;0
727;0
728;0
729;0
730;0
731;0
732;2
733;2
734;0
735;0
736;1
737;0
738;0
739;0
740;0
741;0
742;0
743;0
744;0
745;1
746;0
747;0
748;0
749;0
750;0
751;2
752;0
753;0
754;2
755;1
756;0
757;0
758;2
759;2
760;2
761;0
762;0
763;0
764;1
765;2
766;2
767;0
768;2
769;0
770;0
771;0
772;2
773;0
774;0
775;0
776;0
777;0
778;0
779;0
780;2
781;0
782;2
783;0
784;1
785;0
786;0
787;0
788;0
789;2
790;1
791;0
792;0
793;0
794;0
795;0
796;0
797;2
798;2
799;0
800;2
801;0
802;2
803;0
804;1
805;0
806;0
807;0
808;0
809;2
810;2
811;2
812;2
813;0
814;0
815;0
816;2
817;1
818;0
819;2
820;1
821;0
822;0
823;0
824;0
825;1
826;0
827;0
828;0
829;2
830;2
831;0
832;0
833;2
834;2
835;2
836;1
837;0
838;0
839;0
840;0
841;2
842;1
843;0
844;2
845;0
846;2
847;0
848;2
849;0
850;2
851;0
852;2
853;0
854;0
855;0
856;0
857;0
858;1
859;0
860;0
861;2
862;2
863;2
864;2
865;0
866;1
867;0
868;2
869;0
870;2
871;0
872;0
873;0
874;2
875;0
876;0
877;0
878;2
879;0
880;2
881;0
882;0
883;2
884;1
885;0
886;0
887;2
888;2
889;2
890;2
891;0
892;0
893;0
894;0
895;0
896;0
897;0
898;1
899;2
900;2
901;0
902;2
903;0
904;1
905;0
906;0
907;0
908;0
909;0
910;0
911;0
912;2
913;0
914;0
915;0
916;0
917;2
918;0
919;0
920;0
921;2
922;2
923;2
924;2
925;2
926;2
927;0
928;1
929;0
930;2
931;0
932;0
933;0
934;0
935;0
936;0
937;0
938;1
939;1
940;0
941;0
942;2
943;0
944;2
945;2
946;0
947;0
948;1
949;0
950;0
951;1
952;0
953;0
954;0
955;0
956;1
957;0
958;1
959;0
960;2
961;1
962;0
963;0
964;1
965;0
966;0
967;0
968;2
969;1
970;2
971;0
972;1
973;0
974;0
975;0
976;0
977;1
978;0
979;0
980;2
981;1
982;0
983;2
984;0
985;1
986;1
987;0
988;0
989;2
990;2
991;2
992;1
993;1
994;0
995;2
996;0
997;0
998;0
999;1
1000;2
1001;0
1002;2
1003;0
1004;0
1005;1
1006;0
1007;2
1008;0
1009;0
1010;0
1011;1
1012;0
1013;0
1014;0
1015;0
1016;0
1017;0
1018;0
1019;0
1020;0
1021;0
1022;0
1023;0
