0;1
1;0
2;0
3;2
4;1
5;0
6;2
7;2
8;0
9;0
10;2
11;0
12;2
13;0
14;0
15;0
16;0
17;1
18;2
19;2
20;2
21;0
22;0
23;0
24;0
25;1
26;0
27;0
28;2
29;0
30;0
31;2
32;0
33;0
34;0
35;0
36;0
37;0
38;1
39;0
40;1
41;2
42;0
43;0
44;2
45;0
46;0
47;2
48;0
49;0
50;1
51;0
52;0
53;0
54;0
55;0
56;0
57;2
58;0
59;0
60;1
61;0
62;0
63;0
64;0
65;0
66;0
67;0
68;1
69;0
70;2
71;2
72;2
73;0
74;0
75;1
76;0
77;0
78;0
79;0
80;2
81;0
82;2
83;0
84;0
85;2
86;0
87;0
88;0
89;0
90;2
91;2
92;2
93;0
94;0
95;0
96;2
97;0
98;0
99;0
100;2
101;0
102;1
103;0
104;0
105;0
106;0
107;0
108;0
109;1
110;0
111;0
112;0
113;1
114;0
115;0
116;0
117;0
118;0
119;0
120;2
121;1
122;1
123;0
124;1
125;0
126;0
127;0
128;2
129;0
130;0
131;0
132;2
133;0
134;0
135;0
136;0
137;2
138;2
139;2
140;0
141;0
142;2
143;0
144;0
145;0
146;0
147;0
148;0
149;0
150;2
151;0
152;0
153;0
154;0
155;0
156;2
157;1
158;0
159;0
160;2
161;0
162;0
163;0
164;0
165;0
166;0
167;0
168;0
169;0
170;1
171;0
172;0
173;0
174;0
175;0
176;0
177;0
178;0
179;0
180;1
181;1
182;0
183;2
184;4
185;2
186;2
187;1
188;0
189;0
190;0
191;0
192;4
193;0
194;0
195;0
196;0
197;2
198;2
199;2
200;2
201;0
202;0
203;0
204;0
205;0
206;0
207;0
208;0
209;0
210;0
211;0
212;0
213;0
214;1
215;2
216;1
217;0
218;0
219;0
220;0
221;0
222;2
223;2
224;0
225;0
226;0
227;2
228;0
229;0
230;0
231;0
232;0
233;2
234;4
235;2
236;1
237;0
238;0
239;0
240;0
241;0
242;1
243;0
244;2
245;0
246;2
247;1
248;1
249;0
250;2
251;0
252;0
253;0
254;2
255;0
256;1
257;0
258;2
259;1
260;1
261;0
262;0
263;2
264;4
265;0
266;2
267;2
268;2
269;0
270;0
271;0
272;2
273;2
274;2
275;2
276;0
277;0
278;0
279;1
280;0
281;0
282;0
283;0
284;0
285;0
286;0
287;2
288;0
289;0
290;0
291;0
292;0
293;0
294;0
295;0
296;1
297;0
298;0
299;2
300;2
301;0
302;0
303;2
304;2
305;0
306;1
307;2
308;0
309;0
310;0
311;1
312;1
313;0
314;0
315;0
316;0
317;1
318;1
319;2
320;0
321;0
322;0
323;0
324;0
325;0
326;0
327;0
328;1
329;0
330;0
331;1
332;2
333;0
334;0
335;0
336;2
337;0
338;0
339;0
340;0
341;0
342;0
343;0
344;2
345;0
346;1
347;0
348;0
349;0
350;0
351;2
352;4
353;0
354;1
355;0
356;2
357;0
358;0
359;0
360;1
361;0
362;1
363;0
364;0
365;2
366;0
367;0
368;2
369;2
370;1
371;2
372;1
373;0
374;2
375;0
376;1
377;0
378;0
379;1
380;0
381;0
382;2
383;2
384;2
385;0
386;2
387;0
388;0
389;2
390;1
391;0
392;0
393;0
394;0
395;0
396;0
397;0
398;0
399;0
400;0
401;0
402;2
403;1
404;0
405;1
406;0
407;0
408;0
409;0
410;0
411;0
412;0
413;1
414;0
415;4
416;2
417;0
418;0
419;0
420;1
421;0
422;2
423;1
424;0
425;0
426;0
427;2
428;4
429;2
430;2
431;2
432;2
433;0
434;2
435;0
436;2
437;0
438;2
439;2
440;2
441;2
442;2
443;0
444;2
445;2
446;2
447;0
448;2
449;0
450;0
451;0
452;1
453;2
454;0
455;0
456;0
457;0
458;2
459;0
460;0
461;0
462;2
463;2
464;2
465;0
466;0
467;2
468;2
469;0
470;2
471;0
472;2
473;1
474;0
475;0
476;2
477;0
478;0
479;0
480;0
481;2
482;2
483;2
484;2
485;0
486;1
487;0
488;0
489;0
490;1
491;0
492;2
493;2
494;1
495;0
496;0
497;0
498;0
499;0
500;0
501;1
502;0
503;1
504;2
505;0
506;0
507;1
508;0
509;1
510;0
511;1
512;0
513;0
514;1
515;0
516;0
517;0
518;0
519;0
520;2
521;2
522;0
523;2
524;0
525;0
526;0
527;2
528;0
529;0
530;1
531;0
532;0
533;0
534;2
535;2
536;0
537;0
538;0
539;1
540;0
541;0
542;0
543;0
544;2
545;2
546;2
547;1
548;2
549;2
550;2
551;0
552;0
553;2
554;2
555;0
556;0
557;2
558;0
559;1
560;1
561;0
562;1
563;0
564;1
565;0
566;0
567;1
568;0
569;0
570;2
571;2
572;2
573;0
574;2
575;1
576;2
577;2
578;1
579;2
580;1
581;1
582;0
583;2
584;2
585;0
586;1
587;0
588;2
589;0
590;0
591;1
592;1
593;0
594;1
595;0
596;0
597;0
598;0
599;0
600;0
601;0
602;0
603;0
604;1
605;2
606;2
607;0
608;2
609;2
610;0
611;0
612;2
613;2
614;2
615;0
616;2
617;2
618;0
619;0
620;2
621;2
622;0
623;0
624;2
625;2
626;2
627;2
628;1
629;0
630;0
631;0
632;0
633;0
634;0
635;1
636;0
637;0
638;0
639;1
640;1
641;2
642;2
643;1
644;0
645;0
646;0
647;0
648;2
649;0
650;1
651;0
652;0
653;0
654;0
655;0
656;0
657;1
658;0
659;0
660;0
661;0
662;0
663;0
664;0
665;0
666;2
667;1
668;0
669;0
670;0
671;2
672;2
673;0
674;0
675;0
676;0
677;2
678;2
679;0
680;2
681;0
682;0
683;2
684;4
685;0
686;0
687;0
688;0
689;2
690;0
691;2
692;2
693;0
694;0
695;0
696;1
697;0
698;0
699;0
700;1
701;0
702;0
703;0
704;0
705;0
706;0
707;0
708;0
709;0
710;0
711;0
712;0
713;0
714;0
715;2
716;0
717;0
718;0
719;1
720;2
721;0
722;2
723;2
724;2
725;0
726;2
727;0
728;2
729;1
730;0
731;0
732;0
733;0
734;0
735;2
736;1
737;0
738;2
739;2
740;1
741;0
742;0
743;2
744;4
745;0
746;2
747;0
748;1
749;0
750;2
751;0
752;2
753;0
754;1
755;0
756;2
757;2
758;1
759;0
760;1
761;0
762;0
763;0
764;0
765;0
766;0
767;0
768;0
769;0
770;0
771;1
772;0
773;0
774;2
775;2
776;0
777;0
778;0
779;2
780;1
781;0
782;2
783;2
784;2
785;0
786;0
787;0
788;2
789;2
790;0
791;0
792;0
793;0
794;0
795;0
796;2
797;2
798;0
799;2
800;0
801;2
802;2
803;1
804;0
805;0
806;0
807;0
808;0
809;0
810;0
811;2
812;1
813;0
814;0
815;0
816;0
817;2
818;0
819;0
820;0
821;0
822;0
823;2
824;1
825;0
826;0
827;0
828;0
829;1
830;0
831;2
832;2
833;0
834;0
835;0
836;2
837;0
838;0
839;0
840;1
841;0
842;0
843;0
844;0
845;1
846;0
847;0
848;2
849;1
850;2
851;2
852;1
853;2
854;1
855;0
856;1
857;0
858;2
859;0
860;0
861;0
862;0
863;2
864;2
865;0
866;2
867;0
868;0
869;0
870;0
871;0
872;1
873;2
874;0
875;0
876;2
877;0
878;0
879;0
880;1
881;2
882;0
883;0
884;0
885;0
886;0
887;2
888;2
889;0
890;0
891;0
892;0
893;0
894;0
895;2
896;1
897;0
898;0
899;2
900;4
901;0
902;2
903;2
904;2
905;0
906;0
907;0
908;2
909;2
910;1
911;2
912;2
913;0
914;0
915;0
916;0
917;0
918;0
919;0
920;0
921;2
922;0
923;0
924;0
925;0
926;1
927;0
928;2
929;0
930;2
931;2
932;2
933;1
934;0
935;0
936;2
937;0
938;0
939;1
940;0
941;0
942;0
943;0
944;0
945;0
946;1
947;0
948;0
949;0
950;2
951;0
952;1
953;0
954;0
955;0
956;2
957;1
958;2
959;0
960;2
961;0
962;0
963;0
964;0
965;0
966;2
967;2
968;0
969;0
970;2
971;2
972;1
973;0
974;0
975;2
976;1
977;0
978;2
979;1
980;0
981;0
982;2
983;0
984;2
985;0
986;0
987;0
988;2
989;0
990;0
991;0
992;0
993;0
994;0
995;0
996;0
997;0
998;0
999;0
1000;1
1001;1
1002;1
1003;0
1004;0
1005;0
1006;0
1007;0
1008;2
1009;0
1010;0
1011;0
1012;0
1013;0
1014;0
1015;1
1016;0
1017;0
1018;0
1019;0
1020;0
1021;0
1022;0
1023;0
