0;0
1;0
2;0
3;2
4;2
5;0
6;2
7;2
8;2
9;0
10;0
11;2
12;2
13;1
14;0
15;0
16;0
17;1
18;0
19;0
20;2
21;0
22;0
23;0
24;0
25;0
26;2
27;2
28;1
29;0
30;0
31;0
32;1
33;0
34;1
35;0
36;2
37;0
38;2
39;2
40;1
41;0
42;0
43;2
44;4
45;0
46;2
47;2
48;2
49;0
50;2
51;0
52;1
53;0
54;0
55;0
56;1
57;0
58;0
59;0
60;1
61;2
62;1
63;1
64;2
65;0
66;0
67;0
68;0
69;0
70;2
71;1
72;1
73;0
74;0
75;0
76;2
77;0
78;2
79;2
80;2
81;0
82;2
83;1
84;0
85;0
86;0
87;0
88;2
89;1
90;0
91;0
92;0
93;2
94;0
95;0
96;2
97;0
98;0
99;2
100;0
101;0
102;0
103;2
104;0
105;0
106;2
107;1
108;0
109;0
110;0
111;0
112;4
113;0
114;2
115;2
116;1
117;0
118;0
119;0
120;2
121;0
122;0
123;0
124;0
125;0
126;2
127;0
128;1
129;1
130;0
131;0
132;4
133;0
134;2
135;2
136;2
137;0
138;0
139;0
140;1
141;0
142;0
143;0
144;0
145;0
146;2
147;0
148;0
149;0
150;0
151;2
152;0
153;2
154;0
155;0
156;0
157;0
158;0
159;0
160;1
161;0
162;0
163;2
164;2
165;0
166;2
167;2
168;2
169;0
170;2
171;2
172;0
173;0
174;0
175;0
176;2
177;2
178;0
179;0
180;0
181;0
182;0
183;0
184;2
185;2
186;2
187;2
188;1
189;1
190;0
191;0
192;0
193;0
194;0
195;0
196;0
197;0
198;0
199;0
200;2
201;2
202;2
203;2
204;1
205;0
206;0
207;2
208;2
209;0
210;2
211;2
212;2
213;0
214;0
215;0
216;1
217;2
218;2
219;0
220;0
221;0
222;0
223;0
224;0
225;0
226;2
227;2
228;0
229;0
230;0
231;2
232;2
233;0
234;0
235;0
236;0
237;2
238;0
239;0
240;1
241;0
242;2
243;2
244;0
245;1
246;0
247;1
248;2
249;0
250;0
251;2
252;2
253;0
254;2
255;2
256;1
257;0
258;0
259;2
260;1
261;0
262;0
263;1
264;2
265;0
266;0
267;0
268;2
269;2
270;2
271;0
272;1
273;0
274;2
275;0
276;0
277;0
278;0
279;0
280;0
281;0
282;0
283;0
284;1
285;0
286;0
287;0
288;0
289;0
290;2
291;1
292;0
293;0
294;0
295;2
296;2
297;0
298;1
299;1
300;0
301;0
302;2
303;0
304;0
305;2
306;1
307;0
308;2
309;2
310;1
311;0
312;0
313;0
314;0
315;0
316;0
317;0
318;0
319;0
320;0
321;0
322;0
323;2
324;1
325;0
326;0
327;0
328;2
329;0
330;2
331;2
332;1
333;0
334;0
335;2
336;2
337;0
338;2
339;2
340;2
341;0
342;0
343;0
344;0
345;1
346;0
347;0
348;0
349;2
350;2
351;1
352;0
353;0
354;0
355;0
356;0
357;0
358;0
359;0
360;0
361;0
362;0
363;0
364;1
365;0
366;0
367;0
368;1
369;0
370;0
371;1
372;0
373;0
374;2
375;0
376;0
377;0
378;0
379;2
380;2
381;0
382;2
383;2
384;2
385;0
386;0
387;0
388;2
389;0
390;2
391;0
392;0
393;1
394;0
395;0
396;0
397;2
398;1
399;0
400;2
401;0
402;0
403;0
404;0
405;0
406;0
407;0
408;1
409;0
410;0
411;0
412;2
413;2
414;0
415;2
416;2
417;0
418;0
419;0
420;0
421;0
422;1
423;0
424;1
425;0
426;0
427;2
428;2
429;0
430;2
431;2
432;2
433;0
434;0
435;2
436;0
437;0
438;1
439;0
440;2
441;0
442;2
443;2
444;1
445;0
446;0
447;0
448;1
449;2
450;0
451;2
452;0
453;2
454;2
455;2
456;2
457;0
458;2
459;0
460;0
461;0
462;0
463;1
464;0
465;0
466;0
467;0
468;1
469;0
470;0
471;0
472;0
473;0
474;1
475;0
476;1
477;0
478;0
479;2
480;4
481;0
482;2
483;1
484;0
485;0
486;2
487;0
488;2
489;0
490;0
491;0
492;0
493;0
494;0
495;0
496;0
497;2
498;2
499;2
500;0
501;0
502;1
503;0
504;1
505;0
506;0
507;2
508;2
509;0
510;2
511;1
512;0
513;0
514;2
515;0
516;2
517;0
518;0
519;0
520;0
521;0
522;0
523;0
524;0
525;0
526;0
527;0
528;0
529;0
530;0
531;0
532;1
533;0
534;1
535;0
536;1
537;0
538;0
539;1
540;0
541;0
542;2
543;1
544;0
545;0
546;2
547;0
548;2
549;0
550;0
551;0
552;0
553;0
554;0
555;0
556;1
557;0
558;2
559;2
560;1
561;0
562;0
563;2
564;2
565;0
566;2
567;2
568;2
569;0
570;2
571;0
572;2
573;1
574;1
575;0
576;2
577;2
578;0
579;0
580;0
581;0
582;1
583;0
584;2
585;1
586;0
587;0
588;0
589;0
590;0
591;0
592;1
593;0
594;0
595;1
596;2
597;0
598;0
599;2
600;2
601;0
602;2
603;0
604;2
605;2
606;0
607;2
608;0
609;0
610;0
611;0
612;0
613;0
614;0
615;0
616;1
617;0
618;1
619;1
620;0
621;0
622;0
623;1
624;0
625;0
626;2
627;1
628;2
629;0
630;2
631;0
632;0
633;0
634;0
635;0
636;0
637;0
638;1
639;0
640;0
641;0
642;2
643;2
644;2
645;2
646;2
647;0
648;2
649;0
650;2
651;0
652;0
653;2
654;1
655;0
656;0
657;0
658;2
659;2
660;0
661;0
662;0
663;0
664;4
665;0
666;2
667;2
668;2
669;0
670;0
671;0
672;1
673;0
674;0
675;1
676;0
677;0
678;1
679;0
680;1
681;0
682;2
683;2
684;1
685;0
686;2
687;0
688;0
689;0
690;0
691;0
692;0
693;0
694;1
695;0
696;2
697;0
698;0
699;0
700;0
701;0
702;0
703;0
704;1
705;0
706;0
707;2
708;1
709;0
710;0
711;2
712;0
713;2
714;2
715;2
716;2
717;0
718;2
719;0
720;2
721;1
722;2
723;0
724;1
725;0
726;2
727;2
728;1
729;0
730;0
731;2
732;2
733;0
734;2
735;1
736;2
737;0
738;2
739;2
740;1
741;0
742;0
743;0
744;1
745;0
746;0
747;0
748;0
749;2
750;2
751;0
752;2
753;2
754;0
755;0
756;2
757;0
758;1
759;0
760;0
761;0
762;0
763;2
764;2
765;1
766;0
767;0
768;2
769;0
770;0
771;0
772;0
773;0
774;0
775;2
776;1
777;0
778;0
779;0
780;0
781;0
782;1
783;0
784;2
785;0
786;2
787;0
788;2
789;0
790;1
791;0
792;0
793;0
794;0
795;2
796;2
797;0
798;0
799;0
800;0
801;0
802;2
803;0
804;2
805;2
806;0
807;2
808;1
809;0
810;2
811;1
812;1
813;0
814;0
815;2
816;4
817;0
818;2
819;2
820;2
821;0
822;2
823;0
824;2
825;0
826;0
827;0
828;0
829;0
830;2
831;2
832;1
833;1
834;0
835;0
836;0
837;0
838;0
839;1
840;0
841;2
842;2
843;2
844;2
845;2
846;1
847;0
848;0
849;0
850;0
851;1
852;0
853;0
854;0
855;2
856;1
857;0
858;0
859;2
860;2
861;0
862;0
863;2
864;2
865;0
866;2
867;0
868;2
869;0
870;0
871;0
872;0
873;0
874;0
875;0
876;0
877;1
878;0
879;0
880;0
881;0
882;0
883;0
884;0
885;0
886;2
887;0
888;0
889;0
890;0
891;0
892;0
893;0
894;1
895;0
896;0
897;0
898;2
899;1
900;0
901;0
902;2
903;2
904;1
905;0
906;0
907;2
908;1
909;0
910;2
911;2
912;2
913;0
914;2
915;0
916;1
917;1
918;0
919;1
920;0
921;1
922;0
923;0
924;0
925;0
926;0
927;0
928;0
929;0
930;1
931;0
932;1
933;0
934;0
935;0
936;1
937;0
938;2
939;2
940;1
941;0
942;0
943;2
944;4
945;0
946;2
947;2
948;2
949;0
950;0
951;0
952;2
953;1
954;0
955;0
956;0
957;1
958;0
959;0
960;0
961;2
962;0
963;0
964;0
965;2
966;2
967;2
968;0
969;0
970;0
971;0
972;0
973;0
974;0
975;0
976;0
977;2
978;1
979;0
980;0
981;0
982;2
983;2
984;1
985;0
986;0
987;0
988;4
989;0
990;2
991;1
992;0
993;0
994;2
995;0
996;2
997;0
998;0
999;2
1000;0
1001;0
1002;0
1003;0
1004;0
1005;0
1006;0
1007;2
1008;0
1009;0
1010;1
1011;0
1012;0
1013;0
1014;0
1015;1
1016;0
1017;0
1018;0
1019;0
1020;0
1021;0
1022;0
1023;0
