0;1
1;0
2;0
3;2
4;2
5;0
6;2
7;2
8;2
9;0
10;2
11;0
12;0
13;0
14;1
15;0
16;0
17;0
18;0
19;0
20;2
21;2
22;0
23;2
24;1
25;0
26;0
27;0
28;2
29;0
30;0
31;0
32;1
33;2
34;2
35;0
36;0
37;1
38;1
39;0
40;2
41;0
42;1
43;0
44;2
45;0
46;0
47;0
48;0
49;2
50;0
51;0
52;0
53;0
54;0
55;0
56;0
57;0
58;0
59;0
60;0
61;0
62;0
63;1
64;0
65;0
66;0
67;0
68;0
69;0
70;1
71;0
72;0
73;0
74;0
75;0
76;0
77;0
78;2
79;1
80;0
81;0
82;0
83;2
84;0
85;0
86;0
87;0
88;1
89;0
90;0
91;2
92;2
93;1
94;2
95;0
96;1
97;0
98;0
99;1
100;0
101;0
102;2
103;0
104;2
105;0
106;0
107;1
108;0
109;2
110;0
111;0
112;0
113;1
114;0
115;0
116;0
117;2
118;0
119;0
120;0
121;2
122;2
123;0
124;2
125;0
126;0
127;0
128;0
129;2
130;0
131;2
132;1
133;0
134;0
135;2
136;1
137;0
138;0
139;2
140;1
141;1
142;0
143;0
144;2
145;0
146;2
147;0
148;1
149;0
150;1
151;0
152;0
153;0
154;2
155;0
156;0
157;0
158;0
159;0
160;0
161;0
162;1
163;1
164;0
165;2
166;2
167;0
168;2
169;0
170;0
171;0
172;0
173;1
174;2
175;0
176;0
177;0
178;0
179;0
180;1
181;0
182;0
183;1
184;0
185;0
186;0
187;0
188;0
189;0
190;2
191;0
192;0
193;0
194;2
195;0
196;1
197;0
198;0
199;0
200;1
201;0
202;0
203;0
204;2
205;0
206;2
207;2
208;2
209;0
210;2
211;2
212;2
213;0
214;0
215;0
216;0
217;0
218;0
219;0
220;0
221;1
222;0
223;2
224;0
225;0
226;0
227;0
228;0
229;0
230;0
231;1
232;0
233;0
234;0
235;0
236;1
237;0
238;0
239;0
240;0
241;0
242;0
243;0
244;0
245;2
246;0
247;0
248;2
249;0
250;1
251;0
252;1
253;2
254;1
255;2
256;1
257;0
258;1
259;0
260;0
261;1
262;2
263;0
264;0
265;2
266;1
267;0
268;0
269;0
270;2
271;0
272;2
273;2
274;2
275;0
276;0
277;2
278;1
279;0
280;2
281;1
282;2
283;1
284;0
285;0
286;0
287;0
288;0
289;0
290;0
291;0
292;1
293;0
294;0
295;0
296;0
297;0
298;0
299;2
300;1
301;0
302;0
303;1
304;0
305;2
306;0
307;0
308;0
309;0
310;0
311;0
312;0
313;0
314;1
315;0
316;2
317;1
318;0
319;1
320;0
321;0
322;0
323;0
324;0
325;0
326;2
327;0
328;0
329;1
330;1
331;0
332;2
333;0
334;2
335;2
336;2
337;2
338;2
339;1
340;0
341;0
342;0
343;0
344;1
345;0
346;0
347;0
348;1
349;0
350;0
351;0
352;0
353;0
354;0
355;2
356;0
357;1
358;0
359;2
360;2
361;0
362;2
363;2
364;2
365;0
366;0
367;0
368;0
369;2
370;0
371;0
372;0
373;0
374;2
375;0
376;0
377;0
378;2
379;1
380;0
381;0
382;0
383;2
384;4
385;0
386;0
387;0
388;2
389;0
390;2
391;0
392;2
393;0
394;2
395;2
396;0
397;0
398;1
399;0
400;0
401;0
402;2
403;0
404;0
405;0
406;1
407;0
408;0
409;0
410;0
411;0
412;2
413;2
414;0
415;0
416;0
417;0
418;0
419;0
420;2
421;1
422;0
423;0
424;0
425;0
426;2
427;2
428;2
429;1
430;0
431;2
432;0
433;1
434;0
435;0
436;2
437;0
438;0
439;2
440;0
441;0
442;0
443;0
444;0
445;0
446;0
447;0
448;0
449;2
450;0
451;1
452;0
453;0
454;1
455;0
456;2
457;0
458;0
459;0
460;0
461;0
462;0
463;0
464;0
465;0
466;0
467;2
468;0
469;0
470;0
471;0
472;0
473;0
474;2
475;2
476;2
477;0
478;2
479;0
480;0
481;0
482;0
483;1
484;0
485;0
486;2
487;0
488;0
489;0
490;1
491;0
492;2
493;0
494;0
495;0
496;0
497;0
498;0
499;0
500;1
501;1
502;0
503;0
504;2
505;0
506;0
507;0
508;0
509;0
510;0
511;0
512;0
513;2
514;0
515;0
516;2
517;2
518;0
519;0
520;0
521;0
522;0
523;0
524;0
525;0
526;2
527;2
528;0
529;0
530;2
531;0
532;0
533;0
534;2
535;0
536;1
537;0
538;0
539;0
540;0
541;0
542;1
543;0
544;0
545;1
546;0
547;0
548;1
549;0
550;2
551;0
552;0
553;1
554;0
555;1
556;0
557;2
558;0
559;0
560;0
561;0
562;2
563;0
564;0
565;0
566;2
567;0
568;0
569;0
570;2
571;0
572;0
573;0
574;0
575;0
576;0
577;0
578;0
579;0
580;1
581;0
582;0
583;0
584;0
585;0
586;0
587;0
588;1
589;0
590;0
591;0
592;2
593;0
594;0
595;0
596;1
597;0
598;2
599;2
600;0
601;0
602;0
603;0
604;2
605;0
606;2
607;2
608;2
609;0
610;2
611;2
612;2
613;0
614;0
615;0
616;2
617;0
618;0
619;2
620;0
621;0
622;0
623;0
624;1
625;0
626;2
627;0
628;0
629;0
630;0
631;2
632;0
633;0
634;2
635;2
636;2
637;2
638;2
639;0
640;2
641;1
642;0
643;0
644;1
645;1
646;0
647;0
648;0
649;0
650;0
651;2
652;0
653;0
654;0
655;0
656;2
657;0
658;0
659;2
660;0
661;0
662;0
663;0
664;0
665;1
666;2
667;0
668;0
669;0
670;0
671;0
672;0
673;0
674;0
675;0
676;2
677;0
678;2
679;2
680;0
681;0
682;0
683;0
684;0
685;2
686;0
687;0
688;0
689;0
690;1
691;2
692;0
693;0
694;0
695;0
696;0
697;2
698;0
699;2
700;0
701;0
702;0
703;0
704;0
705;0
706;0
707;0
708;0
709;0
710;0
711;2
712;0
713;0
714;1
715;0
716;0
717;0
718;2
719;0
720;0
721;0
722;0
723;0
724;0
725;1
726;0
727;0
728;0
729;1
730;0
731;0
732;2
733;0
734;0
735;1
736;0
737;1
738;2
739;0
740;0
741;0
742;0
743;0
744;1
745;0
746;0
747;0
748;0
749;0
750;2
751;2
752;0
753;0
754;0
755;1
756;0
757;1
758;0
759;2
760;4
761;1
762;2
763;1
764;0
765;0
766;0
767;0
768;2
769;0
770;0
771;2
772;0
773;2
774;0
775;0
776;0
777;0
778;0
779;0
780;0
781;2
782;2
783;2
784;0
785;0
786;1
787;0
788;0
789;0
790;2
791;0
792;0
793;0
794;0
795;2
796;0
797;0
798;2
799;1
800;0
801;0
802;0
803;2
804;0
805;0
806;0
807;0
808;0
809;0
810;1
811;0
812;0
813;1
814;0
815;0
816;0
817;0
818;0
819;0
820;1
821;2
822;0
823;0
824;2
825;0
826;0
827;0
828;0
829;0
830;0
831;0
832;2
833;2
834;1
835;0
836;2
837;0
838;0
839;0
840;0
841;1
842;0
843;2
844;1
845;0
846;0
847;2
848;2
849;0
850;2
851;0
852;0
853;0
854;0
855;0
856;0
857;0
858;2
859;0
860;0
861;0
862;0
863;0
864;0
865;2
866;2
867;0
868;0
869;0
870;0
871;0
872;0
873;2
874;0
875;0
876;0
877;2
878;2
879;0
880;0
881;0
882;1
883;0
884;0
885;0
886;0
887;1
888;1
889;0
890;0
891;0
892;0
893;0
894;2
895;1
896;0
897;1
898;1
899;1
900;0
901;2
902;0
903;2
904;0
905;1
906;2
907;0
908;0
909;0
910;0
911;0
912;2
913;2
914;0
915;2
916;0
917;1
918;2
919;0
920;0
921;0
922;0
923;0
924;0
925;0
926;1
927;0
928;2
929;0
930;0
931;0
932;0
933;0
934;0
935;1
936;2
937;0
938;2
939;0
940;0
941;0
942;2
943;2
944;1
945;0
946;0
947;2
948;2
949;0
950;2
951;2
952;2
953;0
954;2
955;0
956;2
957;0
958;0
959;1
960;0
961;0
962;0
963;0
964;0
965;0
966;0
967;0
968;0
969;1
970;0
971;0
972;0
973;0
974;0
975;0
976;1
977;1
978;2
979;2
980;2
981;0
982;2
983;0
984;1
985;0
986;0
987;0
988;2
989;0
990;2
991;2
992;1
993;0
994;0
995;2
996;0
997;0
998;0
999;0
1000;0
1001;0
1002;2
1003;1
1004;0
1005;0
1006;2
1007;0
1008;1
1009;0
1010;0
1011;0
1012;0
1013;0
1014;1
1015;0
1016;0
1017;0
1018;0
1019;0
1020;0
1021;0
1022;0
1023;0
