0;1
1;0
2;0
3;2
4;4
5;1
6;0
7;0
8;2
9;0
10;2
11;0
12;2
13;0
14;1
15;0
16;1
17;2
18;0
19;2
20;2
21;1
22;0
23;2
24;1
25;1
26;0
27;0
28;0
29;0
30;0
31;0
32;0
33;0
34;0
35;0
36;2
37;1
38;0
39;0
40;0
41;0
42;0
43;2
44;1
45;0
46;0
47;0
48;0
49;0
50;0
51;1
52;0
53;0
54;0
55;0
56;1
57;1
58;0
59;2
60;1
61;0
62;0
63;0
64;0
65;0
66;1
67;0
68;0
69;2
70;2
71;2
72;1
73;0
74;0
75;0
76;0
77;0
78;2
79;0
80;2
81;0
82;2
83;0
84;1
85;2
86;0
87;0
88;0
89;0
90;0
91;2
92;1
93;0
94;0
95;0
96;0
97;1
98;0
99;0
100;0
101;0
102;2
103;2
104;0
105;0
106;0
107;0
108;0
109;1
110;0
111;0
112;2
113;0
114;0
115;0
116;0
117;0
118;1
119;0
120;0
121;0
122;1
123;0
124;1
125;0
126;0
127;0
128;0
129;0
130;2
131;0
132;0
133;0
134;1
135;0
136;0
137;1
138;0
139;2
140;1
141;0
142;2
143;0
144;0
145;0
146;0
147;0
148;0
149;0
150;2
151;0
152;2
153;0
154;1
155;0
156;0
157;0
158;0
159;0
160;0
161;0
162;2
163;2
164;1
165;0
166;0
167;0
168;0
169;2
170;2
171;2
172;2
173;0
174;2
175;0
176;0
177;1
178;0
179;0
180;0
181;0
182;0
183;0
184;0
185;0
186;0
187;0
188;0
189;0
190;0
191;2
192;1
193;0
194;0
195;0
196;2
197;1
198;0
199;2
200;1
201;0
202;0
203;1
204;2
205;1
206;0
207;0
208;1
209;2
210;2
211;0
212;0
213;0
214;1
215;0
216;0
217;0
218;0
219;0
220;0
221;0
222;0
223;2
224;1
225;0
226;0
227;0
228;0
229;2
230;2
231;1
232;0
233;0
234;0
235;2
236;0
237;0
238;0
239;0
240;0
241;0
242;0
243;1
244;0
245;4
246;0
247;0
248;0
249;0
250;1
251;0
252;2
253;2
254;0
255;0
256;1
257;0
258;2
259;1
260;0
261;0
262;0
263;0
264;0
265;2
266;1
267;2
268;0
269;0
270;0
271;1
272;0
273;1
274;0
275;0
276;1
277;1
278;0
279;2
280;2
281;0
282;0
283;0
284;0
285;0
286;0
287;0
288;0
289;1
290;0
291;0
292;0
293;0
294;0
295;0
296;0
297;0
298;0
299;0
300;2
301;0
302;0
303;0
304;0
305;0
306;0
307;2
308;2
309;0
310;0
311;2
312;4
313;0
314;2
315;1
316;0
317;0
318;2
319;0
320;2
321;0
322;0
323;0
324;0
325;0
326;0
327;2
328;2
329;0
330;0
331;0
332;1
333;0
334;0
335;2
336;1
337;0
338;0
339;0
340;1
341;0
342;0
343;0
344;0
345;0
346;2
347;0
348;2
349;0
350;0
351;0
352;0
353;0
354;0
355;2
356;0
357;0
358;1
359;0
360;0
361;0
362;1
363;0
364;0
365;2
366;0
367;0
368;2
369;0
370;0
371;0
372;1
373;0
374;2
375;2
376;1
377;0
378;1
379;0
380;2
381;1
382;0
383;0
384;0
385;0
386;0
387;1
388;0
389;2
390;0
391;0
392;0
393;2
394;2
395;2
396;2
397;0
398;0
399;0
400;0
401;0
402;0
403;0
404;0
405;2
406;1
407;0
408;1
409;0
410;0
411;0
412;0
413;0
414;2
415;2
416;1
417;1
418;0
419;2
420;4
421;0
422;2
423;2
424;0
425;2
426;0
427;0
428;2
429;0
430;1
431;0
432;0
433;1
434;2
435;0
436;0
437;2
438;2
439;0
440;2
441;0
442;0
443;0
444;1
445;0
446;0
447;0
448;0
449;0
450;2
451;2
452;1
453;0
454;1
455;0
456;0
457;2
458;0
459;2
460;1
461;0
462;0
463;0
464;0
465;0
466;0
467;0
468;2
469;0
470;0
471;2
472;0
473;0
474;2
475;1
476;0
477;0
478;0
479;0
480;0
481;0
482;0
483;0
484;1
485;0
486;1
487;0
488;0
489;2
490;0
491;1
492;0
493;2
494;0
495;0
496;0
497;1
498;0
499;0
500;0
501;0
502;0
503;1
504;1
505;0
506;0
507;0
508;0
509;0
510;0
511;2
512;2
513;2
514;0
515;0
516;0
517;0
518;0
519;2
520;0
521;0
522;0
523;0
524;0
525;0
526;2
527;0
528;0
529;0
530;0
531;0
532;2
533;0
534;0
535;0
536;2
537;2
538;2
539;1
540;0
541;2
542;2
543;0
544;2
545;0
546;2
547;0
548;0
549;2
550;0
551;1
552;0
553;0
554;2
555;2
556;1
557;0
558;0
559;2
560;0
561;2
562;2
563;1
564;0
565;0
566;2
567;0
568;1
569;0
570;1
571;0
572;1
573;1
574;0
575;2
576;0
577;0
578;0
579;1
580;2
581;0
582;2
583;1
584;0
585;0
586;1
587;0
588;0
589;0
590;2
591;0
592;1
593;0
594;2
595;0
596;2
597;0
598;2
599;0
600;1
601;0
602;2
603;2
604;1
605;0
606;1
607;0
608;0
609;0
610;1
611;0
612;0
613;1
614;0
615;2
616;2
617;1
618;0
619;0
620;0
621;0
622;0
623;0
624;0
625;0
626;0
627;0
628;0
629;0
630;1
631;1
632;2
633;2
634;0
635;0
636;2
637;0
638;0
639;0
640;2
641;0
642;0
643;0
644;0
645;0
646;0
647;1
648;0
649;1
650;0
651;0
652;0
653;0
654;0
655;0
656;0
657;0
658;0
659;0
660;2
661;0
662;0
663;2
664;4
665;0
666;0
667;0
668;0
669;1
670;0
671;2
672;1
673;0
674;0
675;0
676;0
677;0
678;0
679;0
680;1
681;0
682;0
683;0
684;0
685;0
686;0
687;0
688;0
689;0
690;0
691;0
692;0
693;0
694;2
695;2
696;1
697;0
698;0
699;2
700;0
701;2
702;2
703;1
704;0
705;0
706;2
707;0
708;2
709;2
710;0
711;0
712;2
713;1
714;0
715;2
716;1
717;1
718;0
719;0
720;0
721;0
722;0
723;0
724;1
725;0
726;0
727;0
728;0
729;0
730;0
731;0
732;0
733;0
734;0
735;0
736;0
737;0
738;1
739;1
740;0
741;2
742;0
743;0
744;0
745;0
746;0
747;0
748;0
749;1
750;1
751;0
752;1
753;0
754;2
755;1
756;0
757;0
758;1
759;0
760;1
761;2
762;1
763;0
764;1
765;0
766;0
767;0
768;0
769;0
770;0
771;0
772;0
773;0
774;2
775;0
776;1
777;1
778;0
779;0
780;0
781;2
782;0
783;2
784;2
785;0
786;0
787;0
788;0
789;0
790;0
791;0
792;0
793;0
794;0
795;0
796;1
797;1
798;0
799;0
800;0
801;0
802;1
803;0
804;1
805;0
806;0
807;2
808;1
809;0
810;2
811;1
812;0
813;0
814;2
815;0
816;1
817;0
818;2
819;2
820;0
821;0
822;2
823;0
824;2
825;0
826;2
827;0
828;0
829;0
830;2
831;0
832;0
833;0
834;1
835;0
836;1
837;2
838;0
839;0
840;2
841;0
842;0
843;0
844;1
845;0
846;0
847;2
848;2
849;0
850;2
851;2
852;2
853;0
854;2
855;0
856;1
857;0
858;0
859;0
860;0
861;0
862;1
863;0
864;1
865;0
866;0
867;0
868;0
869;0
870;0
871;0
872;1
873;0
874;1
875;1
876;0
877;0
878;0
879;0
880;1
881;0
882;0
883;0
884;0
885;2
886;0
887;0
888;0
889;0
890;1
891;1
892;0
893;0
894;2
895;0
896;2
897;0
898;0
899;0
900;4
901;0
902;1
903;0
904;0
905;0
906;0
907;0
908;1
909;0
910;1
911;0
912;2
913;2
914;0
915;0
916;1
917;0
918;0
919;0
920;1
921;0
922;0
923;0
924;2
925;0
926;0
927;2
928;0
929;2
930;0
931;2
932;2
933;1
934;4
935;0
936;0
937;1
938;1
939;0
940;2
941;2
942;2
943;1
944;0
945;1
946;0
947;0
948;1
949;0
950;2
951;0
952;2
953;0
954;0
955;0
956;0
957;0
958;0
959;0
960;0
961;0
962;0
963;0
964;0
965;0
966;0
967;0
968;0
969;2
970;1
971;0
972;1
973;0
974;0
975;0
976;0
977;0
978;1
979;0
980;2
981;2
982;1
983;0
984;2
985;0
986;0
987;0
988;0
989;0
990;0
991;0
992;0
993;0
994;0
995;2
996;1
997;0
998;0
999;2
1000;2
1001;0
1002;2
1003;2
1004;2
1005;0
1006;0
1007;0
1008;3
1009;1
1010;0
1011;0
1012;1
1013;1
1014;0
1015;0
1016;0
1017;0
1018;0
1019;0
1020;0
1021;0
1022;0
1023;0
