0;0
1;0
2;0
3;1
4;2
5;0
6;0
7;1
8;0
9;0
10;2
11;2
12;2
13;1
14;0
15;1
16;0
17;1
18;0
19;0
20;0
21;0
22;0
23;2
24;0
25;0
26;2
27;2
28;1
29;0
30;0
31;1
32;4
33;2
34;0
35;1
36;0
37;0
38;0
39;0
40;2
41;0
42;0
43;1
44;0
45;0
46;0
47;0
48;0
49;0
50;2
51;1
52;0
53;0
54;0
55;0
56;2
57;0
58;0
59;0
60;0
61;2
62;2
63;1
64;1
65;0
66;0
67;1
68;0
69;0
70;2
71;1
72;4
73;0
74;2
75;1
76;0
77;0
78;2
79;0
80;1
81;0
82;0
83;0
84;0
85;0
86;0
87;2
88;4
89;0
90;2
91;1
92;0
93;0
94;2
95;0
96;2
97;0
98;0
99;0
100;1
101;0
102;0
103;2
104;2
105;0
106;0
107;0
108;2
109;1
110;2
111;0
112;1
113;0
114;0
115;0
116;0
117;0
118;0
119;2
120;2
121;1
122;0
123;1
124;1
125;0
126;1
127;0
128;2
129;2
130;2
131;2
132;1
133;0
134;0
135;0
136;2
137;0
138;2
139;2
140;2
141;0
142;0
143;0
144;2
145;0
146;0
147;0
148;0
149;0
150;0
151;0
152;0
153;0
154;0
155;0
156;2
157;0
158;0
159;0
160;0
161;2
162;0
163;0
164;2
165;2
166;1
167;0
168;0
169;2
170;0
171;0
172;0
173;0
174;0
175;1
176;0
177;2
178;0
179;0
180;0
181;0
182;0
183;0
184;0
185;0
186;2
187;2
188;1
189;0
190;2
191;2
192;1
193;1
194;0
195;2
196;1
197;0
198;2
199;2
200;2
201;0
202;2
203;0
204;2
205;2
206;0
207;0
208;0
209;2
210;1
211;0
212;0
213;0
214;0
215;0
216;0
217;0
218;1
219;0
220;0
221;0
222;0
223;2
224;2
225;0
226;0
227;0
228;1
229;2
230;0
231;0
232;1
233;0
234;1
235;4
236;2
237;0
238;0
239;0
240;1
241;0
242;2
243;2
244;1
245;0
246;0
247;2
248;2
249;0
250;2
251;0
252;2
253;0
254;2
255;0
256;2
257;1
258;0
259;0
260;2
261;2
262;0
263;0
264;1
265;1
266;0
267;0
268;2
269;0
270;0
271;0
272;1
273;0
274;1
275;0
276;0
277;0
278;2
279;0
280;2
281;0
282;2
283;2
284;1
285;0
286;0
287;0
288;0
289;0
290;0
291;0
292;0
293;0
294;0
295;1
296;2
297;0
298;0
299;0
300;0
301;0
302;4
303;1
304;1
305;0
306;0
307;0
308;0
309;0
310;2
311;1
312;0
313;0
314;2
315;2
316;0
317;0
318;2
319;2
320;2
321;0
322;0
323;0
324;1
325;1
326;0
327;0
328;2
329;0
330;0
331;0
332;0
333;0
334;0
335;2
336;0
337;0
338;1
339;0
340;2
341;1
342;0
343;0
344;1
345;1
346;0
347;2
348;4
349;0
350;0
351;2
352;1
353;0
354;0
355;0
356;1
357;0
358;0
359;0
360;0
361;0
362;0
363;0
364;2
365;0
366;2
367;2
368;2
369;1
370;2
371;0
372;0
373;0
374;1
375;0
376;0
377;0
378;0
379;0
380;0
381;0
382;0
383;0
384;1
385;0
386;0
387;0
388;1
389;2
390;2
391;1
392;0
393;0
394;0
395;0
396;2
397;0
398;0
399;0
400;0
401;1
402;0
403;0
404;0
405;0
406;2
407;2
408;0
409;0
410;0
411;0
412;1
413;0
414;0
415;2
416;0
417;0
418;2
419;0
420;2
421;0
422;2
423;0
424;0
425;0
426;2
427;0
428;2
429;2
430;0
431;0
432;2
433;0
434;0
435;0
436;2
437;0
438;2
439;0
440;1
441;0
442;0
443;0
444;2
445;0
446;0
447;0
448;0
449;0
450;2
451;1
452;1
453;0
454;0
455;2
456;1
457;0
458;0
459;2
460;2
461;2
462;2
463;0
464;1
465;1
466;0
467;0
468;0
469;0
470;1
471;0
472;1
473;0
474;2
475;2
476;2
477;0
478;2
479;1
480;0
481;0
482;0
483;1
484;2
485;0
486;2
487;0
488;1
489;0
490;0
491;0
492;0
493;1
494;0
495;0
496;0
497;1
498;0
499;1
500;0
501;0
502;0
503;2
504;0
505;0
506;0
507;2
508;1
509;0
510;0
511;0
512;2
513;2
514;0
515;0
516;0
517;0
518;1
519;0
520;1
521;0
522;2
523;1
524;0
525;0
526;0
527;2
528;2
529;0
530;2
531;1
532;2
533;0
534;2
535;0
536;0
537;2
538;0
539;2
540;0
541;2
542;2
543;2
544;2
545;0
546;0
547;0
548;0
549;0
550;0
551;0
552;2
553;0
554;2
555;0
556;0
557;0
558;2
559;2
560;0
561;0
562;0
563;0
564;0
565;0
566;0
567;0
568;0
569;1
570;0
571;0
572;2
573;0
574;0
575;0
576;0
577;0
578;0
579;0
580;0
581;0
582;2
583;2
584;1
585;0
586;1
587;0
588;0
589;0
590;2
591;2
592;4
593;0
594;2
595;2
596;2
597;1
598;0
599;0
600;1
601;0
602;0
603;0
604;0
605;0
606;0
607;0
608;0
609;0
610;2
611;0
612;1
613;0
614;0
615;0
616;4
617;0
618;2
619;1
620;0
621;0
622;2
623;0
624;2
625;0
626;1
627;0
628;0
629;0
630;0
631;1
632;0
633;1
634;0
635;0
636;1
637;0
638;0
639;1
640;2
641;0
642;0
643;0
644;0
645;2
646;0
647;2
648;0
649;0
650;0
651;0
652;0
653;0
654;0
655;0
656;0
657;0
658;0
659;1
660;0
661;0
662;0
663;2
664;2
665;0
666;2
667;1
668;1
669;0
670;0
671;0
672;2
673;2
674;2
675;2
676;1
677;0
678;0
679;2
680;2
681;0
682;0
683;0
684;2
685;0
686;2
687;0
688;0
689;1
690;0
691;0
692;0
693;1
694;0
695;0
696;0
697;0
698;0
699;0
700;0
701;0
702;0
703;0
704;0
705;0
706;1
707;0
708;0
709;0
710;2
711;0
712;0
713;0
714;0
715;0
716;0
717;0
718;2
719;1
720;0
721;0
722;0
723;2
724;2
725;0
726;2
727;2
728;2
729;0
730;0
731;0
732;1
733;0
734;0
735;0
736;0
737;1
738;0
739;0
740;1
741;0
742;1
743;1
744;0
745;0
746;0
747;2
748;2
749;0
750;2
751;2
752;2
753;0
754;2
755;2
756;1
757;0
758;0
759;0
760;0
761;1
762;0
763;0
764;0
765;1
766;0
767;0
768;0
769;0
770;2
771;2
772;2
773;0
774;0
775;1
776;0
777;0
778;0
779;2
780;0
781;2
782;2
783;0
784;0
785;0
786;0
787;0
788;0
789;0
790;1
791;2
792;0
793;0
794;0
795;2
796;1
797;0
798;2
799;1
800;1
801;0
802;0
803;0
804;0
805;0
806;0
807;2
808;1
809;0
810;0
811;0
812;0
813;0
814;0
815;0
816;0
817;0
818;0
819;0
820;0
821;2
822;2
823;1
824;0
825;0
826;0
827;0
828;1
829;1
830;0
831;0
832;1
833;1
834;0
835;0
836;0
837;0
838;1
839;0
840;0
841;2
842;0
843;0
844;0
845;0
846;2
847;0
848;0
849;0
850;0
851;1
852;0
853;0
854;2
855;0
856;0
857;0
858;2
859;0
860;1
861;0
862;1
863;0
864;0
865;1
866;0
867;0
868;0
869;1
870;0
871;0
872;1
873;0
874;0
875;0
876;0
877;2
878;2
879;2
880;0
881;0
882;0
883;0
884;0
885;0
886;0
887;0
888;0
889;2
890;0
891;0
892;2
893;0
894;0
895;2
896;1
897;0
898;2
899;2
900;2
901;2
902;0
903;0
904;2
905;0
906;0
907;0
908;2
909;2
910;2
911;0
912;0
913;0
914;0
915;0
916;2
917;0
918;0
919;0
920;0
921;0
922;2
923;0
924;1
925;0
926;0
927;1
928;0
929;2
930;1
931;1
932;0
933;0
934;2
935;0
936;2
937;0
938;0
939;0
940;2
941;0
942;1
943;0
944;0
945;2
946;0
947;0
948;0
949;2
950;2
951;0
952;2
953;0
954;0
955;0
956;2
957;1
958;2
959;2
960;2
961;2
962;0
963;0
964;1
965;0
966;0
967;2
968;2
969;0
970;0
971;0
972;0
973;0
974;2
975;0
976;0
977;0
978;0
979;0
980;0
981;1
982;1
983;1
984;1
985;0
986;1
987;0
988;0
989;2
990;0
991;0
992;1
993;0
994;0
995;0
996;0
997;0
998;2
999;1
1000;0
1001;0
1002;0
1003;2
1004;2
1005;0
1006;2
1007;2
1008;2
1009;0
1010;2
1011;0
1012;1
1013;0
1014;0
1015;1
1016;0
1017;0
1018;0
1019;0
1020;0
1021;0
1022;0
1023;0
