0;0
1;0
2;0
3;2
4;4
5;0
6;2
7;1
8;0
9;0
10;2
11;0
12;2
13;1
14;1
15;0
16;0
17;0
18;1
19;0
20;0
21;2
22;0
23;2
24;1
25;0
26;0
27;0
28;2
29;2
30;0
31;0
32;2
33;0
34;2
35;0
36;1
37;0
38;1
39;0
40;1
41;0
42;2
43;0
44;2
45;0
46;0
47;0
48;1
49;2
50;0
51;2
52;1
53;0
54;0
55;0
56;0
57;0
58;0
59;2
60;1
61;1
62;0
63;2
64;0
65;0
66;0
67;0
68;0
69;0
70;0
71;0
72;1
73;0
74;0
75;0
76;0
77;0
78;2
79;2
80;2
81;0
82;0
83;2
84;0
85;0
86;0
87;0
88;0
89;0
90;0
91;2
92;2
93;2
94;0
95;1
96;0
97;2
98;0
99;0
100;0
101;0
102;0
103;0
104;0
105;0
106;0
107;0
108;0
109;0
110;0
111;0
112;0
113;2
114;2
115;2
116;2
117;1
118;0
119;0
120;0
121;2
122;2
123;0
124;2
125;0
126;0
127;0
128;0
129;2
130;2
131;1
132;0
133;0
134;0
135;0
136;1
137;0
138;0
139;0
140;2
141;0
142;2
143;0
144;0
145;0
146;0
147;2
148;0
149;0
150;1
151;0
152;2
153;1
154;2
155;0
156;0
157;0
158;0
159;1
160;0
161;0
162;0
163;0
164;0
165;0
166;0
167;0
168;0
169;2
170;1
171;0
172;0
173;1
174;2
175;2
176;1
177;2
178;2
179;0
180;2
181;0
182;0
183;2
184;2
185;0
186;0
187;0
188;1
189;1
190;0
191;0
192;2
193;0
194;1
195;0
196;2
197;0
198;0
199;2
200;0
201;0
202;1
203;1
204;0
205;0
206;0
207;0
208;2
209;0
210;0
211;0
212;0
213;0
214;0
215;0
216;0
217;2
218;1
219;2
220;0
221;2
222;0
223;0
224;2
225;2
226;0
227;0
228;0
229;0
230;0
231;0
232;0
233;1
234;0
235;0
236;0
237;1
238;2
239;0
240;0
241;0
242;2
243;2
244;1
245;0
246;1
247;0
248;0
249;0
250;0
251;2
252;2
253;0
254;0
255;0
256;1
257;0
258;0
259;0
260;0
261;2
262;1
263;0
264;0
265;2
266;2
267;0
268;0
269;2
270;2
271;0
272;1
273;2
274;0
275;0
276;0
277;0
278;0
279;0
280;2
281;0
282;0
283;0
284;1
285;1
286;0
287;0
288;2
289;2
290;0
291;0
292;0
293;0
294;0
295;0
296;2
297;1
298;0
299;0
300;1
301;0
302;0
303;0
304;0
305;0
306;0
307;0
308;0
309;0
310;1
311;2
312;2
313;2
314;2
315;2
316;2
317;2
318;2
319;0
320;0
321;0
322;1
323;0
324;1
325;0
326;0
327;0
328;0
329;0
330;0
331;0
332;0
333;1
334;2
335;2
336;0
337;1
338;0
339;2
340;2
341;2
342;2
343;0
344;2
345;2
346;0
347;0
348;0
349;0
350;0
351;2
352;0
353;0
354;0
355;1
356;0
357;0
358;0
359;2
360;0
361;0
362;0
363;0
364;0
365;0
366;0
367;0
368;1
369;0
370;0
371;0
372;2
373;0
374;1
375;0
376;0
377;2
378;1
379;0
380;0
381;0
382;0
383;0
384;2
385;0
386;0
387;0
388;2
389;0
390;0
391;2
392;0
393;0
394;0
395;2
396;2
397;1
398;0
399;2
400;2
401;0
402;0
403;2
404;0
405;2
406;0
407;2
408;1
409;0
410;0
411;1
412;0
413;2
414;0
415;0
416;0
417;1
418;0
419;2
420;1
421;0
422;0
423;2
424;4
425;1
426;2
427;1
428;0
429;0
430;2
431;0
432;2
433;2
434;2
435;1
436;0
437;0
438;0
439;0
440;0
441;0
442;0
443;0
444;1
445;0
446;2
447;2
448;0
449;0
450;0
451;0
452;0
453;0
454;0
455;2
456;2
457;2
458;0
459;0
460;0
461;0
462;0
463;0
464;0
465;0
466;0
467;1
468;0
469;0
470;0
471;2
472;2
473;0
474;1
475;0
476;1
477;0
478;0
479;0
480;2
481;1
482;0
483;0
484;0
485;0
486;0
487;0
488;0
489;0
490;0
491;0
492;2
493;2
494;2
495;2
496;2
497;2
498;0
499;0
500;0
501;2
502;0
503;0
504;0
505;0
506;0
507;0
508;0
509;0
510;0
511;1
512;1
513;0
514;0
515;2
516;4
517;0
518;2
519;2
520;2
521;0
522;2
523;0
524;1
525;0
526;0
527;0
528;0
529;0
530;1
531;0
532;0
533;0
534;1
535;0
536;0
537;0
538;0
539;0
540;0
541;0
542;2
543;0
544;0
545;2
546;1
547;0
548;2
549;2
550;2
551;0
552;0
553;0
554;0
555;0
556;0
557;0
558;2
559;2
560;0
561;2
562;0
563;0
564;0
565;0
566;0
567;0
568;0
569;0
570;0
571;0
572;2
573;2
574;0
575;0
576;0
577;0
578;0
579;0
580;0
581;0
582;0
583;0
584;0
585;2
586;0
587;2
588;1
589;0
590;0
591;0
592;0
593;2
594;0
595;0
596;1
597;0
598;0
599;0
600;0
601;0
602;0
603;0
604;2
605;2
606;0
607;0
608;0
609;0
610;0
611;0
612;0
613;0
614;2
615;0
616;0
617;2
618;0
619;2
620;0
621;0
622;0
623;0
624;0
625;2
626;0
627;0
628;0
629;0
630;0
631;0
632;0
633;0
634;0
635;0
636;0
637;0
638;0
639;2
640;0
641;0
642;0
643;0
644;0
645;0
646;0
647;1
648;0
649;0
650;2
651;0
652;0
653;0
654;0
655;0
656;0
657;0
658;2
659;0
660;0
661;0
662;0
663;0
664;1
665;0
666;0
667;2
668;1
669;0
670;1
671;1
672;2
673;0
674;0
675;0
676;0
677;0
678;2
679;1
680;0
681;1
682;0
683;0
684;0
685;0
686;0
687;0
688;0
689;0
690;0
691;0
692;0
693;0
694;0
695;0
696;4
697;0
698;2
699;2
700;2
701;0
702;0
703;0
704;1
705;0
706;0
707;0
708;0
709;0
710;0
711;1
712;0
713;0
714;0
715;2
716;0
717;0
718;0
719;0
720;0
721;2
722;0
723;0
724;2
725;0
726;0
727;2
728;0
729;0
730;0
731;1
732;0
733;0
734;0
735;0
736;1
737;0
738;0
739;1
740;0
741;0
742;1
743;0
744;0
745;2
746;0
747;0
748;0
749;0
750;0
751;0
752;0
753;0
754;0
755;2
756;0
757;0
758;0
759;0
760;0
761;0
762;2
763;0
764;0
765;0
766;1
767;0
768;0
769;0
770;0
771;0
772;0
773;0
774;0
775;0
776;2
777;2
778;0
779;1
780;0
781;0
782;0
783;1
784;0
785;0
786;0
787;0
788;0
789;0
790;1
791;0
792;0
793;0
794;0
795;0
796;0
797;2
798;2
799;0
800;1
801;1
802;2
803;0
804;2
805;0
806;1
807;0
808;0
809;0
810;0
811;0
812;0
813;2
814;2
815;2
816;1
817;2
818;0
819;0
820;0
821;2
822;1
823;2
824;1
825;0
826;1
827;2
828;2
829;0
830;0
831;1
832;0
833;2
834;0
835;0
836;0
837;0
838;2
839;1
840;0
841;0
842;0
843;1
844;0
845;2
846;1
847;0
848;0
849;0
850;0
851;0
852;1
853;0
854;0
855;0
856;0
857;0
858;2
859;0
860;0
861;1
862;0
863;0
864;1
865;0
866;0
867;0
868;0
869;0
870;0
871;2
872;2
873;2
874;2
875;0
876;1
877;1
878;2
879;2
880;1
881;0
882;2
883;2
884;0
885;2
886;0
887;0
888;0
889;0
890;0
891;0
892;1
893;0
894;0
895;0
896;0
897;2
898;0
899;1
900;0
901;0
902;0
903;0
904;0
905;0
906;0
907;0
908;0
909;0
910;2
911;1
912;0
913;0
914;0
915;0
916;2
917;0
918;0
919;1
920;0
921;2
922;2
923;2
924;2
925;0
926;0
927;0
928;0
929;0
930;0
931;1
932;0
933;0
934;0
935;1
936;0
937;0
938;2
939;0
940;1
941;0
942;0
943;0
944;2
945;0
946;2
947;2
948;2
949;0
950;2
951;0
952;2
953;0
954;0
955;2
956;1
957;0
958;0
959;1
960;0
961;0
962;2
963;0
964;0
965;0
966;0
967;1
968;0
969;1
970;0
971;2
972;2
973;0
974;0
975;0
976;2
977;0
978;0
979;0
980;0
981;2
982;2
983;0
984;0
985;1
986;0
987;0
988;0
989;0
990;2
991;1
992;0
993;0
994;0
995;0
996;2
997;0
998;0
999;0
1000;1
1001;0
1002;0
1003;0
1004;2
1005;1
1006;0
1007;1
1008;0
1009;1
1010;0
1011;0
1012;0
1013;0
1014;0
1015;0
1016;0
1017;0
1018;0
1019;0
1020;0
1021;0
1022;0
1023;0
