0;1
1;0
2;0
3;2
4;4
5;0
6;0
7;2
8;2
9;0
10;2
11;0
12;2
13;0
14;0
15;0
16;1
17;2
18;2
19;0
20;2
21;2
22;2
23;2
24;1
25;1
26;2
27;2
28;2
29;0
30;0
31;2
32;0
33;2
34;0
35;0
36;0
37;2
38;1
39;0
40;0
41;0
42;0
43;0
44;2
45;2
46;1
47;0
48;0
49;0
50;0
51;0
52;0
53;0
54;1
55;0
56;0
57;0
58;0
59;2
60;1
61;0
62;0
63;2
64;4
65;0
66;0
67;2
68;2
69;0
70;2
71;0
72;2
73;0
74;0
75;0
76;0
77;0
78;1
79;0
80;1
81;0
82;0
83;0
84;0
85;0
86;2
87;0
88;2
89;0
90;2
91;0
92;1
93;2
94;0
95;0
96;0
97;2
98;2
99;2
100;2
101;0
102;0
103;0
104;0
105;0
106;1
107;0
108;0
109;0
110;0
111;0
112;0
113;0
114;0
115;0
116;0
117;0
118;0
119;0
120;0
121;0
122;0
123;0
124;0
125;0
126;1
127;0
128;0
129;1
130;1
131;0
132;1
133;0
134;0
135;0
136;2
137;0
138;0
139;0
140;2
141;0
142;0
143;0
144;0
145;2
146;2
147;2
148;1
149;0
150;1
151;0
152;1
153;0
154;0
155;0
156;0
157;2
158;2
159;2
160;1
161;0
162;0
163;2
164;2
165;0
166;2
167;2
168;2
169;0
170;2
171;0
172;2
173;2
174;1
175;0
176;1
177;0
178;1
179;0
180;0
181;0
182;1
183;0
184;0
185;0
186;0
187;0
188;0
189;0
190;0
191;0
192;1
193;0
194;0
195;0
196;2
197;0
198;1
199;0
200;2
201;0
202;0
203;0
204;0
205;0
206;0
207;1
208;2
209;2
210;2
211;2
212;2
213;0
214;2
215;0
216;0
217;0
218;0
219;0
220;0
221;0
222;0
223;0
224;0
225;0
226;0
227;1
228;0
229;0
230;0
231;0
232;0
233;2
234;2
235;2
236;2
237;0
238;1
239;0
240;0
241;0
242;0
243;0
244;0
245;2
246;2
247;2
248;2
249;1
250;0
251;2
252;0
253;0
254;2
255;2
256;2
257;2
258;0
259;0
260;1
261;0
262;2
263;1
264;0
265;0
266;2
267;2
268;1
269;0
270;0
271;2
272;2
273;0
274;2
275;2
276;2
277;0
278;2
279;2
280;1
281;0
282;0
283;0
284;2
285;2
286;2
287;1
288;0
289;0
290;0
291;2
292;2
293;0
294;0
295;0
296;0
297;0
298;0
299;2
300;0
301;0
302;2
303;1
304;0
305;0
306;0
307;2
308;1
309;0
310;0
311;2
312;4
313;0
314;2
315;2
316;2
317;0
318;2
319;0
320;2
321;0
322;0
323;0
324;0
325;0
326;0
327;0
328;0
329;1
330;1
331;0
332;0
333;0
334;0
335;0
336;0
337;0
338;2
339;2
340;1
341;0
342;0
343;2
344;4
345;0
346;2
347;2
348;2
349;0
350;2
351;0
352;2
353;0
354;2
355;2
356;2
357;1
358;0
359;0
360;0
361;0
362;0
363;1
364;2
365;0
366;1
367;0
368;2
369;0
370;0
371;2
372;4
373;0
374;1
375;0
376;0
377;0
378;2
379;0
380;2
381;0
382;0
383;0
384;4
385;1
386;2
387;0
388;2
389;1
390;0
391;2
392;1
393;0
394;0
395;0
396;1
397;0
398;0
399;0
400;0
401;0
402;0
403;1
404;0
405;0
406;1
407;0
408;0
409;2
410;2
411;2
412;2
413;1
414;0
415;0
416;0
417;0
418;2
419;0
420;0
421;0
422;2
423;1
424;2
425;2
426;2
427;0
428;0
429;0
430;1
431;0
432;0
433;0
434;1
435;0
436;0
437;0
438;2
439;2
440;2
441;2
442;2
443;0
444;2
445;0
446;2
447;0
448;2
449;0
450;1
451;0
452;1
453;2
454;0
455;0
456;0
457;0
458;2
459;2
460;1
461;0
462;2
463;0
464;2
465;0
466;2
467;2
468;2
469;0
470;0
471;2
472;0
473;2
474;1
475;0
476;0
477;0
478;0
479;2
480;1
481;0
482;0
483;2
484;1
485;0
486;2
487;2
488;2
489;0
490;2
491;0
492;0
493;0
494;0
495;0
496;0
497;2
498;2
499;1
500;0
501;0
502;1
503;0
504;0
505;0
506;0
507;0
508;2
509;2
510;2
511;2
512;2
513;0
514;0
515;1
516;0
517;0
518;2
519;1
520;0
521;0
522;0
523;2
524;2
525;0
526;2
527;2
528;2
529;0
530;2
531;2
532;1
533;0
534;0
535;0
536;0
537;0
538;1
539;0
540;0
541;0
542;0
543;0
544;0
545;0
546;0
547;0
548;0
549;1
550;2
551;2
552;2
553;2
554;2
555;0
556;0
557;0
558;0
559;1
560;0
561;0
562;2
563;2
564;1
565;0
566;0
567;2
568;2
569;0
570;2
571;2
572;2
573;0
574;2
575;0
576;1
577;0
578;2
579;1
580;0
581;0
582;0
583;0
584;2
585;0
586;0
587;0
588;2
589;0
590;0
591;0
592;2
593;2
594;2
595;1
596;0
597;0
598;0
599;2
600;1
601;0
602;0
603;2
604;4
605;0
606;2
607;0
608;2
609;0
610;2
611;0
612;2
613;0
614;0
615;0
616;0
617;0
618;0
619;2
620;0
621;0
622;0
623;2
624;0
625;0
626;1
627;0
628;0
629;0
630;2
631;2
632;2
633;1
634;0
635;2
636;0
637;0
638;0
639;0
640;0
641;0
642;0
643;0
644;0
645;0
646;0
647;2
648;0
649;0
650;0
651;0
652;0
653;0
654;0
655;0
656;0
657;2
658;2
659;0
660;1
661;0
662;2
663;2
664;2
665;2
666;2
667;2
668;2
669;0
670;1
671;0
672;0
673;2
674;0
675;0
676;2
677;1
678;0
679;0
680;2
681;0
682;0
683;0
684;0
685;0
686;2
687;0
688;0
689;0
690;0
691;1
692;2
693;2
694;0
695;1
696;0
697;0
698;0
699;0
700;1
701;0
702;0
703;0
704;0
705;0
706;1
707;0
708;0
709;0
710;0
711;0
712;2
713;0
714;1
715;0
716;0
717;0
718;0
719;0
720;2
721;0
722;0
723;0
724;4
725;0
726;1
727;0
728;1
729;2
730;2
731;2
732;2
733;0
734;0
735;0
736;1
737;0
738;2
739;2
740;1
741;0
742;0
743;2
744;2
745;0
746;2
747;2
748;2
749;0
750;2
751;1
752;2
753;2
754;2
755;2
756;1
757;0
758;0
759;0
760;0
761;0
762;0
763;0
764;0
765;0
766;2
767;1
768;0
769;1
770;0
771;0
772;0
773;0
774;0
775;2
776;2
777;0
778;0
779;1
780;0
781;0
782;0
783;0
784;1
785;0
786;0
787;0
788;0
789;1
790;0
791;0
792;0
793;0
794;0
795;1
796;0
797;0
798;2
799;2
800;2
801;2
802;0
803;0
804;0
805;1
806;0
807;0
808;2
809;1
810;1
811;0
812;0
813;1
814;0
815;0
816;1
817;0
818;1
819;0
820;0
821;1
822;0
823;0
824;1
825;0
826;0
827;0
828;0
829;2
830;0
831;0
832;0
833;2
834;2
835;2
836;1
837;0
838;1
839;0
840;0
841;0
842;0
843;2
844;1
845;0
846;1
847;0
848;0
849;0
850;1
851;0
852;0
853;0
854;0
855;0
856;0
857;0
858;0
859;0
860;0
861;2
862;2
863;2
864;2
865;1
866;0
867;1
868;0
869;0
870;2
871;0
872;2
873;0
874;2
875;2
876;0
877;0
878;2
879;0
880;0
881;0
882;0
883;1
884;1
885;0
886;0
887;2
888;2
889;0
890;2
891;1
892;0
893;0
894;2
895;0
896;2
897;0
898;0
899;1
900;0
901;0
902;2
903;0
904;1
905;0
906;2
907;1
908;0
909;0
910;0
911;2
912;4
913;0
914;2
915;2
916;2
917;0
918;2
919;0
920;1
921;0
922;0
923;0
924;0
925;0
926;0
927;0
928;2
929;0
930;1
931;0
932;0
933;0
934;0
935;0
936;0
937;1
938;2
939;2
940;2
941;0
942;1
943;0
944;0
945;0
946;0
947;0
948;0
949;0
950;0
951;0
952;0
953;2
954;1
955;0
956;0
957;0
958;2
959;2
960;1
961;0
962;0
963;0
964;1
965;0
966;0
967;2
968;1
969;0
970;2
971;2
972;2
973;0
974;2
975;2
976;2
977;0
978;2
979;2
980;1
981;0
982;0
983;2
984;4
985;0
986;0
987;0
988;0
989;0
990;2
991;2
992;1
993;0
994;0
995;0
996;2
997;1
998;2
999;0
1000;1
1001;0
1002;2
1003;2
1004;1
1005;0
1006;0
1007;1
1008;1
1009;2
1010;2
1011;2
1012;1
1013;0
1014;1
1015;0
1016;0
1017;0
1018;0
1019;0
1020;0
1021;0
1022;0
1023;0
