0;1
1;0
2;0
3;2
4;0
5;0
6;2
7;2
8;2
9;1
10;0
11;0
12;0
13;0
14;0
15;0
16;2
17;1
18;1
19;0
20;2
21;2
22;0
23;0
24;1
25;0
26;0
27;0
28;2
29;0
30;0
31;0
32;1
33;2
34;2
35;0
36;1
37;1
38;0
39;0
40;0
41;0
42;0
43;0
44;2
45;0
46;0
47;1
48;0
49;2
50;1
51;0
52;2
53;0
54;0
55;0
56;0
57;0
58;0
59;0
60;0
61;0
62;0
63;0
64;0
65;0
66;0
67;0
68;0
69;0
70;0
71;0
72;0
73;0
74;0
75;0
76;2
77;1
78;0
79;0
80;2
81;0
82;0
83;0
84;0
85;0
86;0
87;0
88;0
89;1
90;0
91;2
92;2
93;0
94;0
95;1
96;0
97;0
98;0
99;0
100;0
101;0
102;0
103;2
104;2
105;0
106;0
107;1
108;0
109;0
110;0
111;1
112;0
113;0
114;0
115;0
116;0
117;0
118;0
119;1
120;4
121;0
122;2
123;2
124;2
125;0
126;2
127;0
128;2
129;2
130;0
131;0
132;0
133;0
134;1
135;0
136;2
137;0
138;0
139;0
140;0
141;1
142;0
143;1
144;0
145;0
146;0
147;0
148;0
149;0
150;2
151;0
152;2
153;0
154;0
155;0
156;2
157;1
158;0
159;0
160;0
161;1
162;0
163;0
164;1
165;0
166;0
167;1
168;0
169;0
170;0
171;1
172;0
173;0
174;0
175;0
176;1
177;0
178;0
179;0
180;0
181;0
182;2
183;2
184;2
185;0
186;0
187;0
188;2
189;2
190;2
191;0
192;2
193;0
194;0
195;0
196;0
197;0
198;0
199;0
200;0
201;0
202;0
203;0
204;2
205;1
206;0
207;2
208;2
209;0
210;2
211;2
212;0
213;0
214;2
215;1
216;0
217;0
218;0
219;2
220;0
221;0
222;0
223;0
224;2
225;0
226;2
227;0
228;0
229;2
230;0
231;0
232;0
233;2
234;0
235;0
236;2
237;0
238;0
239;0
240;0
241;2
242;0
243;0
244;1
245;1
246;4
247;0
248;0
249;0
250;2
251;0
252;0
253;2
254;1
255;0
256;0
257;0
258;0
259;0
260;0
261;1
262;0
263;0
264;1
265;0
266;0
267;2
268;1
269;1
270;0
271;2
272;2
273;2
274;2
275;0
276;0
277;0
278;0
279;1
280;2
281;2
282;0
283;0
284;1
285;0
286;0
287;1
288;1
289;1
290;0
291;1
292;2
293;0
294;1
295;1
296;2
297;0
298;0
299;0
300;2
301;0
302;0
303;1
304;0
305;1
306;0
307;0
308;2
309;0
310;0
311;0
312;0
313;0
314;0
315;0
316;0
317;0
318;0
319;2
320;0
321;1
322;0
323;0
324;2
325;0
326;0
327;0
328;0
329;0
330;0
331;0
332;1
333;0
334;1
335;0
336;1
337;0
338;0
339;2
340;0
341;0
342;0
343;1
344;0
345;1
346;1
347;1
348;0
349;0
350;2
351;2
352;1
353;0
354;2
355;2
356;1
357;0
358;0
359;0
360;2
361;0
362;1
363;2
364;2
365;0
366;0
367;0
368;0
369;1
370;1
371;0
372;0
373;1
374;0
375;2
376;2
377;2
378;2
379;2
380;2
381;0
382;2
383;1
384;0
385;2
386;0
387;0
388;0
389;0
390;0
391;2
392;2
393;0
394;0
395;2
396;0
397;2
398;0
399;0
400;0
401;0
402;0
403;0
404;0
405;1
406;1
407;0
408;0
409;0
410;2
411;0
412;0
413;0
414;1
415;0
416;2
417;0
418;0
419;0
420;0
421;0
422;0
423;0
424;2
425;0
426;0
427;1
428;0
429;2
430;2
431;2
432;0
433;1
434;0
435;0
436;0
437;1
438;0
439;0
440;2
441;2
442;0
443;1
444;1
445;0
446;2
447;2
448;1
449;0
450;0
451;2
452;2
453;2
454;2
455;1
456;0
457;0
458;2
459;0
460;2
461;1
462;0
463;0
464;1
465;1
466;0
467;0
468;0
469;0
470;0
471;0
472;0
473;2
474;2
475;2
476;2
477;0
478;0
479;1
480;0
481;2
482;0
483;0
484;2
485;2
486;0
487;0
488;0
489;0
490;0
491;0
492;0
493;2
494;2
495;2
496;0
497;0
498;0
499;0
500;2
501;0
502;0
503;2
504;1
505;0
506;0
507;0
508;1
509;0
510;0
511;2
512;1
513;0
514;0
515;0
516;0
517;0
518;0
519;0
520;0
521;0
522;2
523;1
524;1
525;2
526;0
527;0
528;0
529;0
530;2
531;2
532;2
533;0
534;0
535;0
536;0
537;0
538;0
539;0
540;0
541;0
542;0
543;2
544;2
545;2
546;0
547;0
548;1
549;0
550;0
551;0
552;0
553;2
554;2
555;0
556;0
557;0
558;2
559;2
560;0
561;0
562;0
563;1
564;0
565;0
566;0
567;0
568;1
569;0
570;1
571;0
572;0
573;0
574;0
575;1
576;0
577;0
578;0
579;0
580;1
581;0
582;2
583;0
584;0
585;0
586;0
587;1
588;0
589;2
590;2
591;0
592;0
593;0
594;2
595;2
596;0
597;2
598;1
599;0
600;0
601;1
602;0
603;1
604;0
605;0
606;0
607;0
608;2
609;0
610;0
611;0
612;2
613;2
614;0
615;0
616;1
617;0
618;0
619;0
620;0
621;0
622;0
623;1
624;0
625;0
626;0
627;0
628;2
629;2
630;0
631;0
632;2
633;0
634;0
635;0
636;2
637;0
638;0
639;0
640;2
641;0
642;0
643;0
644;1
645;0
646;0
647;2
648;0
649;0
650;0
651;1
652;0
653;0
654;0
655;2
656;2
657;2
658;0
659;0
660;1
661;0
662;1
663;0
664;1
665;0
666;0
667;0
668;0
669;0
670;2
671;0
672;0
673;0
674;0
675;0
676;2
677;0
678;0
679;0
680;0
681;2
682;1
683;0
684;2
685;0
686;0
687;1
688;0
689;2
690;2
691;0
692;0
693;1
694;0
695;0
696;2
697;0
698;0
699;2
700;0
701;0
702;0
703;0
704;0
705;2
706;0
707;2
708;1
709;0
710;1
711;1
712;1
713;0
714;0
715;0
716;0
717;0
718;0
719;2
720;0
721;1
722;1
723;0
724;1
725;0
726;0
727;0
728;1
729;0
730;0
731;0
732;1
733;0
734;0
735;0
736;0
737;0
738;0
739;0
740;1
741;0
742;0
743;0
744;0
745;1
746;0
747;0
748;2
749;2
750;0
751;0
752;0
753;0
754;0
755;0
756;0
757;1
758;0
759;1
760;0
761;2
762;2
763;0
764;1
765;0
766;2
767;0
768;0
769;0
770;0
771;0
772;2
773;0
774;2
775;1
776;2
777;0
778;2
779;0
780;0
781;0
782;0
783;0
784;0
785;0
786;0
787;0
788;2
789;2
790;1
791;0
792;1
793;2
794;0
795;0
796;0
797;0
798;1
799;0
800;0
801;0
802;2
803;1
804;2
805;2
806;2
807;2
808;1
809;0
810;0
811;2
812;1
813;0
814;0
815;1
816;0
817;0
818;2
819;1
820;2
821;2
822;2
823;2
824;1
825;2
826;2
827;2
828;0
829;0
830;1
831;0
832;0
833;0
834;2
835;2
836;0
837;0
838;0
839;0
840;2
841;1
842;0
843;0
844;0
845;1
846;0
847;0
848;0
849;0
850;0
851;0
852;0
853;0
854;0
855;0
856;0
857;2
858;0
859;0
860;0
861;0
862;2
863;2
864;2
865;0
866;0
867;0
868;2
869;0
870;0
871;0
872;0
873;0
874;0
875;0
876;0
877;2
878;2
879;2
880;2
881;0
882;0
883;0
884;0
885;2
886;1
887;2
888;1
889;0
890;1
891;2
892;2
893;0
894;2
895;1
896;0
897;0
898;1
899;2
900;1
901;0
902;0
903;2
904;2
905;0
906;2
907;2
908;0
909;0
910;2
911;0
912;1
913;0
914;0
915;0
916;0
917;2
918;1
919;0
920;0
921;2
922;0
923;0
924;1
925;1
926;1
927;0
928;0
929;0
930;2
931;0
932;0
933;1
934;2
935;1
936;0
937;1
938;0
939;2
940;2
941;0
942;0
943;2
944;0
945;0
946;0
947;1
948;0
949;0
950;1
951;1
952;0
953;0
954;0
955;0
956;0
957;0
958;0
959;1
960;0
961;0
962;0
963;0
964;0
965;1
966;0
967;2
968;0
969;1
970;0
971;1
972;0
973;0
974;0
975;1
976;0
977;0
978;0
979;0
980;0
981;0
982;1
983;0
984;0
985;2
986;1
987;0
988;1
989;1
990;0
991;2
992;2
993;0
994;0
995;2
996;0
997;2
998;0
999;0
1000;0
1001;0
1002;0
1003;0
1004;0
1005;0
1006;0
1007;1
1008;0
1009;1
1010;0
1011;0
1012;1
1013;1
1014;1
1015;0
1016;0
1017;0
1018;0
1019;0
1020;0
1021;0
1022;0
1023;0
