0;1
1;0
2;0
3;2
4;2
5;2
6;2
7;1
8;0
9;0
10;2
11;0
12;2
13;2
14;1
15;0
16;0
17;1
18;0
19;2
20;2
21;1
22;0
23;0
24;1
25;0
26;1
27;2
28;0
29;0
30;0
31;2
32;0
33;0
34;0
35;2
36;2
37;0
38;1
39;0
40;0
41;0
42;1
43;0
44;2
45;0
46;0
47;0
48;0
49;0
50;1
51;1
52;0
53;0
54;0
55;0
56;1
57;1
58;0
59;0
60;1
61;0
62;2
63;1
64;0
65;0
66;0
67;0
68;2
69;1
70;2
71;2
72;2
73;0
74;0
75;0
76;0
77;0
78;0
79;0
80;0
81;0
82;0
83;2
84;1
85;0
86;0
87;0
88;0
89;0
90;2
91;0
92;2
93;0
94;2
95;0
96;1
97;0
98;0
99;0
100;0
101;0
102;2
103;1
104;0
105;2
106;1
107;1
108;0
109;2
110;0
111;0
112;0
113;0
114;1
115;0
116;0
117;0
118;0
119;0
120;0
121;0
122;0
123;0
124;0
125;0
126;0
127;0
128;0
129;0
130;0
131;1
132;0
133;1
134;1
135;0
136;1
137;0
138;0
139;0
140;0
141;0
142;2
143;0
144;2
145;0
146;0
147;0
148;0
149;0
150;2
151;2
152;1
153;0
154;2
155;0
156;0
157;0
158;0
159;0
160;0
161;0
162;2
163;0
164;0
165;0
166;1
167;0
168;0
169;0
170;0
171;0
172;0
173;0
174;0
175;0
176;0
177;1
178;0
179;0
180;1
181;0
182;0
183;0
184;2
185;0
186;0
187;0
188;0
189;0
190;0
191;0
192;0
193;0
194;0
195;1
196;0
197;0
198;0
199;1
200;0
201;2
202;2
203;0
204;0
205;0
206;0
207;0
208;0
209;0
210;0
211;0
212;2
213;0
214;2
215;2
216;1
217;0
218;0
219;0
220;1
221;2
222;1
223;1
224;0
225;0
226;0
227;0
228;0
229;0
230;2
231;0
232;0
233;2
234;1
235;2
236;2
237;2
238;0
239;2
240;0
241;0
242;2
243;2
244;0
245;0
246;0
247;1
248;1
249;0
250;0
251;2
252;2
253;0
254;2
255;1
256;0
257;0
258;0
259;1
260;0
261;0
262;0
263;1
264;2
265;0
266;0
267;1
268;0
269;0
270;0
271;0
272;2
273;2
274;1
275;2
276;0
277;0
278;0
279;2
280;2
281;1
282;0
283;0
284;0
285;1
286;0
287;0
288;0
289;0
290;0
291;0
292;0
293;0
294;0
295;0
296;2
297;2
298;0
299;0
300;0
301;0
302;1
303;0
304;1
305;2
306;0
307;2
308;4
309;0
310;2
311;0
312;2
313;2
314;2
315;0
316;2
317;0
318;0
319;0
320;0
321;0
322;0
323;0
324;0
325;0
326;0
327;0
328;0
329;1
330;2
331;1
332;0
333;0
334;0
335;0
336;0
337;0
338;0
339;0
340;0
341;0
342;0
343;1
344;0
345;0
346;2
347;0
348;1
349;0
350;0
351;1
352;0
353;0
354;0
355;0
356;2
357;0
358;0
359;0
360;0
361;0
362;0
363;0
364;2
365;0
366;0
367;0
368;0
369;2
370;0
371;0
372;0
373;0
374;0
375;0
376;1
377;0
378;0
379;0
380;2
381;1
382;0
383;1
384;1
385;0
386;0
387;0
388;0
389;1
390;1
391;0
392;0
393;0
394;0
395;0
396;0
397;2
398;0
399;0
400;0
401;0
402;0
403;2
404;0
405;2
406;0
407;0
408;2
409;0
410;0
411;0
412;0
413;2
414;2
415;2
416;1
417;0
418;0
419;0
420;0
421;2
422;0
423;0
424;2
425;2
426;0
427;0
428;0
429;0
430;2
431;2
432;1
433;0
434;2
435;0
436;2
437;0
438;0
439;0
440;0
441;0
442;0
443;0
444;1
445;2
446;1
447;0
448;0
449;0
450;2
451;0
452;0
453;0
454;0
455;2
456;2
457;0
458;2
459;2
460;0
461;2
462;0
463;2
464;0
465;0
466;1
467;0
468;0
469;1
470;0
471;0
472;2
473;0
474;0
475;2
476;2
477;0
478;2
479;0
480;0
481;0
482;0
483;2
484;1
485;1
486;0
487;0
488;2
489;1
490;0
491;2
492;2
493;0
494;0
495;0
496;2
497;0
498;0
499;0
500;2
501;2
502;1
503;0
504;2
505;0
506;0
507;0
508;0
509;0
510;0
511;2
512;1
513;0
514;2
515;2
516;2
517;0
518;0
519;0
520;0
521;2
522;0
523;0
524;0
525;2
526;0
527;0
528;0
529;0
530;0
531;1
532;1
533;0
534;0
535;0
536;0
537;0
538;1
539;1
540;0
541;0
542;0
543;2
544;0
545;0
546;2
547;0
548;0
549;0
550;0
551;0
552;0
553;0
554;2
555;2
556;0
557;0
558;0
559;0
560;0
561;0
562;0
563;0
564;0
565;2
566;2
567;2
568;2
569;1
570;0
571;0
572;2
573;0
574;0
575;0
576;0
577;1
578;0
579;1
580;1
581;0
582;0
583;0
584;0
585;0
586;0
587;0
588;1
589;0
590;2
591;0
592;0
593;1
594;0
595;2
596;0
597;0
598;0
599;0
600;0
601;0
602;0
603;0
604;0
605;1
606;0
607;0
608;0
609;0
610;2
611;0
612;0
613;0
614;0
615;0
616;2
617;2
618;2
619;2
620;2
621;0
622;0
623;0
624;0
625;0
626;0
627;0
628;0
629;2
630;0
631;0
632;0
633;1
634;2
635;0
636;0
637;0
638;0
639;0
640;2
641;0
642;0
643;2
644;1
645;0
646;2
647;1
648;0
649;1
650;0
651;0
652;2
653;1
654;0
655;2
656;2
657;0
658;0
659;0
660;2
661;0
662;2
663;2
664;0
665;0
666;0
667;1
668;0
669;2
670;2
671;2
672;2
673;0
674;0
675;0
676;2
677;0
678;0
679;0
680;2
681;0
682;0
683;0
684;1
685;0
686;0
687;0
688;2
689;0
690;0
691;0
692;2
693;0
694;0
695;0
696;0
697;1
698;0
699;0
700;2
701;0
702;0
703;0
704;0
705;2
706;2
707;2
708;0
709;0
710;0
711;0
712;1
713;0
714;0
715;0
716;0
717;0
718;0
719;0
720;0
721;0
722;1
723;0
724;0
725;1
726;0
727;0
728;0
729;0
730;0
731;0
732;0
733;1
734;0
735;0
736;0
737;0
738;0
739;2
740;1
741;1
742;0
743;0
744;0
745;0
746;0
747;0
748;2
749;0
750;0
751;0
752;0
753;0
754;2
755;0
756;0
757;0
758;0
759;1
760;1
761;0
762;0
763;2
764;2
765;2
766;0
767;0
768;0
769;0
770;0
771;0
772;0
773;1
774;1
775;0
776;0
777;2
778;2
779;2
780;2
781;0
782;0
783;0
784;0
785;0
786;0
787;0
788;1
789;0
790;2
791;2
792;2
793;0
794;0
795;2
796;2
797;2
798;2
799;1
800;0
801;0
802;2
803;0
804;2
805;0
806;2
807;0
808;0
809;0
810;2
811;0
812;1
813;0
814;0
815;0
816;0
817;0
818;1
819;0
820;1
821;0
822;0
823;0
824;0
825;2
826;2
827;0
828;2
829;0
830;0
831;0
832;0
833;1
834;1
835;0
836;1
837;1
838;0
839;2
840;1
841;0
842;0
843;2
844;1
845;0
846;0
847;0
848;2
849;0
850;2
851;2
852;0
853;0
854;2
855;0
856;0
857;0
858;0
859;0
860;1
861;2
862;1
863;0
864;0
865;0
866;0
867;1
868;0
869;0
870;0
871;0
872;0
873;0
874;0
875;2
876;0
877;0
878;0
879;0
880;0
881;1
882;0
883;0
884;4
885;2
886;2
887;2
888;2
889;0
890;0
891;0
892;2
893;0
894;0
895;0
896;0
897;2
898;0
899;0
900;2
901;0
902;1
903;0
904;0
905;0
906;2
907;0
908;2
909;2
910;0
911;0
912;2
913;0
914;1
915;1
916;0
917;0
918;0
919;0
920;2
921;0
922;1
923;0
924;2
925;1
926;0
927;0
928;1
929;0
930;0
931;0
932;0
933;0
934;2
935;0
936;1
937;0
938;0
939;0
940;0
941;0
942;0
943;2
944;4
945;1
946;2
947;0
948;0
949;0
950;1
951;0
952;2
953;0
954;1
955;0
956;0
957;1
958;0
959;0
960;0
961;2
962;0
963;0
964;1
965;0
966;2
967;0
968;0
969;0
970;2
971;2
972;1
973;1
974;0
975;2
976;2
977;2
978;2
979;1
980;1
981;0
982;2
983;0
984;2
985;0
986;0
987;0
988;0
989;0
990;2
991;2
992;0
993;0
994;0
995;0
996;2
997;0
998;1
999;1
1000;0
1001;0
1002;2
1003;0
1004;1
1005;0
1006;0
1007;0
1008;0
1009;2
1010;2
1011;0
1012;0
1013;1
1014;0
1015;1
1016;0
1017;0
1018;0
1019;0
1020;0
1021;0
1022;0
1023;0
