0;1
1;0
2;0
3;2
4;1
5;0
6;2
7;2
8;0
9;0
10;2
11;0
12;1
13;0
14;1
15;0
16;0
17;0
18;0
19;0
20;1
21;0
22;0
23;2
24;2
25;0
26;0
27;0
28;2
29;0
30;0
31;0
32;1
33;2
34;0
35;0
36;2
37;0
38;1
39;0
40;1
41;1
42;1
43;0
44;2
45;2
46;0
47;0
48;0
49;2
50;0
51;2
52;2
53;0
54;0
55;0
56;0
57;0
58;1
59;0
60;1
61;1
62;0
63;2
64;0
65;0
66;0
67;0
68;0
69;0
70;0
71;0
72;0
73;0
74;0
75;0
76;1
77;0
78;0
79;0
80;2
81;0
82;0
83;2
84;0
85;0
86;0
87;0
88;0
89;0
90;0
91;2
92;1
93;0
94;0
95;0
96;2
97;0
98;0
99;0
100;0
101;2
102;0
103;0
104;0
105;0
106;0
107;1
108;2
109;2
110;0
111;0
112;0
113;2
114;2
115;1
116;0
117;2
118;0
119;0
120;0
121;2
122;2
123;2
124;2
125;0
126;0
127;0
128;0
129;2
130;2
131;0
132;0
133;0
134;2
135;0
136;0
137;0
138;0
139;0
140;0
141;0
142;1
143;0
144;0
145;0
146;0
147;0
148;0
149;2
150;2
151;0
152;2
153;0
154;0
155;1
156;0
157;0
158;0
159;1
160;0
161;0
162;0
163;0
164;1
165;0
166;0
167;0
168;0
169;0
170;2
171;0
172;2
173;0
174;0
175;1
176;0
177;1
178;0
179;0
180;2
181;2
182;0
183;2
184;0
185;0
186;0
187;0
188;0
189;1
190;1
191;0
192;1
193;0
194;1
195;0
196;2
197;0
198;0
199;0
200;0
201;0
202;2
203;2
204;0
205;0
206;0
207;0
208;0
209;0
210;2
211;0
212;2
213;0
214;2
215;0
216;0
217;0
218;0
219;0
220;0
221;0
222;0
223;2
224;2
225;0
226;2
227;1
228;0
229;2
230;0
231;0
232;1
233;1
234;1
235;0
236;0
237;1
238;2
239;0
240;0
241;0
242;1
243;0
244;1
245;0
246;0
247;0
248;4
249;0
250;2
251;2
252;2
253;0
254;2
255;0
256;1
257;0
258;0
259;1
260;0
261;2
262;0
263;0
264;0
265;0
266;2
267;2
268;0
269;2
270;1
271;0
272;2
273;0
274;0
275;0
276;0
277;0
278;0
279;0
280;0
281;0
282;0
283;1
284;0
285;1
286;0
287;0
288;0
289;0
290;0
291;1
292;0
293;0
294;0
295;0
296;0
297;1
298;0
299;2
300;1
301;0
302;2
303;0
304;0
305;0
306;0
307;1
308;0
309;2
310;0
311;2
312;4
313;2
314;2
315;0
316;0
317;0
318;2
319;2
320;1
321;0
322;0
323;2
324;1
325;0
326;0
327;2
328;1
329;0
330;0
331;0
332;2
333;0
334;0
335;1
336;1
337;0
338;0
339;2
340;2
341;0
342;1
343;0
344;2
345;0
346;0
347;2
348;4
349;0
350;0
351;0
352;0
353;0
354;0
355;2
356;2
357;2
358;1
359;2
360;0
361;0
362;0
363;0
364;2
365;0
366;0
367;0
368;0
369;0
370;0
371;0
372;0
373;0
374;0
375;0
376;0
377;0
378;2
379;0
380;0
381;2
382;1
383;0
384;0
385;0
386;0
387;0
388;0
389;2
390;0
391;1
392;0
393;0
394;0
395;2
396;1
397;0
398;0
399;2
400;0
401;0
402;0
403;0
404;2
405;2
406;0
407;2
408;2
409;0
410;0
411;0
412;0
413;0
414;0
415;0
416;2
417;1
418;0
419;2
420;1
421;0
422;0
423;2
424;2
425;0
426;0
427;2
428;2
429;0
430;2
431;0
432;1
433;0
434;2
435;2
436;1
437;0
438;0
439;0
440;0
441;0
442;1
443;0
444;2
445;0
446;0
447;2
448;0
449;0
450;0
451;0
452;0
453;0
454;2
455;2
456;2
457;0
458;0
459;1
460;0
461;0
462;0
463;0
464;0
465;0
466;0
467;1
468;0
469;0
470;0
471;2
472;2
473;0
474;0
475;0
476;1
477;0
478;0
479;0
480;1
481;2
482;0
483;0
484;0
485;0
486;0
487;0
488;0
489;0
490;0
491;1
492;2
493;2
494;2
495;2
496;2
497;2
498;0
499;0
500;0
501;2
502;2
503;0
504;0
505;0
506;2
507;2
508;0
509;0
510;1
511;0
512;1
513;0
514;0
515;1
516;1
517;0
518;2
519;1
520;0
521;0
522;0
523;0
524;1
525;0
526;0
527;0
528;0
529;0
530;0
531;0
532;0
533;0
534;1
535;0
536;0
537;1
538;0
539;0
540;1
541;0
542;0
543;0
544;0
545;0
546;2
547;2
548;2
549;2
550;2
551;0
552;0
553;0
554;0
555;1
556;0
557;0
558;0
559;1
560;0
561;0
562;0
563;1
564;0
565;0
566;0
567;0
568;0
569;0
570;2
571;0
572;0
573;2
574;0
575;2
576;1
577;0
578;0
579;0
580;0
581;0
582;0
583;1
584;1
585;0
586;0
587;2
588;2
589;1
590;0
591;0
592;2
593;0
594;0
595;0
596;2
597;0
598;0
599;0
600;2
601;0
602;0
603;0
604;2
605;2
606;0
607;1
608;0
609;0
610;0
611;2
612;2
613;0
614;2
615;2
616;2
617;1
618;2
619;0
620;0
621;0
622;2
623;2
624;1
625;2
626;0
627;0
628;1
629;0
630;0
631;0
632;1
633;0
634;0
635;0
636;2
637;0
638;0
639;2
640;0
641;0
642;0
643;0
644;0
645;0
646;0
647;0
648;0
649;0
650;2
651;0
652;0
653;0
654;0
655;0
656;2
657;0
658;0
659;2
660;0
661;0
662;0
663;0
664;0
665;2
666;0
667;2
668;0
669;0
670;0
671;2
672;1
673;0
674;0
675;0
676;0
677;0
678;0
679;0
680;0
681;1
682;1
683;0
684;0
685;0
686;0
687;2
688;0
689;0
690;0
691;0
692;0
693;0
694;0
695;0
696;2
697;0
698;0
699;2
700;2
701;0
702;2
703;0
704;0
705;0
706;0
707;0
708;0
709;0
710;0
711;0
712;1
713;0
714;2
715;0
716;0
717;2
718;0
719;0
720;0
721;1
722;0
723;0
724;2
725;0
726;0
727;2
728;0
729;2
730;0
731;0
732;0
733;0
734;2
735;0
736;1
737;0
738;2
739;0
740;0
741;0
742;2
743;2
744;0
745;2
746;0
747;0
748;0
749;0
750;0
751;0
752;0
753;0
754;0
755;2
756;0
757;0
758;0
759;0
760;0
761;2
762;2
763;2
764;0
765;0
766;0
767;0
768;1
769;0
770;2
771;0
772;0
773;0
774;0
775;0
776;0
777;0
778;0
779;0
780;2
781;0
782;1
783;0
784;0
785;0
786;0
787;0
788;0
789;0
790;2
791;0
792;0
793;0
794;0
795;0
796;2
797;0
798;2
799;0
800;0
801;2
802;2
803;0
804;0
805;0
806;2
807;1
808;0
809;0
810;1
811;0
812;2
813;2
814;1
815;2
816;2
817;0
818;2
819;1
820;0
821;2
822;1
823;1
824;1
825;2
826;1
827;0
828;2
829;0
830;0
831;1
832;0
833;0
834;0
835;1
836;0
837;2
838;0
839;1
840;0
841;0
842;0
843;0
844;0
845;1
846;0
847;0
848;0
849;0
850;0
851;0
852;0
853;0
854;1
855;0
856;0
857;0
858;2
859;1
860;0
861;0
862;1
863;0
864;0
865;0
866;1
867;0
868;1
869;0
870;0
871;2
872;0
873;0
874;1
875;0
876;0
877;1
878;1
879;0
880;0
881;0
882;0
883;2
884;0
885;0
886;0
887;0
888;0
889;0
890;0
891;0
892;0
893;2
894;0
895;2
896;0
897;2
898;0
899;1
900;0
901;0
902;0
903;1
904;0
905;1
906;0
907;0
908;2
909;0
910;2
911;0
912;2
913;1
914;0
915;1
916;0
917;0
918;0
919;0
920;0
921;0
922;2
923;2
924;0
925;2
926;0
927;0
928;2
929;0
930;0
931;0
932;0
933;0
934;0
935;1
936;0
937;0
938;0
939;2
940;2
941;0
942;0
943;2
944;1
945;0
946;2
947;2
948;2
949;0
950;2
951;0
952;2
953;0
954;2
955;2
956;0
957;0
958;2
959;0
960;2
961;0
962;2
963;0
964;0
965;0
966;1
967;0
968;1
969;0
970;0
971;0
972;0
973;0
974;0
975;0
976;0
977;0
978;0
979;1
980;0
981;2
982;0
983;0
984;0
985;0
986;0
987;0
988;0
989;0
990;2
991;1
992;0
993;2
994;0
995;0
996;0
997;2
998;0
999;2
1000;0
1001;0
1002;0
1003;0
1004;1
1005;2
1006;1
1007;0
1008;0
1009;0
1010;0
1011;0
1012;0
1013;0
1014;0
1015;0
1016;0
1017;0
1018;0
1019;0
1020;0
1021;0
1022;0
1023;0
