0;1
1;0
2;0
3;2
4;1
5;0
6;2
7;2
8;0
9;0
10;2
11;1
12;1
13;0
14;1
15;0
16;0
17;0
18;2
19;2
20;1
21;0
22;0
23;2
24;1
25;0
26;0
27;0
28;2
29;0
30;0
31;0
32;1
33;2
34;0
35;0
36;2
37;1
38;1
39;0
40;2
41;0
42;2
43;2
44;2
45;0
46;0
47;0
48;0
49;2
50;0
51;0
52;2
53;0
54;0
55;0
56;0
57;0
58;0
59;0
60;1
61;0
62;0
63;2
64;0
65;0
66;0
67;0
68;0
69;0
70;0
71;0
72;1
73;0
74;2
75;0
76;2
77;2
78;0
79;2
80;2
81;0
82;0
83;2
84;0
85;0
86;0
87;0
88;1
89;0
90;0
91;0
92;1
93;0
94;2
95;1
96;0
97;0
98;0
99;0
100;0
101;0
102;0
103;0
104;0
105;0
106;0
107;1
108;0
109;0
110;0
111;1
112;0
113;0
114;2
115;0
116;0
117;2
118;0
119;0
120;0
121;0
122;2
123;1
124;0
125;0
126;0
127;0
128;1
129;0
130;2
131;2
132;2
133;2
134;0
135;0
136;0
137;0
138;0
139;0
140;0
141;0
142;2
143;0
144;2
145;1
146;0
147;0
148;0
149;0
150;2
151;0
152;1
153;0
154;0
155;2
156;1
157;2
158;1
159;2
160;2
161;0
162;2
163;0
164;2
165;0
166;2
167;0
168;0
169;0
170;2
171;1
172;0
173;0
174;2
175;0
176;0
177;2
178;0
179;0
180;1
181;0
182;0
183;0
184;0
185;0
186;1
187;0
188;1
189;0
190;1
191;0
192;0
193;0
194;0
195;2
196;1
197;0
198;0
199;1
200;0
201;0
202;2
203;0
204;1
205;0
206;0
207;0
208;0
209;4
210;0
211;0
212;0
213;1
214;1
215;0
216;0
217;1
218;0
219;0
220;2
221;0
222;0
223;0
224;0
225;0
226;2
227;2
228;0
229;0
230;0
231;0
232;0
233;0
234;0
235;0
236;2
237;0
238;0
239;0
240;0
241;2
242;0
243;0
244;0
245;0
246;0
247;0
248;2
249;0
250;2
251;0
252;0
253;2
254;0
255;2
256;1
257;2
258;0
259;0
260;0
261;1
262;1
263;0
264;0
265;0
266;1
267;0
268;0
269;0
270;1
271;0
272;2
273;2
274;0
275;0
276;1
277;2
278;2
279;0
280;2
281;2
282;2
283;0
284;1
285;0
286;0
287;0
288;0
289;0
290;0
291;0
292;2
293;0
294;0
295;0
296;0
297;0
298;0
299;0
300;0
301;0
302;0
303;1
304;0
305;0
306;0
307;0
308;2
309;0
310;2
311;0
312;0
313;0
314;2
315;0
316;0
317;1
318;2
319;2
320;1
321;0
322;0
323;2
324;0
325;0
326;0
327;0
328;0
329;1
330;0
331;2
332;1
333;0
334;2
335;2
336;2
337;0
338;0
339;0
340;0
341;0
342;0
343;0
344;1
345;0
346;1
347;0
348;2
349;1
350;0
351;0
352;0
353;0
354;4
355;2
356;0
357;0
358;0
359;0
360;2
361;2
362;2
363;2
364;2
365;0
366;2
367;0
368;2
369;2
370;0
371;0
372;0
373;0
374;0
375;0
376;0
377;0
378;2
379;2
380;0
381;0
382;0
383;0
384;0
385;0
386;0
387;0
388;0
389;0
390;2
391;0
392;0
393;0
394;0
395;0
396;0
397;2
398;2
399;0
400;0
401;2
402;0
403;2
404;2
405;0
406;0
407;0
408;2
409;0
410;0
411;0
412;0
413;0
414;2
415;2
416;1
417;0
418;0
419;0
420;1
421;0
422;0
423;2
424;2
425;2
426;0
427;2
428;2
429;0
430;0
431;2
432;0
433;2
434;2
435;0
436;2
437;0
438;1
439;0
440;0
441;0
442;1
443;0
444;0
445;0
446;0
447;0
448;0
449;0
450;0
451;0
452;1
453;0
454;2
455;2
456;1
457;0
458;0
459;0
460;0
461;0
462;0
463;0
464;1
465;0
466;0
467;0
468;0
469;1
470;1
471;0
472;0
473;0
474;2
475;2
476;2
477;0
478;2
479;0
480;0
481;0
482;0
483;0
484;0
485;0
486;2
487;0
488;0
489;0
490;0
491;0
492;1
493;0
494;0
495;0
496;2
497;0
498;0
499;2
500;2
501;2
502;0
503;0
504;2
505;0
506;0
507;2
508;1
509;0
510;0
511;0
512;2
513;0
514;2
515;2
516;2
517;2
518;0
519;0
520;0
521;2
522;2
523;0
524;0
525;0
526;2
527;1
528;0
529;0
530;0
531;2
532;0
533;0
534;0
535;2
536;2
537;0
538;2
539;0
540;0
541;0
542;2
543;0
544;2
545;0
546;0
547;0
548;0
549;0
550;0
551;0
552;0
553;2
554;2
555;2
556;0
557;0
558;0
559;0
560;1
561;0
562;2
563;0
564;0
565;2
566;2
567;2
568;2
569;1
570;2
571;0
572;0
573;0
574;2
575;0
576;0
577;0
578;1
579;0
580;0
581;0
582;2
583;0
584;0
585;0
586;0
587;0
588;0
589;0
590;0
591;0
592;2
593;0
594;0
595;0
596;1
597;0
598;0
599;0
600;0
601;0
602;0
603;0
604;0
605;0
606;0
607;0
608;0
609;0
610;0
611;0
612;2
613;0
614;0
615;0
616;2
617;0
618;0
619;0
620;2
621;0
622;0
623;0
624;2
625;0
626;2
627;0
628;0
629;0
630;0
631;0
632;0
633;0
634;2
635;2
636;2
637;2
638;0
639;0
640;2
641;1
642;1
643;0
644;1
645;1
646;0
647;2
648;0
649;1
650;0
651;0
652;0
653;0
654;0
655;0
656;2
657;0
658;0
659;2
660;2
661;0
662;0
663;0
664;0
665;0
666;2
667;0
668;0
669;0
670;0
671;0
672;0
673;0
674;0
675;0
676;1
677;0
678;2
679;2
680;0
681;2
682;0
683;0
684;1
685;0
686;0
687;2
688;1
689;0
690;1
691;1
692;1
693;0
694;0
695;0
696;0
697;0
698;0
699;1
700;0
701;1
702;0
703;0
704;0
705;0
706;0
707;2
708;0
709;2
710;0
711;0
712;1
713;0
714;0
715;0
716;0
717;0
718;0
719;0
720;0
721;0
722;0
723;0
724;0
725;2
726;0
727;0
728;0
729;2
730;1
731;0
732;2
733;0
734;0
735;2
736;0
737;0
738;2
739;0
740;0
741;0
742;0
743;0
744;2
745;0
746;2
747;0
748;2
749;0
750;2
751;2
752;0
753;1
754;0
755;0
756;1
757;0
758;0
759;0
760;0
761;2
762;0
763;2
764;1
765;0
766;0
767;0
768;0
769;0
770;2
771;2
772;0
773;0
774;0
775;2
776;1
777;1
778;0
779;2
780;2
781;0
782;1
783;0
784;0
785;0
786;2
787;0
788;0
789;1
790;0
791;0
792;0
793;2
794;0
795;0
796;2
797;1
798;0
799;0
800;0
801;0
802;0
803;0
804;0
805;0
806;0
807;0
808;2
809;0
810;0
811;1
812;0
813;1
814;2
815;0
816;0
817;2
818;2
819;0
820;1
821;0
822;0
823;0
824;2
825;0
826;0
827;0
828;0
829;0
830;0
831;0
832;0
833;2
834;2
835;2
836;2
837;0
838;0
839;0
840;2
841;1
842;0
843;2
844;1
845;0
846;1
847;2
848;2
849;0
850;2
851;0
852;0
853;2
854;2
855;1
856;0
857;0
858;0
859;0
860;0
861;0
862;0
863;1
864;0
865;0
866;0
867;0
868;0
869;0
870;0
871;0
872;0
873;1
874;0
875;0
876;0
877;0
878;0
879;0
880;0
881;1
882;2
883;0
884;0
885;0
886;0
887;4
888;0
889;0
890;0
891;2
892;0
893;0
894;2
895;1
896;0
897;0
898;1
899;0
900;0
901;0
902;0
903;2
904;0
905;2
906;2
907;0
908;0
909;0
910;0
911;0
912;0
913;2
914;0
915;0
916;0
917;0
918;2
919;0
920;0
921;2
922;0
923;0
924;0
925;0
926;1
927;0
928;2
929;0
930;0
931;0
932;0
933;2
934;2
935;0
936;0
937;2
938;2
939;0
940;0
941;0
942;0
943;0
944;1
945;0
946;0
947;0
948;0
949;0
950;0
951;0
952;0
953;0
954;2
955;0
956;0
957;1
958;0
959;0
960;0
961;2
962;2
963;1
964;0
965;0
966;2
967;0
968;0
969;0
970;0
971;0
972;0
973;0
974;0
975;1
976;0
977;0
978;0
979;2
980;0
981;0
982;0
983;0
984;0
985;0
986;0
987;2
988;0
989;0
990;0
991;0
992;1
993;0
994;0
995;0
996;1
997;0
998;2
999;2
1000;1
1001;2
1002;0
1003;2
1004;2
1005;0
1006;2
1007;1
1008;0
1009;0
1010;2
1011;2
1012;1
1013;0
1014;0
1015;0
1016;0
1017;0
1018;0
1019;0
1020;0
1021;0
1022;0
1023;0
