0;1
1;0
2;0
3;2
4;2
5;0
6;1
7;2
8;0
9;0
10;2
11;2
12;2
13;1
14;1
15;0
16;0
17;0
18;2
19;1
20;0
21;0
22;0
23;1
24;0
25;0
26;0
27;2
28;2
29;0
30;0
31;0
32;1
33;2
34;2
35;0
36;1
37;0
38;1
39;0
40;1
41;0
42;0
43;0
44;2
45;0
46;2
47;0
48;0
49;2
50;0
51;0
52;0
53;0
54;0
55;0
56;1
57;0
58;0
59;0
60;0
61;2
62;2
63;2
64;0
65;0
66;2
67;0
68;0
69;1
70;0
71;0
72;1
73;1
74;0
75;0
76;1
77;2
78;2
79;2
80;2
81;0
82;0
83;0
84;0
85;0
86;0
87;0
88;1
89;0
90;0
91;0
92;2
93;0
94;0
95;0
96;0
97;0
98;0
99;0
100;0
101;0
102;0
103;0
104;0
105;0
106;0
107;0
108;0
109;2
110;2
111;0
112;0
113;1
114;0
115;2
116;1
117;0
118;0
119;0
120;0
121;1
122;0
123;0
124;2
125;2
126;0
127;0
128;2
129;0
130;2
131;1
132;0
133;0
134;0
135;0
136;0
137;0
138;0
139;0
140;2
141;0
142;2
143;0
144;2
145;0
146;0
147;0
148;0
149;2
150;2
151;0
152;2
153;0
154;0
155;0
156;0
157;0
158;0
159;0
160;0
161;0
162;0
163;0
164;1
165;0
166;0
167;0
168;0
169;0
170;2
171;1
172;2
173;0
174;0
175;0
176;0
177;2
178;0
179;0
180;2
181;0
182;0
183;0
184;0
185;0
186;1
187;0
188;0
189;1
190;0
191;0
192;2
193;2
194;0
195;0
196;2
197;0
198;0
199;0
200;1
201;0
202;2
203;0
204;0
205;0
206;1
207;0
208;0
209;2
210;0
211;0
212;2
213;0
214;0
215;0
216;0
217;2
218;0
219;0
220;0
221;2
222;0
223;0
224;2
225;1
226;2
227;0
228;0
229;2
230;0
231;0
232;1
233;0
234;0
235;1
236;2
237;0
238;0
239;0
240;0
241;0
242;0
243;0
244;0
245;0
246;0
247;0
248;0
249;0
250;0
251;0
252;0
253;1
254;0
255;0
256;2
257;0
258;0
259;0
260;0
261;0
262;2
263;2
264;0
265;0
266;0
267;0
268;1
269;0
270;0
271;0
272;0
273;0
274;0
275;0
276;1
277;0
278;2
279;2
280;1
281;0
282;0
283;0
284;4
285;0
286;2
287;2
288;2
289;0
290;2
291;0
292;1
293;0
294;0
295;2
296;0
297;1
298;0
299;0
300;0
301;1
302;0
303;0
304;2
305;0
306;2
307;1
308;0
309;0
310;0
311;0
312;0
313;1
314;0
315;0
316;0
317;1
318;1
319;2
320;1
321;0
322;2
323;2
324;2
325;2
326;1
327;0
328;0
329;2
330;0
331;0
332;2
333;1
334;1
335;1
336;0
337;0
338;0
339;0
340;0
341;0
342;0
343;2
344;0
345;1
346;0
347;2
348;2
349;2
350;0
351;2
352;2
353;0
354;2
355;0
356;0
357;2
358;0
359;0
360;0
361;0
362;0
363;0
364;0
365;0
366;2
367;2
368;0
369;2
370;0
371;0
372;2
373;0
374;0
375;0
376;0
377;0
378;1
379;0
380;0
381;2
382;1
383;2
384;2
385;0
386;0
387;2
388;1
389;0
390;2
391;2
392;2
393;0
394;2
395;0
396;2
397;0
398;0
399;0
400;1
401;0
402;0
403;0
404;2
405;2
406;1
407;0
408;0
409;0
410;0
411;0
412;0
413;0
414;2
415;1
416;2
417;2
418;0
419;2
420;1
421;1
422;0
423;0
424;4
425;1
426;0
427;0
428;0
429;0
430;2
431;0
432;1
433;0
434;0
435;0
436;0
437;0
438;0
439;1
440;0
441;2
442;2
443;1
444;0
445;0
446;0
447;0
448;0
449;0
450;1
451;0
452;0
453;0
454;0
455;2
456;0
457;0
458;0
459;0
460;0
461;0
462;2
463;2
464;2
465;0
466;0
467;0
468;0
469;0
470;0
471;1
472;0
473;0
474;0
475;0
476;0
477;0
478;0
479;0
480;1
481;0
482;0
483;0
484;0
485;0
486;1
487;0
488;1
489;0
490;0
491;0
492;0
493;0
494;2
495;0
496;0
497;0
498;0
499;0
500;2
501;0
502;2
503;1
504;0
505;2
506;0
507;0
508;0
509;1
510;2
511;0
512;0
513;2
514;2
515;2
516;0
517;0
518;0
519;1
520;0
521;0
522;2
523;0
524;2
525;0
526;2
527;2
528;0
529;0
530;0
531;0
532;2
533;0
534;0
535;0
536;0
537;0
538;0
539;0
540;0
541;1
542;0
543;2
544;1
545;0
546;0
547;0
548;0
549;0
550;0
551;1
552;0
553;2
554;2
555;2
556;1
557;0
558;2
559;0
560;0
561;0
562;0
563;0
564;0
565;1
566;0
567;2
568;2
569;0
570;0
571;0
572;0
573;0
574;0
575;0
576;0
577;0
578;0
579;0
580;2
581;0
582;0
583;0
584;1
585;0
586;0
587;0
588;0
589;0
590;0
591;0
592;1
593;0
594;2
595;0
596;0
597;0
598;0
599;0
600;2
601;0
602;0
603;0
604;2
605;2
606;0
607;0
608;2
609;0
610;0
611;0
612;2
613;1
614;0
615;1
616;0
617;0
618;0
619;0
620;0
621;0
622;2
623;2
624;2
625;2
626;0
627;0
628;2
629;1
630;1
631;0
632;2
633;0
634;0
635;0
636;0
637;0
638;0
639;0
640;0
641;0
642;0
643;0
644;2
645;0
646;0
647;2
648;0
649;0
650;1
651;0
652;0
653;0
654;0
655;1
656;0
657;0
658;2
659;0
660;0
661;0
662;0
663;0
664;0
665;0
666;2
667;2
668;0
669;0
670;0
671;0
672;0
673;2
674;0
675;2
676;1
677;0
678;1
679;2
680;1
681;0
682;0
683;0
684;0
685;0
686;1
687;0
688;0
689;1
690;0
691;0
692;0
693;0
694;0
695;2
696;0
697;0
698;0
699;0
700;1
701;0
702;0
703;0
704;0
705;0
706;0
707;0
708;0
709;0
710;0
711;0
712;0
713;2
714;0
715;0
716;0
717;2
718;1
719;0
720;2
721;0
722;0
723;2
724;0
725;0
726;0
727;0
728;0
729;0
730;0
731;0
732;2
733;0
734;0
735;1
736;0
737;0
738;2
739;2
740;0
741;0
742;1
743;0
744;1
745;0
746;0
747;0
748;0
749;2
750;0
751;2
752;0
753;0
754;0
755;0
756;0
757;0
758;2
759;2
760;0
761;0
762;1
763;0
764;0
765;0
766;2
767;0
768;1
769;0
770;0
771;0
772;0
773;0
774;0
775;1
776;0
777;0
778;0
779;0
780;0
781;1
782;0
783;0
784;0
785;0
786;0
787;0
788;0
789;1
790;0
791;0
792;0
793;2
794;0
795;0
796;1
797;1
798;0
799;0
800;2
801;1
802;0
803;1
804;0
805;0
806;0
807;0
808;2
809;1
810;0
811;2
812;2
813;0
814;1
815;0
816;0
817;1
818;0
819;2
820;1
821;2
822;1
823;2
824;2
825;0
826;0
827;0
828;0
829;0
830;1
831;0
832;0
833;0
834;0
835;0
836;0
837;0
838;0
839;0
840;0
841;2
842;2
843;0
844;0
845;2
846;2
847;2
848;1
849;0
850;0
851;2
852;1
853;2
854;2
855;0
856;0
857;2
858;2
859;0
860;1
861;1
862;1
863;0
864;0
865;2
866;1
867;0
868;1
869;0
870;0
871;0
872;0
873;0
874;1
875;1
876;0
877;2
878;2
879;4
880;1
881;0
882;0
883;2
884;0
885;0
886;2
887;2
888;1
889;2
890;0
891;0
892;0
893;0
894;0
895;0
896;0
897;0
898;0
899;0
900;0
901;1
902;0
903;0
904;2
905;2
906;0
907;0
908;0
909;1
910;0
911;0
912;0
913;0
914;0
915;0
916;0
917;0
918;1
919;0
920;2
921;0
922;1
923;0
924;0
925;0
926;1
927;0
928;0
929;2
930;0
931;0
932;2
933;2
934;2
935;2
936;2
937;0
938;0
939;0
940;0
941;0
942;0
943;0
944;0
945;0
946;0
947;0
948;0
949;0
950;0
951;0
952;0
953;1
954;0
955;0
956;0
957;0
958;0
959;0
960;0
961;0
962;0
963;0
964;0
965;0
966;0
967;1
968;1
969;0
970;0
971;2
972;0
973;0
974;0
975;0
976;0
977;0
978;0
979;2
980;0
981;0
982;2
983;0
984;1
985;0
986;0
987;0
988;0
989;0
990;2
991;0
992;0
993;0
994;0
995;0
996;2
997;0
998;0
999;2
1000;2
1001;0
1002;0
1003;0
1004;0
1005;1
1006;0
1007;0
1008;2
1009;1
1010;0
1011;0
1012;0
1013;0
1014;1
1015;0
1016;0
1017;0
1018;0
1019;0
1020;0
1021;0
1022;0
1023;0
