0;1
1;0
2;0
3;2
4;2
5;0
6;1
7;2
8;2
9;1
10;2
11;2
12;1
13;0
14;0
15;0
16;0
17;2
18;2
19;0
20;2
21;2
22;0
23;2
24;1
25;0
26;0
27;2
28;2
29;0
30;0
31;0
32;1
33;2
34;0
35;0
36;0
37;1
38;1
39;0
40;1
41;0
42;1
43;0
44;2
45;0
46;0
47;0
48;0
49;0
50;0
51;0
52;0
53;0
54;0
55;0
56;0
57;1
58;0
59;0
60;0
61;2
62;1
63;0
64;0
65;0
66;0
67;0
68;0
69;0
70;1
71;0
72;0
73;0
74;0
75;0
76;2
77;2
78;2
79;0
80;2
81;2
82;0
83;2
84;0
85;0
86;1
87;0
88;1
89;0
90;0
91;2
92;2
93;0
94;1
95;0
96;0
97;0
98;2
99;0
100;0
101;2
102;0
103;0
104;0
105;0
106;0
107;0
108;0
109;0
110;0
111;0
112;0
113;2
114;0
115;0
116;1
117;0
118;0
119;0
120;0
121;0
122;2
123;2
124;2
125;0
126;0
127;0
128;0
129;2
130;0
131;2
132;2
133;0
134;0
135;2
136;0
137;0
138;0
139;0
140;2
141;0
142;1
143;0
144;0
145;0
146;0
147;0
148;0
149;0
150;2
151;0
152;2
153;0
154;0
155;0
156;0
157;2
158;0
159;0
160;2
161;0
162;0
163;0
164;4
165;0
166;0
167;0
168;0
169;0
170;0
171;2
172;2
173;0
174;1
175;0
176;0
177;2
178;2
179;2
180;2
181;1
182;0
183;0
184;0
185;0
186;0
187;0
188;0
189;0
190;2
191;2
192;2
193;0
194;0
195;2
196;1
197;2
198;2
199;2
200;4
201;0
202;2
203;0
204;1
205;2
206;2
207;2
208;2
209;0
210;2
211;0
212;0
213;0
214;2
215;0
216;1
217;0
218;0
219;0
220;2
221;2
222;0
223;0
224;0
225;2
226;1
227;2
228;0
229;0
230;1
231;1
232;0
233;0
234;0
235;0
236;0
237;2
238;0
239;0
240;0
241;2
242;0
243;0
244;2
245;2
246;1
247;0
248;0
249;2
250;0
251;0
252;1
253;0
254;1
255;0
256;0
257;0
258;1
259;0
260;0
261;0
262;0
263;0
264;0
265;0
266;1
267;0
268;0
269;0
270;2
271;0
272;1
273;2
274;0
275;1
276;1
277;0
278;1
279;0
280;2
281;0
282;0
283;0
284;0
285;0
286;0
287;0
288;2
289;0
290;0
291;0
292;0
293;0
294;0
295;0
296;0
297;0
298;2
299;1
300;0
301;0
302;0
303;0
304;0
305;0
306;0
307;0
308;0
309;0
310;0
311;0
312;1
313;0
314;1
315;0
316;1
317;0
318;1
319;0
320;0
321;0
322;1
323;0
324;0
325;0
326;1
327;2
328;1
329;2
330;2
331;2
332;2
333;2
334;2
335;1
336;0
337;0
338;0
339;0
340;2
341;1
342;1
343;0
344;2
345;2
346;0
347;0
348;0
349;0
350;0
351;2
352;0
353;1
354;0
355;1
356;1
357;0
358;2
359;1
360;0
361;0
362;1
363;0
364;0
365;2
366;0
367;0
368;0
369;0
370;0
371;0
372;0
373;2
374;2
375;2
376;0
377;0
378;0
379;0
380;0
381;0
382;0
383;0
384;0
385;0
386;1
387;0
388;0
389;2
390;0
391;2
392;1
393;0
394;0
395;0
396;1
397;0
398;0
399;0
400;2
401;0
402;2
403;0
404;0
405;2
406;1
407;0
408;2
409;0
410;2
411;2
412;1
413;0
414;0
415;0
416;2
417;0
418;1
419;0
420;0
421;2
422;0
423;2
424;2
425;0
426;1
427;0
428;0
429;0
430;0
431;0
432;0
433;2
434;0
435;0
436;0
437;0
438;2
439;1
440;0
441;0
442;0
443;1
444;1
445;0
446;0
447;0
448;0
449;0
450;0
451;0
452;0
453;1
454;0
455;0
456;1
457;0
458;0
459;2
460;2
461;0
462;1
463;0
464;2
465;2
466;0
467;2
468;0
469;0
470;0
471;0
472;1
473;0
474;0
475;0
476;1
477;2
478;2
479;2
480;0
481;0
482;2
483;0
484;2
485;2
486;0
487;0
488;0
489;0
490;0
491;0
492;0
493;0
494;0
495;0
496;0
497;0
498;0
499;0
500;0
501;0
502;0
503;2
504;1
505;0
506;0
507;0
508;1
509;0
510;0
511;0
512;0
513;0
514;2
515;0
516;0
517;0
518;1
519;2
520;0
521;0
522;0
523;0
524;0
525;0
526;0
527;0
528;1
529;0
530;0
531;0
532;0
533;0
534;1
535;1
536;0
537;0
538;0
539;0
540;1
541;0
542;2
543;0
544;0
545;2
546;2
547;2
548;0
549;2
550;2
551;0
552;0
553;2
554;0
555;0
556;1
557;2
558;1
559;0
560;2
561;0
562;1
563;0
564;1
565;0
566;0
567;0
568;0
569;0
570;2
571;0
572;2
573;2
574;0
575;0
576;1
577;0
578;0
579;0
580;0
581;0
582;0
583;0
584;0
585;2
586;0
587;0
588;1
589;0
590;0
591;0
592;0
593;0
594;1
595;0
596;2
597;0
598;0
599;0
600;4
601;0
602;0
603;0
604;2
605;0
606;0
607;0
608;2
609;0
610;0
611;0
612;0
613;0
614;1
615;0
616;2
617;2
618;0
619;0
620;2
621;1
622;0
623;0
624;1
625;1
626;0
627;0
628;0
629;0
630;0
631;0
632;0
633;0
634;0
635;2
636;2
637;0
638;0
639;2
640;0
641;0
642;0
643;0
644;0
645;0
646;1
647;0
648;1
649;0
650;2
651;0
652;0
653;0
654;0
655;0
656;0
657;0
658;1
659;0
660;0
661;0
662;0
663;0
664;0
665;2
666;0
667;2
668;1
669;0
670;1
671;0
672;2
673;1
674;0
675;0
676;0
677;0
678;0
679;2
680;0
681;1
682;0
683;1
684;0
685;0
686;0
687;0
688;1
689;0
690;0
691;2
692;1
693;0
694;2
695;2
696;2
697;0
698;2
699;0
700;2
701;0
702;1
703;2
704;0
705;0
706;0
707;0
708;0
709;0
710;1
711;0
712;0
713;0
714;0
715;0
716;0
717;2
718;2
719;0
720;2
721;1
722;0
723;0
724;2
725;0
726;2
727;0
728;0
729;0
730;1
731;0
732;0
733;0
734;0
735;0
736;2
737;0
738;2
739;0
740;0
741;0
742;0
743;1
744;0
745;0
746;1
747;0
748;1
749;0
750;0
751;0
752;0
753;2
754;0
755;2
756;0
757;1
758;0
759;0
760;2
761;0
762;4
763;1
764;1
765;0
766;1
767;0
768;0
769;0
770;2
771;0
772;0
773;0
774;0
775;0
776;0
777;0
778;0
779;0
780;0
781;0
782;2
783;0
784;0
785;0
786;0
787;0
788;0
789;0
790;2
791;2
792;1
793;1
794;1
795;0
796;0
797;2
798;2
799;0
800;1
801;1
802;0
803;0
804;0
805;0
806;0
807;1
808;0
809;0
810;0
811;1
812;0
813;2
814;2
815;2
816;2
817;0
818;0
819;0
820;0
821;0
822;2
823;2
824;1
825;0
826;0
827;1
828;0
829;0
830;0
831;0
832;0
833;0
834;0
835;0
836;0
837;0
838;1
839;0
840;0
841;0
842;0
843;0
844;2
845;2
846;0
847;0
848;0
849;0
850;0
851;0
852;1
853;2
854;0
855;0
856;0
857;0
858;2
859;0
860;0
861;2
862;2
863;1
864;0
865;0
866;0
867;0
868;1
869;0
870;1
871;0
872;0
873;0
874;1
875;0
876;1
877;2
878;0
879;1
880;0
881;0
882;0
883;1
884;0
885;2
886;1
887;0
888;0
889;0
890;0
891;0
892;0
893;2
894;0
895;0
896;0
897;0
898;0
899;0
900;0
901;0
902;0
903;0
904;0
905;0
906;1
907;0
908;4
909;0
910;1
911;0
912;0
913;2
914;2
915;0
916;2
917;2
918;1
919;0
920;0
921;2
922;2
923;1
924;2
925;0
926;0
927;0
928;0
929;0
930;2
931;0
932;0
933;0
934;1
935;0
936;0
937;0
938;0
939;0
940;2
941;2
942;1
943;0
944;0
945;2
946;1
947;0
948;2
949;0
950;0
951;0
952;0
953;0
954;0
955;1
956;0
957;0
958;0
959;2
960;0
961;0
962;0
963;0
964;0
965;0
966;0
967;2
968;0
969;1
970;0
971;0
972;1
973;0
974;0
975;0
976;0
977;0
978;2
979;1
980;0
981;2
982;0
983;0
984;2
985;0
986;0
987;2
988;2
989;0
990;1
991;0
992;2
993;2
994;0
995;0
996;1
997;0
998;0
999;0
1000;2
1001;0
1002;0
1003;0
1004;0
1005;2
1006;1
1007;2
1008;0
1009;2
1010;0
1011;0
1012;0
1013;1
1014;0
1015;0
1016;0
1017;0
1018;0
1019;0
1020;0
1021;0
1022;0
1023;0
