0;2
1;0
2;0
3;2
4;1
5;0
6;2
7;2
8;2
9;0
10;2
11;0
12;2
13;0
14;0
15;0
16;1
17;2
18;2
19;2
20;2
21;2
22;2
23;2
24;1
25;1
26;0
27;2
28;2
29;0
30;0
31;2
32;0
33;0
34;0
35;0
36;0
37;0
38;0
39;0
40;1
41;0
42;0
43;0
44;2
45;0
46;0
47;1
48;0
49;0
50;0
51;0
52;2
53;0
54;0
55;0
56;0
57;1
58;0
59;2
60;1
61;0
62;0
63;0
64;0
65;0
66;0
67;0
68;1
69;0
70;0
71;0
72;1
73;0
74;0
75;0
76;0
77;0
78;0
79;0
80;2
81;0
82;2
83;2
84;1
85;2
86;0
87;0
88;1
89;0
90;1
91;2
92;2
93;0
94;0
95;0
96;2
97;0
98;2
99;1
100;0
101;0
102;2
103;0
104;1
105;0
106;0
107;0
108;0
109;1
110;0
111;0
112;0
113;0
114;0
115;2
116;1
117;1
118;0
119;2
120;2
121;0
122;2
123;2
124;4
125;0
126;2
127;0
128;2
129;0
130;0
131;0
132;1
133;0
134;0
135;0
136;1
137;0
138;0
139;2
140;1
141;0
142;1
143;2
144;2
145;0
146;2
147;2
148;1
149;0
150;0
151;0
152;2
153;0
154;2
155;0
156;2
157;0
158;0
159;0
160;0
161;2
162;2
163;2
164;1
165;0
166;2
167;0
168;0
169;1
170;0
171;0
172;0
173;0
174;2
175;0
176;0
177;0
178;1
179;1
180;0
181;0
182;0
183;0
184;2
185;0
186;0
187;0
188;0
189;0
190;0
191;0
192;0
193;0
194;1
195;0
196;4
197;0
198;0
199;0
200;2
201;0
202;0
203;0
204;1
205;0
206;0
207;1
208;0
209;2
210;2
211;2
212;2
213;0
214;2
215;2
216;0
217;1
218;0
219;0
220;0
221;0
222;0
223;0
224;0
225;0
226;2
227;2
228;1
229;1
230;0
231;0
232;0
233;2
234;2
235;2
236;0
237;0
238;0
239;0
240;0
241;0
242;0
243;0
244;0
245;2
246;2
247;2
248;2
249;0
250;0
251;2
252;0
253;0
254;2
255;2
256;2
257;0
258;0
259;0
260;1
261;0
262;2
263;1
264;0
265;0
266;0
267;0
268;0
269;0
270;0
271;1
272;0
273;0
274;0
275;2
276;4
277;2
278;2
279;1
280;0
281;0
282;2
283;0
284;2
285;2
286;2
287;2
288;1
289;0
290;0
291;1
292;0
293;0
294;0
295;0
296;0
297;0
298;0
299;2
300;0
301;0
302;0
303;0
304;0
305;0
306;0
307;0
308;2
309;0
310;0
311;0
312;0
313;0
314;0
315;0
316;0
317;1
318;1
319;0
320;0
321;0
322;0
323;0
324;0
325;0
326;0
327;0
328;1
329;0
330;0
331;1
332;2
333;0
334;2
335;0
336;0
337;0
338;0
339;0
340;0
341;0
342;0
343;0
344;2
345;0
346;0
347;0
348;4
349;1
350;0
351;0
352;4
353;1
354;0
355;0
356;2
357;0
358;0
359;0
360;2
361;0
362;0
363;0
364;4
365;0
366;2
367;0
368;2
369;0
370;2
371;2
372;1
373;0
374;0
375;0
376;0
377;1
378;0
379;0
380;0
381;0
382;0
383;0
384;0
385;0
386;0
387;0
388;1
389;0
390;2
391;2
392;1
393;0
394;0
395;1
396;1
397;0
398;2
399;2
400;2
401;0
402;2
403;0
404;2
405;2
406;1
407;0
408;0
409;1
410;2
411;0
412;2
413;0
414;2
415;0
416;0
417;0
418;0
419;0
420;0
421;0
422;2
423;0
424;0
425;0
426;0
427;2
428;2
429;2
430;0
431;0
432;2
433;0
434;2
435;0
436;0
437;0
438;0
439;0
440;1
441;2
442;0
443;0
444;0
445;0
446;1
447;0
448;0
449;0
450;0
451;0
452;1
453;0
454;0
455;2
456;2
457;0
458;2
459;2
460;2
461;0
462;2
463;0
464;2
465;0
466;2
467;2
468;1
469;1
470;2
471;0
472;0
473;0
474;0
475;0
476;0
477;0
478;0
479;0
480;2
481;0
482;0
483;2
484;0
485;2
486;1
487;2
488;2
489;0
490;0
491;0
492;1
493;0
494;0
495;0
496;2
497;2
498;2
499;2
500;2
501;0
502;0
503;1
504;0
505;0
506;0
507;0
508;0
509;0
510;0
511;0
512;0
513;0
514;0
515;1
516;1
517;0
518;0
519;0
520;0
521;2
522;0
523;1
524;0
525;2
526;0
527;0
528;0
529;0
530;2
531;1
532;0
533;1
534;0
535;0
536;0
537;0
538;2
539;2
540;0
541;0
542;0
543;0
544;0
545;0
546;0
547;0
548;2
549;1
550;0
551;1
552;0
553;2
554;2
555;0
556;2
557;0
558;2
559;0
560;0
561;0
562;0
563;0
564;1
565;0
566;0
567;0
568;0
569;0
570;0
571;0
572;0
573;0
574;2
575;0
576;1
577;1
578;0
579;2
580;0
581;0
582;0
583;0
584;1
585;0
586;0
587;0
588;2
589;0
590;0
591;2
592;1
593;0
594;0
595;0
596;0
597;0
598;0
599;0
600;2
601;2
602;2
603;0
604;1
605;0
606;0
607;0
608;1
609;0
610;1
611;0
612;0
613;0
614;1
615;1
616;0
617;1
618;0
619;0
620;2
621;2
622;2
623;1
624;0
625;0
626;0
627;0
628;1
629;0
630;2
631;2
632;1
633;0
634;0
635;2
636;4
637;0
638;2
639;2
640;2
641;0
642;2
643;0
644;2
645;2
646;0
647;2
648;0
649;1
650;0
651;0
652;1
653;0
654;1
655;0
656;2
657;1
658;0
659;0
660;2
661;2
662;0
663;2
664;0
665;0
666;2
667;0
668;1
669;0
670;0
671;0
672;2
673;0
674;0
675;0
676;1
677;0
678;0
679;0
680;2
681;1
682;0
683;0
684;2
685;0
686;1
687;0
688;0
689;0
690;1
691;2
692;2
693;0
694;0
695;0
696;1
697;0
698;0
699;0
700;1
701;0
702;0
703;0
704;0
705;0
706;0
707;0
708;0
709;0
710;0
711;0
712;0
713;0
714;1
715;0
716;0
717;1
718;0
719;0
720;0
721;0
722;2
723;2
724;1
725;1
726;0
727;0
728;0
729;0
730;2
731;0
732;1
733;0
734;0
735;0
736;0
737;0
738;0
739;0
740;0
741;0
742;0
743;1
744;0
745;0
746;2
747;2
748;1
749;0
750;0
751;0
752;0
753;0
754;0
755;0
756;2
757;2
758;0
759;0
760;0
761;2
762;2
763;1
764;0
765;1
766;0
767;0
768;1
769;1
770;0
771;0
772;1
773;0
774;0
775;1
776;0
777;2
778;0
779;0
780;0
781;2
782;2
783;1
784;0
785;0
786;0
787;2
788;1
789;0
790;0
791;2
792;4
793;0
794;2
795;2
796;4
797;0
798;0
799;0
800;2
801;0
802;0
803;0
804;4
805;2
806;1
807;0
808;0
809;0
810;0
811;0
812;1
813;0
814;2
815;2
816;1
817;0
818;0
819;2
820;2
821;0
822;2
823;2
824;2
825;0
826;2
827;0
828;1
829;0
830;1
831;0
832;2
833;1
834;0
835;2
836;0
837;0
838;0
839;2
840;1
841;0
842;0
843;0
844;0
845;2
846;2
847;2
848;2
849;2
850;0
851;2
852;0
853;0
854;0
855;0
856;0
857;0
858;2
859;2
860;2
861;0
862;0
863;0
864;2
865;0
866;0
867;0
868;1
869;2
870;0
871;0
872;0
873;0
874;0
875;1
876;1
877;0
878;0
879;0
880;1
881;0
882;2
883;2
884;1
885;0
886;0
887;0
888;2
889;0
890;0
891;0
892;0
893;2
894;0
895;0
896;0
897;0
898;1
899;1
900;0
901;0
902;2
903;2
904;1
905;0
906;0
907;0
908;2
909;0
910;2
911;1
912;0
913;0
914;0
915;0
916;1
917;0
918;1
919;0
920;0
921;2
922;1
923;0
924;1
925;0
926;0
927;0
928;2
929;1
930;2
931;0
932;2
933;0
934;0
935;0
936;0
937;0
938;0
939;0
940;2
941;1
942;2
943;0
944;1
945;1
946;2
947;2
948;2
949;2
950;2
951;2
952;1
953;1
954;0
955;0
956;0
957;0
958;0
959;0
960;2
961;2
962;2
963;0
964;0
965;0
966;0
967;2
968;1
969;0
970;0
971;2
972;2
973;0
974;2
975;2
976;2
977;0
978;0
979;0
980;2
981;0
982;0
983;0
984;0
985;0
986;0
987;0
988;0
989;0
990;1
991;0
992;0
993;1
994;0
995;2
996;0
997;0
998;1
999;0
1000;2
1001;2
1002;1
1003;0
1004;2
1005;0
1006;0
1007;2
1008;1
1009;0
1010;0
1011;0
1012;0
1013;0
1014;0
1015;1
1016;0
1017;0
1018;0
1019;0
1020;0
1021;0
1022;0
1023;0
