0;1
1;0
2;0
3;0
4;2
5;0
6;2
7;2
8;2
9;0
10;2
11;0
12;0
13;0
14;2
15;1
16;0
17;0
18;2
19;0
20;0
21;0
22;1
23;0
24;1
25;0
26;1
27;0
28;2
29;0
30;0
31;0
32;0
33;0
34;0
35;2
36;0
37;0
38;0
39;0
40;0
41;0
42;1
43;1
44;0
45;0
46;0
47;0
48;0
49;0
50;0
51;0
52;1
53;0
54;0
55;0
56;0
57;2
58;0
59;0
60;1
61;0
62;0
63;0
64;2
65;0
66;0
67;0
68;2
69;0
70;0
71;2
72;1
73;2
74;0
75;0
76;2
77;1
78;0
79;0
80;1
81;0
82;0
83;1
84;1
85;0
86;1
87;0
88;0
89;0
90;1
91;0
92;2
93;0
94;0
95;2
96;1
97;0
98;0
99;0
100;0
101;2
102;2
103;0
104;1
105;0
106;0
107;0
108;0
109;0
110;1
111;1
112;0
113;0
114;0
115;0
116;0
117;0
118;0
119;0
120;0
121;0
122;0
123;2
124;0
125;0
126;0
127;2
128;2
129;0
130;2
131;0
132;0
133;0
134;0
135;0
136;0
137;0
138;2
139;0
140;2
141;0
142;0
143;0
144;2
145;1
146;0
147;0
148;1
149;2
150;0
151;0
152;2
153;0
154;0
155;0
156;0
157;0
158;0
159;1
160;0
161;2
162;2
163;2
164;2
165;0
166;0
167;1
168;0
169;2
170;0
171;0
172;0
173;0
174;2
175;1
176;2
177;0
178;0
179;2
180;2
181;2
182;0
183;0
184;0
185;0
186;0
187;0
188;0
189;0
190;0
191;0
192;0
193;0
194;0
195;0
196;2
197;0
198;2
199;0
200;0
201;0
202;0
203;1
204;1
205;0
206;2
207;2
208;1
209;0
210;2
211;2
212;0
213;0
214;0
215;0
216;0
217;0
218;0
219;2
220;0
221;2
222;0
223;2
224;0
225;1
226;0
227;0
228;0
229;0
230;0
231;0
232;2
233;0
234;0
235;0
236;0
237;0
238;0
239;2
240;1
241;0
242;0
243;0
244;0
245;0
246;0
247;1
248;0
249;0
250;0
251;0
252;0
253;0
254;0
255;0
256;2
257;1
258;0
259;0
260;1
261;0
262;0
263;1
264;2
265;2
266;0
267;2
268;0
269;0
270;0
271;0
272;2
273;0
274;2
275;0
276;0
277;0
278;1
279;0
280;1
281;0
282;0
283;0
284;0
285;2
286;2
287;0
288;0
289;2
290;0
291;0
292;0
293;0
294;0
295;0
296;1
297;0
298;0
299;2
300;1
301;2
302;2
303;2
304;2
305;0
306;2
307;0
308;2
309;0
310;0
311;0
312;0
313;2
314;1
315;0
316;2
317;2
318;2
319;2
320;1
321;0
322;2
323;0
324;2
325;0
326;0
327;1
328;0
329;0
330;0
331;1
332;0
333;0
334;0
335;0
336;0
337;2
338;2
339;0
340;2
341;0
342;0
343;0
344;2
345;1
346;2
347;0
348;0
349;0
350;0
351;1
352;0
353;0
354;0
355;0
356;2
357;0
358;1
359;2
360;1
361;0
362;2
363;0
364;0
365;2
366;0
367;0
368;0
369;0
370;2
371;2
372;1
373;0
374;2
375;2
376;0
377;0
378;0
379;1
380;0
381;0
382;0
383;0
384;1
385;0
386;0
387;0
388;1
389;2
390;0
391;0
392;2
393;0
394;0
395;0
396;0
397;0
398;0
399;0
400;0
401;1
402;1
403;0
404;0
405;0
406;2
407;0
408;2
409;2
410;2
411;0
412;0
413;2
414;0
415;0
416;2
417;2
418;0
419;2
420;0
421;0
422;0
423;0
424;0
425;0
426;0
427;0
428;1
429;2
430;0
431;0
432;1
433;0
434;0
435;0
436;0
437;0
438;0
439;0
440;1
441;0
442;0
443;0
444;2
445;0
446;0
447;0
448;0
449;1
450;0
451;0
452;1
453;0
454;0
455;1
456;2
457;1
458;2
459;0
460;0
461;0
462;0
463;2
464;0
465;0
466;0
467;0
468;0
469;0
470;2
471;0
472;0
473;1
474;1
475;0
476;0
477;0
478;2
479;0
480;2
481;1
482;0
483;1
484;2
485;2
486;0
487;0
488;2
489;1
490;2
491;2
492;2
493;2
494;0
495;0
496;0
497;1
498;2
499;2
500;0
501;0
502;0
503;0
504;0
505;1
506;0
507;0
508;0
509;0
510;1
511;0
512;0
513;2
514;0
515;0
516;2
517;0
518;0
519;0
520;1
521;0
522;0
523;2
524;2
525;0
526;0
527;1
528;0
529;0
530;2
531;0
532;0
533;0
534;0
535;0
536;1
537;1
538;0
539;0
540;0
541;0
542;0
543;0
544;2
545;0
546;0
547;0
548;0
549;1
550;0
551;1
552;0
553;2
554;2
555;2
556;2
557;0
558;0
559;2
560;1
561;0
562;0
563;0
564;0
565;0
566;0
567;0
568;1
569;0
570;1
571;1
572;1
573;1
574;0
575;0
576;0
577;0
578;1
579;0
580;0
581;0
582;0
583;0
584;1
585;0
586;0
587;0
588;0
589;1
590;0
591;2
592;2
593;2
594;0
595;0
596;0
597;1
598;1
599;0
600;2
601;0
602;0
603;0
604;0
605;0
606;0
607;2
608;0
609;0
610;2
611;0
612;0
613;0
614;2
615;1
616;0
617;0
618;0
619;0
620;1
621;0
622;0
623;0
624;0
625;0
626;0
627;0
628;0
629;0
630;0
631;0
632;1
633;0
634;0
635;2
636;2
637;0
638;0
639;0
640;4
641;0
642;0
643;0
644;0
645;0
646;0
647;2
648;1
649;0
650;0
651;0
652;0
653;0
654;1
655;0
656;0
657;0
658;2
659;0
660;0
661;0
662;0
663;0
664;0
665;1
666;1
667;0
668;1
669;0
670;2
671;0
672;0
673;0
674;0
675;0
676;2
677;0
678;1
679;1
680;0
681;2
682;2
683;0
684;0
685;1
686;0
687;0
688;0
689;2
690;0
691;1
692;0
693;1
694;1
695;2
696;1
697;0
698;0
699;0
700;4
701;0
702;0
703;1
704;1
705;0
706;0
707;2
708;1
709;0
710;2
711;2
712;1
713;0
714;1
715;0
716;1
717;0
718;0
719;2
720;1
721;0
722;2
723;1
724;0
725;0
726;0
727;0
728;2
729;0
730;2
731;2
732;1
733;0
734;1
735;0
736;2
737;2
738;2
739;2
740;0
741;2
742;0
743;1
744;0
745;0
746;0
747;0
748;1
749;0
750;1
751;0
752;1
753;0
754;2
755;2
756;2
757;2
758;1
759;0
760;2
761;0
762;0
763;0
764;0
765;1
766;1
767;0
768;0
769;0
770;0
771;2
772;2
773;2
774;0
775;0
776;0
777;0
778;1
779;1
780;2
781;0
782;0
783;2
784;0
785;0
786;0
787;2
788;0
789;2
790;2
791;0
792;0
793;1
794;0
795;0
796;0
797;0
798;2
799;2
800;0
801;0
802;0
803;0
804;0
805;0
806;0
807;1
808;0
809;0
810;0
811;1
812;0
813;0
814;0
815;2
816;0
817;0
818;2
819;1
820;0
821;0
822;0
823;2
824;2
825;2
826;2
827;2
828;2
829;0
830;0
831;0
832;2
833;0
834;0
835;0
836;0
837;0
838;0
839;1
840;2
841;2
842;0
843;0
844;0
845;0
846;0
847;1
848;0
849;0
850;0
851;0
852;2
853;0
854;0
855;2
856;0
857;0
858;0
859;0
860;0
861;0
862;0
863;1
864;0
865;0
866;0
867;0
868;0
869;1
870;0
871;0
872;2
873;0
874;0
875;2
876;0
877;1
878;0
879;1
880;0
881;0
882;0
883;0
884;2
885;2
886;2
887;1
888;0
889;0
890;2
891;0
892;0
893;2
894;0
895;2
896;1
897;1
898;0
899;0
900;0
901;0
902;0
903;0
904;0
905;2
906;0
907;0
908;2
909;0
910;0
911;2
912;0
913;1
914;0
915;0
916;0
917;0
918;2
919;0
920;0
921;0
922;0
923;0
924;0
925;0
926;0
927;0
928;1
929;0
930;0
931;0
932;2
933;0
934;0
935;2
936;0
937;1
938;2
939;0
940;0
941;0
942;0
943;0
944;0
945;0
946;0
947;0
948;0
949;0
950;2
951;0
952;0
953;1
954;0
955;0
956;2
957;0
958;0
959;2
960;2
961;0
962;2
963;2
964;2
965;2
966;2
967;2
968;2
969;0
970;0
971;0
972;0
973;1
974;0
975;0
976;2
977;1
978;0
979;0
980;0
981;0
982;2
983;0
984;1
985;0
986;0
987;0
988;1
989;2
990;2
991;0
992;0
993;0
994;0
995;2
996;0
997;0
998;0
999;0
1000;2
1001;1
1002;2
1003;2
1004;2
1005;0
1006;2
1007;2
1008;0
1009;2
1010;1
1011;2
1012;1
1013;0
1014;0
1015;0
1016;0
1017;0
1018;0
1019;0
1020;0
1021;0
1022;0
1023;0
