0;0
1;0
2;0
3;2
4;4
5;0
6;2
7;1
8;0
9;2
10;2
11;0
12;2
13;0
14;0
15;0
16;0
17;1
18;0
19;0
20;2
21;0
22;0
23;2
24;0
25;2
26;1
27;2
28;0
29;0
30;0
31;0
32;1
33;0
34;1
35;0
36;1
37;0
38;0
39;0
40;1
41;0
42;0
43;0
44;1
45;1
46;0
47;0
48;1
49;0
50;2
51;0
52;1
53;0
54;0
55;2
56;0
57;0
58;2
59;1
60;0
61;0
62;2
63;0
64;1
65;0
66;0
67;1
68;0
69;0
70;0
71;2
72;2
73;2
74;1
75;0
76;2
77;2
78;2
79;0
80;2
81;0
82;0
83;2
84;0
85;0
86;0
87;0
88;2
89;1
90;0
91;0
92;0
93;0
94;2
95;1
96;0
97;0
98;2
99;0
100;0
101;0
102;0
103;0
104;0
105;0
106;0
107;0
108;0
109;0
110;2
111;0
112;1
113;0
114;0
115;2
116;1
117;0
118;0
119;0
120;2
121;0
122;2
123;2
124;2
125;0
126;0
127;0
128;0
129;2
130;0
131;0
132;1
133;0
134;0
135;0
136;2
137;2
138;2
139;2
140;1
141;0
142;1
143;0
144;1
145;0
146;0
147;1
148;0
149;0
150;2
151;1
152;0
153;0
154;0
155;0
156;2
157;0
158;2
159;0
160;0
161;0
162;0
163;0
164;1
165;0
166;0
167;2
168;0
169;0
170;2
171;2
172;2
173;0
174;2
175;0
176;2
177;2
178;2
179;0
180;1
181;0
182;0
183;0
184;0
185;0
186;0
187;0
188;0
189;0
190;0
191;1
192;0
193;0
194;0
195;2
196;0
197;0
198;2
199;1
200;0
201;0
202;0
203;1
204;0
205;0
206;1
207;0
208;0
209;0
210;0
211;2
212;1
213;0
214;0
215;0
216;0
217;2
218;0
219;0
220;0
221;0
222;0
223;0
224;0
225;0
226;0
227;0
228;0
229;0
230;2
231;1
232;1
233;0
234;0
235;2
236;2
237;0
238;2
239;2
240;2
241;0
242;2
243;0
244;0
245;0
246;1
247;0
248;2
249;2
250;1
251;0
252;2
253;2
254;1
255;1
256;0
257;0
258;1
259;0
260;0
261;0
262;2
263;2
264;1
265;0
266;2
267;2
268;1
269;0
270;0
271;0
272;0
273;2
274;0
275;0
276;0
277;0
278;0
279;2
280;0
281;0
282;0
283;1
284;2
285;1
286;2
287;2
288;2
289;0
290;2
291;0
292;2
293;0
294;2
295;1
296;0
297;0
298;0
299;0
300;0
301;0
302;0
303;2
304;2
305;1
306;0
307;0
308;1
309;0
310;0
311;0
312;0
313;0
314;1
315;0
316;2
317;0
318;0
319;1
320;0
321;1
322;0
323;0
324;0
325;2
326;1
327;0
328;2
329;0
330;0
331;0
332;0
333;0
334;0
335;0
336;0
337;0
338;0
339;0
340;2
341;2
342;0
343;2
344;0
345;0
346;0
347;0
348;0
349;0
350;0
351;2
352;2
353;0
354;2
355;2
356;2
357;0
358;2
359;2
360;0
361;1
362;0
363;0
364;0
365;0
366;0
367;0
368;0
369;2
370;1
371;0
372;0
373;1
374;0
375;2
376;0
377;0
378;1
379;0
380;0
381;0
382;0
383;0
384;1
385;0
386;0
387;0
388;1
389;0
390;1
391;2
392;0
393;1
394;2
395;0
396;0
397;2
398;1
399;0
400;0
401;2
402;2
403;1
404;0
405;0
406;0
407;0
408;0
409;2
410;1
411;0
412;0
413;2
414;1
415;0
416;2
417;0
418;0
419;0
420;0
421;0
422;0
423;0
424;0
425;2
426;2
427;2
428;2
429;0
430;0
431;0
432;1
433;1
434;0
435;2
436;2
437;0
438;0
439;0
440;0
441;0
442;0
443;0
444;0
445;2
446;1
447;0
448;1
449;0
450;2
451;2
452;1
453;0
454;0
455;2
456;1
457;0
458;1
459;2
460;2
461;0
462;2
463;0
464;1
465;0
466;0
467;2
468;1
469;0
470;0
471;2
472;2
473;0
474;0
475;1
476;0
477;0
478;2
479;2
480;4
481;2
482;2
483;0
484;0
485;0
486;0
487;2
488;1
489;0
490;0
491;0
492;1
493;0
494;1
495;0
496;1
497;0
498;0
499;2
500;2
501;0
502;2
503;2
504;0
505;2
506;2
507;2
508;0
509;0
510;0
511;0
512;0
513;0
514;0
515;0
516;0
517;0
518;1
519;1
520;2
521;0
522;2
523;2
524;0
525;0
526;2
527;0
528;0
529;0
530;0
531;0
532;0
533;0
534;1
535;0
536;2
537;2
538;1
539;0
540;0
541;0
542;1
543;0
544;0
545;0
546;0
547;0
548;0
549;1
550;0
551;1
552;0
553;0
554;0
555;2
556;1
557;0
558;2
559;0
560;0
561;0
562;0
563;0
564;0
565;0
566;0
567;0
568;1
569;0
570;0
571;0
572;0
573;0
574;1
575;0
576;1
577;0
578;0
579;0
580;4
581;2
582;1
583;2
584;2
585;0
586;2
587;0
588;2
589;2
590;1
591;0
592;0
593;0
594;0
595;0
596;2
597;0
598;0
599;2
600;2
601;2
602;2
603;2
604;1
605;0
606;0
607;0
608;1
609;0
610;0
611;0
612;0
613;2
614;2
615;2
616;1
617;1
618;0
619;2
620;2
621;0
622;2
623;2
624;0
625;0
626;0
627;0
628;2
629;2
630;1
631;0
632;1
633;0
634;0
635;0
636;1
637;0
638;0
639;0
640;0
641;0
642;0
643;0
644;1
645;0
646;0
647;1
648;4
649;0
650;0
651;1
652;0
653;0
654;2
655;0
656;2
657;0
658;2
659;2
660;2
661;1
662;0
663;2
664;2
665;0
666;0
667;0
668;0
669;0
670;0
671;0
672;0
673;0
674;1
675;0
676;0
677;0
678;0
679;2
680;2
681;0
682;0
683;0
684;0
685;0
686;0
687;0
688;2
689;1
690;0
691;2
692;1
693;0
694;1
695;0
696;0
697;0
698;1
699;0
700;1
701;0
702;0
703;2
704;2
705;1
706;0
707;2
708;2
709;0
710;0
711;0
712;0
713;0
714;0
715;0
716;0
717;2
718;0
719;0
720;0
721;0
722;1
723;0
724;0
725;2
726;2
727;0
728;2
729;2
730;0
731;2
732;0
733;0
734;0
735;0
736;0
737;2
738;2
739;0
740;0
741;0
742;0
743;0
744;0
745;1
746;0
747;0
748;0
749;0
750;0
751;0
752;0
753;0
754;2
755;0
756;0
757;0
758;2
759;0
760;0
761;0
762;0
763;1
764;0
765;0
766;2
767;0
768;2
769;0
770;0
771;0
772;1
773;1
774;0
775;0
776;0
777;0
778;0
779;2
780;1
781;0
782;0
783;2
784;0
785;2
786;2
787;2
788;0
789;2
790;2
791;0
792;2
793;0
794;2
795;0
796;2
797;0
798;2
799;0
800;0
801;0
802;2
803;2
804;1
805;0
806;0
807;2
808;2
809;0
810;2
811;1
812;2
813;0
814;0
815;0
816;0
817;0
818;2
819;0
820;2
821;1
822;0
823;0
824;0
825;0
826;0
827;1
828;0
829;1
830;0
831;1
832;0
833;2
834;2
835;2
836;2
837;0
838;0
839;0
840;2
841;1
842;0
843;0
844;0
845;1
846;0
847;1
848;0
849;0
850;2
851;2
852;0
853;0
854;0
855;0
856;0
857;2
858;2
859;1
860;0
861;0
862;0
863;2
864;2
865;0
866;2
867;2
868;2
869;0
870;2
871;0
872;2
873;0
874;0
875;2
876;1
877;1
878;2
879;0
880;0
881;2
882;0
883;0
884;0
885;0
886;2
887;0
888;2
889;0
890;2
891;0
892;0
893;0
894;2
895;1
896;1
897;0
898;0
899;1
900;4
901;0
902;2
903;2
904;2
905;0
906;2
907;0
908;2
909;0
910;0
911;2
912;2
913;0
914;2
915;0
916;0
917;2
918;2
919;0
920;2
921;0
922;0
923;0
924;0
925;2
926;0
927;0
928;0
929;2
930;2
931;0
932;2
933;0
934;0
935;0
936;2
937;1
938;2
939;2
940;2
941;2
942;0
943;2
944;0
945;0
946;0
947;2
948;0
949;0
950;0
951;0
952;1
953;0
954;1
955;1
956;0
957;0
958;0
959;0
960;0
961;0
962;0
963;1
964;0
965;0
966;0
967;2
968;2
969;0
970;2
971;2
972;2
973;0
974;2
975;0
976;0
977;0
978;0
979;0
980;1
981;0
982;0
983;0
984;2
985;1
986;0
987;2
988;1
989;0
990;0
991;0
992;0
993;0
994;0
995;0
996;0
997;0
998;0
999;0
1000;0
1001;0
1002;0
1003;0
1004;0
1005;0
1006;2
1007;0
1008;1
1009;2
1010;0
1011;1
1012;0
1013;0
1014;0
1015;1
1016;0
1017;0
1018;0
1019;0
1020;0
1021;0
1022;0
1023;0
