0;1
1;0
2;0
3;2
4;2
5;0
6;2
7;2
8;2
9;0
10;2
11;0
12;2
13;1
14;0
15;0
16;0
17;1
18;0
19;0
20;2
21;0
22;0
23;2
24;0
25;0
26;1
27;1
28;1
29;0
30;2
31;0
32;1
33;0
34;1
35;0
36;0
37;0
38;0
39;0
40;1
41;0
42;0
43;0
44;0
45;1
46;0
47;2
48;1
49;0
50;0
51;0
52;0
53;0
54;0
55;0
56;1
57;0
58;0
59;0
60;0
61;0
62;0
63;2
64;1
65;2
66;2
67;2
68;1
69;0
70;2
71;0
72;2
73;0
74;0
75;2
76;2
77;0
78;0
79;2
80;2
81;0
82;0
83;2
84;0
85;0
86;0
87;0
88;2
89;0
90;0
91;1
92;0
93;0
94;1
95;0
96;0
97;0
98;2
99;0
100;0
101;0
102;0
103;1
104;0
105;0
106;0
107;0
108;1
109;0
110;0
111;0
112;0
113;0
114;0
115;2
116;1
117;0
118;2
119;2
120;2
121;0
122;2
123;0
124;2
125;0
126;0
127;0
128;2
129;0
130;1
131;0
132;1
133;0
134;0
135;2
136;1
137;0
138;2
139;2
140;2
141;0
142;0
143;0
144;1
145;1
146;0
147;0
148;0
149;0
150;0
151;0
152;0
153;2
154;0
155;2
156;1
157;1
158;0
159;0
160;0
161;0
162;2
163;0
164;0
165;0
166;1
167;1
168;0
169;2
170;2
171;0
172;1
173;0
174;2
175;2
176;1
177;0
178;0
179;2
180;2
181;0
182;2
183;2
184;0
185;2
186;2
187;0
188;0
189;0
190;0
191;0
192;0
193;0
194;2
195;1
196;0
197;0
198;0
199;2
200;2
201;0
202;0
203;0
204;0
205;0
206;0
207;2
208;0
209;0
210;0
211;0
212;2
213;0
214;2
215;2
216;2
217;0
218;2
219;0
220;0
221;0
222;0
223;0
224;0
225;0
226;1
227;1
228;0
229;0
230;2
231;2
232;0
233;0
234;0
235;0
236;0
237;0
238;1
239;1
240;0
241;0
242;0
243;0
244;0
245;0
246;0
247;0
248;0
249;2
250;0
251;0
252;0
253;2
254;2
255;2
256;2
257;1
258;1
259;0
260;0
261;0
262;2
263;2
264;0
265;0
266;0
267;2
268;4
269;0
270;2
271;2
272;2
273;0
274;2
275;0
276;1
277;0
278;0
279;0
280;0
281;2
282;0
283;2
284;0
285;0
286;0
287;2
288;2
289;2
290;2
291;2
292;0
293;0
294;0
295;0
296;0
297;0
298;0
299;0
300;1
301;0
302;1
303;0
304;0
305;0
306;1
307;1
308;0
309;1
310;0
311;0
312;2
313;0
314;0
315;2
316;0
317;0
318;0
319;0
320;0
321;0
322;0
323;2
324;1
325;0
326;0
327;0
328;1
329;0
330;0
331;0
332;1
333;0
334;0
335;2
336;0
337;0
338;1
339;2
340;0
341;2
342;2
343;1
344;0
345;0
346;0
347;2
348;2
349;0
350;2
351;2
352;2
353;0
354;2
355;2
356;0
357;2
358;0
359;0
360;2
361;0
362;1
363;0
364;0
365;0
366;0
367;0
368;1
369;0
370;0
371;0
372;1
373;0
374;0
375;1
376;0
377;0
378;1
379;2
380;2
381;1
382;0
383;0
384;2
385;1
386;0
387;0
388;1
389;0
390;1
391;0
392;0
393;2
394;1
395;0
396;2
397;2
398;2
399;2
400;0
401;0
402;1
403;1
404;0
405;0
406;2
407;2
408;0
409;0
410;0
411;2
412;2
413;0
414;2
415;2
416;2
417;0
418;2
419;0
420;2
421;2
422;1
423;0
424;1
425;0
426;1
427;0
428;0
429;0
430;0
431;2
432;2
433;0
434;2
435;2
436;1
437;0
438;0
439;0
440;0
441;0
442;0
443;1
444;0
445;0
446;1
447;0
448;0
449;0
450;0
451;0
452;0
453;0
454;0
455;0
456;2
457;0
458;1
459;2
460;2
461;2
462;0
463;0
464;2
465;1
466;0
467;0
468;0
469;0
470;0
471;2
472;0
473;0
474;0
475;2
476;0
477;0
478;0
479;2
480;2
481;0
482;0
483;0
484;0
485;0
486;1
487;0
488;1
489;0
490;0
491;0
492;0
493;0
494;2
495;2
496;1
497;0
498;0
499;2
500;4
501;2
502;1
503;2
504;2
505;0
506;2
507;0
508;2
509;1
510;0
511;0
512;2
513;2
514;0
515;0
516;2
517;0
518;0
519;2
520;1
521;0
522;0
523;2
524;0
525;2
526;0
527;0
528;2
529;2
530;1
531;0
532;2
533;0
534;1
535;2
536;0
537;1
538;2
539;0
540;0
541;0
542;2
543;2
544;0
545;0
546;2
547;1
548;0
549;0
550;0
551;2
552;2
553;0
554;2
555;0
556;2
557;0
558;2
559;2
560;1
561;0
562;2
563;2
564;2
565;1
566;0
567;0
568;0
569;1
570;1
571;0
572;0
573;2
574;0
575;0
576;0
577;0
578;0
579;0
580;1
581;0
582;0
583;0
584;0
585;0
586;2
587;1
588;1
589;0
590;0
591;2
592;4
593;0
594;2
595;1
596;0
597;0
598;0
599;0
600;1
601;0
602;0
603;2
604;1
605;0
606;0
607;2
608;2
609;0
610;2
611;0
612;2
613;0
614;0
615;0
616;1
617;0
618;2
619;0
620;2
621;0
622;0
623;0
624;0
625;0
626;0
627;0
628;1
629;0
630;0
631;0
632;1
633;0
634;2
635;1
636;0
637;0
638;1
639;0
640;1
641;0
642;0
643;0
644;2
645;0
646;0
647;1
648;0
649;2
650;1
651;0
652;1
653;0
654;0
655;0
656;1
657;0
658;0
659;0
660;0
661;0
662;2
663;2
664;1
665;0
666;0
667;2
668;2
669;0
670;2
671;0
672;0
673;0
674;2
675;0
676;1
677;0
678;0
679;0
680;1
681;0
682;0
683;0
684;1
685;0
686;0
687;1
688;0
689;0
690;2
691;0
692;0
693;1
694;0
695;0
696;0
697;1
698;0
699;0
700;2
701;0
702;0
703;0
704;0
705;0
706;1
707;0
708;0
709;0
710;1
711;0
712;0
713;0
714;0
715;0
716;2
717;0
718;0
719;0
720;0
721;0
722;0
723;0
724;0
725;0
726;0
727;1
728;0
729;1
730;0
731;0
732;1
733;0
734;2
735;2
736;2
737;0
738;2
739;0
740;1
741;0
742;0
743;0
744;1
745;1
746;0
747;2
748;0
749;0
750;0
751;0
752;1
753;1
754;1
755;0
756;0
757;1
758;1
759;0
760;0
761;2
762;1
763;2
764;2
765;0
766;0
767;0
768;2
769;0
770;0
771;1
772;0
773;2
774;2
775;0
776;0
777;0
778;1
779;0
780;0
781;0
782;0
783;2
784;2
785;0
786;1
787;0
788;2
789;0
790;2
791;0
792;0
793;1
794;0
795;0
796;0
797;1
798;0
799;1
800;0
801;0
802;2
803;0
804;0
805;0
806;0
807;0
808;0
809;0
810;0
811;0
812;0
813;0
814;2
815;1
816;0
817;0
818;0
819;2
820;1
821;0
822;0
823;0
824;0
825;0
826;2
827;2
828;0
829;0
830;0
831;0
832;1
833;1
834;1
835;1
836;0
837;0
838;0
839;0
840;0
841;0
842;0
843;2
844;1
845;0
846;0
847;0
848;2
849;0
850;0
851;0
852;1
853;0
854;2
855;2
856;2
857;0
858;0
859;2
860;4
861;0
862;1
863;0
864;2
865;0
866;2
867;0
868;1
869;1
870;0
871;0
872;2
873;1
874;0
875;0
876;0
877;0
878;0
879;0
880;0
881;2
882;2
883;2
884;0
885;0
886;0
887;0
888;0
889;0
890;0
891;1
892;0
893;2
894;0
895;0
896;0
897;0
898;0
899;2
900;0
901;1
902;2
903;0
904;0
905;2
906;0
907;0
908;2
909;0
910;1
911;0
912;2
913;0
914;0
915;0
916;0
917;0
918;2
919;2
920;1
921;0
922;0
923;2
924;2
925;0
926;2
927;2
928;2
929;0
930;0
931;0
932;0
933;0
934;0
935;2
936;4
937;0
938;2
939;2
940;0
941;0
942;1
943;0
944;2
945;0
946;0
947;0
948;1
949;2
950;0
951;0
952;0
953;2
954;2
955;0
956;2
957;0
958;0
959;0
960;0
961;0
962;0
963;2
964;2
965;2
966;2
967;0
968;1
969;0
970;0
971;2
972;0
973;0
974;0
975;0
976;0
977;2
978;2
979;0
980;0
981;0
982;0
983;0
984;0
985;0
986;2
987;2
988;1
989;0
990;0
991;2
992;4
993;0
994;2
995;1
996;2
997;0
998;0
999;0
1000;1
1001;0
1002;2
1003;2
1004;1
1005;1
1006;0
1007;0
1008;0
1009;2
1010;1
1011;0
1012;1
1013;0
1014;1
1015;0
1016;0
1017;0
1018;0
1019;0
1020;0
1021;0
1022;0
1023;0
