0;1
1;0
2;0
3;2
4;2
5;0
6;0
7;2
8;2
9;0
10;2
11;0
12;2
13;0
14;0
15;0
16;1
17;2
18;0
19;2
20;2
21;2
22;2
23;2
24;1
25;1
26;2
27;2
28;2
29;2
30;0
31;2
32;0
33;0
34;0
35;0
36;0
37;0
38;2
39;2
40;1
41;0
42;0
43;2
44;4
45;0
46;2
47;2
48;4
49;0
50;2
51;0
52;2
53;0
54;0
55;0
56;2
57;1
58;2
59;0
60;0
61;0
62;0
63;0
64;0
65;0
66;2
67;2
68;1
69;0
70;0
71;2
72;0
73;0
74;2
75;1
76;2
77;0
78;2
79;0
80;1
81;1
82;0
83;0
84;1
85;0
86;0
87;0
88;0
89;0
90;2
91;0
92;0
93;0
94;0
95;0
96;2
97;2
98;1
99;0
100;1
101;0
102;0
103;2
104;4
105;0
106;0
107;2
108;2
109;0
110;2
111;0
112;1
113;0
114;0
115;0
116;0
117;0
118;0
119;0
120;1
121;0
122;2
123;1
124;1
125;2
126;0
127;0
128;2
129;2
130;2
131;2
132;2
133;0
134;2
135;0
136;2
137;0
138;2
139;0
140;0
141;0
142;0
143;0
144;0
145;0
146;0
147;0
148;0
149;2
150;0
151;0
152;0
153;0
154;0
155;0
156;0
157;0
158;2
159;1
160;0
161;0
162;0
163;2
164;1
165;0
166;0
167;0
168;2
169;0
170;2
171;0
172;2
173;0
174;0
175;0
176;0
177;2
178;1
179;2
180;1
181;0
182;0
183;0
184;0
185;0
186;0
187;0
188;0
189;0
190;2
191;0
192;1
193;0
194;0
195;0
196;0
197;0
198;2
199;0
200;0
201;0
202;0
203;0
204;0
205;0
206;0
207;0
208;0
209;0
210;0
211;0
212;2
213;0
214;0
215;0
216;2
217;1
218;0
219;0
220;0
221;0
222;2
223;1
224;1
225;0
226;1
227;0
228;1
229;0
230;0
231;2
232;4
233;0
234;2
235;0
236;0
237;0
238;2
239;0
240;2
241;0
242;2
243;0
244;0
245;0
246;0
247;0
248;0
249;0
250;0
251;0
252;0
253;0
254;0
255;2
256;1
257;0
258;0
259;0
260;0
261;2
262;2
263;1
264;0
265;0
266;0
267;0
268;0
269;0
270;0
271;0
272;0
273;0
274;2
275;0
276;2
277;2
278;0
279;2
280;0
281;0
282;2
283;2
284;2
285;0
286;0
287;0
288;1
289;0
290;2
291;0
292;0
293;0
294;0
295;0
296;1
297;0
298;0
299;2
300;1
301;0
302;0
303;0
304;0
305;1
306;0
307;0
308;2
309;0
310;0
311;0
312;0
313;0
314;2
315;0
316;0
317;0
318;1
319;2
320;2
321;0
322;2
323;0
324;0
325;0
326;0
327;0
328;0
329;0
330;0
331;0
332;2
333;0
334;0
335;0
336;0
337;0
338;0
339;0
340;0
341;0
342;1
343;0
344;1
345;0
346;0
347;2
348;4
349;2
350;2
351;1
352;0
353;0
354;2
355;0
356;1
357;0
358;0
359;1
360;0
361;0
362;0
363;0
364;1
365;0
366;0
367;1
368;2
369;0
370;0
371;0
372;2
373;0
374;2
375;0
376;0
377;0
378;0
379;0
380;2
381;0
382;2
383;0
384;1
385;0
386;0
387;2
388;0
389;0
390;0
391;0
392;2
393;0
394;2
395;0
396;0
397;0
398;0
399;0
400;2
401;0
402;0
403;0
404;1
405;0
406;2
407;2
408;1
409;0
410;0
411;0
412;1
413;0
414;2
415;2
416;1
417;0
418;0
419;2
420;4
421;0
422;0
423;2
424;2
425;0
426;2
427;0
428;2
429;0
430;0
431;0
432;4
433;0
434;2
435;0
436;0
437;2
438;2
439;2
440;2
441;1
442;0
443;0
444;0
445;0
446;0
447;0
448;0
449;2
450;2
451;2
452;2
453;0
454;2
455;0
456;0
457;0
458;2
459;2
460;1
461;0
462;0
463;0
464;2
465;0
466;2
467;2
468;2
469;0
470;0
471;2
472;1
473;2
474;0
475;2
476;2
477;2
478;2
479;0
480;2
481;0
482;2
483;0
484;2
485;0
486;0
487;0
488;1
489;0
490;0
491;0
492;0
493;0
494;2
495;1
496;0
497;0
498;0
499;0
500;2
501;2
502;0
503;2
504;2
505;0
506;0
507;0
508;0
509;0
510;1
511;0
512;0
513;0
514;0
515;0
516;0
517;2
518;1
519;0
520;2
521;0
522;2
523;0
524;0
525;0
526;2
527;1
528;0
529;0
530;0
531;1
532;4
533;0
534;0
535;2
536;2
537;0
538;2
539;0
540;2
541;1
542;2
543;0
544;0
545;0
546;2
547;0
548;0
549;0
550;0
551;0
552;0
553;0
554;0
555;0
556;0
557;0
558;2
559;0
560;0
561;0
562;0
563;0
564;0
565;2
566;2
567;0
568;0
569;0
570;0
571;1
572;0
573;0
574;0
575;0
576;0
577;2
578;2
579;1
580;0
581;0
582;0
583;1
584;0
585;0
586;0
587;2
588;1
589;0
590;0
591;0
592;0
593;0
594;2
595;0
596;0
597;0
598;2
599;2
600;0
601;0
602;0
603;0
604;2
605;0
606;2
607;1
608;0
609;0
610;2
611;2
612;2
613;0
614;0
615;0
616;2
617;2
618;0
619;0
620;2
621;1
622;0
623;0
624;1
625;0
626;2
627;0
628;0
629;0
630;0
631;1
632;1
633;0
634;0
635;0
636;0
637;0
638;0
639;0
640;0
641;0
642;2
643;0
644;0
645;1
646;0
647;2
648;0
649;0
650;2
651;0
652;0
653;0
654;0
655;0
656;2
657;0
658;0
659;2
660;0
661;0
662;0
663;0
664;0
665;1
666;2
667;0
668;2
669;1
670;2
671;0
672;1
673;0
674;0
675;2
676;2
677;0
678;1
679;0
680;2
681;0
682;1
683;0
684;0
685;1
686;1
687;0
688;0
689;2
690;2
691;2
692;1
693;0
694;1
695;0
696;2
697;0
698;0
699;2
700;4
701;0
702;2
703;2
704;2
705;0
706;0
707;0
708;1
709;2
710;0
711;0
712;2
713;0
714;2
715;1
716;0
717;0
718;0
719;0
720;2
721;0
722;2
723;2
724;0
725;0
726;0
727;0
728;2
729;0
730;0
731;0
732;2
733;1
734;2
735;0
736;0
737;1
738;0
739;0
740;2
741;0
742;2
743;0
744;0
745;0
746;0
747;0
748;1
749;0
750;2
751;0
752;1
753;0
754;2
755;2
756;2
757;0
758;1
759;0
760;0
761;0
762;2
763;0
764;0
765;0
766;0
767;2
768;0
769;0
770;2
771;0
772;0
773;2
774;1
775;0
776;2
777;0
778;0
779;0
780;1
781;0
782;0
783;0
784;1
785;0
786;0
787;0
788;0
789;0
790;0
791;0
792;0
793;0
794;0
795;0
796;0
797;0
798;2
799;1
800;0
801;0
802;0
803;2
804;4
805;2
806;2
807;2
808;2
809;0
810;2
811;0
812;2
813;1
814;0
815;0
816;0
817;0
818;0
819;2
820;1
821;0
822;1
823;0
824;0
825;0
826;0
827;0
828;1
829;0
830;0
831;1
832;0
833;0
834;0
835;0
836;0
837;0
838;0
839;0
840;0
841;0
842;2
843;1
844;0
845;0
846;1
847;2
848;1
849;0
850;0
851;2
852;2
853;0
854;0
855;1
856;0
857;0
858;2
859;2
860;2
861;2
862;1
863;0
864;2
865;0
866;0
867;0
868;2
869;1
870;1
871;0
872;0
873;2
874;1
875;0
876;2
877;0
878;1
879;0
880;0
881;0
882;0
883;0
884;1
885;0
886;0
887;0
888;0
889;2
890;0
891;0
892;0
893;2
894;0
895;1
896;0
897;0
898;0
899;0
900;0
901;0
902;1
903;0
904;2
905;0
906;2
907;0
908;0
909;0
910;2
911;0
912;0
913;0
914;0
915;0
916;0
917;1
918;0
919;1
920;1
921;2
922;2
923;2
924;0
925;1
926;0
927;2
928;1
929;0
930;2
931;0
932;2
933;0
934;2
935;2
936;0
937;0
938;2
939;2
940;1
941;0
942;0
943;2
944;1
945;0
946;2
947;1
948;2
949;2
950;2
951;0
952;1
953;0
954;0
955;0
956;0
957;2
958;1
959;0
960;2
961;0
962;0
963;0
964;0
965;0
966;0
967;0
968;0
969;0
970;0
971;0
972;2
973;0
974;0
975;0
976;0
977;1
978;0
979;0
980;2
981;2
982;2
983;2
984;2
985;0
986;0
987;1
988;0
989;1
990;0
991;0
992;0
993;0
994;0
995;2
996;0
997;0
998;2
999;2
1000;1
1001;1
1002;0
1003;2
1004;2
1005;0
1006;2
1007;0
1008;2
1009;0
1010;2
1011;0
1012;1
1013;0
1014;0
1015;1
1016;0
1017;0
1018;0
1019;0
1020;0
1021;0
1022;0
1023;0
