0;1
1;0
2;0
3;0
4;4
5;0
6;2
7;2
8;0
9;0
10;2
11;0
12;2
13;0
14;0
15;0
16;1
17;2
18;2
19;2
20;2
21;2
22;2
23;2
24;1
25;0
26;1
27;2
28;2
29;0
30;0
31;2
32;0
33;0
34;0
35;0
36;0
37;0
38;0
39;1
40;0
41;0
42;0
43;0
44;2
45;0
46;2
47;1
48;0
49;0
50;0
51;0
52;0
53;0
54;0
55;0
56;0
57;1
58;0
59;2
60;1
61;0
62;0
63;0
64;0
65;0
66;2
67;1
68;0
69;0
70;2
71;2
72;1
73;0
74;0
75;0
76;0
77;0
78;0
79;0
80;2
81;0
82;0
83;1
84;0
85;0
86;2
87;1
88;0
89;0
90;0
91;2
92;2
93;0
94;2
95;1
96;2
97;0
98;2
99;0
100;2
101;0
102;0
103;0
104;2
105;0
106;0
107;1
108;0
109;0
110;0
111;0
112;0
113;0
114;1
115;0
116;0
117;0
118;0
119;0
120;0
121;2
122;0
123;0
124;0
125;0
126;0
127;1
128;0
129;0
130;0
131;1
132;2
133;0
134;1
135;0
136;1
137;0
138;0
139;0
140;2
141;0
142;2
143;0
144;2
145;0
146;1
147;0
148;0
149;2
150;2
151;0
152;1
153;0
154;2
155;0
156;0
157;0
158;0
159;1
160;0
161;0
162;0
163;0
164;0
165;0
166;0
167;0
168;0
169;0
170;0
171;1
172;0
173;0
174;0
175;2
176;0
177;0
178;0
179;0
180;0
181;0
182;0
183;0
184;2
185;0
186;0
187;0
188;0
189;0
190;0
191;1
192;0
193;0
194;0
195;0
196;0
197;2
198;2
199;0
200;2
201;0
202;0
203;0
204;0
205;0
206;2
207;2
208;1
209;0
210;0
211;2
212;4
213;0
214;0
215;2
216;2
217;0
218;2
219;0
220;1
221;0
222;0
223;0
224;0
225;0
226;0
227;2
228;1
229;0
230;0
231;0
232;0
233;0
234;1
235;0
236;0
237;0
238;0
239;0
240;0
241;0
242;0
243;0
244;0
245;2
246;2
247;2
248;2
249;2
250;2
251;4
252;0
253;0
254;0
255;2
256;1
257;0
258;2
259;2
260;1
261;0
262;0
263;2
264;2
265;0
266;2
267;2
268;2
269;0
270;0
271;2
272;1
273;0
274;0
275;1
276;1
277;0
278;2
279;1
280;0
281;0
282;0
283;0
284;2
285;0
286;1
287;0
288;1
289;0
290;0
291;2
292;0
293;1
294;0
295;0
296;1
297;0
298;0
299;0
300;2
301;0
302;0
303;1
304;0
305;0
306;0
307;0
308;2
309;0
310;0
311;2
312;2
313;0
314;0
315;0
316;0
317;0
318;0
319;0
320;2
321;0
322;2
323;0
324;0
325;0
326;0
327;0
328;0
329;1
330;1
331;0
332;0
333;0
334;0
335;0
336;0
337;2
338;2
339;1
340;0
341;0
342;0
343;2
344;1
345;2
346;2
347;0
348;2
349;0
350;2
351;0
352;2
353;0
354;2
355;1
356;0
357;1
358;0
359;0
360;0
361;0
362;0
363;1
364;2
365;2
366;0
367;1
368;0
369;0
370;0
371;2
372;2
373;0
374;0
375;1
376;0
377;0
378;0
379;1
380;0
381;0
382;1
383;0
384;0
385;0
386;0
387;0
388;1
389;2
390;1
391;0
392;0
393;0
394;0
395;0
396;2
397;1
398;0
399;0
400;0
401;0
402;0
403;0
404;0
405;0
406;2
407;1
408;0
409;0
410;2
411;0
412;2
413;1
414;0
415;0
416;0
417;2
418;0
419;0
420;0
421;0
422;2
423;2
424;0
425;0
426;0
427;1
428;0
429;1
430;0
431;1
432;0
433;0
434;0
435;1
436;0
437;0
438;2
439;2
440;2
441;2
442;2
443;2
444;2
445;0
446;2
447;2
448;2
449;0
450;0
451;0
452;1
453;1
454;0
455;0
456;0
457;0
458;0
459;2
460;1
461;0
462;0
463;0
464;2
465;0
466;0
467;2
468;2
469;0
470;0
471;0
472;0
473;0
474;0
475;1
476;0
477;0
478;0
479;0
480;2
481;0
482;0
483;2
484;1
485;0
486;0
487;0
488;0
489;0
490;0
491;0
492;2
493;2
494;2
495;2
496;2
497;0
498;0
499;1
500;0
501;2
502;0
503;0
504;0
505;0
506;2
507;2
508;1
509;0
510;0
511;2
512;4
513;0
514;2
515;1
516;2
517;0
518;2
519;0
520;2
521;0
522;2
523;0
524;2
525;0
526;0
527;2
528;2
529;2
530;0
531;0
532;0
533;0
534;0
535;1
536;0
537;0
538;0
539;0
540;0
541;0
542;2
543;2
544;0
545;0
546;0
547;0
548;0
549;2
550;2
551;1
552;0
553;0
554;0
555;2
556;1
557;0
558;2
559;0
560;1
561;0
562;2
563;0
564;2
565;2
566;0
567;0
568;2
569;2
570;2
571;0
572;2
573;0
574;2
575;0
576;0
577;2
578;0
579;1
580;1
581;0
582;0
583;0
584;0
585;0
586;0
587;0
588;1
589;0
590;2
591;0
592;0
593;1
594;0
595;1
596;0
597;0
598;0
599;0
600;0
601;0
602;0
603;0
604;2
605;0
606;0
607;2
608;0
609;0
610;0
611;0
612;0
613;0
614;0
615;2
616;0
617;2
618;2
619;0
620;1
621;0
622;0
623;2
624;2
625;0
626;0
627;2
628;2
629;0
630;1
631;0
632;0
633;2
634;0
635;0
636;2
637;0
638;2
639;0
640;0
641;0
642;0
643;0
644;2
645;0
646;0
647;1
648;0
649;0
650;0
651;1
652;2
653;2
654;2
655;1
656;0
657;0
658;0
659;0
660;2
661;0
662;0
663;0
664;0
665;0
666;0
667;0
668;0
669;2
670;0
671;0
672;2
673;1
674;0
675;1
676;0
677;0
678;0
679;0
680;0
681;0
682;0
683;0
684;1
685;1
686;0
687;0
688;0
689;2
690;1
691;0
692;0
693;2
694;0
695;0
696;1
697;0
698;1
699;0
700;1
701;0
702;1
703;0
704;0
705;0
706;0
707;2
708;2
709;0
710;2
711;2
712;2
713;0
714;2
715;2
716;1
717;0
718;0
719;0
720;0
721;0
722;0
723;0
724;0
725;0
726;2
727;2
728;0
729;1
730;0
731;0
732;0
733;0
734;0
735;2
736;0
737;1
738;0
739;0
740;0
741;0
742;0
743;0
744;1
745;0
746;0
747;0
748;0
749;0
750;0
751;0
752;0
753;0
754;0
755;1
756;0
757;0
758;2
759;2
760;1
761;0
762;0
763;0
764;0
765;0
766;0
767;0
768;2
769;1
770;1
771;0
772;0
773;1
774;2
775;0
776;2
777;0
778;0
779;1
780;0
781;0
782;0
783;0
784;0
785;0
786;0
787;0
788;2
789;0
790;0
791;0
792;0
793;2
794;2
795;2
796;1
797;0
798;0
799;0
800;0
801;0
802;2
803;2
804;2
805;0
806;0
807;1
808;0
809;0
810;0
811;1
812;0
813;0
814;0
815;1
816;0
817;1
818;0
819;1
820;2
821;2
822;2
823;1
824;0
825;2
826;2
827;1
828;0
829;0
830;2
831;0
832;2
833;0
834;0
835;2
836;2
837;0
838;2
839;0
840;0
841;0
842;0
843;1
844;0
845;2
846;1
847;0
848;1
849;0
850;1
851;0
852;1
853;0
854;0
855;2
856;4
857;0
858;2
859;2
860;2
861;0
862;2
863;0
864;2
865;0
866;0
867;0
868;0
869;0
870;0
871;0
872;1
873;0
874;0
875;0
876;1
877;0
878;0
879;0
880;1
881;0
882;1
883;0
884;1
885;0
886;0
887;0
888;1
889;0
890;1
891;0
892;0
893;2
894;0
895;0
896;0
897;0
898;1
899;2
900;0
901;0
902;2
903;2
904;0
905;2
906;0
907;0
908;2
909;0
910;2
911;1
912;0
913;0
914;0
915;0
916;0
917;0
918;1
919;0
920;2
921;1
922;1
923;0
924;1
925;1
926;1
927;0
928;0
929;0
930;1
931;0
932;1
933;0
934;0
935;0
936;0
937;2
938;0
939;0
940;2
941;2
942;0
943;0
944;1
945;1
946;0
947;0
948;2
949;2
950;2
951;0
952;0
953;2
954;0
955;0
956;0
957;0
958;0
959;0
960;2
961;0
962;2
963;0
964;1
965;0
966;0
967;2
968;0
969;0
970;0
971;0
972;0
973;0
974;0
975;0
976;0
977;0
978;0
979;0
980;0
981;1
982;0
983;0
984;2
985;0
986;0
987;0
988;2
989;1
990;0
991;0
992;2
993;0
994;0
995;1
996;0
997;0
998;1
999;0
1000;0
1001;0
1002;2
1003;2
1004;1
1005;0
1006;0
1007;2
1008;2
1009;0
1010;2
1011;2
1012;0
1013;0
1014;1
1015;0
1016;0
1017;0
1018;0
1019;0
1020;0
1021;0
1022;0
1023;0
