0;0
1;0
2;0
3;0
4;2
5;0
6;2
7;2
8;1
9;0
10;2
11;2
12;2
13;0
14;0
15;1
16;0
17;1
18;0
19;0
20;0
21;0
22;1
23;0
24;1
25;2
26;0
27;0
28;2
29;0
30;0
31;0
32;0
33;0
34;0
35;0
36;0
37;0
38;0
39;0
40;0
41;0
42;0
43;2
44;0
45;0
46;0
47;0
48;0
49;0
50;1
51;2
52;0
53;2
54;0
55;0
56;0
57;2
58;0
59;0
60;0
61;0
62;0
63;1
64;2
65;0
66;0
67;0
68;2
69;0
70;2
71;0
72;2
73;2
74;0
75;0
76;1
77;0
78;0
79;0
80;2
81;0
82;0
83;0
84;0
85;0
86;0
87;1
88;0
89;0
90;2
91;0
92;1
93;0
94;0
95;2
96;0
97;2
98;1
99;1
100;1
101;0
102;0
103;0
104;1
105;0
106;0
107;0
108;2
109;0
110;0
111;1
112;0
113;0
114;0
115;0
116;0
117;1
118;0
119;0
120;0
121;0
122;0
123;0
124;0
125;0
126;0
127;1
128;0
129;0
130;0
131;0
132;0
133;0
134;0
135;0
136;0
137;0
138;0
139;0
140;1
141;0
142;0
143;0
144;1
145;1
146;0
147;0
148;1
149;1
150;1
151;0
152;0
153;0
154;1
155;1
156;0
157;0
158;0
159;0
160;0
161;0
162;2
163;2
164;1
165;0
166;0
167;0
168;1
169;1
170;0
171;0
172;0
173;0
174;2
175;1
176;1
177;0
178;0
179;2
180;2
181;0
182;0
183;0
184;0
185;0
186;0
187;0
188;0
189;0
190;0
191;2
192;2
193;0
194;0
195;0
196;2
197;0
198;1
199;0
200;0
201;0
202;0
203;1
204;1
205;0
206;1
207;0
208;1
209;0
210;2
211;2
212;1
213;0
214;0
215;1
216;0
217;0
218;0
219;2
220;0
221;0
222;2
223;2
224;1
225;0
226;1
227;0
228;0
229;0
230;0
231;0
232;0
233;1
234;0
235;0
236;0
237;1
238;1
239;1
240;1
241;0
242;0
243;0
244;0
245;0
246;0
247;0
248;2
249;0
250;0
251;0
252;0
253;0
254;0
255;1
256;0
257;0
258;0
259;2
260;1
261;0
262;0
263;0
264;2
265;2
266;2
267;0
268;0
269;0
270;0
271;0
272;2
273;0
274;0
275;0
276;0
277;0
278;1
279;0
280;1
281;1
282;0
283;1
284;0
285;0
286;2
287;0
288;0
289;0
290;0
291;0
292;0
293;0
294;0
295;1
296;0
297;0
298;1
299;0
300;0
301;1
302;0
303;0
304;0
305;0
306;0
307;2
308;1
309;0
310;0
311;2
312;2
313;0
314;2
315;2
316;2
317;0
318;0
319;0
320;1
321;0
322;2
323;2
324;0
325;0
326;0
327;1
328;0
329;0
330;0
331;1
332;0
333;0
334;2
335;0
336;1
337;0
338;0
339;0
340;0
341;2
342;0
343;2
344;2
345;0
346;1
347;0
348;0
349;1
350;0
351;0
352;2
353;0
354;1
355;0
356;0
357;0
358;0
359;0
360;0
361;0
362;0
363;2
364;0
365;1
366;2
367;2
368;0
369;0
370;0
371;0
372;0
373;0
374;2
375;1
376;2
377;1
378;0
379;2
380;1
381;2
382;1
383;2
384;2
385;1
386;0
387;2
388;0
389;0
390;0
391;0
392;0
393;1
394;2
395;0
396;2
397;0
398;0
399;0
400;2
401;0
402;2
403;0
404;0
405;0
406;0
407;0
408;2
409;0
410;0
411;2
412;0
413;0
414;0
415;0
416;0
417;0
418;1
419;0
420;1
421;2
422;0
423;0
424;2
425;0
426;0
427;0
428;1
429;0
430;0
431;0
432;0
433;0
434;0
435;0
436;0
437;2
438;0
439;0
440;0
441;0
442;0
443;2
444;1
445;1
446;0
447;0
448;1
449;0
450;0
451;0
452;2
453;0
454;0
455;2
456;0
457;0
458;0
459;1
460;0
461;0
462;0
463;0
464;1
465;0
466;0
467;0
468;0
469;0
470;2
471;0
472;2
473;2
474;2
475;1
476;0
477;0
478;0
479;0
480;0
481;0
482;2
483;1
484;2
485;0
486;0
487;2
488;1
489;0
490;1
491;0
492;0
493;0
494;0
495;0
496;0
497;1
498;0
499;2
500;2
501;0
502;1
503;0
504;2
505;2
506;0
507;0
508;2
509;0
510;0
511;0
512;1
513;0
514;0
515;2
516;0
517;1
518;0
519;0
520;0
521;2
522;0
523;0
524;0
525;0
526;0
527;2
528;1
529;1
530;0
531;0
532;1
533;0
534;0
535;0
536;2
537;0
538;0
539;0
540;0
541;0
542;0
543;0
544;0
545;2
546;2
547;0
548;1
549;0
550;2
551;2
552;1
553;0
554;0
555;0
556;1
557;0
558;0
559;0
560;1
561;0
562;0
563;0
564;1
565;1
566;0
567;0
568;0
569;0
570;2
571;2
572;0
573;0
574;2
575;1
576;0
577;1
578;0
579;0
580;0
581;2
582;1
583;0
584;2
585;0
586;2
587;0
588;0
589;0
590;2
591;0
592;0
593;0
594;0
595;0
596;0
597;0
598;0
599;0
600;1
601;0
602;0
603;0
604;1
605;0
606;0
607;1
608;0
609;0
610;2
611;0
612;2
613;0
614;2
615;2
616;2
617;0
618;1
619;2
620;2
621;0
622;0
623;2
624;2
625;0
626;2
627;0
628;0
629;0
630;0
631;0
632;0
633;0
634;0
635;0
636;1
637;0
638;1
639;0
640;2
641;0
642;0
643;0
644;0
645;0
646;0
647;0
648;0
649;0
650;0
651;0
652;0
653;1
654;0
655;0
656;0
657;0
658;1
659;0
660;0
661;0
662;0
663;0
664;0
665;0
666;0
667;0
668;2
669;2
670;1
671;0
672;1
673;0
674;2
675;0
676;0
677;0
678;0
679;0
680;0
681;0
682;0
683;2
684;0
685;0
686;2
687;0
688;0
689;2
690;0
691;2
692;0
693;0
694;0
695;0
696;0
697;1
698;0
699;0
700;1
701;0
702;0
703;0
704;2
705;0
706;2
707;0
708;0
709;2
710;2
711;1
712;1
713;0
714;2
715;2
716;2
717;0
718;0
719;0
720;0
721;0
722;0
723;0
724;0
725;0
726;0
727;0
728;1
729;0
730;0
731;0
732;2
733;0
734;2
735;2
736;2
737;0
738;0
739;0
740;0
741;0
742;1
743;1
744;0
745;0
746;0
747;0
748;4
749;2
750;1
751;2
752;0
753;2
754;2
755;2
756;2
757;0
758;0
759;0
760;0
761;1
762;0
763;0
764;0
765;0
766;2
767;2
768;0
769;0
770;0
771;0
772;0
773;0
774;0
775;1
776;2
777;0
778;0
779;2
780;2
781;0
782;0
783;2
784;0
785;2
786;0
787;0
788;0
789;0
790;2
791;1
792;0
793;0
794;0
795;2
796;2
797;0
798;2
799;2
800;2
801;0
802;0
803;0
804;2
805;0
806;2
807;2
808;0
809;0
810;0
811;0
812;2
813;0
814;0
815;0
816;0
817;1
818;0
819;0
820;0
821;0
822;0
823;1
824;2
825;1
826;0
827;0
828;0
829;0
830;0
831;0
832;2
833;0
834;0
835;0
836;0
837;2
838;2
839;0
840;0
841;0
842;0
843;0
844;0
845;0
846;0
847;0
848;2
849;0
850;0
851;2
852;1
853;0
854;0
855;0
856;0
857;0
858;0
859;1
860;0
861;0
862;0
863;0
864;0
865;0
866;0
867;0
868;0
869;2
870;0
871;0
872;0
873;1
874;1
875;0
876;0
877;2
878;2
879;0
880;2
881;2
882;2
883;2
884;2
885;0
886;2
887;0
888;2
889;1
890;0
891;0
892;0
893;0
894;0
895;0
896;0
897;0
898;1
899;0
900;0
901;1
902;0
903;0
904;0
905;0
906;0
907;2
908;0
909;1
910;0
911;0
912;0
913;2
914;0
915;0
916;2
917;0
918;0
919;0
920;1
921;0
922;0
923;0
924;0
925;0
926;0
927;0
928;0
929;0
930;1
931;0
932;0
933;0
934;0
935;0
936;0
937;0
938;0
939;1
940;0
941;0
942;0
943;0
944;2
945;0
946;2
947;2
948;2
949;0
950;2
951;0
952;0
953;0
954;2
955;0
956;0
957;2
958;1
959;0
960;1
961;1
962;0
963;0
964;0
965;0
966;2
967;1
968;0
969;2
970;2
971;2
972;2
973;2
974;2
975;2
976;1
977;0
978;0
979;0
980;0
981;0
982;2
983;0
984;2
985;1
986;0
987;2
988;1
989;0
990;0
991;2
992;1
993;1
994;0
995;0
996;0
997;2
998;0
999;2
1000;0
1001;0
1002;0
1003;1
1004;0
1005;0
1006;0
1007;0
1008;0
1009;2
1010;2
1011;0
1012;0
1013;0
1014;0
1015;0
1016;0
1017;0
1018;0
1019;0
1020;0
1021;0
1022;0
1023;0
