0;0
1;0
2;0
3;0
4;4
5;0
6;1
7;0
8;2
9;0
10;1
11;0
12;2
13;1
14;0
15;0
16;0
17;0
18;0
19;1
20;0
21;0
22;0
23;2
24;0
25;2
26;1
27;1
28;2
29;0
30;0
31;0
32;1
33;0
34;0
35;0
36;1
37;0
38;1
39;0
40;1
41;0
42;0
43;0
44;0
45;0
46;2
47;2
48;2
49;0
50;0
51;2
52;2
53;0
54;0
55;2
56;0
57;0
58;2
59;0
60;0
61;1
62;0
63;0
64;0
65;0
66;0
67;0
68;0
69;0
70;0
71;2
72;2
73;2
74;0
75;0
76;2
77;1
78;0
79;0
80;0
81;0
82;0
83;2
84;0
85;0
86;0
87;2
88;2
89;1
90;0
91;1
92;0
93;0
94;0
95;1
96;2
97;0
98;0
99;1
100;0
101;0
102;0
103;2
104;0
105;0
106;0
107;0
108;1
109;0
110;1
111;0
112;0
113;0
114;0
115;0
116;0
117;0
118;0
119;0
120;0
121;0
122;0
123;0
124;1
125;0
126;0
127;0
128;0
129;0
130;0
131;0
132;1
133;2
134;1
135;0
136;0
137;0
138;0
139;0
140;0
141;0
142;0
143;0
144;0
145;0
146;0
147;2
148;0
149;0
150;2
151;2
152;2
153;0
154;0
155;0
156;0
157;1
158;0
159;0
160;0
161;1
162;0
163;1
164;1
165;0
166;2
167;1
168;0
169;0
170;0
171;0
172;0
173;2
174;2
175;0
176;1
177;0
178;2
179;0
180;1
181;0
182;2
183;0
184;0
185;0
186;0
187;2
188;2
189;0
190;2
191;2
192;2
193;0
194;2
195;0
196;0
197;2
198;0
199;2
200;0
201;0
202;0
203;0
204;0
205;2
206;0
207;0
208;2
209;0
210;0
211;0
212;0
213;2
214;0
215;2
216;1
217;0
218;2
219;1
220;2
221;0
222;1
223;0
224;2
225;0
226;0
227;0
228;0
229;0
230;0
231;0
232;0
233;0
234;0
235;0
236;0
237;2
238;0
239;0
240;0
241;1
242;0
243;0
244;2
245;0
246;0
247;0
248;1
249;0
250;1
251;0
252;0
253;0
254;2
255;2
256;1
257;0
258;0
259;0
260;2
261;0
262;2
263;2
264;4
265;0
266;0
267;0
268;0
269;0
270;1
271;0
272;2
273;0
274;0
275;2
276;0
277;0
278;2
279;2
280;2
281;1
282;0
283;1
284;1
285;0
286;0
287;1
288;0
289;0
290;0
291;1
292;2
293;0
294;0
295;2
296;2
297;0
298;0
299;0
300;2
301;0
302;0
303;2
304;1
305;0
306;0
307;2
308;0
309;0
310;2
311;2
312;2
313;0
314;2
315;1
316;0
317;1
318;1
319;0
320;0
321;0
322;0
323;0
324;0
325;0
326;0
327;0
328;2
329;0
330;0
331;2
332;2
333;0
334;1
335;1
336;2
337;1
338;0
339;0
340;0
341;1
342;0
343;0
344;1
345;0
346;0
347;1
348;0
349;0
350;0
351;2
352;1
353;0
354;0
355;0
356;1
357;0
358;2
359;2
360;1
361;0
362;0
363;2
364;2
365;0
366;2
367;0
368;2
369;0
370;0
371;0
372;1
373;2
374;1
375;0
376;0
377;1
378;1
379;0
380;0
381;0
382;0
383;0
384;2
385;1
386;0
387;0
388;1
389;0
390;2
391;1
392;0
393;2
394;0
395;2
396;2
397;0
398;0
399;0
400;0
401;0
402;0
403;0
404;0
405;0
406;2
407;1
408;0
409;0
410;0
411;0
412;0
413;0
414;2
415;2
416;2
417;0
418;2
419;0
420;2
421;2
422;0
423;0
424;0
425;0
426;0
427;0
428;0
429;0
430;1
431;0
432;0
433;0
434;0
435;1
436;0
437;0
438;0
439;0
440;0
441;1
442;2
443;1
444;0
445;0
446;0
447;0
448;2
449;1
450;0
451;0
452;2
453;0
454;2
455;0
456;1
457;0
458;0
459;1
460;0
461;0
462;1
463;0
464;1
465;0
466;0
467;0
468;4
469;0
470;2
471;2
472;2
473;0
474;2
475;0
476;1
477;1
478;0
479;0
480;0
481;2
482;0
483;0
484;0
485;0
486;1
487;0
488;2
489;1
490;0
491;0
492;2
493;2
494;0
495;0
496;0
497;2
498;1
499;0
500;2
501;0
502;1
503;0
504;0
505;0
506;0
507;0
508;1
509;2
510;1
511;0
512;0
513;0
514;2
515;0
516;0
517;0
518;0
519;0
520;0
521;0
522;1
523;0
524;0
525;2
526;1
527;0
528;1
529;0
530;1
531;0
532;0
533;0
534;2
535;1
536;0
537;0
538;0
539;2
540;4
541;2
542;1
543;2
544;2
545;0
546;2
547;0
548;2
549;2
550;2
551;1
552;1
553;0
554;0
555;2
556;1
557;0
558;0
559;0
560;0
561;2
562;0
563;0
564;0
565;0
566;0
567;0
568;2
569;0
570;2
571;0
572;1
573;0
574;0
575;2
576;2
577;0
578;2
579;2
580;2
581;0
582;0
583;2
584;4
585;2
586;2
587;2
588;2
589;0
590;0
591;0
592;1
593;0
594;0
595;1
596;2
597;0
598;0
599;1
600;0
601;0
602;0
603;2
604;2
605;2
606;0
607;0
608;1
609;0
610;0
611;0
612;0
613;1
614;0
615;2
616;2
617;2
618;0
619;0
620;2
621;0
622;0
623;0
624;0
625;0
626;2
627;2
628;2
629;1
630;0
631;2
632;2
633;0
634;0
635;0
636;0
637;2
638;1
639;0
640;0
641;0
642;0
643;2
644;2
645;0
646;2
647;0
648;2
649;0
650;2
651;0
652;0
653;0
654;1
655;0
656;0
657;0
658;0
659;2
660;2
661;0
662;0
663;0
664;0
665;0
666;0
667;0
668;1
669;0
670;0
671;2
672;2
673;1
674;0
675;2
676;0
677;1
678;0
679;0
680;1
681;0
682;0
683;0
684;0
685;0
686;2
687;1
688;1
689;0
690;0
691;0
692;2
693;0
694;0
695;1
696;0
697;0
698;2
699;0
700;0
701;0
702;1
703;0
704;1
705;0
706;0
707;2
708;2
709;0
710;1
711;2
712;2
713;0
714;0
715;2
716;2
717;0
718;2
719;2
720;1
721;0
722;2
723;0
724;0
725;0
726;2
727;0
728;0
729;2
730;0
731;0
732;0
733;1
734;0
735;1
736;0
737;0
738;0
739;2
740;1
741;0
742;0
743;0
744;0
745;0
746;0
747;0
748;2
749;0
750;2
751;1
752;0
753;0
754;0
755;2
756;1
757;0
758;0
759;0
760;2
761;0
762;0
763;0
764;0
765;0
766;1
767;1
768;1
769;0
770;0
771;0
772;1
773;0
774;0
775;0
776;1
777;0
778;0
779;0
780;0
781;0
782;1
783;0
784;1
785;0
786;0
787;2
788;4
789;0
790;2
791;2
792;2
793;0
794;2
795;0
796;1
797;0
798;0
799;0
800;0
801;1
802;0
803;0
804;0
805;0
806;0
807;2
808;1
809;0
810;0
811;0
812;0
813;2
814;2
815;2
816;0
817;0
818;0
819;0
820;0
821;0
822;0
823;1
824;0
825;2
826;0
827;0
828;0
829;0
830;2
831;2
832;1
833;2
834;0
835;0
836;0
837;2
838;1
839;0
840;2
841;0
842;1
843;0
844;1
845;0
846;1
847;0
848;1
849;0
850;0
851;2
852;2
853;0
854;0
855;1
856;0
857;0
858;2
859;0
860;0
861;2
862;2
863;2
864;2
865;0
866;0
867;0
868;2
869;2
870;2
871;2
872;0
873;0
874;0
875;1
876;0
877;0
878;2
879;1
880;0
881;0
882;0
883;2
884;2
885;0
886;2
887;1
888;0
889;0
890;2
891;0
892;0
893;2
894;0
895;0
896;0
897;2
898;1
899;0
900;2
901;0
902;0
903;0
904;0
905;1
906;2
907;0
908;1
909;0
910;0
911;0
912;1
913;0
914;0
915;0
916;0
917;0
918;0
919;0
920;0
921;0
922;2
923;0
924;0
925;1
926;0
927;0
928;0
929;1
930;0
931;2
932;0
933;0
934;1
935;0
936;0
937;2
938;2
939;0
940;0
941;0
942;0
943;0
944;0
945;0
946;2
947;0
948;0
949;0
950;0
951;2
952;2
953;0
954;2
955;0
956;2
957;0
958;2
959;0
960;0
961;2
962;0
963;2
964;1
965;1
966;0
967;0
968;0
969;0
970;0
971;0
972;0
973;0
974;1
975;0
976;0
977;0
978;2
979;1
980;1
981;0
982;0
983;2
984;2
985;0
986;2
987;2
988;0
989;0
990;2
991;0
992;2
993;2
994;0
995;0
996;0
997;0
998;2
999;2
1000;0
1001;2
1002;2
1003;0
1004;1
1005;0
1006;0
1007;1
1008;0
1009;0
1010;0
1011;1
1012;1
1013;0
1014;0
1015;1
1016;0
1017;0
1018;0
1019;0
1020;0
1021;0
1022;0
1023;0
