0;1
1;0
2;0
3;0
4;4
5;0
6;2
7;1
8;0
9;0
10;0
11;0
12;1
13;0
14;1
15;0
16;0
17;2
18;2
19;2
20;2
21;2
22;0
23;0
24;1
25;0
26;0
27;0
28;0
29;0
30;0
31;0
32;1
33;0
34;2
35;0
36;1
37;0
38;0
39;2
40;0
41;0
42;0
43;2
44;2
45;0
46;2
47;1
48;0
49;0
50;2
51;0
52;1
53;0
54;0
55;0
56;0
57;0
58;0
59;0
60;0
61;2
62;0
63;0
64;1
65;0
66;0
67;0
68;0
69;0
70;0
71;0
72;2
73;0
74;0
75;2
76;0
77;0
78;0
79;0
80;0
81;0
82;0
83;0
84;0
85;0
86;0
87;1
88;2
89;0
90;2
91;1
92;0
93;0
94;0
95;0
96;0
97;0
98;1
99;0
100;0
101;0
102;0
103;2
104;2
105;2
106;1
107;0
108;0
109;0
110;0
111;0
112;0
113;0
114;1
115;1
116;0
117;0
118;0
119;1
120;0
121;0
122;0
123;0
124;0
125;2
126;2
127;1
128;0
129;1
130;1
131;2
132;0
133;0
134;1
135;0
136;0
137;0
138;0
139;0
140;0
141;1
142;0
143;0
144;0
145;0
146;0
147;0
148;0
149;0
150;2
151;0
152;2
153;0
154;0
155;0
156;2
157;0
158;0
159;2
160;0
161;2
162;2
163;0
164;2
165;0
166;0
167;0
168;0
169;0
170;2
171;2
172;0
173;0
174;0
175;0
176;2
177;2
178;0
179;0
180;0
181;0
182;2
183;0
184;2
185;0
186;0
187;0
188;0
189;0
190;1
191;0
192;1
193;0
194;0
195;2
196;2
197;0
198;2
199;2
200;2
201;0
202;2
203;0
204;2
205;0
206;2
207;0
208;0
209;0
210;0
211;0
212;0
213;0
214;0
215;1
216;0
217;0
218;0
219;0
220;0
221;0
222;2
223;2
224;0
225;0
226;0
227;0
228;2
229;0
230;0
231;0
232;1
233;0
234;0
235;2
236;0
237;0
238;0
239;0
240;1
241;2
242;2
243;0
244;1
245;0
246;1
247;0
248;0
249;2
250;1
251;2
252;1
253;2
254;0
255;0
256;2
257;0
258;2
259;0
260;0
261;0
262;0
263;0
264;0
265;0
266;0
267;1
268;2
269;2
270;1
271;1
272;0
273;0
274;2
275;0
276;1
277;1
278;0
279;0
280;2
281;2
282;0
283;0
284;2
285;2
286;2
287;2
288;0
289;1
290;0
291;1
292;0
293;0
294;0
295;0
296;0
297;0
298;0
299;0
300;0
301;0
302;0
303;0
304;0
305;1
306;0
307;0
308;0
309;0
310;1
311;0
312;0
313;0
314;0
315;0
316;2
317;2
318;2
319;2
320;0
321;0
322;0
323;0
324;0
325;0
326;0
327;0
328;1
329;1
330;1
331;2
332;2
333;2
334;2
335;2
336;2
337;2
338;2
339;1
340;0
341;0
342;1
343;0
344;2
345;1
346;0
347;0
348;0
349;0
350;0
351;0
352;2
353;0
354;0
355;1
356;2
357;0
358;0
359;1
360;0
361;0
362;2
363;2
364;2
365;2
366;0
367;0
368;0
369;2
370;0
371;2
372;0
373;0
374;0
375;0
376;0
377;0
378;2
379;2
380;0
381;0
382;0
383;0
384;0
385;0
386;0
387;0
388;0
389;0
390;1
391;0
392;0
393;0
394;0
395;0
396;0
397;0
398;2
399;0
400;2
401;2
402;0
403;0
404;1
405;0
406;0
407;0
408;2
409;0
410;1
411;0
412;0
413;0
414;2
415;2
416;1
417;0
418;0
419;2
420;1
421;2
422;0
423;0
424;2
425;2
426;0
427;0
428;1
429;0
430;0
431;0
432;0
433;0
434;0
435;0
436;0
437;0
438;0
439;1
440;0
441;0
442;2
443;1
444;0
445;0
446;0
447;0
448;0
449;0
450;0
451;0
452;1
453;0
454;1
455;0
456;0
457;0
458;0
459;2
460;2
461;0
462;0
463;2
464;2
465;0
466;0
467;2
468;2
469;0
470;2
471;2
472;1
473;0
474;0
475;0
476;0
477;0
478;2
479;2
480;0
481;0
482;0
483;0
484;1
485;1
486;0
487;0
488;0
489;0
490;0
491;0
492;1
493;0
494;0
495;0
496;1
497;0
498;0
499;0
500;2
501;0
502;0
503;0
504;0
505;0
506;0
507;1
508;0
509;2
510;2
511;2
512;2
513;0
514;0
515;0
516;0
517;2
518;2
519;0
520;0
521;0
522;2
523;0
524;0
525;0
526;1
527;0
528;0
529;0
530;0
531;0
532;1
533;1
534;0
535;0
536;0
537;0
538;1
539;2
540;0
541;0
542;0
543;0
544;1
545;0
546;0
547;0
548;0
549;2
550;2
551;2
552;2
553;2
554;0
555;0
556;0
557;2
558;1
559;0
560;0
561;1
562;0
563;0
564;1
565;0
566;0
567;0
568;0
569;0
570;0
571;1
572;0
573;0
574;0
575;0
576;0
577;2
578;0
579;1
580;1
581;0
582;0
583;0
584;0
585;0
586;0
587;0
588;0
589;0
590;0
591;2
592;0
593;0
594;0
595;0
596;0
597;0
598;1
599;0
600;0
601;0
602;0
603;0
604;2
605;2
606;0
607;0
608;0
609;0
610;1
611;1
612;0
613;0
614;0
615;2
616;4
617;0
618;2
619;2
620;0
621;0
622;2
623;0
624;1
625;0
626;2
627;2
628;2
629;0
630;0
631;0
632;0
633;1
634;1
635;0
636;1
637;1
638;1
639;0
640;0
641;0
642;0
643;0
644;0
645;0
646;0
647;0
648;2
649;0
650;0
651;0
652;0
653;0
654;0
655;0
656;2
657;2
658;0
659;0
660;0
661;0
662;0
663;0
664;0
665;0
666;0
667;0
668;0
669;0
670;0
671;0
672;1
673;0
674;0
675;0
676;4
677;0
678;2
679;1
680;0
681;0
682;2
683;0
684;1
685;1
686;0
687;0
688;0
689;0
690;1
691;0
692;1
693;0
694;0
695;2
696;2
697;0
698;2
699;1
700;0
701;2
702;2
703;0
704;2
705;0
706;0
707;0
708;0
709;2
710;1
711;0
712;0
713;2
714;0
715;0
716;2
717;0
718;0
719;0
720;0
721;0
722;2
723;0
724;0
725;0
726;0
727;0
728;1
729;0
730;0
731;0
732;0
733;0
734;0
735;0
736;0
737;0
738;0
739;2
740;0
741;2
742;0
743;0
744;2
745;2
746;1
747;0
748;2
749;0
750;0
751;2
752;0
753;0
754;0
755;2
756;0
757;0
758;0
759;0
760;1
761;0
762;0
763;0
764;0
765;0
766;2
767;2
768;0
769;0
770;0
771;0
772;1
773;0
774;0
775;0
776;0
777;2
778;0
779;2
780;0
781;0
782;0
783;0
784;0
785;2
786;2
787;2
788;0
789;0
790;1
791;0
792;0
793;0
794;1
795;0
796;0
797;0
798;0
799;0
800;0
801;0
802;0
803;0
804;0
805;0
806;0
807;0
808;0
809;0
810;0
811;0
812;0
813;0
814;1
815;0
816;1
817;1
818;2
819;0
820;0
821;2
822;2
823;0
824;2
825;0
826;0
827;0
828;2
829;0
830;0
831;0
832;0
833;0
834;0
835;0
836;0
837;2
838;2
839;2
840;2
841;0
842;0
843;0
844;2
845;2
846;1
847;2
848;1
849;0
850;0
851;2
852;2
853;0
854;1
855;0
856;0
857;2
858;1
859;0
860;0
861;0
862;0
863;0
864;0
865;0
866;0
867;1
868;0
869;2
870;0
871;0
872;0
873;0
874;0
875;0
876;0
877;0
878;0
879;0
880;0
881;0
882;2
883;0
884;0
885;1
886;1
887;0
888;0
889;1
890;0
891;0
892;0
893;0
894;0
895;1
896;0
897;0
898;2
899;2
900;1
901;1
902;1
903;1
904;0
905;0
906;0
907;0
908;1
909;0
910;0
911;2
912;4
913;0
914;1
915;0
916;2
917;0
918;2
919;0
920;1
921;1
922;0
923;0
924;0
925;0
926;0
927;0
928;1
929;1
930;2
931;0
932;0
933;0
934;2
935;2
936;0
937;0
938;1
939;2
940;2
941;2
942;2
943;0
944;2
945;0
946;2
947;2
948;2
949;0
950;0
951;0
952;0
953;0
954;2
955;1
956;0
957;0
958;1
959;0
960;0
961;0
962;0
963;2
964;2
965;0
966;0
967;2
968;0
969;0
970;0
971;0
972;0
973;0
974;1
975;1
976;0
977;0
978;0
979;0
980;0
981;0
982;2
983;2
984;2
985;1
986;0
987;0
988;0
989;0
990;0
991;0
992;0
993;0
994;2
995;2
996;1
997;0
998;0
999;2
1000;1
1001;0
1002;0
1003;0
1004;0
1005;0
1006;0
1007;0
1008;0
1009;0
1010;0
1011;2
1012;1
1013;0
1014;0
1015;1
1016;0
1017;0
1018;0
1019;0
1020;0
1021;0
1022;0
1023;0
