0;1
1;0
2;0
3;2
4;2
5;0
6;0
7;2
8;2
9;0
10;2
11;0
12;0
13;0
14;0
15;0
16;0
17;2
18;2
19;0
20;2
21;2
22;2
23;2
24;0
25;1
26;2
27;2
28;0
29;1
30;0
31;2
32;0
33;0
34;0
35;0
36;0
37;0
38;0
39;0
40;1
41;0
42;1
43;0
44;2
45;0
46;0
47;0
48;1
49;0
50;0
51;0
52;0
53;0
54;0
55;0
56;0
57;1
58;0
59;2
60;1
61;0
62;0
63;0
64;0
65;0
66;0
67;0
68;1
69;0
70;2
71;2
72;1
73;0
74;0
75;0
76;1
77;0
78;0
79;0
80;2
81;0
82;2
83;0
84;0
85;2
86;0
87;0
88;0
89;2
90;2
91;0
92;2
93;2
94;0
95;0
96;0
97;0
98;2
99;0
100;0
101;0
102;1
103;0
104;1
105;0
106;0
107;0
108;0
109;0
110;0
111;0
112;1
113;0
114;0
115;0
116;0
117;0
118;0
119;0
120;2
121;1
122;0
123;0
124;2
125;0
126;0
127;0
128;0
129;0
130;2
131;0
132;2
133;2
134;0
135;0
136;0
137;2
138;2
139;1
140;0
141;0
142;2
143;0
144;0
145;0
146;0
147;1
148;0
149;0
150;1
151;0
152;2
153;0
154;1
155;0
156;0
157;0
158;2
159;2
160;0
161;0
162;0
163;0
164;0
165;0
166;0
167;0
168;0
169;0
170;2
171;0
172;2
173;0
174;0
175;1
176;1
177;0
178;2
179;2
180;2
181;0
182;0
183;0
184;1
185;0
186;0
187;0
188;1
189;0
190;0
191;0
192;0
193;0
194;0
195;0
196;1
197;0
198;1
199;1
200;2
201;2
202;2
203;1
204;0
205;0
206;2
207;2
208;0
209;0
210;0
211;0
212;0
213;0
214;0
215;2
216;0
217;0
218;0
219;2
220;1
221;0
222;0
223;0
224;0
225;2
226;2
227;2
228;0
229;0
230;0
231;0
232;0
233;0
234;0
235;0
236;2
237;2
238;2
239;0
240;2
241;2
242;0
243;2
244;0
245;0
246;2
247;2
248;0
249;0
250;0
251;1
252;0
253;0
254;2
255;0
256;2
257;0
258;2
259;0
260;2
261;2
262;0
263;0
264;1
265;0
266;0
267;1
268;0
269;2
270;2
271;0
272;2
273;1
274;0
275;2
276;1
277;0
278;0
279;0
280;0
281;1
282;0
283;0
284;2
285;0
286;2
287;0
288;2
289;2
290;0
291;0
292;1
293;0
294;0
295;0
296;2
297;0
298;0
299;0
300;1
301;0
302;0
303;0
304;0
305;0
306;0
307;0
308;1
309;1
310;0
311;0
312;0
313;0
314;0
315;0
316;0
317;0
318;1
319;0
320;1
321;0
322;0
323;0
324;0
325;0
326;0
327;0
328;1
329;0
330;0
331;1
332;2
333;0
334;0
335;0
336;2
337;2
338;0
339;0
340;0
341;0
342;0
343;0
344;1
345;0
346;2
347;2
348;2
349;0
350;0
351;1
352;1
353;2
354;0
355;0
356;2
357;0
358;0
359;0
360;1
361;2
362;1
363;0
364;4
365;2
366;0
367;0
368;1
369;2
370;2
371;2
372;2
373;0
374;0
375;0
376;2
377;1
378;0
379;2
380;0
381;0
382;0
383;0
384;2
385;0
386;0
387;0
388;0
389;0
390;0
391;2
392;2
393;0
394;1
395;0
396;0
397;0
398;0
399;0
400;2
401;2
402;2
403;2
404;0
405;2
406;0
407;0
408;0
409;0
410;0
411;0
412;2
413;0
414;0
415;0
416;0
417;0
418;0
419;0
420;0
421;2
422;0
423;0
424;0
425;0
426;1
427;0
428;0
429;0
430;0
431;0
432;1
433;2
434;1
435;0
436;0
437;0
438;1
439;0
440;0
441;0
442;0
443;4
444;0
445;0
446;0
447;2
448;1
449;0
450;2
451;2
452;0
453;0
454;0
455;2
456;2
457;0
458;2
459;0
460;0
461;2
462;2
463;0
464;1
465;0
466;2
467;1
468;0
469;0
470;0
471;0
472;1
473;0
474;2
475;0
476;4
477;1
478;2
479;0
480;2
481;0
482;0
483;0
484;2
485;0
486;0
487;0
488;2
489;0
490;2
491;0
492;0
493;0
494;0
495;0
496;1
497;0
498;0
499;1
500;0
501;0
502;0
503;2
504;2
505;0
506;0
507;1
508;0
509;0
510;0
511;0
512;0
513;0
514;2
515;1
516;0
517;2
518;0
519;0
520;0
521;0
522;2
523;1
524;0
525;2
526;0
527;0
528;0
529;0
530;2
531;2
532;0
533;0
534;0
535;0
536;0
537;0
538;0
539;2
540;0
541;2
542;2
543;0
544;2
545;2
546;2
547;0
548;2
549;0
550;1
551;0
552;0
553;0
554;0
555;1
556;0
557;0
558;0
559;0
560;0
561;0
562;0
563;0
564;1
565;0
566;2
567;0
568;0
569;0
570;0
571;0
572;0
573;0
574;2
575;0
576;0
577;0
578;1
579;2
580;0
581;0
582;0
583;2
584;4
585;0
586;2
587;0
588;2
589;0
590;0
591;0
592;2
593;2
594;0
595;1
596;0
597;0
598;1
599;1
600;0
601;0
602;1
603;0
604;0
605;2
606;2
607;0
608;1
609;0
610;0
611;2
612;2
613;0
614;1
615;1
616;0
617;0
618;1
619;1
620;1
621;2
622;0
623;0
624;2
625;2
626;2
627;1
628;0
629;0
630;0
631;0
632;2
633;1
634;2
635;0
636;0
637;0
638;0
639;0
640;0
641;2
642;1
643;0
644;1
645;0
646;0
647;2
648;2
649;0
650;2
651;2
652;2
653;0
654;2
655;0
656;2
657;0
658;0
659;0
660;1
661;0
662;0
663;0
664;0
665;0
666;0
667;0
668;2
669;2
670;0
671;0
672;2
673;2
674;0
675;2
676;1
677;0
678;0
679;0
680;1
681;0
682;0
683;0
684;2
685;0
686;0
687;0
688;0
689;0
690;2
691;2
692;2
693;0
694;0
695;0
696;1
697;0
698;0
699;0
700;1
701;0
702;0
703;0
704;1
705;0
706;0
707;0
708;1
709;0
710;0
711;0
712;0
713;0
714;2
715;1
716;0
717;2
718;1
719;0
720;0
721;0
722;0
723;0
724;1
725;1
726;0
727;0
728;0
729;2
730;0
731;0
732;0
733;0
734;0
735;0
736;0
737;0
738;0
739;0
740;0
741;0
742;0
743;1
744;0
745;0
746;0
747;2
748;2
749;2
750;0
751;0
752;0
753;0
754;0
755;0
756;1
757;0
758;1
759;0
760;0
761;0
762;0
763;2
764;1
765;0
766;2
767;2
768;1
769;0
770;2
771;0
772;1
773;0
774;1
775;1
776;0
777;0
778;0
779;0
780;2
781;2
782;2
783;2
784;0
785;1
786;0
787;0
788;1
789;0
790;0
791;0
792;0
793;1
794;0
795;0
796;0
797;2
798;2
799;2
800;1
801;0
802;0
803;2
804;0
805;0
806;1
807;0
808;2
809;2
810;0
811;0
812;2
813;0
814;0
815;0
816;0
817;0
818;0
819;0
820;0
821;1
822;0
823;0
824;0
825;2
826;2
827;1
828;0
829;0
830;1
831;0
832;1
833;0
834;2
835;0
836;2
837;0
838;2
839;0
840;0
841;2
842;1
843;0
844;0
845;0
846;0
847;0
848;0
849;0
850;0
851;1
852;0
853;0
854;0
855;2
856;0
857;0
858;2
859;2
860;2
861;0
862;2
863;2
864;2
865;0
866;2
867;2
868;2
869;0
870;0
871;0
872;2
873;0
874;0
875;0
876;0
877;0
878;0
879;0
880;2
881;0
882;0
883;0
884;1
885;0
886;0
887;0
888;1
889;0
890;1
891;0
892;1
893;0
894;0
895;2
896;1
897;0
898;0
899;2
900;0
901;2
902;0
903;0
904;2
905;0
906;0
907;0
908;0
909;0
910;0
911;0
912;0
913;2
914;0
915;0
916;0
917;0
918;2
919;2
920;0
921;0
922;0
923;1
924;1
925;0
926;2
927;0
928;2
929;0
930;2
931;0
932;1
933;0
934;0
935;1
936;0
937;0
938;0
939;0
940;1
941;0
942;4
943;0
944;1
945;0
946;0
947;0
948;2
949;2
950;2
951;0
952;1
953;0
954;2
955;0
956;1
957;0
958;0
959;2
960;2
961;1
962;2
963;0
964;0
965;0
966;0
967;2
968;2
969;2
970;1
971;0
972;1
973;1
974;0
975;0
976;0
977;0
978;0
979;0
980;0
981;0
982;2
983;2
984;1
985;0
986;2
987;2
988;0
989;0
990;2
991;0
992;2
993;0
994;0
995;0
996;0
997;1
998;0
999;2
1000;0
1001;1
1002;0
1003;2
1004;0
1005;0
1006;0
1007;0
1008;0
1009;0
1010;0
1011;0
1012;0
1013;0
1014;1
1015;0
1016;0
1017;0
1018;0
1019;0
1020;0
1021;0
1022;0
1023;0
