0;1
1;0
2;0
3;1
4;0
5;0
6;2
7;1
8;0
9;0
10;2
11;2
12;1
13;0
14;0
15;0
16;0
17;2
18;2
19;0
20;2
21;1
22;2
23;0
24;0
25;0
26;0
27;0
28;0
29;0
30;1
31;0
32;2
33;0
34;2
35;0
36;2
37;1
38;1
39;0
40;1
41;0
42;0
43;0
44;2
45;2
46;1
47;0
48;2
49;0
50;0
51;0
52;2
53;0
54;0
55;0
56;0
57;0
58;0
59;0
60;0
61;1
62;0
63;2
64;0
65;0
66;0
67;0
68;0
69;0
70;0
71;0
72;0
73;0
74;0
75;2
76;0
77;1
78;0
79;2
80;4
81;0
82;2
83;2
84;2
85;0
86;0
87;0
88;2
89;1
90;0
91;0
92;0
93;0
94;0
95;0
96;1
97;0
98;1
99;0
100;2
101;0
102;0
103;0
104;2
105;0
106;0
107;0
108;0
109;0
110;1
111;0
112;2
113;0
114;0
115;1
116;0
117;0
118;0
119;1
120;0
121;0
122;0
123;2
124;1
125;2
126;0
127;0
128;0
129;2
130;2
131;2
132;2
133;0
134;0
135;0
136;0
137;2
138;0
139;1
140;0
141;0
142;0
143;0
144;0
145;0
146;0
147;0
148;2
149;0
150;2
151;0
152;0
153;0
154;0
155;0
156;1
157;2
158;2
159;0
160;4
161;0
162;1
163;0
164;2
165;0
166;1
167;0
168;2
169;0
170;0
171;0
172;1
173;0
174;0
175;0
176;0
177;0
178;2
179;2
180;0
181;0
182;1
183;0
184;0
185;2
186;2
187;0
188;0
189;0
190;2
191;0
192;0
193;0
194;0
195;0
196;0
197;0
198;2
199;1
200;0
201;2
202;1
203;0
204;2
205;0
206;0
207;0
208;0
209;0
210;2
211;1
212;1
213;0
214;0
215;0
216;0
217;0
218;0
219;0
220;2
221;0
222;0
223;0
224;0
225;2
226;2
227;0
228;0
229;2
230;0
231;0
232;2
233;2
234;1
235;0
236;0
237;2
238;0
239;0
240;0
241;0
242;0
243;0
244;0
245;0
246;0
247;2
248;1
249;0
250;0
251;2
252;2
253;0
254;2
255;1
256;0
257;2
258;2
259;0
260;2
261;2
262;0
263;2
264;2
265;0
266;2
267;2
268;1
269;0
270;0
271;0
272;2
273;2
274;2
275;2
276;0
277;0
278;1
279;0
280;0
281;1
282;2
283;0
284;0
285;0
286;0
287;0
288;2
289;0
290;2
291;0
292;1
293;0
294;0
295;0
296;2
297;0
298;0
299;1
300;0
301;0
302;0
303;0
304;0
305;2
306;1
307;0
308;1
309;0
310;0
311;0
312;2
313;1
314;1
315;2
316;1
317;0
318;0
319;2
320;0
321;0
322;2
323;0
324;1
325;1
326;0
327;1
328;0
329;0
330;0
331;2
332;2
333;1
334;0
335;0
336;0
337;0
338;0
339;0
340;0
341;0
342;2
343;0
344;2
345;0
346;2
347;0
348;0
349;0
350;0
351;2
352;0
353;1
354;0
355;2
356;2
357;2
358;2
359;2
360;2
361;0
362;1
363;0
364;1
365;2
366;0
367;0
368;0
369;0
370;1
371;0
372;2
373;0
374;2
375;2
376;2
377;2
378;0
379;0
380;2
381;0
382;0
383;0
384;0
385;0
386;1
387;0
388;0
389;0
390;0
391;0
392;0
393;0
394;2
395;0
396;1
397;0
398;0
399;0
400;2
401;2
402;1
403;0
404;0
405;1
406;0
407;0
408;2
409;2
410;2
411;2
412;2
413;0
414;0
415;0
416;1
417;0
418;1
419;0
420;0
421;0
422;1
423;0
424;2
425;0
426;2
427;0
428;2
429;1
430;0
431;2
432;0
433;0
434;0
435;0
436;1
437;0
438;0
439;0
440;2
441;0
442;1
443;0
444;0
445;0
446;0
447;0
448;0
449;2
450;0
451;2
452;0
453;0
454;1
455;0
456;1
457;0
458;0
459;0
460;0
461;0
462;0
463;0
464;1
465;1
466;0
467;1
468;0
469;0
470;0
471;0
472;0
473;0
474;0
475;1
476;2
477;0
478;1
479;0
480;0
481;0
482;0
483;0
484;0
485;0
486;2
487;0
488;2
489;0
490;0
491;0
492;2
493;0
494;0
495;0
496;1
497;0
498;0
499;0
500;1
501;1
502;0
503;1
504;0
505;0
506;0
507;0
508;0
509;0
510;0
511;2
512;0
513;2
514;2
515;2
516;2
517;2
518;0
519;0
520;0
521;2
522;2
523;0
524;0
525;0
526;2
527;2
528;0
529;0
530;2
531;0
532;2
533;0
534;0
535;0
536;1
537;0
538;0
539;0
540;0
541;2
542;1
543;0
544;0
545;0
546;0
547;0
548;1
549;0
550;2
551;0
552;0
553;2
554;1
555;2
556;2
557;0
558;0
559;0
560;4
561;2
562;2
563;2
564;2
565;0
566;2
567;0
568;1
569;0
570;2
571;0
572;0
573;0
574;1
575;0
576;2
577;1
578;0
579;2
580;2
581;2
582;1
583;0
584;1
585;0
586;0
587;0
588;0
589;0
590;0
591;1
592;2
593;2
594;0
595;0
596;0
597;0
598;0
599;2
600;1
601;0
602;2
603;0
604;0
605;0
606;2
607;1
608;0
609;0
610;0
611;2
612;1
613;0
614;2
615;2
616;1
617;0
618;0
619;0
620;1
621;0
622;0
623;0
624;0
625;0
626;0
627;0
628;2
629;0
630;0
631;0
632;1
633;0
634;0
635;0
636;2
637;2
638;1
639;0
640;2
641;0
642;0
643;0
644;1
645;0
646;0
647;2
648;2
649;0
650;0
651;0
652;1
653;0
654;1
655;0
656;1
657;1
658;0
659;0
660;0
661;0
662;0
663;0
664;0
665;0
666;2
667;0
668;2
669;0
670;0
671;2
672;1
673;0
674;0
675;0
676;0
677;0
678;1
679;0
680;1
681;0
682;0
683;0
684;0
685;0
686;1
687;0
688;0
689;0
690;1
691;2
692;0
693;0
694;0
695;0
696;0
697;0
698;0
699;2
700;1
701;0
702;1
703;0
704;1
705;0
706;0
707;0
708;0
709;0
710;0
711;2
712;1
713;0
714;0
715;0
716;0
717;0
718;0
719;0
720;0
721;0
722;0
723;0
724;0
725;0
726;0
727;1
728;0
729;0
730;0
731;0
732;0
733;0
734;0
735;0
736;0
737;2
738;0
739;0
740;0
741;0
742;1
743;0
744;4
745;0
746;0
747;2
748;0
749;0
750;1
751;0
752;1
753;0
754;1
755;2
756;1
757;0
758;2
759;0
760;2
761;0
762;0
763;2
764;0
765;2
766;0
767;0
768;0
769;0
770;0
771;0
772;0
773;1
774;0
775;2
776;0
777;0
778;0
779;0
780;0
781;0
782;2
783;2
784;2
785;2
786;2
787;1
788;0
789;2
790;0
791;1
792;0
793;2
794;2
795;2
796;2
797;0
798;2
799;0
800;1
801;0
802;0
803;1
804;2
805;1
806;0
807;0
808;2
809;0
810;0
811;1
812;0
813;0
814;0
815;0
816;0
817;0
818;1
819;0
820;0
821;0
822;1
823;0
824;0
825;1
826;0
827;0
828;0
829;2
830;2
831;0
832;0
833;1
834;2
835;0
836;2
837;0
838;0
839;0
840;0
841;1
842;0
843;0
844;2
845;2
846;1
847;0
848;2
849;0
850;0
851;0
852;0
853;2
854;1
855;2
856;0
857;0
858;1
859;2
860;2
861;0
862;0
863;0
864;1
865;0
866;1
867;0
868;0
869;0
870;2
871;0
872;1
873;0
874;0
875;0
876;0
877;1
878;0
879;0
880;0
881;0
882;0
883;0
884;1
885;1
886;1
887;0
888;0
889;0
890;2
891;0
892;0
893;1
894;1
895;0
896;0
897;1
898;0
899;0
900;1
901;0
902;2
903;2
904;1
905;0
906;0
907;1
908;4
909;0
910;2
911;2
912;2
913;0
914;0
915;0
916;1
917;0
918;0
919;2
920;1
921;2
922;0
923;1
924;1
925;2
926;0
927;2
928;0
929;0
930;1
931;0
932;2
933;0
934;0
935;0
936;2
937;2
938;0
939;0
940;0
941;1
942;0
943;0
944;2
945;0
946;0
947;0
948;0
949;0
950;1
951;0
952;2
953;0
954;0
955;0
956;0
957;2
958;2
959;2
960;0
961;2
962;2
963;0
964;2
965;2
966;1
967;0
968;2
969;0
970;0
971;0
972;0
973;0
974;0
975;0
976;0
977;2
978;1
979;0
980;1
981;0
982;0
983;0
984;4
985;2
986;2
987;1
988;0
989;0
990;1
991;0
992;1
993;0
994;2
995;0
996;0
997;0
998;2
999;2
1000;1
1001;0
1002;0
1003;2
1004;0
1005;0
1006;0
1007;0
1008;2
1009;0
1010;0
1011;2
1012;0
1013;1
1014;0
1015;0
1016;0
1017;0
1018;0
1019;0
1020;0
1021;0
1022;0
1023;0
