0;0
1;0
2;0
3;2
4;2
5;0
6;2
7;2
8;2
9;0
10;2
11;2
12;2
13;0
14;2
15;1
16;0
17;0
18;0
19;1
20;0
21;1
22;0
23;0
24;1
25;0
26;0
27;0
28;0
29;0
30;0
31;0
32;0
33;0
34;0
35;0
36;0
37;0
38;0
39;2
40;0
41;0
42;0
43;2
44;1
45;0
46;0
47;2
48;2
49;0
50;0
51;2
52;2
53;0
54;0
55;0
56;1
57;0
58;0
59;0
60;0
61;0
62;2
63;2
64;1
65;0
66;0
67;0
68;2
69;2
70;0
71;0
72;0
73;2
74;0
75;0
76;0
77;0
78;0
79;0
80;2
81;0
82;2
83;0
84;2
85;0
86;0
87;0
88;0
89;0
90;0
91;0
92;2
93;0
94;0
95;0
96;0
97;1
98;0
99;0
100;2
101;0
102;0
103;1
104;0
105;0
106;1
107;0
108;1
109;0
110;0
111;2
112;2
113;2
114;1
115;1
116;0
117;0
118;2
119;0
120;2
121;0
122;1
123;0
124;0
125;2
126;0
127;1
128;0
129;0
130;0
131;0
132;0
133;1
134;0
135;0
136;0
137;0
138;0
139;0
140;0
141;2
142;0
143;2
144;2
145;0
146;0
147;0
148;0
149;0
150;0
151;0
152;1
153;0
154;0
155;0
156;0
157;2
158;0
159;0
160;2
161;1
162;0
163;0
164;1
165;2
166;0
167;0
168;2
169;0
170;0
171;0
172;0
173;0
174;0
175;1
176;0
177;2
178;2
179;2
180;2
181;0
182;0
183;1
184;0
185;0
186;0
187;1
188;0
189;0
190;2
191;1
192;0
193;0
194;0
195;2
196;2
197;0
198;0
199;0
200;0
201;0
202;0
203;0
204;0
205;0
206;2
207;2
208;2
209;0
210;0
211;2
212;2
213;0
214;0
215;0
216;0
217;0
218;0
219;1
220;1
221;0
222;0
223;2
224;1
225;0
226;2
227;2
228;1
229;1
230;0
231;1
232;0
233;0
234;0
235;2
236;0
237;0
238;0
239;2
240;0
241;0
242;1
243;0
244;0
245;2
246;2
247;2
248;0
249;0
250;1
251;0
252;0
253;0
254;1
255;1
256;1
257;1
258;1
259;0
260;0
261;1
262;0
263;1
264;0
265;0
266;2
267;1
268;0
269;0
270;2
271;2
272;4
273;0
274;2
275;2
276;2
277;0
278;2
279;0
280;2
281;0
282;0
283;0
284;0
285;0
286;2
287;2
288;0
289;0
290;0
291;2
292;4
293;2
294;2
295;2
296;2
297;0
298;0
299;0
300;1
301;0
302;0
303;0
304;0
305;0
306;0
307;2
308;0
309;0
310;0
311;0
312;0
313;0
314;0
315;0
316;0
317;0
318;0
319;0
320;0
321;1
322;0
323;0
324;0
325;0
326;2
327;0
328;0
329;0
330;0
331;0
332;0
333;0
334;2
335;1
336;0
337;0
338;1
339;0
340;0
341;1
342;0
343;0
344;0
345;0
346;1
347;0
348;1
349;0
350;0
351;1
352;0
353;0
354;0
355;0
356;0
357;0
358;0
359;1
360;0
361;1
362;0
363;0
364;0
365;2
366;2
367;2
368;2
369;0
370;0
371;2
372;0
373;0
374;0
375;0
376;0
377;0
378;0
379;0
380;2
381;2
382;0
383;1
384;0
385;0
386;2
387;2
388;0
389;0
390;2
391;0
392;1
393;0
394;0
395;0
396;1
397;0
398;0
399;0
400;2
401;2
402;1
403;0
404;1
405;2
406;0
407;0
408;2
409;0
410;0
411;1
412;0
413;0
414;2
415;0
416;0
417;1
418;1
419;0
420;2
421;2
422;2
423;0
424;0
425;2
426;2
427;0
428;0
429;0
430;0
431;0
432;2
433;0
434;0
435;1
436;0
437;0
438;0
439;0
440;0
441;0
442;0
443;0
444;0
445;1
446;1
447;0
448;2
449;0
450;0
451;2
452;0
453;0
454;1
455;0
456;0
457;0
458;1
459;2
460;1
461;2
462;0
463;0
464;2
465;1
466;0
467;0
468;1
469;1
470;0
471;0
472;2
473;1
474;2
475;0
476;2
477;0
478;0
479;2
480;0
481;2
482;0
483;0
484;0
485;2
486;2
487;0
488;0
489;0
490;0
491;2
492;0
493;0
494;2
495;0
496;2
497;2
498;1
499;2
500;2
501;0
502;0
503;1
504;0
505;0
506;2
507;2
508;2
509;1
510;0
511;1
512;0
513;2
514;1
515;0
516;0
517;0
518;0
519;0
520;0
521;1
522;0
523;0
524;2
525;0
526;1
527;0
528;2
529;0
530;0
531;2
532;2
533;0
534;0
535;0
536;0
537;0
538;0
539;0
540;0
541;0
542;0
543;1
544;0
545;2
546;2
547;2
548;2
549;0
550;0
551;2
552;1
553;1
554;0
555;0
556;1
557;0
558;0
559;0
560;2
561;0
562;0
563;2
564;0
565;0
566;0
567;0
568;0
569;1
570;2
571;1
572;2
573;2
574;2
575;2
576;1
577;0
578;2
579;0
580;0
581;0
582;0
583;0
584;1
585;0
586;0
587;0
588;1
589;1
590;0
591;0
592;0
593;0
594;0
595;0
596;0
597;2
598;4
599;2
600;1
601;0
602;0
603;0
604;1
605;0
606;2
607;2
608;2
609;0
610;1
611;0
612;4
613;0
614;2
615;0
616;2
617;0
618;2
619;0
620;2
621;0
622;0
623;0
624;0
625;0
626;0
627;0
628;0
629;0
630;0
631;0
632;0
633;0
634;0
635;1
636;0
637;2
638;0
639;2
640;2
641;0
642;0
643;0
644;1
645;0
646;2
647;0
648;0
649;0
650;0
651;0
652;0
653;0
654;0
655;0
656;1
657;0
658;2
659;0
660;2
661;0
662;0
663;0
664;0
665;0
666;0
667;1
668;0
669;0
670;2
671;0
672;0
673;1
674;0
675;0
676;0
677;0
678;0
679;1
680;0
681;0
682;2
683;0
684;0
685;0
686;0
687;0
688;2
689;0
690;1
691;0
692;1
693;1
694;0
695;0
696;0
697;0
698;0
699;0
700;2
701;0
702;0
703;0
704;2
705;2
706;1
707;0
708;1
709;1
710;0
711;0
712;0
713;0
714;0
715;1
716;0
717;1
718;0
719;0
720;1
721;0
722;0
723;0
724;0
725;2
726;2
727;0
728;0
729;0
730;2
731;2
732;1
733;0
734;2
735;0
736;0
737;0
738;2
739;0
740;1
741;0
742;0
743;1
744;2
745;0
746;1
747;0
748;1
749;0
750;0
751;0
752;0
753;0
754;2
755;2
756;0
757;0
758;2
759;1
760;0
761;1
762;1
763;1
764;0
765;0
766;1
767;0
768;0
769;2
770;2
771;2
772;2
773;2
774;2
775;2
776;2
777;0
778;0
779;0
780;0
781;1
782;0
783;0
784;0
785;2
786;0
787;2
788;0
789;0
790;0
791;0
792;0
793;0
794;0
795;1
796;0
797;2
798;0
799;1
800;0
801;0
802;0
803;2
804;0
805;2
806;0
807;0
808;0
809;0
810;0
811;2
812;0
813;0
814;2
815;2
816;0
817;0
818;0
819;0
820;0
821;1
822;0
823;0
824;0
825;0
826;0
827;0
828;0
829;0
830;0
831;2
832;0
833;1
834;0
835;0
836;0
837;0
838;1
839;0
840;0
841;0
842;0
843;0
844;0
845;2
846;0
847;0
848;0
849;0
850;0
851;1
852;0
853;1
854;0
855;0
856;0
857;0
858;0
859;2
860;0
861;0
862;0
863;1
864;0
865;0
866;0
867;1
868;0
869;0
870;0
871;0
872;0
873;1
874;0
875;0
876;2
877;0
878;0
879;0
880;0
881;2
882;0
883;0
884;2
885;0
886;2
887;0
888;2
889;0
890;0
891;2
892;0
893;0
894;2
895;0
896;2
897;0
898;2
899;0
900;0
901;2
902;0
903;0
904;0
905;0
906;0
907;0
908;0
909;0
910;0
911;2
912;2
913;0
914;0
915;2
916;0
917;0
918;0
919;1
920;0
921;0
922;0
923;0
924;0
925;1
926;2
927;1
928;0
929;0
930;0
931;0
932;1
933;0
934;0
935;0
936;0
937;0
938;0
939;0
940;0
941;1
942;0
943;0
944;0
945;0
946;0
947;0
948;2
949;0
950;2
951;0
952;0
953;2
954;2
955;0
956;0
957;0
958;1
959;0
960;2
961;2
962;0
963;0
964;0
965;2
966;2
967;2
968;2
969;2
970;2
971;2
972;2
973;0
974;0
975;0
976;0
977;2
978;1
979;0
980;0
981;0
982;1
983;0
984;0
985;0
986;0
987;0
988;2
989;0
990;2
991;2
992;2
993;0
994;0
995;0
996;0
997;0
998;0
999;0
1000;1
1001;0
1002;1
1003;0
1004;0
1005;0
1006;0
1007;2
1008;0
1009;0
1010;0
1011;2
1012;0
1013;0
1014;0
1015;0
1016;0
1017;0
1018;0
1019;0
1020;0
1021;0
1022;0
1023;0
