0;0
1;0
2;0
3;2
4;4
5;0
6;2
7;2
8;2
9;1
10;2
11;1
12;1
13;0
14;0
15;0
16;0
17;2
18;2
19;2
20;2
21;2
22;0
23;2
24;1
25;0
26;0
27;0
28;0
29;0
30;0
31;0
32;2
33;0
34;0
35;2
36;4
37;0
38;1
39;0
40;1
41;0
42;2
43;0
44;2
45;0
46;2
47;0
48;0
49;0
50;2
51;0
52;1
53;0
54;0
55;0
56;1
57;0
58;1
59;0
60;0
61;0
62;2
63;0
64;0
65;0
66;0
67;2
68;2
69;0
70;0
71;0
72;0
73;0
74;0
75;0
76;1
77;0
78;0
79;0
80;0
81;0
82;0
83;0
84;1
85;0
86;0
87;0
88;0
89;2
90;0
91;0
92;2
93;2
94;1
95;0
96;2
97;0
98;0
99;2
100;0
101;0
102;0
103;0
104;0
105;0
106;0
107;2
108;2
109;0
110;0
111;0
112;0
113;0
114;0
115;0
116;0
117;0
118;2
119;0
120;0
121;0
122;0
123;1
124;0
125;0
126;0
127;0
128;0
129;0
130;1
131;0
132;2
133;2
134;0
135;0
136;2
137;2
138;2
139;2
140;2
141;0
142;0
143;2
144;0
145;2
146;1
147;0
148;2
149;0
150;0
151;0
152;0
153;2
154;0
155;2
156;2
157;0
158;2
159;0
160;1
161;0
162;2
163;1
164;4
165;0
166;2
167;0
168;2
169;0
170;2
171;0
172;2
173;2
174;2
175;0
176;0
177;0
178;0
179;0
180;1
181;0
182;0
183;0
184;0
185;0
186;0
187;0
188;0
189;2
190;2
191;0
192;0
193;1
194;0
195;0
196;0
197;0
198;2
199;0
200;0
201;0
202;0
203;0
204;0
205;1
206;1
207;0
208;2
209;2
210;1
211;0
212;2
213;0
214;0
215;0
216;0
217;0
218;2
219;0
220;0
221;0
222;0
223;0
224;0
225;0
226;0
227;0
228;0
229;0
230;2
231;0
232;0
233;0
234;0
235;0
236;0
237;2
238;1
239;0
240;2
241;2
242;2
243;0
244;0
245;2
246;0
247;0
248;1
249;1
250;1
251;0
252;0
253;0
254;2
255;0
256;0
257;0
258;0
259;0
260;0
261;0
262;2
263;0
264;1
265;2
266;0
267;0
268;0
269;2
270;2
271;2
272;2
273;2
274;2
275;0
276;1
277;0
278;0
279;2
280;2
281;0
282;0
283;0
284;2
285;2
286;2
287;1
288;0
289;0
290;2
291;0
292;0
293;0
294;2
295;2
296;2
297;0
298;0
299;0
300;0
301;0
302;0
303;0
304;2
305;0
306;0
307;1
308;0
309;1
310;0
311;0
312;0
313;0
314;2
315;0
316;0
317;0
318;0
319;0
320;2
321;2
322;2
323;0
324;1
325;0
326;0
327;0
328;0
329;0
330;2
331;0
332;0
333;1
334;0
335;0
336;2
337;2
338;2
339;0
340;0
341;0
342;0
343;1
344;0
345;0
346;0
347;0
348;1
349;0
350;0
351;2
352;2
353;2
354;2
355;1
356;2
357;4
358;0
359;1
360;0
361;0
362;2
363;2
364;2
365;1
366;1
367;0
368;0
369;2
370;2
371;0
372;0
373;0
374;0
375;2
376;0
377;1
378;0
379;0
380;2
381;2
382;2
383;2
384;2
385;0
386;2
387;0
388;1
389;2
390;2
391;0
392;0
393;0
394;2
395;0
396;2
397;0
398;2
399;2
400;0
401;0
402;0
403;0
404;0
405;0
406;0
407;0
408;0
409;0
410;1
411;0
412;0
413;0
414;0
415;0
416;0
417;2
418;2
419;0
420;1
421;0
422;0
423;0
424;0
425;0
426;2
427;0
428;2
429;0
430;2
431;0
432;0
433;0
434;0
435;0
436;2
437;1
438;0
439;2
440;1
441;1
442;0
443;0
444;1
445;2
446;0
447;2
448;0
449;0
450;2
451;0
452;0
453;0
454;0
455;0
456;0
457;2
458;0
459;1
460;0
461;0
462;2
463;0
464;1
465;0
466;0
467;0
468;0
469;0
470;0
471;0
472;0
473;2
474;0
475;0
476;0
477;0
478;1
479;0
480;0
481;0
482;2
483;2
484;1
485;0
486;2
487;2
488;1
489;0
490;0
491;2
492;0
493;0
494;0
495;1
496;0
497;0
498;0
499;0
500;2
501;0
502;0
503;0
504;0
505;0
506;0
507;0
508;2
509;0
510;0
511;0
512;1
513;0
514;0
515;0
516;1
517;0
518;0
519;0
520;0
521;0
522;0
523;0
524;0
525;0
526;0
527;1
528;0
529;0
530;1
531;2
532;1
533;0
534;0
535;0
536;4
537;0
538;0
539;2
540;0
541;0
542;2
543;0
544;2
545;0
546;1
547;1
548;0
549;2
550;2
551;0
552;0
553;0
554;0
555;0
556;0
557;0
558;2
559;2
560;2
561;0
562;1
563;2
564;0
565;0
566;2
567;0
568;0
569;0
570;0
571;0
572;1
573;0
574;0
575;0
576;0
577;0
578;1
579;2
580;0
581;0
582;0
583;0
584;0
585;0
586;1
587;2
588;0
589;0
590;2
591;2
592;2
593;2
594;2
595;0
596;0
597;0
598;2
599;0
600;0
601;2
602;2
603;2
604;2
605;0
606;2
607;0
608;0
609;0
610;0
611;0
612;2
613;0
614;0
615;2
616;0
617;2
618;0
619;0
620;1
621;0
622;0
623;0
624;0
625;0
626;0
627;0
628;0
629;0
630;0
631;0
632;1
633;0
634;0
635;0
636;0
637;2
638;0
639;0
640;2
641;0
642;0
643;0
644;2
645;0
646;0
647;0
648;2
649;0
650;2
651;0
652;0
653;0
654;2
655;0
656;0
657;0
658;1
659;0
660;2
661;0
662;0
663;0
664;2
665;1
666;1
667;0
668;1
669;1
670;0
671;2
672;0
673;0
674;0
675;0
676;0
677;0
678;0
679;0
680;0
681;0
682;0
683;2
684;0
685;0
686;0
687;0
688;0
689;0
690;2
691;0
692;0
693;0
694;2
695;0
696;0
697;0
698;0
699;0
700;0
701;0
702;0
703;2
704;0
705;0
706;0
707;2
708;0
709;0
710;0
711;2
712;1
713;0
714;0
715;0
716;1
717;0
718;0
719;0
720;0
721;0
722;0
723;2
724;1
725;1
726;0
727;1
728;0
729;0
730;0
731;0
732;0
733;0
734;0
735;0
736;1
737;0
738;0
739;0
740;0
741;0
742;0
743;1
744;0
745;0
746;0
747;0
748;0
749;0
750;0
751;0
752;0
753;2
754;1
755;0
756;1
757;0
758;0
759;1
760;0
761;0
762;0
763;2
764;2
765;0
766;2
767;2
768;2
769;0
770;2
771;2
772;1
773;0
774;0
775;0
776;0
777;0
778;2
779;0
780;0
781;0
782;0
783;0
784;4
785;2
786;0
787;0
788;1
789;0
790;0
791;2
792;1
793;0
794;2
795;0
796;0
797;0
798;0
799;2
800;1
801;1
802;0
803;0
804;0
805;0
806;0
807;0
808;0
809;2
810;1
811;0
812;2
813;0
814;0
815;0
816;0
817;0
818;0
819;0
820;0
821;0
822;2
823;1
824;2
825;0
826;1
827;0
828;2
829;1
830;2
831;2
832;0
833;0
834;1
835;0
836;0
837;0
838;0
839;0
840;0
841;0
842;0
843;0
844;0
845;0
846;1
847;0
848;0
849;0
850;0
851;0
852;0
853;0
854;0
855;0
856;0
857;0
858;0
859;0
860;0
861;0
862;1
863;0
864;0
865;1
866;0
867;0
868;0
869;2
870;2
871;0
872;1
873;0
874;0
875;0
876;2
877;0
878;0
879;0
880;2
881;0
882;1
883;0
884;0
885;2
886;2
887;2
888;2
889;0
890;0
891;0
892;2
893;2
894;0
895;2
896;1
897;0
898;1
899;0
900;2
901;0
902;2
903;0
904;0
905;2
906;2
907;0
908;0
909;0
910;2
911;0
912;0
913;0
914;0
915;0
916;0
917;0
918;2
919;0
920;1
921;0
922;0
923;2
924;0
925;1
926;0
927;0
928;0
929;0
930;2
931;0
932;0
933;0
934;1
935;0
936;0
937;0
938;2
939;2
940;1
941;0
942;0
943;2
944;2
945;0
946;2
947;2
948;0
949;0
950;0
951;0
952;2
953;1
954;0
955;0
956;0
957;2
958;0
959;0
960;1
961;1
962;1
963;0
964;0
965;0
966;0
967;2
968;0
969;0
970;1
971;1
972;0
973;0
974;0
975;0
976;0
977;0
978;0
979;0
980;0
981;2
982;0
983;0
984;0
985;2
986;0
987;1
988;2
989;0
990;0
991;0
992;4
993;1
994;2
995;2
996;2
997;2
998;1
999;2
1000;2
1001;0
1002;2
1003;0
1004;0
1005;2
1006;2
1007;2
1008;2
1009;0
1010;0
1011;0
1012;0
1013;0
1014;0
1015;0
1016;0
1017;0
1018;0
1019;0
1020;0
1021;0
1022;0
1023;0
