0;1
1;0
2;0
3;2
4;1
5;0
6;2
7;2
8;2
9;0
10;2
11;0
12;1
13;0
14;1
15;0
16;0
17;0
18;0
19;2
20;1
21;0
22;0
23;2
24;2
25;0
26;2
27;1
28;2
29;0
30;2
31;0
32;0
33;1
34;2
35;0
36;0
37;0
38;1
39;0
40;1
41;1
42;0
43;0
44;0
45;0
46;0
47;0
48;0
49;1
50;0
51;0
52;0
53;2
54;2
55;0
56;0
57;1
58;0
59;0
60;2
61;0
62;1
63;0
64;2
65;1
66;0
67;1
68;0
69;2
70;0
71;0
72;2
73;0
74;0
75;0
76;0
77;0
78;0
79;0
80;1
81;1
82;0
83;2
84;0
85;0
86;0
87;0
88;0
89;0
90;0
91;1
92;1
93;0
94;0
95;0
96;0
97;2
98;2
99;2
100;2
101;0
102;0
103;0
104;2
105;0
106;0
107;0
108;1
109;0
110;0
111;2
112;2
113;0
114;0
115;0
116;0
117;0
118;2
119;0
120;0
121;1
122;0
123;1
124;0
125;0
126;0
127;1
128;0
129;0
130;0
131;0
132;0
133;2
134;1
135;0
136;2
137;2
138;0
139;2
140;0
141;2
142;0
143;0
144;0
145;0
146;0
147;0
148;2
149;2
150;2
151;2
152;2
153;0
154;0
155;0
156;0
157;0
158;2
159;0
160;0
161;0
162;0
163;0
164;1
165;0
166;0
167;0
168;0
169;0
170;2
171;0
172;2
173;0
174;2
175;1
176;0
177;0
178;0
179;0
180;0
181;0
182;0
183;0
184;0
185;0
186;1
187;0
188;0
189;0
190;2
191;2
192;2
193;0
194;0
195;1
196;0
197;2
198;2
199;0
200;2
201;0
202;0
203;0
204;0
205;0
206;0
207;0
208;2
209;1
210;0
211;0
212;2
213;0
214;0
215;0
216;2
217;0
218;0
219;0
220;0
221;0
222;2
223;1
224;0
225;0
226;0
227;0
228;0
229;0
230;0
231;0
232;2
233;2
234;0
235;0
236;0
237;0
238;0
239;0
240;0
241;2
242;0
243;0
244;0
245;0
246;0
247;0
248;0
249;2
250;0
251;2
252;1
253;1
254;1
255;0
256;0
257;0
258;0
259;0
260;0
261;0
262;1
263;0
264;0
265;0
266;2
267;0
268;0
269;2
270;2
271;0
272;0
273;1
274;0
275;0
276;2
277;2
278;0
279;0
280;0
281;0
282;0
283;0
284;0
285;0
286;0
287;0
288;2
289;0
290;0
291;0
292;0
293;0
294;0
295;0
296;1
297;0
298;1
299;0
300;0
301;1
302;0
303;0
304;0
305;0
306;0
307;1
308;0
309;0
310;0
311;0
312;2
313;2
314;2
315;1
316;0
317;2
318;0
319;2
320;0
321;0
322;0
323;1
324;0
325;1
326;0
327;1
328;2
329;2
330;2
331;2
332;1
333;0
334;1
335;0
336;1
337;0
338;1
339;0
340;2
341;0
342;0
343;2
344;1
345;0
346;0
347;2
348;0
349;0
350;2
351;2
352;2
353;0
354;2
355;2
356;2
357;0
358;2
359;1
360;0
361;0
362;2
363;0
364;0
365;2
366;0
367;0
368;0
369;1
370;0
371;2
372;2
373;1
374;0
375;2
376;2
377;1
378;0
379;0
380;4
381;2
382;0
383;2
384;0
385;0
386;0
387;2
388;2
389;0
390;1
391;2
392;0
393;0
394;0
395;0
396;0
397;0
398;1
399;0
400;0
401;0
402;2
403;0
404;0
405;0
406;0
407;0
408;0
409;0
410;2
411;0
412;0
413;2
414;0
415;2
416;2
417;0
418;0
419;2
420;2
421;0
422;0
423;2
424;0
425;0
426;2
427;2
428;2
429;2
430;0
431;0
432;1
433;1
434;0
435;0
436;2
437;1
438;0
439;0
440;2
441;1
442;0
443;1
444;0
445;0
446;0
447;0
448;0
449;2
450;0
451;0
452;0
453;0
454;1
455;0
456;1
457;2
458;0
459;0
460;0
461;0
462;0
463;0
464;1
465;2
466;0
467;0
468;0
469;0
470;0
471;0
472;0
473;2
474;0
475;0
476;2
477;1
478;0
479;1
480;0
481;0
482;0
483;0
484;0
485;1
486;0
487;0
488;0
489;0
490;0
491;2
492;2
493;0
494;0
495;0
496;0
497;0
498;0
499;0
500;1
501;1
502;0
503;0
504;0
505;0
506;2
507;0
508;0
509;0
510;0
511;1
512;1
513;0
514;2
515;2
516;2
517;0
518;0
519;0
520;0
521;2
522;2
523;0
524;0
525;0
526;2
527;2
528;0
529;1
530;2
531;1
532;0
533;0
534;0
535;0
536;2
537;0
538;0
539;0
540;0
541;0
542;1
543;0
544;0
545;0
546;0
547;0
548;0
549;0
550;2
551;0
552;0
553;2
554;0
555;0
556;1
557;0
558;2
559;0
560;0
561;0
562;0
563;1
564;0
565;2
566;2
567;1
568;0
569;1
570;0
571;1
572;0
573;0
574;0
575;0
576;0
577;0
578;0
579;0
580;2
581;2
582;0
583;0
584;1
585;0
586;0
587;0
588;0
589;0
590;0
591;0
592;0
593;0
594;0
595;0
596;0
597;0
598;0
599;0
600;2
601;2
602;0
603;0
604;2
605;2
606;0
607;0
608;2
609;2
610;0
611;0
612;2
613;0
614;0
615;0
616;0
617;0
618;0
619;0
620;0
621;0
622;1
623;0
624;0
625;2
626;0
627;0
628;2
629;2
630;1
631;0
632;1
633;1
634;0
635;0
636;0
637;0
638;0
639;0
640;0
641;0
642;0
643;0
644;2
645;0
646;0
647;0
648;0
649;0
650;0
651;2
652;0
653;0
654;2
655;0
656;2
657;0
658;0
659;0
660;0
661;0
662;2
663;2
664;1
665;0
666;0
667;0
668;2
669;0
670;2
671;2
672;2
673;0
674;2
675;0
676;2
677;0
678;0
679;0
680;1
681;1
682;1
683;0
684;1
685;0
686;0
687;1
688;0
689;0
690;0
691;2
692;2
693;0
694;0
695;1
696;0
697;0
698;0
699;2
700;0
701;1
702;0
703;0
704;0
705;0
706;0
707;0
708;0
709;0
710;0
711;0
712;1
713;0
714;0
715;0
716;0
717;0
718;0
719;0
720;0
721;0
722;0
723;0
724;0
725;0
726;0
727;0
728;0
729;2
730;1
731;0
732;2
733;0
734;0
735;2
736;0
737;0
738;0
739;1
740;0
741;0
742;0
743;0
744;1
745;0
746;0
747;0
748;0
749;0
750;2
751;2
752;0
753;2
754;0
755;0
756;0
757;0
758;2
759;0
760;0
761;2
762;2
763;0
764;0
765;0
766;0
767;0
768;0
769;0
770;2
771;2
772;0
773;0
774;0
775;0
776;0
777;0
778;2
779;2
780;0
781;0
782;0
783;0
784;0
785;0
786;0
787;1
788;0
789;0
790;0
791;0
792;0
793;0
794;0
795;0
796;0
797;0
798;0
799;1
800;0
801;1
802;0
803;0
804;0
805;2
806;2
807;0
808;1
809;2
810;2
811;0
812;0
813;0
814;0
815;0
816;0
817;1
818;0
819;0
820;1
821;2
822;2
823;1
824;2
825;0
826;0
827;0
828;0
829;2
830;1
831;1
832;1
833;0
834;2
835;0
836;2
837;2
838;0
839;0
840;0
841;0
842;0
843;0
844;0
845;0
846;0
847;0
848;0
849;0
850;0
851;1
852;0
853;2
854;2
855;0
856;0
857;0
858;0
859;0
860;1
861;2
862;0
863;0
864;0
865;0
866;2
867;0
868;0
869;1
870;1
871;0
872;0
873;0
874;0
875;0
876;0
877;2
878;0
879;2
880;0
881;0
882;0
883;1
884;1
885;1
886;1
887;1
888;0
889;0
890;2
891;2
892;0
893;0
894;0
895;2
896;1
897;1
898;0
899;0
900;2
901;2
902;0
903;0
904;0
905;1
906;0
907;1
908;0
909;0
910;0
911;1
912;0
913;0
914;2
915;0
916;2
917;1
918;1
919;0
920;0
921;2
922;2
923;2
924;2
925;0
926;0
927;2
928;2
929;2
930;1
931;0
932;0
933;2
934;0
935;0
936;0
937;0
938;1
939;0
940;0
941;0
942;0
943;1
944;0
945;1
946;0
947;0
948;0
949;2
950;2
951;0
952;2
953;0
954;2
955;1
956;0
957;0
958;0
959;0
960;0
961;0
962;0
963;0
964;1
965;0
966;0
967;2
968;1
969;0
970;0
971;2
972;0
973;0
974;2
975;2
976;2
977;0
978;2
979;2
980;2
981;0
982;0
983;0
984;0
985;0
986;0
987;2
988;1
989;0
990;2
991;2
992;1
993;0
994;0
995;2
996;4
997;0
998;2
999;2
1000;0
1001;0
1002;2
1003;0
1004;2
1005;0
1006;0
1007;0
1008;0
1009;0
1010;1
1011;1
1012;0
1013;0
1014;0
1015;0
1016;0
1017;0
1018;0
1019;0
1020;0
1021;0
1022;0
1023;0
