0;1
1;0
2;0
3;0
4;2
5;0
6;0
7;2
8;2
9;0
10;0
11;2
12;2
13;0
14;1
15;0
16;0
17;0
18;0
19;0
20;1
21;0
22;0
23;0
24;1
25;0
26;0
27;0
28;2
29;0
30;0
31;0
32;0
33;0
34;0
35;2
36;0
37;0
38;0
39;0
40;1
41;0
42;0
43;1
44;0
45;0
46;0
47;0
48;1
49;0
50;0
51;0
52;1
53;0
54;2
55;2
56;2
57;2
58;2
59;0
60;2
61;2
62;1
63;2
64;2
65;0
66;0
67;1
68;2
69;1
70;0
71;1
72;2
73;1
74;0
75;0
76;0
77;2
78;0
79;0
80;1
81;0
82;0
83;0
84;1
85;2
86;0
87;0
88;2
89;2
90;0
91;0
92;1
93;0
94;0
95;0
96;2
97;2
98;0
99;0
100;2
101;0
102;0
103;2
104;0
105;0
106;0
107;0
108;0
109;0
110;1
111;0
112;1
113;0
114;0
115;0
116;0
117;1
118;0
119;2
120;0
121;0
122;1
123;2
124;0
125;0
126;0
127;0
128;0
129;2
130;0
131;0
132;0
133;0
134;0
135;0
136;0
137;1
138;0
139;0
140;0
141;0
142;0
143;0
144;2
145;1
146;0
147;2
148;2
149;0
150;0
151;0
152;0
153;0
154;0
155;0
156;0
157;0
158;0
159;2
160;0
161;0
162;0
163;0
164;2
165;0
166;0
167;0
168;2
169;0
170;0
171;0
172;2
173;0
174;0
175;0
176;0
177;0
178;0
179;1
180;0
181;2
182;1
183;0
184;1
185;0
186;0
187;0
188;0
189;2
190;1
191;0
192;0
193;0
194;0
195;0
196;1
197;0
198;0
199;2
200;1
201;0
202;0
203;0
204;0
205;2
206;0
207;1
208;0
209;0
210;2
211;2
212;2
213;0
214;0
215;0
216;2
217;0
218;1
219;0
220;0
221;0
222;0
223;1
224;1
225;0
226;2
227;1
228;0
229;0
230;0
231;2
232;1
233;0
234;0
235;1
236;0
237;0
238;0
239;2
240;0
241;0
242;2
243;0
244;1
245;0
246;1
247;0
248;0
249;0
250;2
251;2
252;2
253;2
254;0
255;0
256;0
257;0
258;1
259;1
260;1
261;0
262;2
263;0
264;0
265;2
266;1
267;0
268;0
269;0
270;0
271;0
272;0
273;0
274;0
275;1
276;0
277;0
278;0
279;1
280;1
281;0
282;0
283;0
284;2
285;2
286;0
287;0
288;0
289;0
290;0
291;0
292;2
293;0
294;0
295;1
296;0
297;0
298;0
299;0
300;2
301;0
302;0
303;1
304;0
305;0
306;2
307;2
308;0
309;2
310;0
311;0
312;0
313;0
314;0
315;0
316;0
317;0
318;2
319;0
320;0
321;1
322;0
323;2
324;0
325;0
326;1
327;0
328;1
329;0
330;0
331;1
332;1
333;0
334;0
335;0
336;0
337;0
338;0
339;0
340;1
341;0
342;0
343;0
344;0
345;2
346;1
347;0
348;2
349;0
350;0
351;0
352;0
353;0
354;0
355;2
356;0
357;0
358;0
359;2
360;2
361;0
362;2
363;2
364;2
365;0
366;2
367;0
368;0
369;1
370;0
371;1
372;0
373;2
374;0
375;0
376;0
377;2
378;0
379;0
380;1
381;0
382;1
383;0
384;0
385;0
386;0
387;2
388;2
389;0
390;2
391;2
392;1
393;0
394;0
395;0
396;2
397;0
398;1
399;0
400;0
401;0
402;2
403;1
404;0
405;0
406;1
407;0
408;2
409;0
410;2
411;0
412;0
413;2
414;2
415;0
416;0
417;0
418;0
419;0
420;2
421;0
422;0
423;0
424;0
425;0
426;0
427;0
428;0
429;0
430;0
431;0
432;1
433;2
434;0
435;0
436;2
437;2
438;1
439;0
440;0
441;0
442;1
443;0
444;1
445;0
446;0
447;0
448;2
449;2
450;0
451;0
452;0
453;1
454;0
455;0
456;1
457;2
458;0
459;0
460;2
461;0
462;2
463;0
464;2
465;0
466;0
467;2
468;0
469;2
470;2
471;2
472;0
473;0
474;0
475;0
476;2
477;0
478;0
479;2
480;1
481;0
482;2
483;0
484;1
485;2
486;1
487;1
488;2
489;0
490;0
491;0
492;2
493;1
494;2
495;2
496;0
497;0
498;0
499;0
500;0
501;0
502;1
503;0
504;1
505;0
506;0
507;0
508;0
509;0
510;1
511;0
512;2
513;0
514;0
515;0
516;2
517;0
518;0
519;0
520;2
521;0
522;0
523;0
524;1
525;0
526;0
527;1
528;0
529;0
530;0
531;0
532;0
533;1
534;2
535;1
536;0
537;1
538;0
539;0
540;1
541;0
542;0
543;0
544;0
545;0
546;0
547;0
548;2
549;0
550;0
551;0
552;0
553;0
554;0
555;0
556;0
557;1
558;0
559;0
560;2
561;0
562;0
563;2
564;1
565;0
566;0
567;0
568;0
569;0
570;0
571;0
572;0
573;0
574;0
575;0
576;1
577;1
578;1
579;0
580;0
581;0
582;1
583;0
584;0
585;0
586;1
587;0
588;1
589;0
590;0
591;0
592;0
593;0
594;2
595;2
596;2
597;0
598;0
599;0
600;0
601;0
602;2
603;0
604;2
605;0
606;0
607;0
608;0
609;0
610;0
611;0
612;0
613;0
614;0
615;0
616;0
617;1
618;0
619;0
620;2
621;0
622;0
623;0
624;2
625;0
626;2
627;0
628;0
629;0
630;0
631;0
632;0
633;2
634;0
635;0
636;1
637;0
638;1
639;0
640;2
641;0
642;0
643;0
644;0
645;0
646;0
647;0
648;0
649;2
650;0
651;0
652;0
653;2
654;2
655;0
656;0
657;1
658;0
659;0
660;2
661;2
662;2
663;0
664;0
665;0
666;0
667;2
668;2
669;0
670;0
671;2
672;1
673;2
674;2
675;2
676;2
677;0
678;0
679;0
680;1
681;0
682;2
683;0
684;2
685;1
686;0
687;0
688;1
689;0
690;0
691;0
692;2
693;0
694;0
695;0
696;0
697;1
698;0
699;0
700;0
701;2
702;0
703;0
704;0
705;0
706;0
707;0
708;0
709;1
710;0
711;0
712;1
713;0
714;0
715;1
716;1
717;2
718;0
719;0
720;0
721;0
722;1
723;0
724;0
725;0
726;1
727;2
728;2
729;2
730;2
731;0
732;0
733;0
734;0
735;1
736;2
737;0
738;1
739;0
740;2
741;0
742;0
743;2
744;0
745;0
746;1
747;0
748;0
749;0
750;1
751;0
752;0
753;0
754;0
755;0
756;0
757;0
758;0
759;0
760;1
761;0
762;0
763;2
764;2
765;2
766;0
767;0
768;2
769;0
770;0
771;0
772;0
773;1
774;1
775;0
776;0
777;2
778;0
779;1
780;2
781;2
782;0
783;0
784;0
785;0
786;0
787;1
788;0
789;2
790;2
791;0
792;0
793;0
794;2
795;2
796;0
797;2
798;0
799;0
800;0
801;0
802;0
803;2
804;0
805;0
806;2
807;2
808;0
809;0
810;0
811;0
812;0
813;2
814;0
815;0
816;0
817;0
818;0
819;0
820;0
821;0
822;0
823;2
824;0
825;1
826;0
827;0
828;0
829;0
830;1
831;0
832;0
833;0
834;0
835;0
836;2
837;2
838;1
839;0
840;2
841;0
842;0
843;0
844;0
845;0
846;2
847;0
848;0
849;0
850;0
851;1
852;0
853;0
854;0
855;1
856;0
857;0
858;0
859;2
860;1
861;1
862;0
863;0
864;0
865;0
866;0
867;0
868;0
869;0
870;0
871;1
872;0
873;0
874;2
875;2
876;0
877;0
878;0
879;0
880;0
881;0
882;0
883;0
884;0
885;0
886;0
887;0
888;0
889;2
890;0
891;0
892;0
893;1
894;2
895;0
896;1
897;0
898;1
899;2
900;1
901;0
902;1
903;0
904;1
905;0
906;0
907;0
908;1
909;1
910;0
911;0
912;0
913;0
914;0
915;0
916;0
917;0
918;0
919;0
920;0
921;0
922;0
923;2
924;0
925;2
926;0
927;0
928;0
929;0
930;0
931;0
932;2
933;0
934;0
935;0
936;0
937;2
938;0
939;0
940;1
941;0
942;0
943;0
944;0
945;0
946;0
947;0
948;0
949;0
950;1
951;0
952;1
953;0
954;0
955;0
956;2
957;0
958;2
959;0
960;1
961;1
962;0
963;0
964;1
965;1
966;0
967;0
968;2
969;2
970;2
971;2
972;2
973;1
974;0
975;0
976;2
977;2
978;0
979;0
980;0
981;0
982;0
983;1
984;0
985;0
986;0
987;1
988;2
989;2
990;2
991;2
992;1
993;0
994;0
995;0
996;1
997;0
998;0
999;0
1000;0
1001;0
1002;0
1003;0
1004;0
1005;2
1006;0
1007;1
1008;0
1009;0
1010;0
1011;0
1012;0
1013;1
1014;1
1015;0
1016;0
1017;0
1018;0
1019;0
1020;0
1021;0
1022;0
1023;0
