0;0
1;0
2;0
3;2
4;4
5;2
6;2
7;2
8;2
9;0
10;0
11;0
12;1
13;0
14;1
15;0
16;0
17;2
18;2
19;2
20;2
21;2
22;0
23;2
24;1
25;1
26;0
27;0
28;2
29;0
30;1
31;0
32;0
33;2
34;0
35;0
36;2
37;1
38;1
39;0
40;0
41;0
42;1
43;0
44;2
45;0
46;0
47;0
48;0
49;2
50;0
51;0
52;2
53;0
54;0
55;0
56;0
57;0
58;0
59;0
60;1
61;1
62;0
63;2
64;0
65;0
66;0
67;0
68;0
69;0
70;0
71;0
72;0
73;0
74;0
75;0
76;2
77;1
78;2
79;1
80;0
81;0
82;0
83;2
84;0
85;0
86;0
87;1
88;1
89;0
90;0
91;2
92;2
93;1
94;2
95;1
96;0
97;0
98;0
99;1
100;0
101;0
102;2
103;2
104;1
105;0
106;0
107;1
108;4
109;0
110;2
111;0
112;2
113;0
114;2
115;0
116;2
117;2
118;2
119;0
120;1
121;0
122;0
123;0
124;1
125;2
126;0
127;2
128;0
129;1
130;0
131;1
132;0
133;0
134;1
135;0
136;1
137;0
138;0
139;1
140;2
141;0
142;0
143;0
144;0
145;0
146;2
147;2
148;0
149;0
150;0
151;2
152;2
153;0
154;2
155;2
156;2
157;0
158;2
159;0
160;2
161;0
162;0
163;0
164;0
165;0
166;1
167;0
168;0
169;0
170;0
171;2
172;0
173;1
174;0
175;0
176;0
177;0
178;0
179;0
180;2
181;1
182;0
183;2
184;2
185;0
186;0
187;0
188;1
189;0
190;0
191;0
192;0
193;0
194;1
195;2
196;0
197;0
198;0
199;1
200;0
201;2
202;2
203;0
204;1
205;0
206;0
207;1
208;0
209;0
210;1
211;0
212;0
213;1
214;2
215;0
216;1
217;0
218;0
219;0
220;2
221;0
222;0
223;0
224;0
225;0
226;2
227;0
228;0
229;0
230;0
231;0
232;0
233;0
234;0
235;0
236;2
237;2
238;0
239;0
240;1
241;0
242;0
243;2
244;4
245;0
246;0
247;2
248;1
249;0
250;2
251;0
252;2
253;0
254;0
255;0
256;2
257;1
258;0
259;0
260;0
261;1
262;0
263;1
264;0
265;0
266;0
267;0
268;0
269;0
270;2
271;1
272;0
273;0
274;2
275;2
276;0
277;0
278;0
279;1
280;0
281;0
282;1
283;0
284;0
285;0
286;0
287;0
288;2
289;1
290;0
291;0
292;0
293;0
294;1
295;0
296;0
297;0
298;2
299;1
300;0
301;0
302;0
303;2
304;0
305;0
306;0
307;0
308;2
309;0
310;0
311;0
312;0
313;0
314;2
315;0
316;2
317;0
318;0
319;1
320;0
321;1
322;0
323;2
324;0
325;2
326;2
327;1
328;0
329;0
330;0
331;0
332;1
333;0
334;0
335;0
336;0
337;0
338;0
339;0
340;0
341;1
342;0
343;2
344;0
345;2
346;0
347;2
348;2
349;2
350;0
351;0
352;2
353;0
354;0
355;1
356;0
357;2
358;0
359;0
360;2
361;2
362;0
363;0
364;1
365;0
366;1
367;0
368;0
369;0
370;0
371;2
372;0
373;1
374;0
375;2
376;2
377;0
378;2
379;1
380;0
381;0
382;0
383;1
384;0
385;2
386;0
387;0
388;0
389;0
390;0
391;2
392;0
393;0
394;2
395;2
396;0
397;0
398;0
399;0
400;2
401;0
402;0
403;0
404;1
405;0
406;1
407;0
408;0
409;2
410;0
411;0
412;0
413;2
414;2
415;2
416;2
417;0
418;0
419;0
420;2
421;0
422;0
423;0
424;1
425;0
426;0
427;2
428;2
429;0
430;2
431;0
432;0
433;1
434;0
435;2
436;1
437;0
438;0
439;0
440;1
441;1
442;0
443;0
444;2
445;0
446;0
447;1
448;1
449;0
450;0
451;0
452;0
453;2
454;0
455;1
456;0
457;0
458;2
459;0
460;0
461;0
462;0
463;0
464;0
465;0
466;0
467;0
468;1
469;0
470;0
471;2
472;0
473;0
474;0
475;1
476;0
477;0
478;0
479;2
480;2
481;0
482;0
483;2
484;1
485;0
486;0
487;0
488;0
489;0
490;1
491;0
492;0
493;0
494;0
495;1
496;2
497;0
498;0
499;0
500;0
501;0
502;0
503;0
504;2
505;1
506;0
507;0
508;0
509;0
510;0
511;0
512;1
513;0
514;0
515;2
516;1
517;0
518;2
519;2
520;2
521;2
522;2
523;0
524;1
525;0
526;0
527;0
528;2
529;0
530;0
531;0
532;0
533;0
534;0
535;2
536;2
537;0
538;0
539;2
540;1
541;0
542;0
543;0
544;0
545;2
546;2
547;0
548;0
549;0
550;1
551;2
552;0
553;0
554;0
555;1
556;0
557;0
558;0
559;0
560;0
561;0
562;0
563;0
564;0
565;0
566;1
567;1
568;0
569;1
570;0
571;0
572;1
573;0
574;2
575;0
576;0
577;1
578;0
579;2
580;2
581;2
582;0
583;0
584;0
585;0
586;0
587;1
588;0
589;0
590;2
591;1
592;0
593;0
594;0
595;1
596;0
597;0
598;2
599;1
600;0
601;0
602;0
603;2
604;0
605;0
606;0
607;0
608;0
609;0
610;0
611;0
612;0
613;0
614;0
615;0
616;0
617;0
618;2
619;0
620;2
621;0
622;0
623;2
624;0
625;0
626;2
627;2
628;2
629;0
630;2
631;0
632;1
633;2
634;0
635;0
636;2
637;2
638;0
639;2
640;2
641;0
642;0
643;0
644;1
645;0
646;0
647;0
648;2
649;0
650;2
651;1
652;2
653;0
654;0
655;1
656;0
657;0
658;1
659;0
660;2
661;2
662;0
663;0
664;2
665;0
666;1
667;0
668;2
669;0
670;0
671;2
672;0
673;0
674;0
675;0
676;0
677;0
678;2
679;0
680;2
681;2
682;0
683;2
684;0
685;0
686;0
687;0
688;0
689;0
690;0
691;1
692;0
693;0
694;2
695;0
696;0
697;0
698;0
699;0
700;0
701;0
702;2
703;2
704;0
705;0
706;0
707;0
708;0
709;0
710;0
711;0
712;1
713;0
714;0
715;2
716;1
717;0
718;0
719;2
720;2
721;0
722;2
723;0
724;2
725;0
726;0
727;0
728;0
729;2
730;1
731;0
732;0
733;0
734;0
735;0
736;0
737;1
738;0
739;0
740;0
741;1
742;0
743;0
744;0
745;0
746;0
747;0
748;1
749;0
750;1
751;0
752;0
753;0
754;0
755;1
756;0
757;0
758;0
759;0
760;0
761;2
762;0
763;0
764;0
765;2
766;1
767;0
768;2
769;2
770;0
771;2
772;0
773;0
774;0
775;1
776;0
777;1
778;0
779;0
780;0
781;0
782;1
783;0
784;0
785;0
786;2
787;2
788;0
789;2
790;0
791;0
792;1
793;0
794;0
795;0
796;0
797;2
798;0
799;1
800;0
801;0
802;0
803;0
804;0
805;2
806;1
807;0
808;2
809;0
810;1
811;0
812;0
813;0
814;2
815;0
816;1
817;0
818;0
819;0
820;2
821;0
822;2
823;0
824;0
825;0
826;0
827;0
828;0
829;1
830;0
831;0
832;0
833;0
834;0
835;0
836;0
837;2
838;0
839;0
840;0
841;2
842;2
843;0
844;1
845;1
846;0
847;0
848;0
849;0
850;0
851;0
852;0
853;0
854;0
855;0
856;1
857;2
858;2
859;2
860;2
861;0
862;0
863;0
864;2
865;1
866;0
867;2
868;1
869;0
870;1
871;2
872;2
873;0
874;0
875;0
876;2
877;0
878;0
879;1
880;0
881;1
882;0
883;1
884;0
885;0
886;0
887;0
888;0
889;2
890;1
891;0
892;0
893;0
894;0
895;0
896;2
897;0
898;0
899;0
900;1
901;0
902;1
903;1
904;0
905;0
906;0
907;1
908;0
909;0
910;0
911;0
912;1
913;2
914;0
915;1
916;0
917;0
918;1
919;0
920;1
921;1
922;1
923;1
924;0
925;0
926;0
927;2
928;2
929;1
930;0
931;2
932;1
933;0
934;0
935;2
936;2
937;0
938;2
939;2
940;2
941;0
942;0
943;0
944;2
945;0
946;2
947;0
948;0
949;0
950;0
951;1
952;0
953;2
954;0
955;0
956;2
957;0
958;1
959;0
960;2
961;2
962;1
963;2
964;2
965;1
966;0
967;1
968;0
969;0
970;1
971;0
972;2
973;1
974;0
975;1
976;0
977;0
978;0
979;0
980;2
981;0
982;2
983;0
984;2
985;0
986;0
987;0
988;0
989;0
990;0
991;0
992;0
993;0
994;0
995;0
996;0
997;0
998;0
999;0
1000;2
1001;1
1002;0
1003;1
1004;0
1005;0
1006;0
1007;0
1008;0
1009;0
1010;2
1011;1
1012;0
1013;0
1014;0
1015;0
1016;0
1017;0
1018;0
1019;0
1020;0
1021;0
1022;0
1023;0
