0;0
1;0
2;0
3;1
4;2
5;0
6;2
7;2
8;0
9;0
10;2
11;2
12;2
13;0
14;0
15;0
16;1
17;0
18;2
19;0
20;2
21;2
22;2
23;0
24;1
25;2
26;2
27;0
28;2
29;0
30;0
31;2
32;0
33;0
34;0
35;0
36;0
37;0
38;0
39;0
40;1
41;0
42;0
43;0
44;2
45;0
46;2
47;0
48;1
49;0
50;0
51;0
52;0
53;0
54;2
55;0
56;0
57;1
58;0
59;2
60;1
61;0
62;0
63;0
64;0
65;2
66;0
67;0
68;0
69;0
70;0
71;1
72;0
73;0
74;0
75;0
76;0
77;0
78;0
79;0
80;2
81;0
82;2
83;0
84;2
85;2
86;0
87;0
88;0
89;0
90;0
91;0
92;0
93;0
94;0
95;0
96;0
97;0
98;0
99;0
100;0
101;0
102;0
103;0
104;0
105;2
106;0
107;2
108;0
109;2
110;0
111;0
112;0
113;1
114;0
115;0
116;0
117;0
118;0
119;0
120;2
121;1
122;1
123;0
124;0
125;0
126;0
127;1
128;0
129;0
130;0
131;0
132;1
133;0
134;0
135;0
136;0
137;2
138;2
139;0
140;1
141;0
142;0
143;0
144;1
145;0
146;0
147;1
148;0
149;0
150;0
151;0
152;1
153;0
154;0
155;0
156;0
157;0
158;0
159;0
160;2
161;0
162;0
163;0
164;0
165;0
166;0
167;0
168;0
169;0
170;0
171;2
172;1
173;0
174;0
175;2
176;4
177;0
178;2
179;1
180;0
181;0
182;2
183;2
184;1
185;0
186;0
187;0
188;0
189;0
190;0
191;0
192;0
193;0
194;1
195;0
196;2
197;0
198;0
199;0
200;2
201;2
202;1
203;0
204;2
205;0
206;2
207;0
208;0
209;0
210;0
211;0
212;0
213;0
214;0
215;0
216;2
217;0
218;0
219;0
220;1
221;0
222;0
223;0
224;0
225;1
226;2
227;2
228;0
229;0
230;0
231;0
232;0
233;0
234;1
235;0
236;0
237;0
238;0
239;1
240;1
241;0
242;0
243;4
244;0
245;0
246;2
247;2
248;1
249;0
250;0
251;2
252;2
253;0
254;0
255;1
256;0
257;0
258;0
259;2
260;2
261;0
262;0
263;0
264;1
265;0
266;2
267;1
268;0
269;0
270;0
271;0
272;2
273;2
274;0
275;2
276;1
277;0
278;0
279;0
280;1
281;1
282;0
283;0
284;2
285;0
286;0
287;0
288;2
289;2
290;0
291;0
292;2
293;0
294;0
295;0
296;1
297;0
298;0
299;0
300;2
301;0
302;0
303;1
304;0
305;2
306;0
307;0
308;0
309;0
310;0
311;0
312;0
313;0
314;0
315;0
316;0
317;1
318;1
319;0
320;0
321;0
322;0
323;1
324;0
325;0
326;1
327;0
328;1
329;0
330;0
331;1
332;2
333;0
334;2
335;0
336;0
337;2
338;0
339;2
340;1
341;0
342;0
343;0
344;1
345;0
346;0
347;0
348;0
349;0
350;0
351;0
352;2
353;0
354;0
355;0
356;2
357;2
358;0
359;1
360;0
361;0
362;0
363;0
364;0
365;0
366;0
367;0
368;2
369;2
370;2
371;1
372;0
373;0
374;0
375;0
376;2
377;0
378;0
379;0
380;0
381;0
382;2
383;0
384;0
385;0
386;0
387;0
388;0
389;2
390;2
391;2
392;1
393;0
394;0
395;0
396;0
397;0
398;0
399;0
400;0
401;0
402;0
403;0
404;2
405;0
406;0
407;0
408;1
409;0
410;0
411;2
412;2
413;2
414;2
415;0
416;2
417;0
418;0
419;2
420;2
421;2
422;2
423;0
424;2
425;0
426;0
427;0
428;2
429;0
430;1
431;0
432;1
433;0
434;0
435;0
436;0
437;0
438;2
439;2
440;0
441;0
442;0
443;0
444;2
445;0
446;0
447;2
448;1
449;0
450;0
451;2
452;1
453;0
454;0
455;2
456;2
457;2
458;2
459;2
460;2
461;0
462;0
463;0
464;2
465;0
466;1
467;0
468;0
469;0
470;0
471;0
472;2
473;2
474;0
475;0
476;2
477;2
478;2
479;1
480;2
481;0
482;0
483;0
484;0
485;1
486;0
487;0
488;2
489;2
490;2
491;1
492;0
493;0
494;0
495;1
496;1
497;2
498;0
499;0
500;0
501;0
502;0
503;0
504;2
505;0
506;0
507;0
508;0
509;0
510;0
511;0
512;0
513;2
514;1
515;0
516;2
517;2
518;0
519;0
520;0
521;0
522;0
523;2
524;0
525;0
526;0
527;0
528;0
529;0
530;0
531;2
532;0
533;0
534;0
535;0
536;2
537;0
538;0
539;0
540;2
541;1
542;0
543;2
544;2
545;2
546;2
547;0
548;2
549;0
550;2
551;0
552;0
553;0
554;0
555;1
556;1
557;2
558;0
559;0
560;0
561;0
562;0
563;0
564;0
565;0
566;2
567;0
568;0
569;1
570;0
571;0
572;2
573;1
574;0
575;0
576;0
577;0
578;0
579;2
580;1
581;0
582;0
583;2
584;4
585;0
586;2
587;1
588;0
589;0
590;2
591;0
592;2
593;1
594;0
595;0
596;0
597;1
598;0
599;1
600;0
601;0
602;2
603;0
604;2
605;0
606;2
607;0
608;1
609;0
610;0
611;0
612;2
613;0
614;0
615;0
616;2
617;0
618;0
619;0
620;0
621;2
622;0
623;0
624;1
625;0
626;0
627;0
628;1
629;0
630;0
631;1
632;2
633;0
634;2
635;2
636;0
637;0
638;0
639;1
640;1
641;0
642;0
643;0
644;0
645;0
646;0
647;0
648;0
649;0
650;2
651;2
652;2
653;0
654;0
655;0
656;0
657;0
658;0
659;2
660;1
661;0
662;0
663;0
664;0
665;0
666;0
667;0
668;0
669;1
670;2
671;0
672;0
673;2
674;0
675;0
676;1
677;0
678;0
679;2
680;0
681;0
682;0
683;0
684;4
685;0
686;0
687;0
688;0
689;1
690;2
691;2
692;2
693;0
694;0
695;0
696;0
697;0
698;0
699;0
700;1
701;0
702;0
703;0
704;0
705;0
706;0
707;0
708;0
709;0
710;0
711;0
712;0
713;0
714;0
715;2
716;2
717;1
718;0
719;0
720;0
721;0
722;0
723;1
724;0
725;0
726;0
727;0
728;2
729;2
730;0
731;0
732;1
733;0
734;0
735;0
736;0
737;0
738;0
739;0
740;0
741;0
742;0
743;1
744;0
745;0
746;2
747;2
748;2
749;2
750;0
751;0
752;0
753;0
754;0
755;0
756;1
757;0
758;2
759;2
760;0
761;0
762;0
763;2
764;4
765;0
766;2
767;0
768;2
769;0
770;2
771;0
772;2
773;0
774;0
775;0
776;0
777;1
778;0
779;0
780;2
781;2
782;0
783;2
784;1
785;0
786;1
787;0
788;1
789;0
790;0
791;1
792;0
793;2
794;0
795;0
796;0
797;2
798;0
799;0
800;1
801;0
802;0
803;0
804;0
805;1
806;0
807;0
808;2
809;1
810;0
811;0
812;0
813;0
814;0
815;0
816;0
817;0
818;0
819;0
820;0
821;0
822;0
823;0
824;2
825;0
826;1
827;0
828;0
829;0
830;1
831;0
832;1
833;0
834;2
835;0
836;1
837;0
838;0
839;2
840;0
841;0
842;2
843;0
844;0
845;0
846;0
847;0
848;0
849;0
850;2
851;2
852;1
853;0
854;0
855;0
856;0
857;0
858;2
859;2
860;2
861;2
862;2
863;2
864;2
865;0
866;0
867;0
868;0
869;2
870;0
871;0
872;2
873;0
874;0
875;0
876;0
877;0
878;0
879;0
880;2
881;0
882;0
883;0
884;1
885;0
886;0
887;0
888;0
889;2
890;2
891;1
892;0
893;0
894;0
895;0
896;1
897;0
898;0
899;0
900;0
901;2
902;2
903;0
904;0
905;2
906;0
907;1
908;0
909;0
910;2
911;0
912;0
913;2
914;0
915;0
916;1
917;0
918;0
919;0
920;1
921;2
922;0
923;2
924;4
925;0
926;2
927;2
928;2
929;0
930;2
931;0
932;1
933;0
934;0
935;0
936;0
937;0
938;0
939;0
940;0
941;0
942;2
943;1
944;0
945;0
946;0
947;0
948;0
949;0
950;2
951;0
952;1
953;0
954;0
955;0
956;0
957;1
958;0
959;1
960;0
961;0
962;2
963;0
964;1
965;0
966;1
967;0
968;0
969;2
970;0
971;2
972;1
973;1
974;0
975;0
976;0
977;0
978;2
979;2
980;1
981;0
982;0
983;0
984;2
985;0
986;1
987;1
988;0
989;0
990;0
991;0
992;0
993;2
994;0
995;0
996;1
997;1
998;0
999;1
1000;0
1001;0
1002;0
1003;2
1004;2
1005;1
1006;0
1007;0
1008;0
1009;0
1010;0
1011;0
1012;0
1013;0
1014;0
1015;0
1016;0
1017;0
1018;0
1019;0
1020;0
1021;0
1022;0
1023;0
