0;1
1;0
2;0
3;2
4;1
5;2
6;2
7;1
8;0
9;0
10;2
11;2
12;2
13;0
14;0
15;1
16;1
17;2
18;2
19;2
20;2
21;1
22;2
23;2
24;1
25;1
26;2
27;2
28;0
29;0
30;1
31;2
32;0
33;0
34;0
35;0
36;0
37;0
38;0
39;1
40;0
41;0
42;0
43;0
44;2
45;0
46;2
47;1
48;0
49;1
50;0
51;0
52;0
53;0
54;0
55;0
56;0
57;1
58;0
59;0
60;1
61;0
62;0
63;1
64;0
65;2
66;1
67;0
68;1
69;0
70;2
71;2
72;0
73;2
74;0
75;0
76;1
77;0
78;0
79;0
80;0
81;0
82;2
83;0
84;0
85;0
86;0
87;0
88;0
89;1
90;0
91;2
92;2
93;0
94;2
95;0
96;0
97;0
98;0
99;1
100;0
101;0
102;0
103;0
104;0
105;0
106;0
107;0
108;0
109;0
110;0
111;0
112;0
113;0
114;0
115;0
116;0
117;0
118;0
119;1
120;0
121;1
122;0
123;0
124;1
125;0
126;0
127;0
128;2
129;0
130;2
131;0
132;0
133;0
134;0
135;1
136;0
137;0
138;0
139;0
140;2
141;2
142;2
143;1
144;0
145;0
146;2
147;0
148;2
149;2
150;2
151;2
152;0
153;0
154;0
155;0
156;0
157;0
158;0
159;0
160;0
161;0
162;1
163;0
164;0
165;0
166;1
167;0
168;0
169;0
170;2
171;1
172;0
173;0
174;1
175;2
176;1
177;0
178;0
179;2
180;1
181;0
182;2
183;2
184;2
185;0
186;2
187;0
188;2
189;0
190;2
191;1
192;0
193;0
194;0
195;1
196;0
197;0
198;2
199;2
200;0
201;2
202;0
203;2
204;1
205;0
206;0
207;0
208;2
209;1
210;0
211;0
212;2
213;1
214;0
215;1
216;2
217;2
218;0
219;1
220;0
221;0
222;0
223;0
224;0
225;1
226;0
227;0
228;0
229;0
230;1
231;0
232;0
233;0
234;0
235;0
236;1
237;0
238;0
239;0
240;1
241;0
242;0
243;2
244;1
245;0
246;0
247;2
248;2
249;0
250;2
251;0
252;2
253;0
254;2
255;2
256;2
257;1
258;0
259;0
260;0
261;0
262;0
263;0
264;0
265;1
266;0
267;0
268;0
269;2
270;2
271;2
272;0
273;0
274;2
275;1
276;0
277;0
278;0
279;0
280;1
281;0
282;1
283;0
284;0
285;0
286;0
287;0
288;2
289;1
290;0
291;0
292;1
293;0
294;0
295;0
296;0
297;0
298;0
299;2
300;1
301;0
302;0
303;0
304;2
305;0
306;2
307;0
308;0
309;0
310;0
311;0
312;0
313;0
314;2
315;0
316;0
317;1
318;0
319;1
320;0
321;0
322;0
323;0
324;2
325;0
326;0
327;2
328;2
329;0
330;0
331;0
332;2
333;0
334;0
335;0
336;2
337;0
338;0
339;2
340;0
341;0
342;0
343;0
344;0
345;1
346;1
347;0
348;0
349;0
350;0
351;0
352;0
353;0
354;0
355;0
356;1
357;0
358;0
359;1
360;0
361;0
362;0
363;0
364;0
365;0
366;2
367;1
368;0
369;0
370;2
371;0
372;0
373;0
374;1
375;0
376;1
377;0
378;0
379;0
380;0
381;0
382;2
383;2
384;2
385;0
386;0
387;0
388;2
389;0
390;0
391;1
392;0
393;0
394;2
395;0
396;0
397;0
398;0
399;0
400;4
401;2
402;0
403;0
404;2
405;2
406;0
407;2
408;1
409;0
410;0
411;0
412;0
413;0
414;0
415;0
416;0
417;0
418;0
419;0
420;0
421;0
422;2
423;1
424;0
425;0
426;0
427;2
428;0
429;0
430;0
431;0
432;0
433;0
434;0
435;0
436;0
437;1
438;1
439;0
440;0
441;0
442;2
443;2
444;0
445;0
446;2
447;1
448;0
449;0
450;2
451;2
452;0
453;0
454;1
455;0
456;0
457;2
458;2
459;0
460;0
461;0
462;2
463;2
464;2
465;0
466;0
467;0
468;1
469;1
470;0
471;0
472;0
473;0
474;2
475;0
476;1
477;0
478;2
479;0
480;2
481;0
482;0
483;2
484;2
485;0
486;0
487;0
488;0
489;0
490;2
491;1
492;0
493;0
494;0
495;0
496;0
497;2
498;2
499;2
500;1
501;0
502;2
503;1
504;0
505;0
506;0
507;0
508;2
509;2
510;1
511;0
512;2
513;0
514;0
515;1
516;0
517;0
518;0
519;1
520;0
521;1
522;2
523;2
524;2
525;0
526;0
527;0
528;0
529;1
530;0
531;0
532;0
533;0
534;1
535;0
536;1
537;0
538;0
539;2
540;0
541;2
542;1
543;1
544;0
545;0
546;0
547;0
548;2
549;0
550;2
551;0
552;0
553;0
554;0
555;1
556;0
557;0
558;0
559;0
560;0
561;0
562;2
563;2
564;0
565;1
566;0
567;0
568;0
569;0
570;1
571;0
572;1
573;0
574;0
575;1
576;1
577;0
578;0
579;2
580;2
581;0
582;2
583;0
584;1
585;0
586;2
587;0
588;0
589;0
590;1
591;0
592;1
593;0
594;0
595;2
596;0
597;0
598;0
599;1
600;0
601;0
602;2
603;2
604;1
605;0
606;0
607;2
608;0
609;0
610;0
611;2
612;2
613;0
614;0
615;1
616;0
617;0
618;0
619;0
620;2
621;0
622;2
623;1
624;1
625;1
626;2
627;0
628;2
629;2
630;0
631;1
632;1
633;0
634;0
635;0
636;2
637;0
638;0
639;0
640;1
641;0
642;2
643;0
644;0
645;1
646;0
647;2
648;0
649;0
650;2
651;2
652;0
653;0
654;0
655;0
656;2
657;0
658;0
659;0
660;0
661;0
662;0
663;0
664;0
665;2
666;0
667;1
668;0
669;1
670;0
671;0
672;0
673;0
674;0
675;1
676;2
677;0
678;0
679;2
680;2
681;0
682;1
683;0
684;2
685;1
686;0
687;2
688;2
689;2
690;2
691;2
692;2
693;0
694;0
695;0
696;2
697;0
698;2
699;0
700;0
701;0
702;0
703;1
704;2
705;2
706;0
707;0
708;0
709;2
710;2
711;0
712;0
713;0
714;0
715;0
716;0
717;0
718;0
719;1
720;0
721;0
722;0
723;0
724;2
725;2
726;0
727;2
728;1
729;0
730;0
731;0
732;0
733;0
734;2
735;0
736;2
737;0
738;0
739;2
740;2
741;0
742;1
743;2
744;2
745;0
746;2
747;0
748;1
749;0
750;0
751;2
752;0
753;0
754;2
755;1
756;0
757;1
758;0
759;0
760;0
761;0
762;0
763;0
764;0
765;1
766;0
767;0
768;0
769;0
770;0
771;0
772;0
773;1
774;0
775;0
776;0
777;0
778;0
779;0
780;0
781;2
782;1
783;1
784;0
785;0
786;0
787;0
788;0
789;0
790;0
791;0
792;1
793;2
794;0
795;1
796;0
797;0
798;2
799;2
800;2
801;0
802;0
803;2
804;1
805;0
806;0
807;2
808;0
809;0
810;0
811;0
812;2
813;0
814;1
815;0
816;0
817;0
818;0
819;0
820;1
821;0
822;0
823;0
824;0
825;0
826;0
827;1
828;0
829;0
830;2
831;1
832;0
833;2
834;0
835;0
836;0
837;0
838;0
839;0
840;2
841;1
842;1
843;0
844;0
845;2
846;1
847;0
848;1
849;0
850;2
851;1
852;0
853;0
854;0
855;0
856;1
857;0
858;0
859;0
860;0
861;1
862;0
863;0
864;0
865;2
866;2
867;2
868;1
869;2
870;0
871;0
872;0
873;0
874;0
875;2
876;2
877;0
878;0
879;2
880;2
881;0
882;2
883;2
884;2
885;2
886;2
887;0
888;2
889;0
890;0
891;0
892;0
893;0
894;0
895;0
896;0
897;1
898;1
899;0
900;2
901;2
902;0
903;1
904;2
905;2
906;1
907;0
908;1
909;0
910;2
911;2
912;2
913;0
914;2
915;2
916;0
917;0
918;2
919;0
920;0
921;0
922;1
923;0
924;0
925;0
926;2
927;0
928;0
929;0
930;2
931;1
932;0
933;0
934;0
935;0
936;0
937;0
938;0
939;2
940;1
941;0
942;0
943;0
944;2
945;0
946;2
947;2
948;2
949;0
950;2
951;0
952;0
953;0
954;0
955;0
956;1
957;0
958;0
959;0
960;1
961;0
962;2
963;1
964;0
965;0
966;0
967;2
968;0
969;0
970;0
971;0
972;0
973;0
974;0
975;0
976;0
977;0
978;1
979;2
980;0
981;0
982;0
983;0
984;0
985;0
986;0
987;0
988;2
989;0
990;2
991;1
992;0
993;2
994;0
995;1
996;0
997;0
998;1
999;0
1000;1
1001;0
1002;2
1003;0
1004;0
1005;0
1006;0
1007;0
1008;0
1009;1
1010;2
1011;0
1012;1
1013;0
1014;0
1015;0
1016;0
1017;0
1018;0
1019;0
1020;0
1021;0
1022;0
1023;0
