0;1
1;0
2;0
3;2
4;4
5;0
6;2
7;1
8;0
9;0
10;0
11;0
12;2
13;1
14;0
15;0
16;0
17;1
18;0
19;0
20;2
21;0
22;0
23;0
24;0
25;0
26;0
27;1
28;2
29;0
30;0
31;0
32;1
33;0
34;0
35;1
36;0
37;0
38;1
39;2
40;1
41;0
42;0
43;0
44;1
45;1
46;0
47;0
48;0
49;0
50;2
51;0
52;1
53;0
54;0
55;2
56;2
57;2
58;2
59;0
60;0
61;0
62;2
63;0
64;1
65;0
66;0
67;1
68;0
69;0
70;2
71;0
72;0
73;0
74;0
75;0
76;0
77;0
78;2
79;0
80;0
81;2
82;0
83;2
84;0
85;1
86;0
87;0
88;2
89;1
90;0
91;1
92;1
93;0
94;1
95;0
96;1
97;2
98;0
99;0
100;2
101;0
102;0
103;2
104;2
105;0
106;2
107;0
108;0
109;0
110;2
111;0
112;2
113;0
114;0
115;2
116;4
117;0
118;2
119;1
120;0
121;0
122;2
123;0
124;2
125;0
126;0
127;0
128;0
129;2
130;0
131;0
132;0
133;2
134;1
135;0
136;2
137;0
138;1
139;0
140;2
141;2
142;0
143;2
144;0
145;0
146;2
147;0
148;0
149;1
150;0
151;2
152;2
153;2
154;2
155;0
156;0
157;2
158;2
159;0
160;1
161;1
162;0
163;0
164;1
165;0
166;0
167;1
168;0
169;0
170;0
171;2
172;0
173;0
174;0
175;2
176;2
177;0
178;2
179;0
180;0
181;0
182;0
183;0
184;0
185;2
186;0
187;0
188;0
189;0
190;2
191;2
192;2
193;1
194;0
195;0
196;2
197;2
198;2
199;0
200;0
201;0
202;2
203;0
204;1
205;0
206;0
207;2
208;2
209;0
210;0
211;2
212;1
213;0
214;0
215;0
216;1
217;0
218;0
219;1
220;2
221;0
222;2
223;2
224;1
225;2
226;0
227;2
228;1
229;0
230;0
231;1
232;0
233;2
234;0
235;0
236;1
237;0
238;0
239;2
240;2
241;2
242;2
243;2
244;1
245;0
246;0
247;2
248;1
249;2
250;2
251;2
252;1
253;0
254;2
255;0
256;0
257;0
258;2
259;0
260;0
261;2
262;1
263;1
264;2
265;0
266;2
267;1
268;0
269;1
270;0
271;2
272;1
273;0
274;0
275;0
276;0
277;0
278;0
279;0
280;4
281;0
282;1
283;0
284;2
285;1
286;0
287;0
288;1
289;0
290;1
291;0
292;0
293;0
294;2
295;2
296;2
297;0
298;2
299;2
300;1
301;0
302;0
303;0
304;0
305;0
306;0
307;0
308;1
309;0
310;1
311;0
312;1
313;1
314;0
315;2
316;1
317;0
318;2
319;2
320;2
321;0
322;2
323;0
324;1
325;0
326;0
327;2
328;0
329;0
330;0
331;0
332;0
333;0
334;2
335;2
336;1
337;0
338;0
339;0
340;0
341;0
342;0
343;0
344;0
345;0
346;0
347;0
348;0
349;0
350;0
351;1
352;0
353;0
354;0
355;2
356;4
357;0
358;0
359;2
360;2
361;0
362;2
363;0
364;2
365;2
366;0
367;0
368;0
369;0
370;2
371;0
372;0
373;0
374;1
375;0
376;0
377;0
378;0
379;0
380;4
381;2
382;0
383;2
384;2
385;0
386;1
387;2
388;2
389;1
390;0
391;0
392;0
393;1
394;0
395;0
396;0
397;0
398;0
399;0
400;0
401;0
402;1
403;0
404;0
405;0
406;0
407;1
408;1
409;0
410;2
411;2
412;2
413;0
414;0
415;0
416;2
417;0
418;1
419;0
420;0
421;0
422;2
423;2
424;0
425;0
426;1
427;1
428;0
429;0
430;1
431;0
432;0
433;0
434;0
435;0
436;0
437;0
438;2
439;0
440;0
441;0
442;0
443;0
444;1
445;0
446;0
447;1
448;0
449;2
450;2
451;2
452;0
453;0
454;0
455;0
456;2
457;0
458;0
459;0
460;2
461;0
462;0
463;2
464;2
465;1
466;0
467;2
468;2
469;1
470;0
471;0
472;1
473;0
474;0
475;0
476;1
477;0
478;0
479;2
480;2
481;0
482;2
483;2
484;2
485;2
486;2
487;0
488;2
489;0
490;0
491;0
492;2
493;0
494;0
495;0
496;1
497;0
498;0
499;0
500;0
501;2
502;2
503;0
504;2
505;2
506;0
507;0
508;2
509;0
510;1
511;0
512;2
513;1
514;0
515;2
516;1
517;0
518;0
519;1
520;0
521;0
522;0
523;1
524;0
525;0
526;2
527;0
528;2
529;0
530;0
531;0
532;2
533;1
534;0
535;0
536;2
537;0
538;0
539;0
540;0
541;0
542;2
543;0
544;0
545;0
546;0
547;1
548;0
549;0
550;2
551;0
552;0
553;0
554;1
555;0
556;0
557;0
558;1
559;0
560;0
561;0
562;1
563;0
564;2
565;1
566;1
567;0
568;0
569;0
570;0
571;2
572;2
573;0
574;2
575;2
576;2
577;0
578;0
579;0
580;1
581;0
582;0
583;0
584;0
585;0
586;2
587;0
588;0
589;0
590;0
591;2
592;2
593;0
594;2
595;2
596;2
597;0
598;2
599;2
600;1
601;0
602;0
603;2
604;1
605;0
606;0
607;0
608;2
609;0
610;0
611;2
612;2
613;2
614;0
615;1
616;2
617;0
618;0
619;0
620;0
621;0
622;1
623;0
624;0
625;0
626;0
627;0
628;0
629;0
630;2
631;2
632;4
633;1
634;0
635;1
636;0
637;0
638;0
639;0
640;2
641;0
642;0
643;0
644;0
645;0
646;0
647;1
648;0
649;0
650;0
651;2
652;0
653;2
654;1
655;1
656;2
657;2
658;2
659;0
660;2
661;2
662;2
663;2
664;0
665;0
666;0
667;1
668;0
669;0
670;0
671;0
672;4
673;0
674;1
675;1
676;0
677;0
678;2
679;0
680;1
681;0
682;1
683;0
684;0
685;1
686;0
687;2
688;2
689;2
690;0
691;0
692;0
693;0
694;2
695;1
696;0
697;0
698;0
699;2
700;4
701;0
702;2
703;2
704;2
705;0
706;0
707;0
708;2
709;1
710;0
711;0
712;0
713;0
714;2
715;0
716;0
717;1
718;1
719;0
720;2
721;1
722;0
723;0
724;0
725;0
726;0
727;0
728;0
729;0
730;1
731;0
732;0
733;0
734;1
735;0
736;0
737;0
738;0
739;2
740;2
741;0
742;0
743;0
744;0
745;0
746;0
747;2
748;1
749;0
750;0
751;2
752;4
753;2
754;2
755;2
756;2
757;0
758;2
759;0
760;1
761;0
762;2
763;0
764;0
765;2
766;2
767;2
768;2
769;0
770;2
771;2
772;1
773;0
774;0
775;0
776;0
777;2
778;0
779;2
780;0
781;0
782;1
783;2
784;0
785;0
786;0
787;0
788;2
789;0
790;0
791;0
792;0
793;1
794;0
795;0
796;1
797;0
798;2
799;1
800;0
801;0
802;2
803;2
804;0
805;0
806;2
807;2
808;4
809;0
810;2
811;0
812;2
813;0
814;0
815;0
816;2
817;0
818;2
819;2
820;2
821;0
822;0
823;0
824;0
825;2
826;2
827;0
828;0
829;2
830;0
831;0
832;0
833;0
834;0
835;0
836;0
837;0
838;0
839;0
840;1
841;0
842;0
843;0
844;1
845;0
846;0
847;2
848;1
849;0
850;0
851;0
852;1
853;1
854;0
855;0
856;1
857;0
858;0
859;0
860;1
861;0
862;0
863;1
864;0
865;0
866;0
867;0
868;0
869;1
870;1
871;0
872;0
873;0
874;0
875;0
876;0
877;0
878;0
879;0
880;1
881;1
882;0
883;2
884;0
885;0
886;2
887;2
888;0
889;0
890;1
891;2
892;2
893;0
894;1
895;0
896;2
897;0
898;0
899;0
900;0
901;0
902;2
903;2
904;1
905;0
906;0
907;2
908;2
909;2
910;2
911;2
912;2
913;0
914;2
915;0
916;1
917;0
918;2
919;0
920;2
921;0
922;0
923;0
924;0
925;0
926;0
927;0
928;1
929;0
930;2
931;2
932;0
933;0
934;0
935;2
936;2
937;0
938;2
939;2
940;2
941;0
942;0
943;0
944;2
945;2
946;1
947;0
948;0
949;0
950;0
951;0
952;0
953;0
954;0
955;0
956;0
957;0
958;0
959;0
960;0
961;0
962;0
963;2
964;2
965;1
966;2
967;0
968;0
969;1
970;0
971;0
972;1
973;0
974;0
975;0
976;1
977;0
978;0
979;0
980;4
981;2
982;1
983;0
984;0
985;0
986;2
987;0
988;2
989;0
990;2
991;2
992;0
993;0
994;0
995;0
996;0
997;2
998;0
999;0
1000;2
1001;0
1002;0
1003;0
1004;1
1005;0
1006;0
1007;0
1008;0
1009;0
1010;0
1011;0
1012;1
1013;0
1014;0
1015;0
1016;0
1017;0
1018;0
1019;0
1020;0
1021;0
1022;0
1023;0
