0;0
1;1
2;0
3;2
4;4
5;0
6;2
7;2
8;2
9;0
10;2
11;0
12;2
13;1
14;0
15;0
16;0
17;0
18;1
19;0
20;2
21;1
22;0
23;2
24;1
25;1
26;2
27;2
28;2
29;0
30;0
31;2
32;0
33;0
34;0
35;0
36;0
37;0
38;0
39;1
40;0
41;0
42;0
43;0
44;2
45;0
46;2
47;1
48;0
49;1
50;0
51;0
52;2
53;0
54;2
55;1
56;0
57;0
58;2
59;0
60;0
61;0
62;0
63;1
64;0
65;2
66;2
67;0
68;0
69;0
70;2
71;2
72;2
73;0
74;0
75;0
76;0
77;0
78;0
79;0
80;1
81;0
82;0
83;0
84;0
85;0
86;0
87;2
88;1
89;0
90;2
91;2
92;2
93;0
94;0
95;0
96;1
97;2
98;0
99;0
100;0
101;0
102;2
103;0
104;0
105;0
106;0
107;2
108;2
109;0
110;0
111;1
112;0
113;0
114;1
115;0
116;0
117;0
118;0
119;0
120;0
121;2
122;0
123;0
124;0
125;1
126;0
127;0
128;0
129;0
130;0
131;1
132;0
133;2
134;1
135;0
136;0
137;2
138;0
139;0
140;2
141;0
142;2
143;0
144;2
145;0
146;0
147;0
148;0
149;0
150;2
151;2
152;1
153;0
154;2
155;1
156;0
157;1
158;0
159;0
160;0
161;0
162;0
163;0
164;0
165;0
166;0
167;0
168;0
169;0
170;0
171;1
172;0
173;0
174;0
175;0
176;0
177;0
178;0
179;1
180;0
181;0
182;0
183;0
184;2
185;0
186;1
187;0
188;1
189;0
190;2
191;2
192;1
193;0
194;0
195;2
196;2
197;0
198;2
199;1
200;0
201;0
202;2
203;0
204;2
205;0
206;0
207;1
208;2
209;2
210;1
211;0
212;0
213;1
214;2
215;0
216;0
217;0
218;0
219;0
220;1
221;0
222;0
223;0
224;0
225;0
226;2
227;2
228;1
229;0
230;0
231;0
232;0
233;0
234;1
235;0
236;1
237;0
238;0
239;2
240;2
241;0
242;2
243;2
244;2
245;0
246;2
247;0
248;2
249;0
250;2
251;0
252;1
253;0
254;0
255;0
256;0
257;2
258;2
259;2
260;1
261;0
262;0
263;0
264;0
265;2
266;2
267;1
268;0
269;0
270;0
271;0
272;1
273;2
274;2
275;1
276;0
277;0
278;0
279;0
280;2
281;2
282;0
283;1
284;0
285;0
286;0
287;0
288;0
289;1
290;0
291;0
292;2
293;0
294;0
295;0
296;1
297;0
298;2
299;2
300;2
301;0
302;0
303;0
304;2
305;0
306;0
307;2
308;0
309;0
310;0
311;2
312;0
313;0
314;0
315;0
316;2
317;0
318;0
319;0
320;0
321;0
322;0
323;0
324;0
325;0
326;2
327;0
328;0
329;0
330;2
331;2
332;1
333;1
334;0
335;1
336;2
337;0
338;1
339;2
340;2
341;2
342;2
343;0
344;2
345;1
346;0
347;2
348;2
349;2
350;2
351;2
352;0
353;2
354;0
355;0
356;0
357;0
358;0
359;1
360;1
361;0
362;0
363;1
364;0
365;0
366;0
367;2
368;1
369;0
370;2
371;2
372;1
373;0
374;0
375;0
376;2
377;0
378;2
379;2
380;2
381;0
382;2
383;0
384;2
385;0
386;0
387;0
388;2
389;0
390;0
391;0
392;1
393;0
394;2
395;1
396;0
397;0
398;0
399;0
400;0
401;1
402;0
403;0
404;0
405;0
406;0
407;0
408;0
409;0
410;0
411;2
412;0
413;2
414;0
415;2
416;2
417;1
418;0
419;0
420;0
421;0
422;0
423;0
424;0
425;2
426;2
427;2
428;0
429;0
430;0
431;1
432;0
433;0
434;0
435;0
436;0
437;1
438;0
439;2
440;0
441;0
442;2
443;2
444;2
445;0
446;1
447;2
448;1
449;0
450;2
451;2
452;1
453;0
454;0
455;2
456;4
457;0
458;2
459;2
460;2
461;0
462;2
463;0
464;2
465;0
466;0
467;0
468;2
469;0
470;2
471;0
472;0
473;1
474;0
475;0
476;0
477;0
478;0
479;0
480;1
481;0
482;0
483;0
484;1
485;2
486;0
487;2
488;0
489;0
490;0
491;0
492;0
493;0
494;0
495;1
496;0
497;0
498;0
499;0
500;0
501;1
502;0
503;0
504;2
505;1
506;0
507;0
508;0
509;0
510;0
511;0
512;2
513;2
514;2
515;2
516;1
517;2
518;0
519;1
520;0
521;2
522;0
523;0
524;0
525;0
526;0
527;1
528;0
529;0
530;0
531;2
532;0
533;0
534;0
535;0
536;0
537;2
538;2
539;2
540;0
541;0
542;0
543;0
544;0
545;0
546;2
547;2
548;1
549;0
550;0
551;2
552;4
553;0
554;2
555;1
556;0
557;0
558;2
559;0
560;2
561;0
562;0
563;1
564;0
565;0
566;1
567;0
568;0
569;0
570;0
571;0
572;0
573;2
574;0
575;0
576;0
577;0
578;0
579;0
580;0
581;1
582;0
583;1
584;0
585;2
586;0
587;0
588;2
589;0
590;2
591;0
592;0
593;2
594;0
595;1
596;0
597;0
598;1
599;0
600;2
601;0
602;2
603;0
604;1
605;0
606;0
607;2
608;1
609;0
610;0
611;0
612;0
613;0
614;2
615;0
616;2
617;0
618;1
619;0
620;2
621;0
622;0
623;2
624;1
625;0
626;2
627;0
628;2
629;0
630;0
631;2
632;1
633;0
634;1
635;1
636;0
637;0
638;0
639;2
640;4
641;0
642;2
643;0
644;2
645;0
646;0
647;0
648;2
649;1
650;1
651;0
652;0
653;0
654;2
655;0
656;1
657;0
658;0
659;0
660;1
661;2
662;2
663;0
664;2
665;2
666;2
667;2
668;2
669;0
670;0
671;0
672;1
673;0
674;0
675;0
676;0
677;2
678;0
679;0
680;2
681;1
682;0
683;2
684;2
685;0
686;0
687;0
688;0
689;0
690;2
691;0
692;0
693;0
694;0
695;1
696;0
697;1
698;0
699;0
700;2
701;0
702;0
703;0
704;2
705;0
706;0
707;0
708;0
709;0
710;0
711;0
712;0
713;1
714;1
715;2
716;0
717;1
718;0
719;1
720;0
721;0
722;0
723;0
724;2
725;0
726;0
727;0
728;4
729;0
730;0
731;0
732;0
733;2
734;2
735;2
736;1
737;0
738;0
739;2
740;1
741;0
742;0
743;2
744;4
745;0
746;0
747;1
748;0
749;1
750;0
751;0
752;4
753;0
754;0
755;2
756;2
757;1
758;0
759;2
760;1
761;0
762;0
763;0
764;0
765;0
766;0
767;0
768;0
769;0
770;0
771;1
772;0
773;0
774;0
775;0
776;0
777;0
778;0
779;2
780;2
781;1
782;0
783;0
784;0
785;0
786;0
787;0
788;0
789;0
790;0
791;0
792;0
793;0
794;0
795;0
796;0
797;0
798;0
799;1
800;0
801;0
802;2
803;2
804;1
805;2
806;0
807;0
808;0
809;0
810;0
811;0
812;0
813;1
814;1
815;0
816;0
817;0
818;0
819;1
820;2
821;0
822;0
823;1
824;0
825;0
826;1
827;0
828;1
829;0
830;0
831;0
832;0
833;0
834;0
835;0
836;0
837;0
838;0
839;2
840;1
841;1
842;0
843;0
844;0
845;1
846;0
847;1
848;0
849;0
850;2
851;2
852;1
853;0
854;0
855;2
856;4
857;0
858;2
859;2
860;2
861;0
862;2
863;0
864;2
865;2
866;1
867;0
868;0
869;1
870;0
871;0
872;0
873;1
874;0
875;0
876;2
877;1
878;0
879;0
880;0
881;0
882;2
883;0
884;2
885;0
886;2
887;2
888;0
889;0
890;2
891;0
892;0
893;0
894;0
895;0
896;1
897;2
898;1
899;0
900;2
901;0
902;0
903;1
904;0
905;0
906;0
907;0
908;0
909;0
910;0
911;0
912;0
913;0
914;1
915;0
916;1
917;1
918;0
919;0
920;0
921;2
922;2
923;2
924;1
925;0
926;0
927;1
928;0
929;0
930;0
931;0
932;0
933;0
934;0
935;0
936;0
937;0
938;0
939;2
940;0
941;0
942;2
943;2
944;2
945;0
946;0
947;2
948;1
949;0
950;2
951;2
952;2
953;0
954;0
955;0
956;1
957;0
958;0
959;1
960;0
961;2
962;0
963;1
964;0
965;0
966;2
967;1
968;0
969;0
970;2
971;2
972;4
973;0
974;0
975;0
976;2
977;2
978;1
979;0
980;1
981;0
982;0
983;0
984;0
985;0
986;1
987;0
988;1
989;0
990;0
991;0
992;0
993;1
994;0
995;0
996;2
997;1
998;2
999;0
1000;0
1001;1
1002;1
1003;0
1004;2
1005;2
1006;1
1007;0
1008;0
1009;2
1010;1
1011;0
1012;0
1013;0
1014;0
1015;0
1016;0
1017;0
1018;0
1019;0
1020;0
1021;0
1022;0
1023;0
