0;1
1;0
2;0
3;2
4;4
5;0
6;2
7;2
8;2
9;0
10;0
11;0
12;2
13;0
14;0
15;0
16;1
17;2
18;1
19;1
20;0
21;2
22;2
23;2
24;1
25;1
26;2
27;2
28;2
29;0
30;0
31;2
32;0
33;0
34;0
35;0
36;0
37;0
38;2
39;0
40;0
41;0
42;0
43;0
44;2
45;0
46;1
47;0
48;0
49;0
50;0
51;0
52;0
53;0
54;0
55;0
56;0
57;1
58;0
59;2
60;1
61;0
62;0
63;0
64;0
65;0
66;1
67;0
68;0
69;0
70;2
71;2
72;1
73;0
74;0
75;0
76;0
77;0
78;0
79;0
80;2
81;0
82;2
83;1
84;1
85;2
86;0
87;0
88;0
89;2
90;2
91;2
92;2
93;0
94;1
95;0
96;0
97;0
98;1
99;0
100;0
101;0
102;1
103;0
104;0
105;0
106;0
107;0
108;0
109;2
110;0
111;0
112;0
113;0
114;2
115;2
116;1
117;0
118;0
119;2
120;4
121;0
122;2
123;2
124;2
125;0
126;2
127;0
128;2
129;0
130;1
131;0
132;0
133;1
134;1
135;0
136;1
137;0
138;0
139;0
140;2
141;0
142;2
143;0
144;2
145;0
146;0
147;0
148;0
149;0
150;2
151;2
152;0
153;0
154;0
155;0
156;4
157;0
158;2
159;2
160;2
161;0
162;2
163;0
164;2
165;2
166;2
167;2
168;0
169;0
170;0
171;0
172;1
173;0
174;0
175;0
176;0
177;0
178;2
179;0
180;0
181;0
182;1
183;0
184;0
185;0
186;1
187;0
188;0
189;0
190;0
191;0
192;0
193;0
194;0
195;0
196;0
197;0
198;0
199;0
200;2
201;0
202;0
203;0
204;2
205;0
206;1
207;0
208;0
209;0
210;0
211;1
212;2
213;2
214;2
215;2
216;2
217;0
218;2
219;2
220;0
221;0
222;0
223;0
224;0
225;0
226;0
227;0
228;0
229;0
230;0
231;2
232;1
233;0
234;1
235;0
236;0
237;2
238;2
239;0
240;2
241;0
242;0
243;0
244;0
245;0
246;0
247;0
248;0
249;2
250;0
251;2
252;2
253;2
254;0
255;2
256;0
257;0
258;2
259;2
260;2
261;0
262;0
263;0
264;1
265;0
266;2
267;1
268;0
269;0
270;0
271;0
272;2
273;2
274;1
275;2
276;1
277;0
278;0
279;0
280;0
281;1
282;0
283;0
284;2
285;0
286;0
287;0
288;2
289;0
290;1
291;0
292;0
293;0
294;0
295;0
296;2
297;0
298;1
299;0
300;0
301;0
302;0
303;0
304;0
305;0
306;0
307;0
308;2
309;0
310;0
311;0
312;1
313;0
314;0
315;0
316;0
317;1
318;1
319;0
320;0
321;0
322;2
323;2
324;1
325;0
326;0
327;0
328;2
329;0
330;1
331;0
332;2
333;0
334;2
335;1
336;2
337;2
338;2
339;0
340;2
341;2
342;2
343;2
344;2
345;1
346;0
347;0
348;0
349;0
350;0
351;0
352;2
353;0
354;1
355;0
356;0
357;0
358;0
359;2
360;1
361;0
362;0
363;2
364;4
365;0
366;2
367;2
368;2
369;0
370;2
371;0
372;2
373;0
374;1
375;0
376;0
377;0
378;1
379;0
380;0
381;0
382;0
383;0
384;0
385;0
386;1
387;0
388;1
389;1
390;0
391;2
392;2
393;2
394;1
395;2
396;1
397;0
398;0
399;0
400;2
401;1
402;0
403;0
404;0
405;0
406;1
407;0
408;0
409;0
410;1
411;0
412;0
413;2
414;2
415;2
416;2
417;1
418;0
419;0
420;0
421;0
422;0
423;0
424;0
425;2
426;2
427;2
428;2
429;0
430;0
431;0
432;0
433;0
434;1
435;0
436;0
437;0
438;1
439;0
440;0
441;0
442;2
443;2
444;2
445;0
446;2
447;0
448;2
449;0
450;2
451;0
452;2
453;0
454;0
455;0
456;1
457;0
458;0
459;0
460;0
461;0
462;2
463;1
464;0
465;0
466;2
467;0
468;2
469;0
470;0
471;2
472;2
473;0
474;0
475;0
476;0
477;0
478;1
479;0
480;0
481;0
482;0
483;0
484;0
485;2
486;2
487;2
488;2
489;0
490;1
491;0
492;0
493;0
494;0
495;0
496;2
497;2
498;2
499;2
500;2
501;0
502;0
503;1
504;0
505;2
506;0
507;0
508;0
509;0
510;1
511;0
512;0
513;0
514;0
515;1
516;0
517;0
518;0
519;0
520;0
521;2
522;2
523;1
524;0
525;0
526;2
527;2
528;1
529;0
530;0
531;2
532;4
533;0
534;2
535;2
536;2
537;0
538;2
539;0
540;1
541;1
542;0
543;1
544;0
545;0
546;1
547;0
548;0
549;1
550;2
551;0
552;0
553;0
554;0
555;0
556;0
557;2
558;0
559;0
560;0
561;0
562;0
563;0
564;0
565;0
566;1
567;0
568;0
569;0
570;2
571;2
572;1
573;0
574;0
575;2
576;4
577;0
578;2
579;2
580;2
581;0
582;2
583;0
584;1
585;0
586;0
587;0
588;0
589;0
590;0
591;2
592;0
593;1
594;0
595;2
596;0
597;0
598;2
599;2
600;0
601;0
602;2
603;2
604;2
605;1
606;0
607;2
608;0
609;0
610;1
611;0
612;0
613;0
614;0
615;0
616;2
617;0
618;0
619;2
620;0
621;0
622;0
623;0
624;0
625;0
626;1
627;0
628;0
629;2
630;2
631;0
632;1
633;0
634;0
635;2
636;2
637;0
638;2
639;2
640;2
641;0
642;1
643;0
644;0
645;2
646;0
647;0
648;2
649;2
650;2
651;2
652;2
653;0
654;0
655;0
656;0
657;0
658;2
659;1
660;0
661;0
662;0
663;1
664;2
665;2
666;2
667;2
668;1
669;0
670;2
671;2
672;1
673;0
674;0
675;2
676;4
677;0
678;2
679;2
680;2
681;0
682;2
683;0
684;2
685;0
686;1
687;0
688;0
689;2
690;0
691;2
692;0
693;0
694;2
695;0
696;0
697;0
698;0
699;0
700;2
701;0
702;1
703;0
704;0
705;0
706;0
707;0
708;2
709;0
710;0
711;0
712;2
713;0
714;0
715;0
716;0
717;2
718;1
719;0
720;2
721;2
722;0
723;0
724;1
725;0
726;0
727;0
728;0
729;0
730;0
731;0
732;0
733;0
734;0
735;0
736;0
737;0
738;0
739;0
740;0
741;0
742;1
743;0
744;2
745;1
746;0
747;0
748;0
749;0
750;2
751;1
752;1
753;1
754;0
755;0
756;1
757;0
758;0
759;0
760;1
761;0
762;0
763;2
764;0
765;0
766;0
767;0
768;0
769;0
770;0
771;1
772;0
773;0
774;2
775;2
776;2
777;2
778;0
779;0
780;0
781;0
782;0
783;0
784;2
785;1
786;1
787;0
788;0
789;2
790;2
791;2
792;0
793;0
794;1
795;0
796;0
797;0
798;0
799;0
800;1
801;0
802;0
803;0
804;0
805;2
806;0
807;0
808;0
809;2
810;2
811;2
812;1
813;0
814;0
815;0
816;0
817;2
818;2
819;2
820;2
821;0
822;1
823;0
824;0
825;0
826;1
827;0
828;0
829;0
830;0
831;0
832;0
833;1
834;0
835;0
836;1
837;2
838;2
839;2
840;2
841;2
842;0
843;2
844;1
845;0
846;2
847;0
848;2
849;0
850;2
851;2
852;0
853;0
854;2
855;0
856;0
857;0
858;0
859;0
860;0
861;2
862;1
863;0
864;2
865;0
866;1
867;0
868;1
869;0
870;0
871;0
872;0
873;0
874;2
875;1
876;2
877;0
878;0
879;0
880;0
881;2
882;0
883;0
884;0
885;2
886;2
887;2
888;1
889;0
890;1
891;0
892;1
893;0
894;0
895;2
896;4
897;0
898;2
899;2
900;2
901;0
902;0
903;0
904;2
905;0
906;1
907;0
908;0
909;2
910;0
911;0
912;0
913;0
914;1
915;2
916;0
917;0
918;2
919;2
920;2
921;2
922;0
923;0
924;2
925;0
926;2
927;1
928;0
929;0
930;1
931;0
932;0
933;0
934;1
935;0
936;2
937;2
938;1
939;0
940;1
941;0
942;0
943;0
944;0
945;1
946;2
947;0
948;1
949;0
950;1
951;0
952;1
953;0
954;0
955;2
956;4
957;0
958;2
959;2
960;2
961;0
962;2
963;0
964;1
965;1
966;0
967;2
968;2
969;1
970;2
971;0
972;1
973;1
974;1
975;0
976;2
977;2
978;2
979;2
980;1
981;1
982;0
983;0
984;0
985;0
986;0
987;0
988;2
989;0
990;2
991;0
992;0
993;0
994;0
995;2
996;0
997;0
998;0
999;0
1000;0
1001;0
1002;0
1003;0
1004;0
1005;2
1006;1
1007;0
1008;0
1009;1
1010;0
1011;2
1012;0
1013;0
1014;1
1015;0
1016;0
1017;0
1018;0
1019;0
1020;0
1021;0
1022;0
1023;0
