0;1
1;0
2;0
3;2
4;4
5;0
6;2
7;2
8;0
9;0
10;2
11;0
12;2
13;0
14;2
15;1
16;0
17;0
18;0
19;1
20;0
21;1
22;1
23;0
24;1
25;0
26;0
27;0
28;2
29;0
30;1
31;0
32;0
33;0
34;0
35;2
36;0
37;0
38;0
39;0
40;0
41;0
42;0
43;1
44;0
45;0
46;0
47;0
48;0
49;0
50;1
51;1
52;0
53;2
54;0
55;0
56;0
57;2
58;0
59;0
60;1
61;0
62;0
63;0
64;2
65;0
66;2
67;0
68;0
69;0
70;0
71;0
72;1
73;0
74;0
75;0
76;2
77;1
78;0
79;0
80;1
81;1
82;0
83;0
84;0
85;0
86;0
87;0
88;0
89;0
90;2
91;0
92;1
93;0
94;0
95;2
96;2
97;2
98;1
99;2
100;0
101;0
102;2
103;0
104;1
105;0
106;0
107;0
108;0
109;0
110;0
111;1
112;0
113;0
114;0
115;0
116;0
117;1
118;0
119;0
120;0
121;0
122;0
123;0
124;0
125;2
126;0
127;2
128;2
129;0
130;0
131;0
132;0
133;0
134;0
135;0
136;0
137;0
138;0
139;0
140;0
141;0
142;0
143;0
144;2
145;1
146;0
147;0
148;1
149;0
150;0
151;0
152;2
153;0
154;0
155;0
156;0
157;0
158;0
159;2
160;1
161;0
162;2
163;2
164;2
165;0
166;0
167;0
168;1
169;1
170;0
171;0
172;0
173;0
174;2
175;1
176;1
177;0
178;0
179;2
180;1
181;2
182;0
183;0
184;0
185;0
186;0
187;1
188;0
189;0
190;2
191;2
192;2
193;0
194;0
195;0
196;2
197;0
198;1
199;0
200;0
201;0
202;0
203;0
204;1
205;0
206;2
207;1
208;0
209;0
210;2
211;2
212;1
213;0
214;0
215;1
216;0
217;0
218;0
219;2
220;0
221;0
222;2
223;2
224;1
225;0
226;0
227;0
228;0
229;0
230;0
231;0
232;0
233;1
234;0
235;0
236;0
237;0
238;1
239;1
240;1
241;0
242;0
243;0
244;0
245;0
246;0
247;0
248;0
249;0
250;0
251;2
252;0
253;0
254;0
255;1
256;0
257;0
258;0
259;2
260;1
261;0
262;0
263;0
264;0
265;2
266;0
267;0
268;0
269;0
270;0
271;0
272;2
273;0
274;0
275;0
276;1
277;0
278;0
279;0
280;1
281;0
282;0
283;0
284;0
285;0
286;2
287;2
288;0
289;2
290;0
291;0
292;0
293;0
294;0
295;0
296;0
297;0
298;1
299;0
300;0
301;1
302;0
303;0
304;0
305;0
306;1
307;0
308;1
309;0
310;0
311;1
312;0
313;0
314;0
315;0
316;0
317;1
318;0
319;0
320;0
321;0
322;0
323;0
324;0
325;2
326;0
327;2
328;2
329;0
330;0
331;0
332;0
333;0
334;0
335;0
336;0
337;0
338;0
339;2
340;1
341;0
342;0
343;0
344;0
345;0
346;2
347;4
348;0
349;0
350;0
351;1
352;0
353;0
354;2
355;2
356;1
357;0
358;0
359;2
360;4
361;0
362;2
363;2
364;2
365;0
366;2
367;0
368;2
369;0
370;2
371;2
372;1
373;0
374;0
375;0
376;2
377;0
378;0
379;0
380;0
381;1
382;0
383;0
384;0
385;0
386;0
387;0
388;0
389;1
390;1
391;0
392;2
393;0
394;2
395;0
396;0
397;2
398;2
399;0
400;0
401;0
402;0
403;0
404;2
405;0
406;0
407;0
408;0
409;0
410;0
411;0
412;0
413;0
414;0
415;0
416;1
417;2
418;0
419;0
420;2
421;0
422;0
423;0
424;1
425;0
426;1
427;0
428;1
429;0
430;0
431;2
432;2
433;2
434;0
435;0
436;0
437;1
438;0
439;0
440;1
441;1
442;0
443;0
444;2
445;1
446;2
447;0
448;2
449;0
450;0
451;2
452;0
453;2
454;0
455;2
456;0
457;0
458;2
459;0
460;2
461;1
462;0
463;0
464;0
465;0
466;2
467;0
468;2
469;2
470;1
471;2
472;2
473;0
474;1
475;0
476;0
477;1
478;2
479;1
480;0
481;0
482;0
483;0
484;0
485;2
486;1
487;0
488;0
489;0
490;0
491;0
492;0
493;0
494;1
495;0
496;2
497;0
498;1
499;0
500;2
501;0
502;0
503;0
504;2
505;0
506;0
507;0
508;1
509;0
510;0
511;2
512;0
513;0
514;0
515;0
516;0
517;2
518;2
519;2
520;1
521;0
522;0
523;2
524;1
525;1
526;0
527;0
528;0
529;0
530;0
531;0
532;2
533;0
534;0
535;0
536;0
537;0
538;0
539;0
540;0
541;2
542;2
543;2
544;2
545;2
546;2
547;2
548;1
549;0
550;0
551;0
552;0
553;0
554;0
555;0
556;1
557;0
558;0
559;0
560;1
561;1
562;0
563;1
564;0
565;0
566;1
567;0
568;0
569;0
570;2
571;2
572;1
573;0
574;0
575;0
576;0
577;2
578;2
579;1
580;0
581;0
582;1
583;0
584;0
585;0
586;2
587;0
588;2
589;0
590;0
591;0
592;0
593;0
594;0
595;0
596;0
597;0
598;2
599;0
600;0
601;2
602;2
603;2
604;2
605;0
606;0
607;0
608;2
609;0
610;2
611;0
612;0
613;0
614;0
615;0
616;0
617;0
618;0
619;0
620;1
621;0
622;1
623;0
624;2
625;2
626;0
627;0
628;0
629;2
630;0
631;0
632;0
633;2
634;0
635;0
636;0
637;1
638;0
639;0
640;0
641;0
642;0
643;0
644;0
645;0
646;2
647;0
648;0
649;0
650;0
651;0
652;1
653;0
654;1
655;0
656;1
657;0
658;2
659;0
660;0
661;0
662;0
663;0
664;2
665;0
666;0
667;0
668;2
669;2
670;2
671;0
672;0
673;1
674;0
675;0
676;0
677;0
678;2
679;2
680;1
681;0
682;0
683;2
684;4
685;0
686;2
687;0
688;2
689;0
690;2
691;0
692;1
693;0
694;0
695;0
696;0
697;1
698;0
699;0
700;2
701;0
702;0
703;0
704;0
705;2
706;2
707;2
708;0
709;0
710;2
711;2
712;0
713;0
714;2
715;0
716;0
717;0
718;0
719;0
720;2
721;0
722;1
723;0
724;1
725;0
726;0
727;0
728;0
729;0
730;2
731;2
732;0
733;0
734;0
735;0
736;0
737;0
738;1
739;0
740;0
741;0
742;0
743;0
744;2
745;2
746;2
747;2
748;2
749;1
750;0
751;0
752;2
753;0
754;0
755;0
756;0
757;1
758;0
759;0
760;0
761;2
762;2
763;2
764;0
765;2
766;0
767;0
768;0
769;0
770;0
771;1
772;1
773;2
774;0
775;1
776;0
777;0
778;0
779;2
780;0
781;2
782;0
783;0
784;0
785;0
786;0
787;2
788;0
789;0
790;2
791;2
792;0
793;0
794;0
795;0
796;0
797;1
798;0
799;0
800;0
801;0
802;0
803;0
804;0
805;0
806;0
807;2
808;2
809;1
810;0
811;0
812;0
813;0
814;1
815;0
816;0
817;0
818;0
819;0
820;0
821;2
822;0
823;0
824;0
825;0
826;0
827;0
828;0
829;0
830;0
831;0
832;2
833;0
834;0
835;2
836;0
837;0
838;0
839;0
840;0
841;0
842;0
843;1
844;0
845;0
846;0
847;0
848;0
849;0
850;0
851;0
852;0
853;0
854;0
855;0
856;0
857;2
858;0
859;0
860;0
861;2
862;2
863;0
864;2
865;2
866;2
867;2
868;1
869;0
870;2
871;0
872;2
873;0
874;0
875;0
876;0
877;2
878;0
879;0
880;0
881;0
882;0
883;0
884;0
885;0
886;0
887;0
888;0
889;0
890;0
891;2
892;0
893;1
894;0
895;0
896;2
897;0
898;0
899;0
900;0
901;0
902;0
903;0
904;0
905;0
906;0
907;0
908;1
909;0
910;0
911;0
912;0
913;0
914;0
915;0
916;0
917;1
918;0
919;0
920;0
921;0
922;0
923;0
924;0
925;0
926;2
927;0
928;0
929;1
930;0
931;0
932;0
933;2
934;0
935;0
936;1
937;0
938;0
939;1
940;2
941;2
942;2
943;2
944;2
945;2
946;4
947;2
948;1
949;0
950;0
951;0
952;0
953;2
954;2
955;2
956;2
957;1
958;0
959;2
960;1
961;0
962;0
963;0
964;0
965;0
966;1
967;0
968;0
969;2
970;0
971;0
972;0
973;0
974;0
975;2
976;0
977;1
978;0
979;0
980;1
981;0
982;2
983;2
984;1
985;0
986;0
987;2
988;4
989;0
990;1
991;2
992;2
993;0
994;0
995;0
996;2
997;2
998;1
999;0
1000;0
1001;0
1002;0
1003;0
1004;0
1005;0
1006;0
1007;2
1008;2
1009;0
1010;0
1011;0
1012;0
1013;0
1014;0
1015;0
1016;0
1017;0
1018;0
1019;0
1020;0
1021;0
1022;0
1023;0
