0;0
1;0
2;0
3;0
4;2
5;0
6;0
7;2
8;2
9;2
10;2
11;0
12;1
13;1
14;1
15;0
16;0
17;1
18;0
19;2
20;1
21;1
22;0
23;2
24;1
25;0
26;0
27;0
28;0
29;0
30;0
31;0
32;2
33;0
34;2
35;0
36;0
37;1
38;1
39;0
40;0
41;0
42;1
43;0
44;2
45;1
46;1
47;0
48;1
49;2
50;0
51;0
52;0
53;0
54;0
55;0
56;0
57;0
58;0
59;0
60;1
61;0
62;0
63;2
64;0
65;0
66;0
67;0
68;0
69;0
70;0
71;0
72;1
73;0
74;0
75;0
76;2
77;2
78;2
79;2
80;2
81;0
82;0
83;0
84;0
85;0
86;0
87;0
88;1
89;0
90;0
91;0
92;2
93;0
94;0
95;0
96;0
97;0
98;0
99;0
100;0
101;1
102;1
103;0
104;0
105;2
106;0
107;1
108;0
109;0
110;0
111;0
112;0
113;2
114;1
115;0
116;0
117;2
118;0
119;0
120;2
121;0
122;0
123;0
124;2
125;2
126;2
127;0
128;0
129;2
130;1
131;2
132;2
133;0
134;0
135;0
136;0
137;0
138;0
139;0
140;1
141;2
142;0
143;0
144;2
145;0
146;0
147;0
148;0
149;2
150;2
151;0
152;1
153;0
154;0
155;0
156;0
157;0
158;2
159;0
160;0
161;0
162;2
163;0
164;1
165;0
166;0
167;1
168;0
169;0
170;0
171;0
172;2
173;0
174;1
175;0
176;0
177;2
178;0
179;2
180;2
181;0
182;0
183;0
184;0
185;2
186;0
187;0
188;0
189;1
190;1
191;0
192;2
193;0
194;1
195;0
196;2
197;0
198;0
199;0
200;0
201;0
202;0
203;1
204;0
205;0
206;0
207;0
208;0
209;0
210;1
211;0
212;1
213;0
214;0
215;2
216;2
217;0
218;0
219;2
220;1
221;0
222;2
223;0
224;2
225;1
226;1
227;0
228;0
229;0
230;0
231;0
232;0
233;2
234;0
235;0
236;0
237;2
238;2
239;0
240;0
241;0
242;0
243;1
244;0
245;0
246;0
247;2
248;1
249;1
250;1
251;0
252;0
253;0
254;2
255;0
256;0
257;0
258;1
259;0
260;0
261;0
262;0
263;0
264;0
265;2
266;0
267;0
268;2
269;0
270;2
271;2
272;0
273;1
274;0
275;0
276;0
277;0
278;0
279;0
280;0
281;0
282;1
283;0
284;1
285;0
286;0
287;2
288;2
289;2
290;2
291;2
292;2
293;0
294;2
295;2
296;2
297;0
298;0
299;0
300;0
301;0
302;0
303;0
304;0
305;0
306;0
307;1
308;0
309;0
310;0
311;0
312;0
313;2
314;0
315;2
316;1
317;0
318;0
319;0
320;2
321;2
322;0
323;2
324;1
325;0
326;0
327;0
328;0
329;0
330;1
331;0
332;0
333;1
334;1
335;2
336;2
337;2
338;2
339;2
340;0
341;0
342;0
343;2
344;0
345;0
346;0
347;0
348;1
349;0
350;0
351;0
352;2
353;0
354;0
355;0
356;0
357;2
358;0
359;2
360;0
361;1
362;0
363;2
364;2
365;2
366;2
367;2
368;0
369;1
370;0
371;0
372;0
373;2
374;2
375;0
376;0
377;0
378;1
379;0
380;0
381;0
382;2
383;2
384;0
385;0
386;0
387;0
388;2
389;0
390;1
391;0
392;1
393;0
394;1
395;0
396;0
397;0
398;0
399;0
400;1
401;0
402;2
403;0
404;0
405;2
406;0
407;0
408;2
409;1
410;0
411;0
412;2
413;1
414;0
415;0
416;0
417;0
418;2
419;0
420;1
421;1
422;0
423;0
424;0
425;0
426;0
427;0
428;2
429;2
430;2
431;2
432;0
433;0
434;0
435;0
436;0
437;0
438;0
439;0
440;0
441;2
442;0
443;0
444;0
445;1
446;0
447;2
448;0
449;0
450;0
451;0
452;0
453;0
454;0
455;0
456;1
457;1
458;2
459;2
460;0
461;0
462;0
463;0
464;0
465;2
466;2
467;2
468;1
469;0
470;1
471;0
472;0
473;0
474;0
475;0
476;0
477;0
478;2
479;0
480;2
481;0
482;0
483;0
484;2
485;0
486;0
487;0
488;0
489;0
490;0
491;0
492;0
493;0
494;0
495;0
496;2
497;0
498;0
499;0
500;0
501;0
502;0
503;0
504;2
505;2
506;0
507;2
508;2
509;2
510;0
511;0
512;0
513;2
514;2
515;0
516;0
517;0
518;0
519;2
520;0
521;0
522;1
523;0
524;0
525;0
526;0
527;0
528;1
529;0
530;0
531;0
532;0
533;0
534;1
535;2
536;0
537;0
538;0
539;0
540;2
541;0
542;2
543;0
544;0
545;2
546;2
547;2
548;2
549;2
550;2
551;2
552;0
553;1
554;1
555;0
556;0
557;2
558;0
559;2
560;0
561;1
562;0
563;0
564;0
565;0
566;0
567;0
568;0
569;0
570;0
571;0
572;1
573;0
574;1
575;2
576;1
577;0
578;0
579;2
580;4
581;0
582;2
583;1
584;0
585;0
586;2
587;0
588;2
589;0
590;0
591;1
592;1
593;0
594;0
595;0
596;0
597;0
598;1
599;0
600;4
601;0
602;0
603;0
604;1
605;0
606;0
607;0
608;2
609;0
610;0
611;0
612;2
613;0
614;0
615;0
616;2
617;2
618;0
619;0
620;2
621;0
622;0
623;0
624;0
625;0
626;1
627;0
628;0
629;0
630;2
631;2
632;0
633;0
634;0
635;0
636;2
637;1
638;0
639;0
640;1
641;1
642;0
643;0
644;0
645;1
646;2
647;0
648;0
649;0
650;0
651;0
652;2
653;0
654;0
655;0
656;0
657;0
658;0
659;0
660;0
661;0
662;1
663;0
664;0
665;0
666;2
667;0
668;2
669;0
670;0
671;0
672;0
673;0
674;2
675;1
676;0
677;0
678;0
679;0
680;0
681;0
682;0
683;2
684;1
685;0
686;0
687;1
688;1
689;0
690;0
691;2
692;1
693;0
694;0
695;2
696;2
697;0
698;2
699;0
700;1
701;0
702;2
703;0
704;2
705;0
706;0
707;2
708;0
709;2
710;1
711;0
712;1
713;0
714;0
715;2
716;0
717;0
718;0
719;0
720;1
721;0
722;0
723;0
724;0
725;0
726;0
727;0
728;1
729;0
730;0
731;0
732;0
733;1
734;0
735;0
736;0
737;2
738;1
739;0
740;2
741;0
742;0
743;0
744;1
745;0
746;0
747;0
748;1
749;0
750;2
751;2
752;2
753;0
754;0
755;0
756;2
757;0
758;0
759;0
760;0
761;0
762;2
763;1
764;0
765;0
766;0
767;2
768;1
769;0
770;0
771;0
772;2
773;0
774;2
775;1
776;0
777;0
778;2
779;0
780;0
781;0
782;0
783;1
784;0
785;0
786;2
787;0
788;0
789;0
790;1
791;0
792;0
793;0
794;0
795;0
796;0
797;2
798;0
799;2
800;0
801;0
802;0
803;0
804;0
805;2
806;0
807;2
808;0
809;0
810;1
811;0
812;2
813;2
814;2
815;0
816;0
817;0
818;0
819;0
820;0
821;0
822;0
823;1
824;0
825;0
826;0
827;0
828;0
829;0
830;0
831;0
832;0
833;0
834;1
835;0
836;0
837;0
838;0
839;0
840;0
841;2
842;2
843;0
844;1
845;1
846;0
847;0
848;1
849;0
850;0
851;1
852;0
853;0
854;1
855;0
856;2
857;2
858;2
859;0
860;2
861;0
862;0
863;0
864;0
865;2
866;1
867;2
868;1
869;0
870;0
871;0
872;0
873;0
874;0
875;0
876;0
877;0
878;1
879;0
880;0
881;1
882;0
883;0
884;0
885;0
886;0
887;0
888;0
889;1
890;0
891;0
892;0
893;0
894;0
895;0
896;0
897;1
898;0
899;0
900;0
901;0
902;2
903;0
904;0
905;1
906;0
907;1
908;0
909;2
910;2
911;1
912;0
913;0
914;0
915;2
916;1
917;0
918;2
919;2
920;0
921;0
922;2
923;0
924;2
925;1
926;0
927;1
928;0
929;0
930;0
931;1
932;1
933;0
934;2
935;2
936;1
937;0
938;0
939;0
940;2
941;2
942;1
943;2
944;2
945;0
946;2
947;0
948;0
949;2
950;0
951;2
952;0
953;0
954;0
955;0
956;0
957;0
958;0
959;0
960;0
961;2
962;0
963;0
964;0
965;0
966;0
967;0
968;0
969;0
970;1
971;1
972;0
973;0
974;1
975;0
976;2
977;0
978;0
979;0
980;0
981;2
982;2
983;1
984;0
985;0
986;1
987;0
988;0
989;2
990;0
991;2
992;0
993;0
994;2
995;0
996;0
997;0
998;0
999;0
1000;0
1001;0
1002;1
1003;0
1004;0
1005;2
1006;0
1007;0
1008;0
1009;0
1010;2
1011;2
1012;1
1013;1
1014;1
1015;1
1016;0
1017;0
1018;0
1019;0
1020;0
1021;0
1022;0
1023;0
