0;1
1;0
2;0
3;2
4;2
5;0
6;0
7;1
8;0
9;0
10;1
11;0
12;2
13;0
14;1
15;0
16;0
17;2
18;1
19;0
20;0
21;2
22;2
23;2
24;2
25;0
26;2
27;0
28;2
29;0
30;0
31;2
32;0
33;0
34;0
35;0
36;0
37;0
38;0
39;0
40;0
41;1
42;0
43;0
44;2
45;1
46;0
47;0
48;0
49;0
50;0
51;0
52;1
53;0
54;0
55;0
56;0
57;1
58;0
59;0
60;1
61;0
62;0
63;0
64;0
65;0
66;0
67;1
68;0
69;0
70;0
71;0
72;0
73;2
74;0
75;0
76;0
77;0
78;0
79;0
80;1
81;0
82;2
83;0
84;1
85;2
86;0
87;0
88;0
89;2
90;0
91;2
92;2
93;2
94;2
95;0
96;0
97;0
98;0
99;0
100;0
101;0
102;1
103;0
104;0
105;2
106;0
107;2
108;0
109;2
110;0
111;0
112;0
113;0
114;0
115;0
116;0
117;0
118;0
119;1
120;0
121;1
122;0
123;0
124;1
125;0
126;0
127;2
128;0
129;0
130;0
131;0
132;2
133;0
134;0
135;0
136;0
137;2
138;2
139;2
140;1
141;0
142;0
143;0
144;0
145;0
146;0
147;0
148;0
149;0
150;2
151;0
152;0
153;0
154;1
155;0
156;0
157;0
158;0
159;0
160;0
161;0
162;2
163;2
164;1
165;0
166;0
167;2
168;4
169;0
170;2
171;2
172;0
173;0
174;2
175;0
176;2
177;0
178;2
179;0
180;0
181;0
182;0
183;0
184;0
185;0
186;0
187;2
188;0
189;2
190;0
191;1
192;1
193;0
194;0
195;0
196;2
197;0
198;0
199;2
200;1
201;0
202;0
203;2
204;2
205;1
206;0
207;2
208;2
209;0
210;2
211;0
212;0
213;0
214;0
215;0
216;0
217;0
218;0
219;2
220;0
221;0
222;0
223;2
224;1
225;1
226;0
227;0
228;0
229;2
230;2
231;2
232;0
233;0
234;0
235;0
236;0
237;0
238;0
239;0
240;0
241;0
242;0
243;2
244;0
245;0
246;0
247;2
248;0
249;0
250;2
251;0
252;2
253;0
254;0
255;1
256;0
257;0
258;2
259;1
260;0
261;0
262;0
263;0
264;2
265;0
266;1
267;0
268;1
269;0
270;0
271;0
272;0
273;2
274;0
275;0
276;0
277;0
278;0
279;0
280;1
281;0
282;0
283;0
284;1
285;0
286;0
287;2
288;0
289;0
290;2
291;2
292;2
293;0
294;2
295;0
296;2
297;0
298;0
299;2
300;0
301;0
302;0
303;2
304;2
305;0
306;0
307;0
308;0
309;0
310;0
311;0
312;0
313;1
314;1
315;0
316;1
317;0
318;0
319;0
320;0
321;0
322;2
323;0
324;1
325;0
326;0
327;1
328;0
329;0
330;2
331;0
332;0
333;0
334;0
335;0
336;0
337;0
338;0
339;0
340;1
341;0
342;2
343;0
344;0
345;0
346;0
347;2
348;2
349;0
350;2
351;0
352;0
353;0
354;0
355;0
356;0
357;0
358;0
359;0
360;2
361;0
362;0
363;0
364;2
365;0
366;1
367;0
368;1
369;0
370;0
371;2
372;2
373;1
374;0
375;0
376;0
377;0
378;0
379;0
380;2
381;0
382;0
383;0
384;0
385;0
386;2
387;0
388;1
389;0
390;0
391;0
392;4
393;0
394;1
395;2
396;2
397;0
398;2
399;0
400;2
401;0
402;1
403;0
404;0
405;1
406;2
407;0
408;0
409;0
410;0
411;0
412;1
413;0
414;0
415;0
416;0
417;0
418;2
419;0
420;2
421;0
422;0
423;0
424;2
425;2
426;0
427;0
428;2
429;0
430;2
431;0
432;2
433;0
434;0
435;0
436;1
437;2
438;0
439;0
440;0
441;0
442;1
443;0
444;1
445;0
446;2
447;0
448;0
449;0
450;0
451;2
452;2
453;0
454;0
455;0
456;2
457;0
458;0
459;0
460;0
461;0
462;0
463;0
464;0
465;1
466;0
467;1
468;0
469;2
470;0
471;1
472;0
473;0
474;0
475;0
476;2
477;0
478;1
479;0
480;2
481;0
482;0
483;0
484;1
485;2
486;0
487;0
488;0
489;0
490;0
491;0
492;0
493;0
494;1
495;0
496;0
497;0
498;0
499;2
500;2
501;0
502;2
503;2
504;4
505;2
506;2
507;0
508;2
509;2
510;2
511;2
512;2
513;2
514;0
515;0
516;2
517;0
518;0
519;0
520;0
521;2
522;1
523;0
524;1
525;0
526;0
527;0
528;2
529;0
530;0
531;1
532;0
533;1
534;2
535;0
536;0
537;0
538;0
539;0
540;0
541;2
542;0
543;0
544;0
545;0
546;1
547;0
548;0
549;0
550;0
551;0
552;0
553;2
554;2
555;0
556;2
557;0
558;2
559;0
560;0
561;0
562;0
563;1
564;0
565;0
566;0
567;0
568;0
569;0
570;0
571;0
572;1
573;0
574;0
575;0
576;0
577;0
578;0
579;0
580;0
581;0
582;0
583;2
584;2
585;0
586;0
587;0
588;2
589;0
590;0
591;2
592;0
593;0
594;1
595;0
596;0
597;2
598;2
599;0
600;0
601;1
602;0
603;0
604;0
605;2
606;0
607;0
608;2
609;0
610;2
611;2
612;2
613;2
614;1
615;1
616;0
617;2
618;0
619;0
620;2
621;1
622;0
623;2
624;0
625;0
626;0
627;0
628;0
629;0
630;2
631;0
632;0
633;0
634;0
635;1
636;2
637;2
638;1
639;2
640;2
641;0
642;0
643;0
644;0
645;1
646;0
647;0
648;0
649;1
650;0
651;1
652;0
653;2
654;0
655;0
656;0
657;2
658;0
659;0
660;0
661;2
662;0
663;0
664;2
665;0
666;0
667;0
668;1
669;0
670;0
671;0
672;0
673;2
674;2
675;1
676;0
677;2
678;0
679;0
680;1
681;0
682;0
683;0
684;0
685;1
686;0
687;0
688;0
689;0
690;0
691;0
692;0
693;0
694;0
695;0
696;0
697;0
698;2
699;2
700;2
701;1
702;0
703;0
704;0
705;0
706;0
707;2
708;1
709;0
710;0
711;2
712;0
713;0
714;0
715;0
716;2
717;0
718;0
719;2
720;2
721;0
722;2
723;0
724;1
725;0
726;0
727;0
728;0
729;0
730;0
731;0
732;0
733;1
734;2
735;0
736;0
737;0
738;0
739;0
740;0
741;0
742;0
743;1
744;0
745;0
746;2
747;2
748;2
749;2
750;0
751;0
752;0
753;2
754;0
755;0
756;2
757;1
758;1
759;0
760;0
761;1
762;2
763;2
764;2
765;0
766;0
767;0
768;0
769;1
770;0
771;0
772;1
773;0
774;0
775;0
776;0
777;2
778;0
779;0
780;0
781;2
782;1
783;0
784;1
785;2
786;0
787;0
788;0
789;0
790;2
791;2
792;2
793;1
794;0
795;0
796;0
797;0
798;0
799;1
800;0
801;0
802;0
803;0
804;0
805;1
806;0
807;0
808;0
809;2
810;2
811;1
812;2
813;2
814;1
815;0
816;2
817;0
818;2
819;0
820;0
821;0
822;0
823;2
824;0
825;0
826;2
827;0
828;0
829;0
830;0
831;0
832;0
833;0
834;1
835;0
836;2
837;0
838;0
839;0
840;0
841;0
842;0
843;0
844;0
845;0
846;0
847;0
848;0
849;0
850;0
851;0
852;0
853;1
854;0
855;1
856;2
857;2
858;2
859;2
860;2
861;0
862;0
863;0
864;0
865;1
866;0
867;0
868;0
869;0
870;0
871;0
872;0
873;0
874;1
875;2
876;0
877;0
878;2
879;2
880;2
881;2
882;0
883;2
884;2
885;0
886;1
887;0
888;0
889;0
890;0
891;0
892;0
893;0
894;1
895;0
896;2
897;2
898;1
899;0
900;1
901;0
902;2
903;2
904;1
905;0
906;2
907;0
908;1
909;0
910;0
911;0
912;0
913;2
914;2
915;2
916;1
917;0
918;1
919;0
920;1
921;0
922;0
923;2
924;4
925;0
926;2
927;0
928;1
929;0
930;2
931;0
932;2
933;0
934;0
935;0
936;1
937;1
938;0
939;0
940;0
941;0
942;2
943;0
944;0
945;0
946;2
947;1
948;0
949;0
950;0
951;2
952;2
953;0
954;2
955;2
956;1
957;0
958;2
959;0
960;2
961;0
962;0
963;0
964;0
965;1
966;0
967;0
968;0
969;0
970;0
971;2
972;0
973;0
974;0
975;0
976;2
977;1
978;0
979;2
980;2
981;0
982;0
983;0
984;0
985;0
986;0
987;0
988;0
989;0
990;1
991;0
992;2
993;2
994;1
995;0
996;1
997;0
998;0
999;0
1000;0
1001;0
1002;0
1003;0
1004;1
1005;0
1006;0
1007;0
1008;0
1009;0
1010;0
1011;0
1012;1
1013;1
1014;1
1015;0
1016;0
1017;0
1018;0
1019;0
1020;0
1021;0
1022;0
1023;0
