0;1
1;0
2;0
3;0
4;4
5;0
6;0
7;0
8;0
9;0
10;0
11;0
12;2
13;2
14;0
15;0
16;0
17;1
18;0
19;0
20;0
21;0
22;1
23;0
24;1
25;1
26;2
27;2
28;2
29;2
30;0
31;0
32;1
33;1
34;0
35;0
36;0
37;0
38;0
39;0
40;1
41;0
42;0
43;0
44;2
45;2
46;0
47;0
48;0
49;0
50;0
51;0
52;0
53;0
54;0
55;1
56;0
57;1
58;0
59;2
60;1
61;0
62;1
63;0
64;0
65;0
66;0
67;2
68;1
69;0
70;2
71;0
72;1
73;1
74;2
75;0
76;2
77;0
78;0
79;0
80;1
81;2
82;0
83;2
84;1
85;2
86;0
87;0
88;0
89;0
90;1
91;2
92;2
93;0
94;2
95;1
96;1
97;2
98;0
99;0
100;0
101;0
102;2
103;1
104;0
105;0
106;1
107;0
108;0
109;0
110;0
111;0
112;0
113;0
114;0
115;1
116;0
117;0
118;0
119;0
120;0
121;0
122;0
123;0
124;0
125;0
126;0
127;0
128;0
129;2
130;0
131;0
132;1
133;0
134;1
135;0
136;0
137;0
138;0
139;1
140;0
141;0
142;2
143;0
144;0
145;0
146;0
147;0
148;1
149;0
150;2
151;2
152;1
153;0
154;2
155;0
156;0
157;0
158;0
159;0
160;0
161;0
162;1
163;0
164;0
165;2
166;1
167;0
168;0
169;0
170;0
171;0
172;2
173;2
174;0
175;0
176;0
177;1
178;0
179;0
180;0
181;0
182;0
183;0
184;0
185;0
186;0
187;2
188;4
189;0
190;1
191;2
192;2
193;0
194;2
195;0
196;1
197;0
198;0
199;0
200;0
201;0
202;0
203;0
204;0
205;0
206;1
207;0
208;2
209;1
210;0
211;2
212;1
213;0
214;2
215;1
216;0
217;0
218;0
219;2
220;0
221;0
222;0
223;0
224;0
225;0
226;0
227;0
228;0
229;0
230;0
231;1
232;0
233;0
234;2
235;0
236;0
237;2
238;2
239;2
240;0
241;0
242;1
243;0
244;0
245;0
246;1
247;0
248;0
249;1
250;0
251;0
252;2
253;2
254;0
255;2
256;0
257;0
258;2
259;1
260;0
261;0
262;0
263;1
264;0
265;0
266;0
267;0
268;2
269;0
270;2
271;0
272;2
273;0
274;0
275;0
276;1
277;0
278;0
279;1
280;1
281;0
282;2
283;1
284;0
285;0
286;0
287;0
288;0
289;2
290;1
291;1
292;0
293;0
294;0
295;0
296;0
297;1
298;0
299;0
300;2
301;0
302;0
303;0
304;0
305;0
306;0
307;0
308;0
309;0
310;0
311;0
312;2
313;0
314;0
315;0
316;0
317;0
318;0
319;2
320;0
321;2
322;0
323;0
324;0
325;0
326;0
327;2
328;0
329;0
330;0
331;0
332;1
333;0
334;0
335;1
336;0
337;0
338;2
339;1
340;0
341;0
342;2
343;0
344;0
345;2
346;1
347;2
348;2
349;0
350;1
351;2
352;0
353;0
354;0
355;0
356;0
357;2
358;2
359;2
360;1
361;0
362;0
363;2
364;1
365;0
366;0
367;1
368;2
369;0
370;2
371;2
372;0
373;0
374;0
375;0
376;0
377;2
378;0
379;0
380;1
381;0
382;0
383;0
384;0
385;0
386;0
387;0
388;4
389;0
390;0
391;2
392;2
393;0
394;0
395;0
396;2
397;0
398;1
399;0
400;0
401;0
402;0
403;0
404;1
405;0
406;0
407;2
408;2
409;0
410;0
411;2
412;0
413;0
414;2
415;2
416;2
417;0
418;1
419;0
420;0
421;1
422;1
423;0
424;0
425;1
426;0
427;0
428;0
429;0
430;0
431;0
432;0
433;0
434;0
435;0
436;2
437;2
438;0
439;0
440;2
441;1
442;0
443;0
444;0
445;2
446;0
447;2
448;0
449;0
450;2
451;2
452;2
453;2
454;0
455;0
456;0
457;0
458;0
459;1
460;0
461;0
462;1
463;0
464;2
465;0
466;2
467;2
468;2
469;2
470;2
471;2
472;2
473;0
474;2
475;0
476;2
477;0
478;0
479;0
480;1
481;2
482;1
483;0
484;1
485;0
486;2
487;2
488;1
489;2
490;0
491;0
492;4
493;0
494;2
495;0
496;2
497;0
498;2
499;0
500;1
501;0
502;0
503;0
504;2
505;0
506;2
507;2
508;2
509;0
510;0
511;0
512;2
513;1
514;0
515;0
516;2
517;0
518;0
519;0
520;0
521;2
522;0
523;4
524;2
525;0
526;0
527;0
528;1
529;0
530;2
531;2
532;1
533;0
534;0
535;1
536;0
537;0
538;2
539;1
540;0
541;0
542;0
543;2
544;2
545;0
546;0
547;0
548;0
549;0
550;0
551;0
552;0
553;0
554;0
555;0
556;0
557;0
558;2
559;0
560;2
561;0
562;0
563;2
564;0
565;0
566;0
567;0
568;1
569;0
570;0
571;1
572;0
573;0
574;2
575;2
576;2
577;0
578;0
579;0
580;2
581;2
582;2
583;2
584;2
585;0
586;0
587;0
588;1
589;0
590;0
591;0
592;0
593;2
594;1
595;0
596;0
597;2
598;0
599;0
600;2
601;0
602;0
603;2
604;0
605;0
606;0
607;0
608;0
609;0
610;2
611;1
612;0
613;0
614;0
615;0
616;2
617;2
618;0
619;1
620;0
621;0
622;2
623;0
624;0
625;0
626;0
627;0
628;0
629;2
630;0
631;0
632;0
633;0
634;0
635;0
636;1
637;0
638;0
639;0
640;1
641;0
642;2
643;0
644;1
645;2
646;0
647;0
648;0
649;2
650;0
651;1
652;0
653;0
654;0
655;0
656;0
657;0
658;0
659;0
660;0
661;0
662;2
663;0
664;2
665;0
666;0
667;2
668;0
669;0
670;0
671;0
672;2
673;0
674;0
675;0
676;0
677;0
678;0
679;0
680;0
681;2
682;0
683;0
684;0
685;0
686;0
687;0
688;2
689;2
690;0
691;0
692;2
693;2
694;0
695;0
696;2
697;0
698;0
699;0
700;0
701;0
702;2
703;1
704;0
705;0
706;0
707;2
708;2
709;0
710;2
711;2
712;2
713;2
714;2
715;0
716;1
717;0
718;0
719;0
720;0
721;0
722;1
723;0
724;1
725;1
726;0
727;0
728;0
729;0
730;2
731;0
732;0
733;2
734;2
735;2
736;0
737;0
738;0
739;1
740;2
741;0
742;0
743;2
744;0
745;1
746;0
747;0
748;4
749;0
750;0
751;0
752;0
753;0
754;0
755;0
756;2
757;2
758;2
759;0
760;2
761;0
762;0
763;0
764;0
765;0
766;0
767;0
768;0
769;0
770;0
771;0
772;2
773;0
774;0
775;0
776;0
777;0
778;0
779;0
780;2
781;0
782;0
783;0
784;0
785;0
786;1
787;0
788;0
789;0
790;0
791;0
792;0
793;0
794;1
795;0
796;2
797;0
798;0
799;0
800;0
801;0
802;1
803;0
804;0
805;0
806;0
807;2
808;2
809;0
810;2
811;2
812;0
813;0
814;2
815;2
816;2
817;1
818;0
819;0
820;0
821;0
822;0
823;0
824;2
825;0
826;0
827;0
828;0
829;2
830;0
831;0
832;1
833;0
834;0
835;0
836;2
837;0
838;2
839;0
840;0
841;0
842;0
843;0
844;0
845;0
846;2
847;2
848;1
849;2
850;2
851;0
852;0
853;0
854;0
855;0
856;2
857;1
858;1
859;0
860;0
861;2
862;0
863;2
864;2
865;0
866;0
867;0
868;1
869;0
870;0
871;0
872;1
873;0
874;0
875;0
876;0
877;0
878;0
879;2
880;0
881;2
882;1
883;0
884;0
885;0
886;0
887;0
888;1
889;2
890;1
891;0
892;0
893;0
894;0
895;0
896;2
897;0
898;1
899;2
900;2
901;0
902;0
903;1
904;0
905;1
906;0
907;0
908;0
909;2
910;2
911;2
912;0
913;0
914;0
915;2
916;1
917;0
918;0
919;2
920;2
921;0
922;2
923;2
924;2
925;0
926;2
927;0
928;0
929;0
930;0
931;0
932;0
933;1
934;0
935;0
936;0
937;2
938;2
939;0
940;2
941;2
942;0
943;0
944;0
945;0
946;0
947;0
948;0
949;1
950;0
951;0
952;2
953;0
954;0
955;0
956;2
957;0
958;0
959;0
960;0
961;0
962;0
963;0
964;2
965;0
966;0
967;0
968;0
969;0
970;0
971;0
972;0
973;0
974;1
975;0
976;0
977;0
978;0
979;0
980;1
981;0
982;0
983;0
984;0
985;0
986;2
987;0
988;0
989;0
990;1
991;1
992;0
993;0
994;2
995;0
996;2
997;2
998;0
999;0
1000;2
1001;0
1002;0
1003;0
1004;0
1005;0
1006;0
1007;2
1008;1
1009;0
1010;1
1011;0
1012;0
1013;0
1014;1
1015;0
1016;0
1017;0
1018;0
1019;0
1020;0
1021;0
1022;0
1023;0
