0;0
1;0
2;0
3;0
4;1
5;0
6;2
7;2
8;2
9;0
10;2
11;0
12;2
13;1
14;0
15;0
16;0
17;1
18;0
19;2
20;0
21;0
22;1
23;0
24;0
25;1
26;1
27;0
28;2
29;0
30;0
31;2
32;0
33;0
34;0
35;0
36;0
37;0
38;0
39;1
40;0
41;0
42;0
43;0
44;2
45;2
46;0
47;0
48;0
49;0
50;0
51;0
52;1
53;0
54;0
55;0
56;0
57;1
58;1
59;2
60;1
61;0
62;0
63;0
64;0
65;2
66;0
67;0
68;0
69;0
70;0
71;0
72;2
73;0
74;1
75;0
76;0
77;0
78;0
79;0
80;2
81;0
82;1
83;2
84;2
85;2
86;0
87;0
88;0
89;1
90;0
91;2
92;1
93;0
94;0
95;2
96;2
97;0
98;1
99;2
100;2
101;0
102;2
103;0
104;0
105;0
106;0
107;0
108;0
109;2
110;0
111;1
112;0
113;0
114;1
115;0
116;0
117;0
118;1
119;0
120;0
121;1
122;0
123;0
124;0
125;0
126;0
127;0
128;2
129;2
130;0
131;0
132;0
133;0
134;1
135;0
136;1
137;0
138;2
139;2
140;2
141;0
142;2
143;0
144;2
145;0
146;0
147;0
148;0
149;2
150;2
151;1
152;1
153;0
154;2
155;0
156;0
157;0
158;0
159;0
160;0
161;0
162;0
163;0
164;0
165;0
166;0
167;0
168;0
169;0
170;0
171;0
172;0
173;0
174;0
175;2
176;0
177;0
178;0
179;0
180;0
181;0
182;0
183;0
184;0
185;0
186;0
187;2
188;2
189;2
190;2
191;1
192;0
193;0
194;2
195;0
196;0
197;0
198;0
199;0
200;0
201;0
202;0
203;0
204;0
205;0
206;0
207;0
208;0
209;0
210;0
211;1
212;2
213;2
214;2
215;2
216;1
217;0
218;2
219;0
220;0
221;0
222;2
223;0
224;1
225;0
226;0
227;0
228;0
229;1
230;0
231;0
232;2
233;2
234;2
235;1
236;0
237;0
238;0
239;2
240;4
241;0
242;2
243;1
244;0
245;0
246;0
247;0
248;1
249;2
250;2
251;2
252;0
253;0
254;1
255;0
256;0
257;0
258;0
259;0
260;0
261;0
262;2
263;2
264;2
265;2
266;2
267;0
268;0
269;0
270;2
271;0
272;1
273;0
274;0
275;2
276;2
277;0
278;2
279;2
280;2
281;0
282;2
283;0
284;1
285;0
286;1
287;0
288;0
289;0
290;2
291;0
292;2
293;0
294;0
295;0
296;2
297;2
298;0
299;2
300;0
301;0
302;0
303;0
304;0
305;2
306;1
307;0
308;2
309;0
310;0
311;0
312;0
313;0
314;0
315;0
316;0
317;0
318;0
319;0
320;2
321;0
322;0
323;0
324;0
325;0
326;0
327;0
328;0
329;2
330;1
331;0
332;0
333;0
334;0
335;0
336;2
337;0
338;2
339;2
340;2
341;0
342;0
343;0
344;0
345;0
346;0
347;0
348;0
349;0
350;0
351;0
352;0
353;0
354;1
355;0
356;0
357;0
358;0
359;0
360;0
361;0
362;0
363;0
364;0
365;0
366;2
367;0
368;1
369;2
370;0
371;1
372;2
373;0
374;0
375;0
376;1
377;0
378;0
379;0
380;2
381;1
382;0
383;0
384;0
385;0
386;1
387;2
388;4
389;2
390;2
391;1
392;0
393;0
394;0
395;0
396;2
397;1
398;0
399;0
400;1
401;0
402;0
403;2
404;2
405;0
406;1
407;0
408;4
409;0
410;2
411;0
412;2
413;2
414;2
415;2
416;1
417;0
418;0
419;0
420;0
421;0
422;2
423;0
424;0
425;0
426;0
427;2
428;2
429;0
430;0
431;1
432;0
433;0
434;2
435;2
436;2
437;0
438;0
439;0
440;2
441;0
442;0
443;0
444;0
445;0
446;0
447;2
448;1
449;0
450;0
451;2
452;2
453;0
454;2
455;2
456;0
457;0
458;2
459;2
460;2
461;0
462;2
463;1
464;0
465;0
466;0
467;0
468;0
469;0
470;0
471;0
472;2
473;0
474;0
475;2
476;0
477;2
478;2
479;0
480;0
481;0
482;0
483;0
484;0
485;2
486;2
487;0
488;2
489;0
490;1
491;0
492;0
493;0
494;0
495;0
496;1
497;1
498;0
499;0
500;0
501;0
502;2
503;1
504;0
505;0
506;2
507;0
508;2
509;0
510;0
511;2
512;0
513;0
514;0
515;0
516;0
517;1
518;0
519;0
520;0
521;0
522;0
523;0
524;2
525;2
526;1
527;0
528;0
529;0
530;0
531;0
532;1
533;0
534;0
535;2
536;1
537;0
538;0
539;0
540;2
541;2
542;2
543;1
544;0
545;0
546;2
547;2
548;0
549;0
550;0
551;0
552;0
553;2
554;0
555;0
556;0
557;0
558;0
559;0
560;0
561;2
562;0
563;2
564;1
565;0
566;0
567;1
568;0
569;0
570;2
571;2
572;2
573;0
574;2
575;0
576;2
577;0
578;0
579;0
580;0
581;0
582;0
583;2
584;2
585;0
586;0
587;1
588;0
589;0
590;0
591;0
592;0
593;2
594;1
595;0
596;2
597;2
598;0
599;0
600;0
601;0
602;0
603;0
604;0
605;0
606;0
607;0
608;0
609;2
610;0
611;2
612;0
613;0
614;0
615;0
616;0
617;0
618;0
619;0
620;2
621;2
622;0
623;2
624;1
625;0
626;2
627;0
628;0
629;2
630;0
631;0
632;0
633;1
634;0
635;0
636;1
637;0
638;0
639;0
640;2
641;0
642;0
643;0
644;0
645;0
646;2
647;0
648;2
649;1
650;0
651;0
652;0
653;0
654;0
655;0
656;2
657;0
658;0
659;0
660;0
661;0
662;0
663;0
664;0
665;0
666;0
667;0
668;0
669;0
670;0
671;0
672;0
673;0
674;0
675;1
676;2
677;0
678;2
679;2
680;2
681;0
682;2
683;0
684;1
685;0
686;0
687;0
688;0
689;1
690;0
691;0
692;1
693;0
694;0
695;0
696;0
697;0
698;0
699;0
700;1
701;0
702;0
703;0
704;0
705;0
706;0
707;0
708;0
709;1
710;0
711;0
712;0
713;0
714;0
715;1
716;2
717;2
718;2
719;2
720;2
721;0
722;2
723;0
724;0
725;1
726;0
727;2
728;0
729;0
730;0
731;0
732;0
733;0
734;0
735;0
736;2
737;1
738;0
739;0
740;0
741;0
742;0
743;0
744;0
745;0
746;0
747;0
748;4
749;0
750;0
751;0
752;0
753;2
754;2
755;2
756;1
757;0
758;0
759;0
760;0
761;2
762;1
763;0
764;1
765;0
766;0
767;2
768;2
769;2
770;2
771;1
772;1
773;0
774;0
775;2
776;0
777;2
778;2
779;2
780;2
781;1
782;1
783;0
784;0
785;0
786;0
787;0
788;0
789;0
790;0
791;0
792;2
793;1
794;0
795;0
796;0
797;0
798;2
799;0
800;1
801;0
802;0
803;0
804;1
805;0
806;0
807;2
808;4
809;0
810;2
811;1
812;0
813;0
814;0
815;0
816;2
817;0
818;1
819;0
820;0
821;0
822;0
823;0
824;0
825;0
826;0
827;0
828;2
829;0
830;0
831;0
832;0
833;0
834;0
835;1
836;0
837;0
838;1
839;0
840;2
841;2
842;2
843;0
844;0
845;0
846;0
847;0
848;0
849;0
850;1
851;0
852;0
853;1
854;0
855;1
856;0
857;0
858;0
859;2
860;0
861;0
862;0
863;1
864;1
865;0
866;2
867;1
868;0
869;0
870;0
871;0
872;2
873;0
874;0
875;0
876;0
877;0
878;0
879;0
880;0
881;2
882;0
883;0
884;2
885;0
886;1
887;0
888;0
889;2
890;0
891;0
892;1
893;0
894;0
895;2
896;1
897;0
898;0
899;0
900;0
901;0
902;2
903;2
904;2
905;0
906;0
907;0
908;1
909;0
910;1
911;0
912;2
913;0
914;2
915;2
916;1
917;0
918;0
919;1
920;1
921;0
922;0
923;2
924;1
925;0
926;0
927;0
928;0
929;0
930;2
931;0
932;2
933;0
934;1
935;0
936;0
937;0
938;0
939;0
940;0
941;1
942;0
943;1
944;0
945;2
946;0
947;2
948;0
949;0
950;0
951;0
952;0
953;0
954;2
955;1
956;0
957;0
958;0
959;0
960;2
961;0
962;0
963;0
964;0
965;2
966;1
967;0
968;2
969;2
970;0
971;0
972;1
973;0
974;0
975;0
976;0
977;0
978;1
979;0
980;1
981;0
982;0
983;0
984;1
985;0
986;0
987;0
988;0
989;1
990;0
991;0
992;0
993;0
994;2
995;2
996;1
997;0
998;0
999;0
1000;4
1001;0
1002;0
1003;1
1004;0
1005;0
1006;0
1007;0
1008;2
1009;0
1010;2
1011;1
1012;0
1013;1
1014;0
1015;0
1016;0
1017;0
1018;0
1019;0
1020;0
1021;0
1022;0
1023;0
