0;0
1;0
2;0
3;2
4;1
5;0
6;2
7;0
8;0
9;1
10;2
11;0
12;0
13;0
14;1
15;0
16;0
17;1
18;0
19;2
20;2
21;2
22;0
23;1
24;0
25;0
26;0
27;0
28;2
29;0
30;0
31;0
32;1
33;2
34;1
35;0
36;0
37;1
38;0
39;0
40;0
41;0
42;1
43;0
44;2
45;0
46;1
47;0
48;0
49;2
50;0
51;0
52;0
53;0
54;0
55;0
56;0
57;0
58;0
59;0
60;1
61;1
62;0
63;0
64;0
65;0
66;0
67;0
68;0
69;0
70;0
71;0
72;0
73;0
74;0
75;0
76;0
77;0
78;2
79;2
80;2
81;0
82;0
83;2
84;0
85;0
86;0
87;0
88;1
89;0
90;0
91;2
92;0
93;0
94;1
95;0
96;0
97;0
98;0
99;0
100;0
101;0
102;1
103;0
104;0
105;0
106;0
107;1
108;0
109;0
110;2
111;0
112;0
113;0
114;0
115;1
116;0
117;0
118;1
119;2
120;0
121;1
122;0
123;2
124;2
125;0
126;0
127;0
128;0
129;1
130;0
131;0
132;2
133;0
134;0
135;0
136;0
137;0
138;0
139;0
140;0
141;0
142;2
143;0
144;1
145;0
146;0
147;2
148;0
149;0
150;2
151;0
152;2
153;0
154;1
155;0
156;0
157;0
158;2
159;1
160;0
161;0
162;2
163;0
164;0
165;0
166;0
167;0
168;0
169;0
170;2
171;2
172;2
173;1
174;1
175;0
176;0
177;0
178;2
179;0
180;2
181;1
182;1
183;0
184;0
185;0
186;1
187;0
188;0
189;0
190;1
191;0
192;0
193;2
194;1
195;0
196;2
197;0
198;0
199;0
200;0
201;0
202;0
203;1
204;0
205;0
206;1
207;1
208;0
209;0
210;1
211;0
212;0
213;0
214;0
215;0
216;4
217;0
218;0
219;0
220;0
221;0
222;2
223;0
224;2
225;2
226;1
227;0
228;0
229;2
230;0
231;0
232;0
233;2
234;0
235;0
236;0
237;0
238;0
239;0
240;2
241;0
242;1
243;0
244;1
245;2
246;0
247;0
248;0
249;1
250;2
251;1
252;0
253;1
254;2
255;0
256;0
257;0
258;2
259;0
260;0
261;1
262;2
263;0
264;0
265;2
266;2
267;0
268;0
269;0
270;2
271;2
272;0
273;0
274;1
275;0
276;0
277;0
278;0
279;2
280;0
281;0
282;2
283;1
284;0
285;0
286;0
287;1
288;0
289;0
290;2
291;2
292;2
293;0
294;0
295;0
296;2
297;0
298;0
299;0
300;0
301;0
302;0
303;0
304;2
305;1
306;0
307;1
308;0
309;1
310;0
311;0
312;0
313;0
314;1
315;0
316;0
317;1
318;0
319;0
320;0
321;1
322;2
323;0
324;1
325;0
326;0
327;0
328;0
329;0
330;1
331;0
332;0
333;0
334;2
335;2
336;2
337;2
338;2
339;0
340;1
341;0
342;2
343;1
344;0
345;0
346;0
347;0
348;1
349;0
350;0
351;0
352;2
353;0
354;0
355;0
356;0
357;0
358;0
359;2
360;0
361;1
362;0
363;2
364;1
365;0
366;2
367;2
368;2
369;0
370;1
371;0
372;0
373;2
374;0
375;0
376;0
377;0
378;1
379;0
380;0
381;0
382;0
383;0
384;0
385;0
386;0
387;0
388;2
389;0
390;0
391;0
392;0
393;0
394;0
395;0
396;0
397;0
398;0
399;2
400;0
401;1
402;2
403;0
404;2
405;2
406;0
407;2
408;2
409;0
410;0
411;0
412;0
413;0
414;1
415;0
416;0
417;0
418;1
419;0
420;2
421;2
422;0
423;2
424;1
425;0
426;1
427;0
428;2
429;2
430;0
431;0
432;1
433;0
434;2
435;2
436;1
437;0
438;0
439;1
440;0
441;2
442;0
443;0
444;1
445;0
446;2
447;2
448;0
449;0
450;0
451;0
452;0
453;0
454;1
455;0
456;0
457;2
458;0
459;2
460;0
461;1
462;0
463;0
464;0
465;0
466;2
467;2
468;2
469;0
470;1
471;0
472;0
473;0
474;2
475;2
476;0
477;0
478;2
479;0
480;0
481;1
482;0
483;0
484;1
485;0
486;2
487;2
488;1
489;0
490;0
491;0
492;1
493;0
494;0
495;0
496;0
497;2
498;0
499;0
500;0
501;0
502;0
503;2
504;0
505;1
506;2
507;1
508;2
509;2
510;0
511;0
512;0
513;2
514;2
515;0
516;0
517;0
518;0
519;2
520;0
521;0
522;2
523;0
524;0
525;0
526;0
527;0
528;1
529;0
530;0
531;0
532;0
533;2
534;1
535;0
536;0
537;0
538;1
539;0
540;1
541;0
542;2
543;0
544;0
545;0
546;0
547;0
548;2
549;2
550;2
551;2
552;0
553;1
554;2
555;0
556;2
557;2
558;0
559;2
560;2
561;2
562;0
563;0
564;0
565;0
566;1
567;0
568;0
569;0
570;0
571;0
572;1
573;0
574;0
575;1
576;1
577;0
578;0
579;2
580;2
581;2
582;2
583;2
584;0
585;0
586;2
587;0
588;2
589;0
590;0
591;1
592;1
593;0
594;0
595;0
596;0
597;0
598;0
599;0
600;0
601;0
602;0
603;0
604;0
605;0
606;0
607;0
608;0
609;2
610;1
611;0
612;0
613;0
614;0
615;0
616;2
617;0
618;0
619;0
620;2
621;0
622;1
623;0
624;0
625;1
626;0
627;0
628;0
629;0
630;0
631;0
632;0
633;2
634;0
635;0
636;1
637;0
638;1
639;0
640;1
641;1
642;0
643;0
644;0
645;0
646;0
647;0
648;0
649;0
650;0
651;0
652;0
653;0
654;0
655;2
656;0
657;0
658;0
659;0
660;0
661;0
662;0
663;0
664;0
665;0
666;2
667;0
668;0
669;0
670;0
671;2
672;0
673;0
674;0
675;2
676;0
677;0
678;0
679;0
680;0
681;0
682;0
683;2
684;2
685;2
686;0
687;2
688;1
689;0
690;1
691;0
692;1
693;0
694;0
695;2
696;2
697;0
698;2
699;2
700;0
701;0
702;2
703;0
704;0
705;0
706;0
707;1
708;0
709;1
710;1
711;0
712;0
713;0
714;0
715;0
716;0
717;0
718;0
719;0
720;1
721;0
722;0
723;0
724;0
725;0
726;0
727;1
728;0
729;0
730;2
731;0
732;2
733;0
734;2
735;0
736;0
737;2
738;2
739;0
740;1
741;0
742;2
743;2
744;1
745;0
746;0
747;2
748;2
749;0
750;2
751;1
752;0
753;0
754;2
755;0
756;1
757;0
758;0
759;1
760;0
761;0
762;1
763;0
764;0
765;0
766;0
767;0
768;0
769;0
770;0
771;1
772;2
773;2
774;2
775;2
776;2
777;0
778;2
779;0
780;1
781;0
782;0
783;0
784;0
785;0
786;1
787;0
788;0
789;0
790;0
791;0
792;0
793;0
794;2
795;0
796;0
797;0
798;0
799;2
800;0
801;0
802;0
803;2
804;0
805;1
806;4
807;2
808;0
809;0
810;0
811;0
812;0
813;0
814;2
815;0
816;0
817;0
818;0
819;0
820;0
821;0
822;0
823;1
824;0
825;0
826;0
827;0
828;0
829;0
830;0
831;0
832;0
833;0
834;0
835;0
836;1
837;1
838;0
839;0
840;0
841;1
842;0
843;0
844;1
845;1
846;0
847;0
848;0
849;1
850;0
851;0
852;0
853;1
854;0
855;0
856;2
857;2
858;2
859;2
860;2
861;0
862;0
863;0
864;0
865;0
866;1
867;1
868;0
869;0
870;1
871;2
872;2
873;0
874;2
875;0
876;0
877;0
878;0
879;0
880;0
881;0
882;1
883;0
884;0
885;0
886;0
887;0
888;0
889;2
890;2
891;2
892;1
893;0
894;2
895;0
896;1
897;1
898;1
899;0
900;0
901;2
902;2
903;0
904;0
905;1
906;1
907;0
908;0
909;0
910;1
911;0
912;0
913;0
914;0
915;0
916;2
917;0
918;0
919;0
920;0
921;0
922;1
923;2
924;2
925;1
926;0
927;1
928;0
929;2
930;1
931;1
932;1
933;0
934;2
935;1
936;0
937;0
938;0
939;2
940;4
941;0
942;2
943;2
944;2
945;0
946;0
947;0
948;2
949;0
950;0
951;2
952;0
953;0
954;1
955;0
956;2
957;0
958;0
959;0
960;0
961;2
962;0
963;0
964;2
965;0
966;1
967;0
968;0
969;0
970;0
971;1
972;0
973;2
974;1
975;0
976;2
977;0
978;2
979;0
980;0
981;2
982;0
983;0
984;2
985;0
986;0
987;0
988;0
989;2
990;2
991;2
992;2
993;0
994;0
995;2
996;0
997;0
998;0
999;1
1000;0
1001;0
1002;0
1003;0
1004;0
1005;0
1006;0
1007;0
1008;0
1009;1
1010;0
1011;0
1012;0
1013;1
1014;1
1015;0
1016;0
1017;0
1018;0
1019;0
1020;0
1021;0
1022;0
1023;0
