0;1
1;0
2;0
3;0
4;2
5;0
6;1
7;1
8;0
9;0
10;2
11;0
12;0
13;0
14;0
15;0
16;0
17;2
18;1
19;0
20;2
21;2
22;1
23;2
24;1
25;1
26;2
27;2
28;2
29;0
30;0
31;2
32;0
33;0
34;0
35;0
36;0
37;2
38;1
39;0
40;0
41;2
42;0
43;0
44;2
45;0
46;1
47;0
48;0
49;0
50;0
51;0
52;0
53;0
54;0
55;0
56;0
57;1
58;0
59;2
60;1
61;0
62;0
63;0
64;0
65;0
66;2
67;0
68;0
69;0
70;2
71;1
72;1
73;0
74;0
75;0
76;0
77;0
78;0
79;0
80;2
81;0
82;2
83;2
84;1
85;2
86;0
87;0
88;0
89;1
90;0
91;2
92;0
93;2
94;1
95;0
96;0
97;2
98;0
99;0
100;0
101;0
102;1
103;0
104;0
105;0
106;1
107;2
108;1
109;0
110;0
111;2
112;4
113;0
114;2
115;2
116;2
117;0
118;2
119;0
120;1
121;2
122;0
123;0
124;0
125;2
126;0
127;0
128;0
129;0
130;0
131;0
132;0
133;0
134;1
135;0
136;0
137;0
138;1
139;0
140;1
141;0
142;0
143;0
144;2
145;0
146;2
147;0
148;2
149;0
150;0
151;0
152;0
153;1
154;0
155;2
156;0
157;0
158;2
159;0
160;0
161;0
162;0
163;0
164;0
165;0
166;2
167;0
168;0
169;0
170;1
171;0
172;0
173;0
174;1
175;0
176;0
177;0
178;0
179;0
180;0
181;0
182;0
183;0
184;0
185;0
186;2
187;0
188;1
189;0
190;0
191;2
192;4
193;0
194;1
195;2
196;2
197;0
198;2
199;0
200;1
201;0
202;0
203;2
204;0
205;0
206;0
207;2
208;0
209;0
210;1
211;0
212;0
213;0
214;0
215;1
216;2
217;2
218;1
219;0
220;2
221;0
222;2
223;0
224;0
225;0
226;0
227;0
228;0
229;2
230;0
231;0
232;0
233;1
234;0
235;2
236;1
237;0
238;0
239;0
240;0
241;2
242;2
243;2
244;0
245;0
246;0
247;0
248;0
249;0
250;0
251;0
252;0
253;2
254;2
255;1
256;0
257;0
258;0
259;0
260;1
261;0
262;2
263;2
264;2
265;0
266;0
267;0
268;1
269;0
270;1
271;0
272;0
273;0
274;2
275;2
276;2
277;0
278;0
279;2
280;4
281;0
282;2
283;2
284;0
285;0
286;0
287;0
288;1
289;0
290;0
291;0
292;2
293;2
294;0
295;0
296;2
297;0
298;2
299;2
300;1
301;0
302;0
303;2
304;2
305;0
306;2
307;2
308;0
309;0
310;0
311;0
312;0
313;0
314;0
315;0
316;0
317;1
318;0
319;0
320;0
321;1
322;0
323;0
324;0
325;2
326;1
327;1
328;0
329;2
330;0
331;0
332;2
333;0
334;2
335;0
336;0
337;0
338;0
339;0
340;0
341;1
342;2
343;0
344;0
345;0
346;0
347;0
348;0
349;1
350;0
351;0
352;1
353;0
354;0
355;1
356;0
357;0
358;0
359;0
360;2
361;0
362;1
363;0
364;0
365;0
366;0
367;0
368;2
369;0
370;2
371;0
372;2
373;2
374;0
375;2
376;0
377;0
378;1
379;0
380;0
381;0
382;1
383;0
384;0
385;0
386;1
387;0
388;1
389;0
390;0
391;2
392;2
393;0
394;2
395;2
396;2
397;0
398;2
399;0
400;2
401;0
402;1
403;0
404;0
405;1
406;1
407;0
408;0
409;1
410;0
411;0
412;0
413;0
414;0
415;0
416;0
417;0
418;2
419;0
420;0
421;0
422;2
423;2
424;1
425;0
426;0
427;0
428;0
429;0
430;0
431;0
432;0
433;2
434;0
435;2
436;2
437;2
438;1
439;0
440;0
441;0
442;0
443;0
444;0
445;0
446;0
447;0
448;0
449;0
450;2
451;1
452;0
453;2
454;2
455;0
456;2
457;0
458;2
459;0
460;2
461;0
462;0
463;0
464;1
465;0
466;1
467;1
468;0
469;0
470;0
471;2
472;4
473;0
474;2
475;2
476;2
477;0
478;0
479;0
480;2
481;0
482;0
483;0
484;1
485;0
486;1
487;1
488;0
489;0
490;1
491;0
492;0
493;0
494;0
495;0
496;2
497;0
498;0
499;0
500;0
501;2
502;1
503;0
504;2
505;2
506;1
507;0
508;0
509;0
510;0
511;0
512;2
513;2
514;2
515;0
516;2
517;0
518;0
519;1
520;0
521;2
522;0
523;0
524;0
525;2
526;1
527;0
528;0
529;0
530;0
531;1
532;0
533;0
534;0
535;0
536;0
537;1
538;0
539;2
540;1
541;0
542;0
543;1
544;0
545;0
546;0
547;2
548;0
549;0
550;0
551;0
552;0
553;0
554;2
555;2
556;0
557;0
558;0
559;0
560;0
561;0
562;0
563;2
564;1
565;0
566;0
567;0
568;0
569;0
570;2
571;2
572;2
573;0
574;2
575;0
576;0
577;1
578;0
579;2
580;0
581;2
582;2
583;0
584;1
585;2
586;2
587;0
588;0
589;2
590;0
591;1
592;1
593;0
594;0
595;0
596;0
597;0
598;0
599;0
600;1
601;0
602;2
603;0
604;0
605;1
606;0
607;2
608;0
609;0
610;0
611;0
612;0
613;0
614;2
615;2
616;1
617;0
618;0
619;0
620;2
621;0
622;2
623;0
624;2
625;0
626;2
627;0
628;2
629;2
630;0
631;0
632;0
633;0
634;0
635;0
636;0
637;0
638;0
639;0
640;2
641;2
642;2
643;0
644;1
645;0
646;0
647;2
648;2
649;2
650;2
651;1
652;0
653;0
654;1
655;0
656;0
657;1
658;0
659;0
660;0
661;2
662;0
663;2
664;2
665;0
666;2
667;0
668;0
669;2
670;2
671;0
672;0
673;0
674;0
675;1
676;2
677;2
678;1
679;0
680;0
681;0
682;0
683;0
684;2
685;1
686;0
687;2
688;0
689;2
690;1
691;0
692;0
693;2
694;0
695;0
696;0
697;0
698;1
699;0
700;0
701;0
702;0
703;0
704;2
705;0
706;0
707;0
708;1
709;0
710;0
711;0
712;2
713;2
714;2
715;2
716;2
717;0
718;0
719;0
720;1
721;0
722;0
723;0
724;1
725;0
726;0
727;0
728;0
729;0
730;0
731;0
732;0
733;0
734;0
735;0
736;0
737;2
738;2
739;2
740;2
741;1
742;0
743;0
744;0
745;0
746;0
747;2
748;1
749;1
750;0
751;0
752;0
753;0
754;0
755;0
756;1
757;0
758;2
759;2
760;0
761;0
762;0
763;0
764;4
765;0
766;0
767;2
768;2
769;0
770;2
771;0
772;2
773;0
774;0
775;0
776;0
777;0
778;0
779;0
780;0
781;0
782;2
783;2
784;1
785;1
786;0
787;2
788;4
789;0
790;2
791;2
792;0
793;0
794;0
795;0
796;1
797;0
798;2
799;0
800;2
801;0
802;2
803;0
804;1
805;0
806;0
807;0
808;0
809;2
810;0
811;0
812;2
813;0
814;1
815;0
816;0
817;2
818;2
819;4
820;2
821;1
822;0
823;0
824;1
825;0
826;2
827;1
828;0
829;0
830;0
831;2
832;4
833;0
834;2
835;2
836;2
837;0
838;2
839;0
840;2
841;2
842;2
843;2
844;0
845;2
846;2
847;2
848;1
849;0
850;0
851;0
852;0
853;2
854;2
855;2
856;1
857;0
858;1
859;0
860;0
861;0
862;1
863;0
864;0
865;2
866;0
867;0
868;0
869;1
870;0
871;0
872;0
873;1
874;0
875;1
876;0
877;0
878;2
879;2
880;1
881;0
882;2
883;0
884;2
885;0
886;1
887;0
888;0
889;0
890;2
891;0
892;0
893;0
894;0
895;1
896;0
897;0
898;1
899;0
900;2
901;2
902;2
903;0
904;0
905;0
906;0
907;0
908;0
909;0
910;0
911;0
912;0
913;0
914;0
915;0
916;1
917;1
918;0
919;0
920;0
921;2
922;2
923;1
924;1
925;0
926;2
927;2
928;1
929;0
930;0
931;2
932;4
933;0
934;1
935;2
936;2
937;0
938;2
939;0
940;2
941;0
942;1
943;0
944;0
945;2
946;0
947;0
948;0
949;0
950;1
951;2
952;0
953;0
954;2
955;2
956;2
957;2
958;0
959;0
960;2
961;0
962;2
963;1
964;0
965;2
966;1
967;0
968;0
969;0
970;1
971;0
972;2
973;2
974;1
975;0
976;1
977;0
978;0
979;0
980;0
981;0
982;1
983;0
984;2
985;0
986;0
987;0
988;0
989;0
990;0
991;2
992;1
993;0
994;2
995;0
996;0
997;1
998;1
999;0
1000;1
1001;0
1002;0
1003;2
1004;1
1005;1
1006;0
1007;0
1008;0
1009;0
1010;0
1011;0
1012;1
1013;0
1014;1
1015;0
1016;0
1017;0
1018;0
1019;0
1020;0
1021;0
1022;0
1023;0
