0;0
1;0
2;0
3;2
4;4
5;0
6;2
7;2
8;2
9;0
10;2
11;0
12;2
13;0
14;0
15;0
16;0
17;2
18;2
19;1
20;0
21;0
22;2
23;1
24;0
25;1
26;2
27;0
28;2
29;0
30;0
31;2
32;0
33;0
34;0
35;0
36;0
37;0
38;0
39;1
40;0
41;0
42;0
43;0
44;0
45;0
46;0
47;0
48;0
49;0
50;2
51;2
52;1
53;0
54;0
55;2
56;2
57;0
58;2
59;1
60;0
61;0
62;2
63;0
64;2
65;0
66;0
67;0
68;0
69;1
70;0
71;2
72;1
73;0
74;0
75;0
76;0
77;0
78;0
79;1
80;0
81;2
82;2
83;2
84;1
85;0
86;0
87;0
88;0
89;0
90;0
91;0
92;2
93;0
94;2
95;0
96;0
97;1
98;0
99;0
100;0
101;0
102;0
103;0
104;2
105;0
106;0
107;0
108;0
109;0
110;0
111;0
112;0
113;0
114;1
115;0
116;0
117;0
118;0
119;0
120;0
121;2
122;0
123;0
124;0
125;0
126;0
127;0
128;0
129;0
130;0
131;1
132;0
133;1
134;1
135;0
136;1
137;0
138;0
139;0
140;0
141;0
142;2
143;0
144;0
145;0
146;0
147;0
148;2
149;2
150;2
151;2
152;1
153;0
154;2
155;0
156;0
157;0
158;0
159;0
160;0
161;0
162;2
163;2
164;1
165;0
166;0
167;2
168;1
169;0
170;2
171;2
172;2
173;0
174;2
175;0
176;2
177;0
178;1
179;0
180;4
181;0
182;0
183;0
184;0
185;2
186;0
187;2
188;2
189;0
190;0
191;0
192;0
193;0
194;0
195;0
196;0
197;0
198;0
199;0
200;0
201;0
202;0
203;0
204;2
205;0
206;0
207;1
208;0
209;0
210;0
211;2
212;2
213;2
214;2
215;0
216;2
217;0
218;2
219;0
220;0
221;1
222;0
223;0
224;0
225;0
226;0
227;1
228;0
229;0
230;0
231;2
232;1
233;0
234;0
235;0
236;0
237;2
238;1
239;0
240;0
241;1
242;0
243;0
244;0
245;0
246;0
247;0
248;0
249;0
250;2
251;2
252;0
253;2
254;2
255;2
256;0
257;0
258;2
259;2
260;2
261;2
262;0
263;0
264;1
265;0
266;0
267;1
268;0
269;0
270;0
271;0
272;1
273;0
274;0
275;2
276;1
277;0
278;0
279;0
280;0
281;1
282;0
283;0
284;0
285;0
286;0
287;0
288;2
289;0
290;0
291;1
292;0
293;0
294;1
295;0
296;2
297;2
298;0
299;0
300;0
301;0
302;0
303;0
304;2
305;0
306;0
307;0
308;1
309;1
310;0
311;0
312;0
313;0
314;0
315;0
316;0
317;1
318;0
319;0
320;0
321;0
322;2
323;0
324;1
325;0
326;0
327;0
328;4
329;0
330;1
331;1
332;2
333;0
334;2
335;1
336;2
337;2
338;2
339;0
340;0
341;2
342;2
343;2
344;2
345;1
346;0
347;0
348;0
349;0
350;0
351;0
352;2
353;0
354;0
355;1
356;0
357;2
358;0
359;2
360;2
361;0
362;0
363;2
364;0
365;2
366;0
367;0
368;0
369;0
370;2
371;0
372;0
373;0
374;2
375;1
376;1
377;0
378;0
379;0
380;4
381;0
382;0
383;2
384;2
385;0
386;2
387;0
388;1
389;0
390;0
391;2
392;2
393;0
394;1
395;0
396;0
397;0
398;0
399;0
400;0
401;0
402;0
403;2
404;0
405;0
406;0
407;0
408;0
409;2
410;0
411;1
412;0
413;2
414;2
415;2
416;0
417;0
418;0
419;0
420;0
421;0
422;0
423;0
424;0
425;2
426;0
427;2
428;2
429;2
430;0
431;1
432;0
433;0
434;0
435;1
436;0
437;0
438;0
439;1
440;0
441;0
442;1
443;2
444;2
445;2
446;2
447;0
448;2
449;0
450;2
451;0
452;2
453;0
454;0
455;0
456;1
457;2
458;2
459;2
460;0
461;0
462;2
463;1
464;0
465;0
466;0
467;0
468;2
469;0
470;0
471;2
472;0
473;0
474;0
475;0
476;0
477;0
478;1
479;1
480;0
481;0
482;0
483;0
484;0
485;2
486;2
487;2
488;1
489;0
490;0
491;1
492;0
493;1
494;0
495;0
496;2
497;2
498;2
499;2
500;1
501;0
502;2
503;2
504;1
505;0
506;2
507;2
508;2
509;0
510;2
511;2
512;0
513;0
514;2
515;0
516;2
517;2
518;2
519;0
520;1
521;0
522;0
523;0
524;0
525;0
526;0
527;0
528;0
529;0
530;0
531;2
532;0
533;0
534;0
535;0
536;0
537;2
538;2
539;2
540;2
541;2
542;0
543;0
544;0
545;0
546;0
547;1
548;1
549;0
550;0
551;0
552;0
553;0
554;0
555;2
556;0
557;0
558;1
559;0
560;0
561;0
562;0
563;0
564;2
565;2
566;2
567;2
568;0
569;2
570;2
571;0
572;1
573;2
574;0
575;0
576;0
577;2
578;0
579;1
580;0
581;0
582;2
583;1
584;0
585;0
586;0
587;2
588;2
589;0
590;2
591;1
592;0
593;0
594;2
595;0
596;0
597;0
598;1
599;2
600;0
601;1
602;0
603;2
604;0
605;0
606;1
607;0
608;1
609;0
610;2
611;1
612;0
613;0
614;1
615;0
616;0
617;0
618;0
619;0
620;1
621;0
622;0
623;2
624;2
625;2
626;2
627;0
628;1
629;0
630;0
631;1
632;0
633;0
634;1
635;0
636;2
637;0
638;1
639;0
640;0
641;1
642;1
643;0
644;2
645;2
646;2
647;0
648;2
649;0
650;0
651;0
652;2
653;0
654;2
655;1
656;0
657;0
658;0
659;1
660;1
661;0
662;2
663;2
664;2
665;0
666;0
667;0
668;1
669;0
670;0
671;0
672;0
673;0
674;0
675;0
676;2
677;2
678;0
679;0
680;2
681;1
682;0
683;1
684;0
685;0
686;0
687;0
688;1
689;1
690;0
691;0
692;2
693;0
694;0
695;0
696;0
697;2
698;2
699;2
700;2
701;0
702;0
703;0
704;0
705;0
706;0
707;0
708;0
709;0
710;0
711;0
712;0
713;0
714;0
715;0
716;0
717;0
718;0
719;0
720;0
721;0
722;0
723;2
724;2
725;1
726;0
727;0
728;0
729;0
730;0
731;1
732;1
733;1
734;0
735;1
736;1
737;0
738;0
739;2
740;0
741;0
742;1
743;0
744;0
745;0
746;0
747;1
748;1
749;0
750;2
751;2
752;2
753;0
754;2
755;0
756;0
757;0
758;0
759;0
760;0
761;0
762;0
763;0
764;1
765;0
766;0
767;1
768;0
769;2
770;1
771;0
772;2
773;2
774;0
775;0
776;0
777;0
778;0
779;0
780;2
781;0
782;1
783;0
784;0
785;2
786;2
787;2
788;2
789;0
790;0
791;0
792;0
793;0
794;0
795;0
796;0
797;0
798;0
799;0
800;0
801;2
802;0
803;0
804;0
805;2
806;2
807;2
808;1
809;0
810;0
811;0
812;0
813;2
814;2
815;1
816;0
817;2
818;0
819;1
820;0
821;2
822;0
823;0
824;0
825;0
826;0
827;0
828;0
829;1
830;0
831;0
832;0
833;1
834;0
835;2
836;2
837;2
838;1
839;0
840;1
841;0
842;2
843;0
844;0
845;0
846;0
847;2
848;0
849;0
850;2
851;0
852;0
853;0
854;0
855;0
856;0
857;2
858;1
859;0
860;0
861;0
862;0
863;1
864;0
865;0
866;0
867;0
868;0
869;0
870;0
871;0
872;2
873;0
874;0
875;0
876;0
877;1
878;0
879;0
880;0
881;2
882;2
883;2
884;2
885;0
886;0
887;1
888;0
889;0
890;0
891;0
892;0
893;2
894;0
895;0
896;2
897;2
898;1
899;0
900;0
901;0
902;0
903;0
904;2
905;0
906;2
907;2
908;2
909;0
910;2
911;2
912;2
913;0
914;2
915;2
916;2
917;2
918;0
919;0
920;2
921;0
922;2
923;1
924;0
925;0
926;0
927;1
928;0
929;0
930;0
931;0
932;2
933;2
934;1
935;0
936;1
937;0
938;0
939;0
940;2
941;2
942;2
943;0
944;1
945;0
946;0
947;0
948;0
949;0
950;0
951;0
952;2
953;1
954;2
955;0
956;0
957;1
958;1
959;2
960;2
961;2
962;1
963;0
964;1
965;1
966;0
967;0
968;0
969;0
970;0
971;0
972;1
973;0
974;2
975;0
976;0
977;0
978;0
979;2
980;0
981;0
982;0
983;0
984;0
985;0
986;0
987;0
988;1
989;2
990;0
991;1
992;0
993;1
994;0
995;1
996;0
997;0
998;1
999;0
1000;2
1001;2
1002;1
1003;0
1004;0
1005;0
1006;0
1007;0
1008;0
1009;0
1010;0
1011;0
1012;0
1013;0
1014;0
1015;0
1016;0
1017;0
1018;0
1019;0
1020;0
1021;0
1022;0
1023;0
