0;1
1;0
2;0
3;2
4;2
5;0
6;2
7;2
8;2
9;0
10;0
11;0
12;0
13;0
14;1
15;0
16;0
17;0
18;1
19;0
20;0
21;1
22;0
23;1
24;1
25;1
26;2
27;0
28;1
29;0
30;0
31;2
32;0
33;2
34;0
35;0
36;0
37;2
38;1
39;2
40;2
41;1
42;0
43;0
44;2
45;0
46;1
47;0
48;1
49;1
50;0
51;1
52;0
53;0
54;0
55;1
56;0
57;1
58;0
59;0
60;1
61;1
62;0
63;0
64;0
65;0
66;0
67;0
68;0
69;0
70;2
71;1
72;0
73;0
74;0
75;0
76;0
77;2
78;0
79;0
80;2
81;0
82;0
83;0
84;0
85;0
86;0
87;0
88;0
89;0
90;0
91;1
92;0
93;0
94;2
95;0
96;2
97;2
98;2
99;0
100;2
101;0
102;1
103;0
104;0
105;0
106;0
107;0
108;0
109;0
110;0
111;0
112;1
113;0
114;0
115;0
116;0
117;0
118;2
119;0
120;2
121;1
122;1
123;0
124;1
125;0
126;0
127;2
128;2
129;2
130;2
131;0
132;2
133;0
134;0
135;2
136;0
137;0
138;2
139;2
140;1
141;0
142;0
143;0
144;1
145;0
146;0
147;0
148;0
149;0
150;2
151;0
152;0
153;0
154;1
155;0
156;0
157;0
158;0
159;0
160;2
161;0
162;0
163;0
164;0
165;0
166;0
167;0
168;0
169;2
170;2
171;1
172;0
173;0
174;0
175;2
176;2
177;0
178;2
179;2
180;0
181;0
182;2
183;0
184;2
185;0
186;2
187;0
188;0
189;0
190;0
191;0
192;0
193;0
194;1
195;2
196;0
197;0
198;0
199;1
200;1
201;0
202;0
203;0
204;2
205;2
206;0
207;2
208;0
209;0
210;0
211;0
212;0
213;0
214;0
215;0
216;0
217;0
218;0
219;0
220;0
221;0
222;0
223;2
224;0
225;2
226;2
227;0
228;0
229;0
230;0
231;2
232;0
233;0
234;0
235;0
236;2
237;1
238;0
239;0
240;0
241;2
242;0
243;2
244;0
245;0
246;1
247;0
248;0
249;0
250;0
251;0
252;0
253;0
254;2
255;1
256;0
257;2
258;2
259;0
260;2
261;1
262;0
263;0
264;0
265;0
266;0
267;0
268;2
269;1
270;0
271;0
272;0
273;0
274;0
275;0
276;0
277;2
278;2
279;0
280;0
281;0
282;0
283;0
284;2
285;0
286;0
287;2
288;2
289;1
290;0
291;0
292;0
293;0
294;0
295;0
296;0
297;1
298;0
299;0
300;0
301;0
302;0
303;0
304;0
305;1
306;1
307;0
308;0
309;0
310;0
311;0
312;0
313;0
314;0
315;0
316;1
317;0
318;1
319;1
320;1
321;2
322;0
323;0
324;2
325;2
326;0
327;0
328;0
329;0
330;0
331;0
332;1
333;0
334;0
335;0
336;4
337;0
338;0
339;2
340;2
341;0
342;2
343;0
344;2
345;0
346;1
347;0
348;0
349;0
350;0
351;2
352;4
353;0
354;2
355;2
356;2
357;0
358;0
359;0
360;2
361;0
362;1
363;0
364;2
365;0
366;0
367;0
368;2
369;2
370;0
371;2
372;1
373;0
374;0
375;0
376;0
377;0
378;1
379;0
380;1
381;0
382;0
383;2
384;2
385;0
386;1
387;0
388;2
389;2
390;2
391;0
392;0
393;0
394;0
395;0
396;2
397;0
398;0
399;0
400;0
401;2
402;0
403;1
404;0
405;0
406;0
407;0
408;0
409;0
410;0
411;0
412;0
413;0
414;2
415;2
416;2
417;0
418;0
419;0
420;4
421;2
422;0
423;0
424;2
425;0
426;2
427;0
428;2
429;0
430;1
431;0
432;2
433;2
434;2
435;2
436;0
437;0
438;0
439;0
440;0
441;0
442;0
443;0
444;1
445;0
446;2
447;2
448;2
449;0
450;2
451;0
452;0
453;0
454;2
455;0
456;0
457;0
458;0
459;0
460;1
461;2
462;0
463;0
464;0
465;0
466;2
467;2
468;1
469;0
470;0
471;0
472;2
473;0
474;0
475;0
476;2
477;0
478;0
479;0
480;0
481;0
482;2
483;0
484;1
485;1
486;0
487;0
488;0
489;1
490;0
491;2
492;2
493;2
494;1
495;0
496;0
497;0
498;0
499;0
500;2
501;0
502;2
503;2
504;1
505;0
506;0
507;1
508;0
509;1
510;0
511;4
512;2
513;2
514;2
515;0
516;2
517;0
518;2
519;2
520;0
521;0
522;0
523;0
524;0
525;2
526;2
527;1
528;0
529;0
530;0
531;0
532;0
533;0
534;0
535;2
536;0
537;0
538;0
539;0
540;0
541;0
542;0
543;2
544;0
545;0
546;0
547;0
548;0
549;0
550;0
551;0
552;0
553;0
554;1
555;0
556;1
557;0
558;0
559;2
560;2
561;0
562;2
563;0
564;2
565;2
566;2
567;0
568;1
569;2
570;2
571;0
572;2
573;1
574;0
575;0
576;0
577;2
578;0
579;0
580;0
581;0
582;0
583;0
584;0
585;0
586;0
587;0
588;1
589;0
590;2
591;0
592;0
593;1
594;0
595;0
596;0
597;2
598;2
599;0
600;2
601;0
602;0
603;0
604;0
605;0
606;0
607;2
608;0
609;2
610;1
611;2
612;2
613;0
614;0
615;0
616;0
617;1
618;0
619;0
620;1
621;0
622;0
623;0
624;2
625;0
626;1
627;0
628;0
629;0
630;1
631;0
632;0
633;0
634;0
635;2
636;2
637;1
638;0
639;1
640;1
641;2
642;0
643;0
644;0
645;0
646;2
647;1
648;0
649;0
650;0
651;0
652;1
653;0
654;2
655;1
656;2
657;1
658;0
659;0
660;1
661;0
662;0
663;0
664;2
665;0
666;1
667;0
668;2
669;1
670;0
671;0
672;1
673;0
674;1
675;0
676;1
677;0
678;0
679;0
680;2
681;0
682;0
683;0
684;2
685;0
686;0
687;0
688;0
689;2
690;2
691;1
692;0
693;0
694;0
695;0
696;1
697;0
698;0
699;0
700;1
701;0
702;0
703;1
704;0
705;0
706;0
707;0
708;1
709;0
710;2
711;0
712;0
713;0
714;2
715;0
716;1
717;0
718;0
719;1
720;0
721;0
722;0
723;0
724;0
725;2
726;2
727;2
728;1
729;0
730;0
731;1
732;1
733;2
734;0
735;2
736;2
737;0
738;2
739;0
740;1
741;0
742;0
743;0
744;0
745;0
746;0
747;0
748;2
749;0
750;1
751;1
752;0
753;0
754;0
755;0
756;1
757;1
758;2
759;0
760;2
761;0
762;0
763;0
764;0
765;0
766;0
767;0
768;0
769;0
770;0
771;1
772;0
773;2
774;0
775;0
776;0
777;0
778;0
779;0
780;2
781;2
782;1
783;0
784;0
785;0
786;2
787;0
788;2
789;2
790;0
791;0
792;1
793;0
794;0
795;0
796;1
797;0
798;0
799;0
800;2
801;2
802;0
803;0
804;0
805;2
806;2
807;1
808;0
809;0
810;0
811;2
812;0
813;2
814;2
815;2
816;2
817;1
818;0
819;0
820;2
821;0
822;2
823;0
824;2
825;0
826;0
827;0
828;0
829;1
830;0
831;0
832;0
833;2
834;2
835;1
836;0
837;1
838;0
839;1
840;0
841;0
842;2
843;0
844;2
845;0
846;2
847;2
848;0
849;0
850;0
851;0
852;0
853;0
854;0
855;0
856;1
857;2
858;1
859;0
860;2
861;2
862;2
863;0
864;1
865;0
866;0
867;0
868;0
869;2
870;1
871;0
872;2
873;0
874;0
875;0
876;0
877;1
878;0
879;0
880;0
881;2
882;2
883;2
884;2
885;0
886;2
887;0
888;0
889;0
890;0
891;2
892;0
893;2
894;0
895;0
896;2
897;0
898;1
899;2
900;0
901;0
902;0
903;0
904;2
905;1
906;0
907;0
908;4
909;0
910;0
911;1
912;0
913;0
914;2
915;0
916;1
917;0
918;1
919;0
920;1
921;2
922;1
923;0
924;0
925;0
926;0
927;0
928;0
929;1
930;2
931;0
932;1
933;0
934;0
935;0
936;0
937;1
938;0
939;2
940;2
941;0
942;1
943;2
944;1
945;1
946;0
947;2
948;2
949;0
950;2
951;2
952;2
953;0
954;0
955;0
956;1
957;0
958;0
959;0
960;1
961;0
962;1
963;0
964;0
965;0
966;0
967;2
968;2
969;0
970;2
971;2
972;0
973;2
974;2
975;0
976;0
977;0
978;0
979;0
980;1
981;2
982;1
983;1
984;0
985;0
986;0
987;0
988;1
989;0
990;2
991;0
992;1
993;0
994;0
995;2
996;0
997;0
998;0
999;0
1000;0
1001;0
1002;2
1003;0
1004;0
1005;2
1006;1
1007;1
1008;0
1009;1
1010;0
1011;2
1012;0
1013;0
1014;1
1015;0
1016;0
1017;0
1018;0
1019;0
1020;0
1021;0
1022;0
1023;0
