0;0
1;0
2;0
3;2
4;2
5;0
6;2
7;1
8;0
9;0
10;2
11;0
12;2
13;0
14;0
15;0
16;1
17;2
18;2
19;2
20;1
21;0
22;2
23;2
24;1
25;1
26;2
27;2
28;2
29;0
30;2
31;2
32;0
33;0
34;0
35;0
36;0
37;0
38;0
39;2
40;1
41;0
42;0
43;0
44;2
45;0
46;0
47;0
48;1
49;0
50;0
51;0
52;0
53;0
54;0
55;0
56;0
57;1
58;0
59;2
60;1
61;0
62;0
63;0
64;0
65;0
66;0
67;0
68;0
69;0
70;2
71;2
72;2
73;2
74;0
75;0
76;0
77;0
78;0
79;0
80;2
81;0
82;2
83;1
84;1
85;2
86;0
87;0
88;0
89;2
90;2
91;2
92;2
93;0
94;0
95;0
96;1
97;0
98;0
99;0
100;0
101;2
102;1
103;0
104;1
105;0
106;0
107;0
108;0
109;2
110;0
111;0
112;0
113;0
114;0
115;1
116;0
117;0
118;0
119;0
120;0
121;1
122;1
123;0
124;1
125;0
126;0
127;0
128;2
129;0
130;2
131;0
132;0
133;0
134;0
135;0
136;0
137;2
138;1
139;2
140;1
141;0
142;2
143;0
144;0
145;0
146;1
147;0
148;0
149;0
150;0
151;0
152;0
153;2
154;1
155;0
156;0
157;0
158;0
159;0
160;2
161;0
162;0
163;0
164;0
165;0
166;0
167;0
168;0
169;0
170;1
171;0
172;2
173;0
174;0
175;1
176;1
177;0
178;0
179;0
180;2
181;2
182;2
183;1
184;0
185;0
186;0
187;2
188;2
189;0
190;2
191;2
192;2
193;0
194;2
195;0
196;2
197;0
198;0
199;0
200;2
201;0
202;2
203;0
204;0
205;0
206;0
207;0
208;0
209;0
210;0
211;0
212;0
213;0
214;0
215;2
216;1
217;1
218;0
219;0
220;0
221;2
222;2
223;2
224;0
225;0
226;0
227;0
228;0
229;0
230;0
231;0
232;0
233;2
234;2
235;2
236;2
237;2
238;0
239;2
240;0
241;0
242;2
243;0
244;2
245;0
246;0
247;0
248;1
249;2
250;2
251;1
252;0
253;2
254;0
255;0
256;2
257;2
258;1
259;2
260;1
261;0
262;0
263;0
264;0
265;1
266;0
267;0
268;2
269;0
270;0
271;0
272;2
273;0
274;0
275;0
276;2
277;0
278;0
279;0
280;2
281;0
282;0
283;0
284;0
285;0
286;0
287;0
288;0
289;0
290;0
291;0
292;2
293;0
294;0
295;2
296;0
297;0
298;0
299;0
300;0
301;0
302;1
303;1
304;0
305;0
306;0
307;0
308;0
309;0
310;2
311;2
312;0
313;1
314;0
315;1
316;4
317;0
318;2
319;2
320;2
321;0
322;0
323;0
324;1
325;0
326;2
327;1
328;0
329;0
330;0
331;0
332;0
333;0
334;0
335;0
336;2
337;0
338;0
339;0
340;2
341;0
342;0
343;2
344;2
345;0
346;0
347;0
348;2
349;0
350;0
351;0
352;2
353;0
354;0
355;0
356;0
357;0
358;0
359;0
360;1
361;0
362;1
363;0
364;1
365;0
366;0
367;2
368;4
369;0
370;2
371;1
372;0
373;0
374;2
375;0
376;2
377;0
378;2
379;0
380;0
381;0
382;0
383;0
384;0
385;0
386;0
387;2
388;0
389;0
390;0
391;4
392;1
393;0
394;0
395;0
396;2
397;2
398;2
399;2
400;2
401;2
402;0
403;0
404;0
405;0
406;0
407;0
408;0
409;1
410;0
411;2
412;1
413;0
414;0
415;0
416;2
417;0
418;0
419;1
420;2
421;0
422;1
423;0
424;2
425;0
426;2
427;2
428;0
429;0
430;2
431;0
432;2
433;0
434;2
435;0
436;2
437;0
438;0
439;0
440;1
441;2
442;1
443;0
444;0
445;0
446;2
447;2
448;1
449;0
450;2
451;0
452;2
453;0
454;0
455;2
456;1
457;0
458;0
459;0
460;1
461;0
462;0
463;0
464;2
465;0
466;0
467;0
468;0
469;1
470;0
471;2
472;2
473;0
474;0
475;0
476;0
477;0
478;0
479;0
480;2
481;2
482;2
483;0
484;2
485;0
486;0
487;0
488;0
489;2
490;0
491;0
492;0
493;0
494;2
495;2
496;1
497;0
498;0
499;2
500;4
501;0
502;2
503;2
504;2
505;0
506;0
507;0
508;2
509;0
510;2
511;0
512;2
513;1
514;0
515;2
516;1
517;0
518;0
519;0
520;0
521;0
522;0
523;1
524;0
525;0
526;1
527;0
528;0
529;0
530;2
531;2
532;0
533;0
534;0
535;0
536;0
537;0
538;0
539;2
540;2
541;2
542;2
543;2
544;2
545;2
546;2
547;0
548;2
549;0
550;2
551;0
552;0
553;2
554;0
555;1
556;1
557;0
558;0
559;0
560;0
561;0
562;2
563;0
564;1
565;0
566;0
567;0
568;0
569;1
570;0
571;2
572;0
573;0
574;0
575;0
576;2
577;0
578;0
579;0
580;2
581;0
582;0
583;0
584;0
585;0
586;0
587;0
588;0
589;0
590;0
591;0
592;2
593;2
594;2
595;0
596;1
597;0
598;0
599;2
600;2
601;0
602;2
603;2
604;2
605;0
606;0
607;0
608;0
609;1
610;0
611;0
612;0
613;2
614;2
615;2
616;2
617;0
618;0
619;0
620;2
621;0
622;2
623;0
624;0
625;0
626;0
627;1
628;2
629;1
630;0
631;1
632;0
633;0
634;0
635;0
636;2
637;0
638;0
639;0
640;0
641;0
642;0
643;0
644;1
645;2
646;0
647;0
648;2
649;2
650;0
651;0
652;1
653;0
654;0
655;0
656;1
657;0
658;0
659;1
660;0
661;0
662;0
663;0
664;2
665;0
666;2
667;2
668;2
669;0
670;2
671;2
672;1
673;0
674;0
675;4
676;1
677;0
678;0
679;0
680;2
681;2
682;2
683;2
684;2
685;0
686;0
687;0
688;1
689;0
690;0
691;0
692;0
693;0
694;0
695;0
696;2
697;1
698;0
699;0
700;0
701;0
702;0
703;0
704;0
705;0
706;2
707;0
708;1
709;0
710;0
711;2
712;2
713;0
714;1
715;0
716;0
717;0
718;2
719;0
720;0
721;0
722;0
723;0
724;0
725;0
726;0
727;2
728;1
729;1
730;0
731;0
732;0
733;0
734;0
735;2
736;1
737;0
738;2
739;1
740;1
741;0
742;0
743;2
744;4
745;0
746;2
747;1
748;0
749;0
750;2
751;0
752;2
753;0
754;0
755;2
756;0
757;0
758;0
759;0
760;0
761;0
762;0
763;1
764;0
765;0
766;1
767;2
768;2
769;2
770;0
771;0
772;0
773;0
774;0
775;0
776;2
777;2
778;0
779;0
780;0
781;0
782;2
783;2
784;2
785;0
786;0
787;0
788;1
789;0
790;0
791;0
792;1
793;0
794;0
795;0
796;0
797;2
798;0
799;0
800;0
801;2
802;2
803;2
804;1
805;0
806;0
807;0
808;0
809;2
810;0
811;2
812;0
813;1
814;0
815;0
816;2
817;0
818;2
819;0
820;2
821;0
822;0
823;0
824;0
825;1
826;0
827;0
828;0
829;2
830;2
831;1
832;0
833;1
834;0
835;1
836;0
837;0
838;2
839;0
840;2
841;0
842;2
843;0
844;0
845;0
846;0
847;0
848;1
849;0
850;0
851;0
852;0
853;2
854;1
855;0
856;1
857;0
858;2
859;0
860;1
861;0
862;0
863;2
864;4
865;0
866;2
867;2
868;2
869;0
870;2
871;0
872;2
873;0
874;0
875;0
876;0
877;0
878;1
879;0
880;2
881;0
882;0
883;0
884;0
885;1
886;0
887;0
888;1
889;0
890;2
891;2
892;2
893;0
894;0
895;0
896;1
897;0
898;0
899;0
900;0
901;0
902;0
903;0
904;2
905;0
906;0
907;2
908;0
909;0
910;0
911;2
912;2
913;2
914;0
915;0
916;2
917;0
918;2
919;1
920;0
921;0
922;1
923;0
924;2
925;0
926;1
927;0
928;2
929;2
930;1
931;0
932;2
933;0
934;1
935;0
936;2
937;1
938;2
939;0
940;1
941;0
942;0
943;0
944;0
945;1
946;0
947;2
948;2
949;1
950;2
951;0
952;0
953;1
954;0
955;0
956;2
957;2
958;2
959;2
960;1
961;1
962;0
963;0
964;0
965;0
966;0
967;0
968;2
969;0
970;2
971;0
972;0
973;0
974;2
975;2
976;0
977;0
978;0
979;0
980;0
981;0
982;0
983;0
984;0
985;1
986;2
987;0
988;0
989;1
990;0
991;0
992;0
993;0
994;1
995;0
996;2
997;2
998;1
999;0
1000;0
1001;0
1002;0
1003;0
1004;1
1005;0
1006;0
1007;1
1008;0
1009;0
1010;0
1011;2
1012;1
1013;0
1014;0
1015;1
1016;0
1017;0
1018;0
1019;0
1020;0
1021;0
1022;0
1023;0
