0;1
1;0
2;0
3;0
4;2
5;2
6;2
7;2
8;0
9;1
10;2
11;2
12;1
13;0
14;1
15;0
16;0
17;1
18;0
19;2
20;1
21;0
22;0
23;0
24;1
25;0
26;0
27;0
28;2
29;0
30;0
31;0
32;2
33;0
34;0
35;0
36;2
37;1
38;1
39;0
40;1
41;0
42;1
43;0
44;2
45;0
46;1
47;0
48;0
49;0
50;0
51;0
52;0
53;0
54;0
55;0
56;0
57;0
58;0
59;0
60;1
61;1
62;0
63;0
64;0
65;0
66;0
67;0
68;0
69;0
70;0
71;0
72;2
73;0
74;0
75;0
76;2
77;2
78;2
79;2
80;0
81;0
82;0
83;2
84;0
85;0
86;0
87;0
88;1
89;0
90;0
91;0
92;0
93;0
94;1
95;0
96;0
97;0
98;0
99;0
100;0
101;0
102;1
103;2
104;0
105;0
106;0
107;0
108;0
109;0
110;2
111;0
112;0
113;1
114;0
115;0
116;2
117;0
118;0
119;0
120;0
121;0
122;2
123;1
124;0
125;0
126;0
127;0
128;0
129;2
130;1
131;0
132;2
133;0
134;0
135;0
136;1
137;0
138;0
139;0
140;2
141;0
142;0
143;0
144;1
145;0
146;0
147;0
148;2
149;2
150;2
151;0
152;0
153;0
154;0
155;1
156;0
157;2
158;0
159;0
160;0
161;0
162;0
163;0
164;1
165;0
166;0
167;1
168;0
169;0
170;0
171;1
172;0
173;0
174;1
175;0
176;0
177;2
178;2
179;0
180;2
181;0
182;1
183;0
184;0
185;0
186;0
187;0
188;0
189;0
190;1
191;0
192;1
193;0
194;1
195;0
196;2
197;0
198;0
199;0
200;0
201;0
202;2
203;2
204;1
205;0
206;0
207;1
208;0
209;2
210;2
211;1
212;0
213;0
214;0
215;2
216;4
217;0
218;2
219;2
220;1
221;0
222;0
223;0
224;2
225;0
226;2
227;0
228;2
229;0
230;0
231;0
232;0
233;2
234;0
235;0
236;1
237;2
238;2
239;0
240;0
241;2
242;0
243;0
244;0
245;2
246;0
247;2
248;1
249;1
250;0
251;0
252;0
253;0
254;2
255;0
256;0
257;0
258;1
259;0
260;0
261;0
262;2
263;0
264;0
265;2
266;2
267;0
268;2
269;0
270;2
271;1
272;2
273;0
274;1
275;0
276;0
277;0
278;2
279;0
280;1
281;0
282;1
283;0
284;0
285;0
286;2
287;2
288;4
289;0
290;2
291;2
292;2
293;0
294;2
295;0
296;2
297;0
298;0
299;0
300;0
301;0
302;0
303;0
304;0
305;0
306;0
307;1
308;0
309;1
310;0
311;0
312;0
313;0
314;1
315;0
316;1
317;1
318;0
319;0
320;2
321;2
322;2
323;2
324;1
325;0
326;0
327;0
328;0
329;0
330;0
331;0
332;1
333;0
334;0
335;2
336;2
337;1
338;0
339;0
340;2
341;2
342;1
343;0
344;2
345;0
346;0
347;0
348;1
349;1
350;1
351;0
352;2
353;0
354;2
355;0
356;0
357;0
358;0
359;2
360;0
361;0
362;0
363;2
364;2
365;2
366;2
367;0
368;0
369;0
370;1
371;0
372;0
373;2
374;0
375;2
376;0
377;0
378;1
379;0
380;0
381;0
382;1
383;0
384;0
385;0
386;0
387;0
388;0
389;0
390;0
391;0
392;0
393;0
394;2
395;1
396;0
397;0
398;0
399;2
400;0
401;0
402;2
403;0
404;2
405;2
406;0
407;0
408;2
409;0
410;2
411;0
412;0
413;0
414;0
415;1
416;0
417;0
418;2
419;2
420;2
421;1
422;0
423;2
424;1
425;0
426;0
427;0
428;2
429;2
430;0
431;2
432;0
433;0
434;1
435;0
436;0
437;2
438;0
439;0
440;0
441;2
442;0
443;1
444;0
445;0
446;2
447;2
448;2
449;0
450;1
451;0
452;0
453;0
454;0
455;0
456;1
457;1
458;0
459;2
460;0
461;0
462;0
463;1
464;2
465;0
466;0
467;2
468;1
469;1
470;1
471;0
472;0
473;0
474;0
475;0
476;0
477;0
478;0
479;0
480;0
481;0
482;0
483;0
484;1
485;0
486;1
487;0
488;0
489;0
490;0
491;0
492;1
493;0
494;0
495;0
496;0
497;2
498;0
499;0
500;0
501;0
502;0
503;0
504;2
505;2
506;2
507;1
508;1
509;0
510;0
511;0
512;0
513;0
514;0
515;0
516;0
517;0
518;0
519;2
520;0
521;0
522;1
523;0
524;0
525;0
526;0
527;2
528;2
529;0
530;0
531;0
532;0
533;0
534;1
535;1
536;0
537;0
538;0
539;0
540;2
541;0
542;2
543;0
544;0
545;2
546;1
547;0
548;0
549;0
550;2
551;0
552;0
553;1
554;1
555;0
556;0
557;2
558;2
559;2
560;1
561;0
562;1
563;0
564;0
565;0
566;0
567;0
568;0
569;0
570;2
571;0
572;1
573;0
574;0
575;2
576;0
577;1
578;0
579;2
580;2
581;0
582;0
583;2
584;2
585;0
586;2
587;0
588;2
589;0
590;0
591;0
592;1
593;0
594;0
595;0
596;0
597;0
598;1
599;0
600;2
601;0
602;0
603;0
604;1
605;0
606;2
607;2
608;1
609;0
610;0
611;0
612;2
613;0
614;0
615;0
616;2
617;0
618;0
619;0
620;1
621;0
622;1
623;0
624;0
625;1
626;1
627;0
628;0
629;0
630;2
631;2
632;2
633;1
634;0
635;0
636;2
637;1
638;1
639;0
640;1
641;1
642;0
643;0
644;0
645;0
646;0
647;0
648;0
649;0
650;0
651;0
652;2
653;0
654;0
655;0
656;0
657;0
658;0
659;0
660;0
661;0
662;1
663;0
664;0
665;2
666;2
667;0
668;0
669;0
670;1
671;0
672;0
673;0
674;0
675;0
676;0
677;0
678;0
679;0
680;1
681;2
682;0
683;2
684;1
685;0
686;0
687;2
688;1
689;0
690;1
691;0
692;1
693;0
694;0
695;2
696;2
697;0
698;2
699;1
700;0
701;0
702;0
703;2
704;2
705;0
706;0
707;2
708;0
709;1
710;0
711;0
712;1
713;0
714;0
715;0
716;0
717;0
718;0
719;2
720;1
721;0
722;0
723;0
724;0
725;0
726;0
727;0
728;1
729;0
730;0
731;0
732;0
733;2
734;2
735;4
736;0
737;2
738;0
739;0
740;1
741;0
742;2
743;2
744;1
745;0
746;0
747;2
748;2
749;0
750;2
751;2
752;2
753;0
754;0
755;0
756;1
757;0
758;0
759;0
760;0
761;0
762;1
763;0
764;0
765;0
766;1
767;0
768;1
769;0
770;0
771;0
772;4
773;0
774;2
775;1
776;0
777;0
778;0
779;0
780;2
781;0
782;2
783;0
784;0
785;0
786;2
787;0
788;0
789;0
790;0
791;0
792;1
793;0
794;1
795;1
796;0
797;2
798;0
799;2
800;0
801;0
802;0
803;0
804;0
805;2
806;4
807;2
808;0
809;0
810;1
811;0
812;0
813;0
814;2
815;0
816;1
817;0
818;0
819;0
820;2
821;0
822;0
823;2
824;1
825;0
826;0
827;0
828;0
829;0
830;0
831;0
832;0
833;0
834;2
835;0
836;0
837;0
838;0
839;0
840;0
841;2
842;2
843;1
844;0
845;0
846;0
847;0
848;2
849;0
850;0
851;0
852;0
853;0
854;1
855;0
856;0
857;2
858;2
859;2
860;2
861;0
862;0
863;0
864;0
865;0
866;2
867;2
868;1
869;0
870;0
871;2
872;0
873;0
874;0
875;0
876;0
877;1
878;1
879;0
880;0
881;0
882;1
883;0
884;0
885;0
886;0
887;0
888;0
889;2
890;2
891;0
892;0
893;2
894;0
895;2
896;0
897;0
898;0
899;0
900;0
901;0
902;0
903;0
904;0
905;0
906;1
907;0
908;0
909;1
910;0
911;0
912;0
913;0
914;0
915;2
916;2
917;0
918;0
919;2
920;0
921;0
922;2
923;0
924;2
925;1
926;0
927;1
928;0
929;0
930;1
931;1
932;1
933;0
934;2
935;2
936;1
937;0
938;0
939;2
940;1
941;2
942;2
943;1
944;0
945;0
946;2
947;0
948;2
949;0
950;0
951;2
952;2
953;0
954;1
955;0
956;0
957;0
958;0
959;0
960;0
961;2
962;0
963;2
964;0
965;0
966;0
967;0
968;0
969;0
970;0
971;1
972;0
973;0
974;1
975;0
976;0
977;0
978;0
979;0
980;0
981;0
982;0
983;1
984;1
985;0
986;1
987;0
988;0
989;2
990;2
991;0
992;2
993;0
994;0
995;2
996;0
997;0
998;2
999;0
1000;0
1001;0
1002;1
1003;0
1004;0
1005;0
1006;0
1007;0
1008;0
1009;1
1010;0
1011;2
1012;1
1013;0
1014;0
1015;0
1016;0
1017;0
1018;0
1019;0
1020;0
1021;0
1022;0
1023;0
