0;1
1;0
2;0
3;2
4;2
5;0
6;0
7;1
8;0
9;1
10;2
11;0
12;0
13;0
14;1
15;0
16;0
17;2
18;1
19;0
20;1
21;1
22;2
23;2
24;1
25;0
26;0
27;0
28;2
29;0
30;0
31;0
32;1
33;2
34;2
35;0
36;1
37;0
38;0
39;2
40;1
41;1
42;0
43;2
44;2
45;0
46;2
47;1
48;2
49;0
50;2
51;1
52;0
53;0
54;0
55;0
56;0
57;0
58;0
59;0
60;2
61;0
62;0
63;0
64;0
65;0
66;0
67;0
68;0
69;0
70;0
71;0
72;1
73;1
74;0
75;2
76;0
77;0
78;0
79;0
80;0
81;0
82;0
83;0
84;0
85;0
86;0
87;0
88;0
89;2
90;1
91;0
92;1
93;0
94;0
95;2
96;0
97;0
98;0
99;0
100;0
101;0
102;1
103;0
104;2
105;0
106;0
107;1
108;0
109;0
110;0
111;0
112;0
113;0
114;0
115;0
116;0
117;0
118;0
119;1
120;0
121;0
122;0
123;0
124;0
125;2
126;0
127;0
128;2
129;2
130;0
131;0
132;0
133;1
134;0
135;2
136;2
137;0
138;0
139;0
140;0
141;1
142;0
143;1
144;2
145;0
146;0
147;0
148;1
149;0
150;0
151;0
152;2
153;0
154;1
155;0
156;0
157;0
158;0
159;0
160;0
161;2
162;2
163;0
164;0
165;0
166;0
167;0
168;0
169;0
170;1
171;0
172;0
173;0
174;0
175;0
176;1
177;0
178;0
179;0
180;0
181;0
182;2
183;1
184;0
185;0
186;0
187;0
188;0
189;0
190;0
191;1
192;0
193;2
194;0
195;0
196;1
197;0
198;1
199;0
200;2
201;0
202;2
203;0
204;1
205;0
206;2
207;0
208;0
209;1
210;0
211;0
212;0
213;0
214;0
215;0
216;0
217;0
218;0
219;0
220;0
221;0
222;2
223;1
224;0
225;0
226;2
227;0
228;0
229;0
230;0
231;0
232;2
233;0
234;0
235;0
236;0
237;0
238;0
239;0
240;0
241;2
242;1
243;0
244;1
245;0
246;0
247;0
248;0
249;0
250;0
251;0
252;0
253;1
254;1
255;0
256;0
257;0
258;2
259;0
260;0
261;0
262;2
263;0
264;0
265;0
266;0
267;2
268;0
269;1
270;2
271;1
272;0
273;0
274;0
275;2
276;2
277;0
278;0
279;0
280;0
281;0
282;0
283;0
284;0
285;2
286;2
287;0
288;0
289;0
290;0
291;2
292;2
293;0
294;0
295;0
296;0
297;0
298;0
299;0
300;2
301;1
302;0
303;0
304;0
305;1
306;0
307;0
308;0
309;0
310;1
311;0
312;0
313;1
314;0
315;0
316;2
317;2
318;1
319;0
320;1
321;0
322;0
323;0
324;0
325;0
326;0
327;0
328;0
329;0
330;1
331;2
332;0
333;2
334;2
335;2
336;1
337;0
338;2
339;0
340;1
341;0
342;0
343;0
344;1
345;0
346;0
347;0
348;2
349;0
350;0
351;0
352;0
353;0
354;0
355;2
356;0
357;1
358;0
359;0
360;2
361;0
362;2
363;2
364;2
365;0
366;1
367;0
368;0
369;2
370;2
371;2
372;0
373;0
374;2
375;0
376;0
377;0
378;2
379;0
380;0
381;2
382;0
383;0
384;0
385;0
386;0
387;0
388;0
389;0
390;1
391;0
392;0
393;2
394;0
395;0
396;0
397;0
398;2
399;0
400;2
401;2
402;0
403;0
404;2
405;0
406;0
407;0
408;2
409;0
410;1
411;0
412;0
413;0
414;2
415;2
416;2
417;0
418;0
419;2
420;1
421;1
422;0
423;0
424;2
425;2
426;0
427;2
428;2
429;0
430;1
431;0
432;0
433;0
434;0
435;0
436;0
437;2
438;0
439;0
440;1
441;0
442;0
443;2
444;2
445;0
446;0
447;2
448;0
449;0
450;0
451;0
452;0
453;0
454;2
455;0
456;1
457;0
458;0
459;2
460;2
461;0
462;2
463;2
464;0
465;0
466;2
467;0
468;0
469;2
470;2
471;2
472;0
473;0
474;0
475;0
476;0
477;2
478;2
479;2
480;0
481;2
482;0
483;0
484;2
485;0
486;0
487;2
488;2
489;0
490;0
491;0
492;2
493;0
494;0
495;2
496;1
497;1
498;0
499;0
500;0
501;2
502;0
503;0
504;0
505;0
506;0
507;0
508;2
509;2
510;2
511;2
512;2
513;0
514;0
515;1
516;0
517;2
518;2
519;0
520;0
521;0
522;0
523;2
524;0
525;0
526;1
527;0
528;0
529;0
530;0
531;2
532;1
533;0
534;0
535;0
536;0
537;0
538;1
539;1
540;0
541;0
542;0
543;0
544;0
545;0
546;2
547;0
548;0
549;0
550;0
551;1
552;0
553;2
554;2
555;0
556;0
557;2
558;1
559;0
560;0
561;2
562;1
563;1
564;0
565;0
566;1
567;0
568;0
569;0
570;0
571;0
572;0
573;0
574;0
575;0
576;0
577;2
578;0
579;0
580;1
581;0
582;0
583;0
584;0
585;0
586;0
587;0
588;0
589;0
590;0
591;0
592;2
593;0
594;0
595;0
596;1
597;0
598;0
599;0
600;2
601;0
602;0
603;0
604;2
605;0
606;0
607;0
608;1
609;0
610;0
611;0
612;1
613;1
614;0
615;0
616;4
617;0
618;2
619;2
620;2
621;0
622;2
623;0
624;1
625;0
626;0
627;2
628;2
629;2
630;0
631;0
632;2
633;0
634;0
635;0
636;1
637;1
638;0
639;0
640;0
641;0
642;0
643;0
644;0
645;0
646;0
647;0
648;2
649;0
650;1
651;2
652;0
653;0
654;0
655;0
656;0
657;0
658;0
659;0
660;0
661;2
662;2
663;0
664;0
665;0
666;0
667;2
668;0
669;0
670;2
671;2
672;0
673;0
674;0
675;0
676;4
677;0
678;2
679;2
680;2
681;0
682;0
683;0
684;1
685;1
686;0
687;0
688;0
689;0
690;2
691;0
692;1
693;0
694;0
695;1
696;1
697;0
698;2
699;2
700;2
701;2
702;2
703;0
704;2
705;0
706;0
707;0
708;0
709;2
710;1
711;0
712;0
713;2
714;0
715;2
716;1
717;0
718;0
719;0
720;0
721;0
722;2
723;0
724;1
725;0
726;0
727;2
728;1
729;0
730;0
731;1
732;0
733;0
734;0
735;0
736;0
737;0
738;0
739;0
740;0
741;2
742;0
743;0
744;1
745;0
746;1
747;0
748;0
749;0
750;1
751;2
752;0
753;0
754;1
755;0
756;0
757;0
758;2
759;0
760;0
761;0
762;0
763;0
764;0
765;0
766;2
767;2
768;0
769;0
770;0
771;0
772;0
773;0
774;2
775;0
776;0
777;2
778;0
779;2
780;0
781;0
782;0
783;0
784;2
785;2
786;0
787;0
788;0
789;0
790;0
791;0
792;0
793;0
794;0
795;0
796;0
797;0
798;0
799;0
800;2
801;0
802;0
803;1
804;0
805;0
806;0
807;0
808;0
809;0
810;0
811;0
812;0
813;0
814;0
815;0
816;0
817;0
818;0
819;0
820;0
821;0
822;2
823;2
824;1
825;1
826;0
827;0
828;2
829;0
830;0
831;0
832;0
833;0
834;0
835;0
836;2
837;2
838;2
839;2
840;0
841;0
842;0
843;0
844;0
845;2
846;1
847;2
848;1
849;0
850;1
851;0
852;2
853;2
854;1
855;0
856;0
857;2
858;1
859;0
860;0
861;0
862;0
863;0
864;0
865;0
866;0
867;0
868;1
869;0
870;2
871;0
872;0
873;0
874;0
875;0
876;0
877;1
878;0
879;0
880;0
881;0
882;2
883;0
884;0
885;1
886;1
887;0
888;1
889;1
890;0
891;0
892;1
893;0
894;0
895;2
896;2
897;0
898;2
899;0
900;0
901;1
902;2
903;0
904;0
905;0
906;1
907;0
908;0
909;0
910;0
911;1
912;1
913;0
914;2
915;1
916;0
917;2
918;2
919;0
920;1
921;0
922;0
923;0
924;0
925;0
926;0
927;0
928;1
929;1
930;2
931;0
932;0
933;0
934;0
935;2
936;0
937;0
938;0
939;0
940;2
941;2
942;1
943;0
944;1
945;0
946;1
947;2
948;2
949;0
950;1
951;0
952;0
953;0
954;2
955;1
956;0
957;0
958;0
959;1
960;0
961;2
962;2
963;2
964;0
965;2
966;0
967;0
968;2
969;0
970;0
971;0
972;0
973;2
974;0
975;0
976;0
977;1
978;0
979;0
980;0
981;0
982;1
983;0
984;2
985;0
986;0
987;0
988;0
989;0
990;2
991;0
992;0
993;0
994;0
995;2
996;1
997;0
998;0
999;1
1000;0
1001;0
1002;0
1003;0
1004;0
1005;0
1006;0
1007;2
1008;0
1009;1
1010;0
1011;0
1012;1
1013;1
1014;0
1015;0
1016;0
1017;0
1018;0
1019;0
1020;0
1021;0
1022;0
1023;0
