0;1
1;0
2;0
3;0
4;2
5;0
6;2
7;1
8;2
9;0
10;0
11;1
12;1
13;0
14;0
15;0
16;0
17;0
18;2
19;1
20;2
21;2
22;0
23;2
24;1
25;0
26;0
27;0
28;2
29;0
30;0
31;0
32;1
33;2
34;2
35;0
36;1
37;0
38;1
39;0
40;2
41;0
42;1
43;0
44;2
45;0
46;0
47;0
48;0
49;0
50;0
51;0
52;0
53;0
54;0
55;0
56;0
57;0
58;0
59;0
60;1
61;1
62;0
63;2
64;0
65;0
66;0
67;0
68;0
69;1
70;0
71;0
72;0
73;0
74;0
75;0
76;2
77;1
78;0
79;0
80;0
81;0
82;0
83;0
84;0
85;0
86;0
87;0
88;1
89;0
90;0
91;1
92;0
93;0
94;0
95;0
96;0
97;0
98;0
99;0
100;0
101;0
102;0
103;1
104;0
105;0
106;0
107;1
108;0
109;0
110;2
111;0
112;0
113;2
114;1
115;0
116;2
117;2
118;2
119;0
120;0
121;2
122;1
123;0
124;2
125;0
126;0
127;0
128;0
129;2
130;1
131;2
132;2
133;0
134;2
135;0
136;0
137;0
138;0
139;0
140;1
141;1
142;2
143;0
144;0
145;0
146;0
147;0
148;0
149;0
150;0
151;0
152;2
153;0
154;0
155;0
156;0
157;0
158;0
159;0
160;0
161;0
162;0
163;0
164;4
165;1
166;0
167;0
168;0
169;0
170;2
171;2
172;2
173;0
174;1
175;0
176;0
177;2
178;2
179;0
180;0
181;0
182;0
183;0
184;0
185;0
186;0
187;0
188;0
189;1
190;0
191;0
192;1
193;0
194;1
195;0
196;0
197;0
198;0
199;0
200;0
201;0
202;2
203;1
204;1
205;0
206;0
207;0
208;0
209;0
210;0
211;0
212;2
213;0
214;0
215;0
216;0
217;2
218;0
219;0
220;0
221;2
222;0
223;0
224;1
225;0
226;0
227;0
228;0
229;2
230;0
231;2
232;1
233;0
234;0
235;0
236;0
237;0
238;2
239;0
240;0
241;0
242;1
243;0
244;0
245;0
246;2
247;0
248;0
249;2
250;0
251;0
252;0
253;2
254;4
255;0
256;2
257;0
258;0
259;0
260;0
261;0
262;2
263;2
264;1
265;0
266;0
267;2
268;2
269;0
270;1
271;2
272;4
273;0
274;0
275;0
276;2
277;2
278;2
279;2
280;2
281;0
282;0
283;0
284;0
285;0
286;2
287;0
288;2
289;1
290;0
291;1
292;0
293;1
294;0
295;0
296;2
297;0
298;1
299;0
300;0
301;1
302;0
303;0
304;2
305;2
306;1
307;0
308;1
309;0
310;0
311;0
312;0
313;0
314;0
315;0
316;0
317;1
318;0
319;2
320;2
321;2
322;2
323;0
324;2
325;1
326;0
327;0
328;1
329;0
330;0
331;0
332;2
333;1
334;0
335;0
336;2
337;0
338;2
339;0
340;0
341;0
342;0
343;2
344;2
345;1
346;0
347;2
348;2
349;0
350;0
351;0
352;2
353;1
354;0
355;0
356;0
357;0
358;0
359;0
360;0
361;0
362;0
363;0
364;0
365;1
366;0
367;2
368;0
369;0
370;0
371;0
372;0
373;0
374;0
375;0
376;0
377;0
378;1
379;1
380;0
381;0
382;0
383;0
384;1
385;0
386;2
387;0
388;2
389;2
390;0
391;0
392;2
393;0
394;0
395;0
396;2
397;0
398;0
399;0
400;0
401;0
402;2
403;2
404;1
405;0
406;1
407;0
408;1
409;0
410;0
411;0
412;0
413;1
414;0
415;2
416;2
417;0
418;0
419;0
420;0
421;0
422;0
423;0
424;0
425;2
426;0
427;0
428;0
429;0
430;2
431;1
432;0
433;0
434;0
435;0
436;0
437;0
438;0
439;0
440;1
441;1
442;0
443;2
444;0
445;0
446;0
447;0
448;0
449;0
450;1
451;0
452;2
453;0
454;0
455;0
456;0
457;0
458;0
459;0
460;0
461;0
462;0
463;0
464;0
465;0
466;0
467;0
468;2
469;0
470;0
471;0
472;0
473;0
474;0
475;0
476;1
477;1
478;0
479;0
480;0
481;0
482;0
483;0
484;0
485;0
486;0
487;0
488;2
489;2
490;2
491;2
492;2
493;2
494;0
495;0
496;0
497;2
498;1
499;2
500;0
501;0
502;2
503;2
504;2
505;0
506;0
507;1
508;0
509;0
510;0
511;0
512;1
513;0
514;0
515;0
516;0
517;0
518;1
519;2
520;0
521;0
522;2
523;0
524;0
525;0
526;2
527;0
528;0
529;2
530;2
531;0
532;2
533;2
534;0
535;0
536;0
537;0
538;0
539;0
540;0
541;0
542;2
543;2
544;2
545;0
546;0
547;0
548;0
549;0
550;0
551;0
552;0
553;0
554;1
555;0
556;1
557;0
558;0
559;1
560;0
561;0
562;2
563;2
564;2
565;0
566;0
567;1
568;0
569;0
570;2
571;2
572;0
573;0
574;2
575;0
576;1
577;0
578;0
579;0
580;0
581;0
582;0
583;1
584;0
585;0
586;0
587;0
588;1
589;0
590;0
591;0
592;2
593;0
594;0
595;0
596;2
597;0
598;0
599;0
600;0
601;0
602;0
603;0
604;2
605;0
606;0
607;0
608;0
609;0
610;0
611;0
612;0
613;0
614;1
615;1
616;0
617;0
618;0
619;0
620;2
621;2
622;1
623;0
624;1
625;2
626;0
627;0
628;0
629;1
630;0
631;0
632;0
633;0
634;0
635;0
636;2
637;0
638;0
639;2
640;0
641;0
642;0
643;0
644;0
645;0
646;0
647;0
648;1
649;0
650;2
651;0
652;0
653;1
654;0
655;0
656;1
657;0
658;2
659;2
660;0
661;0
662;0
663;0
664;0
665;0
666;0
667;2
668;1
669;0
670;1
671;2
672;2
673;0
674;0
675;0
676;0
677;0
678;0
679;2
680;0
681;0
682;0
683;1
684;0
685;0
686;0
687;0
688;0
689;0
690;0
691;0
692;0
693;0
694;0
695;0
696;0
697;0
698;0
699;0
700;0
701;0
702;2
703;0
704;0
705;0
706;2
707;2
708;1
709;0
710;0
711;2
712;2
713;0
714;2
715;2
716;2
717;0
718;0
719;0
720;0
721;0
722;0
723;0
724;2
725;2
726;1
727;0
728;0
729;0
730;0
731;0
732;0
733;0
734;0
735;0
736;0
737;0
738;0
739;0
740;1
741;0
742;2
743;0
744;0
745;0
746;2
747;2
748;0
749;0
750;0
751;0
752;1
753;0
754;0
755;1
756;0
757;2
758;0
759;2
760;0
761;0
762;0
763;0
764;0
765;2
766;0
767;2
768;0
769;0
770;2
771;0
772;0
773;1
774;0
775;0
776;0
777;0
778;1
779;0
780;0
781;0
782;0
783;1
784;0
785;0
786;0
787;0
788;0
789;0
790;0
791;0
792;0
793;0
794;0
795;0
796;0
797;1
798;0
799;0
800;0
801;2
802;2
803;2
804;1
805;1
806;1
807;0
808;2
809;0
810;1
811;1
812;0
813;0
814;0
815;0
816;2
817;2
818;2
819;2
820;2
821;0
822;0
823;0
824;0
825;1
826;0
827;2
828;1
829;0
830;1
831;0
832;2
833;2
834;1
835;0
836;0
837;0
838;0
839;0
840;0
841;0
842;0
843;0
844;0
845;0
846;0
847;0
848;0
849;0
850;2
851;0
852;0
853;0
854;0
855;0
856;1
857;1
858;0
859;0
860;0
861;0
862;0
863;0
864;0
865;0
866;1
867;0
868;0
869;0
870;0
871;0
872;1
873;0
874;0
875;0
876;0
877;0
878;1
879;0
880;1
881;1
882;1
883;1
884;0
885;0
886;0
887;2
888;0
889;0
890;0
891;0
892;0
893;0
894;0
895;0
896;0
897;2
898;0
899;0
900;1
901;0
902;0
903;0
904;0
905;0
906;0
907;0
908;0
909;0
910;1
911;0
912;2
913;0
914;1
915;0
916;0
917;2
918;1
919;0
920;0
921;0
922;0
923;0
924;0
925;0
926;0
927;2
928;1
929;2
930;0
931;2
932;1
933;0
934;0
935;0
936;0
937;0
938;0
939;2
940;1
941;0
942;0
943;0
944;0
945;2
946;2
947;1
948;0
949;0
950;0
951;0
952;0
953;0
954;0
955;0
956;0
957;0
958;0
959;0
960;1
961;0
962;0
963;2
964;0
965;0
966;0
967;0
968;0
969;0
970;0
971;2
972;0
973;0
974;0
975;0
976;1
977;0
978;0
979;0
980;0
981;0
982;2
983;1
984;0
985;0
986;0
987;0
988;2
989;0
990;0
991;2
992;2
993;0
994;2
995;0
996;2
997;2
998;0
999;0
1000;0
1001;0
1002;0
1003;0
1004;2
1005;1
1006;0
1007;0
1008;0
1009;0
1010;0
1011;2
1012;1
1013;0
1014;1
1015;1
1016;0
1017;0
1018;0
1019;0
1020;0
1021;0
1022;0
1023;0
