0;0
1;1
2;0
3;1
4;4
5;0
6;2
7;2
8;2
9;0
10;2
11;0
12;2
13;0
14;1
15;0
16;0
17;2
18;2
19;1
20;0
21;2
22;1
23;0
24;2
25;1
26;2
27;2
28;2
29;0
30;0
31;2
32;0
33;0
34;0
35;0
36;0
37;2
38;0
39;0
40;0
41;0
42;0
43;0
44;2
45;0
46;0
47;0
48;0
49;0
50;0
51;0
52;0
53;0
54;0
55;0
56;0
57;1
58;0
59;2
60;1
61;0
62;0
63;0
64;0
65;0
66;0
67;0
68;0
69;0
70;2
71;0
72;1
73;0
74;1
75;0
76;0
77;0
78;0
79;0
80;2
81;0
82;2
83;1
84;1
85;1
86;1
87;0
88;0
89;0
90;2
91;1
92;0
93;0
94;0
95;2
96;1
97;0
98;2
99;2
100;2
101;2
102;2
103;2
104;2
105;0
106;0
107;1
108;0
109;4
110;0
111;0
112;0
113;0
114;1
115;0
116;0
117;2
118;0
119;0
120;0
121;1
122;0
123;0
124;0
125;0
126;0
127;1
128;0
129;2
130;0
131;0
132;0
133;1
134;1
135;0
136;0
137;0
138;0
139;0
140;2
141;0
142;2
143;0
144;2
145;0
146;0
147;0
148;0
149;1
150;1
151;0
152;1
153;0
154;2
155;0
156;0
157;0
158;0
159;0
160;0
161;0
162;0
163;0
164;0
165;0
166;1
167;0
168;0
169;0
170;0
171;0
172;0
173;0
174;0
175;0
176;1
177;0
178;0
179;0
180;0
181;0
182;1
183;0
184;0
185;0
186;0
187;2
188;2
189;0
190;2
191;0
192;2
193;0
194;0
195;0
196;1
197;0
198;0
199;0
200;0
201;0
202;0
203;0
204;0
205;0
206;0
207;1
208;0
209;0
210;0
211;1
212;2
213;2
214;2
215;1
216;2
217;0
218;0
219;2
220;0
221;0
222;0
223;0
224;0
225;0
226;0
227;1
228;0
229;0
230;0
231;0
232;1
233;0
234;0
235;1
236;0
237;0
238;0
239;2
240;1
241;0
242;2
243;2
244;2
245;0
246;2
247;0
248;1
249;0
250;2
251;2
252;0
253;0
254;0
255;0
256;0
257;0
258;0
259;1
260;0
261;2
262;2
263;1
264;1
265;0
266;2
267;2
268;0
269;0
270;1
271;2
272;1
273;0
274;0
275;2
276;1
277;2
278;2
279;0
280;1
281;0
282;2
283;0
284;2
285;0
286;0
287;0
288;1
289;0
290;1
291;0
292;0
293;0
294;0
295;0
296;2
297;2
298;1
299;0
300;1
301;0
302;0
303;0
304;0
305;1
306;0
307;0
308;1
309;1
310;1
311;0
312;2
313;0
314;0
315;1
316;0
317;2
318;0
319;0
320;2
321;0
322;0
323;0
324;0
325;0
326;0
327;0
328;0
329;0
330;1
331;1
332;0
333;0
334;0
335;2
336;1
337;0
338;2
339;1
340;0
341;0
342;2
343;0
344;2
345;0
346;0
347;0
348;0
349;0
350;0
351;0
352;0
353;1
354;1
355;0
356;0
357;0
358;0
359;0
360;0
361;0
362;0
363;0
364;1
365;0
366;0
367;1
368;2
369;0
370;0
371;0
372;2
373;0
374;0
375;0
376;0
377;0
378;0
379;0
380;2
381;0
382;2
383;1
384;0
385;0
386;0
387;2
388;0
389;0
390;2
391;2
392;2
393;0
394;0
395;0
396;2
397;0
398;0
399;0
400;2
401;0
402;0
403;0
404;2
405;0
406;0
407;0
408;4
409;2
410;0
411;0
412;2
413;2
414;0
415;2
416;1
417;0
418;0
419;0
420;0
421;0
422;2
423;2
424;1
425;0
426;0
427;2
428;0
429;1
430;2
431;2
432;2
433;0
434;2
435;2
436;2
437;0
438;0
439;0
440;2
441;2
442;0
443;0
444;2
445;1
446;0
447;0
448;2
449;0
450;0
451;2
452;1
453;0
454;2
455;0
456;0
457;0
458;2
459;2
460;2
461;2
462;2
463;1
464;0
465;0
466;2
467;0
468;0
469;0
470;0
471;0
472;0
473;2
474;0
475;0
476;0
477;0
478;2
479;0
480;0
481;0
482;0
483;2
484;2
485;2
486;1
487;0
488;0
489;0
490;0
491;0
492;2
493;0
494;0
495;0
496;1
497;2
498;0
499;0
500;0
501;0
502;2
503;2
504;1
505;0
506;2
507;0
508;2
509;2
510;0
511;0
512;0
513;2
514;0
515;2
516;0
517;0
518;0
519;0
520;0
521;0
522;0
523;0
524;0
525;1
526;0
527;0
528;2
529;0
530;0
531;0
532;0
533;0
534;0
535;0
536;1
537;0
538;0
539;2
540;0
541;2
542;2
543;2
544;0
545;0
546;2
547;2
548;2
549;0
550;0
551;0
552;0
553;0
554;0
555;0
556;0
557;0
558;1
559;0
560;0
561;0
562;0
563;0
564;2
565;1
566;0
567;2
568;2
569;0
570;2
571;1
572;0
573;0
574;2
575;0
576;2
577;0
578;0
579;4
580;0
581;2
582;0
583;2
584;2
585;0
586;0
587;1
588;0
589;0
590;0
591;0
592;0
593;0
594;0
595;0
596;2
597;2
598;0
599;0
600;0
601;2
602;0
603;1
604;0
605;0
606;0
607;0
608;0
609;0
610;0
611;2
612;0
613;1
614;1
615;0
616;0
617;0
618;0
619;0
620;2
621;2
622;0
623;2
624;0
625;2
626;2
627;0
628;2
629;0
630;2
631;0
632;0
633;2
634;0
635;1
636;0
637;0
638;0
639;0
640;0
641;0
642;0
643;0
644;1
645;0
646;2
647;0
648;0
649;1
650;0
651;2
652;0
653;1
654;0
655;0
656;0
657;1
658;0
659;0
660;2
661;0
662;0
663;2
664;0
665;0
666;0
667;0
668;0
669;1
670;2
671;2
672;1
673;0
674;0
675;2
676;4
677;0
678;2
679;0
680;2
681;0
682;2
683;0
684;1
685;0
686;0
687;0
688;2
689;1
690;0
691;0
692;0
693;2
694;0
695;0
696;0
697;0
698;0
699;0
700;1
701;2
702;0
703;0
704;0
705;0
706;0
707;0
708;0
709;0
710;0
711;1
712;0
713;0
714;0
715;1
716;2
717;2
718;2
719;2
720;1
721;0
722;0
723;0
724;2
725;0
726;0
727;0
728;0
729;0
730;0
731;0
732;0
733;1
734;1
735;2
736;2
737;0
738;0
739;0
740;0
741;0
742;0
743;0
744;2
745;0
746;0
747;0
748;2
749;0
750;1
751;0
752;0
753;0
754;0
755;2
756;1
757;2
758;2
759;0
760;1
761;0
762;0
763;0
764;1
765;0
766;0
767;2
768;2
769;0
770;1
771;4
772;2
773;0
774;2
775;0
776;2
777;2
778;2
779;1
780;0
781;0
782;0
783;0
784;0
785;0
786;0
787;0
788;0
789;0
790;0
791;1
792;0
793;1
794;0
795;0
796;0
797;0
798;0
799;0
800;1
801;0
802;2
803;1
804;0
805;0
806;0
807;2
808;4
809;0
810;2
811;0
812;2
813;0
814;2
815;0
816;2
817;0
818;1
819;0
820;0
821;0
822;0
823;0
824;0
825;0
826;0
827;0
828;2
829;0
830;0
831;0
832;0
833;2
834;0
835;1
836;0
837;0
838;0
839;2
840;2
841;2
842;2
843;0
844;0
845;0
846;0
847;0
848;0
849;1
850;0
851;0
852;0
853;2
854;0
855;2
856;0
857;2
858;1
859;0
860;1
861;2
862;0
863;2
864;4
865;2
866;2
867;2
868;2
869;0
870;0
871;0
872;2
873;0
874;0
875;0
876;2
877;0
878;0
879;0
880;0
881;2
882;0
883;0
884;0
885;1
886;0
887;0
888;0
889;2
890;2
891;0
892;1
893;0
894;2
895;2
896;1
897;0
898;0
899;2
900;4
901;0
902;0
903;2
904;2
905;0
906;0
907;0
908;1
909;0
910;0
911;0
912;1
913;0
914;0
915;1
916;0
917;0
918;0
919;2
920;2
921;0
922;0
923;2
924;2
925;0
926;0
927;2
928;2
929;0
930;0
931;0
932;0
933;0
934;1
935;0
936;2
937;0
938;0
939;0
940;0
941;2
942;2
943;1
944;0
945;2
946;0
947;0
948;0
949;0
950;0
951;0
952;0
953;2
954;0
955;1
956;0
957;0
958;0
959;0
960;2
961;0
962;0
963;0
964;0
965;0
966;0
967;0
968;2
969;0
970;0
971;0
972;1
973;0
974;0
975;0
976;1
977;0
978;2
979;1
980;0
981;0
982;0
983;0
984;1
985;0
986;0
987;0
988;2
989;2
990;0
991;0
992;0
993;0
994;0
995;0
996;0
997;0
998;0
999;2
1000;2
1001;0
1002;2
1003;2
1004;2
1005;0
1006;2
1007;0
1008;2
1009;0
1010;2
1011;0
1012;1
1013;1
1014;0
1015;0
1016;0
1017;0
1018;0
1019;0
1020;0
1021;0
1022;0
1023;0
