0;0
1;2
2;0
3;2
4;1
5;0
6;2
7;2
8;2
9;0
10;2
11;0
12;0
13;0
14;1
15;0
16;0
17;0
18;2
19;0
20;2
21;2
22;0
23;1
24;0
25;0
26;0
27;0
28;2
29;0
30;0
31;0
32;1
33;2
34;0
35;0
36;1
37;0
38;1
39;0
40;0
41;0
42;0
43;2
44;2
45;0
46;2
47;0
48;0
49;0
50;0
51;0
52;0
53;0
54;0
55;0
56;0
57;0
58;0
59;0
60;0
61;1
62;0
63;0
64;2
65;0
66;0
67;2
68;0
69;0
70;0
71;0
72;1
73;1
74;0
75;2
76;0
77;0
78;0
79;0
80;0
81;1
82;0
83;0
84;0
85;0
86;0
87;0
88;0
89;2
90;1
91;0
92;0
93;0
94;0
95;2
96;0
97;1
98;0
99;0
100;1
101;0
102;0
103;2
104;2
105;0
106;1
107;0
108;0
109;0
110;0
111;0
112;0
113;0
114;0
115;0
116;0
117;0
118;0
119;1
120;0
121;0
122;0
123;0
124;0
125;2
126;2
127;0
128;2
129;0
130;0
131;0
132;0
133;0
134;0
135;0
136;2
137;0
138;2
139;0
140;0
141;2
142;0
143;2
144;2
145;0
146;0
147;0
148;0
149;0
150;0
151;0
152;2
153;0
154;1
155;0
156;2
157;0
158;0
159;0
160;0
161;0
162;2
163;0
164;2
165;0
166;1
167;0
168;0
169;0
170;1
171;2
172;0
173;0
174;0
175;0
176;0
177;0
178;0
179;1
180;0
181;2
182;0
183;2
184;1
185;0
186;2
187;0
188;0
189;0
190;0
191;2
192;1
193;0
194;0
195;0
196;0
197;0
198;0
199;2
200;2
201;0
202;0
203;0
204;2
205;1
206;0
207;0
208;0
209;0
210;0
211;0
212;0
213;0
214;0
215;0
216;0
217;1
218;0
219;0
220;0
221;0
222;2
223;2
224;0
225;0
226;0
227;0
228;0
229;2
230;0
231;0
232;2
233;0
234;0
235;0
236;0
237;0
238;0
239;0
240;0
241;2
242;2
243;0
244;2
245;2
246;1
247;0
248;0
249;0
250;0
251;1
252;0
253;1
254;0
255;2
256;0
257;0
258;0
259;0
260;0
261;0
262;1
263;0
264;0
265;0
266;0
267;2
268;4
269;0
270;2
271;0
272;0
273;0
274;2
275;0
276;1
277;1
278;2
279;0
280;2
281;2
282;0
283;0
284;1
285;2
286;0
287;0
288;0
289;1
290;2
291;2
292;2
293;0
294;0
295;0
296;0
297;0
298;0
299;0
300;2
301;0
302;1
303;1
304;0
305;1
306;0
307;0
308;0
309;2
310;2
311;0
312;0
313;0
314;0
315;2
316;2
317;1
318;0
319;2
320;1
321;0
322;0
323;0
324;1
325;0
326;1
327;0
328;0
329;0
330;0
331;0
332;4
333;2
334;0
335;0
336;2
337;1
338;2
339;2
340;1
341;0
342;0
343;0
344;2
345;1
346;2
347;0
348;1
349;2
350;2
351;0
352;0
353;0
354;0
355;0
356;0
357;1
358;0
359;2
360;2
361;2
362;0
363;0
364;2
365;0
366;0
367;0
368;0
369;0
370;0
371;0
372;0
373;0
374;1
375;0
376;0
377;0
378;2
379;0
380;0
381;0
382;0
383;0
384;2
385;0
386;0
387;2
388;0
389;0
390;1
391;0
392;0
393;2
394;0
395;1
396;1
397;0
398;0
399;0
400;2
401;2
402;0
403;0
404;2
405;0
406;0
407;0
408;2
409;0
410;0
411;0
412;2
413;0
414;0
415;2
416;2
417;1
418;0
419;0
420;0
421;1
422;0
423;2
424;1
425;0
426;0
427;0
428;1
429;0
430;0
431;0
432;0
433;0
434;0
435;0
436;0
437;0
438;0
439;0
440;0
441;1
442;0
443;2
444;1
445;0
446;0
447;0
448;0
449;0
450;0
451;0
452;0
453;0
454;2
455;1
456;0
457;0
458;0
459;2
460;4
461;0
462;0
463;2
464;2
465;0
466;0
467;0
468;1
469;0
470;2
471;1
472;0
473;2
474;0
475;1
476;0
477;2
478;2
479;0
480;0
481;0
482;0
483;0
484;2
485;0
486;2
487;2
488;2
489;0
490;0
491;0
492;1
493;0
494;0
495;0
496;0
497;1
498;0
499;0
500;0
501;2
502;0
503;0
504;0
505;0
506;0
507;0
508;2
509;2
510;2
511;2
512;2
513;0
514;0
515;0
516;0
517;0
518;0
519;0
520;0
521;0
522;1
523;2
524;0
525;2
526;0
527;0
528;0
529;0
530;0
531;2
532;1
533;0
534;0
535;0
536;1
537;0
538;0
539;1
540;0
541;0
542;0
543;0
544;1
545;0
546;0
547;0
548;0
549;2
550;2
551;2
552;2
553;2
554;1
555;0
556;0
557;2
558;0
559;1
560;0
561;1
562;0
563;1
564;1
565;0
566;1
567;0
568;0
569;0
570;0
571;0
572;0
573;0
574;0
575;0
576;2
577;2
578;0
579;0
580;1
581;0
582;0
583;0
584;2
585;0
586;0
587;0
588;0
589;0
590;0
591;0
592;1
593;0
594;0
595;0
596;2
597;0
598;0
599;0
600;2
601;0
602;0
603;0
604;2
605;2
606;0
607;0
608;0
609;2
610;1
611;0
612;1
613;0
614;0
615;1
616;0
617;2
618;2
619;2
620;2
621;0
622;0
623;2
624;0
625;0
626;0
627;0
628;2
629;2
630;0
631;0
632;2
633;1
634;1
635;0
636;1
637;0
638;0
639;0
640;0
641;0
642;0
643;0
644;0
645;0
646;0
647;2
648;2
649;0
650;0
651;0
652;0
653;0
654;0
655;0
656;0
657;0
658;1
659;0
660;0
661;0
662;2
663;0
664;0
665;0
666;0
667;0
668;0
669;0
670;2
671;1
672;0
673;0
674;0
675;2
676;4
677;0
678;2
679;1
680;0
681;0
682;0
683;0
684;1
685;2
686;0
687;0
688;0
689;2
690;0
691;1
692;0
693;0
694;0
695;0
696;4
697;0
698;2
699;2
700;0
701;0
702;2
703;0
704;2
705;0
706;0
707;0
708;0
709;2
710;1
711;0
712;0
713;0
714;0
715;1
716;0
717;1
718;0
719;0
720;0
721;0
722;0
723;0
724;0
725;0
726;0
727;0
728;1
729;0
730;0
731;0
732;0
733;0
734;0
735;0
736;0
737;0
738;0
739;0
740;0
741;0
742;0
743;0
744;0
745;0
746;1
747;0
748;2
749;0
750;0
751;0
752;0
753;0
754;1
755;0
756;0
757;0
758;0
759;0
760;1
761;0
762;2
763;0
764;0
765;0
766;2
767;0
768;0
769;2
770;0
771;0
772;0
773;0
774;0
775;0
776;0
777;2
778;0
779;0
780;0
781;0
782;0
783;0
784;0
785;2
786;0
787;2
788;0
789;0
790;0
791;0
792;0
793;0
794;2
795;0
796;0
797;0
798;0
799;0
800;0
801;0
802;2
803;2
804;2
805;0
806;0
807;0
808;0
809;0
810;0
811;0
812;0
813;0
814;1
815;0
816;0
817;1
818;0
819;0
820;0
821;0
822;2
823;2
824;1
825;0
826;0
827;0
828;2
829;0
830;0
831;0
832;2
833;0
834;0
835;0
836;2
837;2
838;1
839;1
840;2
841;0
842;0
843;0
844;0
845;2
846;1
847;2
848;0
849;0
850;1
851;2
852;2
853;0
854;0
855;0
856;2
857;0
858;2
859;1
860;0
861;2
862;1
863;0
864;0
865;0
866;0
867;0
868;0
869;2
870;2
871;0
872;0
873;0
874;0
875;0
876;1
877;0
878;0
879;0
880;0
881;0
882;0
883;0
884;0
885;0
886;0
887;0
888;0
889;1
890;0
891;0
892;0
893;0
894;0
895;2
896;1
897;0
898;0
899;1
900;0
901;0
902;1
903;0
904;0
905;0
906;2
907;2
908;1
909;0
910;0
911;0
912;2
913;0
914;2
915;0
916;0
917;0
918;2
919;0
920;0
921;1
922;0
923;0
924;0
925;0
926;0
927;0
928;1
929;0
930;0
931;0
932;0
933;0
934;2
935;1
936;2
937;2
938;0
939;0
940;2
941;2
942;2
943;2
944;4
945;0
946;0
947;0
948;0
949;0
950;1
951;0
952;2
953;2
954;2
955;2
956;1
957;0
958;1
959;0
960;0
961;2
962;0
963;2
964;0
965;0
966;0
967;0
968;0
969;0
970;0
971;0
972;1
973;0
974;0
975;0
976;1
977;0
978;1
979;1
980;0
981;2
982;2
983;2
984;2
985;0
986;0
987;1
988;1
989;0
990;0
991;0
992;0
993;0
994;1
995;2
996;1
997;0
998;0
999;0
1000;0
1001;0
1002;0
1003;0
1004;0
1005;0
1006;0
1007;0
1008;0
1009;0
1010;0
1011;2
1012;1
1013;0
1014;0
1015;1
1016;0
1017;0
1018;0
1019;0
1020;0
1021;0
1022;0
1023;0
