0;1
1;0
2;0
3;2
4;0
5;0
6;2
7;2
8;2
9;0
10;2
11;0
12;2
13;1
14;1
15;0
16;0
17;0
18;0
19;0
20;0
21;2
22;0
23;2
24;1
25;0
26;0
27;1
28;2
29;2
30;0
31;0
32;0
33;2
34;2
35;0
36;2
37;1
38;1
39;0
40;2
41;0
42;1
43;0
44;2
45;0
46;0
47;0
48;0
49;2
50;0
51;0
52;2
53;0
54;0
55;0
56;0
57;0
58;0
59;0
60;1
61;1
62;0
63;2
64;0
65;0
66;0
67;0
68;0
69;0
70;0
71;0
72;1
73;0
74;1
75;0
76;2
77;2
78;2
79;2
80;2
81;0
82;0
83;0
84;0
85;0
86;0
87;0
88;1
89;1
90;0
91;0
92;2
93;0
94;0
95;0
96;4
97;0
98;0
99;0
100;0
101;0
102;0
103;0
104;2
105;0
106;0
107;1
108;0
109;2
110;0
111;0
112;0
113;0
114;2
115;2
116;2
117;2
118;0
119;0
120;0
121;0
122;1
123;1
124;0
125;0
126;0
127;0
128;0
129;2
130;1
131;0
132;2
133;0
134;0
135;0
136;0
137;0
138;0
139;0
140;2
141;0
142;0
143;0
144;0
145;0
146;0
147;0
148;0
149;2
150;0
151;0
152;4
153;0
154;0
155;0
156;0
157;1
158;0
159;0
160;2
161;0
162;2
163;1
164;1
165;0
166;0
167;0
168;1
169;2
170;2
171;2
172;0
173;0
174;0
175;0
176;2
177;2
178;2
179;0
180;2
181;0
182;0
183;0
184;0
185;0
186;0
187;0
188;0
189;1
190;1
191;0
192;2
193;2
194;1
195;0
196;2
197;0
198;0
199;0
200;0
201;0
202;2
203;1
204;0
205;0
206;0
207;2
208;0
209;2
210;0
211;2
212;1
213;0
214;0
215;2
216;2
217;0
218;2
219;1
220;4
221;0
222;2
223;0
224;2
225;0
226;0
227;0
228;2
229;0
230;0
231;0
232;0
233;0
234;0
235;0
236;0
237;0
238;0
239;0
240;1
241;0
242;0
243;0
244;0
245;2
246;0
247;2
248;0
249;1
250;1
251;0
252;0
253;0
254;0
255;0
256;0
257;0
258;0
259;0
260;0
261;0
262;0
263;0
264;1
265;2
266;2
267;0
268;0
269;2
270;2
271;2
272;2
273;1
274;0
275;0
276;2
277;0
278;0
279;0
280;1
281;0
282;0
283;0
284;2
285;0
286;0
287;0
288;0
289;0
290;0
291;0
292;1
293;0
294;0
295;0
296;0
297;1
298;0
299;0
300;2
301;0
302;0
303;4
304;1
305;0
306;0
307;0
308;2
309;0
310;2
311;2
312;1
313;2
314;0
315;0
316;1
317;0
318;0
319;0
320;2
321;0
322;0
323;0
324;4
325;2
326;2
327;2
328;2
329;2
330;2
331;2
332;1
333;0
334;0
335;0
336;2
337;1
338;1
339;0
340;1
341;2
342;0
343;2
344;0
345;0
346;0
347;0
348;0
349;1
350;0
351;2
352;2
353;1
354;0
355;2
356;2
357;0
358;0
359;0
360;1
361;2
362;1
363;0
364;0
365;0
366;0
367;0
368;2
369;0
370;2
371;2
372;0
373;0
374;0
375;0
376;0
377;0
378;0
379;0
380;1
381;0
382;0
383;0
384;0
385;0
386;2
387;0
388;1
389;0
390;2
391;0
392;0
393;1
394;0
395;0
396;4
397;0
398;0
399;0
400;2
401;0
402;0
403;0
404;1
405;2
406;2
407;2
408;2
409;2
410;0
411;2
412;2
413;0
414;0
415;0
416;2
417;2
418;0
419;2
420;2
421;0
422;0
423;1
424;1
425;0
426;0
427;0
428;0
429;2
430;0
431;2
432;0
433;0
434;1
435;0
436;1
437;0
438;0
439;0
440;0
441;0
442;0
443;0
444;1
445;1
446;0
447;2
448;0
449;0
450;0
451;0
452;0
453;0
454;2
455;2
456;2
457;1
458;0
459;0
460;2
461;0
462;0
463;0
464;0
465;1
466;0
467;0
468;1
469;0
470;2
471;0
472;0
473;0
474;0
475;2
476;2
477;2
478;2
479;2
480;2
481;1
482;0
483;2
484;2
485;0
486;0
487;0
488;1
489;0
490;0
491;0
492;1
493;1
494;0
495;0
496;0
497;0
498;2
499;2
500;0
501;0
502;0
503;0
504;2
505;2
506;2
507;0
508;1
509;0
510;0
511;0
512;0
513;2
514;1
515;2
516;0
517;0
518;0
519;2
520;0
521;0
522;0
523;0
524;2
525;0
526;0
527;0
528;1
529;0
530;1
531;0
532;0
533;0
534;0
535;0
536;2
537;0
538;0
539;0
540;1
541;0
542;2
543;0
544;0
545;2
546;1
547;0
548;0
549;2
550;2
551;1
552;0
553;0
554;0
555;0
556;2
557;2
558;2
559;2
560;2
561;1
562;0
563;0
564;1
565;0
566;0
567;0
568;0
569;0
570;0
571;0
572;2
573;2
574;0
575;1
576;1
577;0
578;0
579;0
580;0
581;0
582;2
583;0
584;1
585;0
586;2
587;0
588;1
589;0
590;0
591;0
592;2
593;2
594;0
595;0
596;2
597;0
598;0
599;0
600;1
601;0
602;0
603;0
604;4
605;0
606;0
607;0
608;2
609;1
610;0
611;0
612;1
613;0
614;0
615;2
616;2
617;2
618;0
619;0
620;2
621;1
622;1
623;0
624;1
625;1
626;0
627;0
628;0
629;0
630;0
631;0
632;0
633;0
634;0
635;0
636;0
637;0
638;0
639;2
640;0
641;0
642;0
643;0
644;0
645;0
646;0
647;0
648;1
649;2
650;2
651;0
652;0
653;1
654;0
655;0
656;0
657;0
658;2
659;2
660;0
661;0
662;0
663;0
664;0
665;0
666;0
667;2
668;0
669;0
670;1
671;2
672;1
673;0
674;0
675;0
676;0
677;2
678;0
679;1
680;0
681;1
682;0
683;0
684;0
685;0
686;0
687;0
688;0
689;2
690;0
691;0
692;0
693;0
694;0
695;0
696;0
697;0
698;0
699;0
700;0
701;0
702;0
703;0
704;1
705;0
706;0
707;2
708;1
709;0
710;0
711;0
712;2
713;0
714;0
715;2
716;0
717;0
718;0
719;0
720;0
721;0
722;0
723;0
724;2
725;0
726;2
727;0
728;0
729;0
730;0
731;2
732;0
733;0
734;0
735;0
736;1
737;0
738;0
739;0
740;0
741;2
742;0
743;2
744;1
745;0
746;2
747;0
748;0
749;0
750;4
751;2
752;0
753;0
754;1
755;0
756;1
757;0
758;2
759;0
760;0
761;0
762;0
763;0
764;0
765;0
766;0
767;2
768;0
769;0
770;0
771;0
772;0
773;0
774;0
775;1
776;0
777;0
778;0
779;0
780;0
781;2
782;2
783;2
784;0
785;0
786;0
787;0
788;2
789;0
790;2
791;2
792;2
793;0
794;2
795;0
796;2
797;2
798;2
799;0
800;1
801;1
802;0
803;0
804;0
805;0
806;0
807;0
808;0
809;0
810;0
811;0
812;0
813;2
814;1
815;2
816;1
817;0
818;0
819;1
820;0
821;2
822;1
823;2
824;0
825;0
826;1
827;2
828;4
829;1
830;0
831;0
832;1
833;0
834;0
835;0
836;1
837;0
838;1
839;0
840;1
841;0
842;0
843;0
844;0
845;0
846;2
847;0
848;0
849;0
850;0
851;0
852;1
853;0
854;0
855;0
856;0
857;0
858;2
859;0
860;0
861;2
862;1
863;0
864;0
865;1
866;0
867;0
868;1
869;0
870;0
871;2
872;2
873;1
874;2
875;1
876;0
877;2
878;2
879;1
880;0
881;2
882;0
883;0
884;0
885;0
886;1
887;0
888;0
889;0
890;0
891;0
892;4
893;0
894;2
895;2
896;2
897;0
898;0
899;0
900;1
901;0
902;0
903;0
904;0
905;0
906;0
907;2
908;0
909;1
910;2
911;0
912;2
913;1
914;0
915;2
916;4
917;2
918;1
919;2
920;2
921;1
922;0
923;0
924;1
925;0
926;2
927;0
928;2
929;0
930;0
931;0
932;0
933;2
934;2
935;0
936;1
937;2
938;0
939;2
940;0
941;0
942;0
943;0
944;0
945;0
946;0
947;0
948;0
949;1
950;0
951;0
952;1
953;0
954;2
955;0
956;0
957;1
958;0
959;0
960;1
961;0
962;0
963;0
964;0
965;0
966;0
967;2
968;1
969;0
970;0
971;2
972;2
973;0
974;0
975;0
976;0
977;0
978;0
979;1
980;2
981;0
982;0
983;0
984;2
985;0
986;0
987;0
988;0
989;0
990;0
991;1
992;0
993;2
994;0
995;0
996;2
997;2
998;0
999;2
1000;2
1001;0
1002;0
1003;0
1004;0
1005;2
1006;2
1007;2
1008;2
1009;1
1010;0
1011;0
1012;0
1013;0
1014;0
1015;0
1016;0
1017;0
1018;0
1019;0
1020;0
1021;0
1022;0
1023;0
