0;1
1;0
2;0
3;0
4;2
5;0
6;2
7;1
8;0
9;0
10;2
11;2
12;2
13;0
14;1
15;0
16;0
17;0
18;0
19;0
20;0
21;0
22;2
23;0
24;1
25;0
26;2
27;2
28;0
29;0
30;1
31;2
32;0
33;2
34;0
35;0
36;0
37;0
38;0
39;0
40;1
41;1
42;0
43;0
44;2
45;0
46;0
47;0
48;0
49;1
50;0
51;0
52;2
53;0
54;1
55;0
56;0
57;1
58;0
59;1
60;0
61;0
62;2
63;2
64;2
65;0
66;0
67;2
68;1
69;2
70;2
71;2
72;2
73;0
74;2
75;0
76;0
77;0
78;0
79;0
80;0
81;0
82;1
83;0
84;1
85;0
86;0
87;0
88;0
89;0
90;1
91;0
92;0
93;0
94;0
95;2
96;4
97;0
98;0
99;2
100;2
101;0
102;0
103;0
104;2
105;0
106;2
107;0
108;1
109;0
110;0
111;0
112;0
113;2
114;2
115;2
116;0
117;2
118;0
119;0
120;0
121;0
122;0
123;0
124;0
125;0
126;1
127;0
128;0
129;0
130;0
131;0
132;0
133;0
134;0
135;1
136;0
137;0
138;0
139;0
140;0
141;0
142;0
143;0
144;0
145;0
146;0
147;0
148;1
149;0
150;0
151;0
152;0
153;0
154;2
155;0
156;2
157;0
158;0
159;0
160;0
161;0
162;2
163;0
164;1
165;0
166;2
167;0
168;0
169;0
170;0
171;2
172;2
173;0
174;2
175;2
176;2
177;0
178;0
179;0
180;0
181;0
182;0
183;0
184;0
185;0
186;0
187;0
188;0
189;0
190;1
191;0
192;0
193;0
194;1
195;0
196;0
197;0
198;0
199;0
200;2
201;0
202;0
203;0
204;0
205;0
206;2
207;0
208;0
209;0
210;0
211;0
212;1
213;0
214;2
215;2
216;1
217;0
218;0
219;2
220;4
221;0
222;2
223;1
224;0
225;0
226;2
227;0
228;1
229;0
230;1
231;0
232;1
233;0
234;1
235;0
236;0
237;0
238;0
239;1
240;2
241;2
242;2
243;1
244;0
245;0
246;0
247;0
248;0
249;0
250;0
251;0
252;0
253;0
254;0
255;0
256;0
257;0
258;0
259;0
260;1
261;0
262;0
263;0
264;0
265;0
266;2
267;2
268;0
269;0
270;0
271;0
272;0
273;1
274;0
275;0
276;0
277;2
278;2
279;2
280;2
281;1
282;0
283;0
284;0
285;0
286;0
287;1
288;0
289;0
290;0
291;0
292;0
293;0
294;2
295;0
296;1
297;2
298;0
299;0
300;1
301;0
302;2
303;1
304;0
305;0
306;0
307;0
308;1
309;0
310;0
311;0
312;0
313;0
314;0
315;0
316;1
317;0
318;1
319;2
320;0
321;2
322;0
323;0
324;0
325;0
326;0
327;0
328;2
329;0
330;0
331;0
332;2
333;2
334;1
335;0
336;0
337;0
338;2
339;1
340;0
341;0
342;0
343;0
344;1
345;2
346;2
347;2
348;2
349;0
350;2
351;0
352;2
353;1
354;0
355;2
356;0
357;2
358;0
359;0
360;0
361;0
362;0
363;0
364;1
365;0
366;0
367;0
368;1
369;0
370;0
371;0
372;0
373;1
374;0
375;0
376;0
377;0
378;0
379;0
380;0
381;0
382;0
383;0
384;0
385;0
386;0
387;0
388;0
389;0
390;2
391;0
392;1
393;0
394;0
395;0
396;0
397;0
398;0
399;0
400;2
401;0
402;0
403;0
404;0
405;2
406;0
407;2
408;2
409;0
410;0
411;0
412;0
413;0
414;2
415;1
416;0
417;0
418;0
419;2
420;2
421;0
422;2
423;2
424;2
425;0
426;2
427;0
428;1
429;0
430;1
431;1
432;4
433;0
434;0
435;0
436;0
437;2
438;2
439;2
440;1
441;0
442;0
443;0
444;0
445;1
446;0
447;0
448;0
449;0
450;0
451;0
452;0
453;0
454;0
455;0
456;0
457;2
458;0
459;2
460;1
461;0
462;0
463;0
464;0
465;0
466;0
467;0
468;0
469;0
470;2
471;2
472;1
473;0
474;0
475;2
476;1
477;2
478;0
479;2
480;2
481;0
482;0
483;0
484;2
485;0
486;0
487;2
488;0
489;2
490;0
491;0
492;1
493;0
494;2
495;2
496;2
497;2
498;2
499;0
500;0
501;0
502;0
503;0
504;0
505;0
506;0
507;0
508;1
509;2
510;0
511;0
512;0
513;0
514;2
515;2
516;1
517;0
518;2
519;0
520;2
521;1
522;0
523;2
524;2
525;0
526;0
527;2
528;2
529;0
530;0
531;2
532;1
533;0
534;2
535;0
536;1
537;1
538;1
539;0
540;2
541;0
542;0
543;0
544;0
545;0
546;0
547;0
548;1
549;1
550;0
551;0
552;2
553;0
554;0
555;2
556;0
557;0
558;0
559;0
560;1
561;0
562;0
563;0
564;2
565;2
566;2
567;1
568;0
569;0
570;0
571;0
572;0
573;2
574;0
575;0
576;0
577;0
578;0
579;0
580;0
581;1
582;0
583;0
584;1
585;0
586;0
587;0
588;0
589;2
590;2
591;2
592;1
593;0
594;0
595;0
596;0
597;0
598;2
599;0
600;0
601;0
602;0
603;0
604;0
605;0
606;2
607;0
608;0
609;0
610;0
611;0
612;0
613;0
614;0
615;1
616;0
617;0
618;2
619;2
620;1
621;0
622;0
623;0
624;2
625;0
626;2
627;0
628;2
629;0
630;0
631;0
632;2
633;2
634;2
635;0
636;2
637;0
638;1
639;1
640;0
641;2
642;0
643;1
644;1
645;0
646;0
647;0
648;0
649;0
650;0
651;0
652;0
653;0
654;0
655;0
656;0
657;1
658;0
659;0
660;0
661;0
662;0
663;2
664;2
665;0
666;0
667;0
668;2
669;0
670;0
671;0
672;2
673;0
674;2
675;0
676;0
677;0
678;1
679;0
680;0
681;0
682;1
683;0
684;0
685;0
686;0
687;1
688;2
689;1
690;4
691;0
692;1
693;0
694;0
695;0
696;2
697;0
698;2
699;2
700;0
701;2
702;0
703;1
704;0
705;0
706;0
707;1
708;2
709;1
710;0
711;0
712;1
713;0
714;2
715;4
716;1
717;0
718;0
719;0
720;1
721;0
722;2
723;2
724;2
725;0
726;0
727;0
728;1
729;2
730;0
731;0
732;2
733;0
734;2
735;0
736;1
737;0
738;0
739;1
740;1
741;2
742;2
743;1
744;0
745;0
746;0
747;0
748;2
749;0
750;1
751;0
752;0
753;0
754;0
755;1
756;0
757;2
758;0
759;0
760;2
761;1
762;1
763;0
764;0
765;0
766;0
767;0
768;1
769;0
770;0
771;0
772;4
773;0
774;0
775;0
776;0
777;0
778;0
779;2
780;2
781;0
782;0
783;0
784;1
785;0
786;2
787;2
788;1
789;0
790;0
791;2
792;1
793;0
794;0
795;1
796;0
797;0
798;2
799;0
800;1
801;0
802;2
803;2
804;0
805;0
806;0
807;0
808;2
809;0
810;0
811;0
812;0
813;0
814;1
815;0
816;2
817;1
818;0
819;0
820;1
821;0
822;0
823;2
824;1
825;1
826;0
827;0
828;0
829;0
830;0
831;2
832;1
833;0
834;0
835;0
836;0
837;0
838;2
839;2
840;1
841;0
842;0
843;0
844;0
845;0
846;2
847;2
848;2
849;0
850;0
851;0
852;0
853;0
854;0
855;0
856;0
857;0
858;0
859;0
860;2
861;2
862;0
863;0
864;0
865;0
866;0
867;0
868;0
869;0
870;0
871;0
872;0
873;0
874;0
875;0
876;2
877;0
878;0
879;0
880;0
881;0
882;0
883;0
884;1
885;0
886;0
887;0
888;0
889;0
890;0
891;0
892;1
893;0
894;1
895;0
896;1
897;1
898;2
899;2
900;2
901;0
902;2
903;2
904;2
905;0
906;2
907;0
908;2
909;0
910;0
911;0
912;0
913;2
914;0
915;0
916;2
917;2
918;0
919;0
920;0
921;2
922;0
923;0
924;0
925;0
926;0
927;1
928;2
929;2
930;2
931;2
932;2
933;2
934;2
935;1
936;1
937;0
938;0
939;0
940;2
941;0
942;0
943;0
944;0
945;2
946;2
947;0
948;0
949;0
950;0
951;0
952;0
953;1
954;0
955;0
956;0
957;0
958;0
959;1
960;0
961;0
962;0
963;0
964;0
965;0
966;0
967;0
968;2
969;0
970;0
971;0
972;1
973;2
974;0
975;0
976;0
977;0
978;2
979;2
980;2
981;0
982;0
983;2
984;0
985;0
986;1
987;0
988;1
989;0
990;0
991;2
992;4
993;0
994;2
995;2
996;2
997;0
998;2
999;0
1000;2
1001;2
1002;0
1003;0
1004;0
1005;0
1006;0
1007;2
1008;0
1009;2
1010;2
1011;2
1012;1
1013;1
1014;0
1015;0
1016;0
1017;0
1018;0
1019;0
1020;0
1021;0
1022;0
1023;0
