0;1
1;0
2;0
3;1
4;0
5;0
6;2
7;2
8;0
9;0
10;2
11;0
12;0
13;0
14;1
15;0
16;0
17;0
18;2
19;1
20;0
21;0
22;1
23;0
24;1
25;0
26;0
27;0
28;2
29;0
30;1
31;0
32;0
33;0
34;0
35;0
36;0
37;0
38;0
39;2
40;0
41;0
42;0
43;1
44;0
45;0
46;0
47;0
48;0
49;0
50;1
51;0
52;0
53;2
54;0
55;0
56;0
57;2
58;0
59;0
60;0
61;0
62;0
63;0
64;2
65;2
66;0
67;0
68;2
69;0
70;2
71;0
72;1
73;0
74;0
75;0
76;2
77;1
78;0
79;0
80;1
81;2
82;0
83;0
84;0
85;0
86;0
87;0
88;0
89;0
90;1
91;0
92;1
93;0
94;0
95;2
96;2
97;2
98;1
99;1
100;0
101;0
102;1
103;0
104;2
105;0
106;0
107;0
108;0
109;2
110;1
111;1
112;0
113;0
114;0
115;0
116;0
117;1
118;0
119;0
120;0
121;2
122;2
123;0
124;2
125;0
126;0
127;2
128;2
129;0
130;0
131;0
132;0
133;0
134;0
135;0
136;0
137;0
138;0
139;0
140;0
141;0
142;0
143;0
144;2
145;1
146;0
147;0
148;0
149;2
150;0
151;0
152;2
153;0
154;0
155;1
156;0
157;0
158;0
159;0
160;0
161;0
162;0
163;0
164;1
165;0
166;0
167;1
168;2
169;0
170;2
171;2
172;2
173;2
174;2
175;0
176;0
177;2
178;2
179;2
180;0
181;0
182;1
183;0
184;1
185;0
186;2
187;1
188;0
189;0
190;0
191;2
192;2
193;2
194;0
195;1
196;0
197;0
198;0
199;0
200;0
201;0
202;1
203;2
204;0
205;0
206;0
207;0
208;2
209;0
210;1
211;0
212;0
213;0
214;0
215;0
216;2
217;0
218;1
219;0
220;1
221;0
222;2
223;2
224;1
225;0
226;0
227;1
228;0
229;0
230;0
231;0
232;0
233;0
234;1
235;0
236;1
237;0
238;0
239;0
240;0
241;0
242;2
243;2
244;2
245;2
246;0
247;0
248;0
249;1
250;1
251;0
252;1
253;0
254;0
255;0
256;0
257;2
258;0
259;0
260;0
261;0
262;0
263;0
264;2
265;0
266;0
267;1
268;0
269;0
270;0
271;2
272;1
273;0
274;0
275;0
276;0
277;0
278;0
279;0
280;0
281;0
282;0
283;0
284;2
285;0
286;0
287;0
288;1
289;0
290;0
291;0
292;0
293;0
294;1
295;0
296;1
297;0
298;2
299;0
300;0
301;2
302;0
303;0
304;0
305;0
306;0
307;0
308;2
309;0
310;1
311;0
312;0
313;1
314;0
315;0
316;0
317;0
318;1
319;0
320;1
321;0
322;0
323;1
324;0
325;0
326;0
327;0
328;2
329;0
330;0
331;1
332;1
333;0
334;0
335;2
336;0
337;1
338;0
339;0
340;1
341;0
342;0
343;0
344;0
345;0
346;0
347;0
348;2
349;0
350;0
351;0
352;1
353;0
354;0
355;0
356;0
357;0
358;2
359;2
360;0
361;0
362;2
363;0
364;0
365;1
366;0
367;0
368;0
369;0
370;0
371;1
372;1
373;0
374;0
375;2
376;1
377;2
378;0
379;0
380;0
381;0
382;0
383;0
384;0
385;0
386;2
387;0
388;2
389;1
390;1
391;0
392;2
393;0
394;2
395;0
396;0
397;0
398;1
399;0
400;0
401;0
402;0
403;2
404;2
405;0
406;0
407;0
408;2
409;0
410;0
411;0
412;0
413;0
414;0
415;1
416;0
417;0
418;0
419;0
420;1
421;0
422;0
423;0
424;0
425;0
426;0
427;0
428;1
429;0
430;0
431;2
432;2
433;2
434;0
435;0
436;0
437;0
438;0
439;0
440;1
441;1
442;0
443;0
444;2
445;0
446;2
447;0
448;2
449;0
450;2
451;2
452;0
453;2
454;0
455;1
456;0
457;0
458;2
459;0
460;2
461;0
462;0
463;0
464;2
465;1
466;2
467;0
468;1
469;1
470;0
471;1
472;1
473;0
474;0
475;0
476;1
477;1
478;2
479;2
480;0
481;0
482;0
483;0
484;0
485;0
486;0
487;1
488;0
489;0
490;0
491;0
492;0
493;1
494;1
495;2
496;2
497;0
498;1
499;0
500;0
501;0
502;0
503;0
504;2
505;0
506;0
507;0
508;1
509;0
510;0
511;4
512;0
513;0
514;0
515;2
516;0
517;0
518;2
519;1
520;0
521;1
522;0
523;0
524;1
525;0
526;1
527;1
528;0
529;0
530;0
531;0
532;0
533;0
534;0
535;0
536;1
537;1
538;0
539;0
540;0
541;0
542;1
543;2
544;2
545;0
546;2
547;0
548;0
549;0
550;0
551;1
552;0
553;1
554;1
555;0
556;2
557;0
558;2
559;2
560;1
561;0
562;0
563;0
564;0
565;0
566;0
567;0
568;1
569;0
570;1
571;0
572;1
573;1
574;1
575;1
576;2
577;0
578;1
579;0
580;0
581;0
582;2
583;2
584;1
585;0
586;0
587;0
588;0
589;1
590;0
591;2
592;2
593;0
594;0
595;0
596;1
597;0
598;2
599;0
600;2
601;0
602;0
603;0
604;0
605;0
606;2
607;0
608;0
609;0
610;0
611;0
612;0
613;2
614;2
615;2
616;2
617;0
618;1
619;0
620;2
621;0
622;2
623;0
624;0
625;0
626;0
627;0
628;2
629;2
630;0
631;1
632;2
633;0
634;1
635;0
636;2
637;0
638;2
639;0
640;0
641;2
642;2
643;0
644;0
645;0
646;1
647;0
648;0
649;1
650;0
651;0
652;0
653;0
654;0
655;0
656;0
657;0
658;0
659;0
660;0
661;0
662;0
663;0
664;0
665;2
666;1
667;0
668;1
669;0
670;2
671;0
672;0
673;1
674;0
675;0
676;2
677;0
678;0
679;0
680;2
681;2
682;2
683;2
684;0
685;0
686;0
687;1
688;0
689;0
690;0
691;0
692;1
693;0
694;2
695;2
696;1
697;1
698;0
699;1
700;0
701;0
702;2
703;0
704;2
705;0
706;0
707;0
708;2
709;0
710;0
711;0
712;0
713;0
714;1
715;0
716;2
717;0
718;0
719;0
720;2
721;0
722;0
723;2
724;0
725;0
726;2
727;2
728;2
729;0
730;2
731;0
732;0
733;0
734;0
735;0
736;1
737;0
738;0
739;0
740;1
741;1
742;0
743;0
744;0
745;0
746;2
747;0
748;0
749;0
750;0
751;0
752;2
753;0
754;1
755;1
756;0
757;0
758;0
759;0
760;2
761;1
762;0
763;2
764;2
765;0
766;0
767;1
768;0
769;0
770;0
771;0
772;0
773;2
774;0
775;0
776;0
777;1
778;0
779;2
780;0
781;0
782;0
783;0
784;0
785;0
786;0
787;1
788;0
789;0
790;0
791;2
792;0
793;0
794;0
795;2
796;0
797;2
798;0
799;0
800;0
801;0
802;1
803;0
804;1
805;0
806;0
807;2
808;0
809;0
810;0
811;0
812;0
813;0
814;0
815;0
816;0
817;0
818;0
819;0
820;0
821;0
822;2
823;0
824;0
825;1
826;0
827;0
828;0
829;0
830;1
831;0
832;0
833;0
834;2
835;2
836;1
837;0
838;0
839;2
840;2
841;0
842;2
843;1
844;0
845;0
846;2
847;0
848;2
849;1
850;0
851;0
852;0
853;0
854;0
855;0
856;2
857;0
858;0
859;0
860;0
861;0
862;0
863;2
864;0
865;0
866;0
867;1
868;0
869;0
870;0
871;1
872;0
873;0
874;0
875;0
876;0
877;0
878;0
879;0
880;2
881;0
882;0
883;0
884;1
885;2
886;0
887;0
888;0
889;2
890;2
891;0
892;0
893;2
894;1
895;0
896;0
897;0
898;2
899;0
900;1
901;0
902;0
903;2
904;0
905;0
906;2
907;2
908;0
909;0
910;1
911;0
912;0
913;0
914;0
915;0
916;0
917;0
918;0
919;2
920;0
921;0
922;0
923;0
924;1
925;0
926;2
927;0
928;0
929;2
930;0
931;0
932;1
933;0
934;0
935;2
936;0
937;0
938;0
939;0
940;0
941;0
942;0
943;0
944;0
945;1
946;2
947;2
948;0
949;0
950;0
951;0
952;0
953;0
954;0
955;0
956;0
957;0
958;2
959;0
960;0
961;0
962;0
963;0
964;0
965;0
966;2
967;2
968;2
969;2
970;2
971;2
972;0
973;0
974;2
975;2
976;2
977;1
978;0
979;0
980;0
981;0
982;0
983;2
984;2
985;0
986;2
987;0
988;1
989;0
990;1
991;0
992;0
993;0
994;0
995;1
996;0
997;2
998;2
999;0
1000;2
1001;0
1002;2
1003;2
1004;1
1005;0
1006;0
1007;0
1008;1
1009;0
1010;0
1011;0
1012;0
1013;1
1014;1
1015;0
1016;0
1017;0
1018;0
1019;0
1020;0
1021;0
1022;0
1023;0
