0;0
1;0
2;0
3;2
4;4
5;0
6;2
7;1
8;0
9;0
10;0
11;0
12;2
13;0
14;0
15;0
16;0
17;0
18;2
19;0
20;0
21;2
22;1
23;0
24;1
25;1
26;2
27;1
28;0
29;2
30;0
31;0
32;0
33;0
34;0
35;0
36;0
37;0
38;2
39;0
40;1
41;1
42;0
43;0
44;2
45;0
46;0
47;0
48;0
49;0
50;0
51;0
52;0
53;0
54;0
55;0
56;0
57;0
58;1
59;2
60;1
61;0
62;0
63;0
64;0
65;0
66;0
67;0
68;0
69;0
70;0
71;0
72;1
73;0
74;0
75;0
76;0
77;0
78;0
79;0
80;2
81;0
82;2
83;0
84;1
85;2
86;0
87;0
88;1
89;2
90;2
91;2
92;2
93;0
94;0
95;0
96;2
97;0
98;0
99;0
100;1
101;0
102;0
103;0
104;0
105;0
106;0
107;0
108;0
109;0
110;0
111;0
112;0
113;0
114;0
115;0
116;0
117;2
118;1
119;2
120;1
121;0
122;1
123;0
124;0
125;0
126;0
127;0
128;2
129;0
130;2
131;0
132;2
133;0
134;0
135;0
136;0
137;2
138;2
139;2
140;1
141;0
142;0
143;0
144;0
145;0
146;0
147;0
148;0
149;0
150;0
151;0
152;2
153;2
154;1
155;0
156;0
157;1
158;0
159;0
160;2
161;0
162;0
163;0
164;1
165;0
166;0
167;0
168;0
169;0
170;1
171;0
172;2
173;1
174;0
175;0
176;1
177;0
178;0
179;0
180;0
181;0
182;0
183;2
184;2
185;0
186;2
187;1
188;0
189;0
190;0
191;0
192;2
193;0
194;0
195;0
196;0
197;0
198;2
199;2
200;2
201;1
202;2
203;0
204;0
205;0
206;0
207;0
208;0
209;0
210;0
211;0
212;0
213;0
214;2
215;2
216;1
217;0
218;0
219;0
220;0
221;2
222;2
223;2
224;2
225;0
226;1
227;0
228;0
229;0
230;1
231;0
232;0
233;2
234;2
235;0
236;0
237;2
238;0
239;0
240;1
241;0
242;0
243;2
244;1
245;0
246;0
247;0
248;1
249;0
250;2
251;2
252;0
253;0
254;0
255;0
256;1
257;0
258;2
259;1
260;0
261;0
262;0
263;2
264;4
265;0
266;2
267;0
268;2
269;0
270;0
271;0
272;2
273;2
274;2
275;2
276;1
277;0
278;0
279;2
280;1
281;0
282;0
283;0
284;0
285;0
286;0
287;0
288;0
289;0
290;0
291;0
292;0
293;0
294;0
295;0
296;0
297;0
298;2
299;2
300;2
301;0
302;0
303;0
304;0
305;0
306;2
307;2
308;2
309;0
310;2
311;0
312;1
313;0
314;0
315;0
316;0
317;0
318;1
319;0
320;0
321;0
322;0
323;0
324;0
325;0
326;0
327;0
328;1
329;0
330;0
331;1
332;0
333;0
334;0
335;0
336;0
337;0
338;0
339;0
340;2
341;0
342;0
343;0
344;0
345;1
346;0
347;0
348;0
349;0
350;0
351;2
352;2
353;1
354;0
355;0
356;0
357;0
358;0
359;0
360;0
361;0
362;0
363;0
364;2
365;0
366;2
367;0
368;2
369;2
370;0
371;2
372;0
373;0
374;2
375;2
376;1
377;0
378;0
379;2
380;2
381;0
382;0
383;2
384;2
385;0
386;2
387;0
388;0
389;0
390;0
391;0
392;0
393;1
394;0
395;0
396;0
397;0
398;0
399;0
400;0
401;1
402;0
403;0
404;2
405;0
406;0
407;0
408;0
409;0
410;0
411;0
412;2
413;2
414;1
415;2
416;2
417;0
418;0
419;0
420;1
421;0
422;0
423;0
424;0
425;0
426;0
427;2
428;2
429;0
430;0
431;2
432;2
433;0
434;0
435;0
436;2
437;0
438;0
439;2
440;2
441;2
442;0
443;0
444;0
445;0
446;2
447;0
448;2
449;0
450;1
451;0
452;1
453;2
454;0
455;0
456;0
457;0
458;2
459;1
460;0
461;0
462;2
463;0
464;2
465;0
466;0
467;2
468;1
469;0
470;0
471;0
472;0
473;0
474;1
475;0
476;2
477;0
478;0
479;0
480;0
481;0
482;2
483;1
484;0
485;0
486;2
487;0
488;1
489;0
490;0
491;0
492;2
493;2
494;2
495;2
496;2
497;0
498;0
499;1
500;0
501;2
502;0
503;0
504;0
505;0
506;1
507;0
508;1
509;0
510;0
511;1
512;0
513;0
514;0
515;0
516;0
517;1
518;0
519;2
520;2
521;2
522;0
523;2
524;0
525;0
526;2
527;1
528;0
529;0
530;0
531;0
532;0
533;0
534;0
535;2
536;0
537;0
538;0
539;1
540;0
541;0
542;0
543;0
544;2
545;2
546;2
547;2
548;2
549;2
550;2
551;0
552;2
553;0
554;0
555;1
556;0
557;0
558;0
559;1
560;1
561;0
562;0
563;0
564;1
565;0
566;0
567;0
568;4
569;0
570;2
571;1
572;2
573;0
574;2
575;0
576;2
577;1
578;0
579;2
580;0
581;0
582;0
583;0
584;0
585;0
586;0
587;0
588;1
589;0
590;2
591;1
592;0
593;2
594;2
595;0
596;0
597;0
598;2
599;0
600;1
601;0
602;0
603;0
604;2
605;0
606;2
607;0
608;1
609;0
610;0
611;2
612;2
613;0
614;0
615;0
616;2
617;2
618;1
619;0
620;1
621;2
622;0
623;0
624;2
625;0
626;1
627;2
628;2
629;0
630;0
631;0
632;2
633;0
634;2
635;1
636;0
637;0
638;0
639;1
640;2
641;0
642;2
643;2
644;0
645;0
646;0
647;0
648;2
649;0
650;0
651;0
652;0
653;2
654;1
655;0
656;0
657;2
658;0
659;0
660;0
661;1
662;0
663;0
664;1
665;2
666;2
667;1
668;1
669;0
670;0
671;0
672;4
673;0
674;2
675;2
676;2
677;0
678;0
679;0
680;2
681;0
682;0
683;0
684;0
685;0
686;0
687;0
688;0
689;0
690;1
691;0
692;0
693;0
694;0
695;0
696;0
697;0
698;0
699;0
700;1
701;0
702;0
703;0
704;0
705;0
706;0
707;1
708;0
709;0
710;0
711;0
712;0
713;0
714;0
715;1
716;0
717;0
718;0
719;2
720;4
721;0
722;2
723;2
724;2
725;0
726;0
727;0
728;2
729;0
730;0
731;0
732;0
733;0
734;0
735;2
736;0
737;1
738;0
739;0
740;1
741;0
742;0
743;0
744;0
745;0
746;2
747;2
748;2
749;0
750;2
751;0
752;2
753;2
754;0
755;0
756;0
757;0
758;0
759;0
760;2
761;0
762;0
763;0
764;0
765;0
766;1
767;0
768;0
769;0
770;0
771;1
772;0
773;0
774;2
775;2
776;1
777;0
778;0
779;2
780;4
781;0
782;2
783;1
784;0
785;0
786;0
787;0
788;2
789;2
790;0
791;0
792;1
793;2
794;0
795;0
796;2
797;1
798;1
799;0
800;0
801;2
802;2
803;2
804;2
805;0
806;0
807;0
808;2
809;0
810;0
811;0
812;1
813;0
814;0
815;0
816;0
817;0
818;0
819;0
820;0
821;2
822;2
823;0
824;1
825;0
826;0
827;0
828;0
829;2
830;2
831;2
832;0
833;0
834;0
835;0
836;2
837;0
838;0
839;0
840;2
841;0
842;0
843;0
844;0
845;1
846;0
847;0
848;2
849;2
850;0
851;1
852;0
853;2
854;2
855;1
856;0
857;0
858;0
859;0
860;2
861;0
862;2
863;2
864;0
865;2
866;2
867;0
868;0
869;0
870;0
871;0
872;0
873;2
874;0
875;0
876;0
877;0
878;0
879;0
880;1
881;0
882;0
883;0
884;1
885;0
886;0
887;0
888;2
889;0
890;0
891;0
892;0
893;0
894;0
895;0
896;0
897;0
898;0
899;2
900;2
901;0
902;1
903;2
904;2
905;0
906;0
907;0
908;2
909;2
910;2
911;0
912;1
913;0
914;0
915;0
916;0
917;0
918;0
919;0
920;0
921;2
922;0
923;0
924;0
925;0
926;1
927;2
928;0
929;0
930;2
931;2
932;2
933;0
934;0
935;0
936;2
937;0
938;2
939;1
940;0
941;0
942;0
943;0
944;1
945;0
946;0
947;2
948;1
949;0
950;1
951;0
952;1
953;0
954;0
955;0
956;2
957;2
958;0
959;0
960;2
961;0
962;0
963;1
964;0
965;1
966;0
967;2
968;1
969;0
970;2
971;2
972;0
973;0
974;0
975;2
976;2
977;0
978;2
979;2
980;2
981;0
982;2
983;0
984;2
985;0
986;0
987;0
988;2
989;0
990;2
991;0
992;0
993;0
994;0
995;0
996;0
997;0
998;0
999;0
1000;0
1001;2
1002;0
1003;0
1004;1
1005;0
1006;0
1007;0
1008;2
1009;0
1010;2
1011;0
1012;0
1013;0
1014;0
1015;1
1016;0
1017;0
1018;0
1019;0
1020;0
1021;0
1022;0
1023;0
