0;1
1;0
2;0
3;2
4;4
5;2
6;2
7;2
8;2
9;0
10;2
11;0
12;1
13;0
14;1
15;0
16;0
17;0
18;2
19;0
20;0
21;2
22;0
23;1
24;0
25;0
26;0
27;0
28;2
29;0
30;1
31;2
32;2
33;2
34;2
35;0
36;2
37;0
38;1
39;0
40;1
41;0
42;1
43;0
44;2
45;0
46;0
47;1
48;0
49;2
50;0
51;0
52;2
53;0
54;0
55;0
56;0
57;1
58;0
59;0
60;1
61;0
62;0
63;2
64;0
65;0
66;0
67;0
68;1
69;0
70;0
71;0
72;0
73;0
74;2
75;0
76;2
77;0
78;2
79;2
80;2
81;0
82;0
83;2
84;0
85;0
86;0
87;2
88;1
89;0
90;0
91;2
92;2
93;1
94;0
95;1
96;0
97;0
98;0
99;0
100;0
101;0
102;1
103;0
104;1
105;0
106;0
107;2
108;4
109;0
110;2
111;2
112;2
113;0
114;0
115;0
116;2
117;2
118;2
119;0
120;2
121;0
122;0
123;0
124;0
125;0
126;0
127;2
128;0
129;0
130;0
131;0
132;0
133;0
134;1
135;0
136;1
137;0
138;0
139;1
140;2
141;0
142;0
143;0
144;0
145;0
146;2
147;2
148;1
149;0
150;0
151;1
152;1
153;0
154;2
155;2
156;2
157;0
158;0
159;0
160;2
161;0
162;2
163;0
164;0
165;0
166;0
167;0
168;0
169;1
170;1
171;1
172;0
173;0
174;2
175;0
176;2
177;0
178;0
179;1
180;0
181;0
182;0
183;1
184;0
185;0
186;0
187;0
188;1
189;0
190;0
191;0
192;0
193;0
194;0
195;2
196;2
197;0
198;0
199;1
200;0
201;2
202;2
203;0
204;2
205;0
206;0
207;2
208;1
209;0
210;0
211;0
212;0
213;1
214;1
215;0
216;1
217;0
218;0
219;0
220;2
221;0
222;0
223;2
224;0
225;0
226;2
227;0
228;0
229;0
230;0
231;0
232;0
233;0
234;0
235;0
236;1
237;0
238;2
239;0
240;0
241;0
242;0
243;0
244;4
245;0
246;2
247;2
248;2
249;0
250;0
251;0
252;2
253;0
254;0
255;0
256;0
257;1
258;0
259;0
260;0
261;1
262;0
263;1
264;0
265;0
266;1
267;0
268;0
269;0
270;0
271;1
272;0
273;0
274;2
275;2
276;2
277;0
278;0
279;2
280;0
281;0
282;2
283;0
284;0
285;0
286;0
287;0
288;0
289;2
290;2
291;0
292;2
293;2
294;0
295;2
296;2
297;0
298;0
299;0
300;0
301;2
302;0
303;0
304;0
305;0
306;0
307;0
308;2
309;0
310;0
311;0
312;0
313;0
314;0
315;0
316;1
317;0
318;0
319;1
320;0
321;1
322;0
323;0
324;0
325;1
326;0
327;1
328;0
329;0
330;0
331;0
332;1
333;0
334;2
335;1
336;0
337;2
338;0
339;0
340;0
341;0
342;2
343;2
344;1
345;1
346;0
347;2
348;2
349;2
350;2
351;0
352;2
353;2
354;2
355;2
356;1
357;0
358;0
359;0
360;2
361;1
362;1
363;0
364;2
365;0
366;0
367;0
368;0
369;0
370;0
371;2
372;0
373;1
374;0
375;2
376;2
377;2
378;2
379;1
380;2
381;1
382;0
383;1
384;0
385;2
386;0
387;2
388;0
389;0
390;0
391;1
392;0
393;0
394;2
395;0
396;0
397;0
398;0
399;0
400;2
401;0
402;0
403;0
404;0
405;0
406;1
407;0
408;0
409;0
410;0
411;0
412;0
413;0
414;1
415;0
416;2
417;2
418;0
419;0
420;2
421;0
422;2
423;0
424;0
425;0
426;0
427;1
428;0
429;0
430;2
431;0
432;2
433;1
434;0
435;2
436;1
437;1
438;0
439;0
440;2
441;1
442;0
443;0
444;2
445;0
446;0
447;2
448;1
449;0
450;0
451;0
452;0
453;0
454;1
455;1
456;0
457;0
458;0
459;0
460;0
461;0
462;2
463;0
464;0
465;2
466;0
467;0
468;1
469;1
470;0
471;2
472;0
473;0
474;0
475;1
476;0
477;0
478;0
479;2
480;2
481;1
482;0
483;1
484;0
485;0
486;0
487;0
488;0
489;0
490;2
491;1
492;0
493;0
494;0
495;0
496;2
497;0
498;0
499;0
500;1
501;0
502;0
503;0
504;1
505;1
506;0
507;0
508;0
509;0
510;2
511;2
512;1
513;0
514;0
515;2
516;2
517;0
518;2
519;2
520;2
521;0
522;2
523;0
524;0
525;0
526;1
527;0
528;2
529;0
530;0
531;0
532;0
533;0
534;0
535;2
536;2
537;2
538;1
539;0
540;1
541;0
542;0
543;0
544;0
545;2
546;2
547;0
548;0
549;0
550;2
551;2
552;0
553;0
554;0
555;1
556;0
557;0
558;0
559;0
560;1
561;0
562;0
563;0
564;0
565;0
566;1
567;1
568;0
569;1
570;0
571;0
572;1
573;0
574;0
575;0
576;0
577;1
578;0
579;2
580;2
581;2
582;2
583;2
584;0
585;1
586;0
587;1
588;0
589;0
590;0
591;1
592;2
593;1
594;0
595;1
596;0
597;0
598;0
599;0
600;0
601;0
602;0
603;0
604;2
605;2
606;0
607;0
608;1
609;0
610;2
611;2
612;0
613;0
614;0
615;0
616;0
617;0
618;1
619;2
620;1
621;0
622;0
623;0
624;4
625;0
626;2
627;2
628;2
629;0
630;0
631;0
632;1
633;0
634;0
635;0
636;2
637;2
638;0
639;1
640;0
641;0
642;0
643;0
644;2
645;2
646;0
647;0
648;0
649;0
650;2
651;1
652;0
653;0
654;0
655;0
656;0
657;0
658;1
659;0
660;2
661;2
662;0
663;0
664;1
665;0
666;1
667;0
668;1
669;2
670;0
671;0
672;0
673;0
674;0
675;0
676;0
677;0
678;0
679;0
680;0
681;0
682;0
683;0
684;0
685;0
686;0
687;0
688;0
689;1
690;0
691;2
692;1
693;0
694;0
695;0
696;0
697;0
698;0
699;2
700;0
701;0
702;2
703;2
704;0
705;0
706;0
707;0
708;0
709;0
710;0
711;2
712;1
713;0
714;2
715;2
716;0
717;0
718;0
719;2
720;4
721;0
722;2
723;1
724;0
725;0
726;2
727;0
728;1
729;2
730;1
731;0
732;0
733;0
734;0
735;2
736;0
737;1
738;0
739;1
740;0
741;0
742;0
743;0
744;0
745;0
746;0
747;0
748;0
749;0
750;0
751;0
752;0
753;0
754;0
755;0
756;0
757;0
758;0
759;0
760;0
761;2
762;0
763;0
764;0
765;2
766;1
767;0
768;0
769;0
770;0
771;0
772;2
773;0
774;0
775;0
776;1
777;0
778;0
779;0
780;1
781;0
782;0
783;0
784;2
785;0
786;2
787;2
788;0
789;2
790;0
791;0
792;1
793;0
794;0
795;0
796;0
797;2
798;0
799;2
800;0
801;0
802;0
803;0
804;0
805;2
806;2
807;2
808;0
809;0
810;1
811;0
812;1
813;0
814;0
815;0
816;0
817;0
818;0
819;0
820;0
821;0
822;0
823;1
824;0
825;0
826;0
827;0
828;0
829;0
830;0
831;1
832;0
833;0
834;1
835;0
836;0
837;1
838;1
839;0
840;2
841;1
842;0
843;2
844;1
845;0
846;0
847;0
848;2
849;0
850;0
851;0
852;0
853;0
854;0
855;0
856;2
857;2
858;2
859;2
860;2
861;0
862;0
863;0
864;0
865;2
866;1
867;2
868;1
869;0
870;0
871;2
872;2
873;0
874;0
875;1
876;0
877;1
878;0
879;1
880;0
881;0
882;0
883;1
884;0
885;0
886;0
887;0
888;0
889;0
890;1
891;1
892;0
893;0
894;2
895;0
896;1
897;1
898;0
899;1
900;0
901;0
902;0
903;0
904;0
905;1
906;1
907;0
908;0
909;2
910;0
911;0
912;2
913;2
914;0
915;2
916;0
917;0
918;2
919;0
920;1
921;1
922;1
923;1
924;0
925;0
926;0
927;2
928;0
929;0
930;0
931;0
932;1
933;0
934;0
935;2
936;4
937;0
938;2
939;2
940;2
941;0
942;2
943;0
944;2
945;0
946;2
947;0
948;0
949;0
950;0
951;0
952;0
953;2
954;0
955;0
956;2
957;0
958;2
959;0
960;2
961;0
962;1
963;0
964;1
965;0
966;0
967;1
968;0
969;2
970;1
971;2
972;2
973;0
974;0
975;1
976;0
977;0
978;2
979;2
980;2
981;0
982;0
983;0
984;2
985;0
986;0
987;0
988;4
989;0
990;0
991;1
992;0
993;1
994;0
995;0
996;2
997;2
998;0
999;2
1000;2
1001;1
1002;0
1003;2
1004;1
1005;0
1006;0
1007;0
1008;0
1009;0
1010;2
1011;2
1012;1
1013;0
1014;0
1015;0
1016;0
1017;0
1018;0
1019;0
1020;0
1021;0
1022;0
1023;0
