0;0
1;0
2;0
3;2
4;4
5;2
6;2
7;2
8;2
9;0
10;2
11;1
12;1
13;0
14;1
15;0
16;0
17;0
18;2
19;1
20;0
21;0
22;2
23;2
24;4
25;0
26;2
27;1
28;0
29;0
30;2
31;0
32;1
33;0
34;2
35;0
36;0
37;0
38;1
39;2
40;0
41;0
42;0
43;0
44;0
45;0
46;0
47;0
48;0
49;0
50;0
51;1
52;0
53;2
54;2
55;0
56;2
57;1
58;0
59;0
60;1
61;0
62;1
63;0
64;2
65;0
66;0
67;1
68;0
69;2
70;0
71;0
72;2
73;0
74;0
75;0
76;0
77;0
78;0
79;0
80;1
81;1
82;0
83;2
84;0
85;2
86;0
87;0
88;0
89;0
90;0
91;0
92;0
93;2
94;0
95;2
96;0
97;0
98;2
99;2
100;2
101;0
102;0
103;0
104;0
105;0
106;0
107;0
108;0
109;0
110;1
111;2
112;0
113;0
114;0
115;2
116;2
117;0
118;2
119;2
120;0
121;0
122;0
123;1
124;0
125;1
126;0
127;1
128;0
129;0
130;2
131;0
132;0
133;2
134;2
135;2
136;2
137;2
138;0
139;0
140;0
141;0
142;2
143;2
144;2
145;0
146;2
147;0
148;0
149;0
150;0
151;2
152;1
153;0
154;0
155;2
156;0
157;0
158;0
159;0
160;0
161;0
162;2
163;0
164;2
165;0
166;0
167;0
168;0
169;0
170;0
171;0
172;2
173;0
174;0
175;0
176;0
177;0
178;2
179;0
180;0
181;0
182;0
183;0
184;2
185;0
186;0
187;0
188;0
189;0
190;0
191;2
192;1
193;1
194;0
195;1
196;0
197;2
198;2
199;0
200;0
201;0
202;0
203;0
204;0
205;0
206;0
207;0
208;0
209;0
210;1
211;0
212;1
213;0
214;1
215;0
216;2
217;0
218;0
219;0
220;0
221;0
222;2
223;0
224;1
225;1
226;2
227;0
228;0
229;0
230;0
231;0
232;0
233;2
234;0
235;0
236;0
237;0
238;0
239;0
240;0
241;0
242;0
243;0
244;1
245;0
246;0
247;1
248;0
249;0
250;0
251;0
252;1
253;1
254;1
255;0
256;0
257;0
258;2
259;0
260;0
261;0
262;1
263;0
264;0
265;0
266;0
267;0
268;4
269;1
270;2
271;0
272;0
273;1
274;0
275;2
276;2
277;0
278;0
279;1
280;0
281;0
282;2
283;0
284;0
285;0
286;0
287;0
288;2
289;0
290;2
291;0
292;0
293;0
294;0
295;0
296;0
297;0
298;0
299;1
300;0
301;1
302;0
303;2
304;0
305;0
306;0
307;1
308;0
309;0
310;0
311;0
312;2
313;2
314;2
315;1
316;0
317;0
318;0
319;0
320;2
321;0
322;0
323;1
324;0
325;1
326;0
327;0
328;4
329;0
330;2
331;2
332;0
333;2
334;2
335;2
336;1
337;0
338;0
339;0
340;0
341;0
342;1
343;0
344;0
345;0
346;0
347;2
348;4
349;0
350;1
351;1
352;0
353;0
354;0
355;0
356;2
357;0
358;0
359;0
360;0
361;0
362;2
363;0
364;0
365;0
366;0
367;2
368;0
369;1
370;0
371;2
372;0
373;0
374;2
375;2
376;2
377;0
378;0
379;2
380;0
381;0
382;0
383;0
384;0
385;0
386;0
387;1
388;0
389;0
390;2
391;2
392;0
393;2
394;0
395;0
396;0
397;0
398;0
399;0
400;1
401;0
402;1
403;0
404;0
405;0
406;2
407;2
408;0
409;0
410;1
411;0
412;2
413;0
414;0
415;0
416;2
417;0
418;0
419;0
420;2
421;0
422;0
423;0
424;0
425;0
426;2
427;2
428;1
429;1
430;0
431;0
432;0
433;0
434;0
435;2
436;1
437;0
438;0
439;2
440;0
441;0
442;0
443;1
444;0
445;0
446;0
447;0
448;0
449;2
450;0
451;1
452;0
453;0
454;0
455;1
456;0
457;0
458;0
459;0
460;0
461;0
462;0
463;0
464;0
465;2
466;0
467;2
468;0
469;0
470;0
471;0
472;0
473;0
474;0
475;2
476;2
477;0
478;0
479;1
480;0
481;0
482;0
483;2
484;0
485;0
486;0
487;2
488;1
489;1
490;0
491;0
492;0
493;0
494;0
495;0
496;1
497;0
498;0
499;0
500;1
501;1
502;1
503;0
504;2
505;0
506;0
507;0
508;0
509;0
510;0
511;0
512;0
513;2
514;2
515;2
516;2
517;2
518;0
519;0
520;0
521;0
522;2
523;0
524;0
525;0
526;0
527;2
528;0
529;0
530;0
531;0
532;0
533;0
534;0
535;0
536;1
537;0
538;0
539;0
540;0
541;0
542;0
543;2
544;0
545;0
546;0
547;2
548;2
549;0
550;2
551;0
552;0
553;2
554;1
555;0
556;0
557;2
558;2
559;0
560;0
561;1
562;0
563;1
564;0
565;1
566;0
567;0
568;0
569;0
570;0
571;1
572;0
573;0
574;0
575;0
576;0
577;0
578;0
579;2
580;2
581;2
582;0
583;0
584;1
585;0
586;1
587;0
588;0
589;0
590;0
591;0
592;1
593;0
594;2
595;0
596;1
597;0
598;0
599;0
600;2
601;0
602;0
603;0
604;2
605;0
606;0
607;0
608;2
609;0
610;0
611;0
612;2
613;1
614;0
615;0
616;0
617;0
618;0
619;1
620;0
621;1
622;1
623;0
624;0
625;2
626;0
627;0
628;2
629;0
630;1
631;0
632;1
633;1
634;0
635;2
636;0
637;1
638;0
639;0
640;0
641;0
642;0
643;0
644;0
645;0
646;0
647;2
648;0
649;0
650;0
651;2
652;0
653;0
654;0
655;0
656;0
657;0
658;0
659;0
660;1
661;0
662;2
663;2
664;2
665;0
666;0
667;0
668;2
669;2
670;2
671;2
672;2
673;0
674;2
675;0
676;0
677;2
678;1
679;0
680;1
681;0
682;0
683;0
684;0
685;2
686;0
687;0
688;0
689;2
690;2
691;0
692;2
693;0
694;0
695;1
696;0
697;0
698;0
699;0
700;0
701;0
702;0
703;1
704;0
705;0
706;0
707;2
708;0
709;0
710;0
711;0
712;1
713;0
714;0
715;0
716;1
717;0
718;0
719;0
720;0
721;0
722;0
723;0
724;0
725;2
726;0
727;0
728;0
729;0
730;2
731;0
732;2
733;0
734;0
735;2
736;0
737;0
738;0
739;1
740;0
741;0
742;0
743;0
744;0
745;0
746;2
747;0
748;0
749;0
750;2
751;1
752;0
753;0
754;0
755;0
756;1
757;0
758;0
759;0
760;0
761;2
762;0
763;0
764;0
765;1
766;0
767;0
768;0
769;0
770;1
771;2
772;0
773;0
774;1
775;0
776;0
777;0
778;2
779;0
780;0
781;0
782;1
783;0
784;2
785;0
786;0
787;0
788;0
789;0
790;1
791;0
792;0
793;0
794;0
795;0
796;0
797;0
798;0
799;0
800;0
801;1
802;0
803;0
804;0
805;0
806;2
807;0
808;1
809;1
810;0
811;0
812;2
813;0
814;0
815;0
816;0
817;0
818;1
819;0
820;2
821;1
822;0
823;1
824;0
825;0
826;0
827;0
828;0
829;1
830;0
831;1
832;0
833;0
834;1
835;2
836;1
837;0
838;0
839;0
840;0
841;0
842;0
843;0
844;0
845;0
846;0
847;1
848;0
849;0
850;1
851;0
852;0
853;2
854;2
855;0
856;2
857;0
858;0
859;2
860;1
861;1
862;0
863;0
864;0
865;0
866;0
867;0
868;0
869;0
870;2
871;2
872;2
873;0
874;0
875;0
876;1
877;0
878;0
879;2
880;0
881;0
882;2
883;0
884;1
885;1
886;0
887;1
888;0
889;2
890;2
891;2
892;0
893;1
894;0
895;1
896;0
897;0
898;0
899;0
900;2
901;2
902;0
903;0
904;0
905;0
906;0
907;2
908;2
909;0
910;0
911;1
912;0
913;0
914;0
915;0
916;2
917;0
918;0
919;1
920;0
921;1
922;0
923;0
924;2
925;2
926;0
927;0
928;0
929;2
930;2
931;2
932;1
933;0
934;0
935;0
936;0
937;0
938;0
939;0
940;0
941;0
942;0
943;1
944;0
945;1
946;0
947;0
948;2
949;2
950;2
951;0
952;1
953;0
954;0
955;1
956;0
957;0
958;0
959;0
960;0
961;2
962;1
963;0
964;2
965;0
966;1
967;0
968;1
969;0
970;0
971;2
972;4
973;2
974;2
975;2
976;2
977;0
978;2
979;0
980;2
981;0
982;0
983;0
984;0
985;0
986;0
987;1
988;1
989;0
990;2
991;2
992;1
993;0
994;0
995;2
996;0
997;2
998;2
999;0
1000;2
1001;0
1002;1
1003;0
1004;0
1005;0
1006;0
1007;0
1008;2
1009;2
1010;2
1011;1
1012;0
1013;1
1014;0
1015;0
1016;0
1017;0
1018;0
1019;0
1020;0
1021;0
1022;0
1023;0
