0;0
1;0
2;0
3;2
4;1
5;0
6;2
7;2
8;0
9;0
10;0
11;0
12;2
13;0
14;0
15;0
16;0
17;2
18;2
19;2
20;1
21;0
22;2
23;2
24;1
25;1
26;2
27;2
28;2
29;0
30;2
31;2
32;0
33;0
34;0
35;0
36;0
37;0
38;2
39;0
40;0
41;0
42;0
43;0
44;2
45;0
46;0
47;0
48;0
49;0
50;0
51;1
52;0
53;0
54;0
55;0
56;0
57;1
58;0
59;2
60;1
61;0
62;1
63;0
64;0
65;2
66;2
67;0
68;0
69;0
70;0
71;1
72;0
73;0
74;0
75;1
76;0
77;0
78;0
79;0
80;0
81;0
82;2
83;0
84;1
85;0
86;0
87;0
88;0
89;0
90;2
91;0
92;0
93;0
94;0
95;0
96;0
97;0
98;0
99;0
100;0
101;0
102;1
103;0
104;0
105;0
106;0
107;0
108;0
109;2
110;0
111;0
112;0
113;0
114;0
115;0
116;1
117;0
118;0
119;0
120;0
121;1
122;1
123;0
124;2
125;2
126;0
127;0
128;2
129;0
130;2
131;0
132;2
133;0
134;0
135;0
136;0
137;2
138;2
139;2
140;1
141;0
142;0
143;0
144;0
145;0
146;0
147;0
148;2
149;0
150;2
151;0
152;0
153;0
154;1
155;0
156;0
157;0
158;0
159;2
160;0
161;0
162;1
163;0
164;1
165;0
166;0
167;2
168;0
169;0
170;2
171;2
172;2
173;0
174;2
175;0
176;2
177;0
178;0
179;0
180;0
181;0
182;0
183;0
184;0
185;0
186;0
187;2
188;0
189;2
190;2
191;1
192;1
193;1
194;0
195;2
196;0
197;1
198;0
199;2
200;1
201;0
202;0
203;1
204;0
205;2
206;1
207;0
208;0
209;2
210;2
211;0
212;0
213;0
214;0
215;0
216;0
217;0
218;0
219;0
220;0
221;0
222;0
223;2
224;1
225;0
226;0
227;0
228;1
229;2
230;2
231;1
232;0
233;1
234;0
235;2
236;0
237;0
238;0
239;0
240;0
241;2
242;2
243;1
244;0
245;2
246;0
247;2
248;0
249;0
250;2
251;1
252;0
253;2
254;0
255;0
256;2
257;2
258;2
259;1
260;0
261;0
262;0
263;2
264;0
265;0
266;0
267;2
268;1
269;0
270;0
271;0
272;2
273;1
274;0
275;0
276;2
277;0
278;0
279;0
280;1
281;0
282;2
283;2
284;0
285;0
286;0
287;2
288;2
289;0
290;2
291;2
292;0
293;0
294;0
295;0
296;2
297;0
298;0
299;0
300;0
301;0
302;0
303;0
304;0
305;0
306;0
307;0
308;0
309;0
310;0
311;0
312;0
313;1
314;1
315;0
316;0
317;0
318;0
319;0
320;1
321;0
322;0
323;0
324;1
325;0
326;0
327;1
328;1
329;2
330;0
331;0
332;2
333;0
334;0
335;0
336;0
337;0
338;0
339;0
340;0
341;0
342;0
343;0
344;0
345;0
346;2
347;1
348;1
349;0
350;2
351;0
352;1
353;0
354;0
355;0
356;0
357;0
358;0
359;0
360;2
361;0
362;0
363;0
364;2
365;0
366;2
367;0
368;0
369;0
370;0
371;0
372;0
373;0
374;0
375;0
376;0
377;1
378;0
379;0
380;0
381;0
382;2
383;0
384;2
385;2
386;0
387;0
388;1
389;0
390;0
391;2
392;2
393;0
394;2
395;2
396;0
397;0
398;2
399;0
400;0
401;0
402;0
403;0
404;0
405;1
406;0
407;0
408;1
409;0
410;0
411;0
412;0
413;1
414;0
415;0
416;0
417;0
418;2
419;0
420;2
421;0
422;1
423;0
424;2
425;1
426;1
427;0
428;2
429;0
430;0
431;0
432;2
433;0
434;0
435;0
436;0
437;2
438;0
439;0
440;0
441;0
442;0
443;1
444;0
445;0
446;2
447;0
448;0
449;0
450;0
451;1
452;1
453;0
454;0
455;0
456;0
457;0
458;2
459;0
460;0
461;0
462;0
463;0
464;0
465;2
466;2
467;2
468;2
469;0
470;0
471;0
472;0
473;0
474;0
475;0
476;2
477;2
478;2
479;0
480;1
481;0
482;0
483;1
484;0
485;0
486;0
487;0
488;0
489;0
490;0
491;0
492;0
493;0
494;2
495;2
496;1
497;0
498;0
499;0
500;2
501;0
502;0
503;2
504;1
505;0
506;2
507;2
508;2
509;0
510;2
511;2
512;2
513;2
514;0
515;0
516;2
517;0
518;0
519;0
520;0
521;0
522;0
523;2
524;0
525;0
526;0
527;0
528;0
529;2
530;0
531;0
532;0
533;0
534;0
535;1
536;0
537;0
538;0
539;0
540;0
541;2
542;0
543;0
544;0
545;0
546;2
547;0
548;0
549;2
550;0
551;0
552;0
553;2
554;0
555;0
556;1
557;0
558;2
559;0
560;0
561;2
562;0
563;1
564;0
565;2
566;0
567;0
568;0
569;0
570;0
571;0
572;1
573;0
574;2
575;0
576;0
577;1
578;0
579;2
580;0
581;1
582;0
583;0
584;2
585;0
586;0
587;0
588;2
589;0
590;1
591;2
592;0
593;0
594;0
595;0
596;0
597;0
598;0
599;1
600;0
601;2
602;2
603;0
604;1
605;0
606;0
607;2
608;2
609;0
610;0
611;0
612;2
613;0
614;1
615;0
616;0
617;0
618;2
619;0
620;2
621;2
622;1
623;0
624;0
625;0
626;2
627;2
628;0
629;1
630;2
631;0
632;0
633;0
634;0
635;1
636;0
637;0
638;0
639;2
640;2
641;1
642;0
643;0
644;1
645;0
646;0
647;0
648;0
649;0
650;2
651;1
652;0
653;2
654;0
655;0
656;1
657;0
658;0
659;0
660;0
661;0
662;0
663;2
664;0
665;0
666;0
667;0
668;0
669;0
670;0
671;0
672;0
673;1
674;0
675;0
676;0
677;0
678;0
679;0
680;1
681;0
682;0
683;0
684;0
685;0
686;0
687;0
688;0
689;0
690;0
691;0
692;0
693;0
694;0
695;0
696;0
697;0
698;1
699;0
700;2
701;0
702;1
703;0
704;1
705;0
706;2
707;2
708;0
709;0
710;0
711;0
712;0
713;0
714;0
715;2
716;0
717;0
718;2
719;0
720;0
721;0
722;0
723;0
724;1
725;0
726;1
727;0
728;0
729;0
730;0
731;0
732;0
733;0
734;0
735;0
736;0
737;0
738;0
739;0
740;0
741;0
742;0
743;0
744;0
745;2
746;2
747;2
748;2
749;2
750;0
751;0
752;0
753;0
754;0
755;0
756;2
757;1
758;1
759;0
760;0
761;2
762;0
763;2
764;0
765;1
766;0
767;0
768;0
769;0
770;0
771;0
772;1
773;0
774;0
775;0
776;2
777;2
778;0
779;0
780;0
781;2
782;1
783;0
784;1
785;0
786;0
787;0
788;0
789;2
790;1
791;0
792;2
793;0
794;2
795;1
796;0
797;0
798;0
799;0
800;0
801;0
802;0
803;0
804;0
805;1
806;1
807;1
808;0
809;1
810;0
811;0
812;1
813;0
814;2
815;1
816;2
817;1
818;2
819;0
820;2
821;0
822;2
823;2
824;0
825;0
826;2
827;2
828;1
829;0
830;0
831;0
832;0
833;0
834;1
835;0
836;2
837;2
838;0
839;0
840;0
841;0
842;0
843;0
844;0
845;0
846;0
847;0
848;2
849;0
850;0
851;0
852;0
853;1
854;0
855;0
856;0
857;2
858;2
859;2
860;2
861;0
862;0
863;0
864;0
865;0
866;0
867;0
868;0
869;1
870;0
871;0
872;0
873;0
874;0
875;0
876;0
877;0
878;2
879;2
880;2
881;0
882;0
883;0
884;2
885;0
886;0
887;2
888;2
889;0
890;0
891;0
892;0
893;0
894;1
895;0
896;2
897;1
898;0
899;0
900;1
901;0
902;0
903;0
904;0
905;0
906;2
907;0
908;1
909;0
910;0
911;1
912;0
913;0
914;0
915;0
916;1
917;0
918;2
919;2
920;1
921;0
922;0
923;2
924;2
925;0
926;2
927;1
928;0
929;0
930;0
931;0
932;1
933;0
934;0
935;0
936;2
937;0
938;0
939;0
940;0
941;0
942;0
943;0
944;0
945;0
946;2
947;2
948;1
949;0
950;0
951;2
952;2
953;0
954;2
955;1
956;0
957;0
958;2
959;0
960;2
961;0
962;0
963;0
964;0
965;0
966;0
967;0
968;0
969;0
970;0
971;0
972;1
973;0
974;0
975;0
976;2
977;1
978;0
979;2
980;0
981;2
982;0
983;0
984;0
985;0
986;2
987;0
988;0
989;0
990;1
991;0
992;2
993;0
994;2
995;0
996;2
997;0
998;2
999;1
1000;0
1001;0
1002;0
1003;0
1004;2
1005;0
1006;2
1007;0
1008;0
1009;2
1010;0
1011;0
1012;1
1013;0
1014;0
1015;0
1016;0
1017;0
1018;0
1019;0
1020;0
1021;0
1022;0
1023;0
