0;0
1;0
2;0
3;0
4;4
5;0
6;2
7;2
8;2
9;1
10;2
11;0
12;1
13;0
14;1
15;0
16;0
17;1
18;0
19;2
20;2
21;2
22;0
23;2
24;1
25;0
26;0
27;0
28;2
29;2
30;0
31;0
32;1
33;2
34;1
35;0
36;0
37;1
38;1
39;0
40;1
41;0
42;1
43;0
44;2
45;0
46;2
47;1
48;0
49;2
50;0
51;0
52;0
53;1
54;0
55;0
56;0
57;1
58;0
59;0
60;1
61;1
62;0
63;2
64;0
65;0
66;0
67;0
68;0
69;0
70;0
71;0
72;1
73;0
74;0
75;0
76;2
77;1
78;2
79;2
80;2
81;0
82;0
83;2
84;0
85;0
86;0
87;0
88;1
89;0
90;0
91;2
92;2
93;0
94;2
95;1
96;0
97;0
98;0
99;0
100;0
101;0
102;0
103;0
104;0
105;0
106;0
107;1
108;0
109;0
110;0
111;1
112;0
113;0
114;2
115;2
116;2
117;2
118;2
119;0
120;0
121;2
122;2
123;2
124;2
125;0
126;0
127;0
128;0
129;2
130;2
131;2
132;2
133;2
134;0
135;0
136;0
137;0
138;0
139;0
140;2
141;0
142;2
143;0
144;1
145;0
146;0
147;0
148;0
149;2
150;2
151;0
152;2
153;0
154;2
155;1
156;0
157;1
158;2
159;0
160;0
161;0
162;0
163;0
164;1
165;0
166;0
167;1
168;0
169;2
170;2
171;2
172;2
173;0
174;2
175;1
176;0
177;2
178;1
179;0
180;1
181;0
182;2
183;1
184;0
185;0
186;0
187;0
188;0
189;1
190;1
191;0
192;1
193;0
194;1
195;0
196;2
197;0
198;0
199;0
200;0
201;0
202;2
203;2
204;0
205;0
206;0
207;0
208;0
209;0
210;0
211;2
212;2
213;0
214;0
215;0
216;0
217;2
218;0
219;0
220;0
221;2
222;0
223;0
224;0
225;0
226;2
227;0
228;0
229;2
230;0
231;2
232;1
233;1
234;1
235;0
236;0
237;0
238;2
239;0
240;0
241;0
242;1
243;0
244;0
245;0
246;2
247;0
248;1
249;2
250;1
251;1
252;0
253;2
254;2
255;2
256;2
257;0
258;2
259;2
260;1
261;0
262;0
263;0
264;4
265;0
266;0
267;1
268;0
269;0
270;2
271;0
272;2
273;0
274;0
275;1
276;0
277;0
278;0
279;0
280;2
281;0
282;0
283;0
284;0
285;0
286;0
287;0
288;2
289;0
290;0
291;0
292;0
293;1
294;0
295;0
296;0
297;0
298;2
299;0
300;0
301;0
302;0
303;0
304;1
305;2
306;2
307;0
308;1
309;0
310;0
311;0
312;0
313;0
314;2
315;1
316;0
317;1
318;0
319;2
320;4
321;2
322;2
323;2
324;0
325;2
326;2
327;2
328;1
329;0
330;0
331;0
332;2
333;0
334;1
335;2
336;1
337;2
338;0
339;0
340;0
341;0
342;0
343;1
344;0
345;0
346;0
347;0
348;0
349;0
350;2
351;2
352;4
353;0
354;2
355;0
356;2
357;1
358;0
359;0
360;1
361;0
362;1
363;0
364;0
365;1
366;2
367;1
368;0
369;2
370;0
371;0
372;0
373;0
374;2
375;2
376;0
377;0
378;2
379;2
380;0
381;0
382;0
383;0
384;0
385;0
386;0
387;0
388;0
389;0
390;1
391;0
392;0
393;0
394;0
395;0
396;0
397;0
398;0
399;0
400;0
401;0
402;0
403;0
404;1
405;0
406;0
407;1
408;1
409;0
410;1
411;0
412;2
413;0
414;2
415;0
416;1
417;0
418;1
419;1
420;0
421;1
422;2
423;1
424;0
425;1
426;2
427;1
428;0
429;0
430;0
431;2
432;2
433;1
434;0
435;2
436;1
437;2
438;1
439;0
440;0
441;2
442;0
443;2
444;2
445;0
446;0
447;1
448;0
449;0
450;0
451;0
452;0
453;2
454;0
455;1
456;0
457;0
458;2
459;2
460;2
461;2
462;0
463;0
464;0
465;0
466;0
467;0
468;1
469;1
470;0
471;2
472;0
473;0
474;1
475;0
476;0
477;0
478;0
479;2
480;1
481;0
482;0
483;0
484;2
485;0
486;2
487;2
488;2
489;0
490;0
491;2
492;2
493;2
494;2
495;2
496;0
497;0
498;0
499;0
500;2
501;0
502;0
503;0
504;2
505;0
506;0
507;0
508;1
509;0
510;1
511;0
512;1
513;1
514;0
515;0
516;0
517;0
518;0
519;0
520;0
521;0
522;0
523;0
524;0
525;2
526;2
527;2
528;2
529;2
530;0
531;0
532;2
533;2
534;2
535;0
536;0
537;0
538;1
539;2
540;0
541;0
542;2
543;1
544;0
545;0
546;0
547;0
548;1
549;0
550;1
551;0
552;1
553;0
554;0
555;1
556;0
557;0
558;0
559;0
560;2
561;0
562;2
563;0
564;0
565;2
566;2
567;2
568;2
569;2
570;2
571;0
572;0
573;0
574;2
575;1
576;0
577;2
578;2
579;2
580;2
581;0
582;0
583;1
584;0
585;0
586;0
587;0
588;0
589;0
590;0
591;0
592;2
593;2
594;0
595;0
596;1
597;0
598;0
599;0
600;0
601;0
602;0
603;0
604;0
605;2
606;0
607;0
608;1
609;0
610;0
611;0
612;2
613;0
614;1
615;0
616;2
617;0
618;0
619;0
620;2
621;0
622;0
623;0
624;0
625;0
626;2
627;1
628;0
629;0
630;0
631;1
632;0
633;0
634;0
635;1
636;0
637;2
638;0
639;0
640;1
641;0
642;0
643;2
644;1
645;0
646;0
647;2
648;2
649;0
650;2
651;2
652;2
653;0
654;2
655;0
656;1
657;1
658;1
659;0
660;0
661;2
662;2
663;0
664;2
665;2
666;0
667;0
668;0
669;0
670;0
671;0
672;0
673;0
674;2
675;1
676;0
677;0
678;2
679;0
680;2
681;0
682;0
683;0
684;0
685;0
686;2
687;0
688;0
689;0
690;0
691;0
692;1
693;0
694;0
695;0
696;1
697;0
698;1
699;2
700;1
701;0
702;0
703;1
704;0
705;0
706;0
707;2
708;1
709;1
710;0
711;0
712;0
713;0
714;0
715;0
716;0
717;0
718;0
719;0
720;1
721;0
722;0
723;0
724;0
725;0
726;1
727;0
728;0
729;1
730;0
731;0
732;0
733;2
734;0
735;0
736;0
737;2
738;1
739;0
740;0
741;0
742;0
743;2
744;0
745;0
746;2
747;1
748;0
749;0
750;0
751;0
752;1
753;2
754;2
755;0
756;0
757;0
758;0
759;2
760;0
761;2
762;0
763;0
764;1
765;0
766;0
767;0
768;0
769;2
770;0
771;2
772;0
773;0
774;0
775;0
776;0
777;2
778;2
779;2
780;0
781;0
782;0
783;0
784;0
785;0
786;2
787;0
788;0
789;0
790;0
791;0
792;0
793;1
794;0
795;1
796;0
797;0
798;1
799;0
800;0
801;0
802;0
803;0
804;0
805;0
806;2
807;1
808;0
809;0
810;0
811;0
812;0
813;2
814;2
815;0
816;1
817;0
818;0
819;0
820;2
821;0
822;0
823;0
824;0
825;0
826;0
827;0
828;2
829;2
830;2
831;2
832;2
833;0
834;0
835;0
836;0
837;2
838;1
839;2
840;1
841;0
842;1
843;1
844;0
845;1
846;2
847;2
848;0
849;0
850;2
851;1
852;0
853;0
854;2
855;1
856;0
857;0
858;0
859;0
860;1
861;2
862;2
863;2
864;1
865;0
866;0
867;0
868;4
869;0
870;2
871;1
872;0
873;0
874;2
875;0
876;2
877;0
878;0
879;0
880;0
881;0
882;2
883;0
884;1
885;2
886;0
887;0
888;1
889;0
890;0
891;0
892;0
893;0
894;0
895;1
896;0
897;2
898;2
899;2
900;1
901;0
902;0
903;2
904;0
905;0
906;0
907;2
908;1
909;0
910;1
911;1
912;0
913;0
914;0
915;2
916;0
917;0
918;2
919;1
920;0
921;0
922;0
923;0
924;2
925;2
926;0
927;0
928;0
929;0
930;1
931;0
932;0
933;0
934;0
935;1
936;0
937;0
938;1
939;0
940;4
941;0
942;1
943;0
944;0
945;2
946;2
947;2
948;2
949;1
950;2
951;2
952;2
953;1
954;0
955;1
956;0
957;0
958;0
959;0
960;0
961;0
962;0
963;0
964;0
965;0
966;2
967;2
968;0
969;1
970;0
971;0
972;0
973;1
974;0
975;1
976;0
977;0
978;0
979;1
980;0
981;0
982;0
983;0
984;0
985;0
986;2
987;2
988;1
989;0
990;0
991;2
992;0
993;0
994;2
995;2
996;1
997;0
998;0
999;2
1000;4
1001;0
1002;2
1003;1
1004;0
1005;0
1006;2
1007;0
1008;2
1009;0
1010;0
1011;2
1012;0
1013;1
1014;0
1015;0
1016;0
1017;0
1018;0
1019;0
1020;0
1021;0
1022;0
1023;0
