0;1
1;0
2;0
3;2
4;4
5;0
6;2
7;2
8;2
9;0
10;2
11;0
12;2
13;0
14;0
15;0
16;0
17;2
18;2
19;1
20;1
21;0
22;0
23;0
24;1
25;0
26;0
27;0
28;4
29;0
30;2
31;1
32;0
33;0
34;2
35;0
36;2
37;0
38;1
39;0
40;0
41;1
42;2
43;0
44;2
45;0
46;0
47;0
48;0
49;0
50;1
51;0
52;1
53;0
54;0
55;2
56;1
57;0
58;2
59;2
60;2
61;0
62;4
63;0
64;1
65;0
66;0
67;0
68;1
69;0
70;1
71;0
72;2
73;0
74;1
75;0
76;0
77;0
78;0
79;0
80;0
81;0
82;0
83;1
84;0
85;0
86;0
87;0
88;1
89;0
90;0
91;0
92;0
93;0
94;1
95;0
96;2
97;0
98;2
99;2
100;1
101;0
102;0
103;0
104;0
105;0
106;0
107;0
108;2
109;0
110;2
111;1
112;1
113;2
114;0
115;0
116;0
117;2
118;2
119;2
120;2
121;0
122;1
123;0
124;2
125;0
126;1
127;0
128;0
129;0
130;0
131;0
132;0
133;0
134;0
135;0
136;0
137;2
138;0
139;0
140;0
141;0
142;0
143;0
144;0
145;0
146;1
147;0
148;0
149;1
150;1
151;0
152;0
153;0
154;0
155;0
156;2
157;0
158;2
159;0
160;2
161;0
162;0
163;0
164;0
165;2
166;2
167;2
168;1
169;0
170;0
171;0
172;0
173;1
174;0
175;1
176;0
177;0
178;2
179;0
180;0
181;0
182;1
183;0
184;0
185;0
186;2
187;0
188;0
189;0
190;0
191;0
192;0
193;0
194;0
195;0
196;0
197;0
198;0
199;0
200;0
201;0
202;0
203;0
204;0
205;0
206;1
207;2
208;1
209;0
210;0
211;2
212;2
213;0
214;0
215;2
216;1
217;0
218;0
219;0
220;1
221;0
222;0
223;0
224;0
225;2
226;2
227;2
228;0
229;0
230;2
231;2
232;0
233;0
234;0
235;0
236;0
237;0
238;0
239;0
240;0
241;0
242;0
243;2
244;1
245;0
246;0
247;0
248;0
249;2
250;2
251;2
252;0
253;0
254;1
255;0
256;0
257;0
258;0
259;0
260;0
261;2
262;2
263;2
264;0
265;2
266;2
267;2
268;0
269;2
270;2
271;2
272;2
273;0
274;0
275;0
276;1
277;0
278;2
279;0
280;0
281;0
282;0
283;0
284;2
285;2
286;1
287;0
288;1
289;0
290;0
291;0
292;0
293;1
294;0
295;0
296;2
297;0
298;0
299;0
300;0
301;0
302;1
303;0
304;0
305;0
306;0
307;0
308;2
309;2
310;1
311;0
312;0
313;0
314;0
315;0
316;0
317;0
318;0
319;0
320;2
321;0
322;0
323;0
324;0
325;0
326;0
327;0
328;0
329;1
330;1
331;0
332;0
333;0
334;0
335;0
336;0
337;0
338;0
339;0
340;2
341;0
342;0
343;1
344;1
345;0
346;0
347;0
348;2
349;2
350;1
351;0
352;1
353;0
354;0
355;0
356;2
357;0
358;1
359;0
360;0
361;0
362;0
363;2
364;2
365;0
366;2
367;0
368;2
369;0
370;0
371;0
372;0
373;0
374;1
375;1
376;2
377;0
378;0
379;0
380;2
381;2
382;2
383;2
384;1
385;0
386;0
387;0
388;1
389;0
390;2
391;2
392;1
393;0
394;0
395;2
396;1
397;0
398;2
399;2
400;2
401;0
402;2
403;0
404;2
405;0
406;0
407;0
408;2
409;0
410;1
411;0
412;0
413;1
414;0
415;2
416;0
417;1
418;0
419;2
420;0
421;2
422;0
423;0
424;0
425;1
426;0
427;2
428;2
429;0
430;0
431;0
432;0
433;0
434;1
435;0
436;0
437;2
438;1
439;0
440;0
441;0
442;2
443;2
444;2
445;2
446;2
447;0
448;0
449;0
450;2
451;0
452;2
453;0
454;0
455;0
456;1
457;1
458;0
459;0
460;0
461;0
462;2
463;2
464;1
465;0
466;2
467;0
468;0
469;0
470;0
471;2
472;0
473;0
474;0
475;0
476;0
477;0
478;0
479;0
480;0
481;1
482;0
483;0
484;0
485;2
486;1
487;0
488;2
489;0
490;0
491;0
492;0
493;1
494;0
495;0
496;2
497;2
498;2
499;2
500;2
501;0
502;0
503;1
504;0
505;2
506;0
507;0
508;0
509;0
510;1
511;0
512;0
513;0
514;0
515;1
516;0
517;0
518;0
519;0
520;0
521;0
522;1
523;0
524;2
525;0
526;0
527;0
528;0
529;0
530;0
531;0
532;0
533;0
534;0
535;0
536;0
537;0
538;1
539;0
540;0
541;0
542;0
543;0
544;0
545;0
546;2
547;0
548;2
549;2
550;0
551;2
552;0
553;2
554;2
555;0
556;2
557;0
558;1
559;1
560;0
561;2
562;0
563;1
564;1
565;0
566;0
567;0
568;0
569;1
570;0
571;0
572;1
573;0
574;0
575;0
576;2
577;1
578;0
579;2
580;0
581;2
582;1
583;0
584;0
585;0
586;0
587;0
588;1
589;0
590;0
591;2
592;0
593;0
594;0
595;0
596;0
597;0
598;1
599;0
600;0
601;0
602;2
603;0
604;2
605;0
606;0
607;2
608;1
609;0
610;0
611;0
612;0
613;0
614;0
615;2
616;2
617;0
618;2
619;2
620;2
621;0
622;2
623;0
624;0
625;0
626;0
627;0
628;0
629;2
630;0
631;0
632;0
633;2
634;2
635;2
636;2
637;0
638;0
639;1
640;1
641;0
642;0
643;1
644;0
645;0
646;0
647;1
648;2
649;2
650;2
651;2
652;2
653;0
654;0
655;0
656;1
657;0
658;0
659;0
660;0
661;0
662;1
663;0
664;0
665;2
666;0
667;0
668;2
669;2
670;1
671;0
672;0
673;0
674;0
675;0
676;2
677;0
678;0
679;0
680;2
681;0
682;0
683;0
684;0
685;2
686;2
687;2
688;0
689;0
690;2
691;0
692;1
693;0
694;0
695;0
696;1
697;0
698;0
699;0
700;0
701;0
702;0
703;0
704;0
705;0
706;0
707;0
708;0
709;0
710;2
711;2
712;2
713;2
714;1
715;0
716;0
717;0
718;0
719;2
720;1
721;1
722;0
723;0
724;0
725;0
726;0
727;0
728;1
729;2
730;0
731;0
732;0
733;0
734;0
735;0
736;0
737;1
738;0
739;2
740;4
741;0
742;2
743;1
744;2
745;0
746;2
747;0
748;1
749;0
750;0
751;1
752;0
753;0
754;0
755;2
756;2
757;2
758;0
759;0
760;0
761;0
762;0
763;0
764;0
765;1
766;1
767;0
768;0
769;0
770;0
771;2
772;2
773;0
774;1
775;0
776;0
777;0
778;0
779;0
780;0
781;0
782;2
783;1
784;0
785;2
786;0
787;0
788;0
789;0
790;0
791;2
792;1
793;0
794;0
795;2
796;1
797;0
798;2
799;1
800;2
801;0
802;2
803;0
804;2
805;0
806;2
807;0
808;0
809;2
810;0
811;0
812;2
813;0
814;1
815;0
816;2
817;0
818;0
819;0
820;1
821;1
822;0
823;1
824;1
825;0
826;2
827;2
828;2
829;0
830;2
831;2
832;1
833;0
834;2
835;0
836;2
837;0
838;2
839;2
840;0
841;0
842;2
843;0
844;0
845;0
846;0
847;0
848;0
849;0
850;0
851;0
852;2
853;0
854;1
855;0
856;0
857;0
858;0
859;0
860;0
861;0
862;0
863;0
864;0
865;0
866;0
867;0
868;0
869;0
870;0
871;0
872;0
873;0
874;2
875;2
876;1
877;0
878;1
879;0
880;0
881;0
882;0
883;2
884;2
885;0
886;1
887;2
888;2
889;0
890;0
891;0
892;2
893;0
894;1
895;0
896;0
897;0
898;0
899;0
900;0
901;0
902;0
903;2
904;0
905;0
906;2
907;2
908;2
909;2
910;0
911;0
912;2
913;0
914;2
915;1
916;0
917;0
918;1
919;0
920;0
921;0
922;1
923;0
924;2
925;2
926;1
927;0
928;1
929;0
930;0
931;0
932;1
933;0
934;1
935;0
936;0
937;0
938;0
939;0
940;0
941;2
942;1
943;0
944;2
945;0
946;2
947;0
948;0
949;0
950;1
951;0
952;1
953;0
954;2
955;2
956;1
957;1
958;0
959;0
960;0
961;0
962;0
963;0
964;2
965;0
966;2
967;0
968;0
969;1
970;0
971;2
972;0
973;0
974;0
975;0
976;0
977;0
978;0
979;0
980;0
981;1
982;0
983;0
984;0
985;0
986;0
987;0
988;0
989;0
990;2
991;2
992;0
993;0
994;0
995;2
996;2
997;0
998;2
999;2
1000;2
1001;0
1002;2
1003;0
1004;1
1005;0
1006;0
1007;0
1008;0
1009;2
1010;0
1011;0
1012;1
1013;0
1014;1
1015;0
1016;0
1017;0
1018;0
1019;0
1020;0
1021;0
1022;0
1023;0
