0;1
1;0
2;0
3;2
4;4
5;0
6;2
7;2
8;0
9;0
10;0
11;0
12;2
13;0
14;0
15;0
16;4
17;2
18;1
19;0
20;0
21;2
22;2
23;2
24;1
25;1
26;2
27;2
28;2
29;0
30;0
31;2
32;0
33;0
34;0
35;0
36;0
37;0
38;0
39;1
40;0
41;0
42;0
43;0
44;2
45;2
46;0
47;2
48;0
49;0
50;0
51;0
52;0
53;0
54;0
55;0
56;0
57;0
58;0
59;0
60;0
61;0
62;0
63;0
64;0
65;0
66;0
67;0
68;0
69;0
70;2
71;2
72;1
73;0
74;0
75;0
76;0
77;0
78;0
79;0
80;2
81;0
82;2
83;1
84;1
85;2
86;0
87;0
88;0
89;2
90;2
91;1
92;0
93;0
94;0
95;1
96;0
97;2
98;0
99;1
100;0
101;0
102;1
103;0
104;0
105;0
106;2
107;2
108;1
109;0
110;0
111;2
112;4
113;0
114;2
115;2
116;2
117;0
118;0
119;0
120;1
121;2
122;0
123;0
124;1
125;2
126;0
127;0
128;2
129;0
130;0
131;0
132;0
133;0
134;0
135;1
136;0
137;0
138;1
139;0
140;1
141;0
142;0
143;0
144;2
145;0
146;2
147;0
148;2
149;0
150;2
151;2
152;0
153;2
154;2
155;2
156;1
157;0
158;2
159;0
160;0
161;0
162;0
163;0
164;0
165;0
166;2
167;2
168;1
169;0
170;0
171;2
172;4
173;0
174;2
175;2
176;2
177;0
178;2
179;0
180;2
181;1
182;0
183;1
184;0
185;0
186;1
187;0
188;0
189;0
190;0
191;2
192;2
193;0
194;0
195;0
196;0
197;0
198;0
199;0
200;0
201;0
202;1
203;0
204;1
205;0
206;0
207;2
208;4
209;0
210;0
211;2
212;2
213;0
214;2
215;0
216;2
217;0
218;0
219;0
220;0
221;0
222;0
223;0
224;0
225;0
226;0
227;0
228;0
229;0
230;0
231;1
232;1
233;0
234;0
235;0
236;2
237;0
238;2
239;0
240;0
241;0
242;0
243;0
244;0
245;0
246;0
247;0
248;0
249;0
250;0
251;2
252;1
253;0
254;0
255;0
256;0
257;2
258;2
259;2
260;0
261;0
262;0
263;0
264;0
265;0
266;0
267;0
268;0
269;2
270;2
271;1
272;2
273;2
274;0
275;0
276;0
277;2
278;2
279;2
280;2
281;0
282;0
283;0
284;1
285;0
286;0
287;1
288;0
289;0
290;0
291;0
292;2
293;2
294;0
295;0
296;1
297;0
298;0
299;0
300;0
301;0
302;0
303;0
304;1
305;0
306;2
307;0
308;0
309;0
310;0
311;2
312;4
313;0
314;2
315;2
316;2
317;0
318;2
319;0
320;1
321;2
322;0
323;0
324;2
325;0
326;0
327;0
328;0
329;0
330;0
331;0
332;2
333;0
334;0
335;0
336;0
337;0
338;0
339;0
340;0
341;1
342;1
343;0
344;0
345;0
346;0
347;0
348;0
349;1
350;0
351;0
352;1
353;0
354;0
355;1
356;1
357;2
358;0
359;0
360;2
361;0
362;0
363;1
364;0
365;0
366;2
367;2
368;0
369;0
370;0
371;2
372;1
373;0
374;2
375;2
376;2
377;0
378;2
379;0
380;2
381;0
382;0
383;0
384;0
385;0
386;2
387;0
388;0
389;0
390;0
391;1
392;0
393;0
394;0
395;1
396;1
397;2
398;0
399;0
400;0
401;1
402;0
403;2
404;1
405;0
406;0
407;0
408;2
409;1
410;0
411;0
412;0
413;0
414;0
415;0
416;0
417;0
418;0
419;1
420;0
421;1
422;0
423;2
424;1
425;0
426;0
427;0
428;0
429;0
430;0
431;0
432;2
433;0
434;2
435;2
436;2
437;0
438;2
439;1
440;0
441;0
442;0
443;2
444;1
445;0
446;0
447;1
448;0
449;0
450;2
451;2
452;2
453;0
454;2
455;0
456;2
457;0
458;1
459;0
460;2
461;0
462;0
463;0
464;1
465;2
466;1
467;0
468;0
469;0
470;2
471;2
472;1
473;0
474;1
475;0
476;0
477;0
478;0
479;0
480;1
481;0
482;2
483;2
484;2
485;0
486;0
487;0
488;0
489;0
490;0
491;2
492;0
493;1
494;0
495;0
496;2
497;0
498;0
499;2
500;0
501;0
502;0
503;2
504;2
505;0
506;0
507;0
508;0
509;1
510;0
511;1
512;0
513;0
514;0
515;1
516;0
517;0
518;0
519;0
520;2
521;2
522;1
523;0
524;1
525;0
526;0
527;1
528;0
529;1
530;0
531;0
532;0
533;2
534;0
535;0
536;0
537;0
538;0
539;1
540;0
541;0
542;0
543;1
544;0
545;2
546;2
547;2
548;1
549;0
550;1
551;0
552;0
553;2
554;0
555;0
556;0
557;0
558;0
559;0
560;0
561;0
562;0
563;2
564;1
565;0
566;0
567;2
568;4
569;0
570;2
571;2
572;2
573;0
574;2
575;0
576;1
577;1
578;0
579;2
580;1
581;0
582;0
583;2
584;2
585;0
586;1
587;0
588;2
589;1
590;0
591;0
592;2
593;2
594;2
595;0
596;1
597;0
598;2
599;2
600;1
601;0
602;0
603;2
604;1
605;2
606;2
607;2
608;2
609;0
610;0
611;0
612;1
613;0
614;0
615;2
616;0
617;0
618;0
619;0
620;0
621;0
622;2
623;0
624;1
625;0
626;2
627;2
628;0
629;1
630;0
631;2
632;0
633;0
634;0
635;1
636;0
637;0
638;0
639;0
640;2
641;0
642;0
643;2
644;0
645;2
646;0
647;0
648;0
649;0
650;0
651;1
652;0
653;0
654;2
655;0
656;1
657;0
658;0
659;2
660;2
661;0
662;2
663;0
664;2
665;0
666;2
667;0
668;0
669;2
670;0
671;0
672;0
673;2
674;0
675;0
676;0
677;0
678;0
679;0
680;0
681;0
682;2
683;0
684;0
685;0
686;0
687;0
688;0
689;2
690;2
691;2
692;1
693;0
694;0
695;0
696;1
697;0
698;0
699;1
700;0
701;0
702;0
703;2
704;2
705;0
706;2
707;2
708;2
709;2
710;0
711;0
712;2
713;0
714;1
715;1
716;0
717;2
718;2
719;0
720;0
721;0
722;2
723;2
724;2
725;0
726;0
727;0
728;4
729;0
730;0
731;0
732;0
733;2
734;2
735;2
736;2
737;0
738;2
739;0
740;1
741;0
742;0
743;0
744;0
745;2
746;0
747;0
748;1
749;0
750;0
751;0
752;1
753;1
754;0
755;0
756;0
757;0
758;2
759;2
760;2
761;1
762;0
763;0
764;0
765;0
766;0
767;2
768;1
769;1
770;1
771;1
772;0
773;0
774;0
775;0
776;1
777;0
778;0
779;0
780;1
781;0
782;1
783;0
784;2
785;0
786;0
787;2
788;2
789;0
790;2
791;2
792;2
793;0
794;2
795;0
796;1
797;0
798;0
799;1
800;0
801;0
802;2
803;0
804;2
805;2
806;0
807;0
808;0
809;2
810;1
811;0
812;0
813;1
814;1
815;0
816;0
817;2
818;2
819;2
820;1
821;0
822;0
823;1
824;0
825;0
826;1
827;0
828;1
829;2
830;2
831;0
832;0
833;0
834;2
835;0
836;0
837;2
838;1
839;0
840;1
841;0
842;0
843;2
844;0
845;2
846;2
847;2
848;1
849;0
850;0
851;1
852;0
853;2
854;0
855;1
856;0
857;0
858;0
859;0
860;1
861;2
862;0
863;0
864;0
865;2
866;2
867;1
868;0
869;1
870;0
871;1
872;0
873;0
874;0
875;0
876;2
877;0
878;1
879;0
880;2
881;0
882;2
883;0
884;0
885;0
886;0
887;0
888;0
889;2
890;1
891;0
892;2
893;0
894;0
895;0
896;0
897;0
898;0
899;0
900;0
901;0
902;0
903;0
904;2
905;0
906;1
907;0
908;0
909;0
910;0
911;0
912;0
913;2
914;1
915;0
916;0
917;0
918;0
919;1
920;0
921;0
922;0
923;0
924;0
925;2
926;0
927;0
928;0
929;0
930;0
931;0
932;0
933;0
934;2
935;1
936;2
937;0
938;0
939;2
940;2
941;0
942;2
943;2
944;2
945;0
946;2
947;2
948;1
949;0
950;0
951;1
952;2
953;2
954;0
955;0
956;2
957;0
958;2
959;0
960;0
961;0
962;0
963;0
964;0
965;0
966;1
967;0
968;2
969;2
970;1
971;0
972;1
973;0
974;1
975;0
976;2
977;0
978;1
979;0
980;1
981;0
982;0
983;1
984;0
985;1
986;0
987;2
988;2
989;1
990;2
991;0
992;0
993;0
994;0
995;2
996;1
997;0
998;0
999;0
1000;2
1001;0
1002;2
1003;2
1004;2
1005;0
1006;0
1007;0
1008;2
1009;0
1010;0
1011;0
1012;0
1013;0
1014;0
1015;1
1016;0
1017;0
1018;0
1019;0
1020;0
1021;0
1022;0
1023;0
