0;1
1;0
2;0
3;2
4;4
5;2
6;2
7;0
8;2
9;0
10;2
11;0
12;2
13;1
14;0
15;0
16;0
17;0
18;0
19;0
20;2
21;0
22;0
23;2
24;0
25;0
26;1
27;1
28;1
29;0
30;0
31;0
32;1
33;0
34;0
35;0
36;1
37;0
38;0
39;0
40;1
41;0
42;0
43;0
44;1
45;1
46;0
47;0
48;1
49;0
50;2
51;1
52;0
53;0
54;0
55;0
56;2
57;0
58;2
59;2
60;2
61;0
62;0
63;0
64;2
65;0
66;0
67;2
68;1
69;0
70;0
71;0
72;0
73;0
74;2
75;0
76;0
77;2
78;2
79;0
80;2
81;0
82;0
83;2
84;0
85;0
86;0
87;0
88;2
89;1
90;0
91;1
92;1
93;0
94;1
95;0
96;0
97;0
98;2
99;0
100;0
101;0
102;0
103;0
104;0
105;0
106;2
107;0
108;1
109;0
110;0
111;0
112;1
113;0
114;2
115;2
116;1
117;0
118;0
119;2
120;4
121;0
122;2
123;2
124;2
125;0
126;2
127;0
128;1
129;1
130;1
131;0
132;0
133;0
134;0
135;0
136;0
137;0
138;0
139;2
140;1
141;0
142;2
143;2
144;1
145;0
146;0
147;2
148;2
149;0
150;2
151;2
152;2
153;0
154;2
155;0
156;2
157;0
158;2
159;0
160;0
161;0
162;1
163;0
164;1
165;0
166;0
167;0
168;2
169;0
170;2
171;2
172;2
173;0
174;2
175;0
176;2
177;2
178;2
179;0
180;1
181;0
182;2
183;0
184;0
185;0
186;0
187;0
188;1
189;0
190;0
191;0
192;0
193;0
194;0
195;2
196;0
197;0
198;0
199;1
200;0
201;0
202;0
203;0
204;0
205;2
206;1
207;0
208;0
209;2
210;2
211;2
212;1
213;0
214;0
215;0
216;0
217;0
218;1
219;0
220;0
221;0
222;0
223;0
224;0
225;0
226;0
227;1
228;0
229;0
230;2
231;2
232;1
233;0
234;0
235;2
236;4
237;0
238;2
239;2
240;1
241;0
242;2
243;0
244;1
245;0
246;1
247;0
248;2
249;2
250;1
251;0
252;2
253;0
254;1
255;0
256;0
257;0
258;1
259;0
260;0
261;0
262;2
263;2
264;2
265;0
266;2
267;2
268;1
269;1
270;0
271;0
272;0
273;0
274;0
275;0
276;0
277;0
278;0
279;2
280;1
281;0
282;0
283;2
284;2
285;0
286;0
287;2
288;2
289;0
290;2
291;2
292;0
293;0
294;0
295;2
296;0
297;0
298;0
299;0
300;0
301;0
302;0
303;2
304;1
305;0
306;0
307;0
308;1
309;0
310;0
311;0
312;0
313;0
314;0
315;0
316;2
317;0
318;1
319;2
320;2
321;1
322;0
323;0
324;0
325;2
326;1
327;0
328;2
329;0
330;0
331;0
332;0
333;0
334;0
335;2
336;1
337;0
338;0
339;0
340;2
341;2
342;0
343;2
344;1
345;0
346;2
347;2
348;1
349;0
350;0
351;2
352;4
353;0
354;2
355;1
356;0
357;0
358;2
359;0
360;2
361;1
362;0
363;0
364;0
365;0
366;1
367;0
368;2
369;1
370;0
371;0
372;2
373;2
374;2
375;4
376;2
377;0
378;1
379;0
380;0
381;0
382;2
383;2
384;1
385;0
386;0
387;1
388;2
389;2
390;2
391;2
392;2
393;0
394;2
395;0
396;4
397;2
398;1
399;0
400;2
401;2
402;2
403;2
404;2
405;0
406;1
407;0
408;0
409;0
410;0
411;0
412;0
413;1
414;0
415;0
416;2
417;0
418;0
419;0
420;0
421;0
422;0
423;0
424;0
425;0
426;1
427;0
428;0
429;0
430;0
431;0
432;0
433;1
434;0
435;0
436;2
437;0
438;0
439;0
440;1
441;0
442;0
443;0
444;0
445;2
446;1
447;0
448;1
449;0
450;2
451;1
452;0
453;0
454;0
455;1
456;4
457;0
458;2
459;2
460;2
461;0
462;2
463;0
464;1
465;0
466;2
467;2
468;1
469;0
470;0
471;2
472;2
473;0
474;2
475;2
476;2
477;0
478;2
479;1
480;2
481;1
482;0
483;0
484;0
485;0
486;2
487;2
488;1
489;0
490;0
491;0
492;1
493;0
494;0
495;2
496;1
497;0
498;0
499;2
500;1
501;0
502;2
503;2
504;2
505;0
506;2
507;0
508;2
509;2
510;1
511;0
512;0
513;0
514;0
515;0
516;0
517;0
518;2
519;0
520;2
521;0
522;2
523;2
524;0
525;0
526;0
527;0
528;0
529;0
530;0
531;0
532;0
533;0
534;1
535;0
536;0
537;2
538;1
539;0
540;0
541;0
542;0
543;0
544;0
545;0
546;0
547;0
548;0
549;2
550;2
551;2
552;2
553;0
554;0
555;2
556;1
557;0
558;2
559;0
560;0
561;0
562;0
563;0
564;0
565;0
566;0
567;0
568;2
569;0
570;0
571;0
572;0
573;0
574;2
575;2
576;1
577;0
578;0
579;1
580;0
581;0
582;2
583;2
584;2
585;0
586;2
587;0
588;2
589;0
590;1
591;0
592;0
593;0
594;0
595;0
596;2
597;0
598;0
599;1
600;0
601;2
602;1
603;0
604;0
605;0
606;0
607;0
608;1
609;0
610;1
611;0
612;0
613;0
614;2
615;2
616;1
617;0
618;0
619;2
620;4
621;0
622;2
623;1
624;1
625;0
626;2
627;0
628;2
629;2
630;2
631;2
632;1
633;0
634;0
635;2
636;2
637;0
638;1
639;0
640;0
641;0
642;1
643;0
644;1
645;0
646;0
647;2
648;2
649;0
650;2
651;2
652;1
653;0
654;2
655;0
656;0
657;0
658;2
659;2
660;0
661;1
662;0
663;0
664;0
665;0
666;0
667;0
668;2
669;0
670;1
671;0
672;0
673;0
674;1
675;2
676;0
677;0
678;0
679;2
680;2
681;0
682;0
683;0
684;0
685;0
686;0
687;0
688;1
689;0
690;0
691;2
692;4
693;2
694;0
695;0
696;1
697;0
698;0
699;2
700;1
701;0
702;0
703;2
704;2
705;0
706;2
707;2
708;2
709;0
710;2
711;0
712;1
713;0
714;0
715;0
716;0
717;1
718;0
719;0
720;0
721;0
722;0
723;0
724;0
725;2
726;2
727;2
728;2
729;0
730;0
731;1
732;0
733;0
734;0
735;0
736;0
737;0
738;2
739;0
740;0
741;2
742;0
743;0
744;0
745;1
746;0
747;1
748;0
749;0
750;1
751;0
752;0
753;0
754;2
755;0
756;0
757;0
758;0
759;0
760;0
761;0
762;2
763;0
764;0
765;0
766;2
767;2
768;1
769;0
770;0
771;0
772;1
773;1
774;0
775;0
776;0
777;0
778;0
779;2
780;1
781;0
782;0
783;2
784;2
785;0
786;2
787;2
788;2
789;0
790;2
791;0
792;0
793;2
794;1
795;0
796;1
797;0
798;2
799;0
800;0
801;0
802;0
803;2
804;1
805;0
806;0
807;2
808;4
809;0
810;2
811;2
812;2
813;0
814;2
815;0
816;1
817;0
818;1
819;0
820;2
821;1
822;0
823;0
824;0
825;0
826;2
827;2
828;1
829;0
830;0
831;2
832;4
833;1
834;0
835;2
836;2
837;0
838;2
839;1
840;4
841;0
842;0
843;0
844;1
845;0
846;2
847;2
848;1
849;0
850;0
851;0
852;0
853;0
854;0
855;0
856;0
857;0
858;2
859;2
860;1
861;0
862;0
863;2
864;4
865;0
866;2
867;2
868;0
869;0
870;2
871;0
872;2
873;0
874;0
875;2
876;1
877;1
878;2
879;0
880;0
881;2
882;0
883;0
884;2
885;0
886;1
887;0
888;2
889;0
890;0
891;0
892;0
893;0
894;2
895;1
896;0
897;0
898;0
899;2
900;4
901;0
902;2
903;2
904;2
905;0
906;2
907;0
908;2
909;0
910;0
911;2
912;2
913;0
914;0
915;2
916;0
917;0
918;1
919;0
920;0
921;0
922;0
923;0
924;2
925;2
926;0
927;0
928;0
929;2
930;2
931;0
932;2
933;0
934;0
935;0
936;2
937;1
938;2
939;2
940;1
941;2
942;2
943;0
944;1
945;0
946;0
947;2
948;0
949;0
950;0
951;0
952;0
953;2
954;2
955;0
956;0
957;0
958;0
959;0
960;0
961;0
962;2
963;2
964;1
965;0
966;0
967;2
968;2
969;0
970;2
971;2
972;2
973;0
974;2
975;0
976;2
977;0
978;0
979;2
980;1
981;0
982;0
983;0
984;1
985;0
986;0
987;0
988;2
989;0
990;1
991;0
992;0
993;0
994;0
995;0
996;0
997;1
998;0
999;0
1000;0
1001;0
1002;0
1003;0
1004;0
1005;0
1006;1
1007;0
1008;0
1009;2
1010;0
1011;1
1012;0
1013;0
1014;1
1015;1
1016;0
1017;0
1018;0
1019;0
1020;0
1021;0
1022;0
1023;0
