0;1
1;0
2;0
3;2
4;2
5;0
6;1
7;2
8;2
9;0
10;2
11;0
12;2
13;0
14;0
15;1
16;0
17;2
18;2
19;2
20;1
21;0
22;2
23;0
24;1
25;1
26;2
27;1
28;0
29;0
30;0
31;2
32;0
33;0
34;0
35;0
36;0
37;0
38;0
39;2
40;1
41;0
42;0
43;0
44;0
45;0
46;0
47;0
48;0
49;0
50;0
51;0
52;0
53;0
54;2
55;1
56;0
57;0
58;0
59;2
60;4
61;0
62;0
63;2
64;2
65;0
66;2
67;0
68;1
69;1
70;1
71;0
72;0
73;0
74;1
75;0
76;0
77;0
78;0
79;0
80;0
81;0
82;0
83;0
84;1
85;0
86;0
87;0
88;0
89;0
90;0
91;0
92;2
93;0
94;0
95;0
96;1
97;1
98;0
99;0
100;0
101;0
102;1
103;2
104;0
105;1
106;0
107;0
108;0
109;0
110;2
111;1
112;0
113;0
114;2
115;0
116;0
117;0
118;0
119;0
120;0
121;0
122;0
123;0
124;0
125;0
126;0
127;0
128;0
129;0
130;1
131;0
132;0
133;2
134;0
135;0
136;0
137;0
138;0
139;0
140;0
141;0
142;0
143;0
144;0
145;1
146;1
147;0
148;0
149;0
150;0
151;0
152;2
153;0
154;0
155;0
156;2
157;0
158;0
159;0
160;0
161;2
162;2
163;1
164;1
165;2
166;2
167;0
168;0
169;0
170;0
171;0
172;0
173;0
174;2
175;0
176;0
177;0
178;1
179;0
180;2
181;1
182;0
183;0
184;0
185;0
186;0
187;0
188;0
189;0
190;0
191;0
192;0
193;0
194;0
195;0
196;2
197;0
198;0
199;0
200;1
201;0
202;2
203;0
204;0
205;0
206;0
207;2
208;2
209;0
210;2
211;2
212;2
213;0
214;2
215;0
216;2
217;0
218;0
219;0
220;0
221;2
222;2
223;2
224;2
225;0
226;2
227;2
228;0
229;0
230;0
231;0
232;0
233;0
234;0
235;0
236;0
237;0
238;0
239;2
240;1
241;0
242;0
243;0
244;0
245;0
246;2
247;0
248;0
249;0
250;0
251;0
252;0
253;0
254;0
255;0
256;0
257;2
258;2
259;2
260;2
261;0
262;0
263;0
264;1
265;0
266;1
267;0
268;2
269;0
270;0
271;1
272;1
273;0
274;2
275;1
276;0
277;0
278;0
279;0
280;2
281;2
282;1
283;0
284;1
285;0
286;0
287;0
288;0
289;0
290;0
291;0
292;1
293;1
294;0
295;2
296;4
297;2
298;2
299;0
300;2
301;0
302;0
303;0
304;2
305;0
306;1
307;0
308;1
309;2
310;0
311;0
312;2
313;0
314;0
315;0
316;0
317;0
318;0
319;0
320;2
321;1
322;0
323;0
324;0
325;0
326;0
327;0
328;0
329;0
330;1
331;0
332;0
333;0
334;0
335;0
336;1
337;0
338;0
339;0
340;1
341;1
342;0
343;0
344;2
345;0
346;2
347;0
348;0
349;1
350;0
351;0
352;0
353;0
354;0
355;0
356;2
357;0
358;0
359;0
360;1
361;0
362;0
363;2
364;1
365;0
366;0
367;2
368;1
369;0
370;0
371;2
372;4
373;0
374;2
375;0
376;2
377;0
378;2
379;0
380;1
381;0
382;0
383;0
384;0
385;0
386;0
387;0
388;2
389;2
390;2
391;2
392;0
393;0
394;0
395;0
396;0
397;1
398;0
399;0
400;0
401;0
402;0
403;2
404;0
405;0
406;0
407;0
408;0
409;2
410;2
411;2
412;1
413;0
414;0
415;0
416;0
417;0
418;0
419;2
420;0
421;2
422;2
423;2
424;2
425;1
426;0
427;0
428;0
429;2
430;0
431;0
432;0
433;0
434;0
435;0
436;0
437;0
438;2
439;1
440;1
441;0
442;0
443;2
444;1
445;0
446;2
447;2
448;2
449;0
450;2
451;2
452;1
453;0
454;2
455;2
456;0
457;0
458;2
459;0
460;0
461;0
462;0
463;0
464;0
465;0
466;2
467;2
468;2
469;0
470;0
471;0
472;1
473;0
474;2
475;0
476;0
477;0
478;0
479;2
480;2
481;0
482;1
483;0
484;1
485;0
486;0
487;1
488;0
489;0
490;1
491;0
492;0
493;0
494;0
495;0
496;1
497;0
498;0
499;0
500;0
501;0
502;2
503;2
504;2
505;0
506;0
507;0
508;0
509;1
510;0
511;2
512;1
513;2
514;0
515;2
516;2
517;0
518;0
519;1
520;0
521;2
522;0
523;0
524;0
525;0
526;0
527;0
528;0
529;0
530;0
531;1
532;0
533;1
534;0
535;0
536;0
537;0
538;0
539;0
540;0
541;2
542;0
543;0
544;0
545;0
546;0
547;1
548;0
549;0
550;2
551;2
552;1
553;0
554;0
555;2
556;2
557;0
558;1
559;2
560;2
561;0
562;2
563;0
564;2
565;2
566;2
567;2
568;2
569;2
570;0
571;2
572;1
573;0
574;0
575;2
576;0
577;0
578;0
579;0
580;2
581;2
582;2
583;0
584;2
585;2
586;2
587;0
588;2
589;0
590;2
591;0
592;0
593;2
594;0
595;1
596;0
597;2
598;0
599;0
600;0
601;0
602;0
603;0
604;1
605;0
606;2
607;2
608;1
609;0
610;0
611;2
612;4
613;0
614;2
615;0
616;2
617;0
618;0
619;0
620;1
621;0
622;0
623;0
624;0
625;0
626;2
627;2
628;2
629;2
630;0
631;0
632;0
633;0
634;0
635;0
636;0
637;0
638;1
639;0
640;2
641;0
642;0
643;0
644;0
645;0
646;0
647;0
648;0
649;0
650;1
651;0
652;0
653;0
654;2
655;0
656;1
657;0
658;0
659;0
660;2
661;0
662;0
663;2
664;2
665;0
666;1
667;1
668;0
669;0
670;0
671;1
672;2
673;2
674;1
675;0
676;2
677;0
678;2
679;2
680;1
681;0
682;0
683;1
684;2
685;2
686;2
687;2
688;2
689;0
690;2
691;0
692;1
693;2
694;0
695;0
696;2
697;0
698;2
699;0
700;0
701;0
702;0
703;1
704;2
705;1
706;0
707;2
708;1
709;0
710;0
711;0
712;1
713;0
714;0
715;2
716;4
717;0
718;2
719;0
720;2
721;0
722;0
723;0
724;2
725;0
726;0
727;0
728;0
729;0
730;1
731;0
732;1
733;0
734;0
735;2
736;2
737;2
738;0
739;2
740;0
741;0
742;2
743;0
744;2
745;0
746;0
747;0
748;0
749;0
750;0
751;0
752;0
753;2
754;0
755;0
756;0
757;2
758;0
759;0
760;0
761;0
762;0
763;0
764;2
765;0
766;0
767;0
768;2
769;0
770;0
771;0
772;0
773;0
774;2
775;2
776;0
777;0
778;2
779;0
780;1
781;0
782;0
783;0
784;1
785;0
786;0
787;0
788;0
789;0
790;0
791;0
792;0
793;0
794;2
795;1
796;1
797;0
798;0
799;2
800;4
801;0
802;1
803;1
804;0
805;0
806;2
807;1
808;1
809;0
810;0
811;2
812;1
813;0
814;2
815;2
816;0
817;0
818;0
819;2
820;2
821;0
822;2
823;2
824;2
825;0
826;2
827;0
828;1
829;0
830;0
831;0
832;0
833;0
834;0
835;0
836;2
837;0
838;0
839;0
840;0
841;0
842;0
843;0
844;0
845;0
846;0
847;0
848;0
849;0
850;0
851;2
852;1
853;0
854;0
855;2
856;1
857;0
858;2
859;2
860;2
861;0
862;2
863;0
864;0
865;0
866;0
867;0
868;0
869;0
870;0
871;1
872;0
873;0
874;2
875;2
876;2
877;0
878;0
879;0
880;0
881;0
882;0
883;0
884;0
885;0
886;1
887;0
888;0
889;2
890;0
891;2
892;2
893;0
894;0
895;0
896;0
897;0
898;0
899;0
900;1
901;0
902;0
903;0
904;0
905;2
906;0
907;0
908;0
909;2
910;1
911;0
912;1
913;0
914;0
915;1
916;0
917;2
918;2
919;2
920;2
921;2
922;0
923;0
924;0
925;2
926;1
927;0
928;0
929;2
930;0
931;0
932;0
933;1
934;0
935;0
936;0
937;2
938;1
939;0
940;0
941;2
942;2
943;2
944;1
945;0
946;1
947;0
948;2
949;0
950;2
951;2
952;0
953;2
954;2
955;0
956;0
957;0
958;2
959;1
960;0
961;0
962;0
963;2
964;2
965;0
966;0
967;1
968;0
969;0
970;0
971;0
972;2
973;0
974;0
975;0
976;0
977;0
978;2
979;0
980;2
981;0
982;0
983;0
984;1
985;0
986;0
987;0
988;0
989;0
990;0
991;0
992;2
993;0
994;0
995;0
996;0
997;0
998;0
999;0
1000;1
1001;0
1002;0
1003;1
1004;1
1005;0
1006;0
1007;0
1008;2
1009;0
1010;0
1011;1
1012;0
1013;1
1014;0
1015;0
1016;0
1017;0
1018;0
1019;0
1020;0
1021;0
1022;0
1023;0
