0;1
1;0
2;0
3;2
4;4
5;0
6;2
7;1
8;0
9;0
10;2
11;0
12;2
13;0
14;2
15;1
16;0
17;0
18;2
19;1
20;0
21;0
22;1
23;0
24;1
25;0
26;0
27;0
28;2
29;0
30;0
31;0
32;0
33;0
34;2
35;0
36;2
37;0
38;1
39;0
40;0
41;0
42;0
43;1
44;0
45;0
46;0
47;1
48;1
49;0
50;0
51;1
52;0
53;2
54;2
55;0
56;0
57;2
58;0
59;2
60;1
61;0
62;0
63;0
64;2
65;0
66;0
67;0
68;0
69;0
70;0
71;0
72;1
73;0
74;0
75;0
76;2
77;0
78;0
79;0
80;1
81;1
82;0
83;0
84;0
85;2
86;0
87;1
88;0
89;0
90;1
91;0
92;0
93;0
94;0
95;2
96;2
97;2
98;1
99;1
100;0
101;2
102;2
103;0
104;2
105;0
106;0
107;0
108;0
109;0
110;0
111;1
112;1
113;0
114;0
115;0
116;0
117;0
118;0
119;0
120;0
121;0
122;0
123;2
124;0
125;2
126;2
127;2
128;2
129;0
130;0
131;0
132;2
133;0
134;0
135;0
136;0
137;0
138;0
139;0
140;0
141;2
142;0
143;0
144;2
145;0
146;2
147;0
148;1
149;2
150;0
151;0
152;1
153;0
154;0
155;0
156;0
157;0
158;0
159;1
160;0
161;1
162;0
163;2
164;0
165;0
166;0
167;0
168;0
169;1
170;1
171;1
172;0
173;0
174;2
175;1
176;1
177;0
178;0
179;2
180;2
181;0
182;0
183;0
184;0
185;0
186;0
187;0
188;0
189;0
190;0
191;1
192;0
193;0
194;0
195;2
196;2
197;0
198;0
199;2
200;0
201;0
202;0
203;0
204;1
205;0
206;0
207;2
208;1
209;0
210;0
211;2
212;1
213;0
214;1
215;1
216;0
217;0
218;0
219;0
220;0
221;0
222;1
223;0
224;1
225;0
226;1
227;0
228;0
229;0
230;0
231;2
232;2
233;1
234;0
235;0
236;0
237;0
238;1
239;2
240;1
241;0
242;0
243;0
244;0
245;0
246;0
247;0
248;1
249;0
250;0
251;0
252;0
253;0
254;0
255;0
256;0
257;0
258;0
259;2
260;1
261;0
262;0
263;0
264;2
265;1
266;0
267;0
268;0
269;0
270;0
271;0
272;2
273;0
274;0
275;1
276;1
277;1
278;0
279;0
280;1
281;0
282;0
283;0
284;0
285;0
286;0
287;0
288;0
289;2
290;0
291;0
292;0
293;0
294;1
295;0
296;0
297;0
298;0
299;0
300;1
301;2
302;1
303;2
304;2
305;0
306;0
307;0
308;2
309;0
310;0
311;0
312;0
313;2
314;2
315;0
316;2
317;1
318;0
319;2
320;0
321;0
322;2
323;2
324;2
325;0
326;1
327;0
328;0
329;0
330;0
331;1
332;0
333;0
334;0
335;0
336;0
337;2
338;0
339;2
340;2
341;0
342;0
343;2
344;0
345;0
346;0
347;1
348;0
349;0
350;0
351;0
352;1
353;0
354;0
355;1
356;1
357;0
358;2
359;2
360;2
361;0
362;2
363;0
364;1
365;0
366;0
367;0
368;0
369;0
370;0
371;2
372;0
373;0
374;1
375;0
376;0
377;0
378;0
379;0
380;0
381;0
382;0
383;1
384;2
385;1
386;0
387;2
388;1
389;2
390;0
391;0
392;0
393;0
394;1
395;0
396;1
397;0
398;2
399;0
400;0
401;1
402;1
403;0
404;1
405;2
406;0
407;0
408;0
409;0
410;0
411;0
412;0
413;2
414;0
415;0
416;2
417;0
418;0
419;1
420;0
421;0
422;0
423;0
424;0
425;1
426;0
427;2
428;0
429;2
430;0
431;0
432;2
433;0
434;0
435;0
436;0
437;0
438;0
439;0
440;1
441;0
442;0
443;1
444;0
445;2
446;0
447;0
448;0
449;1
450;0
451;0
452;1
453;1
454;2
455;0
456;2
457;0
458;1
459;0
460;2
461;0
462;0
463;0
464;0
465;2
466;0
467;0
468;0
469;0
470;2
471;0
472;0
473;0
474;0
475;1
476;0
477;0
478;0
479;0
480;1
481;0
482;2
483;2
484;2
485;2
486;0
487;1
488;0
489;1
490;1
491;1
492;2
493;0
494;0
495;1
496;0
497;4
498;2
499;2
500;1
501;0
502;1
503;0
504;0
505;1
506;1
507;2
508;2
509;0
510;1
511;0
512;2
513;0
514;0
515;2
516;0
517;0
518;0
519;0
520;1
521;0
522;0
523;0
524;0
525;0
526;1
527;1
528;0
529;2
530;2
531;2
532;1
533;0
534;0
535;2
536;1
537;1
538;0
539;2
540;0
541;0
542;0
543;0
544;2
545;0
546;0
547;0
548;0
549;0
550;0
551;0
552;0
553;2
554;1
555;0
556;2
557;2
558;2
559;0
560;0
561;0
562;0
563;0
564;0
565;0
566;0
567;0
568;1
569;0
570;0
571;0
572;1
573;1
574;0
575;0
576;0
577;0
578;2
579;2
580;0
581;0
582;0
583;1
584;1
585;0
586;0
587;1
588;0
589;2
590;0
591;0
592;2
593;0
594;0
595;0
596;0
597;0
598;1
599;0
600;2
601;0
602;1
603;0
604;2
605;0
606;0
607;0
608;0
609;0
610;0
611;0
612;0
613;2
614;2
615;2
616;0
617;2
618;2
619;0
620;2
621;2
622;0
623;0
624;0
625;0
626;0
627;0
628;0
629;0
630;0
631;0
632;1
633;0
634;1
635;0
636;2
637;2
638;0
639;0
640;0
641;2
642;0
643;1
644;0
645;0
646;0
647;0
648;0
649;2
650;0
651;0
652;0
653;0
654;0
655;0
656;2
657;0
658;2
659;0
660;0
661;0
662;0
663;0
664;2
665;1
666;1
667;0
668;1
669;0
670;2
671;0
672;1
673;0
674;0
675;0
676;2
677;0
678;1
679;1
680;0
681;2
682;2
683;2
684;0
685;0
686;0
687;0
688;0
689;0
690;0
691;0
692;1
693;0
694;0
695;0
696;1
697;0
698;0
699;0
700;0
701;0
702;0
703;2
704;0
705;0
706;0
707;0
708;1
709;0
710;2
711;2
712;0
713;0
714;2
715;1
716;1
717;0
718;0
719;2
720;0
721;0
722;2
723;0
724;0
725;2
726;2
727;0
728;2
729;0
730;2
731;2
732;1
733;0
734;1
735;0
736;0
737;2
738;2
739;2
740;0
741;1
742;1
743;1
744;0
745;2
746;1
747;0
748;0
749;0
750;1
751;1
752;2
753;0
754;2
755;2
756;1
757;0
758;2
759;1
760;0
761;0
762;0
763;0
764;1
765;1
766;0
767;1
768;0
769;2
770;2
771;1
772;0
773;2
774;0
775;0
776;0
777;0
778;0
779;1
780;1
781;2
782;0
783;0
784;0
785;2
786;0
787;2
788;0
789;2
790;1
791;0
792;0
793;0
794;0
795;0
796;0
797;0
798;0
799;0
800;0
801;0
802;1
803;0
804;0
805;0
806;0
807;0
808;0
809;0
810;0
811;0
812;0
813;0
814;0
815;0
816;0
817;0
818;0
819;1
820;0
821;0
822;2
823;2
824;1
825;2
826;1
827;1
828;0
829;0
830;2
831;2
832;1
833;0
834;0
835;0
836;0
837;0
838;0
839;2
840;2
841;2
842;0
843;0
844;0
845;0
846;0
847;0
848;0
849;0
850;0
851;0
852;0
853;0
854;0
855;2
856;0
857;0
858;0
859;0
860;0
861;0
862;0
863;0
864;0
865;0
866;0
867;0
868;0
869;0
870;0
871;0
872;0
873;0
874;0
875;1
876;0
877;1
878;0
879;0
880;0
881;1
882;2
883;0
884;2
885;2
886;1
887;0
888;1
889;2
890;2
891;0
892;2
893;0
894;0
895;1
896;0
897;2
898;0
899;0
900;0
901;0
902;0
903;0
904;2
905;2
906;0
907;2
908;2
909;0
910;0
911;2
912;0
913;1
914;0
915;0
916;0
917;1
918;0
919;0
920;0
921;0
922;0
923;1
924;0
925;0
926;0
927;2
928;2
929;1
930;0
931;0
932;0
933;0
934;0
935;0
936;0
937;1
938;1
939;0
940;0
941;1
942;0
943;0
944;0
945;0
946;2
947;0
948;0
949;2
950;2
951;0
952;1
953;0
954;0
955;0
956;0
957;0
958;2
959;2
960;2
961;2
962;1
963;0
964;2
965;2
966;1
967;0
968;4
969;0
970;0
971;0
972;0
973;0
974;2
975;2
976;1
977;0
978;2
979;2
980;1
981;0
982;0
983;0
984;0
985;2
986;0
987;0
988;0
989;0
990;0
991;0
992;0
993;0
994;0
995;0
996;0
997;0
998;0
999;0
1000;2
1001;0
1002;2
1003;0
1004;0
1005;0
1006;1
1007;0
1008;0
1009;0
1010;2
1011;0
1012;1
1013;0
1014;0
1015;0
1016;0
1017;0
1018;0
1019;0
1020;0
1021;0
1022;0
1023;0
