0;0
1;0
2;0
3;2
4;1
5;0
6;2
7;2
8;2
9;0
10;0
11;0
12;2
13;0
14;0
15;0
16;0
17;2
18;1
19;0
20;0
21;0
22;0
23;1
24;0
25;0
26;2
27;2
28;2
29;1
30;2
31;1
32;0
33;0
34;0
35;0
36;0
37;0
38;2
39;0
40;1
41;0
42;1
43;0
44;0
45;0
46;0
47;0
48;1
49;0
50;0
51;0
52;0
53;0
54;1
55;0
56;0
57;1
58;0
59;0
60;1
61;0
62;0
63;0
64;0
65;0
66;2
67;0
68;1
69;0
70;2
71;1
72;0
73;0
74;0
75;0
76;0
77;0
78;0
79;0
80;2
81;0
82;2
83;0
84;1
85;2
86;0
87;0
88;0
89;0
90;2
91;0
92;1
93;0
94;0
95;1
96;0
97;0
98;2
99;1
100;0
101;2
102;2
103;0
104;2
105;0
106;0
107;0
108;2
109;2
110;2
111;0
112;2
113;0
114;0
115;2
116;0
117;2
118;0
119;0
120;0
121;0
122;0
123;0
124;0
125;0
126;0
127;0
128;2
129;0
130;0
131;1
132;0
133;0
134;2
135;2
136;1
137;0
138;0
139;0
140;0
141;0
142;0
143;0
144;0
145;0
146;2
147;0
148;2
149;2
150;1
151;0
152;1
153;0
154;0
155;0
156;0
157;0
158;2
159;0
160;0
161;0
162;0
163;0
164;0
165;2
166;2
167;2
168;1
169;0
170;0
171;0
172;0
173;0
174;0
175;0
176;0
177;0
178;2
179;0
180;0
181;0
182;0
183;0
184;2
185;0
186;0
187;0
188;2
189;0
190;0
191;0
192;0
193;0
194;0
195;0
196;0
197;0
198;0
199;2
200;2
201;0
202;0
203;0
204;0
205;2
206;0
207;0
208;2
209;0
210;0
211;1
212;0
213;0
214;0
215;1
216;2
217;0
218;2
219;0
220;0
221;0
222;1
223;0
224;0
225;0
226;0
227;0
228;0
229;0
230;1
231;0
232;2
233;0
234;0
235;0
236;1
237;0
238;2
239;1
240;0
241;0
242;2
243;0
244;2
245;2
246;2
247;0
248;0
249;0
250;2
251;2
252;0
253;0
254;0
255;0
256;1
257;0
258;0
259;0
260;0
261;1
262;0
263;0
264;0
265;0
266;0
267;0
268;0
269;0
270;2
271;1
272;2
273;0
274;0
275;0
276;1
277;0
278;2
279;1
280;0
281;0
282;0
283;0
284;2
285;1
286;0
287;2
288;1
289;0
290;0
291;2
292;0
293;1
294;0
295;0
296;2
297;0
298;0
299;0
300;2
301;0
302;0
303;0
304;0
305;0
306;0
307;2
308;0
309;0
310;1
311;0
312;1
313;0
314;0
315;2
316;2
317;0
318;2
319;2
320;2
321;0
322;2
323;0
324;2
325;0
326;2
327;0
328;2
329;0
330;0
331;0
332;0
333;0
334;0
335;2
336;0
337;0
338;0
339;2
340;0
341;1
342;0
343;0
344;0
345;1
346;0
347;0
348;0
349;0
350;0
351;0
352;1
353;2
354;0
355;1
356;1
357;0
358;0
359;0
360;0
361;0
362;0
363;0
364;0
365;0
366;0
367;0
368;1
369;0
370;0
371;2
372;2
373;1
374;0
375;0
376;4
377;0
378;1
379;1
380;0
381;2
382;2
383;0
384;2
385;0
386;0
387;1
388;0
389;0
390;0
391;0
392;0
393;0
394;1
395;0
396;4
397;0
398;0
399;0
400;0
401;2
402;2
403;2
404;1
405;0
406;0
407;0
408;2
409;1
410;0
411;0
412;0
413;0
414;0
415;0
416;0
417;0
418;2
419;0
420;0
421;0
422;0
423;0
424;2
425;0
426;0
427;0
428;0
429;0
430;0
431;0
432;0
433;0
434;0
435;0
436;2
437;0
438;2
439;0
440;2
441;0
442;0
443;0
444;0
445;2
446;1
447;2
448;2
449;0
450;0
451;1
452;0
453;0
454;2
455;0
456;2
457;0
458;1
459;0
460;2
461;0
462;0
463;0
464;1
465;1
466;0
467;0
468;0
469;0
470;0
471;2
472;0
473;0
474;0
475;0
476;2
477;0
478;0
479;2
480;2
481;0
482;2
483;2
484;2
485;0
486;2
487;0
488;1
489;0
490;0
491;0
492;0
493;1
494;0
495;0
496;1
497;2
498;2
499;0
500;1
501;0
502;0
503;0
504;2
505;0
506;1
507;0
508;1
509;2
510;0
511;1
512;0
513;0
514;0
515;0
516;0
517;0
518;2
519;0
520;2
521;0
522;0
523;0
524;0
525;0
526;0
527;1
528;1
529;0
530;1
531;0
532;1
533;0
534;0
535;2
536;2
537;0
538;2
539;0
540;2
541;0
542;0
543;0
544;1
545;0
546;0
547;0
548;0
549;0
550;0
551;2
552;0
553;0
554;0
555;2
556;0
557;0
558;2
559;2
560;0
561;0
562;0
563;2
564;0
565;0
566;0
567;0
568;0
569;2
570;2
571;1
572;0
573;0
574;0
575;1
576;0
577;0
578;0
579;2
580;1
581;1
582;2
583;2
584;2
585;0
586;0
587;2
588;1
589;0
590;0
591;0
592;0
593;0
594;0
595;0
596;0
597;0
598;0
599;2
600;2
601;0
602;2
603;0
604;0
605;0
606;0
607;2
608;0
609;1
610;1
611;2
612;0
613;0
614;2
615;0
616;2
617;0
618;0
619;0
620;1
621;0
622;2
623;2
624;0
625;0
626;0
627;2
628;1
629;0
630;2
631;2
632;2
633;0
634;2
635;0
636;2
637;0
638;2
639;1
640;0
641;0
642;0
643;0
644;0
645;0
646;2
647;0
648;2
649;0
650;0
651;0
652;2
653;2
654;2
655;1
656;0
657;0
658;1
659;0
660;0
661;0
662;0
663;0
664;1
665;0
666;2
667;1
668;0
669;1
670;0
671;0
672;0
673;0
674;2
675;0
676;2
677;0
678;2
679;0
680;2
681;0
682;0
683;0
684;2
685;0
686;0
687;0
688;0
689;0
690;0
691;0
692;0
693;0
694;1
695;0
696;0
697;0
698;0
699;0
700;0
701;0
702;0
703;0
704;0
705;0
706;2
707;0
708;2
709;2
710;0
711;0
712;2
713;0
714;2
715;0
716;0
717;0
718;0
719;0
720;2
721;0
722;0
723;2
724;0
725;0
726;1
727;1
728;0
729;1
730;0
731;0
732;0
733;0
734;0
735;0
736;1
737;0
738;0
739;0
740;1
741;0
742;0
743;0
744;0
745;2
746;0
747;0
748;0
749;0
750;0
751;0
752;2
753;0
754;2
755;2
756;0
757;0
758;2
759;0
760;1
761;1
762;0
763;0
764;1
765;0
766;1
767;1
768;0
769;0
770;2
771;0
772;1
773;0
774;0
775;0
776;0
777;0
778;0
779;0
780;2
781;0
782;0
783;2
784;1
785;0
786;0
787;2
788;0
789;0
790;1
791;0
792;0
793;0
794;0
795;0
796;0
797;0
798;0
799;0
800;2
801;0
802;0
803;0
804;0
805;0
806;0
807;1
808;0
809;0
810;0
811;1
812;2
813;0
814;2
815;0
816;2
817;2
818;2
819;1
820;0
821;0
822;0
823;0
824;1
825;0
826;0
827;0
828;2
829;0
830;0
831;0
832;0
833;2
834;2
835;2
836;1
837;0
838;0
839;0
840;0
841;2
842;2
843;0
844;0
845;0
846;2
847;0
848;0
849;2
850;1
851;2
852;2
853;1
854;0
855;0
856;1
857;1
858;1
859;0
860;0
861;2
862;2
863;2
864;2
865;1
866;0
867;2
868;0
869;0
870;2
871;0
872;2
873;2
874;0
875;0
876;0
877;0
878;0
879;0
880;0
881;0
882;0
883;2
884;0
885;0
886;2
887;2
888;2
889;0
890;0
891;0
892;0
893;1
894;0
895;0
896;0
897;2
898;1
899;0
900;0
901;1
902;1
903;0
904;0
905;0
906;0
907;0
908;0
909;0
910;0
911;2
912;2
913;0
914;1
915;0
916;0
917;2
918;0
919;0
920;0
921;2
922;2
923;2
924;2
925;0
926;2
927;0
928;0
929;0
930;1
931;1
932;0
933;1
934;0
935;0
936;2
937;0
938;0
939;0
940;0
941;0
942;2
943;0
944;2
945;2
946;0
947;1
948;0
949;0
950;2
951;0
952;0
953;0
954;0
955;0
956;1
957;0
958;1
959;0
960;0
961;1
962;0
963;0
964;0
965;0
966;0
967;0
968;1
969;0
970;2
971;0
972;1
973;0
974;0
975;0
976;0
977;1
978;2
979;2
980;1
981;0
982;2
983;0
984;0
985;1
986;1
987;0
988;2
989;2
990;2
991;2
992;0
993;1
994;0
995;0
996;1
997;0
998;0
999;0
1000;2
1001;2
1002;2
1003;0
1004;0
1005;0
1006;0
1007;2
1008;2
1009;0
1010;0
1011;0
1012;0
1013;0
1014;0
1015;0
1016;0
1017;0
1018;0
1019;0
1020;0
1021;0
1022;0
1023;0
