0;0
1;0
2;0
3;2
4;4
5;0
6;2
7;1
8;2
9;0
10;2
11;0
12;2
13;1
14;0
15;0
16;0
17;0
18;0
19;0
20;2
21;0
22;0
23;2
24;0
25;2
26;0
27;1
28;1
29;2
30;0
31;0
32;1
33;0
34;1
35;0
36;0
37;0
38;0
39;0
40;1
41;0
42;0
43;0
44;0
45;1
46;0
47;0
48;1
49;0
50;2
51;2
52;1
53;0
54;0
55;1
56;0
57;0
58;0
59;0
60;0
61;0
62;2
63;1
64;0
65;1
66;0
67;1
68;1
69;0
70;0
71;1
72;2
73;0
74;0
75;0
76;0
77;2
78;2
79;0
80;2
81;0
82;0
83;2
84;0
85;1
86;0
87;2
88;2
89;1
90;0
91;1
92;1
93;0
94;1
95;2
96;1
97;0
98;0
99;1
100;2
101;0
102;2
103;2
104;2
105;0
106;2
107;2
108;1
109;0
110;0
111;2
112;1
113;0
114;0
115;2
116;2
117;0
118;2
119;2
120;2
121;0
122;2
123;0
124;2
125;0
126;0
127;0
128;0
129;0
130;1
131;0
132;0
133;2
134;1
135;0
136;2
137;0
138;0
139;0
140;0
141;2
142;0
143;0
144;0
145;0
146;2
147;2
148;1
149;1
150;0
151;2
152;4
153;0
154;2
155;2
156;2
157;0
158;2
159;0
160;2
161;0
162;0
163;0
164;0
165;0
166;1
167;2
168;0
169;0
170;0
171;0
172;4
173;0
174;1
175;0
176;4
177;0
178;2
179;0
180;1
181;0
182;0
183;0
184;1
185;1
186;0
187;0
188;0
189;0
190;2
191;1
192;2
193;0
194;0
195;0
196;2
197;2
198;0
199;2
200;1
201;0
202;0
203;0
204;1
205;0
206;0
207;0
208;2
209;0
210;2
211;2
212;2
213;0
214;0
215;0
216;1
217;0
218;0
219;1
220;0
221;2
222;2
223;2
224;2
225;2
226;0
227;2
228;2
229;0
230;0
231;0
232;0
233;2
234;0
235;0
236;1
237;0
238;0
239;2
240;1
241;0
242;2
243;1
244;0
245;0
246;2
247;2
248;4
249;1
250;0
251;1
252;0
253;0
254;2
255;0
256;2
257;0
258;0
259;0
260;0
261;0
262;0
263;1
264;1
265;0
266;2
267;0
268;0
269;2
270;2
271;0
272;1
273;0
274;0
275;0
276;0
277;2
278;0
279;0
280;0
281;0
282;0
283;0
284;1
285;0
286;0
287;0
288;1
289;2
290;1
291;0
292;0
293;2
294;0
295;0
296;1
297;0
298;0
299;2
300;1
301;0
302;1
303;0
304;0
305;0
306;0
307;0
308;1
309;0
310;0
311;0
312;1
313;2
314;2
315;2
316;1
317;2
318;0
319;2
320;0
321;0
322;0
323;0
324;1
325;0
326;0
327;2
328;0
329;0
330;0
331;0
332;0
333;0
334;0
335;2
336;0
337;0
338;0
339;0
340;1
341;0
342;0
343;2
344;1
345;0
346;0
347;0
348;0
349;0
350;2
351;1
352;0
353;0
354;0
355;2
356;1
357;0
358;2
359;2
360;2
361;0
362;2
363;0
364;0
365;2
366;0
367;0
368;0
369;0
370;0
371;2
372;1
373;0
374;0
375;0
376;0
377;0
378;2
379;0
380;2
381;2
382;0
383;0
384;2
385;0
386;0
387;0
388;0
389;0
390;0
391;2
392;2
393;1
394;0
395;0
396;0
397;0
398;0
399;0
400;1
401;0
402;0
403;2
404;1
405;0
406;0
407;0
408;2
409;0
410;2
411;2
412;2
413;0
414;2
415;0
416;0
417;0
418;0
419;0
420;1
421;2
422;0
423;0
424;2
425;0
426;0
427;2
428;1
429;0
430;0
431;0
432;0
433;0
434;0
435;0
436;0
437;0
438;2
439;0
440;0
441;0
442;1
443;0
444;1
445;0
446;0
447;2
448;4
449;0
450;2
451;2
452;2
453;0
454;0
455;0
456;2
457;0
458;0
459;0
460;0
461;0
462;0
463;0
464;2
465;0
466;0
467;2
468;2
469;0
470;0
471;0
472;0
473;0
474;1
475;2
476;0
477;0
478;0
479;2
480;2
481;2
482;2
483;2
484;2
485;0
486;2
487;0
488;2
489;0
490;0
491;0
492;2
493;0
494;0
495;0
496;1
497;0
498;0
499;0
500;0
501;2
502;1
503;0
504;2
505;0
506;0
507;0
508;0
509;0
510;1
511;0
512;2
513;1
514;0
515;2
516;0
517;0
518;0
519;2
520;1
521;0
522;0
523;1
524;0
525;0
526;2
527;2
528;2
529;0
530;2
531;0
532;1
533;2
534;0
535;2
536;0
537;0
538;0
539;0
540;1
541;0
542;2
543;0
544;2
545;0
546;0
547;2
548;0
549;1
550;0
551;0
552;0
553;0
554;1
555;0
556;0
557;1
558;1
559;1
560;0
561;0
562;1
563;0
564;0
565;2
566;2
567;2
568;1
569;0
570;0
571;2
572;1
573;0
574;2
575;2
576;2
577;0
578;0
579;0
580;0
581;0
582;0
583;0
584;0
585;0
586;2
587;2
588;1
589;0
590;0
591;2
592;2
593;0
594;2
595;0
596;0
597;0
598;2
599;1
600;1
601;0
602;0
603;2
604;1
605;0
606;2
607;2
608;1
609;0
610;0
611;1
612;4
613;0
614;2
615;1
616;0
617;0
618;0
619;0
620;2
621;1
622;0
623;0
624;1
625;0
626;0
627;0
628;0
629;0
630;2
631;2
632;2
633;0
634;0
635;1
636;0
637;1
638;0
639;0
640;1
641;0
642;0
643;1
644;0
645;0
646;2
647;1
648;0
649;0
650;0
651;2
652;4
653;0
654;0
655;1
656;0
657;0
658;0
659;0
660;2
661;2
662;2
663;1
664;0
665;0
666;2
667;0
668;1
669;0
670;0
671;2
672;4
673;0
674;0
675;2
676;0
677;0
678;2
679;0
680;1
681;0
682;0
683;0
684;0
685;2
686;2
687;0
688;2
689;2
690;0
691;2
692;1
693;0
694;0
695;0
696;1
697;1
698;0
699;0
700;2
701;0
702;1
703;0
704;1
705;0
706;0
707;0
708;1
709;0
710;0
711;0
712;2
713;0
714;2
715;0
716;0
717;1
718;0
719;0
720;0
721;1
722;0
723;0
724;2
725;0
726;0
727;0
728;0
729;0
730;0
731;0
732;2
733;0
734;1
735;0
736;0
737;0
738;2
739;2
740;2
741;0
742;0
743;0
744;1
745;0
746;1
747;2
748;0
749;0
750;0
751;1
752;1
753;2
754;2
755;2
756;1
757;0
758;0
759;0
760;1
761;0
762;0
763;2
764;1
765;0
766;0
767;2
768;2
769;0
770;2
771;1
772;0
773;0
774;0
775;0
776;0
777;2
778;0
779;2
780;0
781;2
782;1
783;0
784;1
785;0
786;2
787;2
788;1
789;1
790;0
791;0
792;0
793;0
794;0
795;0
796;2
797;2
798;2
799;2
800;1
801;0
802;0
803;1
804;4
805;0
806;2
807;0
808;2
809;0
810;0
811;1
812;2
813;0
814;0
815;0
816;2
817;0
818;2
819;2
820;0
821;0
822;0
823;0
824;0
825;1
826;0
827;2
828;0
829;2
830;0
831;0
832;0
833;2
834;0
835;0
836;0
837;0
838;2
839;2
840;1
841;0
842;0
843;2
844;4
845;0
846;0
847;0
848;2
849;0
850;2
851;0
852;1
853;1
854;0
855;0
856;2
857;0
858;1
859;0
860;0
861;0
862;0
863;1
864;0
865;2
866;0
867;0
868;1
869;1
870;0
871;0
872;0
873;0
874;0
875;0
876;1
877;0
878;0
879;1
880;0
881;0
882;0
883;2
884;2
885;0
886;2
887;2
888;2
889;0
890;2
891;0
892;2
893;0
894;0
895;1
896;0
897;0
898;1
899;0
900;0
901;0
902;0
903;2
904;0
905;0
906;0
907;2
908;0
909;0
910;2
911;2
912;2
913;0
914;2
915;2
916;1
917;0
918;0
919;2
920;2
921;0
922;0
923;0
924;0
925;1
926;0
927;0
928;1
929;0
930;4
931;1
932;0
933;0
934;0
935;2
936;2
937;0
938;2
939;2
940;2
941;0
942;2
943;2
944;2
945;2
946;1
947;0
948;0
949;0
950;0
951;0
952;0
953;0
954;0
955;0
956;0
957;2
958;0
959;0
960;0
961;0
962;0
963;2
964;1
965;0
966;2
967;0
968;2
969;2
970;0
971;0
972;1
973;0
974;2
975;2
976;1
977;0
978;0
979;2
980;4
981;0
982;2
983;2
984;0
985;0
986;2
987;0
988;2
989;0
990;1
991;0
992;0
993;0
994;0
995;0
996;2
997;0
998;0
999;0
1000;0
1001;0
1002;0
1003;0
1004;1
1005;0
1006;0
1007;0
1008;0
1009;0
1010;0
1011;0
1012;1
1013;1
1014;0
1015;0
1016;0
1017;0
1018;0
1019;0
1020;0
1021;0
1022;0
1023;0
