0;1
1;0
2;0
3;2
4;2
5;0
6;2
7;2
8;0
9;2
10;2
11;2
12;2
13;2
14;1
15;0
16;1
17;1
18;0
19;2
20;1
21;1
22;0
23;2
24;2
25;0
26;2
27;2
28;2
29;0
30;0
31;2
32;0
33;2
34;0
35;0
36;0
37;0
38;0
39;0
40;0
41;0
42;0
43;0
44;2
45;1
46;0
47;0
48;1
49;0
50;0
51;0
52;0
53;0
54;1
55;0
56;0
57;1
58;0
59;2
60;1
61;0
62;0
63;1
64;0
65;0
66;0
67;0
68;1
69;0
70;2
71;0
72;0
73;0
74;0
75;2
76;1
77;0
78;0
79;0
80;4
81;0
82;0
83;2
84;2
85;0
86;2
87;0
88;1
89;0
90;0
91;0
92;0
93;0
94;0
95;0
96;0
97;0
98;2
99;0
100;1
101;2
102;0
103;0
104;1
105;2
106;0
107;2
108;2
109;0
110;0
111;0
112;2
113;0
114;0
115;0
116;0
117;0
118;1
119;0
120;0
121;2
122;0
123;0
124;0
125;2
126;0
127;0
128;1
129;0
130;0
131;0
132;0
133;0
134;0
135;0
136;2
137;0
138;1
139;0
140;1
141;0
142;0
143;0
144;0
145;0
146;2
147;2
148;0
149;0
150;0
151;0
152;2
153;0
154;1
155;2
156;2
157;0
158;0
159;0
160;2
161;2
162;2
163;2
164;1
165;0
166;0
167;0
168;2
169;2
170;2
171;2
172;0
173;0
174;0
175;0
176;0
177;0
178;0
179;0
180;0
181;0
182;2
183;0
184;0
185;2
186;1
187;0
188;0
189;1
190;0
191;0
192;0
193;0
194;0
195;0
196;0
197;0
198;0
199;0
200;0
201;0
202;0
203;2
204;1
205;0
206;0
207;0
208;2
209;0
210;0
211;0
212;1
213;0
214;0
215;1
216;1
217;0
218;1
219;0
220;1
221;0
222;0
223;2
224;2
225;0
226;2
227;0
228;2
229;0
230;2
231;0
232;0
233;0
234;2
235;2
236;0
237;0
238;0
239;0
240;0
241;0
242;0
243;1
244;0
245;0
246;0
247;2
248;1
249;0
250;0
251;0
252;0
253;0
254;2
255;0
256;0
257;0
258;0
259;0
260;0
261;0
262;0
263;0
264;0
265;2
266;2
267;2
268;2
269;2
270;0
271;0
272;0
273;0
274;1
275;0
276;0
277;0
278;0
279;0
280;1
281;0
282;0
283;0
284;2
285;0
286;2
287;2
288;2
289;0
290;2
291;0
292;1
293;0
294;0
295;1
296;1
297;0
298;0
299;2
300;2
301;2
302;0
303;0
304;0
305;1
306;1
307;2
308;1
309;0
310;0
311;0
312;0
313;1
314;0
315;0
316;1
317;0
318;0
319;2
320;2
321;0
322;0
323;0
324;2
325;0
326;0
327;0
328;2
329;0
330;0
331;0
332;2
333;0
334;0
335;0
336;0
337;0
338;0
339;0
340;1
341;1
342;0
343;0
344;0
345;0
346;0
347;0
348;0
349;1
350;1
351;0
352;0
353;0
354;0
355;0
356;0
357;0
358;0
359;0
360;1
361;2
362;0
363;1
364;2
365;0
366;0
367;0
368;0
369;0
370;2
371;2
372;1
373;0
374;0
375;2
376;4
377;0
378;0
379;0
380;2
381;1
382;0
383;0
384;1
385;0
386;0
387;0
388;0
389;0
390;0
391;2
392;1
393;0
394;0
395;0
396;0
397;0
398;0
399;0
400;2
401;0
402;0
403;0
404;4
405;2
406;0
407;0
408;1
409;2
410;0
411;2
412;1
413;0
414;0
415;0
416;2
417;0
418;0
419;0
420;0
421;0
422;0
423;0
424;0
425;0
426;0
427;0
428;2
429;2
430;1
431;0
432;0
433;1
434;0
435;0
436;0
437;0
438;0
439;0
440;0
441;1
442;0
443;1
444;0
445;0
446;0
447;0
448;0
449;0
450;0
451;1
452;2
453;2
454;0
455;0
456;2
457;0
458;2
459;2
460;2
461;2
462;2
463;0
464;0
465;0
466;2
467;2
468;2
469;0
470;1
471;0
472;1
473;2
474;0
475;0
476;0
477;0
478;0
479;2
480;1
481;0
482;0
483;0
484;1
485;0
486;0
487;0
488;0
489;0
490;0
491;2
492;1
493;0
494;2
495;2
496;2
497;0
498;2
499;0
500;1
501;0
502;0
503;0
504;1
505;0
506;0
507;2
508;1
509;0
510;0
511;1
512;1
513;0
514;2
515;2
516;0
517;1
518;2
519;0
520;2
521;0
522;0
523;0
524;0
525;0
526;0
527;0
528;0
529;2
530;2
531;2
532;1
533;0
534;0
535;2
536;1
537;0
538;0
539;2
540;4
541;0
542;0
543;2
544;2
545;0
546;2
547;0
548;1
549;2
550;0
551;0
552;0
553;0
554;0
555;0
556;0
557;0
558;0
559;0
560;2
561;0
562;0
563;2
564;0
565;0
566;0
567;0
568;0
569;0
570;0
571;0
572;0
573;2
574;2
575;2
576;2
577;2
578;0
579;0
580;0
581;0
582;0
583;1
584;0
585;0
586;0
587;0
588;0
589;0
590;2
591;1
592;2
593;0
594;0
595;0
596;0
597;0
598;0
599;0
600;1
601;2
602;2
603;1
604;0
605;2
606;2
607;0
608;2
609;0
610;2
611;0
612;0
613;0
614;0
615;1
616;1
617;0
618;0
619;0
620;0
621;1
622;0
623;0
624;2
625;0
626;2
627;0
628;1
629;1
630;0
631;2
632;0
633;0
634;0
635;0
636;1
637;0
638;0
639;0
640;0
641;1
642;0
643;2
644;0
645;0
646;0
647;0
648;0
649;0
650;2
651;2
652;1
653;0
654;0
655;2
656;2
657;0
658;2
659;2
660;2
661;0
662;0
663;0
664;0
665;0
666;0
667;0
668;2
669;2
670;0
671;0
672;0
673;2
674;0
675;0
676;0
677;0
678;0
679;0
680;0
681;2
682;0
683;0
684;0
685;0
686;0
687;0
688;0
689;0
690;0
691;1
692;0
693;0
694;0
695;0
696;2
697;2
698;2
699;2
700;2
701;0
702;0
703;0
704;4
705;1
706;0
707;0
708;0
709;0
710;0
711;0
712;4
713;2
714;0
715;0
716;2
717;0
718;0
719;0
720;1
721;0
722;0
723;0
724;2
725;0
726;0
727;0
728;0
729;0
730;1
731;1
732;2
733;0
734;0
735;0
736;2
737;0
738;2
739;2
740;4
741;0
742;2
743;0
744;2
745;2
746;2
747;2
748;2
749;0
750;0
751;0
752;1
753;0
754;0
755;0
756;1
757;0
758;1
759;0
760;0
761;0
762;0
763;0
764;0
765;0
766;0
767;0
768;0
769;0
770;0
771;2
772;2
773;0
774;0
775;0
776;0
777;0
778;0
779;0
780;1
781;1
782;1
783;0
784;2
785;2
786;0
787;0
788;0
789;0
790;0
791;0
792;0
793;0
794;0
795;0
796;0
797;0
798;0
799;1
800;0
801;0
802;2
803;2
804;2
805;2
806;0
807;0
808;0
809;0
810;1
811;1
812;0
813;0
814;0
815;2
816;4
817;0
818;2
819;0
820;0
821;0
822;2
823;0
824;2
825;0
826;0
827;2
828;2
829;1
830;1
831;0
832;1
833;0
834;0
835;1
836;0
837;0
838;0
839;0
840;2
841;1
842;0
843;0
844;1
845;0
846;0
847;0
848;2
849;2
850;0
851;0
852;0
853;2
854;2
855;2
856;1
857;0
858;0
859;0
860;1
861;0
862;2
863;2
864;1
865;0
866;0
867;0
868;2
869;0
870;2
871;0
872;1
873;0
874;0
875;0
876;1
877;0
878;0
879;0
880;0
881;1
882;0
883;2
884;2
885;1
886;0
887;0
888;1
889;0
890;2
891;0
892;0
893;0
894;2
895;2
896;0
897;0
898;2
899;0
900;0
901;0
902;1
903;0
904;0
905;2
906;1
907;0
908;2
909;0
910;0
911;2
912;1
913;0
914;0
915;0
916;0
917;0
918;0
919;0
920;2
921;0
922;0
923;0
924;1
925;0
926;0
927;0
928;0
929;0
930;2
931;2
932;1
933;0
934;0
935;1
936;0
937;0
938;2
939;0
940;1
941;0
942;0
943;2
944;4
945;0
946;2
947;2
948;2
949;0
950;2
951;0
952;2
953;2
954;0
955;0
956;0
957;0
958;2
959;2
960;0
961;0
962;2
963;2
964;2
965;2
966;0
967;0
968;0
969;0
970;2
971;1
972;0
973;0
974;0
975;0
976;0
977;0
978;1
979;0
980;0
981;0
982;1
983;0
984;1
985;0
986;0
987;0
988;0
989;0
990;0
991;0
992;1
993;0
994;0
995;0
996;0
997;1
998;0
999;0
1000;2
1001;2
1002;2
1003;0
1004;0
1005;1
1006;1
1007;0
1008;2
1009;2
1010;1
1011;0
1012;0
1013;0
1014;0
1015;0
1016;0
1017;0
1018;0
1019;0
1020;0
1021;0
1022;0
1023;0
