0;1
1;0
2;0
3;2
4;2
5;0
6;2
7;2
8;0
9;4
10;2
11;1
12;1
13;0
14;1
15;0
16;0
17;2
18;2
19;1
20;0
21;2
22;0
23;2
24;2
25;0
26;0
27;0
28;0
29;0
30;0
31;0
32;1
33;1
34;0
35;0
36;0
37;1
38;1
39;0
40;1
41;0
42;0
43;0
44;2
45;1
46;2
47;0
48;0
49;2
50;0
51;2
52;2
53;0
54;0
55;0
56;0
57;0
58;0
59;0
60;1
61;0
62;0
63;0
64;0
65;0
66;0
67;2
68;0
69;0
70;0
71;0
72;0
73;2
74;0
75;0
76;2
77;2
78;2
79;1
80;0
81;0
82;0
83;2
84;0
85;1
86;0
87;0
88;1
89;0
90;0
91;2
92;2
93;0
94;0
95;0
96;2
97;0
98;0
99;0
100;0
101;0
102;0
103;0
104;0
105;0
106;0
107;1
108;0
109;0
110;0
111;0
112;0
113;0
114;0
115;2
116;0
117;0
118;0
119;2
120;0
121;1
122;0
123;2
124;2
125;0
126;0
127;0
128;0
129;2
130;1
131;0
132;2
133;0
134;0
135;2
136;0
137;0
138;0
139;0
140;1
141;0
142;0
143;0
144;0
145;0
146;0
147;0
148;0
149;1
150;0
151;0
152;2
153;0
154;0
155;0
156;0
157;0
158;1
159;0
160;0
161;0
162;0
163;0
164;1
165;0
166;0
167;0
168;0
169;2
170;0
171;2
172;2
173;2
174;1
175;0
176;0
177;2
178;2
179;0
180;2
181;2
182;0
183;0
184;0
185;0
186;0
187;0
188;0
189;1
190;0
191;0
192;2
193;2
194;0
195;0
196;2
197;0
198;0
199;0
200;1
201;0
202;0
203;0
204;0
205;0
206;0
207;0
208;2
209;0
210;0
211;0
212;2
213;0
214;0
215;0
216;0
217;2
218;0
219;0
220;0
221;2
222;0
223;0
224;2
225;0
226;0
227;0
228;0
229;2
230;0
231;2
232;1
233;2
234;0
235;0
236;2
237;0
238;1
239;0
240;0
241;2
242;1
243;0
244;0
245;0
246;0
247;0
248;0
249;1
250;0
251;0
252;0
253;1
254;1
255;0
256;2
257;1
258;0
259;0
260;0
261;0
262;2
263;1
264;0
265;0
266;0
267;2
268;2
269;0
270;1
271;1
272;0
273;0
274;1
275;0
276;0
277;1
278;0
279;1
280;0
281;0
282;0
283;0
284;0
285;0
286;0
287;0
288;2
289;0
290;0
291;0
292;0
293;1
294;1
295;0
296;0
297;0
298;0
299;0
300;0
301;0
302;0
303;0
304;2
305;0
306;0
307;0
308;0
309;0
310;0
311;0
312;0
313;1
314;0
315;0
316;1
317;1
318;0
319;2
320;4
321;0
322;0
323;0
324;1
325;0
326;2
327;2
328;1
329;0
330;0
331;0
332;0
333;1
334;0
335;2
336;0
337;0
338;0
339;0
340;0
341;0
342;0
343;0
344;0
345;1
346;0
347;2
348;2
349;2
350;2
351;2
352;2
353;0
354;0
355;0
356;0
357;2
358;0
359;0
360;0
361;0
362;0
363;0
364;0
365;0
366;0
367;0
368;0
369;0
370;0
371;0
372;0
373;0
374;0
375;0
376;0
377;0
378;1
379;1
380;0
381;0
382;0
383;0
384;1
385;0
386;2
387;0
388;1
389;0
390;0
391;0
392;2
393;0
394;0
395;0
396;0
397;0
398;0
399;0
400;0
401;0
402;0
403;1
404;0
405;1
406;0
407;2
408;1
409;0
410;1
411;0
412;1
413;2
414;0
415;2
416;2
417;0
418;0
419;0
420;0
421;0
422;0
423;0
424;0
425;0
426;0
427;0
428;0
429;0
430;0
431;2
432;1
433;0
434;1
435;0
436;0
437;0
438;0
439;0
440;0
441;0
442;0
443;0
444;0
445;0
446;0
447;0
448;0
449;0
450;2
451;0
452;2
453;0
454;0
455;0
456;1
457;0
458;0
459;1
460;0
461;1
462;0
463;0
464;0
465;0
466;0
467;2
468;2
469;0
470;0
471;0
472;1
473;0
474;0
475;0
476;1
477;0
478;0
479;0
480;0
481;0
482;0
483;2
484;1
485;0
486;0
487;1
488;2
489;2
490;2
491;2
492;2
493;1
494;0
495;0
496;2
497;2
498;2
499;0
500;0
501;2
502;2
503;0
504;0
505;0
506;0
507;0
508;2
509;0
510;0
511;0
512;1
513;0
514;0
515;0
516;1
517;0
518;1
519;2
520;0
521;0
522;0
523;0
524;1
525;0
526;2
527;0
528;0
529;2
530;2
531;2
532;2
533;2
534;2
535;0
536;0
537;0
538;0
539;0
540;1
541;1
542;1
543;0
544;1
545;0
546;0
547;0
548;0
549;0
550;0
551;0
552;0
553;0
554;1
555;0
556;1
557;0
558;0
559;0
560;2
561;0
562;0
563;1
564;0
565;0
566;2
567;0
568;1
569;0
570;2
571;2
572;0
573;0
574;0
575;1
576;1
577;0
578;0
579;0
580;0
581;0
582;0
583;0
584;0
585;0
586;0
587;2
588;1
589;0
590;0
591;0
592;0
593;0
594;0
595;0
596;2
597;2
598;0
599;0
600;2
601;0
602;0
603;0
604;0
605;0
606;0
607;0
608;0
609;0
610;0
611;1
612;0
613;0
614;2
615;2
616;1
617;0
618;0
619;0
620;1
621;0
622;2
623;2
624;1
625;1
626;0
627;0
628;0
629;0
630;0
631;0
632;0
633;0
634;0
635;0
636;2
637;0
638;0
639;2
640;0
641;0
642;0
643;0
644;0
645;0
646;0
647;0
648;2
649;0
650;2
651;0
652;0
653;0
654;0
655;0
656;0
657;0
658;1
659;0
660;0
661;0
662;0
663;0
664;2
665;0
666;0
667;2
668;1
669;0
670;1
671;1
672;0
673;2
674;0
675;1
676;0
677;0
678;0
679;2
680;0
681;1
682;0
683;0
684;1
685;0
686;0
687;0
688;0
689;0
690;0
691;0
692;0
693;0
694;0
695;0
696;0
697;0
698;0
699;0
700;0
701;0
702;0
703;0
704;0
705;2
706;2
707;2
708;1
709;0
710;0
711;1
712;0
713;0
714;2
715;2
716;0
717;0
718;0
719;0
720;2
721;0
722;0
723;0
724;0
725;0
726;1
727;0
728;0
729;0
730;0
731;2
732;0
733;2
734;2
735;1
736;0
737;0
738;0
739;0
740;1
741;0
742;2
743;0
744;0
745;0
746;2
747;2
748;1
749;2
750;0
751;0
752;1
753;0
754;0
755;0
756;2
757;2
758;0
759;0
760;0
761;0
762;0
763;0
764;0
765;0
766;2
767;2
768;1
769;0
770;1
771;0
772;1
773;0
774;2
775;0
776;0
777;2
778;0
779;0
780;0
781;0
782;0
783;1
784;0
785;1
786;0
787;2
788;0
789;0
790;0
791;0
792;0
793;0
794;0
795;0
796;0
797;1
798;0
799;1
800;0
801;0
802;0
803;0
804;1
805;1
806;0
807;0
808;2
809;0
810;0
811;0
812;0
813;0
814;0
815;2
816;2
817;2
818;2
819;2
820;0
821;0
822;0
823;0
824;0
825;2
826;1
827;2
828;1
829;0
830;0
831;2
832;2
833;0
834;1
835;0
836;0
837;0
838;0
839;0
840;2
841;0
842;0
843;0
844;0
845;0
846;0
847;0
848;0
849;2
850;2
851;0
852;0
853;0
854;0
855;2
856;1
857;0
858;0
859;0
860;0
861;0
862;0
863;0
864;0
865;0
866;0
867;0
868;0
869;1
870;0
871;0
872;0
873;0
874;0
875;0
876;0
877;0
878;0
879;2
880;1
881;2
882;1
883;1
884;0
885;0
886;0
887;2
888;2
889;0
890;1
891;0
892;1
893;1
894;0
895;0
896;2
897;2
898;0
899;2
900;0
901;0
902;0
903;0
904;2
905;0
906;0
907;0
908;2
909;0
910;0
911;1
912;2
913;0
914;1
915;0
916;0
917;0
918;0
919;0
920;2
921;0
922;0
923;0
924;0
925;0
926;2
927;0
928;2
929;0
930;0
931;0
932;0
933;0
934;0
935;2
936;0
937;0
938;0
939;0
940;0
941;1
942;0
943;0
944;0
945;0
946;2
947;1
948;2
949;0
950;0
951;0
952;0
953;0
954;0
955;0
956;0
957;0
958;0
959;2
960;1
961;0
962;0
963;2
964;0
965;0
966;0
967;0
968;0
969;0
970;0
971;0
972;0
973;0
974;0
975;0
976;1
977;0
978;0
979;0
980;0
981;0
982;1
983;0
984;0
985;1
986;0
987;0
988;0
989;0
990;0
991;0
992;1
993;0
994;0
995;0
996;2
997;2
998;2
999;0
1000;2
1001;0
1002;0
1003;0
1004;0
1005;0
1006;2
1007;1
1008;0
1009;0
1010;0
1011;2
1012;1
1013;1
1014;1
1015;1
1016;0
1017;0
1018;0
1019;0
1020;0
1021;0
1022;0
1023;0
