0;0
1;1
2;0
3;2
4;0
5;0
6;2
7;2
8;2
9;0
10;2
11;0
12;0
13;0
14;0
15;0
16;0
17;0
18;2
19;1
20;0
21;2
22;0
23;2
24;1
25;0
26;0
27;0
28;2
29;0
30;0
31;0
32;1
33;1
34;2
35;0
36;1
37;0
38;2
39;2
40;1
41;0
42;0
43;1
44;0
45;0
46;1
47;2
48;2
49;0
50;2
51;0
52;2
53;1
54;0
55;0
56;2
57;0
58;0
59;0
60;0
61;2
62;0
63;0
64;2
65;0
66;0
67;0
68;0
69;0
70;0
71;0
72;1
73;1
74;0
75;0
76;0
77;0
78;0
79;0
80;0
81;0
82;0
83;0
84;0
85;0
86;0
87;0
88;2
89;0
90;2
91;0
92;2
93;0
94;2
95;2
96;0
97;0
98;1
99;0
100;1
101;0
102;0
103;0
104;2
105;0
106;1
107;0
108;0
109;0
110;0
111;0
112;0
113;0
114;0
115;0
116;0
117;0
118;0
119;1
120;0
121;0
122;0
123;0
124;0
125;0
126;1
127;0
128;1
129;0
130;0
131;0
132;0
133;2
134;1
135;0
136;2
137;0
138;0
139;0
140;0
141;0
142;1
143;0
144;2
145;0
146;0
147;0
148;1
149;0
150;0
151;0
152;0
153;0
154;2
155;0
156;1
157;0
158;1
159;0
160;0
161;0
162;2
163;0
164;1
165;0
166;0
167;0
168;0
169;2
170;0
171;0
172;0
173;0
174;0
175;0
176;1
177;0
178;0
179;0
180;0
181;0
182;2
183;2
184;0
185;0
186;1
187;1
188;0
189;0
190;0
191;2
192;1
193;0
194;0
195;2
196;2
197;0
198;2
199;2
200;2
201;0
202;2
203;0
204;0
205;0
206;0
207;0
208;0
209;0
210;0
211;0
212;0
213;0
214;0
215;0
216;0
217;0
218;2
219;0
220;0
221;0
222;2
223;0
224;0
225;0
226;0
227;0
228;0
229;0
230;0
231;0
232;2
233;0
234;0
235;0
236;0
237;0
238;0
239;0
240;0
241;2
242;0
243;0
244;0
245;0
246;1
247;0
248;0
249;2
250;0
251;0
252;1
253;1
254;1
255;0
256;0
257;0
258;2
259;0
260;0
261;0
262;1
263;2
264;1
265;0
266;0
267;0
268;2
269;2
270;2
271;2
272;2
273;0
274;0
275;0
276;0
277;0
278;0
279;0
280;0
281;2
282;1
283;0
284;0
285;2
286;2
287;2
288;0
289;2
290;2
291;2
292;0
293;0
294;0
295;0
296;0
297;0
298;0
299;0
300;2
301;0
302;0
303;1
304;0
305;1
306;0
307;0
308;0
309;2
310;1
311;0
312;0
313;0
314;0
315;0
316;2
317;2
318;0
319;2
320;1
321;0
322;0
323;2
324;0
325;0
326;1
327;0
328;1
329;1
330;0
331;2
332;2
333;2
334;0
335;2
336;1
337;0
338;2
339;0
340;1
341;0
342;0
343;2
344;0
345;1
346;1
347;0
348;2
349;0
350;0
351;0
352;0
353;0
354;0
355;2
356;0
357;1
358;0
359;2
360;2
361;0
362;0
363;2
364;2
365;0
366;0
367;0
368;0
369;2
370;0
371;2
372;0
373;0
374;1
375;0
376;0
377;0
378;2
379;2
380;0
381;0
382;0
383;0
384;0
385;0
386;0
387;0
388;0
389;0
390;1
391;0
392;0
393;0
394;0
395;2
396;0
397;0
398;2
399;0
400;0
401;2
402;0
403;0
404;2
405;0
406;0
407;0
408;0
409;0
410;1
411;0
412;0
413;0
414;2
415;0
416;0
417;2
418;0
419;2
420;1
421;1
422;0
423;0
424;2
425;1
426;0
427;2
428;2
429;0
430;2
431;0
432;0
433;0
434;0
435;0
436;0
437;2
438;0
439;1
440;0
441;0
442;2
443;2
444;1
445;0
446;0
447;0
448;0
449;0
450;0
451;0
452;1
453;0
454;1
455;0
456;1
457;0
458;0
459;0
460;4
461;2
462;2
463;2
464;2
465;0
466;0
467;0
468;1
469;0
470;2
471;0
472;1
473;0
474;0
475;0
476;0
477;2
478;2
479;2
480;0
481;0
482;0
483;0
484;1
485;0
486;2
487;2
488;2
489;0
490;1
491;0
492;1
493;0
494;0
495;0
496;1
497;1
498;0
499;1
500;0
501;0
502;0
503;2
504;0
505;0
506;0
507;0
508;0
509;2
510;1
511;0
512;2
513;2
514;0
515;0
516;0
517;2
518;2
519;0
520;1
521;0
522;2
523;2
524;0
525;0
526;1
527;0
528;0
529;0
530;0
531;0
532;1
533;0
534;0
535;0
536;0
537;0
538;1
539;1
540;0
541;0
542;0
543;0
544;1
545;0
546;2
547;0
548;0
549;2
550;2
551;2
552;2
553;2
554;0
555;0
556;0
557;0
558;1
559;0
560;0
561;2
562;0
563;2
564;2
565;0
566;1
567;0
568;0
569;2
570;2
571;0
572;0
573;0
574;2
575;0
576;2
577;0
578;0
579;0
580;1
581;0
582;0
583;0
584;0
585;0
586;0
587;0
588;1
589;0
590;0
591;0
592;1
593;0
594;0
595;0
596;1
597;0
598;0
599;0
600;2
601;2
602;0
603;0
604;2
605;2
606;0
607;0
608;0
609;0
610;2
611;1
612;0
613;0
614;0
615;2
616;4
617;0
618;0
619;2
620;2
621;0
622;2
623;0
624;1
625;0
626;2
627;2
628;0
629;2
630;0
631;0
632;2
633;1
634;1
635;0
636;1
637;1
638;0
639;0
640;0
641;1
642;0
643;0
644;0
645;0
646;0
647;0
648;2
649;0
650;0
651;2
652;0
653;0
654;0
655;0
656;0
657;0
658;2
659;0
660;0
661;0
662;0
663;0
664;0
665;0
666;0
667;0
668;0
669;0
670;2
671;1
672;0
673;0
674;0
675;2
676;4
677;0
678;2
679;2
680;0
681;0
682;2
683;0
684;2
685;1
686;0
687;0
688;0
689;0
690;2
691;1
692;0
693;0
694;0
695;2
696;4
697;0
698;2
699;1
700;2
701;0
702;2
703;0
704;2
705;0
706;0
707;0
708;0
709;2
710;0
711;0
712;0
713;0
714;0
715;1
716;0
717;2
718;0
719;0
720;1
721;0
722;0
723;0
724;1
725;0
726;0
727;0
728;1
729;0
730;0
731;0
732;0
733;0
734;0
735;0
736;0
737;0
738;0
739;0
740;0
741;0
742;0
743;0
744;0
745;2
746;1
747;0
748;0
749;0
750;0
751;0
752;0
753;0
754;1
755;0
756;0
757;0
758;0
759;0
760;1
761;0
762;0
763;0
764;0
765;0
766;2
767;1
768;0
769;2
770;0
771;0
772;1
773;0
774;0
775;0
776;2
777;2
778;0
779;1
780;1
781;0
782;0
783;0
784;0
785;2
786;2
787;2
788;0
789;0
790;1
791;1
792;0
793;0
794;0
795;0
796;0
797;0
798;0
799;0
800;0
801;0
802;0
803;1
804;0
805;0
806;0
807;0
808;0
809;0
810;1
811;1
812;0
813;0
814;1
815;0
816;0
817;0
818;0
819;0
820;0
821;2
822;2
823;0
824;1
825;2
826;2
827;0
828;0
829;0
830;0
831;0
832;0
833;0
834;0
835;0
836;2
837;2
838;2
839;2
840;2
841;0
842;0
843;1
844;0
845;0
846;1
847;1
848;1
849;0
850;1
851;2
852;2
853;2
854;1
855;0
856;0
857;0
858;1
859;0
860;0
861;0
862;1
863;0
864;0
865;0
866;0
867;0
868;0
869;0
870;2
871;0
872;0
873;0
874;0
875;0
876;1
877;1
878;0
879;0
880;0
881;0
882;2
883;0
884;0
885;1
886;1
887;0
888;0
889;1
890;0
891;0
892;0
893;2
894;0
895;2
896;2
897;0
898;0
899;2
900;0
901;0
902;1
903;0
904;0
905;0
906;0
907;0
908;1
909;0
910;0
911;0
912;2
913;0
914;2
915;2
916;2
917;0
918;0
919;0
920;1
921;1
922;0
923;0
924;0
925;0
926;0
927;0
928;1
929;1
930;0
931;0
932;0
933;0
934;0
935;0
936;0
937;2
938;0
939;0
940;2
941;2
942;2
943;2
944;1
945;0
946;1
947;2
948;2
949;0
950;0
951;0
952;0
953;1
954;0
955;1
956;0
957;0
958;1
959;0
960;0
961;2
962;2
963;2
964;2
965;0
966;0
967;0
968;0
969;0
970;0
971;0
972;0
973;2
974;1
975;0
976;1
977;1
978;0
979;0
980;0
981;2
982;2
983;2
984;1
985;0
986;2
987;0
988;0
989;0
990;0
991;2
992;0
993;0
994;1
995;0
996;1
997;0
998;0
999;0
1000;2
1001;0
1002;0
1003;0
1004;2
1005;0
1006;0
1007;2
1008;0
1009;0
1010;0
1011;0
1012;1
1013;0
1014;0
1015;0
1016;0
1017;0
1018;0
1019;0
1020;0
1021;0
1022;0
1023;0
