0;0
1;0
2;0
3;2
4;2
5;0
6;2
7;2
8;1
9;0
10;2
11;0
12;0
13;1
14;1
15;1
16;0
17;0
18;0
19;2
20;0
21;1
22;1
23;0
24;1
25;0
26;0
27;0
28;2
29;0
30;0
31;0
32;0
33;0
34;0
35;0
36;0
37;0
38;0
39;0
40;0
41;0
42;1
43;1
44;0
45;0
46;2
47;2
48;1
49;0
50;0
51;2
52;4
53;0
54;2
55;2
56;2
57;0
58;2
59;0
60;1
61;2
62;2
63;1
64;2
65;1
66;0
67;1
68;1
69;0
70;0
71;2
72;2
73;0
74;0
75;0
76;0
77;0
78;0
79;0
80;0
81;0
82;0
83;0
84;2
85;0
86;0
87;0
88;2
89;0
90;2
91;0
92;0
93;0
94;0
95;0
96;2
97;1
98;0
99;0
100;0
101;1
102;0
103;0
104;0
105;0
106;0
107;0
108;0
109;0
110;1
111;0
112;1
113;0
114;1
115;2
116;2
117;0
118;2
119;1
120;0
121;0
122;1
123;0
124;1
125;0
126;0
127;0
128;0
129;0
130;0
131;1
132;0
133;1
134;1
135;1
136;0
137;0
138;0
139;0
140;0
141;0
142;2
143;0
144;0
145;0
146;2
147;2
148;2
149;0
150;0
151;1
152;2
153;0
154;0
155;0
156;1
157;0
158;0
159;2
160;0
161;2
162;0
163;0
164;2
165;1
166;0
167;0
168;0
169;0
170;0
171;0
172;1
173;0
174;0
175;2
176;0
177;0
178;0
179;1
180;0
181;2
182;2
183;2
184;2
185;0
186;0
187;0
188;0
189;1
190;0
191;0
192;0
193;0
194;2
195;0
196;2
197;1
198;0
199;2
200;1
201;0
202;0
203;0
204;0
205;0
206;0
207;1
208;0
209;0
210;2
211;0
212;0
213;0
214;0
215;0
216;2
217;0
218;1
219;0
220;0
221;0
222;0
223;0
224;1
225;0
226;2
227;1
228;1
229;0
230;2
231;1
232;1
233;0
234;0
235;1
236;0
237;2
238;0
239;1
240;1
241;0
242;1
243;0
244;1
245;0
246;1
247;0
248;0
249;0
250;2
251;2
252;1
253;0
254;0
255;0
256;0
257;0
258;1
259;1
260;1
261;0
262;0
263;0
264;0
265;2
266;0
267;0
268;0
269;2
270;2
271;0
272;0
273;0
274;0
275;1
276;0
277;0
278;0
279;2
280;1
281;0
282;0
283;1
284;0
285;0
286;0
287;0
288;0
289;0
290;0
291;2
292;2
293;0
294;0
295;0
296;1
297;0
298;0
299;0
300;1
301;1
302;0
303;0
304;0
305;0
306;2
307;0
308;0
309;2
310;0
311;0
312;0
313;0
314;0
315;0
316;0
317;0
318;1
319;0
320;0
321;2
322;0
323;0
324;0
325;0
326;2
327;1
328;1
329;0
330;0
331;1
332;0
333;0
334;0
335;0
336;0
337;2
338;0
339;0
340;0
341;0
342;0
343;1
344;0
345;2
346;2
347;2
348;2
349;0
350;0
351;0
352;0
353;0
354;1
355;0
356;1
357;0
358;0
359;2
360;2
361;0
362;2
363;0
364;0
365;0
366;2
367;0
368;2
369;2
370;0
371;1
372;0
373;0
374;2
375;0
376;1
377;0
378;2
379;0
380;0
381;0
382;0
383;0
384;0
385;0
386;0
387;1
388;2
389;1
390;0
391;2
392;1
393;0
394;0
395;0
396;2
397;0
398;0
399;0
400;1
401;0
402;2
403;0
404;0
405;0
406;0
407;0
408;2
409;2
410;2
411;0
412;0
413;0
414;2
415;0
416;0
417;0
418;0
419;0
420;2
421;0
422;0
423;0
424;0
425;0
426;0
427;0
428;0
429;0
430;0
431;0
432;1
433;2
434;0
435;0
436;0
437;0
438;0
439;0
440;1
441;0
442;1
443;0
444;1
445;0
446;0
447;0
448;0
449;0
450;0
451;0
452;0
453;1
454;0
455;0
456;1
457;0
458;0
459;0
460;1
461;1
462;1
463;0
464;2
465;0
466;0
467;0
468;0
469;0
470;0
471;2
472;0
473;0
474;2
475;0
476;2
477;0
478;0
479;0
480;0
481;0
482;2
483;0
484;0
485;2
486;0
487;2
488;2
489;0
490;0
491;0
492;0
493;0
494;0
495;2
496;1
497;0
498;0
499;0
500;0
501;1
502;1
503;0
504;1
505;0
506;0
507;0
508;0
509;0
510;1
511;0
512;2
513;0
514;2
515;0
516;2
517;0
518;0
519;0
520;2
521;0
522;0
523;0
524;1
525;0
526;0
527;2
528;0
529;0
530;0
531;2
532;0
533;2
534;2
535;2
536;2
537;0
538;0
539;2
540;1
541;1
542;0
543;0
544;0
545;0
546;0
547;0
548;2
549;0
550;0
551;0
552;0
553;0
554;0
555;0
556;0
557;2
558;2
559;1
560;0
561;0
562;2
563;2
564;1
565;0
566;0
567;0
568;0
569;0
570;0
571;0
572;1
573;0
574;0
575;0
576;1
577;1
578;0
579;0
580;0
581;0
582;1
583;0
584;0
585;0
586;0
587;2
588;1
589;1
590;0
591;0
592;0
593;2
594;1
595;0
596;2
597;0
598;0
599;0
600;0
601;0
602;2
603;0
604;2
605;0
606;0
607;0
608;0
609;0
610;0
611;0
612;1
613;0
614;0
615;0
616;0
617;2
618;2
619;2
620;0
621;0
622;2
623;0
624;2
625;0
626;0
627;2
628;0
629;0
630;0
631;0
632;0
633;2
634;0
635;0
636;0
637;0
638;0
639;0
640;0
641;0
642;0
643;0
644;0
645;0
646;1
647;0
648;0
649;0
650;0
651;0
652;0
653;1
654;0
655;1
656;0
657;0
658;0
659;0
660;0
661;0
662;0
663;2
664;2
665;2
666;1
667;0
668;0
669;0
670;0
671;2
672;2
673;0
674;2
675;2
676;2
677;0
678;2
679;0
680;2
681;1
682;0
683;2
684;1
685;0
686;1
687;0
688;1
689;2
690;0
691;0
692;2
693;0
694;0
695;0
696;0
697;2
698;1
699;0
700;0
701;1
702;0
703;2
704;0
705;0
706;0
707;0
708;0
709;1
710;0
711;1
712;1
713;0
714;0
715;0
716;4
717;2
718;0
719;0
720;0
721;0
722;2
723;0
724;1
725;0
726;2
727;2
728;2
729;0
730;2
731;0
732;0
733;0
734;0
735;0
736;0
737;0
738;0
739;0
740;1
741;0
742;0
743;0
744;0
745;0
746;2
747;2
748;0
749;0
750;0
751;0
752;0
753;0
754;0
755;0
756;0
757;0
758;0
759;0
760;0
761;1
762;2
763;2
764;2
765;2
766;1
767;1
768;0
769;0
770;0
771;0
772;0
773;1
774;0
775;1
776;0
777;2
778;2
779;2
780;0
781;2
782;2
783;0
784;1
785;0
786;1
787;1
788;0
789;2
790;0
791;1
792;0
793;0
794;0
795;0
796;0
797;2
798;0
799;0
800;0
801;0
802;0
803;2
804;0
805;0
806;2
807;2
808;0
809;0
810;0
811;0
812;0
813;0
814;0
815;0
816;2
817;0
818;0
819;0
820;0
821;0
822;0
823;2
824;0
825;1
826;0
827;0
828;0
829;0
830;1
831;0
832;0
833;0
834;0
835;0
836;2
837;2
838;0
839;0
840;0
841;0
842;0
843;0
844;0
845;0
846;0
847;2
848;2
849;0
850;0
851;2
852;0
853;0
854;0
855;0
856;1
857;0
858;0
859;2
860;4
861;0
862;2
863;2
864;2
865;0
866;2
867;0
868;2
869;0
870;0
871;0
872;0
873;0
874;2
875;1
876;0
877;0
878;0
879;0
880;0
881;0
882;0
883;0
884;1
885;1
886;0
887;0
888;0
889;1
890;0
891;0
892;0
893;2
894;2
895;0
896;2
897;2
898;2
899;2
900;0
901;0
902;2
903;0
904;0
905;0
906;0
907;1
908;0
909;0
910;0
911;0
912;0
913;0
914;0
915;0
916;0
917;0
918;0
919;0
920;0
921;0
922;0
923;2
924;0
925;1
926;0
927;0
928;0
929;0
930;0
931;0
932;0
933;2
934;0
935;1
936;0
937;0
938;0
939;0
940;0
941;0
942;0
943;0
944;0
945;0
946;0
947;0
948;0
949;1
950;0
951;0
952;0
953;0
954;0
955;0
956;0
957;0
958;2
959;0
960;0
961;2
962;2
963;0
964;0
965;1
966;0
967;0
968;2
969;2
970;2
971;2
972;2
973;2
974;2
975;2
976;2
977;2
978;2
979;2
980;2
981;0
982;0
983;1
984;0
985;2
986;2
987;1
988;0
989;2
990;0
991;2
992;1
993;0
994;0
995;0
996;0
997;0
998;0
999;0
1000;0
1001;2
1002;0
1003;2
1004;0
1005;0
1006;0
1007;2
1008;0
1009;0
1010;0
1011;0
1012;1
1013;0
1014;1
1015;0
1016;0
1017;0
1018;0
1019;0
1020;0
1021;0
1022;0
1023;0
