0;0
1;0
2;0
3;0
4;2
5;0
6;2
7;2
8;0
9;0
10;0
11;0
12;2
13;0
14;0
15;0
16;0
17;2
18;2
19;1
20;0
21;0
22;2
23;2
24;1
25;1
26;2
27;2
28;2
29;0
30;0
31;2
32;0
33;2
34;2
35;0
36;2
37;0
38;1
39;0
40;0
41;0
42;0
43;0
44;0
45;0
46;1
47;0
48;0
49;0
50;0
51;0
52;0
53;0
54;0
55;1
56;0
57;0
58;1
59;0
60;2
61;0
62;0
63;2
64;2
65;0
66;0
67;0
68;2
69;0
70;2
71;0
72;0
73;0
74;2
75;0
76;2
77;0
78;0
79;0
80;1
81;0
82;0
83;0
84;0
85;0
86;0
87;0
88;2
89;0
90;0
91;0
92;1
93;2
94;0
95;1
96;0
97;1
98;0
99;2
100;2
101;0
102;1
103;0
104;0
105;0
106;0
107;0
108;2
109;0
110;1
111;0
112;0
113;0
114;0
115;0
116;0
117;1
118;0
119;0
120;0
121;0
122;1
123;0
124;0
125;0
126;1
127;0
128;2
129;1
130;1
131;0
132;2
133;0
134;1
135;0
136;0
137;0
138;0
139;0
140;2
141;0
142;0
143;0
144;0
145;2
146;1
147;0
148;1
149;0
150;1
151;1
152;2
153;0
154;0
155;0
156;0
157;0
158;0
159;2
160;0
161;0
162;0
163;2
164;4
165;0
166;1
167;0
168;2
169;0
170;0
171;0
172;2
173;2
174;2
175;2
176;0
177;0
178;0
179;0
180;0
181;0
182;1
183;0
184;0
185;0
186;0
187;0
188;0
189;0
190;0
191;0
192;0
193;0
194;0
195;0
196;2
197;0
198;0
199;0
200;2
201;2
202;1
203;0
204;2
205;0
206;2
207;2
208;0
209;1
210;2
211;2
212;2
213;2
214;2
215;0
216;0
217;0
218;0
219;0
220;1
221;0
222;0
223;0
224;0
225;0
226;0
227;2
228;0
229;0
230;1
231;0
232;0
233;2
234;2
235;2
236;0
237;0
238;0
239;2
240;0
241;2
242;0
243;0
244;0
245;2
246;2
247;2
248;0
249;0
250;1
251;0
252;0
253;0
254;2
255;2
256;2
257;0
258;0
259;0
260;1
261;0
262;2
263;0
264;0
265;0
266;2
267;1
268;0
269;0
270;0
271;0
272;4
273;2
274;2
275;2
276;2
277;0
278;2
279;0
280;1
281;0
282;0
283;0
284;2
285;2
286;2
287;2
288;0
289;0
290;0
291;1
292;0
293;0
294;0
295;0
296;0
297;0
298;0
299;2
300;0
301;2
302;1
303;0
304;0
305;0
306;0
307;2
308;1
309;0
310;0
311;1
312;0
313;0
314;1
315;0
316;2
317;0
318;0
319;0
320;2
321;0
322;2
323;0
324;0
325;0
326;0
327;0
328;0
329;1
330;0
331;0
332;0
333;0
334;0
335;0
336;0
337;0
338;0
339;2
340;1
341;0
342;0
343;1
344;2
345;0
346;2
347;1
348;0
349;0
350;0
351;0
352;2
353;2
354;2
355;2
356;1
357;0
358;0
359;0
360;0
361;0
362;0
363;1
364;0
365;0
366;1
367;0
368;0
369;0
370;0
371;2
372;2
373;2
374;2
375;0
376;0
377;2
378;0
379;1
380;0
381;0
382;0
383;0
384;4
385;2
386;0
387;0
388;2
389;1
390;0
391;2
392;1
393;0
394;0
395;0
396;2
397;1
398;0
399;0
400;0
401;0
402;0
403;1
404;0
405;2
406;1
407;0
408;0
409;2
410;1
411;0
412;2
413;2
414;1
415;0
416;0
417;0
418;0
419;0
420;0
421;1
422;0
423;2
424;0
425;2
426;1
427;0
428;0
429;0
430;1
431;0
432;0
433;0
434;0
435;0
436;0
437;0
438;2
439;2
440;2
441;2
442;0
443;0
444;2
445;2
446;0
447;0
448;0
449;0
450;0
451;0
452;1
453;2
454;0
455;0
456;0
457;0
458;2
459;1
460;0
461;0
462;2
463;0
464;0
465;0
466;0
467;0
468;2
469;0
470;0
471;0
472;1
473;0
474;0
475;0
476;0
477;0
478;0
479;0
480;1
481;1
482;0
483;0
484;4
485;0
486;0
487;2
488;0
489;0
490;0
491;0
492;2
493;1
494;0
495;2
496;0
497;2
498;2
499;1
500;0
501;0
502;1
503;0
504;0
505;0
506;0
507;2
508;2
509;2
510;1
511;0
512;0
513;0
514;0
515;0
516;1
517;0
518;0
519;2
520;1
521;0
522;2
523;1
524;2
525;0
526;2
527;0
528;2
529;0
530;2
531;2
532;1
533;0
534;0
535;0
536;0
537;0
538;2
539;1
540;0
541;0
542;1
543;0
544;0
545;0
546;0
547;0
548;0
549;2
550;1
551;0
552;2
553;2
554;0
555;2
556;0
557;0
558;0
559;0
560;0
561;0
562;2
563;2
564;1
565;0
566;0
567;2
568;1
569;0
570;2
571;2
572;2
573;0
574;2
575;0
576;2
577;2
578;0
579;2
580;1
581;1
582;0
583;0
584;2
585;0
586;0
587;2
588;2
589;0
590;0
591;0
592;0
593;0
594;0
595;0
596;1
597;0
598;0
599;2
600;1
601;0
602;0
603;0
604;4
605;0
606;2
607;1
608;0
609;0
610;2
611;0
612;1
613;0
614;0
615;0
616;1
617;0
618;0
619;2
620;0
621;0
622;0
623;1
624;0
625;0
626;2
627;0
628;0
629;0
630;2
631;0
632;2
633;2
634;0
635;2
636;0
637;0
638;0
639;0
640;0
641;0
642;0
643;0
644;2
645;0
646;0
647;2
648;0
649;0
650;1
651;0
652;0
653;0
654;1
655;0
656;0
657;2
658;0
659;0
660;1
661;0
662;0
663;2
664;1
665;0
666;2
667;2
668;2
669;0
670;1
671;0
672;0
673;0
674;0
675;0
676;2
677;0
678;2
679;2
680;2
681;0
682;0
683;0
684;2
685;0
686;2
687;0
688;0
689;0
690;0
691;1
692;0
693;2
694;1
695;0
696;2
697;0
698;0
699;0
700;1
701;0
702;0
703;0
704;0
705;2
706;0
707;0
708;0
709;2
710;0
711;0
712;2
713;0
714;1
715;0
716;0
717;0
718;0
719;2
720;2
721;0
722;0
723;0
724;0
725;0
726;0
727;0
728;0
729;1
730;0
731;1
732;0
733;0
734;0
735;0
736;1
737;0
738;0
739;0
740;1
741;0
742;0
743;2
744;1
745;0
746;0
747;0
748;0
749;0
750;1
751;0
752;0
753;0
754;2
755;2
756;0
757;0
758;0
759;0
760;0
761;0
762;0
763;0
764;0
765;2
766;2
767;0
768;2
769;1
770;0
771;0
772;0
773;0
774;0
775;2
776;1
777;2
778;0
779;1
780;0
781;0
782;0
783;0
784;1
785;0
786;0
787;0
788;0
789;0
790;0
791;0
792;1
793;0
794;0
795;1
796;0
797;0
798;0
799;0
800;2
801;2
802;0
803;0
804;0
805;0
806;0
807;0
808;2
809;2
810;1
811;0
812;2
813;2
814;0
815;2
816;2
817;0
818;0
819;0
820;0
821;0
822;0
823;0
824;1
825;0
826;0
827;0
828;0
829;2
830;0
831;0
832;0
833;2
834;2
835;2
836;2
837;0
838;0
839;0
840;0
841;1
842;0
843;1
844;0
845;0
846;2
847;1
848;0
849;0
850;1
851;0
852;0
853;0
854;0
855;0
856;0
857;1
858;1
859;0
860;0
861;2
862;0
863;0
864;0
865;1
866;0
867;2
868;1
869;0
870;2
871;1
872;2
873;0
874;0
875;2
876;2
877;0
878;2
879;0
880;0
881;0
882;2
883;1
884;0
885;0
886;0
887;2
888;1
889;0
890;0
891;2
892;2
893;0
894;2
895;0
896;2
897;0
898;0
899;0
900;0
901;0
902;2
903;1
904;0
905;0
906;1
907;0
908;2
909;0
910;0
911;1
912;1
913;2
914;2
915;1
916;0
917;0
918;2
919;0
920;0
921;0
922;0
923;0
924;0
925;0
926;0
927;0
928;2
929;0
930;0
931;0
932;0
933;1
934;0
935;0
936;0
937;2
938;2
939;2
940;0
941;0
942;2
943;0
944;0
945;0
946;0
947;0
948;0
949;2
950;0
951;0
952;0
953;0
954;0
955;2
956;0
957;0
958;0
959;1
960;0
961;2
962;0
963;2
964;1
965;0
966;2
967;2
968;1
969;0
970;0
971;2
972;4
973;2
974;2
975;2
976;2
977;0
978;0
979;0
980;1
981;0
982;0
983;0
984;2
985;0
986;2
987;0
988;0
989;0
990;2
991;1
992;0
993;0
994;1
995;0
996;2
997;1
998;2
999;0
1000;1
1001;0
1002;2
1003;0
1004;0
1005;1
1006;0
1007;2
1008;3
1009;0
1010;2
1011;0
1012;1
1013;0
1014;1
1015;0
1016;0
1017;0
1018;0
1019;0
1020;0
1021;0
1022;0
1023;0
