0;1
1;0
2;0
3;2
4;2
5;0
6;2
7;1
8;2
9;0
10;2
11;0
12;1
13;0
14;1
15;0
16;0
17;0
18;0
19;1
20;0
21;2
22;0
23;2
24;1
25;0
26;0
27;1
28;2
29;0
30;0
31;0
32;2
33;0
34;2
35;0
36;2
37;0
38;1
39;0
40;1
41;0
42;1
43;0
44;2
45;0
46;2
47;0
48;0
49;2
50;0
51;0
52;2
53;0
54;0
55;0
56;0
57;0
58;0
59;0
60;2
61;0
62;0
63;2
64;0
65;2
66;0
67;2
68;0
69;0
70;0
71;0
72;0
73;0
74;0
75;0
76;2
77;1
78;0
79;0
80;2
81;0
82;0
83;0
84;0
85;1
86;0
87;0
88;0
89;0
90;0
91;2
92;2
93;0
94;1
95;0
96;2
97;0
98;0
99;0
100;0
101;1
102;2
103;0
104;0
105;0
106;0
107;1
108;0
109;0
110;0
111;0
112;0
113;2
114;1
115;0
116;2
117;2
118;0
119;0
120;0
121;2
122;2
123;2
124;2
125;0
126;0
127;0
128;0
129;2
130;1
131;0
132;1
133;0
134;1
135;0
136;1
137;0
138;0
139;2
140;4
141;0
142;2
143;2
144;2
145;0
146;2
147;0
148;1
149;0
150;1
151;0
152;0
153;0
154;2
155;0
156;0
157;0
158;0
159;0
160;0
161;0
162;1
163;1
164;0
165;2
166;2
167;0
168;2
169;0
170;2
171;0
172;0
173;1
174;2
175;2
176;2
177;0
178;0
179;0
180;0
181;0
182;0
183;0
184;0
185;0
186;2
187;2
188;0
189;0
190;0
191;0
192;0
193;2
194;2
195;0
196;1
197;0
198;2
199;2
200;1
201;0
202;0
203;2
204;2
205;2
206;2
207;0
208;0
209;0
210;0
211;2
212;2
213;0
214;0
215;0
216;0
217;0
218;0
219;0
220;0
221;0
222;0
223;0
224;0
225;0
226;2
227;2
228;0
229;2
230;0
231;0
232;0
233;0
234;0
235;0
236;0
237;2
238;0
239;0
240;0
241;2
242;0
243;0
244;0
245;2
246;0
247;2
248;1
249;0
250;0
251;0
252;0
253;0
254;0
255;2
256;1
257;1
258;2
259;2
260;0
261;0
262;2
263;0
264;0
265;0
266;1
267;0
268;0
269;0
270;2
271;0
272;0
273;2
274;1
275;0
276;0
277;2
278;2
279;2
280;0
281;0
282;2
283;0
284;0
285;0
286;0
287;0
288;0
289;0
290;0
291;0
292;0
293;0
294;0
295;0
296;0
297;0
298;0
299;0
300;0
301;0
302;0
303;1
304;0
305;1
306;0
307;0
308;0
309;0
310;2
311;0
312;4
313;1
314;0
315;0
316;1
317;1
318;0
319;2
320;1
321;0
322;0
323;1
324;2
325;0
326;1
327;1
328;0
329;1
330;1
331;0
332;2
333;2
334;2
335;1
336;0
337;2
338;1
339;0
340;1
341;0
342;0
343;0
344;2
345;0
346;0
347;0
348;1
349;1
350;2
351;0
352;0
353;0
354;1
355;2
356;0
357;1
358;0
359;1
360;0
361;2
362;2
363;0
364;2
365;0
366;2
367;0
368;0
369;2
370;0
371;0
372;0
373;1
374;2
375;0
376;1
377;0
378;0
379;2
380;1
381;0
382;0
383;2
384;2
385;0
386;2
387;2
388;4
389;0
390;1
391;2
392;2
393;2
394;2
395;2
396;2
397;2
398;2
399;2
400;0
401;0
402;1
403;0
404;0
405;0
406;0
407;0
408;1
409;0
410;2
411;0
412;2
413;2
414;0
415;0
416;2
417;0
418;0
419;0
420;2
421;0
422;0
423;2
424;1
425;2
426;2
427;0
428;2
429;1
430;0
431;2
432;1
433;1
434;0
435;0
436;2
437;1
438;0
439;0
440;1
441;0
442;2
443;0
444;0
445;0
446;0
447;1
448;0
449;0
450;0
451;0
452;0
453;0
454;2
455;1
456;0
457;0
458;1
459;0
460;0
461;0
462;0
463;0
464;0
465;2
466;0
467;2
468;0
469;0
470;1
471;0
472;0
473;2
474;2
475;2
476;2
477;1
478;2
479;0
480;0
481;0
482;0
483;0
484;0
485;1
486;2
487;2
488;2
489;0
490;1
491;0
492;2
493;0
494;0
495;2
496;1
497;0
498;0
499;0
500;1
501;0
502;0
503;0
504;0
505;0
506;0
507;0
508;0
509;0
510;0
511;0
512;2
513;2
514;2
515;0
516;2
517;2
518;1
519;0
520;0
521;2
522;0
523;0
524;0
525;0
526;0
527;1
528;2
529;0
530;2
531;0
532;0
533;0
534;0
535;0
536;1
537;0
538;0
539;0
540;0
541;0
542;1
543;1
544;0
545;0
546;0
547;0
548;1
549;0
550;2
551;0
552;0
553;2
554;2
555;0
556;2
557;1
558;0
559;0
560;0
561;1
562;2
563;0
564;0
565;2
566;2
567;1
568;2
569;0
570;2
571;0
572;0
573;0
574;0
575;0
576;0
577;0
578;0
579;0
580;2
581;2
582;0
583;0
584;0
585;0
586;0
587;0
588;0
589;0
590;0
591;0
592;0
593;0
594;0
595;0
596;1
597;0
598;0
599;2
600;2
601;0
602;0
603;2
604;1
605;0
606;0
607;2
608;2
609;0
610;2
611;0
612;1
613;2
614;0
615;0
616;2
617;0
618;0
619;0
620;2
621;0
622;0
623;0
624;0
625;0
626;2
627;0
628;0
629;0
630;2
631;0
632;0
633;0
634;1
635;0
636;2
637;2
638;0
639;0
640;2
641;1
642;1
643;0
644;1
645;2
646;0
647;1
648;0
649;0
650;0
651;0
652;0
653;0
654;0
655;2
656;0
657;0
658;0
659;2
660;0
661;0
662;0
663;0
664;0
665;0
666;2
667;0
668;0
669;0
670;1
671;1
672;0
673;0
674;0
675;0
676;2
677;1
678;2
679;2
680;0
681;0
682;0
683;0
684;1
685;0
686;2
687;2
688;1
689;0
690;1
691;1
692;1
693;0
694;0
695;0
696;0
697;0
698;0
699;2
700;1
701;2
702;1
703;0
704;0
705;0
706;0
707;0
708;0
709;0
710;0
711;0
712;1
713;1
714;0
715;0
716;0
717;0
718;0
719;0
720;0
721;0
722;0
723;0
724;0
725;0
726;0
727;0
728;0
729;0
730;0
731;0
732;2
733;0
734;0
735;1
736;0
737;0
738;2
739;0
740;0
741;0
742;0
743;2
744;1
745;0
746;2
747;0
748;0
749;0
750;2
751;0
752;0
753;0
754;2
755;2
756;1
757;0
758;0
759;2
760;0
761;2
762;2
763;2
764;2
765;2
766;2
767;0
768;0
769;1
770;0
771;0
772;0
773;2
774;0
775;2
776;0
777;0
778;0
779;0
780;0
781;0
782;2
783;2
784;0
785;2
786;1
787;0
788;2
789;2
790;2
791;0
792;1
793;1
794;0
795;0
796;0
797;1
798;0
799;1
800;0
801;0
802;0
803;0
804;0
805;0
806;0
807;0
808;0
809;0
810;1
811;0
812;0
813;0
814;0
815;0
816;0
817;0
818;2
819;0
820;1
821;1
822;0
823;0
824;2
825;0
826;0
827;0
828;0
829;0
830;0
831;2
832;2
833;2
834;1
835;2
836;2
837;0
838;0
839;0
840;0
841;2
842;1
843;2
844;1
845;0
846;0
847;2
848;2
849;0
850;2
851;0
852;0
853;0
854;0
855;0
856;2
857;1
858;2
859;0
860;0
861;0
862;0
863;0
864;0
865;0
866;2
867;0
868;0
869;0
870;0
871;0
872;1
873;1
874;0
875;0
876;0
877;0
878;0
879;0
880;0
881;1
882;1
883;0
884;0
885;1
886;0
887;1
888;1
889;0
890;0
891;0
892;0
893;0
894;2
895;2
896;1
897;1
898;1
899;1
900;0
901;0
902;0
903;2
904;0
905;1
906;2
907;0
908;0
909;0
910;0
911;0
912;2
913;2
914;0
915;0
916;0
917;0
918;2
919;0
920;0
921;0
922;0
923;1
924;0
925;0
926;0
927;0
928;2
929;0
930;1
931;0
932;0
933;0
934;0
935;2
936;2
937;0
938;2
939;0
940;0
941;0
942;1
943;0
944;1
945;1
946;0
947;0
948;2
949;2
950;1
951;2
952;2
953;0
954;2
955;0
956;1
957;0
958;2
959;0
960;0
961;0
962;0
963;0
964;0
965;0
966;0
967;0
968;0
969;1
970;2
971;0
972;0
973;1
974;0
975;1
976;0
977;0
978;1
979;0
980;2
981;0
982;2
983;0
984;0
985;0
986;0
987;0
988;0
989;0
990;1
991;0
992;0
993;0
994;0
995;2
996;0
997;0
998;0
999;0
1000;0
1001;0
1002;0
1003;0
1004;0
1005;0
1006;0
1007;0
1008;1
1009;0
1010;0
1011;0
1012;0
1013;0
1014;1
1015;1
1016;0
1017;0
1018;0
1019;0
1020;0
1021;0
1022;0
1023;0
