0;0
1;0
2;0
3;2
4;2
5;0
6;2
7;2
8;2
9;2
10;2
11;0
12;2
13;1
14;0
15;0
16;0
17;1
18;0
19;0
20;2
21;0
22;2
23;2
24;1
25;0
26;0
27;0
28;1
29;0
30;0
31;2
32;1
33;0
34;2
35;2
36;2
37;0
38;0
39;0
40;2
41;0
42;2
43;2
44;2
45;1
46;0
47;0
48;0
49;0
50;2
51;0
52;0
53;0
54;0
55;2
56;2
57;0
58;0
59;0
60;0
61;2
62;2
63;0
64;0
65;0
66;2
67;0
68;0
69;0
70;0
71;2
72;0
73;2
74;0
75;0
76;1
77;0
78;0
79;2
80;2
81;0
82;1
83;1
84;0
85;2
86;2
87;0
88;2
89;2
90;0
91;2
92;0
93;0
94;0
95;0
96;1
97;0
98;2
99;0
100;0
101;1
102;0
103;2
104;4
105;0
106;2
107;2
108;2
109;0
110;2
111;0
112;2
113;0
114;0
115;0
116;0
117;0
118;0
119;2
120;0
121;0
122;0
123;0
124;0
125;0
126;0
127;0
128;0
129;2
130;1
131;0
132;2
133;0
134;1
135;0
136;2
137;2
138;0
139;0
140;1
141;0
142;0
143;0
144;0
145;2
146;1
147;0
148;0
149;1
150;0
151;0
152;0
153;0
154;2
155;2
156;2
157;0
158;1
159;0
160;2
161;2
162;2
163;0
164;0
165;0
166;2
167;0
168;2
169;0
170;0
171;0
172;0
173;0
174;0
175;0
176;0
177;0
178;0
179;2
180;1
181;0
182;1
183;0
184;0
185;0
186;0
187;1
188;2
189;0
190;2
191;1
192;0
193;0
194;0
195;0
196;0
197;0
198;0
199;0
200;0
201;1
202;1
203;2
204;2
205;0
206;1
207;0
208;0
209;0
210;1
211;0
212;0
213;0
214;0
215;0
216;0
217;0
218;0
219;0
220;0
221;2
222;0
223;2
224;4
225;2
226;2
227;0
228;2
229;0
230;1
231;0
232;1
233;0
234;1
235;0
236;0
237;0
238;2
239;2
240;2
241;0
242;2
243;2
244;0
245;0
246;1
247;0
248;0
249;0
250;1
251;2
252;2
253;2
254;1
255;0
256;0
257;2
258;1
259;0
260;0
261;0
262;0
263;0
264;4
265;0
266;0
267;2
268;0
269;0
270;1
271;0
272;1
273;1
274;0
275;2
276;2
277;0
278;0
279;2
280;2
281;0
282;2
283;0
284;0
285;0
286;0
287;0
288;1
289;0
290;0
291;0
292;0
293;0
294;0
295;0
296;1
297;0
298;0
299;2
300;1
301;0
302;0
303;2
304;2
305;0
306;2
307;2
308;2
309;0
310;2
311;0
312;1
313;0
314;0
315;2
316;0
317;0
318;0
319;0
320;0
321;0
322;0
323;2
324;2
325;0
326;0
327;0
328;2
329;2
330;0
331;2
332;0
333;0
334;1
335;0
336;2
337;0
338;1
339;0
340;1
341;0
342;0
343;0
344;0
345;0
346;0
347;0
348;2
349;2
350;0
351;0
352;2
353;2
354;0
355;1
356;2
357;2
358;1
359;0
360;2
361;0
362;0
363;0
364;1
365;0
366;2
367;0
368;0
369;0
370;0
371;2
372;2
373;0
374;2
375;1
376;0
377;0
378;1
379;0
380;1
381;2
382;2
383;0
384;2
385;0
386;2
387;2
388;2
389;0
390;0
391;1
392;0
393;2
394;1
395;0
396;2
397;0
398;0
399;0
400;0
401;0
402;0
403;0
404;0
405;0
406;0
407;2
408;2
409;0
410;0
411;0
412;2
413;0
414;0
415;0
416;0
417;0
418;0
419;2
420;1
421;0
422;0
423;0
424;0
425;0
426;1
427;0
428;0
429;0
430;0
431;2
432;1
433;1
434;0
435;2
436;2
437;2
438;1
439;2
440;2
441;0
442;0
443;0
444;0
445;0
446;0
447;2
448;0
449;1
450;0
451;0
452;0
453;0
454;2
455;2
456;2
457;1
458;1
459;0
460;2
461;2
462;1
463;0
464;0
465;0
466;0
467;0
468;2
469;0
470;2
471;2
472;2
473;0
474;0
475;0
476;2
477;0
478;1
479;0
480;2
481;0
482;0
483;0
484;0
485;0
486;0
487;0
488;2
489;0
490;2
491;2
492;0
493;0
494;0
495;0
496;0
497;0
498;0
499;0
500;0
501;0
502;1
503;0
504;0
505;0
506;2
507;0
508;0
509;1
510;0
511;0
512;0
513;0
514;0
515;0
516;0
517;2
518;1
519;0
520;1
521;0
522;0
523;2
524;1
525;0
526;1
527;0
528;0
529;0
530;1
531;0
532;1
533;0
534;0
535;0
536;2
537;0
538;2
539;1
540;0
541;0
542;4
543;0
544;0
545;0
546;0
547;0
548;0
549;0
550;2
551;2
552;0
553;0
554;2
555;0
556;2
557;0
558;0
559;2
560;2
561;0
562;2
563;0
564;0
565;0
566;0
567;0
568;0
569;0
570;1
571;0
572;2
573;0
574;0
575;2
576;0
577;0
578;0
579;1
580;0
581;2
582;2
583;2
584;0
585;0
586;0
587;0
588;1
589;0
590;0
591;0
592;0
593;1
594;0
595;0
596;1
597;0
598;2
599;2
600;1
601;0
602;0
603;1
604;1
605;0
606;0
607;0
608;2
609;2
610;2
611;0
612;1
613;0
614;0
615;2
616;0
617;0
618;2
619;2
620;1
621;0
622;0
623;2
624;2
625;0
626;2
627;1
628;0
629;0
630;2
631;0
632;0
633;0
634;0
635;0
636;0
637;0
638;2
639;2
640;2
641;1
642;0
643;0
644;0
645;0
646;0
647;0
648;0
649;0
650;1
651;0
652;0
653;0
654;0
655;0
656;0
657;0
658;0
659;2
660;2
661;0
662;0
663;0
664;0
665;0
666;0
667;0
668;2
669;2
670;0
671;0
672;0
673;1
674;0
675;0
676;1
677;0
678;0
679;2
680;1
681;0
682;0
683;2
684;2
685;0
686;2
687;2
688;2
689;0
690;2
691;0
692;1
693;0
694;1
695;0
696;0
697;1
698;0
699;0
700;0
701;0
702;1
703;0
704;1
705;0
706;2
707;2
708;1
709;0
710;1
711;0
712;0
713;0
714;0
715;0
716;1
717;2
718;2
719;2
720;2
721;0
722;0
723;0
724;2
725;0
726;1
727;0
728;0
729;2
730;0
731;0
732;0
733;2
734;0
735;0
736;0
737;1
738;1
739;0
740;0
741;0
742;1
743;0
744;1
745;0
746;2
747;0
748;0
749;0
750;0
751;2
752;0
753;0
754;0
755;0
756;0
757;2
758;0
759;0
760;0
761;0
762;0
763;1
764;0
765;0
766;0
767;1
768;0
769;0
770;0
771;0
772;0
773;0
774;0
775;0
776;1
777;0
778;0
779;0
780;0
781;0
782;2
783;2
784;1
785;0
786;0
787;2
788;0
789;0
790;2
791;1
792;0
793;0
794;0
795;0
796;0
797;0
798;1
799;0
800;0
801;0
802;0
803;0
804;0
805;1
806;0
807;0
808;1
809;1
810;1
811;0
812;0
813;2
814;2
815;2
816;0
817;2
818;1
819;0
820;0
821;0
822;0
823;0
824;0
825;0
826;0
827;0
828;0
829;0
830;0
831;2
832;1
833;0
834;2
835;0
836;0
837;2
838;0
839;0
840;2
841;0
842;0
843;0
844;2
845;2
846;0
847;0
848;0
849;2
850;0
851;0
852;1
853;0
854;0
855;0
856;0
857;0
858;0
859;0
860;2
861;0
862;0
863;0
864;2
865;1
866;2
867;1
868;1
869;0
870;0
871;2
872;2
873;0
874;2
875;0
876;2
877;2
878;2
879;1
880;0
881;0
882;0
883;0
884;0
885;0
886;0
887;2
888;2
889;0
890;0
891;0
892;2
893;1
894;2
895;2
896;2
897;2
898;1
899;0
900;1
901;0
902;0
903;2
904;0
905;0
906;0
907;0
908;0
909;1
910;0
911;0
912;1
913;0
914;0
915;0
916;0
917;0
918;1
919;2
920;1
921;0
922;1
923;1
924;0
925;0
926;0
927;1
928;2
929;0
930;2
931;2
932;2
933;0
934;2
935;0
936;2
937;2
938;1
939;0
940;1
941;0
942;0
943;0
944;0
945;1
946;0
947;2
948;2
949;0
950;0
951;0
952;0
953;0
954;0
955;0
956;0
957;1
958;0
959;0
960;0
961;0
962;0
963;0
964;0
965;0
966;2
967;2
968;0
969;2
970;0
971;0
972;0
973;0
974;0
975;0
976;0
977;2
978;2
979;0
980;1
981;2
982;0
983;0
984;1
985;0
986;0
987;1
988;0
989;0
990;0
991;0
992;2
993;0
994;0
995;2
996;1
997;0
998;2
999;1
1000;0
1001;0
1002;0
1003;1
1004;4
1005;0
1006;2
1007;2
1008;0
1009;0
1010;2
1011;0
1012;1
1013;0
1014;1
1015;1
1016;0
1017;0
1018;0
1019;0
1020;0
1021;0
1022;0
1023;0
