0;1
1;0
2;0
3;2
4;4
5;0
6;2
7;2
8;2
9;0
10;2
11;0
12;2
13;1
14;0
15;0
16;0
17;1
18;0
19;0
20;1
21;0
22;2
23;2
24;1
25;0
26;0
27;2
28;4
29;0
30;0
31;2
32;2
33;0
34;2
35;0
36;2
37;1
38;0
39;0
40;0
41;1
42;1
43;0
44;2
45;1
46;0
47;2
48;1
49;0
50;0
51;0
52;0
53;0
54;0
55;1
56;0
57;0
58;0
59;2
60;1
61;0
62;2
63;2
64;1
65;0
66;0
67;2
68;4
69;2
70;2
71;2
72;2
73;0
74;2
75;0
76;2
77;2
78;1
79;2
80;1
81;0
82;0
83;0
84;0
85;0
86;0
87;0
88;0
89;0
90;0
91;0
92;1
93;0
94;0
95;0
96;1
97;0
98;2
99;2
100;1
101;0
102;0
103;2
104;2
105;0
106;2
107;2
108;2
109;0
110;2
111;0
112;0
113;2
114;0
115;2
116;0
117;0
118;0
119;2
120;0
121;0
122;2
123;2
124;2
125;2
126;2
127;2
128;2
129;0
130;0
131;0
132;0
133;0
134;0
135;2
136;0
137;0
138;2
139;2
140;1
141;0
142;0
143;2
144;4
145;0
146;2
147;2
148;2
149;0
150;2
151;0
152;2
153;0
154;0
155;0
156;0
157;0
158;0
159;0
160;1
161;0
162;0
163;0
164;1
165;0
166;2
167;2
168;1
169;0
170;0
171;2
172;2
173;0
174;2
175;2
176;2
177;0
178;2
179;0
180;1
181;2
182;1
183;0
184;0
185;0
186;0
187;0
188;0
189;2
190;2
191;2
192;1
193;0
194;2
195;2
196;1
197;1
198;0
199;2
200;2
201;0
202;2
203;2
204;2
205;0
206;0
207;0
208;2
209;0
210;0
211;0
212;0
213;0
214;0
215;0
216;0
217;0
218;0
219;0
220;1
221;0
222;2
223;2
224;1
225;0
226;0
227;2
228;4
229;0
230;2
231;1
232;0
233;0
234;2
235;0
236;1
237;2
238;2
239;0
240;0
241;0
242;2
243;2
244;1
245;0
246;0
247;2
248;2
249;0
250;2
251;1
252;2
253;0
254;2
255;0
256;2
257;0
258;0
259;0
260;0
261;0
262;0
263;0
264;0
265;0
266;0
267;0
268;0
269;2
270;0
271;0
272;1
273;0
274;2
275;2
276;1
277;0
278;0
279;2
280;1
281;0
282;2
283;2
284;2
285;0
286;0
287;0
288;2
289;0
290;2
291;2
292;1
293;0
294;0
295;0
296;0
297;0
298;0
299;0
300;1
301;0
302;0
303;0
304;0
305;0
306;0
307;0
308;0
309;2
310;0
311;0
312;0
313;0
314;2
315;2
316;1
317;0
318;0
319;2
320;4
321;0
322;2
323;2
324;2
325;0
326;2
327;0
328;2
329;0
330;0
331;1
332;2
333;0
334;0
335;0
336;1
337;0
338;2
339;2
340;1
341;0
342;0
343;2
344;4
345;0
346;2
347;2
348;2
349;0
350;2
351;0
352;1
353;0
354;0
355;0
356;2
357;0
358;0
359;0
360;0
361;0
362;1
363;2
364;0
365;0
366;2
367;2
368;1
369;0
370;0
371;2
372;4
373;0
374;2
375;2
376;2
377;0
378;2
379;0
380;2
381;2
382;1
383;1
384;2
385;0
386;0
387;0
388;2
389;0
390;0
391;2
392;0
393;0
394;0
395;2
396;0
397;0
398;0
399;2
400;4
401;0
402;2
403;2
404;2
405;0
406;2
407;0
408;2
409;0
410;0
411;0
412;2
413;2
414;2
415;0
416;2
417;0
418;2
419;2
420;1
421;0
422;0
423;1
424;0
425;0
426;4
427;2
428;1
429;0
430;0
431;2
432;4
433;0
434;2
435;1
436;0
437;0
438;2
439;0
440;1
441;0
442;0
443;0
444;0
445;0
446;2
447;2
448;1
449;0
450;0
451;2
452;2
453;0
454;2
455;2
456;2
457;0
458;2
459;0
460;2
461;0
462;1
463;2
464;2
465;1
466;0
467;0
468;0
469;2
470;1
471;0
472;2
473;0
474;0
475;0
476;0
477;0
478;0
479;2
480;1
481;0
482;0
483;0
484;1
485;0
486;1
487;0
488;0
489;0
490;0
491;2
492;4
493;0
494;2
495;2
496;2
497;0
498;2
499;0
500;1
501;1
502;0
503;0
504;0
505;1
506;0
507;0
508;0
509;0
510;0
511;0
512;4
513;2
514;1
515;0
516;1
517;0
518;2
519;2
520;1
521;0
522;0
523;2
524;4
525;0
526;2
527;2
528;2
529;0
530;2
531;0
532;2
533;0
534;0
535;1
536;0
537;0
538;0
539;0
540;1
541;0
542;0
543;0
544;0
545;0
546;2
547;0
548;0
549;0
550;2
551;0
552;0
553;0
554;0
555;2
556;1
557;0
558;0
559;2
560;4
561;0
562;2
563;2
564;2
565;0
566;0
567;0
568;2
569;0
570;2
571;0
572;1
573;0
574;1
575;0
576;0
577;0
578;0
579;2
580;0
581;1
582;2
583;0
584;1
585;0
586;2
587;2
588;1
589;0
590;0
591;2
592;4
593;0
594;2
595;2
596;2
597;0
598;2
599;0
600;2
601;0
602;0
603;0
604;1
605;0
606;0
607;0
608;0
609;2
610;0
611;0
612;0
613;0
614;1
615;0
616;2
617;1
618;0
619;2
620;0
621;2
622;0
623;2
624;0
625;0
626;2
627;2
628;1
629;0
630;0
631;1
632;4
633;1
634;0
635;2
636;2
637;0
638;0
639;1
640;2
641;0
642;0
643;0
644;0
645;0
646;2
647;2
648;1
649;0
650;0
651;2
652;4
653;0
654;2
655;2
656;2
657;0
658;2
659;0
660;2
661;0
662;1
663;0
664;0
665;1
666;0
667;0
668;0
669;0
670;0
671;2
672;1
673;0
674;2
675;2
676;2
677;1
678;0
679;0
680;1
681;0
682;1
683;0
684;0
685;0
686;2
687;2
688;1
689;0
690;0
691;2
692;1
693;0
694;2
695;2
696;1
697;0
698;2
699;0
700;0
701;1
702;0
703;0
704;0
705;0
706;2
707;2
708;1
709;0
710;0
711;0
712;1
713;2
714;2
715;0
716;0
717;0
718;0
719;0
720;0
721;0
722;0
723;0
724;1
725;0
726;2
727;2
728;1
729;0
730;0
731;2
732;2
733;0
734;2
735;1
736;0
737;0
738;2
739;0
740;2
741;2
742;2
743;2
744;2
745;2
746;0
747;0
748;1
749;0
750;0
751;1
752;1
753;0
754;2
755;2
756;1
757;0
758;0
759;2
760;4
761;0
762;2
763;0
764;2
765;0
766;2
767;0
768;2
769;2
770;2
771;2
772;1
773;0
774;0
775;2
776;1
777;0
778;0
779;0
780;0
781;0
782;2
783;2
784;1
785;0
786;0
787;2
788;4
789;0
790;2
791;2
792;4
793;0
794;2
795;0
796;2
797;2
798;2
799;2
800;1
801;0
802;0
803;0
804;1
805;0
806;2
807;2
808;1
809;0
810;0
811;2
812;2
813;0
814;2
815;2
816;0
817;0
818;2
819;1
820;2
821;0
822;0
823;0
824;1
825;0
826;2
827;2
828;1
829;0
830;0
831;2
832;4
833;0
834;2
835;2
836;2
837;0
838;2
839;0
840;2
841;0
842;0
843;0
844;1
845;1
846;0
847;0
848;0
849;1
850;0
851;0
852;1
853;0
854;2
855;2
856;1
857;0
858;0
859;2
860;4
861;0
862;2
863;2
864;2
865;0
866;2
867;0
868;2
869;0
870;2
871;2
872;2
873;0
874;0
875;0
876;0
877;0
878;2
879;2
880;1
881;0
882;0
883;2
884;4
885;0
886;2
887;2
888;2
889;2
890;2
891;0
892;1
893;2
894;2
895;2
896;2
897;2
898;2
899;2
900;1
901;2
902;0
903;1
904;0
905;2
906;0
907;2
908;0
909;0
910;2
911;2
912;1
913;0
914;0
915;2
916;4
917;0
918;2
919;2
920;2
921;0
922;2
923;0
924;1
925;1
926;0
927;2
928;0
929;0
930;0
931;0
932;0
933;1
934;0
935;0
936;0
937;0
938;0
939;0
940;2
941;2
942;2
943;2
944;1
945;0
946;2
947;2
948;1
949;0
950;0
951;2
952;4
953;0
954;2
955;2
956;2
957;0
958;2
959;0
960;2
961;0
962;0
963;0
964;0
965;2
966;1
967;0
968;0
969;2
970;0
971;0
972;0
973;1
974;0
975;0
976;0
977;0
978;2
979;2
980;1
981;0
982;0
983;2
984;4
985;0
986;2
987;2
988;2
989;0
990;2
991;0
992;1
993;0
994;0
995;0
996;2
997;0
998;1
999;0
1000;1
1001;0
1002;2
1003;0
1004;0
1005;0
1006;0
1007;2
1008;3
1009;0
1010;2
1011;2
1012;1
1013;0
1014;1
1015;0
1016;0
1017;0
1018;0
1019;0
1020;0
1021;0
1022;0
1023;0
