0;1
1;0
2;0
3;2
4;2
5;0
6;2
7;2
8;2
9;0
10;2
11;0
12;0
13;0
14;0
15;0
16;0
17;2
18;2
19;0
20;1
21;0
22;1
23;0
24;0
25;1
26;2
27;1
28;0
29;0
30;0
31;2
32;0
33;0
34;0
35;0
36;0
37;1
38;0
39;0
40;1
41;0
42;0
43;0
44;2
45;0
46;0
47;2
48;1
49;0
50;0
51;0
52;0
53;0
54;0
55;0
56;0
57;1
58;0
59;1
60;1
61;0
62;0
63;0
64;0
65;0
66;0
67;0
68;1
69;0
70;2
71;2
72;1
73;0
74;0
75;0
76;1
77;0
78;0
79;0
80;2
81;0
82;2
83;0
84;0
85;2
86;0
87;0
88;0
89;1
90;0
91;0
92;2
93;0
94;0
95;0
96;2
97;1
98;0
99;0
100;2
101;0
102;0
103;0
104;0
105;0
106;0
107;0
108;0
109;1
110;0
111;0
112;0
113;0
114;0
115;0
116;0
117;0
118;0
119;0
120;2
121;1
122;1
123;0
124;0
125;0
126;0
127;0
128;2
129;0
130;0
131;0
132;2
133;0
134;0
135;0
136;0
137;0
138;2
139;2
140;1
141;2
142;2
143;0
144;0
145;0
146;0
147;0
148;0
149;0
150;2
151;2
152;0
153;0
154;1
155;0
156;0
157;0
158;0
159;0
160;2
161;0
162;0
163;0
164;1
165;0
166;0
167;0
168;0
169;0
170;0
171;0
172;2
173;0
174;0
175;2
176;2
177;1
178;0
179;0
180;0
181;0
182;0
183;0
184;0
185;0
186;0
187;2
188;2
189;0
190;0
191;2
192;2
193;0
194;0
195;0
196;2
197;0
198;0
199;0
200;2
201;0
202;2
203;0
204;2
205;0
206;2
207;0
208;0
209;0
210;0
211;0
212;0
213;0
214;0
215;2
216;1
217;0
218;0
219;0
220;0
221;0
222;1
223;0
224;0
225;0
226;0
227;0
228;0
229;1
230;0
231;0
232;2
233;2
234;0
235;1
236;0
237;0
238;2
239;0
240;0
241;0
242;0
243;0
244;0
245;0
246;0
247;0
248;1
249;2
250;1
251;1
252;0
253;0
254;2
255;2
256;0
257;0
258;1
259;2
260;1
261;2
262;0
263;0
264;0
265;1
266;0
267;0
268;2
269;0
270;0
271;0
272;2
273;1
274;0
275;0
276;2
277;0
278;0
279;0
280;1
281;0
282;2
283;0
284;2
285;0
286;0
287;0
288;2
289;2
290;0
291;0
292;2
293;1
294;0
295;0
296;0
297;0
298;0
299;0
300;0
301;1
302;0
303;0
304;0
305;0
306;0
307;0
308;0
309;0
310;2
311;1
312;0
313;0
314;0
315;2
316;4
317;0
318;2
319;1
320;0
321;0
322;2
323;0
324;1
325;0
326;0
327;1
328;0
329;1
330;0
331;0
332;0
333;0
334;0
335;0
336;2
337;1
338;0
339;0
340;2
341;0
342;0
343;1
344;2
345;0
346;0
347;0
348;0
349;1
350;0
351;0
352;2
353;0
354;2
355;0
356;2
357;0
358;0
359;0
360;1
361;0
362;2
363;2
364;2
365;0
366;0
367;2
368;2
369;0
370;2
371;2
372;2
373;0
374;2
375;0
376;0
377;0
378;2
379;0
380;0
381;0
382;0
383;0
384;0
385;0
386;0
387;2
388;1
389;0
390;0
391;0
392;0
393;0
394;0
395;0
396;2
397;2
398;1
399;0
400;0
401;1
402;0
403;0
404;0
405;0
406;0
407;0
408;0
409;0
410;0
411;0
412;2
413;0
414;0
415;0
416;2
417;0
418;2
419;0
420;0
421;1
422;0
423;0
424;1
425;0
426;2
427;1
428;0
429;1
430;0
431;0
432;0
433;0
434;0
435;2
436;0
437;0
438;0
439;0
440;0
441;1
442;0
443;0
444;0
445;0
446;2
447;1
448;0
449;0
450;2
451;0
452;2
453;0
454;0
455;2
456;1
457;0
458;0
459;0
460;0
461;1
462;0
463;0
464;0
465;0
466;0
467;0
468;0
469;0
470;1
471;0
472;2
473;0
474;0
475;0
476;0
477;0
478;0
479;0
480;2
481;1
482;0
483;2
484;2
485;2
486;0
487;1
488;0
489;2
490;0
491;0
492;0
493;0
494;0
495;2
496;1
497;0
498;0
499;2
500;2
501;0
502;2
503;1
504;0
505;1
506;0
507;2
508;2
509;2
510;2
511;0
512;2
513;2
514;2
515;2
516;2
517;0
518;0
519;0
520;2
521;0
522;0
523;2
524;0
525;0
526;0
527;0
528;0
529;0
530;2
531;2
532;0
533;0
534;1
535;0
536;0
537;0
538;0
539;0
540;2
541;2
542;2
543;1
544;0
545;2
546;2
547;0
548;1
549;0
550;2
551;0
552;0
553;2
554;0
555;1
556;0
557;2
558;0
559;0
560;0
561;0
562;0
563;0
564;0
565;0
566;2
567;0
568;0
569;0
570;0
571;2
572;0
573;0
574;2
575;0
576;2
577;0
578;1
579;0
580;2
581;0
582;0
583;2
584;0
585;0
586;0
587;0
588;0
589;0
590;0
591;0
592;0
593;2
594;2
595;2
596;0
597;0
598;2
599;2
600;2
601;0
602;2
603;2
604;2
605;0
606;2
607;0
608;0
609;2
610;0
611;0
612;2
613;1
614;2
615;0
616;0
617;0
618;0
619;0
620;0
621;0
622;2
623;0
624;0
625;2
626;0
627;1
628;2
629;0
630;2
631;2
632;2
633;0
634;0
635;0
636;1
637;0
638;0
639;0
640;0
641;0
642;0
643;0
644;2
645;0
646;0
647;1
648;0
649;1
650;0
651;0
652;1
653;0
654;0
655;0
656;0
657;0
658;2
659;2
660;1
661;0
662;2
663;2
664;2
665;0
666;2
667;2
668;2
669;0
670;2
671;2
672;1
673;0
674;0
675;2
676;1
677;1
678;2
679;0
680;0
681;2
682;2
683;2
684;2
685;0
686;0
687;0
688;1
689;0
690;0
691;0
692;0
693;0
694;0
695;0
696;0
697;1
698;0
699;0
700;0
701;0
702;0
703;0
704;0
705;2
706;2
707;0
708;0
709;0
710;0
711;2
712;1
713;0
714;2
715;1
716;2
717;0
718;0
719;0
720;0
721;1
722;0
723;0
724;0
725;0
726;0
727;2
728;1
729;0
730;1
731;1
732;0
733;0
734;2
735;0
736;1
737;0
738;1
739;0
740;1
741;0
742;0
743;2
744;2
745;0
746;2
747;2
748;2
749;0
750;0
751;0
752;1
753;0
754;0
755;0
756;0
757;0
758;0
759;0
760;0
761;0
762;0
763;1
764;0
765;0
766;0
767;2
768;2
769;2
770;0
771;0
772;0
773;0
774;0
775;0
776;2
777;1
778;1
779;0
780;0
781;0
782;1
783;0
784;2
785;0
786;0
787;0
788;1
789;0
790;0
791;0
792;1
793;1
794;0
795;0
796;2
797;1
798;0
799;0
800;0
801;0
802;2
803;2
804;1
805;0
806;0
807;0
808;0
809;0
810;2
811;2
812;1
813;0
814;0
815;0
816;1
817;0
818;0
819;0
820;2
821;0
822;0
823;0
824;0
825;2
826;1
827;0
828;0
829;1
830;2
831;0
832;0
833;1
834;0
835;1
836;0
837;0
838;0
839;0
840;2
841;0
842;2
843;0
844;0
845;0
846;2
847;0
848;0
849;0
850;0
851;0
852;0
853;2
854;0
855;0
856;1
857;0
858;0
859;2
860;1
861;0
862;0
863;2
864;2
865;0
866;0
867;2
868;0
869;0
870;2
871;2
872;2
873;0
874;0
875;0
876;0
877;0
878;1
879;0
880;1
881;0
882;0
883;0
884;0
885;0
886;0
887;0
888;0
889;0
890;1
891;0
892;1
893;0
894;0
895;0
896;1
897;0
898;0
899;0
900;1
901;2
902;0
903;0
904;0
905;0
906;0
907;2
908;0
909;0
910;2
911;2
912;2
913;2
914;0
915;0
916;0
917;0
918;0
919;1
920;0
921;0
922;0
923;0
924;1
925;0
926;1
927;0
928;2
929;1
930;0
931;0
932;1
933;0
934;0
935;0
936;2
937;1
938;0
939;0
940;1
941;0
942;0
943;0
944;0
945;1
946;0
947;0
948;1
949;0
950;0
951;2
952;0
953;1
954;0
955;0
956;0
957;1
958;0
959;2
960;1
961;1
962;0
963;0
964;0
965;0
966;0
967;0
968;1
969;0
970;2
971;0
972;0
973;0
974;0
975;2
976;0
977;0
978;0
979;0
980;2
981;0
982;1
983;1
984;1
985;1
986;0
987;0
988;0
989;1
990;0
991;2
992;0
993;0
994;2
995;0
996;1
997;0
998;1
999;1
1000;0
1001;1
1002;0
1003;0
1004;0
1005;0
1006;2
1007;2
1008;1
1009;0
1010;0
1011;2
1012;1
1013;0
1014;1
1015;1
1016;0
1017;0
1018;0
1019;0
1020;0
1021;0
1022;0
1023;0
