0;1
1;0
2;0
3;0
4;4
5;0
6;2
7;0
8;1
9;0
10;2
11;0
12;1
13;0
14;1
15;0
16;0
17;2
18;0
19;0
20;0
21;2
22;0
23;2
24;0
25;0
26;0
27;0
28;2
29;0
30;0
31;0
32;1
33;0
34;0
35;0
36;0
37;1
38;0
39;0
40;0
41;0
42;1
43;0
44;2
45;0
46;1
47;0
48;2
49;2
50;0
51;2
52;1
53;0
54;2
55;2
56;0
57;0
58;0
59;0
60;2
61;0
62;2
63;1
64;0
65;0
66;0
67;0
68;1
69;0
70;0
71;0
72;1
73;0
74;1
75;0
76;0
77;0
78;0
79;0
80;0
81;0
82;0
83;0
84;0
85;0
86;0
87;0
88;0
89;0
90;0
91;0
92;0
93;0
94;0
95;2
96;0
97;0
98;0
99;0
100;1
101;0
102;0
103;1
104;1
105;2
106;1
107;0
108;0
109;0
110;0
111;0
112;0
113;0
114;1
115;0
116;0
117;1
118;0
119;1
120;0
121;0
122;0
123;0
124;1
125;0
126;2
127;2
128;1
129;2
130;0
131;2
132;0
133;0
134;2
135;2
136;2
137;0
138;2
139;0
140;0
141;2
142;1
143;0
144;2
145;0
146;0
147;0
148;0
149;0
150;0
151;0
152;0
153;0
154;2
155;0
156;2
157;0
158;0
159;0
160;0
161;0
162;0
163;0
164;2
165;0
166;0
167;0
168;0
169;0
170;1
171;0
172;2
173;0
174;0
175;0
176;0
177;0
178;0
179;0
180;0
181;0
182;2
183;0
184;2
185;0
186;2
187;1
188;0
189;1
190;0
191;0
192;2
193;0
194;1
195;0
196;0
197;0
198;0
199;1
200;0
201;0
202;2
203;0
204;2
205;2
206;1
207;0
208;2
209;0
210;0
211;0
212;0
213;0
214;2
215;2
216;1
217;1
218;0
219;2
220;0
221;0
222;0
223;0
224;2
225;0
226;0
227;0
228;0
229;0
230;1
231;0
232;1
233;1
234;0
235;2
236;2
237;0
238;2
239;2
240;2
241;0
242;0
243;2
244;2
245;0
246;0
247;0
248;2
249;0
250;1
251;0
252;2
253;2
254;0
255;1
256;1
257;0
258;0
259;2
260;0
261;0
262;1
263;0
264;0
265;0
266;2
267;0
268;0
269;0
270;0
271;0
272;1
273;0
274;0
275;0
276;2
277;1
278;0
279;0
280;0
281;0
282;2
283;0
284;0
285;0
286;1
287;0
288;2
289;0
290;0
291;0
292;0
293;0
294;0
295;0
296;0
297;0
298;0
299;0
300;0
301;0
302;0
303;0
304;2
305;0
306;0
307;0
308;0
309;1
310;1
311;0
312;0
313;0
314;1
315;0
316;0
317;0
318;0
319;0
320;2
321;1
322;1
323;0
324;1
325;0
326;0
327;0
328;0
329;2
330;1
331;0
332;0
333;0
334;0
335;2
336;4
337;2
338;2
339;2
340;1
341;0
342;2
343;2
344;1
345;0
346;1
347;0
348;2
349;1
350;1
351;2
352;2
353;0
354;0
355;0
356;0
357;0
358;2
359;2
360;0
361;0
362;0
363;0
364;0
365;2
366;2
367;2
368;2
369;2
370;1
371;0
372;0
373;2
374;0
375;0
376;0
377;2
378;1
379;0
380;0
381;2
382;2
383;2
384;0
385;0
386;1
387;0
388;0
389;0
390;0
391;0
392;0
393;0
394;0
395;0
396;0
397;0
398;0
399;0
400;1
401;0
402;2
403;0
404;2
405;2
406;0
407;0
408;0
409;0
410;0
411;0
412;2
413;0
414;0
415;0
416;0
417;2
418;1
419;0
420;2
421;1
422;0
423;2
424;1
425;1
426;0
427;0
428;2
429;1
430;0
431;2
432;2
433;0
434;1
435;0
436;0
437;0
438;0
439;0
440;0
441;2
442;0
443;1
444;0
445;0
446;0
447;0
448;0
449;0
450;0
451;0
452;0
453;0
454;0
455;0
456;0
457;2
458;0
459;2
460;0
461;0
462;0
463;0
464;0
465;0
466;0
467;0
468;2
469;0
470;1
471;0
472;1
473;0
474;0
475;0
476;0
477;2
478;1
479;0
480;0
481;0
482;0
483;0
484;2
485;0
486;0
487;0
488;1
489;0
490;0
491;2
492;0
493;0
494;2
495;2
496;1
497;0
498;0
499;2
500;0
501;0
502;2
503;1
504;0
505;0
506;0
507;0
508;2
509;0
510;0
511;2
512;0
513;0
514;1
515;0
516;0
517;2
518;2
519;2
520;2
521;2
522;0
523;0
524;0
525;1
526;2
527;0
528;0
529;0
530;1
531;0
532;0
533;0
534;1
535;0
536;0
537;0
538;0
539;0
540;1
541;0
542;1
543;0
544;0
545;0
546;0
547;1
548;0
549;0
550;0
551;0
552;2
553;0
554;2
555;0
556;0
557;2
558;0
559;1
560;0
561;2
562;2
563;0
564;0
565;0
566;1
567;0
568;0
569;2
570;2
571;2
572;2
573;2
574;1
575;0
576;0
577;0
578;0
579;0
580;0
581;0
582;0
583;0
584;2
585;2
586;1
587;0
588;2
589;1
590;0
591;0
592;0
593;0
594;0
595;1
596;0
597;0
598;0
599;0
600;0
601;0
602;0
603;0
604;0
605;0
606;0
607;0
608;1
609;0
610;1
611;0
612;0
613;0
614;0
615;2
616;2
617;0
618;2
619;2
620;2
621;0
622;0
623;1
624;0
625;0
626;0
627;0
628;0
629;0
630;2
631;0
632;0
633;0
634;2
635;1
636;0
637;0
638;2
639;0
640;2
641;2
642;0
643;0
644;2
645;1
646;1
647;0
648;1
649;1
650;0
651;0
652;0
653;0
654;0
655;0
656;0
657;0
658;0
659;2
660;0
661;0
662;0
663;2
664;0
665;0
666;0
667;0
668;0
669;0
670;1
671;0
672;0
673;0
674;2
675;0
676;0
677;0
678;0
679;0
680;0
681;0
682;0
683;2
684;0
685;0
686;0
687;0
688;0
689;2
690;0
691;2
692;1
693;0
694;2
695;2
696;1
697;0
698;0
699;0
700;0
701;0
702;0
703;0
704;0
705;0
706;1
707;0
708;0
709;0
710;0
711;0
712;0
713;0
714;0
715;0
716;1
717;1
718;0
719;0
720;0
721;0
722;0
723;0
724;0
725;1
726;0
727;2
728;0
729;0
730;0
731;0
732;0
733;0
734;2
735;0
736;2
737;0
738;1
739;2
740;1
741;0
742;1
743;0
744;0
745;0
746;0
747;0
748;1
749;0
750;2
751;0
752;2
753;0
754;2
755;2
756;0
757;2
758;0
759;0
760;1
761;0
762;0
763;0
764;0
765;1
766;0
767;0
768;0
769;1
770;0
771;2
772;0
773;2
774;2
775;2
776;0
777;0
778;1
779;0
780;0
781;0
782;2
783;2
784;1
785;0
786;0
787;0
788;0
789;0
790;0
791;0
792;0
793;0
794;0
795;0
796;0
797;0
798;0
799;0
800;0
801;0
802;1
803;0
804;0
805;1
806;0
807;0
808;1
809;0
810;2
811;0
812;2
813;2
814;2
815;0
816;2
817;0
818;0
819;1
820;0
821;0
822;0
823;0
824;0
825;1
826;0
827;2
828;1
829;2
830;0
831;0
832;0
833;2
834;1
835;0
836;1
837;0
838;0
839;2
840;1
841;0
842;2
843;1
844;0
845;0
846;1
847;0
848;0
849;0
850;2
851;0
852;0
853;0
854;0
855;0
856;0
857;2
858;2
859;0
860;0
861;0
862;0
863;2
864;0
865;0
866;0
867;0
868;0
869;0
870;2
871;0
872;0
873;1
874;1
875;0
876;0
877;0
878;2
879;0
880;1
881;0
882;0
883;2
884;0
885;0
886;1
887;2
888;1
889;0
890;1
891;1
892;0
893;0
894;0
895;2
896;0
897;0
898;0
899;1
900;0
901;1
902;0
903;2
904;1
905;0
906;1
907;0
908;0
909;0
910;0
911;0
912;4
913;0
914;0
915;2
916;2
917;0
918;2
919;0
920;2
921;1
922;0
923;0
924;0
925;0
926;0
927;0
928;1
929;0
930;0
931;2
932;2
933;2
934;1
935;1
936;1
937;0
938;1
939;0
940;2
941;1
942;0
943;2
944;2
945;0
946;1
947;0
948;0
949;0
950;1
951;0
952;2
953;0
954;0
955;0
956;2
957;0
958;0
959;0
960;0
961;0
962;2
963;0
964;0
965;1
966;0
967;0
968;0
969;0
970;1
971;0
972;2
973;0
974;0
975;0
976;0
977;0
978;0
979;0
980;2
981;0
982;0
983;0
984;1
985;0
986;0
987;2
988;0
989;0
990;0
991;0
992;0
993;0
994;0
995;0
996;0
997;0
998;0
999;0
1000;1
1001;0
1002;0
1003;0
1004;0
1005;0
1006;2
1007;1
1008;0
1009;0
1010;1
1011;0
1012;1
1013;0
1014;0
1015;1
1016;0
1017;0
1018;0
1019;0
1020;0
1021;0
1022;0
1023;0
