0;1
1;0
2;0
3;2
4;2
5;0
6;2
7;1
8;0
9;0
10;2
11;0
12;0
13;0
14;1
15;0
16;1
17;2
18;2
19;1
20;0
21;0
22;0
23;2
24;2
25;1
26;0
27;0
28;2
29;0
30;0
31;1
32;0
33;0
34;0
35;0
36;0
37;1
38;1
39;0
40;0
41;0
42;0
43;0
44;2
45;0
46;1
47;0
48;0
49;0
50;0
51;1
52;0
53;0
54;0
55;0
56;0
57;1
58;0
59;2
60;1
61;0
62;0
63;0
64;0
65;1
66;2
67;1
68;0
69;0
70;0
71;2
72;1
73;0
74;0
75;0
76;1
77;0
78;0
79;0
80;2
81;0
82;0
83;0
84;1
85;2
86;0
87;0
88;0
89;0
90;0
91;2
92;0
93;1
94;1
95;0
96;0
97;2
98;0
99;1
100;0
101;0
102;0
103;0
104;0
105;2
106;0
107;0
108;0
109;2
110;0
111;0
112;0
113;0
114;0
115;1
116;0
117;0
118;0
119;0
120;0
121;0
122;0
123;2
124;1
125;0
126;0
127;2
128;2
129;0
130;0
131;0
132;2
133;0
134;1
135;0
136;0
137;0
138;0
139;1
140;0
141;0
142;2
143;0
144;0
145;0
146;0
147;0
148;0
149;0
150;2
151;0
152;0
153;0
154;0
155;0
156;1
157;0
158;0
159;0
160;0
161;0
162;0
163;2
164;2
165;0
166;0
167;0
168;2
169;0
170;2
171;2
172;1
173;0
174;0
175;0
176;4
177;0
178;0
179;0
180;0
181;0
182;0
183;0
184;1
185;0
186;0
187;2
188;2
189;0
190;0
191;2
192;1
193;0
194;0
195;0
196;2
197;1
198;0
199;1
200;1
201;0
202;0
203;1
204;1
205;2
206;2
207;2
208;2
209;1
210;0
211;2
212;0
213;0
214;0
215;0
216;0
217;0
218;0
219;0
220;0
221;0
222;0
223;1
224;1
225;0
226;0
227;0
228;0
229;2
230;2
231;2
232;2
233;0
234;0
235;0
236;0
237;0
238;2
239;0
240;0
241;2
242;1
243;2
244;2
245;0
246;0
247;1
248;0
249;0
250;2
251;0
252;0
253;0
254;0
255;0
256;0
257;0
258;2
259;2
260;0
261;0
262;0
263;2
264;2
265;0
266;2
267;2
268;0
269;0
270;0
271;0
272;0
273;1
274;0
275;0
276;1
277;0
278;0
279;0
280;2
281;0
282;0
283;0
284;0
285;0
286;0
287;0
288;1
289;1
290;0
291;1
292;0
293;0
294;0
295;0
296;0
297;0
298;0
299;0
300;2
301;0
302;0
303;0
304;0
305;0
306;0
307;0
308;1
309;0
310;0
311;2
312;2
313;0
314;1
315;1
316;1
317;0
318;2
319;0
320;2
321;0
322;0
323;0
324;1
325;2
326;0
327;0
328;2
329;0
330;2
331;1
332;0
333;0
334;1
335;0
336;2
337;2
338;2
339;2
340;2
341;1
342;0
343;0
344;0
345;0
346;0
347;0
348;2
349;1
350;0
351;0
352;0
353;0
354;0
355;2
356;2
357;0
358;0
359;0
360;0
361;0
362;0
363;0
364;0
365;0
366;1
367;0
368;1
369;0
370;1
371;0
372;1
373;2
374;2
375;2
376;2
377;0
378;0
379;0
380;0
381;0
382;0
383;0
384;0
385;0
386;0
387;0
388;0
389;0
390;0
391;0
392;0
393;2
394;2
395;2
396;0
397;0
398;0
399;0
400;0
401;0
402;0
403;0
404;0
405;0
406;2
407;2
408;2
409;0
410;0
411;0
412;0
413;0
414;1
415;0
416;1
417;0
418;0
419;1
420;2
421;0
422;2
423;2
424;2
425;0
426;0
427;0
428;2
429;0
430;0
431;1
432;0
433;1
434;0
435;1
436;0
437;0
438;2
439;2
440;2
441;0
442;0
443;0
444;1
445;1
446;0
447;2
448;0
449;0
450;1
451;0
452;1
453;0
454;2
455;0
456;0
457;0
458;0
459;2
460;2
461;0
462;0
463;0
464;1
465;1
466;0
467;0
468;0
469;0
470;0
471;0
472;0
473;0
474;2
475;2
476;1
477;0
478;0
479;0
480;0
481;0
482;1
483;0
484;1
485;0
486;2
487;2
488;1
489;0
490;0
491;1
492;0
493;2
494;0
495;0
496;0
497;0
498;0
499;0
500;0
501;0
502;0
503;0
504;0
505;0
506;0
507;0
508;0
509;1
510;0
511;2
512;2
513;1
514;0
515;0
516;0
517;0
518;0
519;1
520;0
521;0
522;0
523;2
524;0
525;0
526;2
527;0
528;0
529;0
530;0
531;0
532;0
533;0
534;2
535;0
536;2
537;0
538;0
539;0
540;2
541;1
542;0
543;0
544;2
545;0
546;0
547;0
548;0
549;2
550;0
551;0
552;1
553;0
554;0
555;0
556;0
557;0
558;2
559;2
560;4
561;2
562;2
563;2
564;0
565;0
566;2
567;0
568;2
569;2
570;1
571;2
572;1
573;1
574;0
575;2
576;0
577;0
578;1
579;0
580;0
581;2
582;2
583;1
584;0
585;1
586;0
587;0
588;0
589;0
590;2
591;0
592;1
593;0
594;0
595;0
596;0
597;0
598;2
599;0
600;1
601;0
602;0
603;1
604;0
605;0
606;0
607;0
608;0
609;0
610;0
611;0
612;0
613;2
614;1
615;0
616;2
617;1
618;2
619;1
620;0
621;0
622;0
623;0
624;2
625;0
626;0
627;0
628;0
629;0
630;0
631;1
632;0
633;1
634;0
635;0
636;2
637;0
638;0
639;0
640;0
641;0
642;0
643;0
644;0
645;0
646;0
647;0
648;0
649;0
650;2
651;0
652;1
653;0
654;0
655;0
656;0
657;0
658;0
659;0
660;2
661;0
662;0
663;0
664;2
665;0
666;0
667;0
668;0
669;2
670;2
671;2
672;0
673;0
674;0
675;0
676;0
677;0
678;0
679;0
680;0
681;0
682;0
683;1
684;0
685;0
686;0
687;1
688;0
689;0
690;0
691;0
692;0
693;0
694;0
695;0
696;1
697;2
698;0
699;2
700;0
701;0
702;2
703;1
704;0
705;0
706;2
707;0
708;2
709;0
710;1
711;0
712;0
713;0
714;0
715;2
716;0
717;0
718;2
719;2
720;1
721;0
722;0
723;0
724;1
725;0
726;0
727;0
728;1
729;0
730;0
731;0
732;0
733;0
734;0
735;1
736;0
737;0
738;0
739;0
740;2
741;2
742;0
743;0
744;0
745;1
746;1
747;0
748;0
749;1
750;0
751;0
752;0
753;2
754;2
755;2
756;2
757;0
758;0
759;0
760;0
761;0
762;0
763;0
764;1
765;0
766;2
767;0
768;0
769;2
770;0
771;0
772;0
773;0
774;2
775;2
776;1
777;0
778;0
779;0
780;0
781;1
782;0
783;2
784;2
785;0
786;1
787;0
788;0
789;0
790;0
791;1
792;0
793;0
794;0
795;2
796;1
797;2
798;0
799;1
800;0
801;0
802;2
803;1
804;0
805;0
806;0
807;2
808;0
809;0
810;2
811;1
812;0
813;0
814;2
815;0
816;1
817;0
818;2
819;1
820;0
821;0
822;2
823;0
824;2
825;0
826;2
827;2
828;0
829;0
830;2
831;0
832;0
833;0
834;0
835;0
836;0
837;2
838;1
839;0
840;0
841;0
842;2
843;1
844;0
845;1
846;0
847;1
848;4
849;0
850;0
851;1
852;2
853;0
854;0
855;0
856;2
857;0
858;1
859;2
860;0
861;2
862;1
863;0
864;2
865;2
866;0
867;1
868;2
869;2
870;2
871;0
872;1
873;0
874;0
875;2
876;1
877;0
878;0
879;0
880;0
881;0
882;0
883;0
884;0
885;1
886;0
887;0
888;0
889;0
890;1
891;2
892;0
893;2
894;2
895;2
896;2
897;2
898;0
899;0
900;1
901;0
902;0
903;0
904;0
905;0
906;0
907;0
908;0
909;0
910;1
911;0
912;1
913;0
914;1
915;0
916;1
917;0
918;0
919;2
920;2
921;1
922;2
923;0
924;1
925;0
926;2
927;0
928;0
929;1
930;2
931;0
932;2
933;0
934;2
935;0
936;0
937;1
938;1
939;0
940;0
941;1
942;1
943;0
944;1
945;1
946;1
947;0
948;0
949;0
950;0
951;0
952;2
953;1
954;0
955;0
956;0
957;0
958;0
959;0
960;2
961;0
962;0
963;0
964;2
965;0
966;0
967;0
968;0
969;1
970;1
971;0
972;1
973;0
974;0
975;2
976;2
977;0
978;2
979;0
980;2
981;2
982;1
983;2
984;2
985;0
986;0
987;0
988;0
989;0
990;0
991;0
992;0
993;0
994;0
995;2
996;1
997;0
998;0
999;1
1000;2
1001;0
1002;2
1003;2
1004;2
1005;0
1006;0
1007;0
1008;0
1009;0
1010;0
1011;0
1012;1
1013;1
1014;0
1015;0
1016;0
1017;0
1018;0
1019;0
1020;0
1021;0
1022;0
1023;0
