0;0
1;0
2;0
3;2
4;1
5;0
6;1
7;0
8;2
9;0
10;2
11;0
12;2
13;0
14;0
15;0
16;0
17;2
18;2
19;2
20;0
21;2
22;1
23;0
24;0
25;0
26;2
27;2
28;0
29;0
30;1
31;1
32;0
33;0
34;0
35;0
36;0
37;0
38;2
39;0
40;1
41;0
42;0
43;0
44;2
45;1
46;0
47;0
48;0
49;0
50;0
51;1
52;0
53;0
54;0
55;0
56;0
57;1
58;0
59;2
60;1
61;0
62;0
63;0
64;2
65;0
66;0
67;0
68;2
69;0
70;0
71;2
72;1
73;0
74;0
75;0
76;0
77;0
78;0
79;0
80;1
81;0
82;0
83;1
84;1
85;2
86;0
87;0
88;0
89;2
90;2
91;2
92;2
93;0
94;0
95;2
96;2
97;0
98;0
99;2
100;0
101;0
102;1
103;0
104;0
105;2
106;0
107;0
108;0
109;2
110;0
111;0
112;0
113;1
114;0
115;0
116;0
117;0
118;0
119;0
120;0
121;0
122;0
123;0
124;1
125;0
126;0
127;0
128;2
129;0
130;2
131;0
132;2
133;0
134;0
135;0
136;0
137;1
138;0
139;0
140;1
141;0
142;0
143;0
144;0
145;0
146;0
147;0
148;2
149;0
150;2
151;0
152;1
153;0
154;1
155;0
156;0
157;0
158;0
159;0
160;2
161;0
162;2
163;0
164;0
165;0
166;0
167;0
168;0
169;0
170;0
171;2
172;1
173;0
174;0
175;2
176;2
177;0
178;2
179;2
180;2
181;0
182;2
183;1
184;0
185;0
186;0
187;2
188;0
189;0
190;0
191;0
192;0
193;0
194;0
195;0
196;0
197;0
198;0
199;2
200;2
201;1
202;2
203;2
204;2
205;0
206;2
207;0
208;0
209;0
210;0
211;0
212;0
213;0
214;0
215;0
216;0
217;0
218;0
219;1
220;0
221;0
222;0
223;0
224;1
225;2
226;2
227;2
228;0
229;2
230;0
231;0
232;0
233;0
234;0
235;0
236;0
237;0
238;1
239;0
240;2
241;2
242;0
243;2
244;0
245;0
246;0
247;0
248;2
249;1
250;0
251;1
252;0
253;2
254;2
255;2
256;1
257;0
258;2
259;0
260;2
261;0
262;0
263;1
264;1
265;0
266;2
267;0
268;0
269;0
270;0
271;0
272;2
273;2
274;0
275;2
276;1
277;0
278;0
279;0
280;0
281;1
282;0
283;0
284;0
285;0
286;0
287;0
288;2
289;2
290;0
291;0
292;1
293;0
294;0
295;0
296;2
297;0
298;0
299;0
300;1
301;1
302;1
303;0
304;0
305;0
306;0
307;0
308;2
309;0
310;0
311;0
312;0
313;0
314;0
315;0
316;0
317;1
318;0
319;0
320;0
321;0
322;0
323;0
324;0
325;0
326;0
327;2
328;1
329;0
330;0
331;2
332;0
333;0
334;0
335;0
336;2
337;0
338;0
339;0
340;1
341;0
342;0
343;0
344;1
345;2
346;2
347;0
348;2
349;0
350;0
351;2
352;2
353;0
354;1
355;2
356;2
357;2
358;0
359;0
360;1
361;0
362;0
363;0
364;1
365;0
366;0
367;0
368;1
369;1
370;0
371;2
372;1
373;0
374;1
375;0
376;2
377;1
378;0
379;0
380;1
381;0
382;0
383;0
384;0
385;0
386;0
387;0
388;1
389;0
390;0
391;0
392;2
393;0
394;0
395;0
396;0
397;0
398;0
399;0
400;0
401;1
402;0
403;1
404;4
405;1
406;0
407;0
408;0
409;0
410;2
411;0
412;2
413;2
414;0
415;0
416;2
417;0
418;0
419;2
420;2
421;2
422;2
423;0
424;2
425;0
426;2
427;0
428;2
429;0
430;1
431;0
432;1
433;2
434;0
435;0
436;0
437;0
438;0
439;2
440;1
441;0
442;2
443;0
444;1
445;0
446;2
447;2
448;1
449;0
450;0
451;2
452;1
453;0
454;0
455;2
456;2
457;0
458;2
459;1
460;0
461;0
462;0
463;0
464;2
465;0
466;0
467;0
468;0
469;0
470;0
471;0
472;0
473;0
474;2
475;0
476;0
477;2
478;2
479;0
480;2
481;0
482;2
483;0
484;1
485;0
486;0
487;0
488;2
489;2
490;2
491;0
492;1
493;0
494;0
495;1
496;0
497;2
498;0
499;0
500;0
501;0
502;0
503;0
504;0
505;0
506;0
507;1
508;0
509;0
510;0
511;0
512;0
513;2
514;2
515;0
516;2
517;2
518;0
519;0
520;0
521;0
522;0
523;0
524;1
525;0
526;1
527;0
528;0
529;0
530;2
531;2
532;0
533;0
534;0
535;0
536;0
537;0
538;0
539;0
540;2
541;2
542;2
543;0
544;2
545;0
546;0
547;0
548;2
549;0
550;0
551;0
552;0
553;2
554;0
555;0
556;0
557;0
558;0
559;0
560;0
561;0
562;0
563;2
564;0
565;0
566;2
567;0
568;1
569;0
570;0
571;2
572;0
573;0
574;0
575;0
576;1
577;0
578;2
579;2
580;2
581;0
582;0
583;2
584;2
585;0
586;2
587;2
588;2
589;0
590;0
591;2
592;2
593;0
594;0
595;0
596;0
597;0
598;2
599;1
600;0
601;0
602;0
603;0
604;1
605;0
606;0
607;0
608;1
609;0
610;2
611;2
612;0
613;0
614;0
615;2
616;2
617;2
618;1
619;0
620;0
621;1
622;1
623;2
624;2
625;0
626;2
627;2
628;2
629;0
630;0
631;0
632;2
633;0
634;0
635;0
636;0
637;0
638;0
639;0
640;1
641;0
642;0
643;0
644;1
645;0
646;0
647;2
648;4
649;0
650;2
651;2
652;2
653;2
654;0
655;0
656;2
657;0
658;0
659;0
660;2
661;1
662;0
663;2
664;0
665;1
666;0
667;0
668;0
669;1
670;2
671;0
672;0
673;0
674;0
675;0
676;1
677;0
678;0
679;0
680;2
681;0
682;0
683;0
684;2
685;0
686;1
687;0
688;0
689;0
690;1
691;0
692;0
693;0
694;0
695;0
696;1
697;0
698;0
699;2
700;1
701;0
702;0
703;0
704;0
705;0
706;0
707;0
708;0
709;0
710;0
711;0
712;0
713;0
714;2
715;0
716;0
717;1
718;0
719;0
720;2
721;0
722;0
723;1
724;1
725;0
726;1
727;1
728;0
729;0
730;0
731;0
732;0
733;0
734;0
735;0
736;0
737;0
738;0
739;0
740;0
741;2
742;0
743;1
744;0
745;0
746;0
747;0
748;2
749;2
750;0
751;0
752;0
753;0
754;0
755;0
756;2
757;0
758;2
759;2
760;0
761;0
762;2
763;2
764;2
765;0
766;0
767;2
768;2
769;0
770;2
771;2
772;1
773;0
774;1
775;0
776;2
777;0
778;0
779;0
780;2
781;0
782;0
783;2
784;1
785;0
786;2
787;0
788;1
789;0
790;0
791;0
792;0
793;0
794;0
795;0
796;0
797;2
798;2
799;2
800;1
801;0
802;0
803;0
804;0
805;2
806;1
807;0
808;2
809;1
810;0
811;0
812;1
813;0
814;0
815;0
816;0
817;0
818;0
819;0
820;0
821;0
822;0
823;0
824;0
825;2
826;1
827;0
828;0
829;2
830;2
831;1
832;0
833;0
834;2
835;0
836;2
837;0
838;2
839;2
840;0
841;0
842;2
843;0
844;0
845;0
846;0
847;0
848;0
849;0
850;0
851;2
852;1
853;0
854;0
855;2
856;2
857;0
858;2
859;1
860;0
861;0
862;2
863;2
864;2
865;0
866;1
867;1
868;0
869;0
870;0
871;0
872;0
873;0
874;0
875;0
876;0
877;0
878;1
879;0
880;2
881;0
882;0
883;0
884;0
885;0
886;0
887;0
888;0
889;0
890;2
891;1
892;0
893;0
894;0
895;0
896;1
897;0
898;0
899;0
900;0
901;2
902;2
903;0
904;0
905;0
906;1
907;0
908;0
909;0
910;0
911;0
912;2
913;0
914;0
915;0
916;0
917;0
918;1
919;2
920;1
921;1
922;0
923;2
924;2
925;0
926;2
927;1
928;0
929;0
930;0
931;0
932;1
933;0
934;0
935;0
936;0
937;0
938;0
939;2
940;0
941;0
942;2
943;1
944;0
945;0
946;0
947;0
948;0
949;0
950;2
951;0
952;1
953;0
954;2
955;0
956;0
957;0
958;0
959;0
960;2
961;2
962;0
963;1
964;1
965;2
966;0
967;0
968;1
969;0
970;2
971;2
972;0
973;1
974;0
975;0
976;0
977;0
978;2
979;0
980;1
981;0
982;0
983;0
984;4
985;0
986;0
987;2
988;2
989;0
990;0
991;0
992;1
993;2
994;0
995;0
996;2
997;1
998;0
999;2
1000;0
1001;0
1002;0
1003;2
1004;2
1005;0
1006;0
1007;0
1008;0
1009;0
1010;2
1011;0
1012;0
1013;1
1014;1
1015;0
1016;0
1017;0
1018;0
1019;0
1020;0
1021;0
1022;0
1023;0
