0;1
1;1
2;0
3;2
4;2
5;0
6;2
7;1
8;0
9;1
10;2
11;1
12;1
13;0
14;1
15;0
16;0
17;2
18;2
19;2
20;1
21;2
22;1
23;0
24;1
25;0
26;0
27;0
28;2
29;0
30;0
31;2
32;1
33;2
34;1
35;0
36;2
37;1
38;1
39;0
40;1
41;0
42;1
43;0
44;2
45;0
46;0
47;0
48;0
49;2
50;0
51;0
52;2
53;0
54;0
55;0
56;0
57;0
58;0
59;0
60;1
61;1
62;0
63;2
64;0
65;2
66;0
67;0
68;0
69;0
70;0
71;0
72;1
73;0
74;0
75;0
76;2
77;2
78;2
79;2
80;2
81;0
82;0
83;2
84;0
85;0
86;0
87;0
88;1
89;0
90;2
91;0
92;2
93;0
94;0
95;1
96;0
97;0
98;0
99;0
100;0
101;2
102;0
103;1
104;0
105;1
106;0
107;0
108;0
109;0
110;0
111;0
112;0
113;2
114;2
115;2
116;0
117;2
118;0
119;0
120;0
121;2
122;1
123;0
124;0
125;0
126;0
127;2
128;0
129;2
130;0
131;2
132;2
133;0
134;0
135;0
136;0
137;0
138;0
139;0
140;2
141;0
142;2
143;0
144;1
145;0
146;0
147;0
148;0
149;1
150;2
151;0
152;2
153;2
154;0
155;1
156;0
157;0
158;0
159;1
160;0
161;0
162;0
163;1
164;1
165;0
166;0
167;0
168;0
169;0
170;1
171;0
172;2
173;0
174;0
175;1
176;0
177;2
178;2
179;2
180;2
181;0
182;2
183;1
184;0
185;0
186;0
187;0
188;0
189;0
190;1
191;0
192;2
193;0
194;0
195;0
196;2
197;0
198;0
199;0
200;0
201;0
202;2
203;1
204;0
205;0
206;0
207;0
208;0
209;0
210;0
211;0
212;2
213;0
214;0
215;0
216;0
217;2
218;2
219;0
220;0
221;2
222;0
223;0
224;2
225;0
226;0
227;1
228;0
229;2
230;0
231;2
232;1
233;1
234;1
235;0
236;0
237;0
238;0
239;0
240;0
241;0
242;2
243;2
244;1
245;0
246;0
247;2
248;4
249;0
250;2
251;2
252;2
253;0
254;2
255;0
256;1
257;0
258;0
259;0
260;0
261;2
262;0
263;0
264;0
265;2
266;2
267;2
268;0
269;2
270;0
271;0
272;0
273;0
274;0
275;0
276;0
277;0
278;0
279;2
280;2
281;0
282;0
283;1
284;0
285;1
286;0
287;0
288;0
289;2
290;0
291;0
292;0
293;0
294;0
295;0
296;1
297;0
298;2
299;2
300;1
301;0
302;0
303;0
304;0
305;0
306;0
307;1
308;0
309;1
310;1
311;2
312;2
313;2
314;2
315;2
316;1
317;0
318;2
319;2
320;1
321;0
322;0
323;0
324;2
325;1
326;1
327;0
328;2
329;0
330;0
331;0
332;2
333;0
334;0
335;2
336;0
337;1
338;0
339;2
340;2
341;1
342;0
343;0
344;0
345;0
346;0
347;1
348;0
349;2
350;0
351;0
352;0
353;0
354;0
355;0
356;0
357;0
358;0
359;2
360;0
361;0
362;0
363;0
364;0
365;0
366;0
367;0
368;0
369;0
370;1
371;0
372;0
373;0
374;0
375;0
376;0
377;0
378;1
379;0
380;2
381;2
382;0
383;0
384;2
385;0
386;0
387;0
388;1
389;0
390;0
391;0
392;0
393;0
394;2
395;2
396;1
397;1
398;0
399;2
400;0
401;1
402;0
403;0
404;2
405;1
406;0
407;2
408;2
409;0
410;0
411;0
412;0
413;0
414;0
415;0
416;0
417;0
418;1
419;0
420;2
421;0
422;0
423;2
424;4
425;0
426;2
427;2
428;2
429;0
430;0
431;0
432;1
433;0
434;0
435;0
436;1
437;0
438;0
439;0
440;0
441;0
442;0
443;0
444;0
445;1
446;0
447;1
448;0
449;1
450;2
451;0
452;0
453;0
454;2
455;2
456;2
457;0
458;2
459;1
460;0
461;0
462;0
463;0
464;0
465;0
466;0
467;0
468;2
469;0
470;0
471;0
472;1
473;0
474;0
475;0
476;1
477;0
478;0
479;0
480;2
481;1
482;0
483;0
484;0
485;0
486;0
487;0
488;1
489;0
490;0
491;0
492;2
493;2
494;2
495;2
496;2
497;2
498;0
499;0
500;0
501;2
502;2
503;0
504;0
505;0
506;2
507;2
508;0
509;0
510;0
511;0
512;1
513;0
514;0
515;2
516;4
517;0
518;2
519;1
520;0
521;0
522;0
523;0
524;2
525;0
526;0
527;0
528;0
529;0
530;0
531;0
532;1
533;1
534;0
535;2
536;2
537;1
538;0
539;0
540;2
541;0
542;2
543;0
544;0
545;2
546;2
547;2
548;2
549;1
550;2
551;0
552;0
553;0
554;0
555;1
556;0
557;0
558;2
559;2
560;0
561;0
562;0
563;0
564;1
565;0
566;0
567;0
568;0
569;0
570;0
571;0
572;2
573;2
574;0
575;0
576;1
577;0
578;0
579;0
580;0
581;0
582;0
583;0
584;1
585;0
586;0
587;0
588;2
589;1
590;0
591;0
592;2
593;0
594;0
595;0
596;2
597;0
598;0
599;0
600;2
601;0
602;0
603;0
604;2
605;0
606;0
607;2
608;2
609;2
610;0
611;1
612;0
613;0
614;2
615;2
616;2
617;2
618;0
619;0
620;1
621;0
622;1
623;0
624;2
625;1
626;0
627;0
628;0
629;0
630;0
631;0
632;0
633;0
634;0
635;2
636;2
637;0
638;0
639;2
640;0
641;0
642;0
643;0
644;0
645;0
646;0
647;1
648;0
649;0
650;2
651;1
652;0
653;0
654;0
655;0
656;0
657;0
658;2
659;1
660;0
661;0
662;0
663;0
664;0
665;0
666;0
667;2
668;0
669;0
670;0
671;2
672;1
673;0
674;0
675;0
676;0
677;0
678;0
679;0
680;0
681;1
682;0
683;0
684;0
685;0
686;0
687;2
688;0
689;0
690;0
691;1
692;1
693;0
694;0
695;0
696;2
697;0
698;1
699;2
700;0
701;0
702;2
703;0
704;1
705;1
706;0
707;1
708;0
709;0
710;0
711;0
712;0
713;0
714;0
715;0
716;0
717;1
718;0
719;0
720;0
721;1
722;1
723;0
724;2
725;0
726;0
727;2
728;0
729;0
730;0
731;0
732;0
733;0
734;0
735;0
736;1
737;0
738;0
739;0
740;2
741;0
742;2
743;2
744;0
745;2
746;0
747;0
748;1
749;0
750;0
751;0
752;0
753;2
754;0
755;2
756;0
757;0
758;0
759;0
760;0
761;2
762;0
763;2
764;0
765;0
766;1
767;0
768;0
769;0
770;2
771;0
772;0
773;0
774;0
775;0
776;0
777;0
778;0
779;1
780;0
781;0
782;0
783;1
784;1
785;0
786;0
787;0
788;0
789;0
790;0
791;0
792;0
793;1
794;0
795;0
796;0
797;1
798;0
799;0
800;1
801;1
802;2
803;0
804;2
805;0
806;0
807;0
808;0
809;0
810;0
811;0
812;1
813;2
814;2
815;1
816;0
817;0
818;0
819;0
820;0
821;2
822;1
823;2
824;1
825;0
826;1
827;1
828;2
829;0
830;0
831;1
832;0
833;0
834;0
835;1
836;0
837;0
838;0
839;0
840;0
841;0
842;0
843;0
844;0
845;0
846;2
847;0
848;0
849;0
850;0
851;0
852;1
853;1
854;0
855;0
856;1
857;0
858;2
859;0
860;0
861;1
862;1
863;0
864;0
865;1
866;0
867;0
868;1
869;0
870;0
871;2
872;0
873;0
874;0
875;1
876;1
877;1
878;1
879;2
880;2
881;2
882;0
883;2
884;0
885;0
886;0
887;1
888;0
889;0
890;0
891;0
892;2
893;2
894;0
895;0
896;0
897;0
898;0
899;0
900;0
901;0
902;0
903;1
904;0
905;0
906;1
907;0
908;0
909;0
910;1
911;0
912;0
913;2
914;1
915;2
916;2
917;0
918;0
919;1
920;0
921;1
922;0
923;2
924;2
925;0
926;0
927;2
928;0
929;0
930;0
931;0
932;0
933;0
934;0
935;1
936;0
937;0
938;2
939;0
940;1
941;0
942;0
943;1
944;1
945;0
946;2
947;2
948;0
949;0
950;0
951;0
952;4
953;0
954;1
955;2
956;0
957;2
958;2
959;2
960;2
961;0
962;1
963;0
964;0
965;0
966;2
967;2
968;1
969;0
970;0
971;2
972;0
973;0
974;0
975;0
976;0
977;1
978;0
979;1
980;1
981;0
982;0
983;0
984;1
985;0
986;0
987;0
988;0
989;0
990;2
991;1
992;0
993;2
994;0
995;0
996;2
997;0
998;0
999;2
1000;2
1001;0
1002;0
1003;0
1004;2
1005;2
1006;2
1007;2
1008;2
1009;1
1010;0
1011;0
1012;0
1013;0
1014;0
1015;0
1016;0
1017;0
1018;0
1019;0
1020;0
1021;0
1022;0
1023;0
