0;1
1;0
2;0
3;2
4;4
5;0
6;2
7;0
8;2
9;0
10;2
11;0
12;1
13;0
14;1
15;0
16;0
17;0
18;2
19;2
20;0
21;2
22;0
23;0
24;1
25;0
26;0
27;0
28;0
29;0
30;0
31;2
32;0
33;0
34;2
35;0
36;1
37;0
38;1
39;0
40;1
41;0
42;1
43;0
44;0
45;1
46;0
47;0
48;0
49;0
50;0
51;0
52;1
53;2
54;0
55;0
56;0
57;0
58;0
59;0
60;1
61;1
62;0
63;2
64;0
65;0
66;0
67;0
68;0
69;0
70;0
71;0
72;2
73;0
74;0
75;0
76;2
77;1
78;0
79;1
80;0
81;0
82;0
83;0
84;0
85;0
86;0
87;0
88;0
89;0
90;0
91;2
92;2
93;0
94;0
95;0
96;0
97;0
98;0
99;0
100;0
101;0
102;2
103;0
104;0
105;0
106;0
107;1
108;0
109;2
110;2
111;0
112;2
113;2
114;2
115;2
116;2
117;2
118;0
119;0
120;0
121;2
122;1
123;0
124;0
125;0
126;0
127;2
128;0
129;2
130;0
131;0
132;2
133;0
134;0
135;0
136;0
137;0
138;0
139;2
140;1
141;0
142;2
143;0
144;1
145;0
146;0
147;0
148;0
149;2
150;0
151;0
152;2
153;2
154;2
155;0
156;0
157;2
158;2
159;1
160;0
161;0
162;0
163;0
164;1
165;0
166;1
167;0
168;0
169;0
170;2
171;2
172;2
173;0
174;0
175;0
176;0
177;2
178;0
179;0
180;1
181;0
182;2
183;0
184;0
185;0
186;0
187;0
188;0
189;2
190;1
191;0
192;2
193;0
194;1
195;2
196;2
197;0
198;0
199;0
200;1
201;0
202;2
203;1
204;1
205;0
206;0
207;0
208;0
209;0
210;0
211;0
212;2
213;0
214;0
215;0
216;0
217;0
218;1
219;0
220;0
221;0
222;0
223;1
224;0
225;0
226;2
227;2
228;2
229;0
230;0
231;2
232;2
233;0
234;0
235;0
236;2
237;0
238;2
239;0
240;0
241;2
242;1
243;0
244;1
245;2
246;0
247;2
248;2
249;1
250;1
251;0
252;0
253;0
254;2
255;0
256;1
257;0
258;0
259;0
260;0
261;1
262;2
263;0
264;0
265;0
266;2
267;0
268;2
269;2
270;1
271;0
272;2
273;0
274;0
275;0
276;0
277;0
278;0
279;0
280;1
281;0
282;1
283;0
284;2
285;0
286;0
287;0
288;0
289;0
290;0
291;0
292;2
293;0
294;0
295;0
296;0
297;1
298;0
299;0
300;0
301;0
302;2
303;0
304;0
305;0
306;0
307;0
308;0
309;0
310;1
311;0
312;1
313;0
314;0
315;0
316;0
317;0
318;2
319;0
320;0
321;1
322;1
323;2
324;1
325;2
326;2
327;2
328;2
329;1
330;0
331;2
332;1
333;0
334;0
335;2
336;2
337;1
338;1
339;0
340;2
341;0
342;2
343;0
344;0
345;0
346;0
347;2
348;0
349;1
350;0
351;0
352;2
353;2
354;2
355;1
356;0
357;0
358;0
359;0
360;0
361;2
362;0
363;0
364;0
365;0
366;0
367;0
368;0
369;2
370;1
371;0
372;0
373;0
374;0
375;0
376;0
377;0
378;0
379;0
380;0
381;0
382;0
383;1
384;0
385;0
386;0
387;0
388;0
389;0
390;0
391;2
392;2
393;0
394;2
395;2
396;2
397;0
398;2
399;0
400;2
401;1
402;0
403;0
404;1
405;2
406;0
407;0
408;2
409;0
410;2
411;0
412;0
413;0
414;2
415;0
416;0
417;0
418;2
419;0
420;0
421;2
422;0
423;0
424;0
425;1
426;0
427;0
428;0
429;1
430;0
431;2
432;0
433;1
434;0
435;0
436;0
437;2
438;0
439;0
440;0
441;2
442;0
443;0
444;0
445;0
446;2
447;1
448;0
449;0
450;1
451;0
452;0
453;0
454;0
455;0
456;2
457;2
458;0
459;2
460;0
461;0
462;0
463;0
464;0
465;0
466;2
467;1
468;0
469;1
470;2
471;0
472;0
473;0
474;0
475;0
476;0
477;2
478;0
479;0
480;0
481;0
482;0
483;0
484;0
485;0
486;0
487;0
488;0
489;0
490;0
491;0
492;1
493;1
494;0
495;0
496;0
497;0
498;0
499;0
500;1
501;0
502;0
503;0
504;2
505;1
506;0
507;0
508;2
509;1
510;0
511;0
512;0
513;2
514;2
515;0
516;1
517;0
518;2
519;2
520;0
521;0
522;2
523;0
524;0
525;0
526;0
527;0
528;1
529;0
530;0
531;0
532;0
533;0
534;0
535;1
536;0
537;0
538;0
539;0
540;0
541;0
542;2
543;0
544;0
545;0
546;2
547;2
548;0
549;1
550;2
551;0
552;0
553;0
554;2
555;0
556;0
557;1
558;0
559;1
560;2
561;0
562;2
563;0
564;0
565;0
566;0
567;0
568;0
569;0
570;0
571;0
572;2
573;1
574;2
575;0
576;1
577;0
578;0
579;0
580;0
581;0
582;0
583;0
584;0
585;2
586;0
587;0
588;0
589;0
590;0
591;0
592;1
593;0
594;0
595;0
596;0
597;0
598;0
599;0
600;2
601;2
602;0
603;0
604;2
605;0
606;0
607;0
608;0
609;0
610;2
611;0
612;0
613;0
614;0
615;2
616;1
617;0
618;0
619;0
620;0
621;2
622;0
623;0
624;0
625;1
626;0
627;0
628;0
629;0
630;0
631;0
632;1
633;0
634;2
635;2
636;1
637;0
638;0
639;2
640;2
641;0
642;0
643;1
644;2
645;0
646;0
647;0
648;0
649;0
650;0
651;2
652;2
653;0
654;0
655;0
656;0
657;0
658;2
659;0
660;0
661;2
662;0
663;0
664;0
665;0
666;0
667;2
668;0
669;0
670;0
671;0
672;0
673;0
674;0
675;0
676;0
677;0
678;0
679;0
680;1
681;0
682;1
683;1
684;0
685;0
686;0
687;0
688;0
689;0
690;1
691;0
692;0
693;2
694;1
695;0
696;1
697;1
698;0
699;0
700;0
701;0
702;0
703;0
704;1
705;0
706;0
707;0
708;0
709;0
710;1
711;0
712;0
713;0
714;0
715;0
716;0
717;0
718;0
719;0
720;0
721;1
722;0
723;0
724;4
725;0
726;0
727;0
728;2
729;0
730;0
731;0
732;1
733;0
734;0
735;0
736;1
737;0
738;2
739;0
740;0
741;0
742;2
743;2
744;0
745;2
746;0
747;0
748;1
749;0
750;0
751;0
752;0
753;0
754;0
755;2
756;0
757;0
758;0
759;0
760;0
761;1
762;4
763;2
764;0
765;0
766;1
767;0
768;1
769;0
770;2
771;0
772;0
773;0
774;0
775;0
776;0
777;0
778;0
779;1
780;0
781;0
782;1
783;0
784;1
785;1
786;1
787;0
788;0
789;0
790;0
791;0
792;0
793;1
794;0
795;0
796;0
797;2
798;2
799;0
800;1
801;1
802;0
803;0
804;2
805;0
806;0
807;0
808;0
809;0
810;0
811;0
812;2
813;0
814;2
815;2
816;2
817;0
818;0
819;0
820;0
821;2
822;0
823;2
824;1
825;0
826;0
827;0
828;2
829;0
830;2
831;0
832;0
833;0
834;0
835;0
836;0
837;0
838;2
839;0
840;0
841;0
842;0
843;0
844;0
845;2
846;2
847;0
848;0
849;0
850;0
851;0
852;1
853;0
854;2
855;1
856;2
857;0
858;0
859;2
860;1
861;0
862;2
863;2
864;2
865;0
866;2
867;0
868;1
869;0
870;2
871;0
872;0
873;1
874;0
875;0
876;0
877;2
878;0
879;0
880;1
881;0
882;1
883;0
884;0
885;0
886;0
887;0
888;0
889;1
890;2
891;2
892;2
893;0
894;1
895;0
896;0
897;2
898;2
899;0
900;2
901;0
902;0
903;0
904;2
905;2
906;0
907;0
908;2
909;0
910;0
911;0
912;0
913;0
914;0
915;1
916;0
917;0
918;1
919;0
920;4
921;0
922;0
923;0
924;0
925;1
926;2
927;2
928;2
929;0
930;2
931;0
932;0
933;2
934;2
935;2
936;2
937;0
938;0
939;0
940;2
941;0
942;0
943;0
944;0
945;0
946;2
947;0
948;1
949;1
950;0
951;0
952;1
953;2
954;2
955;0
956;0
957;0
958;2
959;0
960;0
961;0
962;0
963;0
964;0
965;0
966;2
967;0
968;0
969;0
970;0
971;0
972;0
973;0
974;0
975;0
976;0
977;0
978;0
979;2
980;0
981;0
982;0
983;0
984;0
985;0
986;0
987;2
988;0
989;0
990;2
991;1
992;0
993;1
994;0
995;0
996;2
997;0
998;0
999;2
1000;2
1001;0
1002;0
1003;0
1004;0
1005;1
1006;0
1007;2
1008;2
1009;1
1010;0
1011;0
1012;0
1013;0
1014;0
1015;0
1016;0
1017;0
1018;0
1019;0
1020;0
1021;0
1022;0
1023;0
