0;0
1;0
2;0
3;0
4;4
5;0
6;2
7;0
8;0
9;0
10;2
11;0
12;1
13;0
14;2
15;1
16;0
17;2
18;1
19;0
20;2
21;1
22;0
23;2
24;0
25;0
26;0
27;0
28;2
29;0
30;1
31;0
32;1
33;2
34;2
35;0
36;1
37;0
38;0
39;0
40;1
41;2
42;2
43;2
44;4
45;0
46;2
47;2
48;0
49;0
50;2
51;0
52;1
53;0
54;0
55;0
56;2
57;0
58;0
59;1
60;0
61;1
62;1
63;0
64;1
65;0
66;0
67;0
68;0
69;0
70;0
71;0
72;2
73;0
74;0
75;2
76;0
77;0
78;0
79;0
80;0
81;0
82;0
83;0
84;0
85;0
86;2
87;1
88;1
89;0
90;0
91;2
92;2
93;0
94;0
95;2
96;0
97;0
98;0
99;0
100;1
101;0
102;0
103;2
104;2
105;0
106;1
107;0
108;2
109;0
110;0
111;0
112;0
113;0
114;0
115;1
116;0
117;0
118;0
119;0
120;0
121;0
122;0
123;1
124;0
125;2
126;2
127;0
128;0
129;2
130;0
131;0
132;0
133;1
134;1
135;1
136;0
137;0
138;0
139;0
140;0
141;0
142;1
143;0
144;2
145;0
146;0
147;0
148;0
149;0
150;2
151;0
152;2
153;0
154;2
155;0
156;2
157;0
158;0
159;0
160;0
161;0
162;0
163;0
164;1
165;0
166;0
167;0
168;0
169;2
170;1
171;0
172;0
173;0
174;2
175;0
176;1
177;0
178;0
179;0
180;2
181;0
182;1
183;0
184;0
185;0
186;1
187;0
188;0
189;0
190;2
191;1
192;0
193;0
194;0
195;1
196;2
197;0
198;0
199;2
200;2
201;2
202;0
203;1
204;2
205;0
206;0
207;0
208;0
209;1
210;0
211;0
212;0
213;0
214;0
215;1
216;0
217;0
218;2
219;0
220;1
221;0
222;2
223;0
224;0
225;0
226;0
227;0
228;1
229;0
230;0
231;0
232;0
233;2
234;0
235;0
236;0
237;0
238;0
239;0
240;0
241;2
242;0
243;2
244;2
245;0
246;1
247;0
248;0
249;0
250;0
251;0
252;0
253;1
254;1
255;0
256;0
257;0
258;2
259;0
260;0
261;0
262;0
263;0
264;0
265;1
266;0
267;2
268;2
269;2
270;2
271;1
272;0
273;0
274;2
275;0
276;1
277;0
278;0
279;0
280;1
281;0
282;1
283;0
284;0
285;2
286;0
287;2
288;0
289;2
290;1
291;0
292;2
293;0
294;0
295;1
296;0
297;0
298;0
299;0
300;0
301;1
302;0
303;1
304;0
305;0
306;0
307;0
308;0
309;0
310;1
311;0
312;0
313;0
314;0
315;0
316;2
317;1
318;0
319;0
320;0
321;0
322;0
323;0
324;0
325;0
326;1
327;0
328;0
329;1
330;0
331;2
332;2
333;1
334;0
335;0
336;2
337;2
338;2
339;2
340;1
341;0
342;0
343;0
344;0
345;1
346;1
347;0
348;2
349;0
350;0
351;0
352;0
353;0
354;0
355;2
356;0
357;1
358;2
359;0
360;4
361;2
362;2
363;2
364;0
365;0
366;1
367;0
368;2
369;2
370;0
371;0
372;0
373;0
374;0
375;1
376;0
377;0
378;2
379;2
380;0
381;0
382;0
383;0
384;2
385;0
386;0
387;0
388;0
389;0
390;0
391;0
392;0
393;2
394;0
395;2
396;0
397;2
398;2
399;0
400;1
401;0
402;0
403;0
404;2
405;0
406;0
407;0
408;2
409;0
410;1
411;1
412;0
413;0
414;2
415;0
416;2
417;1
418;0
419;0
420;1
421;0
422;0
423;0
424;2
425;2
426;0
427;2
428;2
429;0
430;1
431;0
432;1
433;0
434;0
435;0
436;1
437;2
438;0
439;1
440;0
441;0
442;0
443;0
444;1
445;0
446;0
447;0
448;0
449;0
450;1
451;0
452;0
453;0
454;1
455;0
456;2
457;0
458;0
459;1
460;2
461;0
462;2
463;2
464;0
465;0
466;0
467;2
468;1
469;0
470;0
471;1
472;0
473;0
474;0
475;0
476;0
477;2
478;2
479;1
480;0
481;0
482;1
483;0
484;2
485;0
486;0
487;0
488;2
489;0
490;0
491;0
492;1
493;0
494;0
495;0
496;1
497;1
498;0
499;0
500;0
501;0
502;0
503;0
504;0
505;0
506;0
507;0
508;0
509;1
510;2
511;1
512;0
513;0
514;0
515;0
516;0
517;1
518;0
519;0
520;0
521;0
522;1
523;0
524;0
525;0
526;1
527;0
528;0
529;0
530;0
531;0
532;0
533;0
534;1
535;0
536;0
537;1
538;0
539;0
540;0
541;0
542;0
543;0
544;1
545;0
546;0
547;1
548;0
549;2
550;2
551;2
552;2
553;2
554;1
555;0
556;0
557;0
558;1
559;0
560;0
561;0
562;2
563;2
564;0
565;0
566;1
567;0
568;0
569;0
570;0
571;0
572;0
573;0
574;0
575;0
576;2
577;2
578;0
579;1
580;2
581;1
582;0
583;0
584;0
585;0
586;0
587;0
588;0
589;0
590;0
591;0
592;0
593;0
594;0
595;1
596;0
597;0
598;0
599;0
600;2
601;0
602;0
603;0
604;2
605;0
606;0
607;0
608;2
609;2
610;0
611;2
612;1
613;0
614;0
615;2
616;1
617;2
618;2
619;0
620;2
621;0
622;2
623;0
624;1
625;0
626;0
627;2
628;0
629;0
630;0
631;0
632;1
633;0
634;1
635;0
636;1
637;1
638;0
639;1
640;0
641;0
642;0
643;0
644;0
645;0
646;0
647;0
648;2
649;0
650;1
651;2
652;0
653;0
654;0
655;0
656;0
657;0
658;0
659;0
660;0
661;0
662;2
663;0
664;0
665;0
666;0
667;0
668;0
669;0
670;1
671;0
672;1
673;0
674;0
675;2
676;2
677;0
678;2
679;1
680;0
681;0
682;0
683;2
684;1
685;1
686;0
687;0
688;1
689;0
690;0
691;2
692;0
693;0
694;0
695;2
696;0
697;2
698;2
699;2
700;2
701;0
702;0
703;0
704;0
705;0
706;0
707;0
708;0
709;0
710;1
711;0
712;0
713;0
714;0
715;2
716;1
717;0
718;0
719;0
720;0
721;0
722;0
723;0
724;0
725;0
726;0
727;0
728;1
729;0
730;0
731;0
732;0
733;0
734;0
735;0
736;0
737;0
738;0
739;0
740;1
741;0
742;0
743;0
744;0
745;2
746;1
747;0
748;2
749;0
750;0
751;2
752;0
753;0
754;0
755;0
756;0
757;0
758;0
759;0
760;2
761;0
762;0
763;0
764;0
765;1
766;2
767;1
768;0
769;0
770;1
771;0
772;0
773;0
774;0
775;0
776;0
777;2
778;0
779;2
780;0
781;0
782;2
783;0
784;2
785;1
786;0
787;2
788;0
789;0
790;1
791;0
792;0
793;0
794;2
795;0
796;0
797;0
798;1
799;0
800;0
801;0
802;0
803;0
804;0
805;0
806;0
807;0
808;0
809;0
810;0
811;0
812;0
813;0
814;2
815;2
816;1
817;1
818;1
819;0
820;0
821;2
822;2
823;0
824;1
825;1
826;0
827;0
828;0
829;1
830;0
831;0
832;0
833;0
834;0
835;0
836;0
837;2
838;1
839;2
840;2
841;0
842;0
843;0
844;0
845;2
846;1
847;2
848;1
849;0
850;0
851;1
852;0
853;0
854;1
855;0
856;0
857;0
858;1
859;0
860;0
861;2
862;1
863;0
864;1
865;0
866;0
867;0
868;0
869;2
870;2
871;0
872;0
873;2
874;0
875;0
876;0
877;1
878;0
879;0
880;1
881;0
882;2
883;0
884;0
885;0
886;0
887;0
888;0
889;0
890;0
891;2
892;2
893;0
894;0
895;0
896;0
897;0
898;1
899;0
900;1
901;1
902;1
903;1
904;0
905;0
906;2
907;1
908;0
909;0
910;0
911;2
912;0
913;0
914;2
915;2
916;2
917;0
918;0
919;1
920;1
921;0
922;0
923;0
924;0
925;0
926;0
927;0
928;2
929;0
930;0
931;0
932;0
933;0
934;0
935;2
936;0
937;2
938;0
939;0
940;2
941;2
942;2
943;0
944;1
945;0
946;1
947;1
948;1
949;0
950;0
951;0
952;2
953;1
954;0
955;2
956;0
957;2
958;1
959;1
960;0
961;2
962;2
963;2
964;1
965;2
966;0
967;0
968;1
969;1
970;0
971;0
972;0
973;2
974;1
975;0
976;0
977;1
978;0
979;0
980;0
981;2
982;0
983;1
984;0
985;0
986;1
987;0
988;0
989;0
990;0
991;0
992;0
993;2
994;2
995;2
996;1
997;0
998;2
999;2
1000;0
1001;0
1002;0
1003;0
1004;0
1005;0
1006;0
1007;2
1008;0
1009;1
1010;0
1011;0
1012;0
1013;0
1014;0
1015;0
1016;0
1017;0
1018;0
1019;0
1020;0
1021;0
1022;0
1023;0
