0;0
1;0
2;0
3;2
4;1
5;1
6;2
7;2
8;0
9;0
10;2
11;0
12;0
13;0
14;0
15;0
16;0
17;2
18;2
19;2
20;2
21;1
22;0
23;1
24;0
25;0
26;0
27;2
28;2
29;0
30;0
31;2
32;0
33;0
34;0
35;0
36;0
37;0
38;0
39;0
40;1
41;0
42;0
43;0
44;2
45;0
46;1
47;0
48;0
49;0
50;0
51;0
52;0
53;0
54;0
55;0
56;0
57;0
58;0
59;2
60;1
61;0
62;0
63;2
64;4
65;0
66;2
67;0
68;2
69;0
70;0
71;0
72;2
73;0
74;2
75;0
76;0
77;0
78;0
79;0
80;1
81;0
82;0
83;0
84;1
85;0
86;0
87;0
88;1
89;0
90;2
91;0
92;1
93;2
94;0
95;0
96;0
97;2
98;2
99;2
100;1
101;0
102;0
103;0
104;0
105;0
106;0
107;0
108;0
109;2
110;1
111;0
112;0
113;0
114;0
115;0
116;0
117;2
118;0
119;2
120;0
121;0
122;1
123;0
124;2
125;1
126;0
127;1
128;0
129;1
130;2
131;0
132;0
133;0
134;0
135;0
136;2
137;0
138;2
139;0
140;2
141;0
142;0
143;0
144;0
145;0
146;1
147;2
148;1
149;0
150;2
151;0
152;2
153;0
154;0
155;0
156;0
157;0
158;0
159;0
160;1
161;0
162;0
163;2
164;4
165;2
166;2
167;2
168;0
169;0
170;2
171;0
172;1
173;0
174;2
175;1
176;0
177;0
178;2
179;0
180;0
181;0
182;0
183;2
184;2
185;0
186;0
187;0
188;0
189;0
190;0
191;0
192;0
193;0
194;0
195;0
196;0
197;0
198;0
199;0
200;2
201;0
202;2
203;1
204;0
205;0
206;0
207;1
208;0
209;0
210;2
211;2
212;0
213;0
214;2
215;2
216;0
217;0
218;0
219;0
220;0
221;0
222;0
223;0
224;0
225;0
226;0
227;2
228;1
229;2
230;0
231;0
232;0
233;2
234;2
235;2
236;0
237;0
238;0
239;0
240;0
241;0
242;0
243;0
244;0
245;2
246;0
247;2
248;2
249;2
250;2
251;2
252;0
253;0
254;2
255;2
256;2
257;0
258;0
259;0
260;1
261;0
262;2
263;1
264;0
265;0
266;2
267;0
268;1
269;0
270;0
271;1
272;1
273;0
274;2
275;1
276;0
277;0
278;2
279;0
280;1
281;0
282;0
283;0
284;0
285;2
286;2
287;2
288;0
289;0
290;0
291;1
292;0
293;0
294;0
295;0
296;0
297;0
298;0
299;0
300;0
301;0
302;2
303;2
304;0
305;0
306;2
307;2
308;2
309;0
310;0
311;2
312;4
313;0
314;2
315;1
316;0
317;2
318;2
319;0
320;2
321;2
322;0
323;0
324;0
325;0
326;0
327;0
328;0
329;1
330;1
331;0
332;0
333;0
334;0
335;0
336;0
337;0
338;2
339;2
340;1
341;0
342;0
343;2
344;2
345;0
346;1
347;0
348;2
349;0
350;0
351;0
352;2
353;2
354;1
355;0
356;2
357;2
358;0
359;0
360;0
361;0
362;0
363;0
364;0
365;0
366;0
367;0
368;0
369;0
370;0
371;2
372;0
373;0
374;1
375;0
376;0
377;2
378;1
379;0
380;0
381;0
382;0
383;0
384;4
385;0
386;0
387;0
388;2
389;2
390;2
391;2
392;1
393;0
394;0
395;0
396;2
397;1
398;0
399;0
400;0
401;0
402;0
403;0
404;0
405;2
406;1
407;0
408;0
409;2
410;2
411;0
412;0
413;1
414;0
415;0
416;0
417;0
418;0
419;0
420;2
421;0
422;2
423;2
424;2
425;0
426;1
427;0
428;0
429;0
430;0
431;0
432;2
433;2
434;0
435;0
436;2
437;0
438;0
439;2
440;2
441;0
442;2
443;0
444;2
445;2
446;0
447;0
448;2
449;0
450;0
451;0
452;0
453;2
454;1
455;0
456;0
457;0
458;1
459;0
460;1
461;0
462;2
463;0
464;1
465;2
466;0
467;1
468;2
469;0
470;0
471;2
472;0
473;2
474;1
475;0
476;0
477;0
478;0
479;0
480;2
481;0
482;0
483;0
484;2
485;2
486;2
487;0
488;2
489;0
490;0
491;0
492;2
493;0
494;1
495;0
496;0
497;0
498;2
499;2
500;2
501;0
502;1
503;0
504;0
505;0
506;0
507;0
508;2
509;2
510;2
511;2
512;2
513;0
514;0
515;0
516;0
517;0
518;1
519;0
520;1
521;0
522;0
523;0
524;1
525;0
526;0
527;2
528;2
529;0
530;0
531;0
532;1
533;0
534;0
535;0
536;0
537;2
538;2
539;1
540;0
541;0
542;0
543;1
544;0
545;0
546;1
547;0
548;0
549;0
550;0
551;0
552;2
553;2
554;1
555;0
556;0
557;0
558;0
559;2
560;0
561;0
562;2
563;0
564;1
565;0
566;0
567;2
568;2
569;0
570;2
571;2
572;0
573;0
574;0
575;0
576;1
577;0
578;2
579;2
580;1
581;1
582;0
583;0
584;1
585;0
586;0
587;2
588;2
589;0
590;2
591;0
592;2
593;2
594;0
595;2
596;1
597;0
598;0
599;2
600;0
601;1
602;0
603;0
604;2
605;0
606;0
607;2
608;2
609;0
610;2
611;2
612;1
613;0
614;0
615;0
616;0
617;0
618;0
619;1
620;0
621;0
622;0
623;2
624;0
625;2
626;2
627;0
628;0
629;0
630;2
631;1
632;0
633;0
634;0
635;0
636;0
637;0
638;1
639;0
640;2
641;0
642;0
643;2
644;2
645;0
646;0
647;2
648;0
649;0
650;0
651;0
652;0
653;0
654;1
655;0
656;0
657;2
658;2
659;0
660;1
661;0
662;0
663;0
664;2
665;0
666;0
667;0
668;2
669;0
670;1
671;0
672;0
673;2
674;0
675;0
676;0
677;1
678;0
679;1
680;0
681;0
682;0
683;0
684;0
685;0
686;2
687;1
688;0
689;0
690;0
691;1
692;2
693;2
694;0
695;1
696;0
697;0
698;0
699;0
700;2
701;0
702;0
703;0
704;0
705;0
706;2
707;0
708;0
709;1
710;0
711;0
712;2
713;2
714;0
715;1
716;0
717;0
718;0
719;0
720;2
721;0
722;0
723;2
724;2
725;0
726;2
727;0
728;0
729;1
730;0
731;0
732;0
733;2
734;0
735;0
736;0
737;0
738;1
739;2
740;0
741;0
742;0
743;1
744;4
745;0
746;0
747;0
748;2
749;0
750;0
751;0
752;2
753;2
754;0
755;0
756;1
757;0
758;0
759;0
760;2
761;0
762;0
763;2
764;0
765;0
766;1
767;0
768;0
769;0
770;0
771;0
772;1
773;0
774;0
775;0
776;1
777;1
778;0
779;0
780;0
781;0
782;0
783;0
784;2
785;2
786;0
787;0
788;0
789;0
790;0
791;0
792;0
793;0
794;0
795;0
796;0
797;0
798;0
799;0
800;2
801;2
802;0
803;0
804;0
805;0
806;0
807;0
808;2
809;1
810;1
811;0
812;0
813;0
814;0
815;2
816;0
817;0
818;1
819;0
820;0
821;0
822;0
823;0
824;2
825;0
826;0
827;0
828;2
829;0
830;0
831;0
832;0
833;2
834;2
835;2
836;1
837;0
838;0
839;0
840;0
841;0
842;0
843;2
844;2
845;0
846;1
847;0
848;0
849;0
850;2
851;1
852;0
853;0
854;0
855;0
856;1
857;0
858;0
859;1
860;0
861;1
862;0
863;2
864;1
865;0
866;0
867;0
868;1
869;0
870;2
871;0
872;2
873;0
874;2
875;2
876;0
877;2
878;1
879;0
880;0
881;0
882;0
883;0
884;1
885;0
886;0
887;2
888;4
889;0
890;0
891;2
892;2
893;0
894;2
895;0
896;2
897;0
898;0
899;0
900;0
901;0
902;0
903;0
904;0
905;0
906;0
907;2
908;1
909;0
910;0
911;2
912;0
913;0
914;2
915;2
916;2
917;2
918;2
919;0
920;1
921;0
922;0
923;0
924;0
925;0
926;0
927;0
928;2
929;0
930;0
931;0
932;0
933;0
934;0
935;0
936;0
937;2
938;0
939;2
940;2
941;0
942;0
943;0
944;0
945;0
946;0
947;0
948;0
949;2
950;0
951;0
952;0
953;0
954;1
955;2
956;0
957;2
958;2
959;2
960;2
961;2
962;0
963;0
964;1
965;0
966;2
967;1
968;1
969;1
970;0
971;2
972;4
973;0
974;2
975;2
976;0
977;0
978;0
979;0
980;1
981;0
982;0
983;2
984;2
985;0
986;0
987;0
988;0
989;0
990;2
991;2
992;2
993;0
994;0
995;0
996;2
997;0
998;2
999;0
1000;1
1001;0
1002;0
1003;1
1004;0
1005;0
1006;0
1007;2
1008;1
1009;0
1010;2
1011;2
1012;1
1013;0
1014;1
1015;1
1016;0
1017;0
1018;0
1019;0
1020;0
1021;0
1022;0
1023;0
