0;0
1;1
2;0
3;0
4;4
5;0
6;2
7;0
8;0
9;1
10;0
11;0
12;2
13;0
14;2
15;1
16;0
17;0
18;1
19;0
20;0
21;0
22;1
23;0
24;1
25;0
26;0
27;0
28;2
29;0
30;1
31;0
32;0
33;0
34;0
35;2
36;1
37;0
38;0
39;0
40;0
41;2
42;2
43;2
44;1
45;0
46;0
47;1
48;1
49;0
50;2
51;2
52;2
53;0
54;2
55;2
56;1
57;0
58;2
59;0
60;0
61;0
62;0
63;0
64;1
65;0
66;0
67;0
68;2
69;2
70;0
71;0
72;0
73;2
74;0
75;0
76;0
77;0
78;0
79;1
80;2
81;0
82;0
83;0
84;2
85;0
86;0
87;2
88;1
89;0
90;1
91;0
92;2
93;1
94;0
95;0
96;1
97;2
98;0
99;0
100;0
101;0
102;0
103;0
104;0
105;0
106;1
107;0
108;1
109;0
110;0
111;2
112;0
113;2
114;0
115;1
116;0
117;0
118;1
119;0
120;0
121;0
122;0
123;0
124;0
125;0
126;0
127;2
128;0
129;0
130;1
131;0
132;0
133;1
134;0
135;0
136;0
137;0
138;2
139;2
140;0
141;2
142;2
143;1
144;2
145;0
146;0
147;1
148;0
149;0
150;0
151;0
152;0
153;0
154;0
155;0
156;0
157;0
158;0
159;0
160;2
161;1
162;0
163;0
164;0
165;0
166;0
167;0
168;2
169;0
170;0
171;0
172;0
173;0
174;0
175;2
176;0
177;1
178;2
179;1
180;0
181;1
182;2
183;1
184;0
185;0
186;0
187;0
188;0
189;0
190;1
191;0
192;1
193;0
194;0
195;2
196;2
197;0
198;0
199;1
200;0
201;0
202;0
203;1
204;0
205;0
206;0
207;1
208;1
209;0
210;0
211;0
212;2
213;0
214;1
215;0
216;0
217;0
218;0
219;0
220;2
221;0
222;0
223;1
224;0
225;0
226;0
227;1
228;1
229;0
230;0
231;1
232;0
233;0
234;0
235;2
236;0
237;0
238;0
239;2
240;0
241;0
242;1
243;0
244;0
245;0
246;0
247;2
248;0
249;0
250;1
251;0
252;0
253;1
254;0
255;1
256;1
257;0
258;0
259;0
260;0
261;0
262;0
263;0
264;0
265;1
266;0
267;2
268;1
269;1
270;0
271;2
272;4
273;2
274;0
275;2
276;2
277;0
278;1
279;0
280;2
281;0
282;0
283;0
284;0
285;0
286;1
287;0
288;1
289;1
290;0
291;1
292;0
293;0
294;1
295;1
296;2
297;0
298;2
299;0
300;0
301;0
302;0
303;0
304;2
305;0
306;0
307;2
308;0
309;0
310;0
311;0
312;0
313;0
314;0
315;0
316;0
317;0
318;1
319;2
320;0
321;0
322;0
323;1
324;0
325;0
326;2
327;0
328;1
329;2
330;0
331;0
332;0
333;0
334;0
335;1
336;0
337;0
338;2
339;0
340;0
341;1
342;0
343;2
344;0
345;0
346;1
347;0
348;1
349;2
350;0
351;1
352;0
353;1
354;0
355;0
356;2
357;0
358;0
359;0
360;0
361;0
362;0
363;0
364;0
365;2
366;2
367;2
368;2
369;0
370;0
371;2
372;1
373;0
374;0
375;2
376;1
377;0
378;0
379;2
380;1
381;2
382;0
383;0
384;0
385;1
386;0
387;2
388;0
389;0
390;2
391;1
392;0
393;0
394;0
395;0
396;0
397;1
398;0
399;0
400;2
401;0
402;1
403;0
404;0
405;2
406;0
407;0
408;0
409;0
410;0
411;0
412;0
413;0
414;2
415;0
416;0
417;0
418;0
419;0
420;0
421;0
422;2
423;0
424;0
425;1
426;2
427;0
428;2
429;0
430;0
431;0
432;0
433;1
434;0
435;0
436;0
437;0
438;0
439;1
440;2
441;0
442;0
443;2
444;1
445;2
446;0
447;0
448;2
449;0
450;0
451;2
452;0
453;0
454;0
455;0
456;1
457;0
458;0
459;2
460;2
461;0
462;0
463;0
464;0
465;1
466;0
467;0
468;0
469;1
470;2
471;0
472;2
473;1
474;1
475;0
476;2
477;0
478;0
479;2
480;0
481;2
482;0
483;0
484;0
485;2
486;2
487;0
488;0
489;0
490;0
491;2
492;0
493;0
494;2
495;0
496;2
497;2
498;1
499;2
500;2
501;1
502;0
503;0
504;0
505;0
506;0
507;2
508;2
509;0
510;0
511;1
512;0
513;1
514;0
515;1
516;0
517;0
518;0
519;0
520;0
521;0
522;2
523;0
524;2
525;0
526;1
527;0
528;0
529;2
530;0
531;0
532;2
533;0
534;0
535;0
536;2
537;0
538;0
539;2
540;0
541;0
542;0
543;1
544;0
545;2
546;2
547;2
548;1
549;0
550;0
551;2
552;0
553;1
554;0
555;0
556;0
557;0
558;0
559;0
560;2
561;0
562;2
563;0
564;0
565;0
566;0
567;0
568;0
569;1
570;0
571;0
572;0
573;1
574;0
575;0
576;0
577;2
578;0
579;0
580;0
581;0
582;0
583;0
584;1
585;0
586;1
587;0
588;1
589;1
590;0
591;1
592;0
593;0
594;1
595;0
596;0
597;0
598;2
599;1
600;1
601;0
602;0
603;0
604;2
605;1
606;2
607;1
608;0
609;0
610;0
611;2
612;2
613;0
614;0
615;2
616;0
617;1
618;0
619;0
620;2
621;0
622;0
623;0
624;0
625;0
626;1
627;0
628;0
629;0
630;0
631;2
632;0
633;0
634;0
635;0
636;0
637;2
638;2
639;2
640;0
641;0
642;0
643;0
644;2
645;0
646;2
647;0
648;1
649;0
650;0
651;1
652;0
653;2
654;0
655;0
656;2
657;0
658;0
659;0
660;2
661;0
662;0
663;0
664;0
665;1
666;0
667;0
668;0
669;0
670;0
671;1
672;0
673;1
674;0
675;0
676;0
677;0
678;0
679;1
680;0
681;0
682;2
683;2
684;0
685;0
686;0
687;0
688;2
689;1
690;1
691;0
692;1
693;0
694;2
695;2
696;0
697;2
698;0
699;0
700;0
701;0
702;0
703;1
704;0
705;1
706;0
707;0
708;0
709;1
710;0
711;0
712;0
713;0
714;0
715;2
716;0
717;1
718;0
719;2
720;1
721;0
722;0
723;0
724;2
725;0
726;1
727;0
728;0
729;0
730;1
731;0
732;2
733;0
734;2
735;2
736;2
737;0
738;2
739;0
740;0
741;0
742;0
743;0
744;2
745;2
746;1
747;0
748;0
749;0
750;0
751;0
752;0
753;0
754;2
755;2
756;1
757;1
758;0
759;1
760;0
761;0
762;1
763;2
764;1
765;0
766;0
767;1
768;0
769;2
770;2
771;2
772;0
773;0
774;2
775;1
776;0
777;0
778;0
779;0
780;0
781;1
782;0
783;0
784;0
785;2
786;2
787;2
788;0
789;0
790;0
791;0
792;0
793;0
794;0
795;2
796;2
797;0
798;0
799;1
800;0
801;0
802;2
803;2
804;0
805;2
806;0
807;0
808;0
809;1
810;0
811;0
812;0
813;0
814;0
815;2
816;0
817;0
818;1
819;1
820;0
821;1
822;0
823;0
824;0
825;0
826;0
827;1
828;0
829;0
830;0
831;0
832;0
833;1
834;2
835;0
836;0
837;0
838;0
839;0
840;2
841;0
842;0
843;0
844;2
845;2
846;2
847;0
848;0
849;0
850;0
851;0
852;0
853;0
854;0
855;0
856;0
857;0
858;0
859;2
860;0
861;0
862;0
863;1
864;0
865;0
866;0
867;0
868;0
869;0
870;0
871;0
872;0
873;0
874;0
875;0
876;2
877;0
878;0
879;0
880;0
881;1
882;0
883;0
884;0
885;2
886;1
887;0
888;0
889;1
890;0
891;0
892;1
893;0
894;2
895;0
896;1
897;0
898;0
899;1
900;0
901;0
902;0
903;2
904;0
905;2
906;0
907;0
908;0
909;0
910;0
911;1
912;0
913;0
914;0
915;2
916;0
917;1
918;0
919;0
920;0
921;0
922;0
923;0
924;0
925;1
926;0
927;1
928;0
929;0
930;0
931;0
932;0
933;0
934;0
935;0
936;0
937;0
938;0
939;0
940;0
941;0
942;1
943;0
944;0
945;0
946;0
947;0
948;0
949;0
950;2
951;0
952;0
953;2
954;0
955;0
956;0
957;0
958;2
959;0
960;0
961;1
962;0
963;2
964;0
965;2
966;2
967;2
968;2
969;2
970;2
971;2
972;0
973;2
974;0
975;2
976;1
977;0
978;2
979;0
980;1
981;0
982;0
983;2
984;1
985;0
986;0
987;2
988;4
989;0
990;2
991;0
992;2
993;0
994;0
995;0
996;1
997;0
998;2
999;0
1000;1
1001;0
1002;0
1003;1
1004;0
1005;2
1006;0
1007;0
1008;0
1009;0
1010;0
1011;0
1012;0
1013;0
1014;0
1015;0
1016;0
1017;0
1018;0
1019;0
1020;0
1021;0
1022;0
1023;0
