0;1
1;0
2;0
3;2
4;1
5;0
6;2
7;2
8;2
9;0
10;0
11;0
12;1
13;0
14;2
15;0
16;0
17;1
18;0
19;0
20;2
21;0
22;0
23;0
24;0
25;2
26;0
27;0
28;0
29;0
30;0
31;0
32;1
33;0
34;0
35;2
36;1
37;0
38;0
39;0
40;1
41;0
42;0
43;0
44;0
45;2
46;1
47;0
48;1
49;0
50;0
51;0
52;2
53;0
54;2
55;2
56;2
57;0
58;1
59;0
60;2
61;0
62;0
63;0
64;0
65;0
66;2
67;1
68;0
69;0
70;0
71;2
72;1
73;0
74;0
75;0
76;2
77;2
78;2
79;2
80;0
81;0
82;0
83;2
84;0
85;0
86;0
87;0
88;2
89;0
90;0
91;0
92;1
93;0
94;1
95;1
96;0
97;0
98;0
99;2
100;4
101;0
102;2
103;2
104;0
105;0
106;2
107;0
108;2
109;0
110;1
111;0
112;1
113;0
114;0
115;0
116;0
117;2
118;0
119;0
120;0
121;0
122;0
123;0
124;1
125;0
126;0
127;0
128;0
129;0
130;0
131;0
132;1
133;2
134;1
135;0
136;0
137;0
138;0
139;0
140;0
141;0
142;1
143;0
144;0
145;1
146;0
147;2
148;2
149;0
150;1
151;1
152;2
153;0
154;2
155;0
156;2
157;1
158;0
159;0
160;0
161;1
162;0
163;0
164;1
165;0
166;1
167;2
168;0
169;0
170;0
171;0
172;2
173;2
174;2
175;0
176;1
177;0
178;0
179;0
180;0
181;0
182;1
183;1
184;0
185;0
186;0
187;2
188;4
189;2
190;2
191;1
192;0
193;0
194;2
195;0
196;1
197;0
198;0
199;2
200;2
201;1
202;0
203;2
204;2
205;2
206;0
207;1
208;0
209;0
210;0
211;0
212;0
213;2
214;0
215;2
216;4
217;2
218;1
219;2
220;4
221;0
222;0
223;2
224;1
225;1
226;0
227;2
228;2
229;1
230;0
231;0
232;0
233;0
234;0
235;0
236;0
237;0
238;0
239;0
240;1
241;2
242;1
243;0
244;2
245;0
246;0
247;2
248;1
249;0
250;1
251;0
252;0
253;0
254;2
255;0
256;0
257;0
258;0
259;2
260;1
261;0
262;2
263;1
264;0
265;2
266;2
267;0
268;2
269;0
270;0
271;0
272;0
273;0
274;1
275;2
276;0
277;0
278;2
279;1
280;0
281;0
282;1
283;1
284;1
285;0
286;0
287;2
288;1
289;1
290;0
291;2
292;1
293;0
294;2
295;2
296;2
297;0
298;2
299;0
300;2
301;0
302;0
303;2
304;1
305;0
306;0
307;2
308;0
309;1
310;0
311;2
312;2
313;0
314;2
315;2
316;1
317;0
318;0
319;1
320;0
321;1
322;0
323;0
324;0
325;0
326;1
327;0
328;1
329;2
330;0
331;2
332;2
333;0
334;1
335;0
336;2
337;1
338;2
339;0
340;0
341;2
342;1
343;0
344;2
345;0
346;0
347;0
348;0
349;0
350;0
351;1
352;0
353;0
354;0
355;0
356;1
357;0
358;1
359;0
360;0
361;0
362;0
363;0
364;4
365;0
366;2
367;1
368;0
369;0
370;2
371;0
372;1
373;2
374;1
375;0
376;0
377;0
378;0
379;1
380;0
381;0
382;0
383;0
384;2
385;2
386;1
387;0
388;2
389;2
390;0
391;2
392;2
393;2
394;0
395;2
396;2
397;0
398;1
399;0
400;1
401;0
402;0
403;1
404;0
405;0
406;0
407;0
408;0
409;0
410;0
411;0
412;2
413;0
414;2
415;2
416;2
417;0
418;2
419;0
420;4
421;2
422;0
423;0
424;2
425;0
426;0
427;0
428;1
429;0
430;1
431;0
432;0
433;0
434;0
435;0
436;0
437;0
438;0
439;0
440;0
441;2
442;1
443;0
444;2
445;0
446;0
447;2
448;1
449;1
450;0
451;0
452;2
453;0
454;0
455;0
456;0
457;0
458;0
459;0
460;0
461;0
462;2
463;2
464;1
465;0
466;0
467;2
468;1
469;2
470;2
471;2
472;0
473;0
474;2
475;0
476;1
477;0
478;0
479;0
480;2
481;2
482;0
483;0
484;2
485;2
486;1
487;0
488;0
489;1
490;0
491;0
492;0
493;2
494;0
495;2
496;1
497;0
498;2
499;2
500;1
501;0
502;0
503;2
504;0
505;0
506;2
507;0
508;2
509;0
510;0
511;2
512;0
513;0
514;0
515;0
516;0
517;0
518;0
519;2
520;0
521;0
522;1
523;0
524;0
525;2
526;2
527;0
528;0
529;0
530;0
531;0
532;0
533;0
534;1
535;0
536;1
537;0
538;0
539;0
540;0
541;0
542;1
543;1
544;0
545;2
546;0
547;0
548;2
549;0
550;2
551;1
552;2
553;2
554;0
555;0
556;1
557;0
558;0
559;0
560;2
561;0
562;0
563;0
564;0
565;0
566;0
567;0
568;1
569;0
570;2
571;2
572;1
573;0
574;0
575;0
576;2
577;0
578;1
579;2
580;2
581;0
582;2
583;0
584;2
585;2
586;2
587;1
588;0
589;0
590;0
591;0
592;0
593;0
594;0
595;2
596;1
597;0
598;0
599;1
600;0
601;2
602;0
603;2
604;1
605;0
606;0
607;0
608;1
609;0
610;0
611;0
612;0
613;0
614;0
615;0
616;2
617;1
618;2
619;2
620;2
621;0
622;1
623;0
624;0
625;0
626;2
627;2
628;2
629;1
630;0
631;2
632;2
633;0
634;0
635;0
636;0
637;2
638;0
639;2
640;1
641;0
642;0
643;2
644;0
645;0
646;2
647;0
648;2
649;0
650;0
651;2
652;2
653;0
654;1
655;0
656;0
657;0
658;0
659;2
660;2
661;0
662;0
663;0
664;0
665;0
666;0
667;0
668;1
669;0
670;0
671;2
672;2
673;1
674;1
675;0
676;2
677;1
678;0
679;2
680;0
681;0
682;0
683;0
684;0
685;0
686;2
687;2
688;1
689;0
690;0
691;2
692;2
693;0
694;0
695;2
696;2
697;0
698;2
699;0
700;1
701;0
702;1
703;0
704;1
705;0
706;0
707;0
708;4
709;0
710;2
711;2
712;2
713;0
714;2
715;0
716;2
717;2
718;1
719;0
720;1
721;0
722;2
723;0
724;2
725;2
726;2
727;0
728;0
729;2
730;0
731;0
732;0
733;1
734;0
735;0
736;0
737;0
738;0
739;0
740;1
741;0
742;2
743;0
744;1
745;0
746;0
747;2
748;4
749;0
750;2
751;0
752;0
753;0
754;2
755;0
756;2
757;0
758;0
759;0
760;0
761;0
762;1
763;0
764;0
765;1
766;2
767;0
768;1
769;0
770;0
771;0
772;0
773;0
774;0
775;0
776;1
777;0
778;2
779;0
780;0
781;0
782;2
783;2
784;1
785;0
786;0
787;0
788;0
789;0
790;2
791;2
792;2
793;0
794;2
795;0
796;0
797;0
798;1
799;0
800;0
801;2
802;2
803;0
804;0
805;0
806;0
807;0
808;0
809;0
810;0
811;0
812;0
813;0
814;2
815;2
816;0
817;0
818;2
819;0
820;0
821;0
822;0
823;0
824;0
825;2
826;0
827;0
828;0
829;0
830;0
831;2
832;1
833;1
834;2
835;0
836;0
837;2
838;1
839;0
840;2
841;0
842;1
843;0
844;1
845;0
846;0
847;2
848;2
849;0
850;0
851;0
852;2
853;0
854;2
855;0
856;2
857;0
858;2
859;0
860;2
861;2
862;2
863;2
864;2
865;0
866;0
867;0
868;2
869;2
870;2
871;4
872;0
873;0
874;0
875;0
876;0
877;0
878;2
879;2
880;0
881;0
882;0
883;2
884;2
885;0
886;2
887;1
888;0
889;0
890;2
891;0
892;0
893;2
894;0
895;0
896;0
897;2
898;2
899;0
900;2
901;1
902;0
903;2
904;1
905;0
906;2
907;1
908;2
909;2
910;2
911;2
912;2
913;0
914;0
915;0
916;2
917;0
918;0
919;0
920;0
921;2
922;2
923;0
924;0
925;0
926;0
927;0
928;0
929;1
930;0
931;2
932;1
933;0
934;1
935;0
936;0
937;2
938;0
939;0
940;0
941;0
942;0
943;0
944;0
945;0
946;2
947;1
948;0
949;0
950;0
951;2
952;2
953;0
954;2
955;1
956;0
957;0
958;2
959;0
960;1
961;2
962;0
963;0
964;0
965;0
966;0
967;0
968;0
969;0
970;0
971;0
972;0
973;0
974;2
975;0
976;0
977;0
978;1
979;0
980;1
981;0
982;0
983;2
984;2
985;0
986;0
987;2
988;2
989;0
990;2
991;2
992;0
993;2
994;0
995;2
996;0
997;0
998;1
999;0
1000;2
1001;1
1002;0
1003;2
1004;2
1005;1
1006;0
1007;1
1008;0
1009;0
1010;0
1011;0
1012;1
1013;1
1014;1
1015;1
1016;0
1017;0
1018;0
1019;0
1020;0
1021;0
1022;0
1023;0
