0;1
1;0
2;0
3;1
4;2
5;0
6;2
7;2
8;2
9;0
10;2
11;0
12;0
13;0
14;0
15;0
16;1
17;2
18;2
19;2
20;2
21;2
22;0
23;2
24;1
25;2
26;2
27;2
28;2
29;0
30;0
31;2
32;0
33;0
34;2
35;0
36;0
37;0
38;0
39;0
40;0
41;0
42;1
43;2
44;2
45;0
46;0
47;2
48;1
49;0
50;0
51;2
52;0
53;0
54;0
55;0
56;0
57;0
58;0
59;2
60;1
61;0
62;0
63;0
64;0
65;0
66;0
67;0
68;0
69;0
70;2
71;2
72;1
73;0
74;1
75;0
76;0
77;0
78;2
79;0
80;0
81;0
82;2
83;1
84;1
85;0
86;0
87;0
88;0
89;2
90;2
91;2
92;4
93;0
94;0
95;0
96;0
97;0
98;0
99;0
100;1
101;2
102;1
103;0
104;0
105;0
106;0
107;0
108;0
109;0
110;0
111;0
112;2
113;0
114;0
115;0
116;0
117;0
118;0
119;0
120;0
121;1
122;1
123;0
124;1
125;0
126;0
127;0
128;2
129;0
130;2
131;2
132;2
133;0
134;0
135;0
136;0
137;2
138;2
139;2
140;1
141;0
142;2
143;0
144;0
145;0
146;0
147;0
148;0
149;0
150;0
151;0
152;2
153;0
154;0
155;0
156;0
157;0
158;0
159;0
160;0
161;2
162;1
163;0
164;1
165;0
166;0
167;0
168;1
169;0
170;0
171;2
172;1
173;0
174;0
175;0
176;2
177;1
178;0
179;0
180;0
181;0
182;0
183;0
184;0
185;0
186;0
187;1
188;0
189;0
190;0
191;2
192;1
193;0
194;2
195;0
196;2
197;1
198;0
199;2
200;2
201;0
202;0
203;0
204;0
205;2
206;2
207;2
208;2
209;0
210;2
211;2
212;0
213;0
214;0
215;0
216;0
217;0
218;0
219;0
220;2
221;0
222;0
223;2
224;1
225;0
226;0
227;0
228;0
229;2
230;2
231;2
232;0
233;0
234;0
235;0
236;0
237;1
238;0
239;0
240;0
241;2
242;2
243;1
244;0
245;2
246;2
247;0
248;0
249;0
250;0
251;1
252;2
253;0
254;0
255;0
256;2
257;0
258;0
259;1
260;0
261;0
262;0
263;0
264;2
265;2
266;1
267;2
268;1
269;0
270;0
271;0
272;0
273;1
274;0
275;0
276;0
277;0
278;2
279;0
280;2
281;2
282;0
283;1
284;0
285;2
286;0
287;0
288;2
289;0
290;0
291;0
292;0
293;0
294;0
295;0
296;2
297;0
298;0
299;0
300;2
301;0
302;0
303;2
304;0
305;0
306;1
307;0
308;1
309;0
310;0
311;0
312;4
313;0
314;2
315;2
316;0
317;0
318;0
319;0
320;2
321;0
322;0
323;0
324;0
325;2
326;2
327;4
328;0
329;0
330;0
331;1
332;0
333;0
334;2
335;2
336;2
337;2
338;2
339;1
340;0
341;2
342;0
343;0
344;0
345;0
346;0
347;0
348;2
349;0
350;0
351;0
352;0
353;0
354;0
355;2
356;2
357;1
358;0
359;0
360;0
361;0
362;0
363;0
364;0
365;0
366;1
367;0
368;0
369;0
370;0
371;0
372;2
373;2
374;2
375;1
376;0
377;0
378;0
379;0
380;1
381;0
382;0
383;0
384;0
385;0
386;0
387;0
388;0
389;1
390;0
391;0
392;0
393;2
394;2
395;2
396;0
397;0
398;0
399;0
400;2
401;2
402;0
403;0
404;0
405;0
406;2
407;2
408;2
409;0
410;0
411;0
412;0
413;0
414;0
415;2
416;1
417;1
418;0
419;2
420;4
421;0
422;2
423;0
424;2
425;0
426;2
427;0
428;2
429;0
430;2
431;2
432;0
433;2
434;2
435;0
436;2
437;0
438;2
439;2
440;2
441;0
442;0
443;0
444;1
445;2
446;0
447;0
448;0
449;2
450;2
451;1
452;0
453;0
454;2
455;0
456;2
457;0
458;0
459;1
460;4
461;0
462;0
463;0
464;0
465;0
466;0
467;0
468;2
469;0
470;0
471;0
472;0
473;2
474;2
475;2
476;2
477;0
478;0
479;0
480;0
481;0
482;0
483;1
484;2
485;2
486;2
487;1
488;0
489;0
490;0
491;0
492;0
493;2
494;0
495;0
496;2
497;0
498;0
499;0
500;0
501;0
502;0
503;0
504;0
505;0
506;0
507;0
508;0
509;1
510;0
511;1
512;0
513;2
514;0
515;0
516;0
517;0
518;0
519;2
520;0
521;0
522;0
523;0
524;0
525;0
526;2
527;1
528;0
529;0
530;0
531;0
532;2
533;0
534;0
535;0
536;2
537;1
538;2
539;2
540;2
541;2
542;2
543;0
544;2
545;0
546;2
547;0
548;0
549;0
550;0
551;1
552;0
553;2
554;1
555;0
556;0
557;0
558;0
559;2
560;2
561;0
562;2
563;2
564;2
565;0
566;2
567;0
568;2
569;2
570;2
571;2
572;1
573;1
574;0
575;2
576;0
577;0
578;1
579;0
580;1
581;0
582;0
583;1
584;0
585;0
586;2
587;2
588;2
589;0
590;0
591;0
592;2
593;0
594;0
595;2
596;0
597;2
598;2
599;0
600;2
601;0
602;0
603;2
604;0
605;2
606;1
607;0
608;0
609;0
610;1
611;0
612;0
613;2
614;0
615;0
616;2
617;2
618;2
619;2
620;2
621;0
622;2
623;0
624;0
625;0
626;1
627;0
628;0
629;0
630;0
631;1
632;0
633;1
634;0
635;2
636;0
637;0
638;0
639;2
640;2
641;0
642;0
643;0
644;2
645;0
646;1
647;0
648;0
649;2
650;0
651;2
652;2
653;0
654;0
655;0
656;0
657;0
658;0
659;0
660;2
661;0
662;0
663;0
664;2
665;0
666;1
667;0
668;0
669;2
670;1
671;0
672;2
673;0
674;2
675;0
676;1
677;0
678;0
679;0
680;1
681;0
682;0
683;0
684;1
685;0
686;0
687;0
688;0
689;0
690;0
691;1
692;0
693;0
694;2
695;0
696;1
697;0
698;0
699;2
700;4
701;0
702;2
703;0
704;2
705;0
706;0
707;0
708;2
709;1
710;0
711;0
712;0
713;0
714;0
715;2
716;1
717;1
718;0
719;0
720;1
721;0
722;0
723;0
724;0
725;0
726;0
727;2
728;1
729;0
730;1
731;0
732;0
733;0
734;0
735;1
736;0
737;0
738;2
739;0
740;2
741;2
742;0
743;0
744;0
745;2
746;0
747;0
748;0
749;0
750;0
751;0
752;0
753;2
754;0
755;0
756;0
757;0
758;0
759;0
760;0
761;0
762;0
763;0
764;1
765;0
766;0
767;0
768;0
769;2
770;0
771;0
772;0
773;2
774;2
775;0
776;0
777;0
778;0
779;0
780;0
781;0
782;2
783;2
784;2
785;1
786;0
787;0
788;0
789;0
790;0
791;0
792;0
793;0
794;0
795;0
796;0
797;0
798;0
799;1
800;0
801;0
802;0
803;2
804;1
805;0
806;0
807;2
808;2
809;0
810;2
811;2
812;2
813;0
814;2
815;0
816;2
817;0
818;2
819;2
820;1
821;0
822;0
823;0
824;2
825;0
826;2
827;2
828;2
829;0
830;2
831;0
832;0
833;0
834;1
835;0
836;0
837;1
838;1
839;0
840;1
841;0
842;2
843;0
844;1
845;0
846;0
847;2
848;2
849;2
850;0
851;2
852;2
853;0
854;2
855;0
856;0
857;0
858;0
859;0
860;0
861;0
862;0
863;0
864;2
865;0
866;0
867;0
868;1
869;0
870;0
871;0
872;0
873;2
874;2
875;1
876;0
877;0
878;0
879;0
880;1
881;0
882;0
883;0
884;0
885;0
886;0
887;0
888;0
889;0
890;0
891;1
892;0
893;2
894;0
895;2
896;2
897;2
898;0
899;0
900;0
901;0
902;0
903;1
904;0
905;0
906;0
907;0
908;0
909;0
910;1
911;0
912;1
913;0
914;1
915;0
916;1
917;0
918;0
919;0
920;2
921;1
922;2
923;0
924;1
925;0
926;0
927;0
928;0
929;1
930;0
931;2
932;2
933;0
934;0
935;0
936;0
937;1
938;0
939;0
940;0
941;2
942;1
943;0
944;0
945;1
946;0
947;0
948;0
949;0
950;0
951;0
952;2
953;2
954;2
955;0
956;0
957;0
958;0
959;2
960;0
961;0
962;0
963;0
964;0
965;0
966;0
967;0
968;0
969;1
970;1
971;0
972;0
973;0
974;0
975;2
976;0
977;0
978;0
979;0
980;2
981;0
982;0
983;0
984;2
985;0
986;0
987;0
988;0
989;0
990;0
991;0
992;0
993;0
994;0
995;0
996;0
997;0
998;0
999;2
1000;4
1001;1
1002;0
1003;1
1004;0
1005;0
1006;4
1007;0
1008;3
1009;1
1010;0
1011;0
1012;1
1013;1
1014;1
1015;0
1016;0
1017;0
1018;0
1019;0
1020;0
1021;0
1022;0
1023;0
