0;1
1;0
2;0
3;2
4;2
5;1
6;0
7;2
8;2
9;0
10;2
11;0
12;0
13;0
14;2
15;1
16;0
17;1
18;0
19;0
20;0
21;1
22;1
23;0
24;1
25;0
26;0
27;2
28;2
29;2
30;0
31;0
32;0
33;0
34;0
35;0
36;0
37;0
38;0
39;0
40;0
41;0
42;0
43;0
44;2
45;2
46;2
47;2
48;0
49;0
50;0
51;2
52;2
53;0
54;2
55;0
56;2
57;0
58;2
59;0
60;0
61;2
62;2
63;1
64;0
65;0
66;0
67;0
68;1
69;0
70;0
71;2
72;2
73;0
74;0
75;0
76;0
77;2
78;0
79;0
80;1
81;0
82;0
83;0
84;2
85;0
86;0
87;0
88;0
89;0
90;2
91;0
92;1
93;0
94;0
95;0
96;2
97;0
98;0
99;0
100;1
101;0
102;0
103;0
104;0
105;2
106;0
107;0
108;0
109;0
110;0
111;0
112;1
113;0
114;0
115;0
116;2
117;2
118;1
119;1
120;0
121;0
122;2
123;0
124;1
125;0
126;0
127;0
128;0
129;0
130;0
131;0
132;0
133;0
134;0
135;0
136;0
137;0
138;0
139;0
140;0
141;0
142;0
143;0
144;0
145;1
146;0
147;2
148;2
149;0
150;0
151;0
152;2
153;0
154;0
155;0
156;0
157;0
158;0
159;0
160;2
161;0
162;2
163;0
164;0
165;0
166;0
167;0
168;0
169;2
170;1
171;0
172;2
173;0
174;0
175;0
176;0
177;0
178;0
179;1
180;0
181;2
182;2
183;1
184;0
185;0
186;0
187;0
188;0
189;2
190;1
191;1
192;0
193;0
194;0
195;0
196;0
197;0
198;0
199;2
200;2
201;2
202;0
203;0
204;0
205;0
206;1
207;0
208;0
209;0
210;1
211;0
212;1
213;0
214;0
215;0
216;2
217;0
218;1
219;2
220;0
221;0
222;0
223;0
224;0
225;0
226;1
227;0
228;1
229;0
230;2
231;2
232;1
233;0
234;0
235;1
236;0
237;0
238;0
239;2
240;0
241;0
242;2
243;2
244;1
245;0
246;1
247;0
248;0
249;0
250;0
251;1
252;0
253;1
254;0
255;0
256;0
257;0
258;1
259;1
260;1
261;0
262;0
263;0
264;0
265;2
266;0
267;0
268;0
269;0
270;0
271;0
272;0
273;0
274;2
275;1
276;0
277;0
278;0
279;0
280;1
281;0
282;0
283;0
284;2
285;1
286;0
287;0
288;2
289;2
290;0
291;0
292;2
293;0
294;0
295;0
296;1
297;0
298;0
299;0
300;1
301;1
302;1
303;0
304;0
305;0
306;2
307;0
308;0
309;2
310;0
311;0
312;0
313;0
314;0
315;0
316;0
317;0
318;0
319;0
320;0
321;1
322;0
323;0
324;0
325;0
326;1
327;0
328;1
329;2
330;0
331;1
332;0
333;0
334;0
335;0
336;0
337;0
338;0
339;0
340;0
341;0
342;1
343;0
344;0
345;2
346;0
347;2
348;4
349;0
350;0
351;0
352;0
353;0
354;0
355;2
356;1
357;0
358;0
359;2
360;4
361;2
362;2
363;2
364;0
365;2
366;0
367;0
368;2
369;2
370;2
371;2
372;0
373;2
374;2
375;0
376;0
377;2
378;0
379;0
380;0
381;0
382;0
383;0
384;0
385;0
386;0
387;0
388;2
389;2
390;1
391;0
392;2
393;2
394;0
395;0
396;0
397;1
398;0
399;0
400;0
401;0
402;0
403;0
404;0
405;1
406;0
407;0
408;2
409;2
410;2
411;0
412;2
413;2
414;2
415;0
416;0
417;0
418;0
419;0
420;0
421;0
422;0
423;0
424;0
425;0
426;0
427;0
428;0
429;0
430;0
431;0
432;1
433;0
434;0
435;0
436;1
437;0
438;0
439;0
440;0
441;0
442;1
443;0
444;1
445;0
446;0
447;2
448;0
449;2
450;0
451;0
452;0
453;0
454;0
455;0
456;2
457;0
458;0
459;0
460;0
461;1
462;2
463;0
464;2
465;0
466;2
467;2
468;0
469;2
470;0
471;2
472;1
473;0
474;0
475;0
476;2
477;0
478;0
479;1
480;0
481;0
482;2
483;0
484;2
485;0
486;2
487;2
488;1
489;0
490;0
491;0
492;0
493;0
494;2
495;2
496;2
497;0
498;0
499;0
500;0
501;2
502;2
503;1
504;0
505;0
506;0
507;0
508;1
509;1
510;0
511;0
512;2
513;0
514;1
515;0
516;2
517;2
518;0
519;0
520;2
521;0
522;0
523;0
524;1
525;0
526;0
527;0
528;0
529;0
530;0
531;0
532;0
533;1
534;0
535;2
536;1
537;0
538;0
539;1
540;0
541;0
542;0
543;0
544;0
545;0
546;0
547;0
548;2
549;0
550;2
551;0
552;1
553;0
554;0
555;0
556;0
557;0
558;0
559;0
560;2
561;2
562;1
563;0
564;1
565;0
566;1
567;0
568;0
569;0
570;0
571;0
572;1
573;0
574;0
575;0
576;1
577;1
578;0
579;2
580;0
581;0
582;0
583;0
584;0
585;0
586;1
587;0
588;0
589;0
590;0
591;0
592;0
593;2
594;2
595;2
596;2
597;0
598;0
599;0
600;0
601;0
602;2
603;0
604;2
605;0
606;0
607;0
608;0
609;0
610;0
611;0
612;0
613;0
614;0
615;0
616;0
617;1
618;0
619;2
620;2
621;0
622;0
623;0
624;0
625;0
626;2
627;0
628;0
629;0
630;0
631;0
632;0
633;0
634;0
635;0
636;0
637;0
638;1
639;0
640;2
641;0
642;0
643;0
644;0
645;0
646;0
647;0
648;0
649;2
650;0
651;0
652;0
653;1
654;0
655;0
656;0
657;0
658;0
659;1
660;2
661;0
662;2
663;0
664;0
665;0
666;0
667;0
668;0
669;0
670;0
671;2
672;1
673;0
674;1
675;2
676;2
677;0
678;2
679;0
680;2
681;2
682;2
683;0
684;1
685;0
686;1
687;0
688;0
689;0
690;0
691;0
692;2
693;0
694;0
695;0
696;2
697;2
698;2
699;0
700;0
701;1
702;0
703;0
704;0
705;0
706;0
707;0
708;0
709;0
710;0
711;0
712;1
713;0
714;0
715;0
716;4
717;0
718;2
719;0
720;0
721;2
722;2
723;2
724;1
725;0
726;0
727;0
728;2
729;0
730;2
731;0
732;0
733;0
734;0
735;0
736;2
737;2
738;1
739;0
740;1
741;0
742;0
743;0
744;0
745;0
746;1
747;0
748;0
749;2
750;0
751;0
752;0
753;0
754;0
755;0
756;0
757;0
758;0
759;0
760;1
761;1
762;0
763;0
764;2
765;2
766;2
767;2
768;2
769;0
770;0
771;0
772;1
773;1
774;0
775;0
776;0
777;2
778;1
779;2
780;0
781;0
782;0
783;0
784;0
785;0
786;0
787;0
788;2
789;0
790;0
791;1
792;0
793;0
794;0
795;2
796;0
797;2
798;0
799;0
800;0
801;0
802;0
803;2
804;0
805;0
806;0
807;2
808;0
809;0
810;0
811;0
812;0
813;1
814;0
815;0
816;0
817;0
818;0
819;0
820;0
821;0
822;0
823;2
824;0
825;0
826;0
827;0
828;0
829;0
830;1
831;0
832;0
833;0
834;0
835;0
836;1
837;0
838;0
839;0
840;0
841;0
842;0
843;0
844;0
845;0
846;0
847;0
848;0
849;0
850;0
851;2
852;0
853;0
854;2
855;1
856;0
857;0
858;0
859;2
860;2
861;0
862;1
863;0
864;2
865;0
866;2
867;0
868;0
869;0
870;0
871;0
872;0
873;0
874;2
875;0
876;2
877;0
878;0
879;2
880;0
881;0
882;0
883;0
884;2
885;0
886;0
887;0
888;0
889;0
890;0
891;0
892;2
893;2
894;2
895;0
896;2
897;0
898;2
899;2
900;1
901;0
902;2
903;0
904;0
905;0
906;1
907;0
908;0
909;2
910;2
911;0
912;0
913;0
914;0
915;0
916;0
917;0
918;0
919;0
920;0
921;1
922;0
923;2
924;0
925;1
926;0
927;0
928;0
929;0
930;0
931;0
932;0
933;0
934;0
935;0
936;0
937;0
938;0
939;0
940;2
941;1
942;0
943;0
944;0
945;0
946;0
947;1
948;2
949;0
950;1
951;0
952;0
953;0
954;0
955;0
956;2
957;2
958;2
959;0
960;0
961;1
962;1
963;0
964;0
965;0
966;0
967;0
968;2
969;2
970;1
971;0
972;0
973;2
974;2
975;0
976;2
977;2
978;2
979;0
980;2
981;0
982;0
983;2
984;0
985;1
986;1
987;0
988;2
989;2
990;0
991;1
992;0
993;0
994;0
995;0
996;1
997;0
998;0
999;1
1000;0
1001;2
1002;0
1003;0
1004;0
1005;0
1006;0
1007;2
1008;0
1009;0
1010;0
1011;0
1012;1
1013;1
1014;1
1015;0
1016;0
1017;0
1018;0
1019;0
1020;0
1021;0
1022;0
1023;0
