0;0
1;0
2;0
3;2
4;2
5;0
6;0
7;2
8;2
9;0
10;0
11;0
12;2
13;0
14;0
15;1
16;1
17;2
18;2
19;1
20;2
21;0
22;0
23;0
24;1
25;0
26;2
27;2
28;0
29;0
30;2
31;2
32;1
33;0
34;0
35;0
36;0
37;1
38;2
39;1
40;0
41;0
42;0
43;0
44;2
45;2
46;2
47;2
48;1
49;0
50;0
51;0
52;0
53;0
54;0
55;0
56;0
57;1
58;0
59;0
60;1
61;0
62;0
63;0
64;0
65;0
66;2
67;0
68;0
69;0
70;2
71;1
72;0
73;0
74;0
75;0
76;0
77;0
78;0
79;0
80;2
81;0
82;2
83;2
84;1
85;0
86;0
87;0
88;0
89;1
90;0
91;0
92;0
93;2
94;2
95;1
96;0
97;0
98;2
99;1
100;0
101;0
102;0
103;2
104;0
105;0
106;1
107;2
108;0
109;0
110;0
111;0
112;0
113;0
114;0
115;0
116;0
117;2
118;2
119;1
120;0
121;0
122;1
123;0
124;2
125;2
126;0
127;0
128;0
129;0
130;2
131;0
132;0
133;0
134;0
135;1
136;1
137;0
138;0
139;0
140;2
141;0
142;2
143;2
144;0
145;0
146;2
147;0
148;2
149;1
150;2
151;1
152;2
153;0
154;0
155;1
156;0
157;0
158;0
159;0
160;0
161;0
162;1
163;0
164;0
165;0
166;0
167;0
168;2
169;1
170;0
171;2
172;1
173;0
174;2
175;2
176;0
177;0
178;0
179;1
180;0
181;0
182;2
183;2
184;2
185;0
186;0
187;0
188;0
189;0
190;2
191;2
192;0
193;0
194;2
195;0
196;0
197;0
198;0
199;2
200;0
201;0
202;0
203;2
204;1
205;0
206;0
207;0
208;1
209;0
210;0
211;2
212;0
213;0
214;0
215;0
216;2
217;0
218;0
219;2
220;2
221;0
222;2
223;0
224;0
225;0
226;0
227;0
228;0
229;0
230;0
231;0
232;0
233;0
234;0
235;2
236;1
237;0
238;0
239;0
240;1
241;0
242;2
243;1
244;0
245;0
246;0
247;0
248;2
249;0
250;2
251;2
252;0
253;0
254;2
255;0
256;0
257;0
258;0
259;2
260;0
261;0
262;0
263;0
264;1
265;0
266;2
267;1
268;0
269;2
270;0
271;2
272;0
273;0
274;0
275;0
276;1
277;0
278;0
279;0
280;2
281;0
282;0
283;1
284;0
285;0
286;0
287;2
288;2
289;2
290;1
291;1
292;0
293;0
294;0
295;0
296;0
297;0
298;0
299;0
300;2
301;0
302;0
303;0
304;2
305;0
306;2
307;1
308;0
309;0
310;0
311;0
312;2
313;2
314;2
315;1
316;0
317;0
318;2
319;2
320;0
321;0
322;0
323;0
324;2
325;0
326;0
327;0
328;2
329;0
330;2
331;0
332;2
333;0
334;0
335;0
336;2
337;0
338;0
339;0
340;0
341;0
342;0
343;0
344;0
345;0
346;1
347;0
348;0
349;0
350;0
351;0
352;0
353;0
354;0
355;0
356;1
357;0
358;2
359;1
360;0
361;0
362;0
363;0
364;0
365;0
366;2
367;2
368;1
369;0
370;0
371;0
372;1
373;0
374;2
375;1
376;0
377;0
378;0
379;2
380;4
381;0
382;2
383;2
384;0
385;0
386;2
387;0
388;2
389;0
390;0
391;0
392;0
393;0
394;0
395;0
396;0
397;2
398;0
399;0
400;2
401;0
402;0
403;0
404;2
405;2
406;2
407;1
408;0
409;0
410;1
411;0
412;1
413;0
414;0
415;0
416;0
417;0
418;2
419;0
420;2
421;0
422;2
423;0
424;0
425;0
426;0
427;0
428;2
429;2
430;0
431;0
432;0
433;0
434;0
435;0
436;0
437;2
438;2
439;2
440;0
441;0
442;2
443;1
444;0
445;2
446;2
447;1
448;0
449;0
450;2
451;0
452;2
453;0
454;2
455;2
456;2
457;2
458;2
459;0
460;2
461;0
462;2
463;0
464;2
465;0
466;0
467;0
468;0
469;0
470;0
471;0
472;0
473;0
474;2
475;1
476;0
477;0
478;2
479;0
480;2
481;0
482;0
483;2
484;2
485;0
486;0
487;0
488;0
489;0
490;2
491;1
492;0
493;1
494;0
495;0
496;0
497;1
498;0
499;0
500;2
501;0
502;2
503;1
504;0
505;1
506;0
507;0
508;2
509;2
510;2
511;2
512;0
513;0
514;0
515;2
516;0
517;2
518;0
519;0
520;1
521;0
522;2
523;2
524;2
525;0
526;0
527;0
528;0
529;0
530;1
531;0
532;0
533;0
534;0
535;1
536;0
537;0
538;0
539;2
540;4
541;0
542;2
543;2
544;2
545;0
546;2
547;0
548;1
549;0
550;0
551;0
552;2
553;0
554;0
555;0
556;0
557;1
558;0
559;2
560;0
561;0
562;2
563;0
564;1
565;0
566;0
567;0
568;0
569;0
570;2
571;2
572;1
573;0
574;0
575;2
576;2
577;0
578;1
579;2
580;2
581;0
582;0
583;2
584;2
585;2
586;2
587;1
588;1
589;0
590;0
591;0
592;1
593;0
594;0
595;1
596;0
597;0
598;1
599;2
600;2
601;0
602;0
603;0
604;0
605;0
606;0
607;1
608;0
609;1
610;0
611;2
612;1
613;0
614;2
615;1
616;0
617;2
618;0
619;0
620;2
621;0
622;2
623;1
624;0
625;0
626;2
627;0
628;0
629;2
630;0
631;1
632;1
633;0
634;1
635;0
636;0
637;0
638;0
639;0
640;0
641;0
642;2
643;0
644;0
645;0
646;0
647;0
648;0
649;2
650;2
651;1
652;0
653;0
654;0
655;2
656;2
657;0
658;0
659;2
660;0
661;0
662;0
663;0
664;0
665;0
666;1
667;0
668;0
669;2
670;2
671;0
672;1
673;0
674;0
675;1
676;0
677;0
678;0
679;0
680;0
681;0
682;1
683;0
684;0
685;2
686;0
687;0
688;1
689;2
690;2
691;2
692;2
693;0
694;0
695;0
696;0
697;0
698;2
699;0
700;0
701;0
702;0
703;2
704;2
705;2
706;2
707;0
708;0
709;2
710;0
711;0
712;0
713;0
714;0
715;0
716;0
717;0
718;0
719;1
720;0
721;0
722;0
723;2
724;2
725;2
726;0
727;1
728;0
729;0
730;0
731;0
732;0
733;0
734;0
735;2
736;0
737;0
738;0
739;0
740;4
741;0
742;2
743;2
744;1
745;0
746;0
747;0
748;1
749;0
750;0
751;2
752;0
753;0
754;2
755;1
756;0
757;2
758;2
759;2
760;2
761;0
762;0
763;0
764;0
765;0
766;0
767;0
768;0
769;0
770;0
771;0
772;0
773;0
774;0
775;0
776;0
777;0
778;0
779;0
780;0
781;0
782;0
783;1
784;0
785;1
786;0
787;0
788;0
789;0
790;0
791;2
792;1
793;1
794;0
795;2
796;1
797;0
798;0
799;2
800;1
801;0
802;0
803;2
804;0
805;0
806;0
807;2
808;2
809;0
810;2
811;0
812;0
813;0
814;0
815;1
816;0
817;0
818;0
819;0
820;0
821;0
822;0
823;0
824;0
825;0
826;0
827;0
828;0
829;0
830;2
831;2
832;2
833;2
834;0
835;0
836;0
837;0
838;0
839;0
840;1
841;2
842;0
843;0
844;0
845;1
846;0
847;0
848;2
849;2
850;2
851;1
852;0
853;2
854;0
855;0
856;1
857;0
858;0
859;0
860;0
861;0
862;2
863;0
864;2
865;2
866;2
867;2
868;1
869;0
870;0
871;0
872;0
873;0
874;0
875;1
876;0
877;0
878;0
879;0
880;2
881;0
882;2
883;2
884;2
885;0
886;1
887;0
888;2
889;0
890;0
891;0
892;1
893;0
894;0
895;1
896;1
897;0
898;1
899;0
900;2
901;0
902;2
903;2
904;1
905;0
906;2
907;1
908;0
909;0
910;2
911;0
912;2
913;0
914;2
915;2
916;0
917;0
918;2
919;0
920;1
921;0
922;0
923;0
924;0
925;2
926;0
927;2
928;2
929;0
930;0
931;1
932;0
933;0
934;0
935;0
936;0
937;0
938;2
939;1
940;0
941;0
942;0
943;2
944;4
945;0
946;2
947;2
948;2
949;0
950;2
951;0
952;1
953;0
954;0
955;0
956;0
957;0
958;0
959;0
960;2
961;2
962;2
963;0
964;1
965;0
966;0
967;0
968;1
969;0
970;0
971;0
972;0
973;2
974;0
975;2
976;0
977;0
978;1
979;2
980;0
981;0
982;2
983;0
984;1
985;0
986;0
987;0
988;1
989;0
990;2
991;1
992;0
993;0
994;2
995;2
996;0
997;0
998;1
999;0
1000;2
1001;2
1002;1
1003;2
1004;1
1005;0
1006;0
1007;0
1008;0
1009;1
1010;1
1011;0
1012;1
1013;0
1014;0
1015;0
1016;0
1017;0
1018;0
1019;0
1020;0
1021;0
1022;0
1023;0
