0;0
1;0
2;0
3;2
4;4
5;0
6;2
7;2
8;2
9;0
10;0
11;0
12;2
13;1
14;0
15;0
16;0
17;1
18;0
19;1
20;2
21;0
22;2
23;2
24;0
25;0
26;2
27;1
28;2
29;0
30;0
31;0
32;0
33;0
34;0
35;0
36;0
37;1
38;0
39;0
40;1
41;0
42;0
43;0
44;1
45;1
46;0
47;0
48;2
49;0
50;0
51;0
52;0
53;0
54;2
55;0
56;1
57;0
58;1
59;0
60;0
61;0
62;0
63;2
64;2
65;0
66;2
67;2
68;2
69;0
70;0
71;0
72;2
73;0
74;0
75;2
76;1
77;0
78;2
79;2
80;1
81;0
82;0
83;2
84;4
85;0
86;2
87;0
88;2
89;0
90;2
91;0
92;2
93;0
94;2
95;2
96;0
97;0
98;0
99;0
100;2
101;1
102;0
103;1
104;1
105;0
106;2
107;0
108;0
109;0
110;2
111;0
112;0
113;0
114;0
115;0
116;0
117;0
118;0
119;0
120;1
121;0
122;0
123;0
124;0
125;0
126;0
127;0
128;1
129;0
130;2
131;2
132;1
133;0
134;0
135;2
136;4
137;0
138;2
139;2
140;2
141;0
142;2
143;0
144;2
145;2
146;0
147;0
148;0
149;0
150;2
151;1
152;0
153;0
154;1
155;2
156;1
157;2
158;0
159;0
160;0
161;0
162;2
163;0
164;0
165;1
166;0
167;0
168;0
169;1
170;2
171;0
172;1
173;0
174;2
175;2
176;0
177;0
178;0
179;0
180;0
181;0
182;0
183;0
184;0
185;0
186;0
187;1
188;0
189;1
190;0
191;1
192;0
193;0
194;2
195;1
196;0
197;0
198;0
199;2
200;4
201;0
202;2
203;1
204;0
205;0
206;0
207;0
208;2
209;0
210;0
211;1
212;0
213;0
214;2
215;1
216;0
217;0
218;0
219;2
220;2
221;0
222;2
223;0
224;0
225;0
226;0
227;0
228;0
229;0
230;0
231;0
232;0
233;0
234;0
235;1
236;0
237;0
238;1
239;0
240;0
241;0
242;2
243;0
244;0
245;0
246;0
247;0
248;0
249;2
250;2
251;0
252;1
253;0
254;2
255;1
256;0
257;0
258;1
259;0
260;0
261;0
262;1
263;0
264;2
265;0
266;2
267;2
268;0
269;0
270;1
271;0
272;1
273;0
274;0
275;2
276;2
277;0
278;2
279;2
280;2
281;0
282;2
283;0
284;1
285;0
286;2
287;2
288;0
289;2
290;2
291;2
292;2
293;0
294;0
295;2
296;0
297;0
298;0
299;0
300;0
301;0
302;0
303;0
304;0
305;1
306;0
307;2
308;1
309;0
310;0
311;0
312;0
313;0
314;0
315;0
316;2
317;0
318;0
319;2
320;2
321;1
322;2
323;0
324;0
325;2
326;0
327;0
328;1
329;0
330;0
331;0
332;1
333;0
334;0
335;0
336;0
337;2
338;2
339;0
340;2
341;0
342;0
343;0
344;1
345;0
346;2
347;2
348;1
349;1
350;0
351;0
352;2
353;1
354;0
355;2
356;2
357;1
358;2
359;1
360;0
361;0
362;2
363;1
364;0
365;1
366;0
367;0
368;0
369;0
370;0
371;0
372;2
373;2
374;1
375;2
376;0
377;1
378;0
379;2
380;2
381;0
382;0
383;0
384;0
385;0
386;1
387;0
388;1
389;0
390;0
391;0
392;0
393;0
394;1
395;0
396;0
397;0
398;0
399;2
400;4
401;0
402;1
403;2
404;2
405;0
406;0
407;0
408;1
409;0
410;0
411;2
412;0
413;0
414;0
415;1
416;0
417;0
418;1
419;0
420;2
421;0
422;0
423;0
424;0
425;0
426;0
427;0
428;0
429;0
430;2
431;2
432;2
433;0
434;0
435;0
436;2
437;1
438;0
439;0
440;2
441;0
442;0
443;0
444;2
445;0
446;0
447;0
448;0
449;2
450;1
451;0
452;0
453;0
454;2
455;2
456;1
457;0
458;0
459;2
460;1
461;0
462;2
463;1
464;0
465;0
466;2
467;0
468;2
469;0
470;1
471;1
472;0
473;0
474;1
475;0
476;0
477;1
478;0
479;2
480;2
481;0
482;2
483;2
484;0
485;0
486;0
487;0
488;1
489;0
490;0
491;0
492;0
493;0
494;0
495;0
496;0
497;2
498;0
499;2
500;0
501;0
502;2
503;1
504;0
505;0
506;0
507;0
508;0
509;0
510;2
511;0
512;0
513;0
514;0
515;2
516;0
517;0
518;1
519;2
520;0
521;0
522;0
523;0
524;2
525;0
526;0
527;0
528;0
529;0
530;0
531;0
532;1
533;0
534;0
535;1
536;0
537;0
538;0
539;0
540;2
541;0
542;2
543;2
544;2
545;0
546;0
547;0
548;1
549;1
550;0
551;0
552;0
553;0
554;0
555;0
556;0
557;0
558;0
559;2
560;1
561;0
562;2
563;0
564;0
565;2
566;0
567;0
568;0
569;0
570;2
571;1
572;1
573;0
574;0
575;2
576;2
577;0
578;1
579;2
580;0
581;0
582;2
583;2
584;2
585;0
586;2
587;2
588;1
589;0
590;1
591;0
592;0
593;0
594;2
595;1
596;0
597;0
598;0
599;1
600;0
601;0
602;0
603;1
604;0
605;2
606;2
607;2
608;1
609;0
610;1
611;1
612;0
613;0
614;0
615;2
616;4
617;0
618;0
619;2
620;1
621;0
622;2
623;0
624;1
625;0
626;0
627;0
628;0
629;2
630;1
631;0
632;1
633;0
634;0
635;0
636;2
637;0
638;1
639;0
640;0
641;0
642;2
643;2
644;2
645;1
646;0
647;0
648;2
649;0
650;0
651;0
652;0
653;0
654;1
655;0
656;0
657;0
658;0
659;0
660;2
661;0
662;0
663;0
664;0
665;0
666;0
667;1
668;1
669;0
670;0
671;2
672;4
673;0
674;0
675;0
676;2
677;0
678;2
679;0
680;2
681;0
682;0
683;0
684;0
685;2
686;2
687;0
688;0
689;0
690;0
691;0
692;0
693;0
694;2
695;0
696;1
697;0
698;1
699;0
700;1
701;1
702;0
703;0
704;0
705;2
706;0
707;1
708;0
709;0
710;0
711;1
712;1
713;0
714;1
715;2
716;1
717;0
718;0
719;0
720;2
721;0
722;2
723;1
724;0
725;0
726;2
727;0
728;1
729;0
730;0
731;1
732;0
733;1
734;2
735;2
736;0
737;0
738;0
739;0
740;0
741;2
742;0
743;0
744;0
745;0
746;0
747;1
748;0
749;2
750;2
751;0
752;0
753;0
754;0
755;0
756;0
757;1
758;0
759;1
760;0
761;0
762;0
763;2
764;4
765;0
766;2
767;1
768;0
769;0
770;0
771;0
772;1
773;0
774;1
775;2
776;1
777;0
778;0
779;0
780;0
781;1
782;1
783;0
784;0
785;2
786;0
787;1
788;0
789;0
790;0
791;1
792;0
793;0
794;0
795;0
796;0
797;0
798;0
799;0
800;0
801;0
802;2
803;0
804;2
805;0
806;0
807;0
808;0
809;1
810;0
811;0
812;2
813;2
814;0
815;0
816;0
817;2
818;1
819;0
820;0
821;0
822;1
823;0
824;0
825;0
826;0
827;1
828;2
829;0
830;2
831;2
832;0
833;0
834;2
835;0
836;2
837;0
838;0
839;0
840;0
841;0
842;1
843;0
844;1
845;0
846;0
847;0
848;2
849;0
850;2
851;2
852;0
853;0
854;2
855;0
856;2
857;0
858;0
859;0
860;0
861;0
862;0
863;0
864;0
865;2
866;0
867;0
868;0
869;0
870;0
871;0
872;0
873;2
874;0
875;0
876;0
877;0
878;0
879;2
880;1
881;0
882;0
883;0
884;4
885;0
886;1
887;0
888;0
889;2
890;0
891;0
892;2
893;2
894;2
895;2
896;2
897;0
898;0
899;0
900;0
901;0
902;0
903;2
904;1
905;0
906;0
907;2
908;2
909;1
910;1
911;0
912;2
913;0
914;2
915;0
916;0
917;0
918;0
919;0
920;0
921;0
922;2
923;2
924;2
925;1
926;0
927;1
928;0
929;0
930;0
931;0
932;0
933;2
934;2
935;0
936;0
937;2
938;2
939;0
940;2
941;2
942;0
943;0
944;1
945;0
946;2
947;2
948;1
949;0
950;2
951;1
952;0
953;0
954;0
955;2
956;4
957;0
958;0
959;0
960;2
961;0
962;2
963;0
964;2
965;1
966;0
967;0
968;2
969;0
970;0
971;0
972;1
973;2
974;2
975;0
976;0
977;0
978;0
979;0
980;0
981;1
982;1
983;2
984;0
985;0
986;1
987;0
988;0
989;2
990;0
991;0
992;1
993;0
994;0
995;0
996;0
997;0
998;2
999;2
1000;0
1001;1
1002;0
1003;1
1004;0
1005;0
1006;0
1007;2
1008;2
1009;0
1010;1
1011;0
1012;0
1013;0
1014;1
1015;0
1016;0
1017;0
1018;0
1019;0
1020;0
1021;0
1022;0
1023;0
