0;2
1;0
2;0
3;2
4;4
5;0
6;2
7;2
8;1
9;0
10;2
11;0
12;2
13;0
14;0
15;0
16;1
17;1
18;0
19;2
20;1
21;2
22;2
23;2
24;1
25;0
26;2
27;1
28;0
29;0
30;0
31;2
32;0
33;0
34;0
35;2
36;0
37;0
38;0
39;0
40;1
41;0
42;0
43;0
44;2
45;0
46;0
47;0
48;1
49;0
50;0
51;0
52;0
53;0
54;0
55;1
56;0
57;1
58;0
59;2
60;1
61;0
62;0
63;0
64;0
65;0
66;0
67;0
68;0
69;0
70;1
71;2
72;1
73;0
74;0
75;0
76;0
77;0
78;0
79;0
80;1
81;1
82;2
83;1
84;1
85;2
86;0
87;0
88;1
89;2
90;2
91;2
92;1
93;0
94;0
95;1
96;2
97;1
98;0
99;0
100;1
101;0
102;2
103;2
104;1
105;0
106;0
107;2
108;4
109;0
110;0
111;2
112;4
113;0
114;2
115;0
116;2
117;0
118;0
119;0
120;1
121;0
122;0
123;0
124;1
125;0
126;0
127;2
128;4
129;0
130;2
131;2
132;2
133;0
134;2
135;0
136;1
137;0
138;0
139;0
140;0
141;2
142;0
143;0
144;1
145;0
146;1
147;0
148;0
149;0
150;0
151;0
152;1
153;0
154;2
155;2
156;0
157;0
158;0
159;2
160;2
161;0
162;2
163;0
164;2
165;0
166;0
167;0
168;0
169;1
170;2
171;1
172;1
173;0
174;0
175;0
176;0
177;0
178;0
179;0
180;0
181;0
182;2
183;0
184;1
185;0
186;0
187;0
188;0
189;0
190;2
191;0
192;2
193;0
194;0
195;0
196;0
197;0
198;0
199;0
200;0
201;0
202;0
203;0
204;2
205;0
206;0
207;0
208;1
209;0
210;0
211;0
212;2
213;0
214;0
215;1
216;2
217;2
218;2
219;2
220;2
221;0
222;2
223;0
224;0
225;0
226;0
227;0
228;0
229;0
230;0
231;0
232;0
233;0
234;2
235;2
236;1
237;0
238;0
239;2
240;4
241;0
242;2
243;2
244;2
245;0
246;0
247;0
248;2
249;2
250;2
251;2
252;0
253;2
254;2
255;2
256;0
257;0
258;0
259;0
260;0
261;0
262;0
263;0
264;0
265;1
266;0
267;2
268;2
269;2
270;0
271;2
272;0
273;0
274;2
275;2
276;2
277;0
278;0
279;0
280;1
281;2
282;2
283;2
284;0
285;0
286;0
287;0
288;2
289;2
290;0
291;2
292;0
293;0
294;0
295;0
296;0
297;1
298;0
299;0
300;0
301;0
302;0
303;0
304;1
305;0
306;2
307;2
308;1
309;0
310;0
311;1
312;1
313;2
314;2
315;2
316;2
317;0
318;2
319;0
320;2
321;0
322;0
323;0
324;0
325;0
326;0
327;0
328;2
329;0
330;0
331;0
332;0
333;0
334;0
335;0
336;0
337;1
338;1
339;0
340;0
341;0
342;0
343;0
344;0
345;0
346;0
347;0
348;1
349;0
350;0
351;1
352;1
353;0
354;0
355;0
356;0
357;0
358;0
359;0
360;1
361;0
362;0
363;0
364;2
365;1
366;0
367;0
368;4
369;0
370;0
371;2
372;4
373;0
374;0
375;0
376;2
377;0
378;0
379;0
380;2
381;0
382;4
383;0
384;4
385;0
386;0
387;0
388;2
389;2
390;2
391;2
392;1
393;0
394;0
395;0
396;2
397;1
398;0
399;0
400;0
401;0
402;0
403;1
404;1
405;0
406;1
407;0
408;1
409;2
410;2
411;2
412;2
413;1
414;0
415;0
416;0
417;0
418;0
419;0
420;4
421;2
422;2
423;2
424;4
425;0
426;0
427;0
428;4
429;0
430;0
431;1
432;2
433;0
434;0
435;0
436;1
437;0
438;2
439;2
440;1
441;0
442;0
443;1
444;1
445;0
446;0
447;2
448;2
449;0
450;2
451;0
452;2
453;2
454;2
455;0
456;2
457;0
458;2
459;0
460;0
461;0
462;0
463;0
464;1
465;2
466;0
467;1
468;0
469;0
470;2
471;2
472;2
473;2
474;2
475;2
476;1
477;0
478;0
479;2
480;4
481;0
482;2
483;2
484;2
485;0
486;2
487;0
488;2
489;0
490;2
491;2
492;1
493;1
494;0
495;0
496;0
497;0
498;0
499;0
500;0
501;0
502;0
503;2
504;1
505;0
506;0
507;2
508;4
509;0
510;2
511;2
512;2
513;0
514;2
515;0
516;2
517;0
518;2
519;0
520;0
521;0
522;0
523;0
524;1
525;2
526;2
527;1
528;2
529;0
530;0
531;0
532;1
533;0
534;0
535;0
536;2
537;0
538;2
539;2
540;2
541;0
542;0
543;1
544;0
545;2
546;0
547;0
548;0
549;0
550;0
551;0
552;2
553;0
554;0
555;1
556;0
557;0
558;0
559;0
560;0
561;1
562;0
563;0
564;2
565;2
566;0
567;0
568;0
569;0
570;0
571;1
572;0
573;0
574;2
575;1
576;0
577;0
578;0
579;2
580;2
581;0
582;2
583;1
584;0
585;0
586;2
587;0
588;2
589;2
590;1
591;0
592;1
593;0
594;0
595;0
596;1
597;0
598;0
599;2
600;0
601;2
602;0
603;0
604;2
605;0
606;0
607;2
608;2
609;2
610;2
611;0
612;2
613;0
614;2
615;0
616;0
617;2
618;0
619;1
620;1
621;0
622;0
623;0
624;0
625;0
626;0
627;0
628;0
629;0
630;2
631;0
632;0
633;1
634;0
635;2
636;0
637;0
638;2
639;2
640;1
641;0
642;0
643;2
644;2
645;0
646;2
647;2
648;2
649;0
650;2
651;2
652;1
653;0
654;1
655;0
656;0
657;0
658;0
659;2
660;1
661;0
662;0
663;2
664;4
665;0
666;2
667;1
668;0
669;0
670;0
671;0
672;1
673;0
674;0
675;0
676;0
677;1
678;0
679;0
680;0
681;2
682;2
683;0
684;1
685;0
686;2
687;0
688;0
689;0
690;2
691;2
692;2
693;0
694;1
695;0
696;0
697;1
698;0
699;0
700;1
701;0
702;2
703;2
704;1
705;0
706;0
707;2
708;4
709;0
710;2
711;0
712;0
713;0
714;2
715;0
716;2
717;0
718;0
719;0
720;2
721;0
722;2
723;1
724;0
725;0
726;0
727;1
728;2
729;2
730;2
731;2
732;2
733;0
734;0
735;0
736;2
737;0
738;0
739;0
740;0
741;0
742;0
743;0
744;1
745;1
746;0
747;1
748;2
749;0
750;0
751;0
752;1
753;0
754;2
755;2
756;1
757;0
758;0
759;2
760;1
761;0
762;0
763;2
764;2
765;0
766;0
767;0
768;2
769;0
770;0
771;0
772;4
773;0
774;1
775;0
776;0
777;1
778;0
779;2
780;1
781;0
782;0
783;0
784;1
785;0
786;0
787;0
788;1
789;0
790;0
791;0
792;0
793;0
794;1
795;0
796;0
797;0
798;0
799;0
800;0
801;0
802;2
803;2
804;2
805;1
806;0
807;0
808;0
809;0
810;0
811;2
812;1
813;0
814;0
815;0
816;0
817;0
818;0
819;0
820;1
821;0
822;0
823;0
824;0
825;0
826;0
827;0
828;0
829;0
830;0
831;0
832;0
833;0
834;2
835;1
836;0
837;2
838;0
839;0
840;0
841;0
842;0
843;0
844;2
845;1
846;1
847;0
848;0
849;1
850;0
851;2
852;2
853;0
854;0
855;0
856;0
857;0
858;0
859;0
860;1
861;0
862;0
863;0
864;0
865;2
866;0
867;0
868;0
869;2
870;2
871;1
872;0
873;0
874;1
875;0
876;1
877;0
878;0
879;2
880;4
881;0
882;2
883;2
884;4
885;0
886;0
887;1
888;4
889;0
890;0
891;0
892;4
893;2
894;2
895;2
896;2
897;0
898;0
899;0
900;2
901;1
902;0
903;0
904;2
905;0
906;0
907;1
908;0
909;1
910;0
911;0
912;1
913;0
914;2
915;1
916;0
917;1
918;0
919;2
920;4
921;0
922;2
923;2
924;2
925;0
926;2
927;0
928;2
929;0
930;2
931;2
932;1
933;0
934;2
935;0
936;2
937;0
938;2
939;2
940;0
941;0
942;2
943;0
944;0
945;0
946;0
947;0
948;0
949;0
950;1
951;0
952;2
953;0
954;0
955;0
956;0
957;0
958;0
959;0
960;0
961;0
962;0
963;0
964;0
965;0
966;0
967;0
968;0
969;1
970;0
971;0
972;1
973;2
974;2
975;2
976;2
977;0
978;0
979;2
980;1
981;0
982;1
983;0
984;0
985;1
986;0
987;0
988;0
989;0
990;0
991;2
992;0
993;0
994;0
995;1
996;0
997;2
998;0
999;0
1000;4
1001;0
1002;2
1003;1
1004;0
1005;0
1006;0
1007;0
1008;1
1009;0
1010;1
1011;0
1012;1
1013;1
1014;1
1015;0
1016;0
1017;0
1018;0
1019;0
1020;0
1021;0
1022;0
1023;0
