0;1
1;0
2;0
3;1
4;1
5;0
6;2
7;0
8;2
9;0
10;2
11;0
12;1
13;0
14;1
15;0
16;0
17;0
18;0
19;0
20;2
21;2
22;0
23;0
24;1
25;0
26;0
27;0
28;2
29;0
30;0
31;0
32;1
33;2
34;2
35;0
36;1
37;0
38;1
39;0
40;1
41;0
42;1
43;0
44;2
45;0
46;0
47;0
48;0
49;0
50;0
51;0
52;2
53;0
54;0
55;0
56;1
57;0
58;0
59;0
60;1
61;1
62;0
63;2
64;0
65;0
66;0
67;0
68;0
69;0
70;0
71;0
72;0
73;0
74;0
75;0
76;0
77;2
78;2
79;2
80;2
81;0
82;0
83;0
84;0
85;0
86;2
87;0
88;1
89;0
90;0
91;2
92;4
93;0
94;2
95;2
96;4
97;0
98;2
99;0
100;2
101;1
102;0
103;2
104;2
105;0
106;0
107;2
108;2
109;0
110;0
111;0
112;0
113;0
114;0
115;0
116;0
117;0
118;0
119;1
120;0
121;0
122;0
123;0
124;0
125;2
126;1
127;1
128;0
129;0
130;0
131;0
132;0
133;2
134;2
135;2
136;2
137;0
138;0
139;0
140;0
141;2
142;2
143;0
144;0
145;0
146;0
147;0
148;0
149;0
150;0
151;0
152;2
153;0
154;2
155;0
156;0
157;0
158;0
159;0
160;0
161;1
162;0
163;2
164;2
165;2
166;0
167;0
168;0
169;2
170;0
171;0
172;0
173;0
174;0
175;0
176;1
177;0
178;0
179;0
180;0
181;0
182;1
183;0
184;0
185;0
186;0
187;0
188;0
189;2
190;0
191;0
192;0
193;2
194;0
195;0
196;0
197;0
198;1
199;0
200;0
201;1
202;1
203;0
204;2
205;2
206;1
207;0
208;2
209;0
210;0
211;0
212;0
213;0
214;2
215;1
216;0
217;0
218;0
219;0
220;0
221;0
222;0
223;0
224;2
225;2
226;0
227;0
228;0
229;2
230;0
231;0
232;0
233;2
234;0
235;0
236;2
237;2
238;0
239;0
240;1
241;2
242;0
243;0
244;0
245;1
246;1
247;0
248;0
249;0
250;1
251;1
252;0
253;0
254;1
255;0
256;0
257;0
258;2
259;0
260;0
261;2
262;0
263;0
264;0
265;0
266;2
267;2
268;2
269;0
270;0
271;0
272;0
273;0
274;2
275;0
276;0
277;0
278;0
279;0
280;2
281;0
282;0
283;0
284;0
285;0
286;0
287;0
288;0
289;0
290;0
291;1
292;0
293;0
294;0
295;0
296;0
297;0
298;0
299;0
300;1
301;1
302;1
303;2
304;2
305;1
306;0
307;2
308;1
309;0
310;2
311;0
312;0
313;0
314;0
315;0
316;0
317;1
318;0
319;0
320;4
321;2
322;2
323;2
324;2
325;2
326;2
327;2
328;1
329;0
330;0
331;0
332;1
333;1
334;1
335;0
336;2
337;0
338;0
339;0
340;2
341;0
342;0
343;2
344;0
345;1
346;0
347;2
348;1
349;1
350;0
351;1
352;0
353;0
354;0
355;0
356;0
357;2
358;0
359;2
360;0
361;0
362;0
363;0
364;0
365;0
366;2
367;2
368;0
369;0
370;0
371;0
372;0
373;0
374;0
375;0
376;0
377;0
378;1
379;0
380;0
381;0
382;2
383;2
384;0
385;0
386;2
387;0
388;1
389;0
390;0
391;2
392;1
393;0
394;0
395;2
396;2
397;0
398;2
399;2
400;2
401;0
402;2
403;2
404;1
405;0
406;0
407;1
408;2
409;0
410;0
411;0
412;0
413;0
414;0
415;0
416;0
417;0
418;2
419;2
420;2
421;1
422;0
423;0
424;2
425;0
426;0
427;0
428;2
429;1
430;0
431;2
432;0
433;0
434;0
435;0
436;0
437;0
438;0
439;0
440;0
441;0
442;0
443;1
444;0
445;0
446;1
447;0
448;1
449;0
450;1
451;0
452;0
453;0
454;0
455;0
456;1
457;1
458;0
459;2
460;0
461;0
462;0
463;0
464;0
465;0
466;2
467;2
468;2
469;0
470;0
471;0
472;0
473;0
474;0
475;1
476;0
477;0
478;0
479;0
480;0
481;0
482;0
483;2
484;0
485;0
486;0
487;0
488;0
489;0
490;0
491;0
492;1
493;2
494;0
495;0
496;0
497;0
498;0
499;0
500;0
501;0
502;0
503;0
504;2
505;2
506;2
507;1
508;0
509;2
510;0
511;0
512;0
513;2
514;2
515;0
516;0
517;2
518;2
519;1
520;0
521;0
522;0
523;0
524;0
525;0
526;0
527;0
528;1
529;0
530;0
531;0
532;0
533;0
534;0
535;1
536;0
537;0
538;0
539;0
540;1
541;0
542;2
543;0
544;0
545;2
546;0
547;2
548;0
549;0
550;0
551;0
552;0
553;0
554;0
555;0
556;0
557;1
558;0
559;0
560;0
561;2
562;0
563;0
564;0
565;0
566;0
567;0
568;0
569;0
570;0
571;0
572;2
573;0
574;0
575;1
576;2
577;0
578;0
579;0
580;0
581;0
582;0
583;0
584;0
585;0
586;0
587;0
588;0
589;0
590;0
591;0
592;0
593;2
594;0
595;0
596;2
597;0
598;0
599;0
600;2
601;0
602;0
603;0
604;2
605;2
606;0
607;0
608;0
609;2
610;0
611;0
612;0
613;0
614;1
615;0
616;1
617;2
618;0
619;0
620;1
621;0
622;2
623;2
624;1
625;1
626;0
627;2
628;0
629;0
630;0
631;0
632;1
633;0
634;0
635;0
636;2
637;0
638;0
639;2
640;0
641;0
642;0
643;0
644;0
645;0
646;0
647;0
648;0
649;0
650;2
651;0
652;0
653;0
654;1
655;0
656;0
657;0
658;1
659;0
660;0
661;0
662;0
663;0
664;0
665;0
666;0
667;2
668;1
669;0
670;0
671;1
672;0
673;0
674;0
675;2
676;2
677;2
678;2
679;2
680;0
681;0
682;2
683;0
684;0
685;1
686;0
687;0
688;0
689;0
690;0
691;2
692;0
693;1
694;0
695;0
696;0
697;0
698;0
699;0
700;0
701;2
702;0
703;0
704;1
705;0
706;0
707;0
708;0
709;0
710;0
711;1
712;0
713;0
714;0
715;0
716;0
717;2
718;2
719;0
720;0
721;1
722;0
723;1
724;0
725;0
726;0
727;2
728;0
729;0
730;0
731;0
732;0
733;0
734;0
735;0
736;1
737;0
738;2
739;0
740;0
741;0
742;2
743;2
744;1
745;0
746;0
747;0
748;1
749;0
750;0
751;2
752;0
753;2
754;0
755;2
756;0
757;0
758;0
759;0
760;0
761;2
762;2
763;0
764;0
765;0
766;1
767;0
768;0
769;0
770;0
771;0
772;0
773;0
774;1
775;0
776;0
777;0
778;2
779;1
780;0
781;0
782;0
783;0
784;0
785;0
786;0
787;0
788;1
789;0
790;2
791;0
792;1
793;0
794;0
795;2
796;4
797;0
798;2
799;2
800;2
801;0
802;2
803;0
804;1
805;1
806;0
807;1
808;0
809;2
810;2
811;0
812;2
813;1
814;0
815;0
816;2
817;0
818;0
819;1
820;0
821;0
822;0
823;0
824;0
825;2
826;2
827;2
828;0
829;0
830;0
831;0
832;0
833;2
834;1
835;2
836;0
837;0
838;1
839;1
840;2
841;2
842;0
843;0
844;0
845;2
846;0
847;0
848;0
849;0
850;0
851;1
852;0
853;1
854;0
855;0
856;0
857;0
858;2
859;0
860;0
861;0
862;0
863;0
864;1
865;1
866;0
867;0
868;0
869;0
870;0
871;0
872;0
873;0
874;0
875;0
876;0
877;1
878;0
879;0
880;1
881;0
882;0
883;2
884;2
885;0
886;1
887;0
888;0
889;1
890;1
891;1
892;0
893;0
894;0
895;2
896;0
897;0
898;0
899;0
900;0
901;0
902;1
903;0
904;2
905;2
906;0
907;2
908;0
909;0
910;0
911;0
912;0
913;0
914;1
915;1
916;0
917;0
918;1
919;0
920;4
921;0
922;1
923;0
924;0
925;2
926;0
927;2
928;2
929;0
930;0
931;0
932;0
933;2
934;2
935;2
936;2
937;2
938;0
939;0
940;0
941;0
942;0
943;0
944;0
945;2
946;0
947;0
948;0
949;0
950;0
951;1
952;0
953;1
954;2
955;1
956;0
957;0
958;0
959;0
960;0
961;0
962;0
963;0
964;0
965;0
966;2
967;2
968;0
969;0
970;0
971;2
972;0
973;0
974;0
975;0
976;0
977;1
978;0
979;2
980;0
981;0
982;0
983;0
984;1
985;0
986;0
987;0
988;0
989;0
990;0
991;2
992;1
993;1
994;0
995;2
996;4
997;0
998;2
999;2
1000;2
1001;0
1002;2
1003;0
1004;2
1005;0
1006;0
1007;0
1008;0
1009;0
1010;0
1011;1
1012;1
1013;0
1014;1
1015;1
1016;0
1017;0
1018;0
1019;0
1020;0
1021;0
1022;0
1023;0
