0;0
1;0
2;0
3;2
4;4
5;0
6;0
7;2
8;2
9;0
10;2
11;0
12;2
13;0
14;1
15;0
16;1
17;2
18;2
19;2
20;2
21;2
22;2
23;2
24;1
25;1
26;2
27;2
28;2
29;0
30;2
31;2
32;0
33;0
34;0
35;0
36;0
37;0
38;0
39;0
40;0
41;0
42;1
43;0
44;2
45;0
46;0
47;0
48;2
49;0
50;0
51;0
52;0
53;0
54;0
55;1
56;0
57;0
58;2
59;2
60;1
61;0
62;0
63;2
64;2
65;0
66;1
67;2
68;0
69;0
70;2
71;0
72;2
73;0
74;0
75;2
76;0
77;0
78;1
79;2
80;0
81;0
82;0
83;0
84;0
85;0
86;0
87;0
88;2
89;0
90;2
91;0
92;0
93;2
94;0
95;0
96;0
97;2
98;2
99;2
100;2
101;0
102;1
103;0
104;0
105;0
106;1
107;0
108;0
109;0
110;0
111;0
112;0
113;0
114;0
115;0
116;1
117;2
118;0
119;0
120;0
121;0
122;0
123;0
124;0
125;0
126;0
127;0
128;0
129;1
130;0
131;0
132;1
133;0
134;0
135;0
136;2
137;0
138;0
139;0
140;2
141;0
142;0
143;2
144;1
145;2
146;0
147;0
148;1
149;0
150;2
151;0
152;0
153;0
154;0
155;1
156;1
157;0
158;2
159;1
160;0
161;0
162;0
163;0
164;2
165;0
166;0
167;2
168;1
169;0
170;2
171;2
172;1
173;0
174;0
175;0
176;0
177;0
178;1
179;0
180;0
181;0
182;1
183;0
184;0
185;0
186;0
187;0
188;0
189;0
190;0
191;0
192;0
193;0
194;0
195;0
196;0
197;0
198;0
199;0
200;2
201;0
202;1
203;0
204;0
205;0
206;0
207;1
208;2
209;2
210;2
211;2
212;2
213;0
214;0
215;2
216;0
217;2
218;1
219;0
220;1
221;0
222;0
223;0
224;2
225;2
226;0
227;0
228;1
229;0
230;0
231;0
232;0
233;2
234;2
235;2
236;1
237;1
238;0
239;0
240;0
241;0
242;0
243;0
244;0
245;2
246;0
247;2
248;2
249;2
250;0
251;2
252;0
253;0
254;0
255;2
256;0
257;0
258;0
259;0
260;1
261;0
262;2
263;1
264;0
265;0
266;2
267;2
268;0
269;0
270;0
271;2
272;0
273;0
274;2
275;2
276;2
277;0
278;2
279;0
280;1
281;0
282;0
283;0
284;2
285;2
286;2
287;2
288;1
289;0
290;0
291;1
292;0
293;1
294;2
295;0
296;0
297;0
298;0
299;2
300;0
301;0
302;1
303;0
304;0
305;0
306;0
307;1
308;0
309;1
310;0
311;1
312;0
313;0
314;2
315;2
316;2
317;2
318;0
319;0
320;0
321;1
322;0
323;0
324;0
325;1
326;0
327;0
328;0
329;0
330;0
331;1
332;0
333;0
334;0
335;0
336;0
337;0
338;2
339;1
340;0
341;1
342;0
343;1
344;0
345;0
346;2
347;0
348;0
349;0
350;2
351;0
352;0
353;2
354;2
355;2
356;2
357;1
358;0
359;0
360;0
361;0
362;0
363;1
364;2
365;0
366;0
367;0
368;0
369;0
370;0
371;2
372;2
373;0
374;0
375;0
376;0
377;2
378;0
379;0
380;0
381;0
382;1
383;0
384;4
385;0
386;0
387;0
388;2
389;2
390;2
391;2
392;1
393;0
394;0
395;0
396;2
397;0
398;0
399;0
400;0
401;0
402;0
403;2
404;1
405;0
406;0
407;0
408;0
409;1
410;0
411;2
412;2
413;2
414;1
415;0
416;0
417;0
418;0
419;0
420;1
421;0
422;1
423;0
424;2
425;0
426;0
427;0
428;2
429;2
430;0
431;0
432;0
433;2
434;1
435;0
436;0
437;0
438;1
439;0
440;0
441;2
442;0
443;0
444;0
445;0
446;0
447;0
448;2
449;0
450;0
451;0
452;1
453;2
454;0
455;0
456;0
457;0
458;2
459;2
460;1
461;0
462;1
463;0
464;2
465;0
466;0
467;2
468;0
469;0
470;0
471;0
472;0
473;0
474;0
475;0
476;0
477;0
478;1
479;0
480;0
481;1
482;0
483;2
484;1
485;0
486;0
487;1
488;0
489;0
490;2
491;2
492;0
493;0
494;0
495;0
496;0
497;2
498;2
499;2
500;0
501;0
502;0
503;0
504;0
505;0
506;0
507;1
508;0
509;2
510;1
511;0
512;2
513;0
514;0
515;2
516;1
517;0
518;0
519;0
520;1
521;0
522;0
523;2
524;2
525;0
526;2
527;2
528;2
529;0
530;2
531;0
532;0
533;0
534;0
535;1
536;0
537;0
538;0
539;0
540;0
541;0
542;2
543;0
544;0
545;0
546;0
547;0
548;0
549;1
550;0
551;0
552;1
553;0
554;0
555;0
556;0
557;0
558;0
559;2
560;0
561;0
562;2
563;2
564;1
565;0
566;0
567;2
568;4
569;0
570;2
571;2
572;1
573;0
574;2
575;0
576;2
577;2
578;2
579;2
580;0
581;1
582;0
583;0
584;1
585;0
586;0
587;0
588;2
589;0
590;0
591;0
592;2
593;2
594;0
595;2
596;1
597;0
598;2
599;0
600;1
601;0
602;0
603;2
604;2
605;0
606;2
607;2
608;1
609;0
610;2
611;0
612;0
613;0
614;0
615;0
616;0
617;0
618;0
619;2
620;0
621;0
622;0
623;2
624;2
625;0
626;2
627;0
628;0
629;0
630;2
631;2
632;2
633;0
634;0
635;2
636;0
637;0
638;0
639;0
640;0
641;0
642;0
643;2
644;2
645;0
646;0
647;2
648;0
649;0
650;0
651;0
652;0
653;2
654;1
655;0
656;0
657;1
658;2
659;0
660;1
661;0
662;0
663;2
664;2
665;0
666;2
667;2
668;2
669;0
670;0
671;0
672;0
673;0
674;0
675;0
676;2
677;2
678;1
679;0
680;0
681;0
682;0
683;0
684;0
685;0
686;2
687;0
688;0
689;0
690;0
691;1
692;0
693;1
694;2
695;2
696;2
697;0
698;0
699;0
700;2
701;0
702;1
703;0
704;0
705;0
706;1
707;0
708;0
709;0
710;0
711;0
712;0
713;0
714;1
715;0
716;0
717;0
718;0
719;0
720;2
721;0
722;0
723;0
724;0
725;0
726;0
727;2
728;0
729;2
730;2
731;1
732;0
733;2
734;0
735;0
736;0
737;0
738;0
739;2
740;0
741;0
742;0
743;2
744;2
745;0
746;1
747;2
748;2
749;0
750;0
751;0
752;2
753;1
754;1
755;0
756;2
757;0
758;0
759;0
760;0
761;0
762;0
763;0
764;0
765;0
766;0
767;2
768;2
769;0
770;0
771;0
772;0
773;0
774;0
775;2
776;1
777;1
778;0
779;0
780;0
781;0
782;0
783;0
784;1
785;0
786;0
787;0
788;0
789;0
790;0
791;0
792;0
793;0
794;0
795;1
796;0
797;0
798;2
799;0
800;2
801;0
802;0
803;0
804;0
805;0
806;0
807;0
808;0
809;1
810;1
811;0
812;0
813;0
814;2
815;1
816;0
817;0
818;0
819;0
820;0
821;2
822;1
823;0
824;1
825;0
826;2
827;0
828;0
829;2
830;0
831;0
832;0
833;2
834;2
835;0
836;1
837;0
838;0
839;0
840;0
841;2
842;2
843;2
844;2
845;0
846;0
847;1
848;0
849;2
850;0
851;0
852;0
853;0
854;0
855;0
856;0
857;1
858;0
859;0
860;0
861;2
862;1
863;0
864;2
865;1
866;0
867;0
868;1
869;0
870;0
871;0
872;0
873;0
874;2
875;2
876;0
877;0
878;2
879;0
880;0
881;0
882;0
883;2
884;1
885;0
886;0
887;2
888;1
889;2
890;1
891;0
892;2
893;0
894;2
895;4
896;2
897;0
898;1
899;1
900;0
901;0
902;2
903;2
904;2
905;0
906;2
907;2
908;1
909;0
910;0
911;2
912;2
913;0
914;0
915;1
916;2
917;0
918;0
919;0
920;1
921;0
922;0
923;0
924;0
925;0
926;0
927;0
928;2
929;0
930;1
931;0
932;0
933;2
934;0
935;0
936;0
937;2
938;1
939;2
940;2
941;2
942;1
943;0
944;1
945;0
946;1
947;0
948;0
949;1
950;0
951;0
952;2
953;0
954;0
955;1
956;0
957;1
958;0
959;1
960;0
961;0
962;0
963;0
964;1
965;0
966;2
967;0
968;1
969;0
970;0
971;2
972;4
973;0
974;2
975;1
976;0
977;0
978;2
979;0
980;1
981;0
982;0
983;2
984;2
985;0
986;0
987;0
988;0
989;0
990;1
991;0
992;2
993;0
994;0
995;0
996;2
997;1
998;2
999;0
1000;0
1001;2
1002;1
1003;0
1004;1
1005;0
1006;0
1007;2
1008;2
1009;2
1010;2
1011;2
1012;1
1013;0
1014;1
1015;0
1016;0
1017;0
1018;0
1019;0
1020;0
1021;0
1022;0
1023;0
