0;1
1;0
2;0
3;2
4;2
5;0
6;2
7;0
8;2
9;4
10;2
11;0
12;0
13;0
14;1
15;0
16;0
17;2
18;2
19;2
20;0
21;2
22;0
23;1
24;1
25;0
26;0
27;0
28;2
29;0
30;0
31;0
32;1
33;0
34;0
35;0
36;2
37;1
38;0
39;0
40;1
41;0
42;0
43;0
44;2
45;1
46;0
47;0
48;0
49;2
50;0
51;0
52;2
53;0
54;0
55;0
56;0
57;0
58;0
59;1
60;0
61;0
62;0
63;2
64;0
65;0
66;2
67;0
68;0
69;0
70;0
71;0
72;0
73;2
74;0
75;0
76;1
77;0
78;2
79;1
80;2
81;0
82;0
83;0
84;0
85;0
86;0
87;0
88;1
89;0
90;0
91;2
92;2
93;0
94;1
95;0
96;0
97;0
98;0
99;0
100;0
101;0
102;0
103;1
104;0
105;0
106;0
107;0
108;0
109;0
110;0
111;0
112;0
113;0
114;2
115;2
116;2
117;2
118;0
119;0
120;2
121;2
122;1
123;0
124;0
125;0
126;0
127;0
128;0
129;1
130;0
131;2
132;2
133;0
134;0
135;2
136;0
137;2
138;0
139;0
140;2
141;0
142;2
143;0
144;1
145;0
146;0
147;0
148;0
149;1
150;0
151;0
152;2
153;1
154;0
155;0
156;0
157;0
158;0
159;1
160;0
161;0
162;0
163;0
164;0
165;0
166;0
167;0
168;0
169;0
170;1
171;0
172;2
173;0
174;0
175;0
176;0
177;2
178;2
179;0
180;0
181;1
182;0
183;1
184;0
185;0
186;0
187;0
188;0
189;1
190;1
191;0
192;1
193;0
194;0
195;0
196;2
197;0
198;0
199;0
200;0
201;0
202;0
203;0
204;0
205;0
206;0
207;0
208;0
209;0
210;0
211;0
212;2
213;0
214;2
215;0
216;0
217;0
218;0
219;0
220;0
221;1
222;0
223;0
224;2
225;0
226;0
227;0
228;0
229;2
230;0
231;2
232;1
233;1
234;1
235;0
236;0
237;0
238;2
239;0
240;0
241;2
242;1
243;0
244;0
245;0
246;0
247;0
248;0
249;0
250;2
251;0
252;0
253;2
254;0
255;1
256;0
257;0
258;0
259;0
260;0
261;0
262;2
263;2
264;1
265;0
266;0
267;0
268;2
269;2
270;2
271;1
272;0
273;0
274;0
275;0
276;0
277;2
278;1
279;0
280;2
281;0
282;0
283;0
284;0
285;0
286;0
287;0
288;1
289;0
290;0
291;0
292;0
293;1
294;0
295;0
296;0
297;0
298;0
299;0
300;0
301;0
302;0
303;0
304;2
305;2
306;1
307;0
308;0
309;0
310;0
311;2
312;0
313;0
314;0
315;0
316;0
317;0
318;0
319;1
320;2
321;2
322;2
323;1
324;2
325;1
326;0
327;2
328;1
329;0
330;0
331;0
332;2
333;0
334;1
335;0
336;2
337;0
338;0
339;2
340;0
341;2
342;0
343;0
344;0
345;1
346;0
347;0
348;2
349;1
350;2
351;2
352;2
353;0
354;0
355;0
356;0
357;2
358;0
359;0
360;0
361;0
362;0
363;0
364;0
365;0
366;2
367;2
368;0
369;0
370;0
371;0
372;0
373;0
374;0
375;0
376;0
377;0
378;0
379;0
380;0
381;0
382;0
383;0
384;0
385;0
386;2
387;0
388;2
389;0
390;0
391;0
392;0
393;0
394;0
395;0
396;2
397;0
398;1
399;0
400;0
401;0
402;2
403;2
404;2
405;1
406;0
407;0
408;1
409;1
410;0
411;2
412;0
413;1
414;0
415;2
416;0
417;0
418;0
419;0
420;0
421;0
422;0
423;0
424;0
425;2
426;0
427;1
428;0
429;0
430;0
431;0
432;1
433;0
434;0
435;0
436;0
437;0
438;0
439;0
440;1
441;1
442;0
443;1
444;1
445;0
446;0
447;0
448;0
449;0
450;1
451;0
452;2
453;0
454;0
455;0
456;0
457;0
458;0
459;0
460;0
461;0
462;0
463;0
464;0
465;0
466;0
467;0
468;2
469;0
470;0
471;0
472;0
473;1
474;0
475;1
476;1
477;2
478;0
479;0
480;2
481;0
482;0
483;0
484;1
485;0
486;0
487;0
488;2
489;2
490;2
491;1
492;2
493;2
494;0
495;0
496;2
497;2
498;2
499;0
500;0
501;0
502;2
503;2
504;0
505;2
506;0
507;0
508;0
509;0
510;0
511;0
512;2
513;0
514;0
515;0
516;0
517;0
518;2
519;2
520;0
521;0
522;0
523;0
524;1
525;0
526;0
527;0
528;0
529;2
530;1
531;1
532;0
533;2
534;2
535;1
536;2
537;0
538;0
539;0
540;0
541;1
542;0
543;0
544;0
545;0
546;0
547;0
548;0
549;0
550;0
551;0
552;0
553;0
554;0
555;1
556;0
557;0
558;0
559;0
560;2
561;0
562;2
563;2
564;2
565;0
566;2
567;2
568;0
569;0
570;2
571;0
572;2
573;0
574;0
575;0
576;1
577;0
578;0
579;2
580;0
581;0
582;0
583;0
584;1
585;2
586;0
587;0
588;1
589;0
590;0
591;0
592;2
593;2
594;2
595;0
596;2
597;0
598;1
599;0
600;2
601;0
602;0
603;0
604;2
605;0
606;1
607;0
608;0
609;1
610;0
611;0
612;1
613;0
614;0
615;2
616;2
617;2
618;0
619;0
620;2
621;0
622;0
623;0
624;1
625;1
626;0
627;0
628;0
629;1
630;0
631;0
632;0
633;0
634;0
635;0
636;0
637;0
638;0
639;2
640;0
641;0
642;0
643;0
644;0
645;0
646;0
647;0
648;1
649;0
650;0
651;0
652;2
653;1
654;0
655;0
656;0
657;0
658;0
659;0
660;0
661;0
662;0
663;0
664;0
665;0
666;0
667;2
668;1
669;0
670;0
671;2
672;2
673;0
674;0
675;0
676;0
677;0
678;0
679;2
680;1
681;2
682;0
683;0
684;1
685;0
686;0
687;0
688;0
689;0
690;0
691;0
692;1
693;0
694;0
695;0
696;0
697;0
698;0
699;0
700;0
701;0
702;0
703;2
704;0
705;2
706;1
707;0
708;1
709;0
710;0
711;2
712;1
713;0
714;2
715;0
716;0
717;0
718;2
719;0
720;2
721;0
722;0
723;0
724;0
725;0
726;2
727;0
728;2
729;0
730;0
731;0
732;0
733;1
734;0
735;0
736;0
737;0
738;0
739;0
740;2
741;0
742;2
743;0
744;0
745;0
746;2
747;2
748;0
749;2
750;0
751;0
752;1
753;0
754;0
755;0
756;0
757;2
758;0
759;2
760;0
761;0
762;0
763;0
764;2
765;0
766;2
767;0
768;0
769;0
770;1
771;0
772;0
773;0
774;2
775;2
776;0
777;0
778;1
779;0
780;0
781;0
782;1
783;1
784;0
785;0
786;0
787;0
788;0
789;1
790;0
791;0
792;0
793;0
794;0
795;0
796;0
797;1
798;0
799;0
800;0
801;0
802;2
803;2
804;1
805;1
806;0
807;0
808;0
809;0
810;0
811;0
812;0
813;0
814;0
815;0
816;1
817;0
818;0
819;2
820;1
821;0
822;0
823;0
824;0
825;2
826;1
827;2
828;1
829;0
830;1
831;2
832;2
833;1
834;0
835;0
836;0
837;0
838;0
839;0
840;1
841;0
842;0
843;0
844;0
845;0
846;0
847;0
848;0
849;1
850;2
851;0
852;0
853;0
854;0
855;0
856;2
857;0
858;0
859;0
860;0
861;0
862;2
863;0
864;0
865;0
866;1
867;0
868;0
869;0
870;0
871;0
872;1
873;0
874;0
875;2
876;0
877;0
878;2
879;2
880;1
881;0
882;0
883;1
884;0
885;0
886;0
887;2
888;0
889;0
890;1
891;0
892;0
893;0
894;0
895;0
896;2
897;2
898;0
899;0
900;0
901;0
902;0
903;0
904;0
905;2
906;0
907;0
908;0
909;0
910;1
911;0
912;4
913;1
914;2
915;1
916;0
917;0
918;0
919;2
920;2
921;0
922;0
923;0
924;0
925;2
926;2
927;0
928;0
929;0
930;2
931;0
932;0
933;0
934;0
935;0
936;0
937;0
938;0
939;0
940;0
941;1
942;0
943;0
944;0
945;2
946;2
947;2
948;1
949;0
950;1
951;0
952;1
953;0
954;0
955;0
956;2
957;0
958;1
959;0
960;0
961;0
962;0
963;1
964;0
965;0
966;0
967;0
968;0
969;1
970;0
971;2
972;0
973;0
974;0
975;0
976;1
977;0
978;0
979;0
980;0
981;0
982;2
983;0
984;0
985;2
986;0
987;0
988;2
989;0
990;0
991;0
992;2
993;0
994;0
995;0
996;2
997;1
998;0
999;0
1000;2
1001;1
1002;0
1003;1
1004;0
1005;0
1006;0
1007;0
1008;0
1009;0
1010;0
1011;2
1012;1
1013;0
1014;1
1015;1
1016;0
1017;0
1018;0
1019;0
1020;0
1021;0
1022;0
1023;0
