0;1
1;0
2;0
3;2
4;2
5;0
6;2
7;1
8;0
9;0
10;2
11;2
12;0
13;0
14;2
15;0
16;0
17;0
18;0
19;2
20;0
21;0
22;0
23;2
24;1
25;0
26;0
27;0
28;0
29;0
30;1
31;0
32;0
33;0
34;2
35;0
36;0
37;0
38;0
39;2
40;1
41;0
42;0
43;1
44;0
45;0
46;0
47;0
48;0
49;0
50;0
51;1
52;0
53;2
54;0
55;0
56;2
57;0
58;0
59;0
60;0
61;0
62;0
63;0
64;0
65;0
66;0
67;0
68;2
69;0
70;0
71;0
72;1
73;0
74;0
75;0
76;2
77;1
78;0
79;0
80;0
81;0
82;2
83;0
84;0
85;2
86;0
87;0
88;0
89;0
90;2
91;2
92;1
93;0
94;0
95;2
96;1
97;0
98;2
99;0
100;2
101;0
102;2
103;2
104;1
105;0
106;0
107;2
108;0
109;2
110;0
111;1
112;0
113;0
114;2
115;0
116;1
117;0
118;0
119;0
120;0
121;0
122;0
123;0
124;0
125;0
126;0
127;0
128;0
129;1
130;0
131;0
132;0
133;0
134;0
135;0
136;0
137;2
138;0
139;0
140;2
141;0
142;0
143;0
144;0
145;0
146;0
147;0
148;0
149;0
150;0
151;0
152;0
153;0
154;0
155;0
156;1
157;0
158;0
159;0
160;1
161;0
162;0
163;0
164;2
165;0
166;0
167;0
168;0
169;0
170;0
171;1
172;0
173;0
174;1
175;1
176;0
177;0
178;1
179;1
180;0
181;2
182;0
183;0
184;0
185;0
186;2
187;1
188;1
189;0
190;0
191;0
192;2
193;0
194;2
195;0
196;0
197;0
198;0
199;1
200;0
201;0
202;4
203;2
204;0
205;0
206;0
207;0
208;2
209;0
210;2
211;0
212;0
213;0
214;0
215;0
216;1
217;1
218;2
219;2
220;0
221;0
222;0
223;1
224;2
225;0
226;0
227;1
228;0
229;0
230;0
231;2
232;2
233;0
234;0
235;0
236;1
237;0
238;0
239;0
240;0
241;0
242;0
243;2
244;0
245;1
246;0
247;0
248;0
249;0
250;0
251;1
252;1
253;0
254;1
255;1
256;0
257;0
258;2
259;0
260;0
261;0
262;0
263;0
264;0
265;0
266;0
267;1
268;0
269;2
270;0
271;2
272;2
273;0
274;0
275;0
276;2
277;2
278;0
279;0
280;0
281;0
282;0
283;2
284;0
285;0
286;0
287;0
288;1
289;0
290;0
291;0
292;1
293;1
294;2
295;0
296;0
297;0
298;2
299;0
300;0
301;2
302;0
303;0
304;0
305;0
306;1
307;0
308;0
309;0
310;2
311;1
312;0
313;1
314;1
315;0
316;0
317;0
318;1
319;0
320;1
321;0
322;1
323;0
324;0
325;1
326;0
327;0
328;0
329;2
330;2
331;0
332;0
333;0
334;0
335;0
336;2
337;0
338;2
339;2
340;0
341;0
342;2
343;0
344;0
345;0
346;2
347;0
348;0
349;0
350;0
351;2
352;0
353;2
354;0
355;0
356;2
357;0
358;1
359;0
360;0
361;0
362;2
363;1
364;0
365;0
366;0
367;2
368;1
369;0
370;0
371;0
372;2
373;0
374;2
375;2
376;2
377;0
378;2
379;0
380;2
381;0
382;2
383;2
384;1
385;0
386;0
387;0
388;2
389;0
390;2
391;0
392;0
393;0
394;0
395;0
396;0
397;0
398;0
399;0
400;0
401;0
402;0
403;0
404;2
405;0
406;2
407;0
408;0
409;1
410;0
411;0
412;0
413;0
414;0
415;0
416;2
417;2
418;2
419;0
420;2
421;0
422;0
423;0
424;0
425;0
426;0
427;0
428;1
429;2
430;0
431;0
432;2
433;0
434;0
435;0
436;0
437;2
438;1
439;0
440;0
441;0
442;0
443;2
444;1
445;2
446;0
447;0
448;0
449;1
450;0
451;0
452;1
453;1
454;2
455;0
456;2
457;1
458;0
459;2
460;0
461;0
462;0
463;2
464;0
465;2
466;0
467;2
468;0
469;0
470;2
471;0
472;1
473;0
474;0
475;0
476;0
477;0
478;2
479;1
480;0
481;2
482;1
483;1
484;2
485;0
486;1
487;1
488;0
489;1
490;2
491;0
492;1
493;0
494;2
495;0
496;0
497;4
498;2
499;2
500;0
501;1
502;0
503;0
504;0
505;1
506;2
507;0
508;2
509;2
510;1
511;0
512;0
513;2
514;2
515;0
516;2
517;0
518;0
519;0
520;1
521;0
522;0
523;2
524;0
525;2
526;2
527;0
528;2
529;2
530;2
531;2
532;0
533;0
534;0
535;0
536;1
537;1
538;0
539;0
540;0
541;0
542;2
543;2
544;1
545;0
546;0
547;2
548;2
549;0
550;2
551;2
552;2
553;0
554;0
555;0
556;2
557;0
558;0
559;1
560;1
561;0
562;0
563;2
564;0
565;1
566;0
567;2
568;2
569;2
570;2
571;0
572;0
573;0
574;0
575;0
576;2
577;0
578;0
579;0
580;0
581;0
582;0
583;0
584;0
585;0
586;0
587;0
588;1
589;1
590;0
591;0
592;0
593;0
594;0
595;1
596;0
597;2
598;1
599;0
600;0
601;0
602;2
603;0
604;0
605;0
606;2
607;0
608;2
609;0
610;0
611;0
612;0
613;0
614;2
615;2
616;0
617;0
618;0
619;0
620;0
621;0
622;1
623;0
624;2
625;0
626;0
627;0
628;1
629;0
630;2
631;0
632;0
633;0
634;0
635;0
636;0
637;2
638;0
639;2
640;1
641;0
642;1
643;2
644;2
645;0
646;0
647;0
648;0
649;0
650;0
651;0
652;0
653;0
654;2
655;0
656;0
657;0
658;0
659;0
660;0
661;0
662;0
663;0
664;0
665;0
666;2
667;0
668;0
669;0
670;0
671;0
672;0
673;0
674;1
675;0
676;0
677;0
678;2
679;0
680;0
681;0
682;0
683;0
684;2
685;0
686;2
687;0
688;0
689;0
690;2
691;0
692;1
693;0
694;0
695;2
696;0
697;0
698;2
699;0
700;0
701;0
702;0
703;0
704;2
705;0
706;0
707;0
708;4
709;0
710;0
711;2
712;0
713;2
714;1
715;2
716;1
717;0
718;1
719;0
720;2
721;0
722;1
723;2
724;0
725;0
726;0
727;0
728;1
729;0
730;0
731;0
732;0
733;1
734;0
735;0
736;0
737;0
738;2
739;2
740;0
741;0
742;2
743;0
744;0
745;0
746;2
747;0
748;0
749;0
750;1
751;0
752;2
753;2
754;1
755;0
756;0
757;2
758;2
759;2
760;2
761;0
762;0
763;1
764;0
765;2
766;0
767;0
768;2
769;2
770;2
771;2
772;0
773;2
774;0
775;0
776;0
777;0
778;0
779;0
780;2
781;2
782;0
783;1
784;0
785;0
786;0
787;2
788;0
789;2
790;0
791;0
792;0
793;0
794;0
795;1
796;0
797;0
798;2
799;2
800;0
801;0
802;0
803;1
804;0
805;1
806;0
807;0
808;0
809;1
810;0
811;0
812;2
813;0
814;0
815;2
816;2
817;1
818;0
819;0
820;0
821;0
822;1
823;0
824;0
825;0
826;2
827;0
828;2
829;2
830;0
831;0
832;0
833;0
834;0
835;0
836;0
837;0
838;0
839;0
840;0
841;0
842;0
843;2
844;1
845;0
846;0
847;0
848;0
849;0
850;0
851;1
852;0
853;0
854;0
855;0
856;0
857;0
858;0
859;0
860;2
861;0
862;0
863;2
864;0
865;0
866;0
867;0
868;0
869;2
870;2
871;0
872;1
873;2
874;1
875;2
876;1
877;0
878;2
879;0
880;2
881;2
882;2
883;0
884;0
885;2
886;0
887;0
888;2
889;0
890;0
891;0
892;0
893;0
894;2
895;0
896;0
897;0
898;0
899;2
900;0
901;0
902;0
903;0
904;0
905;0
906;0
907;0
908;0
909;0
910;2
911;0
912;0
913;0
914;0
915;0
916;1
917;0
918;0
919;0
920;0
921;0
922;1
923;2
924;1
925;0
926;0
927;2
928;4
929;0
930;2
931;2
932;0
933;0
934;0
935;0
936;2
937;1
938;1
939;0
940;1
941;0
942;0
943;0
944;0
945;0
946;2
947;0
948;0
949;2
950;2
951;0
952;0
953;1
954;1
955;0
956;2
957;2
958;2
959;2
960;2
961;2
962;2
963;2
964;2
965;1
966;2
967;1
968;0
969;0
970;0
971;2
972;1
973;0
974;2
975;2
976;1
977;0
978;0
979;1
980;2
981;0
982;2
983;0
984;1
985;0
986;2
987;0
988;2
989;0
990;0
991;0
992;2
993;0
994;1
995;0
996;1
997;0
998;0
999;0
1000;1
1001;0
1002;1
1003;1
1004;0
1005;2
1006;0
1007;0
1008;2
1009;0
1010;0
1011;2
1012;0
1013;0
1014;0
1015;0
1016;0
1017;0
1018;0
1019;0
1020;0
1021;0
1022;0
1023;0
