0;1
1;0
2;0
3;2
4;4
5;0
6;2
7;0
8;2
9;0
10;0
11;0
12;2
13;0
14;2
15;1
16;0
17;0
18;0
19;0
20;2
21;1
22;1
23;0
24;1
25;0
26;0
27;0
28;2
29;0
30;0
31;0
32;0
33;0
34;0
35;0
36;0
37;0
38;0
39;0
40;0
41;0
42;0
43;1
44;0
45;0
46;0
47;0
48;0
49;0
50;1
51;1
52;0
53;2
54;2
55;0
56;0
57;2
58;0
59;0
60;1
61;0
62;0
63;0
64;2
65;0
66;0
67;0
68;2
69;0
70;2
71;0
72;1
73;0
74;0
75;0
76;2
77;0
78;2
79;0
80;0
81;1
82;0
83;0
84;0
85;1
86;1
87;0
88;2
89;1
90;2
91;0
92;1
93;0
94;0
95;2
96;2
97;2
98;1
99;1
100;0
101;0
102;0
103;0
104;1
105;0
106;0
107;0
108;0
109;0
110;1
111;0
112;1
113;0
114;0
115;2
116;1
117;0
118;2
119;0
120;0
121;1
122;0
123;0
124;2
125;0
126;2
127;2
128;0
129;0
130;0
131;0
132;0
133;0
134;2
135;0
136;0
137;0
138;0
139;1
140;0
141;0
142;0
143;0
144;1
145;0
146;0
147;0
148;0
149;0
150;0
151;0
152;0
153;1
154;0
155;0
156;1
157;2
158;0
159;0
160;2
161;0
162;0
163;0
164;0
165;0
166;0
167;2
168;0
169;0
170;1
171;0
172;2
173;0
174;0
175;0
176;1
177;1
178;0
179;2
180;1
181;0
182;2
183;0
184;2
185;1
186;0
187;2
188;2
189;0
190;1
191;0
192;1
193;0
194;0
195;0
196;0
197;0
198;2
199;2
200;0
201;0
202;0
203;0
204;2
205;2
206;1
207;0
208;0
209;0
210;0
211;0
212;1
213;0
214;2
215;2
216;0
217;0
218;0
219;2
220;1
221;1
222;0
223;0
224;0
225;0
226;1
227;2
228;0
229;0
230;2
231;1
232;0
233;0
234;2
235;0
236;0
237;0
238;1
239;0
240;2
241;1
242;0
243;0
244;0
245;0
246;1
247;1
248;4
249;0
250;0
251;0
252;0
253;0
254;2
255;0
256;2
257;0
258;0
259;0
260;0
261;0
262;0
263;1
264;0
265;0
266;0
267;1
268;0
269;0
270;0
271;0
272;0
273;0
274;0
275;0
276;2
277;0
278;0
279;0
280;2
281;0
282;0
283;0
284;2
285;1
286;0
287;0
288;1
289;1
290;0
291;0
292;0
293;1
294;1
295;0
296;0
297;2
298;0
299;0
300;0
301;0
302;1
303;0
304;0
305;0
306;1
307;0
308;0
309;1
310;0
311;0
312;0
313;0
314;1
315;0
316;1
317;0
318;0
319;1
320;0
321;1
322;0
323;0
324;0
325;1
326;1
327;0
328;0
329;0
330;0
331;0
332;4
333;2
334;2
335;2
336;2
337;1
338;0
339;0
340;2
341;0
342;1
343;2
344;0
345;0
346;0
347;2
348;1
349;0
350;0
351;1
352;0
353;0
354;2
355;1
356;0
357;0
358;2
359;2
360;1
361;0
362;0
363;2
364;2
365;0
366;2
367;2
368;2
369;0
370;2
371;0
372;2
373;0
374;0
375;1
376;0
377;0
378;0
379;2
380;0
381;0
382;0
383;1
384;1
385;0
386;2
387;2
388;1
389;2
390;0
391;0
392;2
393;0
394;0
395;0
396;0
397;0
398;0
399;0
400;0
401;2
402;1
403;0
404;2
405;0
406;2
407;0
408;0
409;2
410;2
411;0
412;1
413;0
414;0
415;0
416;2
417;0
418;1
419;0
420;2
421;0
422;0
423;0
424;0
425;0
426;0
427;0
428;1
429;2
430;0
431;0
432;2
433;0
434;0
435;0
436;1
437;0
438;1
439;0
440;0
441;0
442;0
443;1
444;2
445;2
446;0
447;0
448;0
449;1
450;0
451;0
452;0
453;1
454;2
455;0
456;2
457;0
458;1
459;0
460;2
461;0
462;0
463;2
464;0
465;2
466;0
467;2
468;4
469;0
470;0
471;0
472;2
473;0
474;1
475;2
476;1
477;0
478;2
479;0
480;0
481;2
482;0
483;2
484;2
485;0
486;1
487;1
488;0
489;1
490;2
491;1
492;0
493;0
494;1
495;2
496;2
497;2
498;2
499;2
500;1
501;0
502;0
503;0
504;0
505;0
506;1
507;0
508;2
509;0
510;0
511;0
512;0
513;2
514;0
515;0
516;2
517;0
518;0
519;0
520;1
521;0
522;0
523;2
524;0
525;1
526;1
527;0
528;2
529;0
530;1
531;0
532;0
533;0
534;0
535;1
536;1
537;1
538;0
539;0
540;0
541;1
542;0
543;1
544;2
545;0
546;0
547;2
548;0
549;0
550;0
551;0
552;0
553;1
554;0
555;2
556;2
557;2
558;2
559;2
560;1
561;2
562;0
563;0
564;0
565;0
566;0
567;0
568;1
569;0
570;0
571;0
572;2
573;0
574;0
575;0
576;0
577;0
578;1
579;0
580;0
581;0
582;0
583;2
584;1
585;0
586;0
587;0
588;0
589;2
590;2
591;2
592;2
593;0
594;0
595;0
596;0
597;0
598;0
599;0
600;2
601;0
602;0
603;0
604;0
605;0
606;0
607;0
608;0
609;0
610;1
611;0
612;0
613;2
614;2
615;1
616;0
617;0
618;0
619;1
620;0
621;0
622;2
623;0
624;0
625;1
626;0
627;1
628;0
629;2
630;0
631;0
632;1
633;0
634;0
635;0
636;2
637;0
638;0
639;0
640;1
641;0
642;1
643;0
644;0
645;0
646;0
647;0
648;1
649;1
650;0
651;0
652;0
653;0
654;1
655;0
656;0
657;0
658;2
659;0
660;0
661;1
662;0
663;0
664;2
665;1
666;1
667;0
668;1
669;0
670;2
671;0
672;0
673;0
674;0
675;0
676;2
677;0
678;1
679;0
680;0
681;2
682;2
683;0
684;1
685;0
686;0
687;0
688;0
689;0
690;2
691;1
692;0
693;0
694;0
695;2
696;2
697;0
698;0
699;1
700;0
701;0
702;2
703;0
704;2
705;0
706;0
707;0
708;1
709;0
710;0
711;0
712;2
713;0
714;0
715;0
716;1
717;0
718;2
719;0
720;1
721;0
722;0
723;0
724;2
725;0
726;2
727;1
728;2
729;0
730;2
731;0
732;0
733;2
734;2
735;1
736;0
737;1
738;1
739;0
740;0
741;0
742;1
743;0
744;0
745;0
746;0
747;0
748;2
749;0
750;1
751;0
752;0
753;0
754;0
755;0
756;1
757;0
758;2
759;2
760;0
761;0
762;1
763;0
764;2
765;1
766;1
767;0
768;0
769;0
770;0
771;1
772;2
773;1
774;1
775;0
776;2
777;2
778;2
779;2
780;2
781;0
782;2
783;0
784;0
785;2
786;0
787;0
788;0
789;2
790;1
791;0
792;0
793;2
794;0
795;0
796;1
797;0
798;0
799;1
800;1
801;2
802;0
803;1
804;0
805;0
806;0
807;2
808;0
809;2
810;0
811;0
812;0
813;0
814;0
815;2
816;0
817;0
818;2
819;2
820;1
821;0
822;1
823;0
824;0
825;1
826;0
827;0
828;0
829;1
830;1
831;0
832;2
833;0
834;0
835;2
836;0
837;1
838;0
839;0
840;0
841;0
842;1
843;0
844;0
845;0
846;0
847;0
848;2
849;2
850;0
851;0
852;2
853;1
854;1
855;0
856;0
857;0
858;0
859;0
860;2
861;0
862;0
863;2
864;0
865;0
866;0
867;0
868;0
869;0
870;0
871;1
872;0
873;0
874;0
875;0
876;1
877;0
878;0
879;0
880;2
881;0
882;0
883;0
884;1
885;1
886;0
887;0
888;0
889;2
890;2
891;0
892;2
893;2
894;2
895;1
896;0
897;0
898;0
899;0
900;2
901;0
902;1
903;0
904;0
905;2
906;0
907;0
908;0
909;0
910;0
911;0
912;0
913;1
914;1
915;0
916;2
917;1
918;0
919;2
920;0
921;2
922;0
923;0
924;1
925;0
926;2
927;0
928;0
929;0
930;1
931;0
932;2
933;0
934;0
935;0
936;1
937;0
938;0
939;0
940;2
941;0
942;1
943;0
944;0
945;1
946;1
947;0
948;0
949;0
950;0
951;0
952;0
953;0
954;1
955;0
956;0
957;2
958;2
959;0
960;2
961;0
962;1
963;0
964;2
965;2
966;2
967;2
968;2
969;2
970;2
971;2
972;2
973;2
974;2
975;0
976;1
977;0
978;0
979;1
980;0
981;0
982;0
983;0
984;1
985;0
986;0
987;2
988;2
989;0
990;2
991;1
992;0
993;0
994;0
995;0
996;2
997;0
998;2
999;0
1000;0
1001;2
1002;1
1003;0
1004;0
1005;0
1006;0
1007;0
1008;0
1009;0
1010;0
1011;0
1012;0
1013;1
1014;0
1015;0
1016;0
1017;0
1018;0
1019;0
1020;0
1021;0
1022;0
1023;0
