0;1
1;1
2;0
3;2
4;2
5;0
6;2
7;2
8;0
9;0
10;0
11;0
12;2
13;0
14;2
15;1
16;1
17;1
18;0
19;1
20;0
21;0
22;1
23;0
24;1
25;0
26;0
27;0
28;1
29;0
30;0
31;0
32;0
33;0
34;0
35;0
36;0
37;0
38;0
39;2
40;0
41;0
42;2
43;2
44;1
45;0
46;0
47;0
48;4
49;0
50;2
51;1
52;0
53;0
54;0
55;0
56;1
57;0
58;0
59;0
60;0
61;0
62;0
63;0
64;0
65;0
66;0
67;0
68;2
69;2
70;0
71;0
72;0
73;2
74;0
75;0
76;1
77;0
78;0
79;0
80;0
81;0
82;0
83;0
84;2
85;0
86;2
87;0
88;1
89;0
90;0
91;0
92;2
93;1
94;0
95;0
96;1
97;1
98;0
99;0
100;0
101;0
102;0
103;0
104;0
105;0
106;1
107;0
108;0
109;0
110;0
111;2
112;2
113;2
114;1
115;1
116;0
117;0
118;2
119;0
120;2
121;0
122;0
123;0
124;0
125;0
126;0
127;1
128;0
129;0
130;0
131;0
132;0
133;0
134;0
135;0
136;0
137;0
138;0
139;0
140;0
141;1
142;0
143;2
144;1
145;0
146;0
147;0
148;0
149;0
150;0
151;0
152;0
153;0
154;2
155;0
156;2
157;0
158;0
159;0
160;2
161;1
162;0
163;0
164;0
165;0
166;0
167;0
168;0
169;0
170;1
171;0
172;0
173;0
174;0
175;1
176;0
177;2
178;2
179;2
180;2
181;0
182;2
183;1
184;0
185;1
186;0
187;0
188;0
189;0
190;2
191;1
192;1
193;0
194;0
195;2
196;2
197;1
198;0
199;1
200;0
201;0
202;0
203;1
204;0
205;0
206;2
207;0
208;2
209;0
210;0
211;0
212;0
213;0
214;1
215;0
216;0
217;0
218;0
219;0
220;1
221;0
222;2
223;2
224;1
225;0
226;2
227;2
228;2
229;0
230;0
231;1
232;0
233;0
234;0
235;2
236;0
237;0
238;0
239;2
240;0
241;0
242;1
243;0
244;0
245;0
246;2
247;1
248;0
249;1
250;0
251;0
252;0
253;0
254;1
255;1
256;1
257;0
258;0
259;0
260;2
261;0
262;0
263;1
264;0
265;0
266;1
267;0
268;0
269;0
270;0
271;2
272;2
273;0
274;2
275;2
276;2
277;0
278;2
279;0
280;0
281;0
282;2
283;0
284;0
285;0
286;1
287;0
288;1
289;0
290;0
291;2
292;2
293;0
294;2
295;2
296;2
297;0
298;2
299;0
300;1
301;0
302;0
303;0
304;0
305;0
306;0
307;1
308;0
309;0
310;0
311;0
312;0
313;0
314;0
315;2
316;0
317;0
318;0
319;0
320;0
321;1
322;0
323;0
324;0
325;0
326;0
327;0
328;0
329;0
330;0
331;0
332;0
333;1
334;0
335;0
336;0
337;0
338;1
339;0
340;0
341;1
342;0
343;0
344;0
345;0
346;0
347;0
348;1
349;0
350;2
351;0
352;0
353;0
354;0
355;0
356;0
357;0
358;2
359;1
360;0
361;0
362;0
363;0
364;1
365;0
366;1
367;0
368;2
369;0
370;2
371;2
372;2
373;1
374;0
375;1
376;0
377;2
378;2
379;2
380;1
381;0
382;1
383;0
384;2
385;0
386;1
387;2
388;0
389;0
390;2
391;1
392;0
393;0
394;0
395;0
396;0
397;0
398;0
399;1
400;0
401;1
402;0
403;2
404;1
405;0
406;1
407;0
408;1
409;0
410;0
411;0
412;0
413;0
414;0
415;0
416;0
417;1
418;1
419;0
420;2
421;0
422;2
423;0
424;0
425;2
426;2
427;0
428;0
429;0
430;0
431;0
432;1
433;0
434;1
435;0
436;0
437;0
438;1
439;0
440;0
441;0
442;0
443;0
444;0
445;2
446;1
447;0
448;0
449;0
450;0
451;0
452;1
453;0
454;1
455;0
456;1
457;0
458;0
459;2
460;2
461;2
462;0
463;0
464;0
465;1
466;0
467;0
468;1
469;2
470;0
471;2
472;0
473;0
474;0
475;2
476;2
477;0
478;2
479;2
480;0
481;2
482;2
483;2
484;0
485;0
486;2
487;0
488;2
489;0
490;2
491;0
492;1
493;1
494;2
495;0
496;2
497;2
498;1
499;2
500;2
501;0
502;0
503;1
504;0
505;1
506;2
507;2
508;2
509;1
510;0
511;1
512;0
513;4
514;2
515;2
516;1
517;0
518;0
519;0
520;0
521;1
522;1
523;0
524;1
525;0
526;1
527;0
528;2
529;0
530;0
531;0
532;2
533;0
534;0
535;0
536;1
537;0
538;0
539;2
540;0
541;1
542;0
543;1
544;0
545;0
546;0
547;1
548;0
549;0
550;0
551;2
552;1
553;1
554;0
555;2
556;0
557;0
558;1
559;0
560;2
561;0
562;0
563;0
564;2
565;0
566;0
567;0
568;0
569;2
570;1
571;0
572;2
573;2
574;2
575;2
576;1
577;0
578;0
579;0
580;0
581;0
582;0
583;0
584;1
585;0
586;1
587;0
588;1
589;1
590;1
591;0
592;0
593;0
594;1
595;0
596;0
597;0
598;1
599;0
600;0
601;0
602;0
603;0
604;0
605;0
606;0
607;2
608;1
609;0
610;0
611;2
612;2
613;0
614;0
615;1
616;2
617;0
618;2
619;0
620;0
621;0
622;0
623;0
624;0
625;1
626;0
627;0
628;0
629;0
630;0
631;0
632;0
633;0
634;0
635;0
636;0
637;0
638;2
639;2
640;2
641;0
642;0
643;0
644;2
645;0
646;2
647;0
648;1
649;0
650;0
651;1
652;0
653;2
654;0
655;0
656;1
657;0
658;1
659;0
660;2
661;0
662;0
663;0
664;0
665;0
666;2
667;0
668;0
669;0
670;0
671;0
672;0
673;1
674;0
675;1
676;0
677;0
678;0
679;0
680;0
681;0
682;0
683;0
684;0
685;0
686;0
687;0
688;2
689;2
690;0
691;0
692;1
693;0
694;0
695;0
696;0
697;0
698;0
699;0
700;2
701;0
702;0
703;1
704;0
705;2
706;0
707;0
708;0
709;0
710;0
711;2
712;0
713;0
714;0
715;0
716;1
717;1
718;0
719;0
720;1
721;0
722;0
723;0
724;2
725;0
726;4
727;0
728;1
729;0
730;2
731;2
732;2
733;0
734;1
735;0
736;2
737;2
738;2
739;0
740;0
741;0
742;0
743;0
744;2
745;2
746;1
747;0
748;1
749;0
750;0
751;0
752;0
753;0
754;0
755;0
756;0
757;0
758;2
759;1
760;0
761;0
762;2
763;2
764;0
765;0
766;0
767;0
768;2
769;0
770;0
771;2
772;1
773;0
774;0
775;1
776;0
777;0
778;0
779;0
780;0
781;1
782;0
783;0
784;0
785;2
786;2
787;0
788;0
789;2
790;0
791;0
792;0
793;0
794;0
795;1
796;0
797;2
798;0
799;1
800;0
801;0
802;0
803;2
804;0
805;2
806;0
807;0
808;0
809;0
810;0
811;2
812;1
813;0
814;0
815;0
816;0
817;0
818;0
819;0
820;0
821;1
822;0
823;0
824;0
825;1
826;0
827;1
828;0
829;0
830;0
831;2
832;0
833;1
834;2
835;0
836;0
837;0
838;1
839;0
840;0
841;0
842;0
843;0
844;2
845;2
846;0
847;0
848;0
849;0
850;0
851;1
852;0
853;0
854;0
855;0
856;2
857;0
858;0
859;0
860;0
861;0
862;0
863;0
864;0
865;0
866;0
867;1
868;0
869;0
870;0
871;2
872;0
873;0
874;0
875;0
876;2
877;0
878;0
879;0
880;0
881;1
882;1
883;0
884;0
885;1
886;0
887;0
888;1
889;0
890;0
891;2
892;1
893;0
894;2
895;1
896;2
897;0
898;0
899;0
900;0
901;0
902;0
903;0
904;0
905;0
906;0
907;0
908;0
909;0
910;0
911;1
912;0
913;0
914;2
915;2
916;0
917;0
918;0
919;0
920;0
921;0
922;0
923;0
924;0
925;0
926;0
927;0
928;0
929;0
930;0
931;0
932;0
933;1
934;0
935;0
936;0
937;0
938;0
939;0
940;0
941;2
942;0
943;0
944;0
945;0
946;0
947;0
948;0
949;0
950;2
951;0
952;0
953;2
954;1
955;1
956;0
957;0
958;2
959;0
960;2
961;2
962;2
963;1
964;2
965;2
966;0
967;2
968;2
969;2
970;2
971;1
972;0
973;0
974;0
975;1
976;0
977;1
978;0
979;0
980;1
981;0
982;2
983;0
984;1
985;1
986;0
987;0
988;1
989;1
990;2
991;2
992;2
993;0
994;0
995;0
996;1
997;0
998;0
999;0
1000;1
1001;0
1002;0
1003;0
1004;0
1005;2
1006;0
1007;0
1008;0
1009;0
1010;0
1011;0
1012;0
1013;1
1014;0
1015;0
1016;0
1017;0
1018;0
1019;0
1020;0
1021;0
1022;0
1023;0
