0;0
1;0
2;0
3;0
4;2
5;0
6;2
7;2
8;2
9;0
10;2
11;0
12;2
13;1
14;0
15;0
16;0
17;1
18;0
19;0
20;1
21;0
22;2
23;2
24;1
25;0
26;0
27;2
28;2
29;0
30;2
31;2
32;2
33;0
34;0
35;0
36;2
37;2
38;0
39;1
40;0
41;1
42;0
43;0
44;2
45;2
46;2
47;0
48;0
49;0
50;0
51;0
52;1
53;0
54;0
55;0
56;0
57;0
58;0
59;2
60;1
61;0
62;0
63;0
64;1
65;0
66;0
67;2
68;2
69;0
70;0
71;1
72;0
73;0
74;2
75;0
76;2
77;2
78;1
79;0
80;1
81;0
82;2
83;0
84;0
85;0
86;0
87;0
88;1
89;0
90;0
91;0
92;1
93;0
94;0
95;0
96;0
97;0
98;2
99;1
100;0
101;0
102;0
103;1
104;4
105;0
106;2
107;1
108;0
109;0
110;2
111;0
112;2
113;0
114;0
115;2
116;0
117;0
118;0
119;0
120;0
121;0
122;2
123;0
124;0
125;2
126;2
127;2
128;1
129;0
130;2
131;0
132;2
133;0
134;0
135;2
136;0
137;0
138;0
139;2
140;1
141;0
142;0
143;2
144;4
145;0
146;2
147;2
148;2
149;0
150;0
151;0
152;1
153;0
154;0
155;1
156;0
157;0
158;0
159;0
160;1
161;0
162;0
163;0
164;1
165;0
166;2
167;0
168;0
169;0
170;0
171;2
172;2
173;2
174;2
175;2
176;0
177;0
178;2
179;0
180;1
181;1
182;1
183;2
184;0
185;0
186;0
187;0
188;0
189;1
190;0
191;1
192;0
193;0
194;1
195;0
196;0
197;0
198;0
199;0
200;4
201;0
202;2
203;2
204;2
205;0
206;2
207;0
208;2
209;0
210;0
211;0
212;0
213;0
214;0
215;0
216;2
217;0
218;0
219;0
220;0
221;0
222;2
223;0
224;1
225;0
226;0
227;2
228;4
229;0
230;2
231;1
232;0
233;0
234;2
235;0
236;1
237;2
238;2
239;0
240;0
241;0
242;2
243;0
244;1
245;0
246;0
247;2
248;2
249;0
250;2
251;2
252;2
253;0
254;2
255;2
256;2
257;0
258;0
259;0
260;2
261;0
262;0
263;2
264;0
265;2
266;0
267;0
268;0
269;2
270;0
271;2
272;0
273;0
274;2
275;0
276;0
277;2
278;0
279;2
280;0
281;0
282;2
283;2
284;2
285;0
286;2
287;0
288;2
289;0
290;0
291;1
292;0
293;0
294;0
295;0
296;0
297;0
298;1
299;0
300;2
301;0
302;0
303;0
304;0
305;0
306;0
307;4
308;0
309;2
310;0
311;0
312;0
313;0
314;2
315;1
316;0
317;0
318;0
319;1
320;4
321;0
322;0
323;2
324;2
325;0
326;2
327;0
328;4
329;2
330;0
331;0
332;1
333;0
334;2
335;0
336;1
337;0
338;0
339;0
340;2
341;0
342;0
343;2
344;2
345;0
346;2
347;2
348;2
349;0
350;2
351;0
352;1
353;0
354;0
355;0
356;2
357;2
358;0
359;0
360;0
361;0
362;1
363;2
364;0
365;0
366;0
367;2
368;1
369;0
370;0
371;2
372;2
373;0
374;2
375;2
376;2
377;0
378;2
379;0
380;0
381;2
382;2
383;1
384;2
385;0
386;0
387;0
388;2
389;0
390;0
391;2
392;0
393;1
394;0
395;1
396;0
397;0
398;0
399;2
400;2
401;0
402;2
403;2
404;2
405;0
406;0
407;0
408;0
409;0
410;0
411;0
412;2
413;0
414;0
415;2
416;2
417;2
418;0
419;4
420;0
421;0
422;0
423;1
424;0
425;0
426;2
427;2
428;2
429;0
430;0
431;2
432;4
433;0
434;0
435;2
436;0
437;0
438;2
439;0
440;1
441;0
442;1
443;0
444;0
445;2
446;0
447;2
448;1
449;1
450;0
451;2
452;4
453;0
454;2
455;1
456;2
457;0
458;2
459;0
460;2
461;0
462;0
463;2
464;2
465;1
466;0
467;0
468;0
469;2
470;1
471;0
472;2
473;0
474;0
475;0
476;0
477;0
478;2
479;0
480;1
481;0
482;1
483;0
484;1
485;0
486;0
487;0
488;1
489;0
490;0
491;2
492;0
493;0
494;0
495;0
496;2
497;0
498;2
499;0
500;2
501;1
502;1
503;0
504;0
505;1
506;0
507;0
508;0
509;0
510;0
511;0
512;1
513;0
514;0
515;2
516;1
517;0
518;2
519;2
520;1
521;0
522;1
523;2
524;2
525;2
526;2
527;2
528;2
529;0
530;2
531;0
532;0
533;0
534;0
535;1
536;0
537;0
538;0
539;0
540;0
541;0
542;0
543;0
544;0
545;0
546;2
547;0
548;0
549;0
550;2
551;0
552;0
553;1
554;0
555;0
556;1
557;1
558;0
559;2
560;2
561;0
562;1
563;2
564;2
565;0
566;0
567;2
568;0
569;0
570;2
571;0
572;2
573;0
574;1
575;0
576;0
577;0
578;0
579;2
580;1
581;1
582;2
583;0
584;0
585;0
586;0
587;2
588;1
589;0
590;0
591;0
592;1
593;0
594;2
595;2
596;2
597;0
598;0
599;0
600;2
601;0
602;0
603;0
604;1
605;0
606;0
607;1
608;2
609;2
610;0
611;0
612;0
613;0
614;1
615;0
616;2
617;2
618;0
619;2
620;0
621;2
622;0
623;0
624;0
625;0
626;0
627;1
628;0
629;0
630;2
631;1
632;2
633;0
634;2
635;1
636;0
637;0
638;2
639;0
640;2
641;0
642;0
643;0
644;0
645;2
646;2
647;0
648;0
649;0
650;0
651;1
652;1
653;0
654;0
655;2
656;0
657;0
658;0
659;0
660;2
661;2
662;1
663;0
664;0
665;1
666;0
667;0
668;0
669;0
670;0
671;2
672;1
673;0
674;1
675;0
676;1
677;0
678;2
679;0
680;0
681;0
682;1
683;0
684;0
685;0
686;2
687;2
688;0
689;0
690;0
691;2
692;2
693;0
694;2
695;2
696;2
697;0
698;0
699;0
700;2
701;0
702;0
703;0
704;0
705;0
706;0
707;1
708;0
709;0
710;0
711;2
712;1
713;0
714;1
715;0
716;0
717;0
718;0
719;0
720;0
721;0
722;0
723;0
724;1
725;0
726;2
727;1
728;0
729;0
730;0
731;2
732;2
733;0
734;0
735;2
736;0
737;0
738;2
739;0
740;1
741;0
742;2
743;1
744;0
745;0
746;0
747;0
748;1
749;0
750;0
751;1
752;1
753;0
754;0
755;2
756;2
757;0
758;0
759;2
760;0
761;0
762;0
763;1
764;0
765;2
766;2
767;0
768;2
769;2
770;2
771;2
772;1
773;0
774;0
775;0
776;1
777;0
778;0
779;0
780;1
781;0
782;0
783;2
784;2
785;0
786;0
787;2
788;4
789;0
790;2
791;2
792;1
793;0
794;1
795;0
796;2
797;2
798;2
799;2
800;1
801;0
802;2
803;1
804;0
805;0
806;2
807;2
808;1
809;0
810;0
811;2
812;2
813;0
814;0
815;2
816;2
817;0
818;0
819;1
820;2
821;2
822;2
823;0
824;1
825;0
826;2
827;1
828;0
829;0
830;0
831;2
832;2
833;0
834;2
835;1
836;1
837;2
838;2
839;0
840;2
841;0
842;0
843;0
844;1
845;1
846;0
847;0
848;0
849;1
850;0
851;0
852;0
853;0
854;1
855;1
856;0
857;0
858;0
859;2
860;4
861;0
862;1
863;0
864;2
865;0
866;2
867;0
868;2
869;0
870;1
871;0
872;2
873;0
874;0
875;0
876;0
877;0
878;0
879;1
880;0
881;0
882;0
883;0
884;2
885;0
886;2
887;1
888;2
889;0
890;2
891;2
892;1
893;2
894;2
895;0
896;2
897;2
898;2
899;1
900;0
901;2
902;0
903;0
904;0
905;0
906;0
907;2
908;0
909;0
910;0
911;2
912;1
913;0
914;0
915;0
916;2
917;0
918;2
919;2
920;2
921;0
922;2
923;0
924;0
925;0
926;0
927;2
928;0
929;1
930;0
931;0
932;0
933;0
934;0
935;0
936;0
937;2
938;0
939;0
940;0
941;2
942;2
943;2
944;1
945;0
946;2
947;1
948;0
949;0
950;0
951;2
952;0
953;0
954;2
955;1
956;0
957;0
958;2
959;0
960;0
961;0
962;0
963;1
964;0
965;2
966;0
967;0
968;2
969;2
970;0
971;2
972;0
973;1
974;0
975;0
976;0
977;0
978;0
979;2
980;1
981;0
982;0
983;0
984;1
985;0
986;0
987;2
988;2
989;0
990;2
991;0
992;1
993;1
994;1
995;0
996;2
997;0
998;1
999;0
1000;1
1001;0
1002;0
1003;2
1004;2
1005;0
1006;0
1007;2
1008;1
1009;0
1010;2
1011;2
1012;1
1013;1
1014;1
1015;0
1016;0
1017;0
1018;0
1019;0
1020;0
1021;0
1022;0
1023;0
