0;0
1;0
2;0
3;2
4;1
5;0
6;2
7;1
8;0
9;0
10;2
11;0
12;2
13;1
14;0
15;0
16;2
17;2
18;0
19;0
20;2
21;0
22;0
23;2
24;0
25;0
26;1
27;0
28;0
29;0
30;0
31;0
32;1
33;0
34;1
35;0
36;1
37;0
38;0
39;0
40;1
41;0
42;0
43;0
44;2
45;0
46;0
47;1
48;2
49;0
50;0
51;0
52;0
53;0
54;2
55;2
56;1
57;0
58;0
59;0
60;4
61;0
62;2
63;0
64;2
65;0
66;2
67;0
68;1
69;0
70;0
71;2
72;2
73;0
74;1
75;0
76;0
77;0
78;2
79;0
80;2
81;0
82;0
83;2
84;0
85;0
86;0
87;0
88;2
89;1
90;0
91;1
92;1
93;0
94;0
95;2
96;1
97;0
98;0
99;2
100;2
101;0
102;2
103;2
104;2
105;0
106;0
107;0
108;0
109;0
110;0
111;0
112;2
113;2
114;0
115;0
116;0
117;0
118;0
119;0
120;0
121;2
122;2
123;2
124;1
125;0
126;0
127;2
128;2
129;0
130;2
131;2
132;2
133;2
134;2
135;0
136;1
137;1
138;1
139;0
140;0
141;0
142;0
143;0
144;0
145;2
146;2
147;0
148;0
149;2
150;0
151;0
152;0
153;0
154;2
155;0
156;1
157;1
158;0
159;1
160;0
161;1
162;0
163;2
164;1
165;0
166;0
167;2
168;1
169;0
170;0
171;1
172;0
173;0
174;0
175;2
176;2
177;0
178;1
179;0
180;4
181;2
182;0
183;1
184;0
185;2
186;2
187;2
188;1
189;0
190;0
191;0
192;0
193;2
194;2
195;2
196;2
197;2
198;0
199;2
200;2
201;2
202;0
203;0
204;0
205;2
206;0
207;2
208;1
209;0
210;2
211;0
212;4
213;0
214;1
215;1
216;2
217;0
218;1
219;0
220;1
221;0
222;2
223;2
224;2
225;0
226;0
227;2
228;4
229;0
230;2
231;2
232;2
233;0
234;2
235;0
236;1
237;0
238;0
239;0
240;0
241;2
242;0
243;0
244;0
245;2
246;1
247;0
248;2
249;0
250;2
251;0
252;1
253;0
254;1
255;0
256;0
257;0
258;2
259;1
260;0
261;0
262;0
263;2
264;1
265;0
266;2
267;1
268;2
269;0
270;0
271;0
272;0
273;0
274;1
275;0
276;0
277;0
278;1
279;2
280;0
281;2
282;1
283;0
284;0
285;0
286;0
287;2
288;0
289;0
290;1
291;0
292;1
293;0
294;2
295;2
296;1
297;0
298;0
299;0
300;1
301;0
302;2
303;1
304;0
305;2
306;0
307;0
308;2
309;2
310;0
311;0
312;1
313;0
314;1
315;0
316;1
317;0
318;0
319;2
320;2
321;2
322;2
323;2
324;2
325;0
326;2
327;0
328;2
329;0
330;1
331;0
332;2
333;0
334;0
335;0
336;0
337;0
338;0
339;0
340;1
341;0
342;0
343;1
344;0
345;1
346;0
347;0
348;0
349;0
350;2
351;2
352;1
353;1
354;0
355;2
356;4
357;0
358;1
359;2
360;2
361;0
362;2
363;0
364;2
365;1
366;0
367;1
368;0
369;0
370;0
371;0
372;2
373;0
374;0
375;2
376;2
377;1
378;0
379;0
380;0
381;2
382;1
383;0
384;2
385;1
386;0
387;0
388;0
389;0
390;0
391;0
392;1
393;0
394;0
395;0
396;0
397;1
398;0
399;2
400;1
401;0
402;0
403;2
404;2
405;0
406;1
407;2
408;2
409;0
410;2
411;0
412;1
413;2
414;0
415;0
416;0
417;1
418;0
419;0
420;0
421;0
422;0
423;0
424;1
425;0
426;0
427;0
428;0
429;0
430;0
431;2
432;2
433;0
434;2
435;1
436;0
437;2
438;2
439;0
440;2
441;2
442;2
443;0
444;2
445;2
446;2
447;2
448;2
449;2
450;2
451;0
452;2
453;0
454;1
455;0
456;1
457;0
458;0
459;0
460;0
461;0
462;2
463;0
464;0
465;0
466;0
467;0
468;0
469;0
470;0
471;1
472;0
473;0
474;0
475;0
476;0
477;2
478;2
479;1
480;0
481;0
482;0
483;0
484;2
485;0
486;2
487;0
488;1
489;2
490;1
491;0
492;0
493;0
494;0
495;2
496;0
497;1
498;0
499;0
500;0
501;0
502;0
503;0
504;0
505;0
506;2
507;0
508;1
509;0
510;0
511;1
512;0
513;1
514;0
515;0
516;0
517;0
518;1
519;0
520;0
521;0
522;2
523;0
524;1
525;0
526;0
527;2
528;1
529;0
530;0
531;0
532;0
533;0
534;0
535;0
536;2
537;0
538;0
539;2
540;0
541;1
542;2
543;2
544;2
545;0
546;2
547;0
548;0
549;0
550;2
551;0
552;1
553;0
554;2
555;1
556;0
557;0
558;0
559;2
560;4
561;0
562;2
563;1
564;2
565;0
566;0
567;0
568;2
569;1
570;0
571;1
572;0
573;0
574;0
575;2
576;1
577;0
578;2
579;1
580;0
581;0
582;2
583;0
584;1
585;0
586;0
587;2
588;2
589;0
590;2
591;0
592;2
593;0
594;2
595;2
596;1
597;1
598;1
599;0
600;0
601;0
602;0
603;0
604;1
605;0
606;0
607;0
608;0
609;0
610;0
611;0
612;1
613;0
614;0
615;2
616;1
617;0
618;2
619;2
620;1
621;0
622;0
623;2
624;0
625;0
626;2
627;2
628;2
629;0
630;0
631;0
632;0
633;0
634;0
635;0
636;2
637;0
638;0
639;2
640;0
641;0
642;2
643;1
644;0
645;0
646;0
647;1
648;0
649;0
650;2
651;2
652;1
653;0
654;0
655;0
656;1
657;2
658;1
659;0
660;2
661;0
662;2
663;0
664;2
665;0
666;2
667;0
668;2
669;0
670;0
671;0
672;0
673;0
674;0
675;0
676;1
677;0
678;0
679;1
680;0
681;0
682;0
683;0
684;1
685;0
686;0
687;1
688;2
689;0
690;0
691;0
692;0
693;0
694;2
695;1
696;0
697;0
698;0
699;2
700;2
701;0
702;0
703;2
704;4
705;0
706;2
707;0
708;0
709;0
710;0
711;0
712;2
713;1
714;0
715;1
716;1
717;1
718;0
719;0
720;0
721;0
722;0
723;0
724;0
725;2
726;1
727;0
728;0
729;2
730;0
731;0
732;0
733;0
734;0
735;0
736;0
737;0
738;0
739;0
740;0
741;0
742;0
743;0
744;1
745;0
746;0
747;2
748;1
749;0
750;1
751;0
752;0
753;0
754;0
755;0
756;4
757;0
758;2
759;0
760;0
761;0
762;0
763;0
764;2
765;0
766;0
767;0
768;0
769;0
770;0
771;0
772;0
773;0
774;0
775;2
776;2
777;0
778;0
779;0
780;2
781;0
782;2
783;1
784;0
785;0
786;0
787;2
788;0
789;0
790;2
791;1
792;2
793;0
794;2
795;0
796;0
797;2
798;0
799;0
800;0
801;0
802;2
803;1
804;0
805;0
806;0
807;2
808;1
809;0
810;0
811;2
812;2
813;0
814;2
815;0
816;1
817;0
818;0
819;0
820;0
821;0
822;1
823;0
824;1
825;0
826;2
827;0
828;0
829;0
830;0
831;0
832;0
833;0
834;0
835;1
836;0
837;2
838;1
839;0
840;1
841;0
842;0
843;0
844;1
845;0
846;0
847;0
848;1
849;0
850;0
851;2
852;2
853;0
854;2
855;2
856;4
857;2
858;0
859;0
860;0
861;0
862;1
863;0
864;2
865;0
866;0
867;0
868;0
869;0
870;0
871;0
872;0
873;0
874;0
875;0
876;0
877;0
878;0
879;0
880;1
881;0
882;1
883;0
884;2
885;0
886;0
887;0
888;0
889;0
890;0
891;0
892;1
893;0
894;0
895;2
896;0
897;0
898;0
899;0
900;0
901;0
902;2
903;0
904;2
905;1
906;0
907;0
908;2
909;1
910;1
911;0
912;0
913;0
914;0
915;0
916;0
917;0
918;0
919;0
920;1
921;0
922;2
923;1
924;0
925;0
926;0
927;2
928;0
929;0
930;0
931;0
932;1
933;0
934;2
935;0
936;2
937;0
938;0
939;1
940;0
941;2
942;2
943;0
944;0
945;0
946;0
947;2
948;1
949;1
950;0
951;1
952;1
953;2
954;0
955;0
956;0
957;0
958;0
959;1
960;0
961;0
962;0
963;0
964;2
965;0
966;2
967;0
968;2
969;0
970;2
971;2
972;2
973;0
974;0
975;0
976;2
977;0
978;0
979;0
980;0
981;0
982;0
983;2
984;2
985;0
986;0
987;0
988;0
989;0
990;0
991;2
992;0
993;0
994;0
995;0
996;2
997;0
998;2
999;0
1000;2
1001;0
1002;0
1003;0
1004;2
1005;2
1006;0
1007;0
1008;1
1009;0
1010;0
1011;2
1012;0
1013;0
1014;0
1015;0
1016;0
1017;0
1018;0
1019;0
1020;0
1021;0
1022;0
1023;0
