0;1
1;0
2;0
3;1
4;4
5;0
6;0
7;1
8;0
9;0
10;0
11;0
12;2
13;1
14;0
15;0
16;0
17;1
18;0
19;0
20;2
21;0
22;0
23;2
24;0
25;2
26;0
27;1
28;1
29;0
30;0
31;2
32;0
33;0
34;0
35;0
36;0
37;0
38;0
39;0
40;1
41;0
42;0
43;0
44;0
45;1
46;0
47;0
48;0
49;0
50;2
51;0
52;1
53;0
54;0
55;0
56;1
57;0
58;1
59;0
60;0
61;0
62;0
63;2
64;4
65;0
66;2
67;0
68;2
69;0
70;2
71;0
72;2
73;0
74;0
75;1
76;0
77;0
78;0
79;2
80;0
81;0
82;0
83;2
84;0
85;0
86;0
87;0
88;0
89;1
90;0
91;1
92;0
93;2
94;1
95;0
96;0
97;0
98;2
99;0
100;0
101;0
102;0
103;0
104;0
105;0
106;0
107;0
108;1
109;0
110;0
111;0
112;2
113;0
114;0
115;0
116;1
117;0
118;2
119;0
120;0
121;0
122;0
123;1
124;1
125;0
126;2
127;2
128;2
129;0
130;0
131;0
132;1
133;1
134;0
135;2
136;1
137;0
138;0
139;0
140;0
141;2
142;2
143;2
144;1
145;0
146;0
147;0
148;0
149;0
150;0
151;1
152;0
153;0
154;0
155;2
156;2
157;0
158;0
159;2
160;2
161;0
162;2
163;0
164;0
165;0
166;0
167;0
168;0
169;2
170;2
171;0
172;0
173;0
174;2
175;0
176;0
177;0
178;0
179;0
180;0
181;0
182;0
183;0
184;0
185;0
186;0
187;2
188;0
189;0
190;0
191;1
192;1
193;0
194;0
195;0
196;0
197;0
198;2
199;0
200;1
201;0
202;2
203;2
204;0
205;0
206;0
207;1
208;0
209;0
210;2
211;2
212;1
213;0
214;0
215;0
216;0
217;0
218;2
219;2
220;0
221;0
222;2
223;0
224;2
225;2
226;1
227;2
228;0
229;2
230;0
231;0
232;0
233;2
234;1
235;0
236;2
237;0
238;0
239;0
240;0
241;0
242;1
243;0
244;0
245;0
246;2
247;2
248;2
249;0
250;2
251;2
252;1
253;0
254;2
255;1
256;0
257;0
258;0
259;2
260;2
261;0
262;2
263;2
264;4
265;0
266;2
267;1
268;0
269;0
270;0
271;0
272;1
273;0
274;2
275;1
276;0
277;0
278;0
279;2
280;2
281;0
282;0
283;0
284;0
285;0
286;0
287;2
288;1
289;0
290;0
291;0
292;0
293;0
294;0
295;0
296;0
297;0
298;0
299;0
300;2
301;0
302;1
303;2
304;0
305;0
306;2
307;2
308;1
309;0
310;0
311;2
312;1
313;2
314;2
315;2
316;2
317;0
318;0
319;0
320;2
321;1
322;1
323;0
324;0
325;0
326;0
327;0
328;0
329;0
330;0
331;0
332;1
333;0
334;2
335;0
336;2
337;2
338;0
339;2
340;4
341;0
342;2
343;0
344;0
345;0
346;0
347;0
348;2
349;1
350;0
351;0
352;0
353;0
354;0
355;0
356;1
357;0
358;2
359;0
360;1
361;0
362;1
363;1
364;0
365;0
366;0
367;1
368;4
369;0
370;2
371;1
372;0
373;0
374;0
375;0
376;2
377;0
378;0
379;1
380;0
381;1
382;0
383;0
384;1
385;0
386;0
387;0
388;0
389;0
390;2
391;0
392;0
393;2
394;0
395;0
396;0
397;0
398;0
399;0
400;0
401;0
402;2
403;2
404;1
405;0
406;0
407;1
408;0
409;0
410;0
411;2
412;4
413;0
414;2
415;2
416;2
417;0
418;0
419;0
420;1
421;0
422;1
423;0
424;0
425;0
426;0
427;2
428;2
429;1
430;1
431;0
432;0
433;0
434;0
435;0
436;0
437;0
438;0
439;0
440;0
441;0
442;0
443;1
444;0
445;1
446;0
447;0
448;0
449;0
450;0
451;1
452;0
453;1
454;0
455;1
456;2
457;0
458;2
459;0
460;2
461;0
462;2
463;0
464;2
465;0
466;0
467;1
468;0
469;0
470;0
471;1
472;0
473;0
474;0
475;0
476;2
477;0
478;0
479;0
480;0
481;2
482;0
483;2
484;0
485;1
486;0
487;0
488;2
489;0
490;0
491;2
492;0
493;0
494;0
495;0
496;0
497;0
498;0
499;0
500;0
501;0
502;1
503;0
504;0
505;0
506;1
507;0
508;0
509;0
510;0
511;0
512;0
513;0
514;0
515;0
516;0
517;0
518;1
519;0
520;0
521;0
522;0
523;2
524;1
525;0
526;2
527;0
528;0
529;0
530;0
531;0
532;0
533;0
534;0
535;0
536;2
537;0
538;0
539;0
540;0
541;0
542;2
543;1
544;1
545;0
546;0
547;2
548;2
549;0
550;1
551;2
552;2
553;0
554;2
555;0
556;2
557;0
558;0
559;0
560;0
561;0
562;0
563;2
564;2
565;0
566;0
567;1
568;0
569;2
570;2
571;0
572;1
573;0
574;0
575;0
576;1
577;0
578;0
579;2
580;0
581;2
582;2
583;0
584;0
585;2
586;0
587;0
588;2
589;0
590;1
591;0
592;0
593;0
594;2
595;2
596;2
597;1
598;0
599;0
600;2
601;2
602;0
603;2
604;0
605;0
606;1
607;0
608;0
609;0
610;1
611;0
612;0
613;0
614;0
615;0
616;2
617;0
618;2
619;0
620;0
621;0
622;0
623;0
624;0
625;0
626;0
627;2
628;0
629;2
630;2
631;2
632;1
633;0
634;0
635;2
636;1
637;2
638;2
639;2
640;2
641;0
642;2
643;0
644;2
645;0
646;0
647;0
648;0
649;0
650;1
651;0
652;1
653;1
654;0
655;0
656;1
657;0
658;0
659;0
660;2
661;1
662;2
663;2
664;2
665;0
666;2
667;2
668;2
669;0
670;1
671;0
672;0
673;2
674;2
675;0
676;0
677;2
678;0
679;0
680;0
681;2
682;0
683;0
684;0
685;0
686;0
687;0
688;0
689;0
690;0
691;0
692;0
693;0
694;0
695;0
696;0
697;0
698;0
699;0
700;0
701;0
702;1
703;0
704;0
705;0
706;0
707;0
708;0
709;1
710;0
711;0
712;0
713;0
714;0
715;0
716;0
717;0
718;0
719;1
720;2
721;0
722;2
723;1
724;0
725;0
726;0
727;2
728;2
729;0
730;0
731;0
732;0
733;0
734;2
735;0
736;0
737;0
738;2
739;2
740;1
741;0
742;0
743;2
744;1
745;1
746;2
747;1
748;1
749;0
750;2
751;0
752;1
753;0
754;0
755;0
756;0
757;2
758;2
759;2
760;0
761;1
762;0
763;0
764;2
765;1
766;0
767;0
768;1
769;0
770;1
771;0
772;0
773;1
774;0
775;0
776;0
777;0
778;0
779;0
780;0
781;0
782;0
783;0
784;0
785;0
786;1
787;0
788;1
789;1
790;1
791;0
792;0
793;2
794;0
795;0
796;0
797;0
798;1
799;0
800;2
801;1
802;0
803;0
804;1
805;0
806;2
807;2
808;1
809;2
810;2
811;1
812;0
813;0
814;2
815;1
816;2
817;2
818;2
819;2
820;2
821;0
822;0
823;0
824;2
825;0
826;2
827;2
828;0
829;0
830;0
831;0
832;0
833;0
834;0
835;0
836;0
837;2
838;0
839;0
840;0
841;2
842;2
843;0
844;2
845;0
846;0
847;0
848;1
849;0
850;2
851;2
852;2
853;2
854;2
855;0
856;1
857;0
858;0
859;2
860;0
861;0
862;2
863;2
864;1
865;0
866;0
867;2
868;2
869;0
870;2
871;1
872;2
873;0
874;0
875;0
876;0
877;0
878;2
879;0
880;0
881;0
882;0
883;0
884;0
885;1
886;0
887;2
888;1
889;0
890;0
891;0
892;0
893;2
894;0
895;0
896;0
897;0
898;0
899;0
900;0
901;1
902;0
903;2
904;0
905;0
906;1
907;0
908;0
909;0
910;0
911;0
912;0
913;0
914;2
915;0
916;0
917;2
918;0
919;1
920;0
921;0
922;0
923;0
924;0
925;0
926;0
927;0
928;1
929;1
930;0
931;2
932;2
933;0
934;0
935;1
936;0
937;0
938;1
939;0
940;1
941;1
942;0
943;2
944;2
945;0
946;0
947;2
948;1
949;0
950;0
951;0
952;1
953;0
954;0
955;0
956;2
957;0
958;0
959;0
960;0
961;0
962;0
963;0
964;0
965;0
966;0
967;2
968;0
969;0
970;1
971;0
972;1
973;1
974;0
975;0
976;0
977;2
978;0
979;0
980;0
981;0
982;0
983;1
984;0
985;0
986;1
987;0
988;0
989;2
990;0
991;2
992;2
993;0
994;2
995;0
996;1
997;0
998;0
999;0
1000;2
1001;0
1002;2
1003;2
1004;2
1005;0
1006;2
1007;2
1008;2
1009;0
1010;0
1011;0
1012;1
1013;0
1014;1
1015;1
1016;0
1017;0
1018;0
1019;0
1020;0
1021;0
1022;0
1023;0
