0;1
1;0
2;0
3;0
4;4
5;0
6;2
7;2
8;2
9;0
10;0
11;0
12;2
13;0
14;1
15;0
16;0
17;2
18;2
19;2
20;2
21;0
22;2
23;0
24;0
25;1
26;0
27;2
28;2
29;0
30;0
31;2
32;0
33;0
34;0
35;0
36;0
37;0
38;0
39;0
40;1
41;0
42;0
43;0
44;0
45;0
46;1
47;0
48;1
49;0
50;0
51;0
52;2
53;0
54;0
55;0
56;0
57;1
58;0
59;2
60;1
61;0
62;0
63;0
64;0
65;0
66;0
67;0
68;1
69;0
70;0
71;2
72;2
73;0
74;2
75;2
76;2
77;0
78;0
79;2
80;0
81;2
82;0
83;0
84;1
85;0
86;0
87;0
88;0
89;0
90;0
91;0
92;2
93;0
94;2
95;0
96;1
97;2
98;0
99;0
100;0
101;0
102;0
103;0
104;1
105;0
106;0
107;1
108;0
109;0
110;0
111;2
112;0
113;0
114;2
115;2
116;0
117;0
118;0
119;0
120;0
121;2
122;0
123;0
124;0
125;0
126;0
127;0
128;2
129;0
130;0
131;0
132;0
133;1
134;1
135;0
136;1
137;0
138;0
139;1
140;0
141;0
142;2
143;0
144;0
145;0
146;1
147;0
148;0
149;1
150;0
151;0
152;1
153;0
154;2
155;0
156;0
157;0
158;0
159;0
160;0
161;0
162;1
163;0
164;2
165;0
166;0
167;0
168;0
169;0
170;0
171;0
172;0
173;0
174;0
175;0
176;0
177;0
178;0
179;0
180;0
181;0
182;2
183;2
184;1
185;0
186;0
187;1
188;1
189;2
190;2
191;1
192;0
193;0
194;2
195;0
196;1
197;0
198;0
199;0
200;0
201;0
202;0
203;2
204;0
205;2
206;0
207;0
208;0
209;0
210;2
211;1
212;0
213;1
214;2
215;0
216;2
217;0
218;0
219;0
220;2
221;0
222;0
223;0
224;0
225;0
226;0
227;0
228;0
229;0
230;0
231;2
232;1
233;0
234;0
235;0
236;1
237;1
238;2
239;2
240;0
241;0
242;0
243;0
244;0
245;0
246;1
247;0
248;0
249;2
250;2
251;2
252;2
253;0
254;2
255;2
256;0
257;1
258;0
259;2
260;1
261;0
262;1
263;2
264;2
265;0
266;0
267;0
268;4
269;1
270;0
271;2
272;2
273;0
274;2
275;0
276;1
277;0
278;0
279;1
280;1
281;0
282;0
283;1
284;0
285;0
286;0
287;0
288;1
289;0
290;0
291;2
292;1
293;0
294;0
295;0
296;0
297;1
298;0
299;0
300;1
301;0
302;0
303;0
304;2
305;0
306;0
307;0
308;1
309;0
310;0
311;0
312;2
313;0
314;0
315;0
316;1
317;0
318;0
319;0
320;0
321;0
322;0
323;0
324;2
325;2
326;0
327;0
328;0
329;0
330;0
331;1
332;1
333;0
334;0
335;0
336;2
337;0
338;2
339;2
340;1
341;0
342;2
343;0
344;2
345;0
346;0
347;0
348;1
349;4
350;0
351;2
352;2
353;0
354;0
355;1
356;0
357;1
358;0
359;1
360;1
361;0
362;2
363;2
364;1
365;0
366;0
367;2
368;4
369;2
370;2
371;0
372;0
373;0
374;2
375;0
376;2
377;1
378;0
379;0
380;0
381;0
382;0
383;1
384;1
385;0
386;0
387;0
388;0
389;0
390;0
391;2
392;1
393;0
394;0
395;0
396;2
397;0
398;0
399;0
400;1
401;0
402;2
403;2
404;1
405;0
406;0
407;2
408;4
409;2
410;2
411;1
412;2
413;0
414;0
415;0
416;2
417;0
418;2
419;1
420;0
421;1
422;1
423;0
424;0
425;0
426;2
427;0
428;0
429;0
430;0
431;0
432;0
433;0
434;0
435;0
436;0
437;2
438;2
439;1
440;0
441;2
442;0
443;0
444;2
445;0
446;0
447;0
448;0
449;0
450;2
451;0
452;1
453;0
454;0
455;0
456;4
457;2
458;0
459;1
460;2
461;0
462;1
463;0
464;2
465;0
466;2
467;1
468;0
469;1
470;0
471;0
472;2
473;0
474;0
475;0
476;2
477;1
478;0
479;0
480;1
481;2
482;0
483;0
484;0
485;0
486;2
487;1
488;0
489;0
490;0
491;2
492;2
493;2
494;2
495;2
496;2
497;0
498;2
499;0
500;1
501;0
502;0
503;0
504;2
505;0
506;0
507;2
508;2
509;0
510;2
511;0
512;0
513;0
514;0
515;0
516;0
517;0
518;0
519;0
520;0
521;1
522;2
523;1
524;1
525;0
526;0
527;2
528;1
529;0
530;2
531;1
532;0
533;0
534;0
535;0
536;2
537;0
538;2
539;1
540;2
541;0
542;0
543;0
544;4
545;0
546;0
547;1
548;0
549;0
550;0
551;0
552;1
553;0
554;0
555;0
556;0
557;0
558;0
559;0
560;0
561;0
562;0
563;0
564;1
565;0
566;0
567;0
568;1
569;0
570;0
571;2
572;1
573;0
574;2
575;1
576;0
577;0
578;0
579;0
580;2
581;0
582;1
583;0
584;2
585;0
586;0
587;0
588;0
589;2
590;0
591;0
592;0
593;2
594;0
595;1
596;0
597;0
598;0
599;0
600;0
601;0
602;0
603;2
604;1
605;0
606;0
607;0
608;2
609;0
610;0
611;1
612;1
613;0
614;2
615;0
616;2
617;0
618;0
619;0
620;2
621;1
622;1
623;0
624;1
625;0
626;0
627;0
628;0
629;0
630;0
631;0
632;0
633;0
634;0
635;1
636;0
637;0
638;0
639;0
640;0
641;2
642;0
643;0
644;2
645;0
646;0
647;0
648;0
649;0
650;0
651;1
652;1
653;0
654;0
655;0
656;0
657;0
658;0
659;0
660;0
661;0
662;2
663;1
664;2
665;2
666;0
667;2
668;0
669;0
670;0
671;0
672;2
673;0
674;0
675;2
676;2
677;0
678;0
679;2
680;0
681;0
682;0
683;0
684;0
685;0
686;0
687;0
688;2
689;2
690;0
691;0
692;0
693;0
694;0
695;0
696;2
697;2
698;2
699;1
700;0
701;0
702;0
703;2
704;1
705;0
706;0
707;2
708;0
709;0
710;0
711;2
712;2
713;0
714;2
715;2
716;1
717;0
718;0
719;0
720;0
721;0
722;1
723;0
724;1
725;2
726;0
727;0
728;0
729;0
730;0
731;0
732;0
733;0
734;2
735;0
736;0
737;0
738;0
739;1
740;2
741;2
742;1
743;0
744;0
745;0
746;0
747;0
748;4
749;0
750;0
751;0
752;0
753;0
754;0
755;0
756;2
757;2
758;0
759;0
760;0
761;2
762;0
763;0
764;0
765;0
766;0
767;0
768;2
769;0
770;0
771;0
772;2
773;0
774;0
775;0
776;0
777;2
778;0
779;2
780;2
781;0
782;0
783;0
784;1
785;0
786;0
787;0
788;0
789;0
790;0
791;0
792;0
793;0
794;0
795;0
796;0
797;0
798;0
799;0
800;0
801;0
802;1
803;0
804;1
805;0
806;0
807;2
808;4
809;0
810;2
811;2
812;2
813;0
814;2
815;0
816;2
817;1
818;0
819;0
820;0
821;0
822;0
823;2
824;0
825;1
826;0
827;0
828;0
829;0
830;0
831;0
832;2
833;0
834;0
835;0
836;0
837;0
838;1
839;0
840;0
841;0
842;0
843;1
844;0
845;0
846;0
847;0
848;0
849;2
850;0
851;0
852;0
853;0
854;0
855;0
856;0
857;1
858;1
859;0
860;1
861;0
862;2
863;2
864;2
865;0
866;0
867;0
868;1
869;0
870;0
871;0
872;0
873;0
874;0
875;0
876;0
877;2
878;0
879;0
880;0
881;2
882;2
883;2
884;1
885;0
886;0
887;0
888;0
889;1
890;0
891;1
892;1
893;0
894;0
895;0
896;0
897;0
898;0
899;0
900;2
901;0
902;0
903;0
904;1
905;1
906;1
907;0
908;0
909;2
910;2
911;2
912;2
913;0
914;0
915;0
916;1
917;0
918;0
919;0
920;1
921;0
922;0
923;2
924;2
925;0
926;0
927;0
928;1
929;0
930;0
931;0
932;0
933;0
934;0
935;0
936;0
937;0
938;0
939;0
940;2
941;2
942;0
943;0
944;0
945;1
946;2
947;0
948;0
949;0
950;0
951;2
952;0
953;0
954;0
955;0
956;1
957;0
958;0
959;0
960;0
961;0
962;2
963;0
964;2
965;2
966;0
967;1
968;0
969;0
970;0
971;1
972;0
973;0
974;2
975;2
976;0
977;0
978;0
979;0
980;1
981;0
982;0
983;0
984;0
985;2
986;0
987;0
988;0
989;0
990;0
991;1
992;0
993;0
994;2
995;2
996;2
997;2
998;0
999;0
1000;4
1001;0
1002;2
1003;1
1004;0
1005;0
1006;0
1007;0
1008;1
1009;0
1010;0
1011;0
1012;1
1013;1
1014;1
1015;0
1016;0
1017;0
1018;0
1019;0
1020;0
1021;0
1022;0
1023;0
