0;0
1;0
2;0
3;1
4;2
5;0
6;0
7;2
8;2
9;2
10;0
11;0
12;1
13;0
14;2
15;0
16;0
17;2
18;0
19;2
20;0
21;2
22;0
23;1
24;1
25;0
26;0
27;2
28;2
29;0
30;0
31;2
32;1
33;0
34;0
35;0
36;2
37;1
38;1
39;0
40;2
41;0
42;1
43;0
44;1
45;0
46;1
47;0
48;0
49;0
50;0
51;0
52;1
53;2
54;0
55;0
56;0
57;0
58;0
59;0
60;1
61;0
62;0
63;2
64;0
65;0
66;0
67;0
68;0
69;0
70;0
71;1
72;0
73;0
74;0
75;0
76;1
77;0
78;0
79;2
80;2
81;0
82;0
83;2
84;0
85;0
86;0
87;0
88;1
89;0
90;0
91;2
92;1
93;0
94;1
95;0
96;0
97;0
98;0
99;0
100;2
101;1
102;1
103;0
104;0
105;0
106;0
107;1
108;0
109;2
110;0
111;0
112;0
113;2
114;2
115;2
116;2
117;2
118;0
119;0
120;0
121;2
122;2
123;0
124;2
125;0
126;0
127;0
128;2
129;2
130;0
131;0
132;0
133;0
134;0
135;0
136;0
137;0
138;0
139;0
140;2
141;0
142;2
143;0
144;1
145;0
146;0
147;0
148;0
149;2
150;2
151;0
152;0
153;0
154;0
155;0
156;0
157;0
158;0
159;0
160;0
161;0
162;0
163;0
164;0
165;0
166;0
167;0
168;0
169;0
170;1
171;2
172;2
173;0
174;2
175;0
176;0
177;2
178;0
179;0
180;2
181;2
182;0
183;0
184;0
185;0
186;0
187;0
188;0
189;0
190;0
191;0
192;2
193;1
194;0
195;0
196;2
197;0
198;2
199;0
200;0
201;0
202;0
203;1
204;0
205;0
206;0
207;0
208;0
209;0
210;2
211;1
212;0
213;0
214;0
215;2
216;0
217;0
218;2
219;2
220;2
221;0
222;2
223;0
224;2
225;0
226;0
227;1
228;0
229;0
230;0
231;0
232;0
233;2
234;0
235;0
236;0
237;2
238;0
239;0
240;2
241;0
242;2
243;1
244;0
245;2
246;0
247;2
248;1
249;1
250;2
251;0
252;0
253;0
254;2
255;0
256;1
257;0
258;1
259;0
260;1
261;0
262;2
263;0
264;0
265;2
266;1
267;0
268;0
269;0
270;2
271;1
272;0
273;0
274;1
275;0
276;0
277;0
278;0
279;0
280;0
281;0
282;2
283;2
284;1
285;0
286;0
287;2
288;0
289;0
290;2
291;0
292;0
293;2
294;2
295;0
296;2
297;2
298;0
299;0
300;0
301;1
302;0
303;0
304;2
305;0
306;0
307;1
308;0
309;1
310;0
311;0
312;0
313;1
314;0
315;0
316;1
317;0
318;0
319;0
320;2
321;1
322;0
323;1
324;0
325;2
326;0
327;0
328;0
329;0
330;0
331;0
332;0
333;0
334;0
335;2
336;2
337;2
338;1
339;0
340;2
341;2
342;2
343;0
344;1
345;0
346;0
347;0
348;2
349;0
350;1
351;0
352;2
353;0
354;0
355;2
356;0
357;2
358;0
359;2
360;0
361;0
362;0
363;2
364;2
365;2
366;2
367;0
368;0
369;0
370;0
371;0
372;0
373;1
374;0
375;0
376;0
377;0
378;1
379;0
380;0
381;0
382;2
383;2
384;0
385;0
386;0
387;0
388;0
389;0
390;0
391;0
392;0
393;0
394;1
395;0
396;0
397;0
398;0
399;0
400;0
401;0
402;0
403;2
404;0
405;0
406;0
407;0
408;0
409;0
410;0
411;0
412;2
413;0
414;1
415;1
416;0
417;2
418;0
419;0
420;2
421;1
422;0
423;2
424;1
425;0
426;0
427;0
428;1
429;0
430;0
431;2
432;2
433;0
434;0
435;0
436;0
437;0
438;0
439;0
440;0
441;0
442;0
443;1
444;0
445;2
446;2
447;2
448;1
449;0
450;0
451;0
452;0
453;0
454;0
455;0
456;0
457;2
458;0
459;2
460;0
461;0
462;0
463;0
464;0
465;0
466;2
467;2
468;0
469;0
470;1
471;0
472;0
473;0
474;0
475;0
476;0
477;0
478;1
479;0
480;0
481;0
482;0
483;0
484;2
485;0
486;0
487;2
488;1
489;0
490;0
491;0
492;1
493;1
494;0
495;0
496;0
497;2
498;0
499;0
500;0
501;0
502;0
503;2
504;0
505;0
506;2
507;1
508;2
509;2
510;0
511;0
512;0
513;2
514;0
515;0
516;0
517;0
518;2
519;0
520;0
521;0
522;1
523;0
524;0
525;0
526;2
527;0
528;1
529;0
530;0
531;0
532;0
533;0
534;1
535;0
536;0
537;1
538;0
539;0
540;1
541;0
542;0
543;0
544;0
545;1
546;0
547;2
548;2
549;2
550;2
551;0
552;0
553;0
554;0
555;1
556;0
557;1
558;0
559;0
560;2
561;0
562;0
563;0
564;0
565;0
566;0
567;0
568;0
569;0
570;0
571;0
572;1
573;0
574;2
575;2
576;1
577;0
578;0
579;2
580;2
581;2
582;0
583;0
584;2
585;0
586;2
587;2
588;2
589;0
590;0
591;0
592;1
593;0
594;0
595;0
596;0
597;0
598;1
599;0
600;0
601;0
602;0
603;0
604;0
605;0
606;0
607;0
608;0
609;0
610;0
611;0
612;2
613;0
614;1
615;0
616;1
617;0
618;0
619;0
620;0
621;0
622;0
623;0
624;0
625;0
626;0
627;0
628;0
629;0
630;0
631;1
632;0
633;0
634;0
635;0
636;0
637;1
638;1
639;0
640;0
641;1
642;0
643;0
644;0
645;0
646;0
647;0
648;0
649;0
650;0
651;0
652;2
653;0
654;0
655;0
656;0
657;0
658;0
659;0
660;0
661;0
662;1
663;0
664;0
665;0
666;0
667;0
668;0
669;0
670;0
671;0
672;0
673;0
674;2
675;2
676;0
677;0
678;0
679;2
680;0
681;2
682;0
683;2
684;2
685;0
686;1
687;2
688;1
689;0
690;2
691;2
692;1
693;0
694;0
695;1
696;0
697;2
698;2
699;2
700;2
701;0
702;2
703;0
704;1
705;0
706;0
707;1
708;0
709;1
710;0
711;0
712;0
713;0
714;0
715;0
716;1
717;0
718;0
719;2
720;1
721;0
722;0
723;0
724;0
725;0
726;0
727;1
728;0
729;0
730;0
731;2
732;0
733;2
734;0
735;0
736;0
737;2
738;1
739;0
740;2
741;2
742;1
743;1
744;1
745;0
746;0
747;2
748;4
749;0
750;2
751;0
752;2
753;0
754;2
755;0
756;1
757;0
758;0
759;0
760;0
761;0
762;0
763;0
764;0
765;0
766;2
767;2
768;0
769;0
770;0
771;0
772;1
773;0
774;1
775;0
776;0
777;0
778;0
779;0
780;1
781;0
782;2
783;0
784;2
785;0
786;0
787;1
788;0
789;0
790;1
791;0
792;1
793;0
794;0
795;0
796;0
797;0
798;0
799;2
800;0
801;0
802;0
803;0
804;0
805;0
806;1
807;2
808;0
809;0
810;0
811;0
812;0
813;0
814;2
815;0
816;0
817;0
818;0
819;0
820;0
821;0
822;0
823;1
824;0
825;0
826;1
827;0
828;0
829;0
830;0
831;0
832;0
833;0
834;1
835;0
836;0
837;1
838;1
839;0
840;0
841;1
842;2
843;0
844;1
845;1
846;0
847;0
848;1
849;0
850;0
851;0
852;0
853;0
854;0
855;0
856;0
857;2
858;1
859;2
860;2
861;0
862;0
863;0
864;0
865;0
866;1
867;2
868;1
869;0
870;1
871;2
872;2
873;0
874;0
875;0
876;0
877;0
878;1
879;0
880;0
881;0
882;0
883;0
884;0
885;0
886;0
887;1
888;0
889;0
890;2
891;0
892;0
893;0
894;0
895;0
896;1
897;2
898;0
899;0
900;1
901;0
902;4
903;0
904;0
905;1
906;1
907;0
908;2
909;0
910;2
911;1
912;0
913;0
914;2
915;2
916;4
917;0
918;0
919;2
920;1
921;0
922;2
923;0
924;2
925;0
926;0
927;0
928;0
929;2
930;1
931;2
932;0
933;0
934;2
935;2
936;1
937;0
938;0
939;2
940;2
941;0
942;2
943;2
944;2
945;0
946;0
947;2
948;2
949;2
950;0
951;2
952;2
953;0
954;1
955;0
956;0
957;0
958;0
959;0
960;2
961;2
962;0
963;0
964;0
965;0
966;1
967;0
968;0
969;0
970;1
971;1
972;0
973;0
974;1
975;0
976;2
977;0
978;1
979;0
980;0
981;0
982;2
983;0
984;2
985;0
986;1
987;0
988;0
989;2
990;2
991;0
992;2
993;0
994;0
995;0
996;0
997;0
998;0
999;0
1000;0
1001;0
1002;1
1003;0
1004;0
1005;1
1006;0
1007;1
1008;0
1009;0
1010;2
1011;2
1012;1
1013;0
1014;0
1015;0
1016;0
1017;0
1018;0
1019;0
1020;0
1021;0
1022;0
1023;0
