0;1
1;0
2;0
3;0
4;2
5;0
6;2
7;2
8;1
9;0
10;2
11;0
12;2
13;0
14;0
15;0
16;2
17;2
18;0
19;0
20;2
21;1
22;0
23;0
24;1
25;1
26;2
27;2
28;2
29;0
30;2
31;2
32;0
33;0
34;0
35;0
36;0
37;0
38;0
39;0
40;0
41;0
42;1
43;0
44;2
45;0
46;0
47;0
48;0
49;0
50;0
51;0
52;0
53;0
54;0
55;0
56;0
57;1
58;0
59;2
60;1
61;0
62;0
63;0
64;0
65;1
66;0
67;0
68;1
69;0
70;2
71;1
72;0
73;0
74;0
75;0
76;0
77;0
78;0
79;0
80;2
81;0
82;2
83;0
84;1
85;2
86;0
87;0
88;0
89;0
90;1
91;0
92;0
93;0
94;0
95;0
96;2
97;0
98;0
99;0
100;1
101;0
102;1
103;0
104;0
105;0
106;0
107;0
108;0
109;1
110;1
111;0
112;0
113;0
114;0
115;0
116;0
117;0
118;0
119;0
120;0
121;1
122;1
123;0
124;1
125;0
126;0
127;0
128;0
129;0
130;2
131;0
132;1
133;0
134;0
135;0
136;0
137;2
138;2
139;2
140;1
141;0
142;2
143;0
144;0
145;0
146;0
147;0
148;0
149;0
150;2
151;0
152;0
153;0
154;1
155;0
156;0
157;0
158;0
159;0
160;2
161;0
162;0
163;0
164;0
165;0
166;0
167;0
168;0
169;0
170;0
171;0
172;2
173;0
174;0
175;0
176;1
177;0
178;2
179;2
180;1
181;0
182;0
183;2
184;2
185;0
186;2
187;2
188;2
189;0
190;2
191;0
192;0
193;0
194;0
195;0
196;0
197;1
198;0
199;0
200;0
201;0
202;2
203;0
204;0
205;0
206;1
207;0
208;0
209;0
210;0
211;0
212;0
213;0
214;0
215;2
216;1
217;0
218;0
219;0
220;1
221;0
222;2
223;0
224;0
225;0
226;0
227;0
228;0
229;0
230;0
231;0
232;0
233;0
234;1
235;0
236;0
237;2
238;0
239;2
240;0
241;0
242;0
243;0
244;0
245;0
246;0
247;0
248;0
249;0
250;2
251;0
252;0
253;0
254;0
255;0
256;1
257;0
258;2
259;1
260;0
261;0
262;0
263;2
264;4
265;0
266;2
267;2
268;2
269;0
270;2
271;0
272;2
273;2
274;2
275;0
276;1
277;0
278;0
279;1
280;0
281;0
282;0
283;2
284;0
285;0
286;0
287;2
288;0
289;0
290;0
291;0
292;2
293;0
294;0
295;0
296;1
297;0
298;2
299;2
300;1
301;0
302;0
303;2
304;2
305;0
306;2
307;2
308;2
309;0
310;2
311;0
312;0
313;0
314;0
315;0
316;0
317;1
318;1
319;0
320;0
321;0
322;0
323;0
324;0
325;0
326;0
327;0
328;0
329;2
330;0
331;1
332;2
333;0
334;0
335;0
336;2
337;0
338;0
339;0
340;2
341;0
342;0
343;0
344;2
345;0
346;0
347;0
348;2
349;0
350;0
351;2
352;2
353;0
354;0
355;0
356;2
357;0
358;0
359;0
360;1
361;0
362;0
363;0
364;2
365;0
366;0
367;0
368;1
369;0
370;2
371;2
372;0
373;0
374;1
375;0
376;1
377;0
378;0
379;2
380;4
381;0
382;2
383;0
384;2
385;0
386;2
387;0
388;1
389;0
390;0
391;0
392;0
393;0
394;0
395;0
396;1
397;0
398;0
399;0
400;1
401;2
402;2
403;2
404;2
405;1
406;0
407;0
408;0
409;0
410;2
411;0
412;0
413;0
414;2
415;1
416;2
417;0
418;0
419;0
420;0
421;0
422;2
423;2
424;1
425;0
426;0
427;2
428;4
429;0
430;2
431;2
432;2
433;0
434;0
435;0
436;2
437;0
438;1
439;0
440;2
441;1
442;0
443;2
444;2
445;0
446;0
447;0
448;2
449;0
450;0
451;0
452;1
453;2
454;0
455;0
456;0
457;0
458;2
459;0
460;1
461;0
462;2
463;0
464;2
465;0
466;2
467;2
468;2
469;0
470;2
471;0
472;0
473;1
474;0
475;0
476;2
477;0
478;0
479;0
480;0
481;1
482;0
483;2
484;0
485;0
486;0
487;0
488;1
489;0
490;0
491;0
492;2
493;2
494;2
495;2
496;0
497;0
498;0
499;1
500;0
501;2
502;0
503;0
504;2
505;0
506;0
507;0
508;2
509;0
510;0
511;0
512;0
513;0
514;0
515;1
516;0
517;2
518;0
519;0
520;2
521;2
522;0
523;2
524;0
525;0
526;0
527;1
528;0
529;0
530;0
531;0
532;0
533;0
534;2
535;2
536;0
537;0
538;0
539;1
540;0
541;0
542;0
543;0
544;2
545;2
546;2
547;2
548;2
549;2
550;2
551;0
552;2
553;0
554;1
555;0
556;0
557;2
558;0
559;1
560;1
561;0
562;2
563;2
564;1
565;0
566;0
567;2
568;2
569;0
570;0
571;1
572;0
573;0
574;0
575;0
576;2
577;2
578;0
579;0
580;1
581;1
582;0
583;2
584;0
585;0
586;1
587;0
588;1
589;2
590;2
591;1
592;0
593;0
594;0
595;0
596;0
597;0
598;1
599;0
600;0
601;0
602;0
603;0
604;2
605;0
606;0
607;0
608;1
609;0
610;0
611;2
612;2
613;0
614;0
615;0
616;0
617;0
618;1
619;0
620;0
621;2
622;0
623;0
624;2
625;2
626;2
627;2
628;2
629;0
630;0
631;1
632;0
633;0
634;2
635;1
636;0
637;0
638;0
639;1
640;2
641;2
642;2
643;2
644;2
645;0
646;0
647;0
648;2
649;0
650;0
651;0
652;0
653;0
654;0
655;0
656;2
657;2
658;0
659;0
660;2
661;0
662;0
663;0
664;1
665;0
666;0
667;1
668;1
669;1
670;0
671;2
672;4
673;2
674;2
675;0
676;2
677;0
678;2
679;0
680;2
681;0
682;0
683;0
684;4
685;0
686;0
687;0
688;0
689;2
690;2
691;2
692;2
693;2
694;0
695;0
696;1
697;0
698;0
699;0
700;1
701;2
702;0
703;0
704;0
705;0
706;0
707;0
708;0
709;0
710;0
711;0
712;0
713;0
714;2
715;0
716;2
717;0
718;0
719;2
720;4
721;0
722;2
723;0
724;2
725;0
726;2
727;0
728;1
729;0
730;0
731;0
732;0
733;0
734;2
735;2
736;0
737;0
738;2
739;2
740;1
741;0
742;0
743;0
744;2
745;0
746;1
747;2
748;2
749;0
750;2
751;0
752;2
753;0
754;1
755;0
756;0
757;1
758;0
759;0
760;1
761;2
762;0
763;0
764;0
765;0
766;0
767;0
768;0
769;0
770;0
771;1
772;1
773;0
774;2
775;1
776;0
777;0
778;0
779;2
780;2
781;0
782;2
783;2
784;2
785;0
786;2
787;0
788;2
789;2
790;0
791;0
792;0
793;0
794;0
795;0
796;2
797;1
798;1
799;0
800;0
801;0
802;2
803;0
804;2
805;0
806;0
807;0
808;1
809;1
810;0
811;0
812;1
813;0
814;0
815;0
816;0
817;2
818;0
819;0
820;0
821;2
822;2
823;2
824;1
825;0
826;0
827;2
828;0
829;2
830;2
831;2
832;2
833;0
834;0
835;0
836;2
837;0
838;0
839;0
840;2
841;0
842;0
843;0
844;4
845;1
846;4
847;1
848;1
849;2
850;2
851;2
852;2
853;2
854;2
855;2
856;1
857;0
858;2
859;0
860;2
861;0
862;2
863;2
864;0
865;0
866;2
867;0
868;0
869;1
870;0
871;0
872;0
873;2
874;2
875;0
876;2
877;0
878;0
879;0
880;0
881;0
882;0
883;1
884;0
885;0
886;0
887;0
888;4
889;0
890;0
891;0
892;0
893;0
894;2
895;2
896;2
897;0
898;0
899;2
900;1
901;0
902;2
903;0
904;0
905;0
906;0
907;0
908;2
909;2
910;1
911;0
912;2
913;2
914;0
915;0
916;1
917;0
918;0
919;0
920;0
921;2
922;0
923;0
924;2
925;0
926;1
927;1
928;0
929;0
930;2
931;2
932;2
933;2
934;0
935;0
936;2
937;0
938;2
939;1
940;0
941;0
942;0
943;0
944;1
945;0
946;1
947;0
948;0
949;1
950;0
951;0
952;1
953;0
954;0
955;0
956;0
957;1
958;2
959;0
960;1
961;0
962;0
963;1
964;0
965;1
966;2
967;2
968;1
969;0
970;2
971;1
972;0
973;0
974;0
975;2
976;0
977;0
978;2
979;2
980;2
981;0
982;2
983;0
984;2
985;0
986;2
987;0
988;2
989;0
990;0
991;0
992;0
993;1
994;0
995;0
996;1
997;0
998;0
999;0
1000;1
1001;0
1002;0
1003;0
1004;0
1005;0
1006;0
1007;0
1008;1
1009;0
1010;1
1011;2
1012;1
1013;0
1014;0
1015;1
1016;0
1017;0
1018;0
1019;0
1020;0
1021;0
1022;0
1023;0
