0;1
1;0
2;0
3;1
4;0
5;0
6;2
7;2
8;2
9;0
10;2
11;0
12;0
13;0
14;0
15;0
16;0
17;2
18;2
19;1
20;1
21;0
22;1
23;0
24;1
25;2
26;0
27;2
28;2
29;0
30;0
31;0
32;0
33;0
34;0
35;0
36;0
37;0
38;2
39;1
40;0
41;0
42;0
43;0
44;2
45;0
46;0
47;1
48;0
49;0
50;0
51;0
52;0
53;0
54;0
55;0
56;0
57;1
58;0
59;2
60;0
61;0
62;0
63;0
64;0
65;0
66;2
67;1
68;0
69;0
70;1
71;0
72;1
73;0
74;0
75;0
76;0
77;0
78;2
79;0
80;2
81;0
82;2
83;0
84;1
85;0
86;0
87;0
88;0
89;0
90;1
91;0
92;0
93;0
94;0
95;2
96;1
97;0
98;2
99;2
100;0
101;0
102;0
103;2
104;4
105;0
106;2
107;2
108;2
109;0
110;2
111;0
112;1
113;0
114;0
115;0
116;0
117;0
118;0
119;0
120;0
121;0
122;1
123;0
124;2
125;2
126;0
127;0
128;0
129;0
130;0
131;0
132;0
133;0
134;0
135;0
136;0
137;0
138;0
139;0
140;1
141;0
142;2
143;4
144;0
145;0
146;0
147;0
148;1
149;0
150;2
151;2
152;1
153;0
154;0
155;0
156;2
157;0
158;2
159;1
160;0
161;0
162;2
163;0
164;0
165;0
166;2
167;2
168;1
169;0
170;0
171;2
172;2
173;2
174;2
175;2
176;0
177;0
178;2
179;0
180;2
181;0
182;1
183;1
184;0
185;0
186;2
187;2
188;0
189;0
190;1
191;0
192;2
193;0
194;0
195;1
196;0
197;0
198;2
199;0
200;0
201;0
202;0
203;0
204;0
205;0
206;1
207;0
208;2
209;0
210;0
211;0
212;2
213;0
214;0
215;1
216;0
217;0
218;0
219;1
220;2
221;2
222;2
223;2
224;2
225;0
226;0
227;0
228;0
229;0
230;0
231;0
232;0
233;0
234;0
235;0
236;0
237;0
238;0
239;1
240;0
241;0
242;0
243;0
244;0
245;1
246;2
247;2
248;2
249;0
250;0
251;0
252;0
253;0
254;0
255;0
256;0
257;0
258;1
259;0
260;2
261;2
262;0
263;2
264;0
265;0
266;2
267;2
268;1
269;0
270;2
271;1
272;1
273;0
274;2
275;1
276;0
277;0
278;0
279;0
280;1
281;0
282;0
283;0
284;1
285;0
286;0
287;0
288;0
289;1
290;0
291;0
292;0
293;0
294;0
295;0
296;1
297;0
298;0
299;2
300;2
301;0
302;1
303;0
304;0
305;0
306;0
307;0
308;1
309;2
310;0
311;2
312;0
313;0
314;0
315;1
316;0
317;0
318;0
319;0
320;2
321;0
322;0
323;0
324;0
325;0
326;0
327;0
328;0
329;1
330;2
331;0
332;0
333;0
334;0
335;0
336;0
337;1
338;0
339;0
340;1
341;0
342;0
343;1
344;2
345;0
346;0
347;0
348;2
349;0
350;0
351;1
352;0
353;0
354;0
355;0
356;0
357;0
358;2
359;1
360;0
361;2
362;2
363;2
364;2
365;0
366;0
367;2
368;2
369;0
370;0
371;1
372;0
373;0
374;0
375;0
376;2
377;0
378;0
379;0
380;2
381;0
382;2
383;2
384;1
385;0
386;0
387;0
388;0
389;0
390;0
391;0
392;0
393;0
394;0
395;0
396;0
397;0
398;0
399;1
400;0
401;0
402;1
403;0
404;2
405;1
406;0
407;0
408;0
409;0
410;0
411;0
412;0
413;2
414;0
415;0
416;2
417;0
418;0
419;0
420;0
421;0
422;0
423;1
424;0
425;0
426;0
427;2
428;1
429;0
430;2
431;0
432;2
433;1
434;1
435;0
436;2
437;0
438;1
439;0
440;2
441;0
442;1
443;0
444;1
445;2
446;1
447;1
448;0
449;0
450;2
451;0
452;1
453;0
454;2
455;2
456;1
457;0
458;0
459;1
460;0
461;0
462;2
463;2
464;2
465;0
466;2
467;0
468;2
469;0
470;2
471;2
472;1
473;1
474;0
475;0
476;2
477;0
478;0
479;0
480;0
481;2
482;0
483;0
484;2
485;0
486;0
487;0
488;1
489;0
490;0
491;1
492;0
493;0
494;2
495;0
496;1
497;0
498;2
499;0
500;0
501;0
502;0
503;1
504;0
505;2
506;2
507;2
508;2
509;0
510;0
511;1
512;0
513;0
514;1
515;2
516;2
517;1
518;0
519;1
520;0
521;0
522;0
523;1
524;0
525;2
526;1
527;0
528;0
529;0
530;2
531;1
532;0
533;0
534;0
535;1
536;1
537;0
538;2
539;2
540;1
541;0
542;0
543;2
544;0
545;1
546;2
547;1
548;0
549;0
550;2
551;0
552;2
553;0
554;0
555;1
556;0
557;0
558;0
559;1
560;0
561;2
562;0
563;0
564;0
565;0
566;0
567;0
568;1
569;0
570;0
571;0
572;0
573;0
574;2
575;2
576;0
577;0
578;0
579;2
580;0
581;0
582;0
583;2
584;1
585;0
586;0
587;0
588;1
589;0
590;0
591;2
592;0
593;0
594;2
595;0
596;2
597;0
598;2
599;0
600;2
601;2
602;2
603;0
604;2
605;0
606;2
607;0
608;0
609;2
610;0
611;1
612;0
613;0
614;0
615;2
616;0
617;0
618;0
619;0
620;0
621;0
622;2
623;0
624;0
625;1
626;0
627;2
628;0
629;2
630;0
631;1
632;0
633;0
634;0
635;0
636;2
637;0
638;0
639;2
640;0
641;0
642;0
643;0
644;0
645;0
646;0
647;1
648;0
649;2
650;0
651;0
652;2
653;0
654;0
655;2
656;2
657;0
658;2
659;1
660;0
661;0
662;0
663;0
664;0
665;2
666;0
667;0
668;1
669;2
670;1
671;0
672;2
673;0
674;0
675;0
676;2
677;0
678;2
679;1
680;0
681;0
682;0
683;1
684;2
685;2
686;2
687;2
688;0
689;0
690;0
691;0
692;2
693;0
694;0
695;0
696;0
697;0
698;0
699;1
700;0
701;0
702;0
703;0
704;0
705;0
706;0
707;1
708;0
709;0
710;0
711;1
712;0
713;0
714;0
715;0
716;2
717;0
718;0
719;0
720;0
721;0
722;0
723;0
724;2
725;0
726;0
727;0
728;1
729;0
730;0
731;0
732;1
733;0
734;0
735;0
736;0
737;0
738;1
739;0
740;0
741;0
742;1
743;2
744;1
745;0
746;0
747;2
748;4
749;0
750;2
751;2
752;0
753;0
754;2
755;0
756;2
757;0
758;0
759;0
760;2
761;1
762;0
763;0
764;1
765;0
766;2
767;2
768;1
769;2
770;0
771;0
772;0
773;0
774;0
775;0
776;1
777;0
778;0
779;0
780;0
781;0
782;0
783;0
784;0
785;0
786;0
787;1
788;0
789;0
790;0
791;2
792;2
793;2
794;0
795;0
796;0
797;0
798;0
799;0
800;2
801;2
802;1
803;0
804;2
805;2
806;1
807;0
808;2
809;0
810;0
811;1
812;0
813;1
814;0
815;0
816;1
817;0
818;0
819;0
820;0
821;0
822;0
823;0
824;0
825;0
826;1
827;0
828;1
829;0
830;0
831;0
832;0
833;2
834;1
835;0
836;2
837;0
838;0
839;1
840;0
841;0
842;0
843;1
844;0
845;0
846;2
847;0
848;0
849;1
850;0
851;0
852;2
853;2
854;2
855;2
856;2
857;2
858;1
859;0
860;1
861;0
862;1
863;2
864;2
865;0
866;2
867;0
868;0
869;2
870;0
871;0
872;0
873;0
874;0
875;0
876;1
877;2
878;1
879;0
880;2
881;0
882;0
883;1
884;0
885;0
886;0
887;0
888;0
889;0
890;0
891;0
892;0
893;0
894;0
895;2
896;1
897;0
898;0
899;2
900;2
901;2
902;2
903;1
904;0
905;0
906;0
907;0
908;0
909;0
910;2
911;0
912;0
913;1
914;0
915;1
916;2
917;2
918;0
919;0
920;0
921;0
922;2
923;0
924;0
925;2
926;0
927;0
928;0
929;0
930;1
931;0
932;0
933;2
934;2
935;2
936;2
937;2
938;0
939;0
940;2
941;0
942;2
943;1
944;0
945;2
946;0
947;1
948;0
949;0
950;1
951;0
952;2
953;2
954;1
955;0
956;1
957;0
958;1
959;0
960;0
961;0
962;2
963;0
964;0
965;0
966;0
967;0
968;0
969;1
970;2
971;2
972;2
973;0
974;2
975;0
976;0
977;0
978;1
979;0
980;2
981;1
982;0
983;2
984;1
985;1
986;0
987;0
988;0
989;2
990;0
991;2
992;1
993;0
994;2
995;0
996;0
997;0
998;0
999;2
1000;0
1001;0
1002;0
1003;0
1004;0
1005;0
1006;0
1007;0
1008;0
1009;1
1010;0
1011;0
1012;0
1013;1
1014;1
1015;1
1016;0
1017;0
1018;0
1019;0
1020;0
1021;0
1022;0
1023;0
