0;1
1;0
2;0
3;2
4;2
5;0
6;2
7;2
8;2
9;0
10;2
11;2
12;2
13;1
14;0
15;0
16;0
17;2
18;0
19;0
20;0
21;0
22;0
23;2
24;0
25;2
26;1
27;1
28;1
29;0
30;0
31;0
32;1
33;0
34;1
35;0
36;0
37;0
38;0
39;0
40;1
41;0
42;0
43;0
44;1
45;1
46;0
47;0
48;1
49;0
50;2
51;1
52;0
53;0
54;0
55;2
56;0
57;0
58;0
59;2
60;2
61;0
62;2
63;0
64;2
65;0
66;0
67;1
68;0
69;0
70;0
71;2
72;2
73;0
74;2
75;0
76;0
77;0
78;0
79;0
80;2
81;0
82;0
83;0
84;0
85;1
86;0
87;0
88;1
89;1
90;0
91;0
92;1
93;0
94;1
95;0
96;0
97;0
98;0
99;0
100;0
101;0
102;1
103;0
104;2
105;0
106;0
107;0
108;0
109;0
110;0
111;0
112;0
113;0
114;2
115;0
116;1
117;0
118;0
119;2
120;2
121;1
122;0
123;2
124;2
125;0
126;2
127;0
128;0
129;2
130;2
131;0
132;0
133;0
134;2
135;0
136;0
137;2
138;2
139;1
140;0
141;0
142;1
143;0
144;1
145;0
146;0
147;1
148;4
149;0
150;2
151;2
152;2
153;0
154;2
155;0
156;2
157;0
158;2
159;0
160;0
161;0
162;0
163;0
164;1
165;0
166;0
167;2
168;0
169;0
170;2
171;2
172;2
173;1
174;0
175;0
176;2
177;2
178;2
179;0
180;1
181;0
182;0
183;0
184;2
185;0
186;0
187;0
188;1
189;0
190;0
191;0
192;0
193;0
194;0
195;2
196;0
197;0
198;0
199;1
200;0
201;0
202;0
203;0
204;0
205;0
206;1
207;0
208;0
209;0
210;2
211;1
212;0
213;0
214;0
215;0
216;0
217;0
218;1
219;0
220;0
221;0
222;0
223;0
224;0
225;0
226;0
227;0
228;1
229;0
230;2
231;2
232;1
233;0
234;0
235;2
236;2
237;0
238;2
239;2
240;2
241;0
242;2
243;0
244;0
245;2
246;0
247;0
248;2
249;0
250;2
251;0
252;0
253;2
254;1
255;0
256;0
257;0
258;1
259;0
260;0
261;2
262;2
263;1
264;2
265;0
266;2
267;2
268;1
269;0
270;1
271;0
272;0
273;0
274;0
275;0
276;0
277;0
278;1
279;0
280;1
281;0
282;0
283;2
284;4
285;0
286;2
287;0
288;0
289;1
290;0
291;0
292;2
293;0
294;0
295;2
296;0
297;0
298;0
299;0
300;0
301;2
302;0
303;2
304;1
305;0
306;0
307;0
308;1
309;0
310;0
311;0
312;0
313;0
314;0
315;2
316;1
317;0
318;1
319;2
320;2
321;1
322;0
323;0
324;0
325;2
326;1
327;0
328;2
329;0
330;0
331;0
332;0
333;0
334;0
335;2
336;1
337;0
338;0
339;0
340;0
341;0
342;0
343;0
344;2
345;0
346;2
347;2
348;1
349;0
350;0
351;0
352;1
353;2
354;2
355;1
356;0
357;0
358;0
359;0
360;2
361;1
362;0
363;0
364;0
365;0
366;0
367;0
368;0
369;0
370;1
371;2
372;2
373;1
374;2
375;2
376;2
377;0
378;1
379;0
380;0
381;0
382;2
383;1
384;0
385;0
386;0
387;2
388;4
389;0
390;2
391;2
392;0
393;0
394;2
395;1
396;2
397;1
398;0
399;0
400;1
401;0
402;2
403;1
404;0
405;0
406;1
407;0
408;0
409;0
410;1
411;0
412;0
413;0
414;1
415;0
416;1
417;1
418;0
419;0
420;0
421;0
422;0
423;0
424;0
425;0
426;2
427;2
428;0
429;0
430;0
431;0
432;2
433;1
434;0
435;0
436;2
437;0
438;0
439;0
440;1
441;0
442;0
443;0
444;0
445;1
446;1
447;0
448;0
449;0
450;2
451;2
452;1
453;0
454;0
455;2
456;2
457;0
458;2
459;2
460;2
461;0
462;2
463;2
464;1
465;0
466;2
467;1
468;0
469;0
470;0
471;0
472;4
473;2
474;2
475;2
476;0
477;0
478;2
479;0
480;2
481;2
482;0
483;0
484;2
485;0
486;0
487;0
488;1
489;0
490;0
491;0
492;1
493;0
494;1
495;0
496;1
497;0
498;0
499;0
500;1
501;0
502;2
503;0
504;2
505;0
506;2
507;0
508;2
509;2
510;2
511;2
512;2
513;0
514;0
515;0
516;0
517;0
518;0
519;0
520;2
521;0
522;0
523;2
524;0
525;0
526;2
527;0
528;0
529;0
530;0
531;0
532;0
533;0
534;1
535;0
536;0
537;2
538;1
539;0
540;0
541;0
542;0
543;0
544;0
545;0
546;0
547;0
548;0
549;0
550;0
551;0
552;0
553;0
554;2
555;2
556;1
557;0
558;0
559;0
560;0
561;0
562;0
563;0
564;0
565;0
566;0
567;0
568;1
569;0
570;0
571;0
572;0
573;0
574;2
575;2
576;1
577;0
578;0
579;2
580;4
581;0
582;2
583;2
584;2
585;0
586;0
587;0
588;2
589;2
590;1
591;0
592;0
593;2
594;0
595;1
596;2
597;1
598;0
599;0
600;0
601;0
602;2
603;2
604;2
605;0
606;2
607;0
608;0
609;0
610;0
611;0
612;0
613;0
614;0
615;0
616;1
617;1
618;0
619;0
620;0
621;0
622;2
623;2
624;0
625;0
626;2
627;0
628;0
629;2
630;2
631;2
632;1
633;0
634;0
635;1
636;2
637;0
638;1
639;0
640;0
641;0
642;2
643;1
644;1
645;2
646;0
647;2
648;2
649;0
650;2
651;1
652;0
653;0
654;0
655;0
656;2
657;0
658;0
659;2
660;2
661;1
662;0
663;0
664;2
665;0
666;0
667;0
668;0
669;2
670;1
671;0
672;0
673;0
674;1
675;0
676;0
677;0
678;0
679;2
680;2
681;0
682;0
683;0
684;0
685;0
686;0
687;0
688;1
689;0
690;0
691;2
692;0
693;1
694;1
695;0
696;1
697;0
698;2
699;1
700;2
701;1
702;0
703;2
704;2
705;0
706;2
707;2
708;2
709;0
710;2
711;0
712;2
713;0
714;1
715;0
716;0
717;1
718;0
719;0
720;0
721;0
722;0
723;0
724;0
725;2
726;2
727;2
728;2
729;0
730;2
731;1
732;0
733;0
734;0
735;2
736;0
737;2
738;2
739;0
740;0
741;2
742;0
743;0
744;0
745;1
746;0
747;0
748;0
749;0
750;1
751;0
752;0
753;0
754;2
755;0
756;0
757;0
758;0
759;2
760;0
761;0
762;1
763;0
764;2
765;1
766;0
767;2
768;2
769;0
770;0
771;0
772;0
773;2
774;1
775;0
776;0
777;0
778;1
779;0
780;0
781;0
782;0
783;2
784;4
785;0
786;2
787;2
788;2
789;0
790;2
791;0
792;2
793;0
794;1
795;0
796;0
797;0
798;0
799;0
800;0
801;0
802;2
803;2
804;1
805;0
806;0
807;2
808;2
809;0
810;2
811;1
812;0
813;0
814;0
815;0
816;1
817;0
818;1
819;1
820;0
821;1
822;0
823;0
824;0
825;2
826;0
827;0
828;1
829;0
830;0
831;0
832;2
833;0
834;2
835;2
836;2
837;0
838;2
839;1
840;4
841;1
842;0
843;0
844;2
845;2
846;2
847;2
848;1
849;0
850;0
851;0
852;0
853;0
854;0
855;0
856;0
857;0
858;2
859;2
860;2
861;0
862;0
863;1
864;4
865;1
866;2
867;2
868;0
869;0
870;2
871;0
872;2
873;0
874;0
875;2
876;1
877;0
878;2
879;0
880;2
881;2
882;0
883;0
884;0
885;0
886;0
887;0
888;2
889;0
890;0
891;2
892;0
893;0
894;2
895;2
896;1
897;0
898;0
899;2
900;2
901;0
902;2
903;0
904;2
905;1
906;0
907;0
908;2
909;0
910;0
911;2
912;2
913;0
914;2
915;2
916;0
917;2
918;2
919;0
920;0
921;0
922;0
923;0
924;0
925;2
926;0
927;0
928;0
929;0
930;2
931;0
932;2
933;2
934;0
935;0
936;1
937;0
938;2
939;1
940;0
941;0
942;2
943;0
944;1
945;0
946;0
947;2
948;0
949;0
950;0
951;0
952;0
953;2
954;2
955;0
956;0
957;0
958;0
959;0
960;0
961;0
962;2
963;2
964;2
965;0
966;0
967;2
968;0
969;2
970;2
971;0
972;2
973;0
974;2
975;0
976;2
977;0
978;2
979;2
980;2
981;0
982;0
983;0
984;0
985;2
986;1
987;0
988;2
989;0
990;1
991;0
992;0
993;0
994;0
995;0
996;1
997;1
998;0
999;0
1000;0
1001;0
1002;0
1003;0
1004;0
1005;0
1006;0
1007;0
1008;0
1009;2
1010;0
1011;0
1012;0
1013;0
1014;1
1015;1
1016;0
1017;0
1018;0
1019;0
1020;0
1021;0
1022;0
1023;0
