0;1
1;0
2;0
3;2
4;2
5;0
6;1
7;2
8;2
9;0
10;2
11;0
12;2
13;0
14;0
15;0
16;0
17;1
18;0
19;0
20;2
21;1
22;0
23;0
24;0
25;1
26;2
27;2
28;1
29;0
30;2
31;2
32;0
33;0
34;0
35;0
36;0
37;0
38;0
39;0
40;1
41;0
42;0
43;0
44;2
45;0
46;0
47;0
48;0
49;0
50;0
51;0
52;0
53;0
54;0
55;0
56;0
57;1
58;0
59;1
60;1
61;0
62;0
63;0
64;0
65;0
66;2
67;0
68;2
69;2
70;0
71;2
72;2
73;0
74;2
75;0
76;2
77;0
78;2
79;0
80;0
81;0
82;0
83;0
84;1
85;0
86;0
87;0
88;0
89;0
90;0
91;0
92;1
93;0
94;2
95;1
96;1
97;0
98;0
99;0
100;0
101;2
102;2
103;1
104;2
105;0
106;0
107;1
108;0
109;0
110;0
111;0
112;0
113;0
114;1
115;0
116;0
117;0
118;0
119;0
120;0
121;2
122;0
123;0
124;1
125;0
126;0
127;0
128;0
129;0
130;0
131;0
132;2
133;1
134;1
135;0
136;0
137;0
138;0
139;0
140;2
141;0
142;2
143;0
144;2
145;0
146;0
147;2
148;0
149;2
150;2
151;1
152;0
153;0
154;0
155;0
156;0
157;0
158;2
159;0
160;2
161;0
162;2
163;0
164;0
165;0
166;0
167;0
168;0
169;0
170;0
171;0
172;0
173;0
174;0
175;2
176;0
177;0
178;0
179;0
180;0
181;0
182;0
183;0
184;0
185;0
186;0
187;2
188;2
189;0
190;2
191;0
192;2
193;0
194;2
195;0
196;1
197;0
198;0
199;0
200;1
201;0
202;0
203;0
204;0
205;0
206;1
207;0
208;1
209;0
210;0
211;0
212;2
213;1
214;0
215;2
216;0
217;0
218;1
219;0
220;0
221;1
222;0
223;0
224;1
225;0
226;0
227;0
228;0
229;0
230;0
231;2
232;1
233;0
234;0
235;0
236;0
237;0
238;2
239;2
240;0
241;0
242;0
243;0
244;0
245;1
246;0
247;0
248;0
249;2
250;0
251;1
252;2
253;0
254;0
255;0
256;0
257;0
258;2
259;2
260;1
261;0
262;0
263;2
264;1
265;0
266;0
267;1
268;2
269;0
270;0
271;2
272;2
273;0
274;2
275;0
276;1
277;0
278;0
279;2
280;0
281;0
282;2
283;1
284;0
285;2
286;0
287;0
288;2
289;1
290;0
291;0
292;1
293;0
294;2
295;0
296;0
297;0
298;0
299;0
300;2
301;0
302;0
303;0
304;1
305;0
306;0
307;0
308;2
309;0
310;0
311;0
312;2
313;0
314;0
315;0
316;0
317;0
318;0
319;1
320;0
321;0
322;0
323;0
324;2
325;0
326;0
327;0
328;0
329;0
330;0
331;0
332;1
333;0
334;0
335;2
336;2
337;0
338;2
339;2
340;4
341;0
342;2
343;0
344;2
345;0
346;0
347;0
348;1
349;2
350;0
351;0
352;2
353;0
354;0
355;0
356;0
357;0
358;2
359;2
360;1
361;0
362;0
363;2
364;0
365;0
366;0
367;0
368;4
369;0
370;2
371;0
372;2
373;0
374;2
375;0
376;2
377;1
378;0
379;0
380;0
381;0
382;0
383;0
384;2
385;2
386;0
387;0
388;4
389;2
390;0
391;2
392;2
393;0
394;1
395;1
396;2
397;0
398;0
399;0
400;1
401;0
402;2
403;1
404;1
405;0
406;0
407;0
408;4
409;0
410;2
411;1
412;0
413;0
414;0
415;0
416;2
417;0
418;1
419;0
420;0
421;1
422;1
423;0
424;0
425;0
426;0
427;0
428;0
429;0
430;2
431;0
432;0
433;0
434;0
435;0
436;2
437;0
438;2
439;2
440;1
441;0
442;0
443;0
444;0
445;2
446;0
447;0
448;0
449;0
450;1
451;2
452;4
453;2
454;0
455;0
456;0
457;0
458;1
459;0
460;2
461;0
462;0
463;0
464;0
465;0
466;1
467;0
468;0
469;2
470;2
471;0
472;2
473;0
474;0
475;2
476;2
477;0
478;0
479;0
480;2
481;2
482;1
483;0
484;0
485;0
486;1
487;0
488;1
489;2
490;0
491;2
492;4
493;0
494;2
495;1
496;0
497;0
498;2
499;0
500;1
501;0
502;1
503;0
504;0
505;0
506;0
507;0
508;2
509;0
510;0
511;0
512;0
513;0
514;1
515;0
516;0
517;0
518;0
519;0
520;1
521;2
522;0
523;2
524;2
525;0
526;0
527;0
528;1
529;0
530;1
531;0
532;1
533;0
534;0
535;0
536;4
537;0
538;2
539;2
540;0
541;0
542;2
543;0
544;2
545;0
546;0
547;0
548;0
549;2
550;0
551;0
552;1
553;0
554;0
555;0
556;0
557;0
558;0
559;0
560;2
561;0
562;0
563;0
564;0
565;0
566;2
567;2
568;1
569;0
570;0
571;2
572;4
573;0
574;2
575;1
576;0
577;0
578;2
579;1
580;2
581;1
582;0
583;2
584;2
585;0
586;0
587;2
588;0
589;0
590;0
591;1
592;0
593;1
594;0
595;2
596;2
597;2
598;0
599;0
600;0
601;0
602;0
603;2
604;2
605;0
606;0
607;0
608;1
609;2
610;2
611;0
612;0
613;0
614;0
615;0
616;2
617;2
618;0
619;0
620;2
621;1
622;2
623;0
624;0
625;0
626;0
627;0
628;0
629;2
630;0
631;0
632;0
633;0
634;0
635;0
636;2
637;0
638;0
639;0
640;2
641;2
642;2
643;0
644;2
645;0
646;2
647;0
648;0
649;2
650;0
651;1
652;0
653;0
654;1
655;0
656;0
657;0
658;0
659;0
660;1
661;0
662;2
663;0
664;0
665;0
666;0
667;2
668;0
669;0
670;0
671;0
672;2
673;0
674;0
675;0
676;2
677;1
678;0
679;2
680;0
681;0
682;0
683;0
684;0
685;0
686;0
687;0
688;0
689;1
690;2
691;0
692;2
693;0
694;0
695;0
696;2
697;0
698;0
699;1
700;0
701;0
702;1
703;0
704;1
705;0
706;0
707;2
708;1
709;0
710;2
711;1
712;2
713;0
714;2
715;0
716;0
717;0
718;0
719;0
720;0
721;0
722;0
723;0
724;2
725;0
726;0
727;0
728;0
729;0
730;0
731;0
732;2
733;2
734;2
735;0
736;0
737;0
738;0
739;0
740;2
741;2
742;2
743;2
744;1
745;0
746;2
747;0
748;4
749;0
750;0
751;0
752;0
753;0
754;0
755;0
756;4
757;2
758;0
759;0
760;2
761;2
762;0
763;0
764;1
765;0
766;2
767;0
768;2
769;0
770;0
771;0
772;4
773;0
774;1
775;0
776;0
777;2
778;2
779;2
780;2
781;0
782;0
783;0
784;1
785;0
786;0
787;0
788;1
789;0
790;0
791;0
792;0
793;0
794;0
795;0
796;0
797;0
798;1
799;0
800;1
801;0
802;1
803;0
804;1
805;0
806;0
807;2
808;2
809;0
810;2
811;1
812;0
813;0
814;2
815;0
816;2
817;1
818;0
819;0
820;0
821;0
822;0
823;2
824;2
825;0
826;0
827;1
828;2
829;0
830;0
831;0
832;1
833;0
834;0
835;0
836;0
837;0
838;0
839;0
840;0
841;2
842;0
843;0
844;0
845;2
846;2
847;2
848;2
849;2
850;0
851;0
852;0
853;0
854;0
855;2
856;2
857;1
858;1
859;0
860;0
861;2
862;0
863;2
864;1
865;0
866;0
867;0
868;2
869;1
870;0
871;0
872;1
873;0
874;0
875;1
876;0
877;2
878;0
879;0
880;0
881;2
882;1
883;0
884;1
885;0
886;0
887;0
888;1
889;2
890;1
891;0
892;4
893;0
894;0
895;0
896;1
897;0
898;0
899;0
900;2
901;0
902;0
903;0
904;0
905;1
906;0
907;0
908;0
909;1
910;0
911;0
912;0
913;0
914;1
915;0
916;1
917;0
918;0
919;2
920;1
921;1
922;0
923;2
924;2
925;0
926;0
927;0
928;1
929;0
930;0
931;2
932;0
933;1
934;0
935;0
936;0
937;2
938;1
939;0
940;0
941;2
942;0
943;0
944;0
945;0
946;0
947;2
948;0
949;0
950;0
951;2
952;2
953;0
954;0
955;0
956;2
957;0
958;1
959;0
960;0
961;0
962;1
963;0
964;2
965;0
966;0
967;0
968;1
969;0
970;0
971;0
972;0
973;0
974;2
975;0
976;0
977;0
978;0
979;0
980;0
981;2
982;0
983;0
984;0
985;2
986;0
987;0
988;1
989;0
990;0
991;0
992;2
993;0
994;2
995;0
996;2
997;2
998;0
999;0
1000;0
1001;0
1002;2
1003;0
1004;0
1005;2
1006;0
1007;1
1008;0
1009;0
1010;1
1011;0
1012;1
1013;0
1014;0
1015;0
1016;0
1017;0
1018;0
1019;0
1020;0
1021;0
1022;0
1023;0
