0;1
1;0
2;0
3;2
4;2
5;2
6;2
7;1
8;0
9;1
10;2
11;0
12;1
13;0
14;1
15;0
16;0
17;1
18;0
19;1
20;0
21;1
22;0
23;2
24;1
25;0
26;0
27;1
28;2
29;0
30;0
31;0
32;1
33;2
34;2
35;0
36;0
37;1
38;1
39;0
40;1
41;0
42;1
43;0
44;0
45;0
46;0
47;0
48;0
49;2
50;0
51;0
52;2
53;2
54;0
55;0
56;0
57;1
58;0
59;0
60;1
61;1
62;0
63;2
64;0
65;0
66;0
67;0
68;0
69;1
70;0
71;0
72;1
73;0
74;0
75;0
76;1
77;0
78;2
79;2
80;2
81;0
82;0
83;0
84;0
85;0
86;0
87;0
88;1
89;0
90;0
91;2
92;2
93;1
94;0
95;0
96;2
97;0
98;0
99;0
100;0
101;0
102;0
103;1
104;0
105;0
106;0
107;1
108;0
109;0
110;0
111;0
112;0
113;0
114;0
115;2
116;2
117;2
118;0
119;2
120;0
121;0
122;0
123;1
124;0
125;0
126;0
127;0
128;0
129;2
130;2
131;1
132;0
133;0
134;0
135;0
136;0
137;0
138;0
139;0
140;0
141;0
142;0
143;0
144;2
145;0
146;0
147;0
148;0
149;1
150;0
151;0
152;0
153;0
154;2
155;2
156;1
157;0
158;0
159;2
160;2
161;0
162;2
163;1
164;0
165;0
166;2
167;2
168;2
169;2
170;0
171;0
172;0
173;0
174;0
175;0
176;0
177;0
178;2
179;0
180;2
181;0
182;0
183;1
184;0
185;2
186;2
187;0
188;2
189;1
190;0
191;0
192;0
193;0
194;0
195;0
196;0
197;0
198;0
199;0
200;4
201;2
202;1
203;0
204;1
205;0
206;2
207;0
208;1
209;0
210;0
211;2
212;2
213;0
214;2
215;2
216;2
217;2
218;2
219;0
220;2
221;0
222;1
223;0
224;1
225;0
226;0
227;0
228;2
229;0
230;0
231;0
232;0
233;2
234;2
235;2
236;0
237;0
238;0
239;0
240;0
241;0
242;2
243;0
244;0
245;0
246;0
247;0
248;0
249;0
250;0
251;0
252;2
253;0
254;0
255;0
256;0
257;2
258;0
259;0
260;1
261;1
262;0
263;0
264;2
265;1
266;0
267;0
268;0
269;2
270;2
271;0
272;0
273;0
274;0
275;0
276;0
277;2
278;2
279;0
280;0
281;0
282;2
283;2
284;2
285;0
286;2
287;0
288;0
289;0
290;0
291;0
292;0
293;0
294;0
295;0
296;2
297;0
298;0
299;1
300;0
301;0
302;0
303;0
304;0
305;0
306;0
307;1
308;0
309;1
310;0
311;0
312;0
313;0
314;2
315;0
316;0
317;0
318;0
319;0
320;2
321;2
322;1
323;0
324;1
325;0
326;0
327;0
328;0
329;0
330;0
331;0
332;0
333;0
334;0
335;2
336;1
337;0
338;0
339;2
340;2
341;0
342;2
343;2
344;2
345;0
346;0
347;2
348;0
349;0
350;0
351;0
352;1
353;0
354;0
355;0
356;0
357;0
358;0
359;0
360;2
361;1
362;1
363;0
364;2
365;0
366;2
367;0
368;0
369;0
370;0
371;2
372;0
373;1
374;0
375;2
376;2
377;1
378;2
379;2
380;2
381;0
382;0
383;0
384;0
385;0
386;0
387;0
388;0
389;0
390;2
391;0
392;0
393;0
394;1
395;2
396;0
397;0
398;0
399;0
400;0
401;0
402;0
403;0
404;1
405;0
406;0
407;0
408;0
409;1
410;0
411;2
412;1
413;2
414;0
415;0
416;2
417;0
418;2
419;2
420;2
421;1
422;0
423;0
424;1
425;0
426;0
427;0
428;1
429;0
430;0
431;0
432;2
433;2
434;2
435;0
436;0
437;0
438;0
439;0
440;0
441;0
442;2
443;2
444;2
445;1
446;0
447;2
448;1
449;0
450;1
451;0
452;1
453;1
454;0
455;0
456;1
457;0
458;0
459;0
460;0
461;0
462;0
463;0
464;0
465;2
466;0
467;0
468;0
469;0
470;2
471;2
472;1
473;0
474;1
475;0
476;0
477;2
478;0
479;0
480;0
481;1
482;2
483;2
484;0
485;0
486;0
487;0
488;0
489;0
490;0
491;2
492;2
493;0
494;0
495;0
496;0
497;2
498;0
499;0
500;0
501;0
502;0
503;1
504;0
505;0
506;0
507;0
508;0
509;0
510;0
511;0
512;1
513;0
514;0
515;0
516;1
517;1
518;2
519;0
520;0
521;0
522;0
523;0
524;0
525;0
526;0
527;1
528;1
529;2
530;2
531;1
532;0
533;0
534;0
535;0
536;0
537;0
538;2
539;1
540;0
541;0
542;0
543;0
544;0
545;0
546;1
547;1
548;0
549;0
550;2
551;0
552;2
553;0
554;0
555;2
556;0
557;0
558;0
559;0
560;0
561;0
562;0
563;0
564;0
565;0
566;1
567;2
568;0
569;1
570;1
571;0
572;1
573;0
574;2
575;0
576;0
577;0
578;1
579;0
580;2
581;1
582;1
583;1
584;0
585;0
586;0
587;2
588;2
589;2
590;2
591;2
592;2
593;1
594;0
595;0
596;0
597;0
598;0
599;0
600;0
601;0
602;0
603;2
604;2
605;2
606;2
607;0
608;1
609;0
610;1
611;0
612;0
613;0
614;0
615;0
616;0
617;0
618;0
619;0
620;1
621;0
622;0
623;0
624;0
625;0
626;0
627;0
628;2
629;0
630;0
631;0
632;2
633;0
634;0
635;0
636;2
637;0
638;0
639;0
640;0
641;1
642;2
643;2
644;1
645;0
646;2
647;2
648;2
649;2
650;0
651;2
652;2
653;0
654;2
655;0
656;1
657;1
658;0
659;1
660;1
661;0
662;0
663;0
664;0
665;0
666;0
667;0
668;2
669;0
670;0
671;0
672;0
673;0
674;0
675;0
676;0
677;0
678;0
679;0
680;0
681;0
682;0
683;0
684;0
685;0
686;0
687;0
688;0
689;0
690;2
691;2
692;0
693;0
694;0
695;0
696;0
697;0
698;0
699;0
700;1
701;0
702;1
703;2
704;1
705;0
706;0
707;0
708;0
709;0
710;0
711;2
712;0
713;1
714;2
715;0
716;0
717;0
718;0
719;0
720;1
721;0
722;0
723;0
724;1
725;0
726;0
727;0
728;0
729;0
730;0
731;0
732;0
733;2
734;0
735;2
736;0
737;2
738;0
739;0
740;2
741;0
742;0
743;0
744;2
745;0
746;2
747;2
748;2
749;0
750;0
751;0
752;0
753;0
754;0
755;0
756;1
757;0
758;2
759;0
760;0
761;2
762;2
763;1
764;0
765;2
766;0
767;0
768;1
769;0
770;0
771;0
772;0
773;2
774;0
775;2
776;0
777;0
778;0
779;0
780;0
781;0
782;2
783;2
784;0
785;0
786;1
787;0
788;1
789;0
790;0
791;2
792;1
793;0
794;2
795;0
796;2
797;0
798;2
799;0
800;1
801;0
802;1
803;0
804;0
805;1
806;0
807;0
808;2
809;0
810;0
811;0
812;0
813;0
814;0
815;0
816;0
817;0
818;0
819;0
820;0
821;0
822;0
823;0
824;0
825;2
826;0
827;0
828;0
829;2
830;2
831;0
832;1
833;1
834;0
835;0
836;0
837;0
838;0
839;1
840;0
841;0
842;0
843;0
844;2
845;2
846;2
847;2
848;2
849;0
850;0
851;0
852;0
853;2
854;1
855;2
856;1
857;0
858;0
859;0
860;0
861;0
862;2
863;0
864;1
865;0
866;0
867;1
868;0
869;0
870;2
871;0
872;0
873;0
874;0
875;0
876;0
877;2
878;0
879;0
880;0
881;2
882;0
883;0
884;0
885;1
886;0
887;0
888;0
889;0
890;0
891;0
892;0
893;1
894;1
895;0
896;0
897;1
898;1
899;1
900;1
901;0
902;0
903;2
904;0
905;0
906;2
907;2
908;1
909;0
910;1
911;0
912;0
913;2
914;0
915;0
916;2
917;0
918;0
919;2
920;2
921;0
922;0
923;0
924;2
925;2
926;0
927;0
928;0
929;0
930;0
931;0
932;0
933;0
934;0
935;1
936;0
937;0
938;1
939;0
940;4
941;0
942;0
943;0
944;0
945;2
946;2
947;2
948;2
949;1
950;0
951;0
952;1
953;2
954;2
955;1
956;0
957;0
958;2
959;0
960;0
961;0
962;1
963;0
964;0
965;0
966;0
967;1
968;0
969;0
970;0
971;0
972;2
973;1
974;1
975;0
976;0
977;0
978;0
979;0
980;0
981;0
982;0
983;0
984;0
985;0
986;1
987;0
988;1
989;0
990;2
991;1
992;0
993;0
994;0
995;0
996;0
997;1
998;0
999;2
1000;0
1001;1
1002;0
1003;0
1004;1
1005;0
1006;0
1007;0
1008;0
1009;0
1010;2
1011;1
1012;0
1013;0
1014;0
1015;0
1016;0
1017;0
1018;0
1019;0
1020;0
1021;0
1022;0
1023;0
