0;0
1;0
2;0
3;2
4;4
5;0
6;1
7;2
8;2
9;0
10;2
11;0
12;2
13;0
14;0
15;1
16;0
17;2
18;0
19;2
20;2
21;1
22;0
23;0
24;1
25;1
26;2
27;0
28;0
29;0
30;0
31;2
32;0
33;0
34;0
35;2
36;0
37;0
38;1
39;0
40;1
41;2
42;0
43;0
44;2
45;2
46;0
47;0
48;0
49;0
50;0
51;0
52;0
53;0
54;0
55;0
56;0
57;1
58;0
59;1
60;1
61;0
62;0
63;1
64;1
65;0
66;0
67;0
68;1
69;0
70;0
71;2
72;4
73;1
74;0
75;2
76;2
77;0
78;0
79;0
80;2
81;0
82;1
83;0
84;0
85;0
86;1
87;0
88;0
89;0
90;2
91;0
92;2
93;0
94;2
95;1
96;1
97;1
98;0
99;0
100;2
101;2
102;2
103;2
104;0
105;0
106;0
107;0
108;2
109;0
110;0
111;0
112;1
113;2
114;1
115;0
116;0
117;0
118;0
119;0
120;0
121;2
122;0
123;0
124;0
125;0
126;0
127;0
128;0
129;0
130;0
131;0
132;0
133;1
134;1
135;0
136;1
137;0
138;0
139;0
140;2
141;0
142;2
143;0
144;0
145;0
146;0
147;0
148;0
149;2
150;2
151;2
152;1
153;0
154;2
155;0
156;0
157;0
158;0
159;0
160;0
161;0
162;2
163;0
164;1
165;0
166;1
167;0
168;0
169;0
170;0
171;0
172;2
173;0
174;0
175;0
176;0
177;0
178;2
179;0
180;0
181;0
182;0
183;0
184;1
185;0
186;0
187;0
188;2
189;0
190;2
191;0
192;2
193;0
194;2
195;0
196;2
197;0
198;0
199;0
200;0
201;0
202;0
203;0
204;0
205;2
206;0
207;0
208;1
209;0
210;0
211;2
212;0
213;2
214;1
215;0
216;2
217;0
218;2
219;0
220;0
221;0
222;0
223;0
224;0
225;0
226;0
227;0
228;0
229;0
230;0
231;2
232;1
233;0
234;0
235;0
236;0
237;2
238;2
239;2
240;0
241;0
242;0
243;0
244;0
245;1
246;0
247;0
248;0
249;1
250;0
251;2
252;1
253;0
254;0
255;2
256;0
257;0
258;1
259;0
260;0
261;2
262;1
263;0
264;2
265;0
266;0
267;2
268;2
269;2
270;0
271;2
272;2
273;0
274;2
275;0
276;0
277;0
278;0
279;2
280;0
281;0
282;2
283;0
284;2
285;0
286;0
287;0
288;2
289;1
290;0
291;2
292;1
293;0
294;0
295;0
296;0
297;1
298;0
299;2
300;1
301;0
302;0
303;1
304;0
305;0
306;0
307;0
308;1
309;2
310;0
311;0
312;2
313;0
314;0
315;2
316;2
317;0
318;0
319;0
320;0
321;0
322;2
323;0
324;2
325;0
326;0
327;0
328;0
329;0
330;2
331;2
332;1
333;0
334;0
335;2
336;0
337;0
338;2
339;2
340;2
341;0
342;2
343;2
344;2
345;2
346;0
347;0
348;1
349;2
350;0
351;1
352;2
353;2
354;0
355;1
356;0
357;0
358;0
359;2
360;1
361;0
362;2
363;1
364;0
365;1
366;0
367;2
368;4
369;0
370;0
371;2
372;2
373;0
374;0
375;0
376;1
377;0
378;0
379;0
380;0
381;0
382;0
383;0
384;2
385;0
386;0
387;0
388;0
389;0
390;0
391;2
392;2
393;2
394;0
395;0
396;2
397;0
398;0
399;0
400;2
401;2
402;2
403;2
404;1
405;0
406;0
407;0
408;1
409;2
410;2
411;1
412;0
413;0
414;2
415;0
416;2
417;2
418;1
419;0
420;0
421;1
422;1
423;0
424;0
425;1
426;0
427;0
428;0
429;0
430;0
431;0
432;0
433;0
434;1
435;0
436;0
437;2
438;1
439;0
440;2
441;1
442;0
443;0
444;0
445;0
446;0
447;0
448;0
449;2
450;2
451;2
452;2
453;0
454;0
455;0
456;0
457;2
458;0
459;0
460;2
461;2
462;0
463;0
464;0
465;0
466;0
467;2
468;2
469;0
470;2
471;0
472;2
473;2
474;2
475;0
476;2
477;0
478;0
479;0
480;2
481;1
482;0
483;1
484;0
485;0
486;2
487;1
488;0
489;0
490;0
491;2
492;1
493;2
494;2
495;2
496;2
497;0
498;0
499;0
500;1
501;0
502;0
503;0
504;2
505;2
506;0
507;0
508;4
509;0
510;0
511;0
512;2
513;0
514;0
515;0
516;2
517;0
518;0
519;0
520;0
521;2
522;1
523;2
524;1
525;0
526;1
527;0
528;1
529;0
530;1
531;0
532;2
533;0
534;0
535;0
536;2
537;2
538;0
539;2
540;2
541;0
542;2
543;2
544;2
545;0
546;0
547;0
548;0
549;0
550;0
551;0
552;0
553;0
554;0
555;0
556;0
557;0
558;0
559;0
560;0
561;0
562;1
563;0
564;0
565;0
566;0
567;2
568;1
569;2
570;0
571;2
572;1
573;0
574;2
575;2
576;2
577;0
578;0
579;0
580;2
581;2
582;0
583;2
584;2
585;0
586;0
587;0
588;1
589;0
590;0
591;0
592;0
593;0
594;0
595;0
596;0
597;2
598;0
599;2
600;0
601;0
602;2
603;0
604;2
605;0
606;0
607;2
608;2
609;0
610;2
611;2
612;1
613;0
614;2
615;0
616;2
617;0
618;0
619;2
620;2
621;1
622;0
623;0
624;0
625;0
626;0
627;2
628;0
629;2
630;0
631;0
632;0
633;0
634;0
635;0
636;0
637;0
638;0
639;0
640;0
641;2
642;2
643;0
644;2
645;0
646;2
647;0
648;0
649;2
650;0
651;1
652;0
653;0
654;0
655;0
656;0
657;0
658;0
659;0
660;1
661;0
662;2
663;0
664;1
665;0
666;0
667;2
668;0
669;0
670;0
671;0
672;2
673;0
674;0
675;0
676;2
677;0
678;0
679;0
680;0
681;0
682;0
683;0
684;0
685;2
686;0
687;0
688;1
689;1
690;0
691;0
692;1
693;0
694;2
695;2
696;2
697;0
698;0
699;0
700;1
701;0
702;0
703;2
704;2
705;0
706;0
707;2
708;4
709;0
710;2
711;2
712;2
713;0
714;0
715;0
716;1
717;0
718;0
719;0
720;0
721;1
722;0
723;0
724;1
725;0
726;0
727;0
728;0
729;0
730;0
731;0
732;2
733;0
734;2
735;1
736;0
737;0
738;0
739;2
740;0
741;2
742;2
743;2
744;2
745;0
746;0
747;0
748;1
749;0
750;0
751;0
752;0
753;0
754;0
755;0
756;2
757;2
758;0
759;2
760;2
761;2
762;0
763;2
764;0
765;0
766;0
767;0
768;2
769;0
770;0
771;0
772;2
773;0
774;0
775;2
776;0
777;0
778;2
779;2
780;2
781;0
782;2
783;0
784;0
785;0
786;0
787;0
788;1
789;2
790;0
791;0
792;1
793;0
794;0
795;0
796;0
797;0
798;0
799;1
800;1
801;0
802;0
803;2
804;0
805;0
806;0
807;0
808;2
809;0
810;2
811;2
812;2
813;0
814;0
815;0
816;0
817;1
818;0
819;0
820;0
821;0
822;0
823;2
824;1
825;1
826;0
827;1
828;0
829;2
830;0
831;0
832;0
833;0
834;0
835;0
836;0
837;0
838;0
839;0
840;0
841;2
842;0
843;1
844;0
845;0
846;1
847;0
848;2
849;2
850;0
851;0
852;0
853;0
854;0
855;0
856;0
857;0
858;0
859;0
860;0
861;2
862;0
863;2
864;0
865;2
866;0
867;0
868;1
869;0
870;0
871;0
872;2
873;0
874;0
875;0
876;0
877;2
878;0
879;2
880;0
881;0
882;2
883;2
884;1
885;0
886;0
887;0
888;0
889;2
890;1
891;2
892;1
893;0
894;0
895;0
896;2
897;0
898;1
899;0
900;2
901;0
902;0
903;0
904;0
905;1
906;0
907;1
908;0
909;2
910;2
911;2
912;1
913;0
914;2
915;2
916;1
917;0
918;0
919;2
920;2
921;0
922;2
923;2
924;2
925;0
926;0
927;0
928;0
929;0
930;0
931;0
932;1
933;0
934;0
935;0
936;0
937;2
938;2
939;2
940;2
941;2
942;0
943;0
944;0
945;0
946;0
947;0
948;0
949;0
950;1
951;0
952;2
953;0
954;0
955;0
956;2
957;0
958;0
959;0
960;0
961;0
962;1
963;0
964;2
965;0
966;1
967;0
968;1
969;0
970;0
971;0
972;2
973;2
974;2
975;1
976;0
977;0
978;0
979;0
980;1
981;0
982;0
983;0
984;0
985;1
986;0
987;0
988;0
989;0
990;1
991;2
992;0
993;0
994;2
995;2
996;2
997;2
998;0
999;0
1000;0
1001;0
1002;2
1003;1
1004;0
1005;1
1006;0
1007;0
1008;1
1009;0
1010;1
1011;0
1012;1
1013;1
1014;0
1015;0
1016;0
1017;0
1018;0
1019;0
1020;0
1021;0
1022;0
1023;0
