0;1
1;1
2;0
3;0
4;4
5;0
6;0
7;2
8;0
9;1
10;2
11;0
12;1
13;0
14;1
15;0
16;0
17;2
18;2
19;0
20;0
21;2
22;0
23;0
24;2
25;0
26;0
27;2
28;2
29;0
30;0
31;0
32;0
33;0
34;2
35;0
36;0
37;1
38;1
39;0
40;1
41;0
42;1
43;0
44;2
45;1
46;0
47;0
48;0
49;2
50;0
51;0
52;2
53;0
54;0
55;0
56;0
57;1
58;0
59;0
60;2
61;0
62;0
63;2
64;0
65;0
66;0
67;0
68;0
69;0
70;0
71;0
72;0
73;0
74;0
75;0
76;1
77;0
78;2
79;0
80;0
81;0
82;0
83;2
84;0
85;0
86;1
87;0
88;1
89;0
90;0
91;0
92;2
93;0
94;2
95;1
96;0
97;0
98;2
99;0
100;0
101;0
102;0
103;0
104;0
105;0
106;0
107;0
108;0
109;0
110;0
111;0
112;0
113;1
114;0
115;0
116;2
117;0
118;0
119;0
120;0
121;2
122;2
123;2
124;2
125;0
126;0
127;0
128;0
129;2
130;2
131;0
132;1
133;0
134;1
135;0
136;2
137;0
138;0
139;2
140;1
141;0
142;2
143;0
144;0
145;0
146;0
147;0
148;1
149;0
150;1
151;0
152;0
153;0
154;0
155;0
156;0
157;1
158;0
159;0
160;0
161;0
162;0
163;2
164;0
165;0
166;2
167;0
168;1
169;0
170;1
171;0
172;0
173;1
174;0
175;0
176;0
177;0
178;0
179;0
180;1
181;0
182;1
183;0
184;0
185;0
186;0
187;0
188;2
189;0
190;0
191;0
192;2
193;0
194;0
195;0
196;2
197;0
198;1
199;0
200;0
201;0
202;0
203;1
204;0
205;0
206;1
207;0
208;2
209;1
210;0
211;0
212;2
213;0
214;0
215;0
216;0
217;0
218;2
219;1
220;0
221;0
222;0
223;0
224;0
225;0
226;0
227;0
228;2
229;0
230;0
231;0
232;0
233;2
234;0
235;0
236;0
237;2
238;0
239;0
240;2
241;0
242;0
243;0
244;0
245;0
246;0
247;2
248;1
249;2
250;0
251;0
252;0
253;0
254;2
255;0
256;0
257;0
258;1
259;0
260;0
261;0
262;2
263;0
264;0
265;2
266;0
267;0
268;0
269;2
270;0
271;2
272;0
273;0
274;1
275;0
276;0
277;0
278;2
279;0
280;1
281;0
282;1
283;0
284;0
285;1
286;0
287;1
288;0
289;0
290;0
291;0
292;2
293;0
294;0
295;1
296;0
297;1
298;0
299;0
300;0
301;0
302;1
303;0
304;0
305;0
306;0
307;0
308;1
309;2
310;2
311;2
312;1
313;0
314;0
315;2
316;0
317;0
318;2
319;2
320;0
321;0
322;1
323;2
324;1
325;0
326;2
327;2
328;2
329;2
330;2
331;2
332;1
333;0
334;0
335;0
336;0
337;1
338;1
339;0
340;2
341;0
342;0
343;0
344;0
345;0
346;0
347;2
348;0
349;0
350;1
351;0
352;1
353;0
354;0
355;2
356;4
357;0
358;2
359;1
360;0
361;0
362;2
363;0
364;1
365;0
366;1
367;0
368;0
369;0
370;0
371;0
372;0
373;2
374;0
375;2
376;0
377;0
378;1
379;0
380;0
381;0
382;2
383;2
384;0
385;2
386;0
387;1
388;2
389;0
390;0
391;0
392;0
393;0
394;2
395;0
396;0
397;0
398;0
399;0
400;0
401;0
402;0
403;0
404;2
405;2
406;0
407;2
408;0
409;0
410;0
411;0
412;2
413;0
414;2
415;0
416;1
417;2
418;1
419;0
420;2
421;0
422;0
423;2
424;1
425;1
426;0
427;0
428;2
429;0
430;0
431;2
432;2
433;0
434;1
435;0
436;0
437;0
438;0
439;0
440;0
441;0
442;0
443;1
444;0
445;0
446;1
447;0
448;1
449;0
450;0
451;0
452;0
453;0
454;0
455;0
456;1
457;0
458;2
459;2
460;1
461;0
462;0
463;2
464;4
465;0
466;2
467;2
468;2
469;0
470;2
471;0
472;2
473;0
474;2
475;2
476;1
477;0
478;0
479;0
480;2
481;2
482;2
483;0
484;0
485;0
486;0
487;0
488;0
489;0
490;0
491;2
492;2
493;0
494;0
495;0
496;0
497;0
498;0
499;2
500;1
501;1
502;0
503;0
504;0
505;0
506;0
507;0
508;0
509;0
510;0
511;1
512;2
513;2
514;2
515;0
516;2
517;2
518;0
519;0
520;0
521;2
522;2
523;0
524;0
525;0
526;2
527;1
528;2
529;0
530;2
531;1
532;0
533;0
534;0
535;0
536;1
537;0
538;0
539;0
540;0
541;2
542;1
543;0
544;0
545;0
546;0
547;2
548;1
549;0
550;0
551;0
552;0
553;2
554;1
555;0
556;0
557;2
558;2
559;0
560;0
561;0
562;1
563;0
564;0
565;1
566;0
567;0
568;2
569;0
570;2
571;0
572;0
573;0
574;0
575;1
576;0
577;0
578;0
579;0
580;2
581;2
582;0
583;1
584;0
585;0
586;1
587;0
588;0
589;0
590;0
591;0
592;0
593;0
594;0
595;0
596;1
597;0
598;0
599;0
600;2
601;0
602;1
603;0
604;2
605;0
606;0
607;0
608;2
609;0
610;0
611;0
612;2
613;0
614;0
615;0
616;0
617;0
618;2
619;0
620;0
621;2
622;0
623;0
624;2
625;2
626;0
627;0
628;1
629;0
630;0
631;0
632;1
633;0
634;0
635;0
636;0
637;0
638;0
639;0
640;0
641;0
642;0
643;0
644;2
645;2
646;0
647;2
648;0
649;0
650;0
651;0
652;0
653;0
654;1
655;0
656;0
657;0
658;0
659;0
660;0
661;0
662;0
663;0
664;2
665;0
666;0
667;2
668;0
669;0
670;0
671;0
672;0
673;0
674;0
675;2
676;1
677;0
678;1
679;0
680;1
681;0
682;0
683;0
684;0
685;0
686;0
687;0
688;0
689;1
690;0
691;0
692;1
693;0
694;0
695;0
696;1
697;0
698;0
699;0
700;1
701;0
702;2
703;0
704;0
705;0
706;0
707;1
708;0
709;0
710;2
711;2
712;2
713;0
714;2
715;0
716;1
717;0
718;0
719;0
720;0
721;0
722;0
723;0
724;0
725;2
726;0
727;0
728;0
729;0
730;1
731;0
732;2
733;0
734;0
735;2
736;2
737;0
738;2
739;0
740;0
741;0
742;0
743;0
744;1
745;0
746;0
747;0
748;1
749;0
750;2
751;0
752;0
753;0
754;0
755;2
756;1
757;0
758;2
759;0
760;0
761;1
762;0
763;2
764;0
765;0
766;0
767;0
768;2
769;0
770;2
771;2
772;0
773;0
774;1
775;0
776;0
777;2
778;0
779;0
780;1
781;0
782;0
783;0
784;0
785;1
786;0
787;0
788;0
789;0
790;0
791;1
792;0
793;0
794;0
795;0
796;0
797;0
798;1
799;0
800;0
801;2
802;0
803;0
804;0
805;2
806;1
807;0
808;1
809;1
810;0
811;0
812;1
813;0
814;2
815;2
816;1
817;1
818;0
819;2
820;2
821;0
822;2
823;1
824;0
825;0
826;2
827;0
828;2
829;0
830;0
831;1
832;0
833;0
834;2
835;0
836;0
837;0
838;2
839;0
840;0
841;0
842;2
843;2
844;2
845;0
846;0
847;0
848;0
849;2
850;0
851;2
852;1
853;0
854;1
855;1
856;2
857;1
858;1
859;0
860;0
861;0
862;1
863;0
864;0
865;0
866;1
867;0
868;0
869;0
870;0
871;0
872;0
873;0
874;2
875;0
876;0
877;2
878;0
879;0
880;1
881;0
882;0
883;0
884;0
885;0
886;2
887;0
888;0
889;1
890;1
891;0
892;0
893;1
894;0
895;1
896;0
897;0
898;0
899;0
900;0
901;2
902;2
903;2
904;1
905;0
906;0
907;2
908;1
909;0
910;0
911;2
912;2
913;0
914;2
915;2
916;2
917;0
918;2
919;0
920;2
921;0
922;0
923;2
924;0
925;0
926;1
927;0
928;0
929;0
930;0
931;0
932;1
933;0
934;0
935;0
936;0
937;0
938;0
939;0
940;0
941;2
942;0
943;1
944;0
945;0
946;1
947;0
948;4
949;0
950;2
951;0
952;0
953;2
954;2
955;2
956;2
957;0
958;1
959;0
960;0
961;2
962;2
963;2
964;1
965;0
966;0
967;2
968;0
969;0
970;0
971;0
972;0
973;0
974;1
975;0
976;0
977;1
978;0
979;0
980;0
981;2
982;0
983;1
984;0
985;1
986;1
987;0
988;0
989;0
990;0
991;0
992;0
993;0
994;1
995;0
996;1
997;0
998;0
999;2
1000;0
1001;0
1002;0
1003;0
1004;0
1005;0
1006;0
1007;2
1008;0
1009;0
1010;2
1011;0
1012;1
1013;0
1014;0
1015;0
1016;0
1017;0
1018;0
1019;0
1020;0
1021;0
1022;0
1023;0
