0;1
1;0
2;0
3;2
4;4
5;0
6;2
7;2
8;2
9;4
10;2
11;1
12;4
13;0
14;0
15;0
16;0
17;1
18;2
19;2
20;2
21;0
22;0
23;0
24;1
25;0
26;0
27;0
28;2
29;0
30;0
31;0
32;0
33;2
34;2
35;0
36;1
37;0
38;0
39;0
40;1
41;0
42;1
43;0
44;1
45;0
46;0
47;0
48;0
49;2
50;0
51;0
52;1
53;0
54;0
55;0
56;0
57;0
58;0
59;0
60;1
61;1
62;0
63;2
64;0
65;0
66;0
67;0
68;0
69;0
70;0
71;0
72;0
73;0
74;2
75;0
76;2
77;2
78;2
79;2
80;0
81;0
82;0
83;0
84;0
85;0
86;2
87;2
88;1
89;0
90;0
91;2
92;4
93;0
94;0
95;2
96;2
97;0
98;2
99;0
100;1
101;0
102;0
103;0
104;1
105;0
106;2
107;2
108;2
109;0
110;0
111;0
112;0
113;0
114;0
115;0
116;0
117;0
118;2
119;1
120;0
121;2
122;0
123;0
124;2
125;2
126;0
127;2
128;2
129;2
130;0
131;0
132;0
133;2
134;2
135;2
136;2
137;0
138;2
139;0
140;0
141;2
142;2
143;2
144;2
145;2
146;0
147;0
148;0
149;0
150;0
151;0
152;2
153;0
154;2
155;0
156;0
157;0
158;0
159;2
160;0
161;2
162;2
163;0
164;2
165;2
166;0
167;0
168;2
169;0
170;0
171;0
172;2
173;0
174;0
175;1
176;1
177;1
178;0
179;0
180;0
181;2
182;0
183;0
184;2
185;0
186;0
187;0
188;0
189;2
190;2
191;0
192;0
193;0
194;1
195;0
196;0
197;0
198;0
199;1
200;0
201;0
202;1
203;0
204;1
205;0
206;1
207;0
208;2
209;0
210;0
211;2
212;0
213;0
214;2
215;1
216;0
217;1
218;1
219;0
220;0
221;0
222;0
223;0
224;2
225;0
226;0
227;0
228;2
229;2
230;2
231;0
232;0
233;2
234;0
235;0
236;2
237;0
238;0
239;0
240;0
241;2
242;0
243;2
244;0
245;2
246;0
247;0
248;0
249;0
250;2
251;0
252;0
253;0
254;0
255;0
256;0
257;1
258;2
259;0
260;0
261;2
262;2
263;0
264;0
265;0
266;0
267;2
268;2
269;0
270;0
271;0
272;0
273;2
274;0
275;0
276;0
277;0
278;0
279;0
280;1
281;2
282;0
283;0
284;0
285;0
286;0
287;0
288;2
289;0
290;0
291;1
292;0
293;1
294;0
295;0
296;0
297;0
298;0
299;0
300;0
301;0
302;0
303;0
304;0
305;1
306;0
307;2
308;1
309;0
310;0
311;0
312;0
313;0
314;0
315;0
316;0
317;0
318;0
319;1
320;2
321;1
322;0
323;2
324;2
325;2
326;2
327;0
328;1
329;0
330;0
331;0
332;2
333;1
334;1
335;2
336;0
337;0
338;2
339;2
340;2
341;2
342;0
343;0
344;0
345;1
346;0
347;2
348;4
349;1
350;0
351;2
352;2
353;0
354;0
355;0
356;2
357;2
358;0
359;2
360;0
361;0
362;0
363;0
364;0
365;0
366;1
367;0
368;0
369;0
370;0
371;0
372;2
373;0
374;0
375;0
376;1
377;0
378;2
379;0
380;0
381;0
382;0
383;1
384;0
385;0
386;2
387;0
388;1
389;0
390;2
391;1
392;0
393;0
394;0
395;0
396;4
397;0
398;2
399;0
400;2
401;2
402;2
403;0
404;1
405;0
406;0
407;1
408;0
409;0
410;0
411;0
412;0
413;0
414;0
415;0
416;0
417;0
418;2
419;2
420;2
421;1
422;0
423;0
424;1
425;1
426;1
427;0
428;0
429;2
430;0
431;2
432;1
433;0
434;0
435;0
436;0
437;0
438;0
439;0
440;0
441;0
442;0
443;0
444;0
445;0
446;0
447;1
448;1
449;0
450;0
451;0
452;0
453;0
454;0
455;0
456;0
457;2
458;0
459;1
460;0
461;0
462;0
463;0
464;0
465;2
466;2
467;2
468;1
469;0
470;0
471;0
472;0
473;0
474;0
475;0
476;0
477;0
478;0
479;0
480;0
481;0
482;0
483;0
484;2
485;0
486;0
487;0
488;2
489;0
490;0
491;0
492;1
493;1
494;0
495;0
496;0
497;0
498;0
499;0
500;0
501;0
502;0
503;0
504;2
505;0
506;2
507;2
508;2
509;2
510;0
511;0
512;0
513;0
514;2
515;0
516;0
517;0
518;0
519;2
520;0
521;0
522;0
523;0
524;0
525;0
526;0
527;0
528;1
529;0
530;0
531;0
532;0
533;0
534;1
535;2
536;0
537;0
538;1
539;0
540;0
541;0
542;2
543;0
544;0
545;0
546;0
547;0
548;0
549;2
550;2
551;0
552;0
553;0
554;1
555;2
556;0
557;2
558;1
559;0
560;2
561;0
562;0
563;0
564;0
565;0
566;0
567;0
568;0
569;0
570;0
571;0
572;0
573;2
574;0
575;0
576;1
577;0
578;0
579;0
580;0
581;0
582;1
583;1
584;0
585;0
586;2
587;0
588;1
589;0
590;0
591;0
592;0
593;0
594;0
595;0
596;2
597;0
598;0
599;0
600;2
601;0
602;0
603;0
604;1
605;0
606;0
607;0
608;0
609;0
610;0
611;0
612;0
613;0
614;2
615;2
616;2
617;0
618;0
619;0
620;2
621;0
622;0
623;0
624;1
625;2
626;0
627;0
628;0
629;0
630;0
631;0
632;0
633;0
634;0
635;0
636;2
637;0
638;0
639;2
640;0
641;0
642;0
643;0
644;0
645;0
646;0
647;0
648;0
649;0
650;2
651;0
652;0
653;0
654;0
655;0
656;0
657;0
658;2
659;2
660;0
661;0
662;0
663;0
664;2
665;2
666;0
667;2
668;1
669;0
670;0
671;0
672;1
673;0
674;0
675;2
676;2
677;0
678;1
679;2
680;2
681;0
682;2
683;2
684;0
685;2
686;1
687;0
688;0
689;0
690;0
691;0
692;1
693;1
694;1
695;0
696;0
697;0
698;0
699;0
700;0
701;0
702;0
703;0
704;0
705;0
706;0
707;0
708;0
709;0
710;0
711;0
712;0
713;0
714;0
715;0
716;0
717;2
718;0
719;0
720;0
721;2
722;0
723;0
724;2
725;0
726;0
727;1
728;0
729;0
730;0
731;0
732;0
733;0
734;2
735;0
736;1
737;0
738;0
739;0
740;0
741;0
742;2
743;1
744;0
745;1
746;1
747;0
748;1
749;0
750;0
751;0
752;0
753;1
754;0
755;0
756;0
757;0
758;0
759;0
760;0
761;1
762;2
763;2
764;0
765;0
766;1
767;0
768;0
769;0
770;1
771;0
772;0
773;0
774;0
775;0
776;2
777;0
778;0
779;1
780;0
781;2
782;0
783;0
784;0
785;0
786;0
787;0
788;0
789;0
790;2
791;1
792;0
793;0
794;0
795;1
796;1
797;0
798;2
799;2
800;2
801;0
802;2
803;0
804;1
805;2
806;0
807;0
808;0
809;2
810;2
811;2
812;1
813;1
814;0
815;0
816;0
817;1
818;0
819;0
820;0
821;0
822;0
823;0
824;1
825;1
826;2
827;2
828;1
829;1
830;0
831;0
832;0
833;0
834;1
835;2
836;1
837;0
838;0
839;2
840;0
841;0
842;0
843;0
844;0
845;0
846;0
847;0
848;0
849;2
850;0
851;0
852;0
853;0
854;1
855;0
856;0
857;2
858;2
859;0
860;1
861;0
862;2
863;0
864;1
865;2
866;0
867;0
868;0
869;0
870;2
871;0
872;0
873;0
874;1
875;0
876;0
877;1
878;0
879;2
880;0
881;0
882;0
883;2
884;0
885;0
886;1
887;0
888;1
889;0
890;2
891;0
892;0
893;0
894;0
895;2
896;0
897;0
898;0
899;0
900;0
901;0
902;1
903;0
904;0
905;2
906;2
907;0
908;0
909;0
910;0
911;0
912;0
913;2
914;0
915;2
916;0
917;0
918;1
919;0
920;2
921;0
922;2
923;1
924;0
925;2
926;2
927;2
928;0
929;0
930;0
931;0
932;0
933;1
934;0
935;2
936;2
937;0
938;0
939;0
940;2
941;0
942;0
943;1
944;0
945;0
946;0
947;0
948;0
949;2
950;2
951;0
952;0
953;2
954;1
955;0
956;0
957;0
958;0
959;0
960;0
961;0
962;0
963;0
964;0
965;0
966;0
967;2
968;0
969;0
970;0
971;2
972;0
973;2
974;0
975;0
976;0
977;1
978;0
979;0
980;0
981;0
982;0
983;0
984;2
985;0
986;0
987;0
988;0
989;0
990;2
991;0
992;1
993;0
994;0
995;1
996;0
997;1
998;2
999;2
1000;2
1001;0
1002;2
1003;1
1004;0
1005;0
1006;1
1007;0
1008;2
1009;0
1010;0
1011;1
1012;0
1013;0
1014;1
1015;1
1016;0
1017;0
1018;0
1019;0
1020;0
1021;0
1022;0
1023;0
