0;0
1;0
2;0
3;2
4;4
5;0
6;2
7;2
8;2
9;0
10;2
11;0
12;2
13;0
14;0
15;0
16;0
17;2
18;2
19;2
20;2
21;2
22;2
23;2
24;0
25;1
26;2
27;2
28;2
29;0
30;0
31;2
32;0
33;0
34;0
35;0
36;0
37;0
38;0
39;1
40;0
41;0
42;1
43;0
44;2
45;0
46;0
47;1
48;0
49;0
50;0
51;0
52;0
53;0
54;0
55;0
56;0
57;0
58;0
59;2
60;1
61;0
62;0
63;0
64;0
65;0
66;0
67;1
68;0
69;0
70;2
71;2
72;1
73;0
74;0
75;0
76;0
77;0
78;0
79;0
80;2
81;0
82;2
83;1
84;1
85;2
86;0
87;0
88;0
89;0
90;2
91;2
92;2
93;0
94;0
95;1
96;0
97;0
98;2
99;2
100;1
101;0
102;0
103;2
104;4
105;0
106;2
107;2
108;2
109;0
110;2
111;0
112;2
113;1
114;0
115;0
116;0
117;0
118;0
119;0
120;0
121;2
122;1
123;0
124;2
125;2
126;1
127;1
128;0
129;0
130;0
131;0
132;0
133;0
134;0
135;0
136;0
137;0
138;0
139;1
140;0
141;1
142;1
143;1
144;1
145;0
146;0
147;0
148;1
149;0
150;2
151;2
152;1
153;0
154;0
155;2
156;4
157;0
158;2
159;2
160;2
161;0
162;2
163;0
164;2
165;0
166;1
167;2
168;1
169;0
170;0
171;2
172;2
173;0
174;2
175;2
176;0
177;0
178;0
179;0
180;1
181;0
182;0
183;0
184;0
185;0
186;2
187;0
188;0
189;0
190;0
191;0
192;0
193;0
194;0
195;1
196;0
197;0
198;0
199;0
200;0
201;0
202;0
203;0
204;0
205;0
206;0
207;0
208;2
209;0
210;0
211;0
212;2
213;0
214;0
215;1
216;0
217;0
218;0
219;1
220;2
221;2
222;1
223;0
224;2
225;0
226;2
227;0
228;0
229;0
230;0
231;0
232;0
233;0
234;0
235;0
236;0
237;0
238;0
239;2
240;1
241;0
242;0
243;0
244;0
245;2
246;2
247;2
248;0
249;0
250;0
251;0
252;0
253;0
254;0
255;0
256;0
257;2
258;2
259;2
260;2
261;2
262;0
263;0
264;0
265;0
266;2
267;2
268;2
269;0
270;0
271;0
272;0
273;0
274;2
275;0
276;0
277;0
278;0
279;0
280;2
281;2
282;1
283;2
284;1
285;0
286;0
287;0
288;0
289;1
290;0
291;0
292;1
293;0
294;2
295;0
296;1
297;0
298;0
299;2
300;2
301;0
302;2
303;1
304;0
305;0
306;2
307;2
308;1
309;2
310;0
311;0
312;2
313;0
314;1
315;0
316;0
317;0
318;0
319;0
320;2
321;0
322;0
323;0
324;0
325;0
326;0
327;0
328;0
329;0
330;2
331;0
332;0
333;0
334;0
335;0
336;1
337;0
338;0
339;0
340;1
341;0
342;0
343;2
344;2
345;0
346;0
347;0
348;2
349;0
350;0
351;2
352;1
353;0
354;0
355;0
356;2
357;0
358;0
359;1
360;0
361;0
362;0
363;2
364;2
365;0
366;0
367;1
368;0
369;0
370;0
371;1
372;0
373;0
374;1
375;0
376;2
377;0
378;0
379;0
380;0
381;2
382;2
383;1
384;0
385;0
386;0
387;0
388;1
389;1
390;0
391;0
392;0
393;0
394;0
395;0
396;1
397;0
398;0
399;1
400;0
401;2
402;2
403;2
404;2
405;1
406;0
407;0
408;0
409;0
410;0
411;0
412;0
413;2
414;2
415;2
416;2
417;0
418;0
419;1
420;0
421;0
422;0
423;1
424;0
425;0
426;0
427;1
428;0
429;0
430;2
431;2
432;0
433;0
434;2
435;0
436;2
437;0
438;2
439;0
440;2
441;0
442;0
443;0
444;1
445;2
446;0
447;1
448;0
449;0
450;2
451;2
452;1
453;0
454;2
455;2
456;1
457;0
458;0
459;2
460;4
461;0
462;2
463;2
464;2
465;0
466;2
467;0
468;2
469;0
470;2
471;2
472;1
473;1
474;0
475;0
476;2
477;0
478;0
479;0
480;0
481;0
482;2
483;2
484;1
485;0
486;0
487;2
488;2
489;0
490;1
491;2
492;2
493;0
494;2
495;0
496;2
497;0
498;2
499;0
500;0
501;0
502;2
503;1
504;0
505;2
506;2
507;2
508;2
509;0
510;0
511;1
512;0
513;0
514;0
515;0
516;2
517;2
518;2
519;2
520;2
521;0
522;0
523;1
524;0
525;2
526;0
527;0
528;0
529;0
530;0
531;1
532;0
533;0
534;0
535;1
536;0
537;0
538;2
539;2
540;1
541;1
542;0
543;2
544;4
545;0
546;2
547;2
548;2
549;0
550;2
551;0
552;2
553;0
554;0
555;1
556;0
557;2
558;2
559;2
560;2
561;2
562;0
563;0
564;0
565;0
566;0
567;1
568;0
569;0
570;0
571;0
572;0
573;0
574;2
575;2
576;0
577;0
578;0
579;0
580;0
581;0
582;0
583;0
584;1
585;0
586;2
587;2
588;1
589;0
590;0
591;2
592;4
593;0
594;2
595;2
596;2
597;0
598;2
599;0
600;2
601;2
602;0
603;0
604;2
605;0
606;2
607;0
608;0
609;0
610;0
611;1
612;1
613;0
614;0
615;0
616;0
617;0
618;0
619;0
620;1
621;0
622;2
623;0
624;0
625;1
626;0
627;2
628;0
629;0
630;0
631;1
632;0
633;0
634;0
635;0
636;2
637;0
638;0
639;2
640;0
641;0
642;0
643;0
644;0
645;0
646;0
647;1
648;0
649;0
650;2
651;0
652;1
653;0
654;0
655;2
656;2
657;0
658;1
659;2
660;2
661;0
662;1
663;0
664;0
665;2
666;0
667;0
668;2
669;1
670;0
671;1
672;0
673;0
674;0
675;0
676;2
677;2
678;2
679;0
680;0
681;0
682;0
683;0
684;2
685;1
686;0
687;2
688;2
689;0
690;0
691;0
692;1
693;0
694;0
695;0
696;0
697;0
698;0
699;1
700;0
701;0
702;0
703;0
704;2
705;0
706;0
707;2
708;0
709;0
710;0
711;0
712;2
713;0
714;0
715;0
716;4
717;0
718;0
719;0
720;0
721;2
722;2
723;2
724;2
725;0
726;0
727;0
728;1
729;0
730;0
731;0
732;1
733;0
734;0
735;1
736;0
737;0
738;0
739;0
740;0
741;0
742;2
743;1
744;0
745;1
746;0
747;2
748;2
749;0
750;2
751;4
752;2
753;0
754;2
755;0
756;2
757;0
758;2
759;2
760;2
761;1
762;0
763;0
764;0
765;0
766;0
767;2
768;1
769;1
770;1
771;0
772;0
773;0
774;0
775;0
776;1
777;0
778;0
779;2
780;0
781;0
782;1
783;0
784;0
785;0
786;0
787;1
788;0
789;0
790;1
791;0
792;2
793;2
794;0
795;0
796;0
797;0
798;0
799;0
800;2
801;1
802;1
803;0
804;0
805;2
806;2
807;2
808;2
809;0
810;0
811;1
812;0
813;0
814;0
815;0
816;1
817;0
818;0
819;0
820;0
821;2
822;0
823;0
824;0
825;2
826;2
827;2
828;1
829;0
830;0
831;0
832;0
833;0
834;2
835;2
836;1
837;0
838;0
839;1
840;0
841;0
842;0
843;2
844;2
845;0
846;0
847;0
848;0
849;1
850;0
851;0
852;1
853;2
854;0
855;1
856;0
857;2
858;2
859;2
860;1
861;0
862;0
863;0
864;2
865;0
866;2
867;0
868;0
869;2
870;2
871;0
872;0
873;0
874;0
875;0
876;0
877;2
878;0
879;0
880;2
881;0
882;0
883;1
884;0
885;2
886;0
887;0
888;0
889;0
890;0
891;0
892;1
893;0
894;0
895;2
896;1
897;0
898;0
899;2
900;4
901;0
902;2
903;2
904;2
905;0
906;2
907;0
908;1
909;0
910;2
911;0
912;0
913;2
914;2
915;2
916;2
917;0
918;0
919;0
920;0
921;0
922;0
923;0
924;0
925;2
926;0
927;0
928;0
929;0
930;1
931;0
932;0
933;0
934;2
935;2
936;2
937;2
938;0
939;0
940;2
941;0
942;2
943;1
944;0
945;0
946;0
947;1
948;0
949;0
950;1
951;0
952;2
953;2
954;1
955;0
956;0
957;0
958;0
959;0
960;2
961;1
962;2
963;0
964;2
965;0
966;0
967;0
968;0
969;1
970;0
971;2
972;2
973;1
974;2
975;0
976;0
977;1
978;1
979;0
980;2
981;1
982;0
983;2
984;1
985;1
986;0
987;0
988;0
989;0
990;0
991;0
992;2
993;0
994;2
995;0
996;0
997;0
998;0
999;2
1000;0
1001;0
1002;0
1003;0
1004;0
1005;0
1006;0
1007;0
1008;0
1009;1
1010;0
1011;0
1012;0
1013;1
1014;0
1015;1
1016;0
1017;0
1018;0
1019;0
1020;0
1021;0
1022;0
1023;0
