0;1
1;0
2;0
3;0
4;4
5;0
6;2
7;1
8;0
9;0
10;2
11;0
12;2
13;1
14;0
15;0
16;0
17;1
18;0
19;2
20;0
21;0
22;0
23;0
24;1
25;2
26;1
27;0
28;1
29;0
30;2
31;2
32;2
33;0
34;0
35;2
36;2
37;0
38;2
39;1
40;0
41;0
42;2
43;0
44;0
45;0
46;0
47;2
48;0
49;0
50;0
51;2
52;1
53;0
54;0
55;2
56;1
57;1
58;0
59;2
60;2
61;0
62;0
63;0
64;1
65;0
66;0
67;1
68;0
69;0
70;0
71;2
72;2
73;0
74;0
75;0
76;0
77;0
78;1
79;2
80;1
81;0
82;2
83;0
84;0
85;0
86;0
87;0
88;0
89;2
90;0
91;0
92;1
93;0
94;0
95;0
96;2
97;0
98;0
99;1
100;0
101;0
102;2
103;2
104;2
105;0
106;0
107;2
108;2
109;0
110;2
111;2
112;4
113;0
114;0
115;0
116;2
117;2
118;0
119;2
120;2
121;0
122;0
123;2
124;2
125;0
126;0
127;2
128;0
129;0
130;0
131;0
132;0
133;1
134;0
135;1
136;1
137;0
138;1
139;0
140;0
141;0
142;1
143;2
144;1
145;0
146;0
147;2
148;4
149;0
150;2
151;2
152;2
153;0
154;2
155;0
156;2
157;0
158;0
159;0
160;2
161;2
162;0
163;1
164;0
165;0
166;2
167;0
168;1
169;0
170;0
171;0
172;2
173;0
174;0
175;0
176;1
177;2
178;1
179;0
180;0
181;0
182;0
183;0
184;0
185;0
186;2
187;2
188;1
189;0
190;0
191;2
192;2
193;2
194;1
195;2
196;2
197;0
198;0
199;0
200;1
201;0
202;0
203;1
204;0
205;1
206;0
207;0
208;0
209;0
210;2
211;2
212;2
213;0
214;0
215;1
216;0
217;2
218;2
219;0
220;1
221;0
222;2
223;2
224;1
225;0
226;2
227;2
228;1
229;0
230;0
231;2
232;0
233;0
234;2
235;2
236;2
237;0
238;0
239;2
240;1
241;0
242;0
243;1
244;0
245;0
246;2
247;2
248;2
249;2
250;0
251;2
252;0
253;1
254;2
255;0
256;0
257;2
258;0
259;0
260;0
261;0
262;2
263;2
264;2
265;1
266;0
267;0
268;2
269;2
270;1
271;0
272;0
273;0
274;0
275;0
276;2
277;0
278;1
279;0
280;1
281;0
282;0
283;0
284;0
285;2
286;0
287;1
288;0
289;0
290;0
291;0
292;0
293;0
294;0
295;0
296;0
297;0
298;0
299;0
300;0
301;2
302;0
303;0
304;2
305;2
306;2
307;2
308;0
309;0
310;0
311;2
312;4
313;0
314;0
315;2
316;2
317;0
318;2
319;0
320;2
321;0
322;2
323;2
324;2
325;0
326;2
327;1
328;0
329;0
330;0
331;0
332;4
333;0
334;2
335;1
336;0
337;0
338;2
339;0
340;2
341;0
342;0
343;1
344;0
345;0
346;0
347;0
348;0
349;0
350;2
351;2
352;1
353;0
354;0
355;2
356;2
357;0
358;0
359;2
360;1
361;0
362;1
363;0
364;2
365;1
366;0
367;0
368;0
369;0
370;0
371;0
372;2
373;0
374;0
375;0
376;0
377;0
378;2
379;1
380;0
381;0
382;2
383;2
384;0
385;0
386;0
387;0
388;4
389;0
390;2
391;2
392;2
393;0
394;2
395;0
396;2
397;0
398;0
399;0
400;0
401;0
402;1
403;0
404;0
405;0
406;2
407;0
408;0
409;0
410;1
411;2
412;1
413;0
414;0
415;0
416;0
417;0
418;1
419;0
420;2
421;0
422;0
423;0
424;0
425;0
426;2
427;1
428;0
429;0
430;0
431;0
432;4
433;2
434;2
435;2
436;0
437;0
438;0
439;0
440;1
441;0
442;0
443;0
444;0
445;0
446;0
447;1
448;0
449;0
450;0
451;0
452;0
453;0
454;0
455;1
456;0
457;0
458;0
459;0
460;0
461;0
462;0
463;0
464;2
465;0
466;0
467;0
468;2
469;1
470;0
471;0
472;2
473;0
474;2
475;1
476;0
477;0
478;0
479;2
480;2
481;0
482;1
483;2
484;2
485;0
486;0
487;0
488;1
489;0
490;0
491;0
492;1
493;0
494;0
495;0
496;0
497;0
498;0
499;0
500;0
501;0
502;1
503;0
504;0
505;0
506;0
507;0
508;0
509;0
510;1
511;0
512;0
513;0
514;0
515;0
516;1
517;0
518;0
519;0
520;2
521;0
522;0
523;0
524;2
525;2
526;2
527;2
528;1
529;0
530;0
531;2
532;2
533;0
534;0
535;1
536;2
537;0
538;0
539;0
540;0
541;2
542;1
543;0
544;0
545;2
546;0
547;0
548;0
549;0
550;1
551;0
552;2
553;2
554;0
555;2
556;0
557;0
558;1
559;0
560;0
561;1
562;0
563;2
564;2
565;0
566;0
567;0
568;0
569;0
570;0
571;0
572;1
573;0
574;0
575;1
576;0
577;0
578;0
579;2
580;4
581;0
582;2
583;0
584;2
585;0
586;2
587;0
588;2
589;1
590;0
591;0
592;2
593;2
594;0
595;2
596;1
597;0
598;2
599;4
600;0
601;0
602;0
603;0
604;0
605;0
606;2
607;2
608;1
609;1
610;0
611;2
612;1
613;0
614;2
615;2
616;0
617;2
618;0
619;0
620;1
621;0
622;0
623;1
624;0
625;0
626;2
627;1
628;0
629;0
630;2
631;0
632;2
633;0
634;2
635;0
636;1
637;0
638;0
639;0
640;2
641;0
642;0
643;0
644;0
645;0
646;0
647;0
648;0
649;0
650;2
651;2
652;1
653;0
654;0
655;2
656;1
657;0
658;2
659;0
660;0
661;0
662;0
663;0
664;0
665;0
666;0
667;0
668;1
669;0
670;1
671;0
672;1
673;0
674;0
675;2
676;1
677;0
678;2
679;2
680;2
681;2
682;2
683;2
684;0
685;2
686;2
687;0
688;2
689;0
690;0
691;1
692;0
693;0
694;0
695;1
696;2
697;0
698;0
699;1
700;0
701;2
702;2
703;2
704;1
705;0
706;2
707;0
708;0
709;0
710;0
711;2
712;1
713;0
714;2
715;2
716;2
717;0
718;2
719;1
720;1
721;0
722;0
723;0
724;0
725;2
726;1
727;0
728;2
729;0
730;0
731;0
732;2
733;0
734;1
735;0
736;0
737;0
738;0
739;2
740;0
741;0
742;0
743;2
744;2
745;0
746;2
747;2
748;0
749;0
750;2
751;0
752;2
753;0
754;0
755;2
756;0
757;0
758;2
759;1
760;0
761;0
762;0
763;0
764;4
765;0
766;2
767;2
768;2
769;0
770;0
771;0
772;1
773;1
774;0
775;0
776;0
777;0
778;0
779;0
780;2
781;0
782;1
783;0
784;2
785;0
786;1
787;0
788;0
789;0
790;2
791;2
792;2
793;0
794;0
795;2
796;0
797;0
798;0
799;0
800;1
801;0
802;0
803;2
804;0
805;1
806;0
807;2
808;1
809;1
810;0
811;2
812;0
813;0
814;2
815;0
816;0
817;0
818;0
819;2
820;4
821;0
822;2
823;2
824;2
825;0
826;2
827;0
828;1
829;1
830;0
831;0
832;0
833;0
834;0
835;1
836;0
837;2
838;2
839;2
840;2
841;0
842;2
843;2
844;1
845;0
846;1
847;0
848;0
849;0
850;0
851;1
852;0
853;0
854;2
855;1
856;2
857;0
858;2
859;2
860;2
861;0
862;2
863;0
864;0
865;2
866;0
867;0
868;0
869;1
870;0
871;0
872;2
873;2
874;0
875;0
876;0
877;0
878;1
879;0
880;0
881;0
882;1
883;0
884;1
885;0
886;0
887;0
888;4
889;0
890;2
891;2
892;2
893;0
894;0
895;1
896;1
897;0
898;0
899;0
900;1
901;0
902;2
903;2
904;0
905;0
906;0
907;2
908;2
909;0
910;2
911;2
912;2
913;0
914;2
915;0
916;0
917;1
918;0
919;0
920;0
921;0
922;1
923;0
924;0
925;0
926;0
927;0
928;0
929;0
930;2
931;0
932;0
933;0
934;0
935;0
936;0
937;0
938;0
939;2
940;4
941;0
942;0
943;2
944;2
945;0
946;2
947;0
948;1
949;0
950;1
951;0
952;2
953;1
954;0
955;0
956;0
957;1
958;0
959;0
960;1
961;0
962;1
963;0
964;0
965;2
966;2
967;0
968;0
969;0
970;2
971;0
972;1
973;0
974;0
975;2
976;0
977;0
978;2
979;1
980;0
981;0
982;2
983;0
984;2
985;2
986;2
987;2
988;0
989;0
990;0
991;0
992;1
993;0
994;0
995;0
996;0
997;0
998;0
999;0
1000;0
1001;0
1002;0
1003;0
1004;0
1005;1
1006;0
1007;0
1008;0
1009;0
1010;0
1011;0
1012;0
1013;0
1014;1
1015;0
1016;0
1017;0
1018;0
1019;0
1020;0
1021;0
1022;0
1023;0
