0;1
1;0
2;0
3;2
4;2
5;0
6;0
7;2
8;0
9;0
10;2
11;0
12;0
13;1
14;0
15;0
16;0
17;1
18;0
19;0
20;2
21;0
22;0
23;2
24;0
25;0
26;2
27;2
28;1
29;0
30;0
31;2
32;4
33;0
34;2
35;2
36;2
37;0
38;2
39;0
40;2
41;2
42;1
43;0
44;2
45;0
46;0
47;0
48;0
49;0
50;0
51;1
52;0
53;0
54;0
55;2
56;2
57;0
58;0
59;0
60;0
61;0
62;1
63;2
64;1
65;0
66;2
67;0
68;0
69;0
70;0
71;2
72;0
73;0
74;0
75;0
76;1
77;0
78;0
79;2
80;2
81;0
82;1
83;0
84;1
85;2
86;2
87;2
88;1
89;0
90;0
91;2
92;0
93;0
94;0
95;0
96;1
97;0
98;1
99;0
100;1
101;0
102;0
103;0
104;2
105;0
106;0
107;2
108;2
109;2
110;2
111;0
112;2
113;0
114;0
115;1
116;0
117;0
118;0
119;2
120;0
121;0
122;0
123;0
124;0
125;0
126;0
127;0
128;0
129;2
130;1
131;0
132;0
133;0
134;0
135;0
136;2
137;2
138;0
139;0
140;0
141;0
142;0
143;0
144;0
145;2
146;2
147;2
148;1
149;0
150;0
151;0
152;0
153;0
154;2
155;1
156;2
157;0
158;1
159;0
160;2
161;2
162;2
163;0
164;1
165;0
166;2
167;0
168;2
169;0
170;0
171;0
172;0
173;0
174;0
175;0
176;0
177;0
178;0
179;2
180;0
181;0
182;2
183;2
184;1
185;0
186;0
187;2
188;2
189;0
190;2
191;2
192;2
193;0
194;2
195;2
196;2
197;0
198;0
199;0
200;0
201;0
202;1
203;2
204;2
205;0
206;1
207;0
208;2
209;0
210;1
211;0
212;0
213;0
214;0
215;0
216;0
217;0
218;0
219;0
220;0
221;2
222;0
223;0
224;0
225;0
226;1
227;0
228;2
229;0
230;1
231;0
232;0
233;0
234;1
235;0
236;0
237;0
238;2
239;2
240;2
241;0
242;2
243;2
244;1
245;0
246;0
247;1
248;0
249;0
250;1
251;0
252;0
253;0
254;2
255;2
256;2
257;0
258;0
259;0
260;0
261;0
262;0
263;0
264;0
265;0
266;0
267;2
268;1
269;0
270;2
271;2
272;1
273;0
274;0
275;2
276;4
277;0
278;0
279;2
280;2
281;0
282;2
283;0
284;2
285;0
286;0
287;0
288;1
289;0
290;0
291;1
292;0
293;0
294;0
295;0
296;1
297;0
298;2
299;2
300;1
301;0
302;0
303;2
304;2
305;2
306;2
307;2
308;2
309;0
310;2
311;0
312;2
313;2
314;0
315;0
316;0
317;0
318;0
319;0
320;0
321;0
322;2
323;2
324;1
325;0
326;0
327;0
328;2
329;2
330;0
331;1
332;0
333;0
334;0
335;0
336;2
337;0
338;1
339;0
340;2
341;1
342;0
343;0
344;0
345;0
346;0
347;0
348;1
349;0
350;1
351;0
352;2
353;2
354;1
355;0
356;2
357;0
358;1
359;0
360;2
361;0
362;1
363;0
364;1
365;0
366;2
367;2
368;1
369;0
370;0
371;2
372;2
373;0
374;2
375;2
376;2
377;0
378;2
379;0
380;2
381;2
382;2
383;1
384;0
385;0
386;1
387;0
388;2
389;0
390;1
391;0
392;2
393;2
394;1
395;0
396;2
397;0
398;0
399;0
400;0
401;0
402;0
403;2
404;2
405;0
406;2
407;0
408;2
409;0
410;0
411;0
412;2
413;1
414;0
415;0
416;2
417;0
418;0
419;2
420;0
421;0
422;0
423;0
424;0
425;2
426;1
427;0
428;1
429;0
430;2
431;1
432;0
433;0
434;0
435;2
436;4
437;0
438;2
439;1
440;0
441;0
442;0
443;0
444;1
445;0
446;0
447;0
448;0
449;0
450;0
451;0
452;0
453;0
454;2
455;2
456;1
457;0
458;0
459;0
460;1
461;0
462;0
463;0
464;1
465;1
466;0
467;2
468;4
469;0
470;2
471;2
472;2
473;0
474;2
475;0
476;2
477;2
478;2
479;2
480;2
481;0
482;0
483;0
484;2
485;0
486;2
487;0
488;1
489;2
490;2
491;2
492;0
493;0
494;2
495;0
496;0
497;0
498;0
499;0
500;0
501;0
502;1
503;0
504;0
505;2
506;1
507;0
508;0
509;0
510;0
511;0
512;0
513;0
514;0
515;0
516;0
517;0
518;0
519;0
520;1
521;0
522;0
523;0
524;1
525;0
526;1
527;0
528;0
529;0
530;0
531;0
532;1
533;0
534;0
535;2
536;1
537;0
538;2
539;0
540;2
541;0
542;2
543;0
544;2
545;0
546;0
547;0
548;0
549;0
550;2
551;2
552;1
553;0
554;0
555;2
556;4
557;0
558;2
559;0
560;0
561;0
562;0
563;0
564;2
565;0
566;0
567;1
568;0
569;0
570;2
571;0
572;1
573;0
574;0
575;1
576;2
577;0
578;0
579;1
580;0
581;2
582;2
583;2
584;1
585;0
586;0
587;0
588;1
589;0
590;0
591;0
592;0
593;2
594;2
595;0
596;1
597;0
598;2
599;2
600;1
601;0
602;0
603;2
604;4
605;0
606;2
607;2
608;2
609;0
610;0
611;0
612;1
613;0
614;0
615;0
616;1
617;0
618;2
619;2
620;1
621;0
622;0
623;2
624;2
625;0
626;2
627;2
628;2
629;0
630;2
631;0
632;0
633;0
634;1
635;0
636;2
637;0
638;2
639;2
640;2
641;1
642;0
643;0
644;2
645;0
646;0
647;0
648;0
649;0
650;1
651;0
652;0
653;0
654;1
655;0
656;0
657;0
658;0
659;2
660;2
661;0
662;0
663;0
664;0
665;0
666;0
667;0
668;1
669;0
670;0
671;0
672;2
673;1
674;0
675;0
676;1
677;0
678;0
679;2
680;1
681;0
682;0
683;2
684;4
685;0
686;2
687;2
688;2
689;0
690;0
691;0
692;2
693;0
694;1
695;0
696;0
697;1
698;0
699;0
700;0
701;0
702;1
703;0
704;0
705;1
706;0
707;2
708;1
709;0
710;2
711;2
712;1
713;0
714;0
715;0
716;2
717;0
718;0
719;2
720;2
721;0
722;2
723;0
724;2
725;0
726;0
727;0
728;0
729;0
730;2
731;0
732;0
733;2
734;0
735;0
736;0
737;0
738;0
739;0
740;0
741;0
742;2
743;0
744;2
745;0
746;2
747;0
748;0
749;0
750;0
751;0
752;0
753;0
754;0
755;0
756;0
757;0
758;2
759;0
760;1
761;0
762;0
763;0
764;1
765;1
766;0
767;0
768;0
769;0
770;0
771;0
772;0
773;2
774;1
775;2
776;1
777;0
778;2
779;0
780;0
781;0
782;2
783;0
784;1
785;0
786;0
787;2
788;2
789;0
790;2
791;2
792;2
793;0
794;2
795;0
796;0
797;0
798;1
799;0
800;0
801;1
802;0
803;0
804;0
805;1
806;0
807;0
808;2
809;1
810;0
811;0
812;0
813;1
814;0
815;0
816;0
817;1
818;0
819;0
820;0
821;0
822;0
823;0
824;0
825;2
826;1
827;0
828;2
829;0
830;2
831;2
832;1
833;1
834;2
835;0
836;0
837;2
838;0
839;0
840;2
841;0
842;1
843;0
844;2
845;0
846;2
847;0
848;0
849;0
850;0
851;0
852;2
853;2
854;0
855;0
856;0
857;0
858;0
859;2
860;2
861;0
862;0
863;0
864;1
865;0
866;2
867;2
868;1
869;0
870;0
871;2
872;4
873;0
874;2
875;2
876;2
877;0
878;2
879;0
880;2
881;0
882;0
883;0
884;1
885;0
886;0
887;2
888;2
889;0
890;0
891;0
892;2
893;1
894;2
895;2
896;2
897;2
898;2
899;0
900;1
901;0
902;0
903;2
904;0
905;0
906;1
907;0
908;0
909;2
910;2
911;0
912;0
913;0
914;0
915;0
916;0
917;1
918;0
919;2
920;1
921;0
922;2
923;1
924;0
925;0
926;0
927;2
928;0
929;0
930;2
931;2
932;2
933;0
934;2
935;0
936;2
937;2
938;1
939;0
940;0
941;0
942;0
943;0
944;0
945;2
946;2
947;2
948;2
949;0
950;1
951;0
952;0
953;0
954;0
955;0
956;0
957;1
958;0
959;0
960;0
961;0
962;2
963;0
964;0
965;0
966;1
967;0
968;0
969;2
970;0
971;1
972;0
973;0
974;1
975;0
976;0
977;2
978;2
979;2
980;1
981;1
982;0
983;2
984;2
985;1
986;0
987;1
988;0
989;0
990;0
991;1
992;2
993;0
994;0
995;2
996;1
997;0
998;2
999;1
1000;0
1001;0
1002;0
1003;2
1004;4
1005;0
1006;2
1007;2
1008;2
1009;0
1010;2
1011;0
1012;1
1013;0
1014;1
1015;1
1016;0
1017;0
1018;0
1019;0
1020;0
1021;0
1022;0
1023;0
