0;1
1;0
2;0
3;2
4;2
5;0
6;0
7;2
8;2
9;1
10;2
11;0
12;0
13;0
14;0
15;0
16;2
17;2
18;0
19;2
20;2
21;0
22;0
23;2
24;1
25;0
26;0
27;2
28;2
29;0
30;0
31;0
32;1
33;4
34;1
35;0
36;0
37;1
38;1
39;0
40;2
41;1
42;0
43;0
44;0
45;1
46;0
47;2
48;0
49;1
50;0
51;0
52;0
53;0
54;0
55;0
56;0
57;0
58;0
59;0
60;1
61;2
62;1
63;0
64;0
65;0
66;0
67;0
68;0
69;0
70;0
71;0
72;0
73;0
74;0
75;0
76;2
77;1
78;0
79;2
80;0
81;0
82;0
83;2
84;0
85;0
86;0
87;0
88;1
89;0
90;0
91;0
92;0
93;0
94;0
95;0
96;0
97;0
98;0
99;2
100;0
101;1
102;0
103;0
104;2
105;0
106;2
107;1
108;0
109;0
110;0
111;0
112;0
113;0
114;2
115;1
116;0
117;2
118;0
119;2
120;0
121;0
122;2
123;0
124;2
125;2
126;0
127;0
128;0
129;0
130;2
131;2
132;4
133;0
134;0
135;2
136;0
137;0
138;0
139;0
140;2
141;0
142;2
143;0
144;0
145;0
146;0
147;0
148;0
149;0
150;0
151;2
152;0
153;1
154;0
155;0
156;0
157;0
158;0
159;0
160;0
161;0
162;2
163;0
164;1
165;0
166;0
167;0
168;0
169;0
170;0
171;2
172;2
173;1
174;0
175;0
176;0
177;2
178;2
179;0
180;0
181;0
182;0
183;0
184;0
185;0
186;0
187;2
188;0
189;1
190;1
191;0
192;1
193;0
194;1
195;0
196;2
197;0
198;0
199;0
200;0
201;0
202;2
203;0
204;0
205;1
206;1
207;0
208;0
209;0
210;0
211;0
212;1
213;0
214;0
215;0
216;0
217;2
218;2
219;0
220;0
221;2
222;1
223;0
224;1
225;0
226;0
227;0
228;0
229;0
230;0
231;2
232;1
233;1
234;1
235;0
236;0
237;0
238;0
239;1
240;0
241;0
242;1
243;0
244;0
245;0
246;2
247;0
248;0
249;2
250;0
251;2
252;0
253;1
254;0
255;0
256;0
257;1
258;0
259;0
260;0
261;0
262;2
263;1
264;1
265;0
266;0
267;2
268;1
269;0
270;0
271;1
272;0
273;0
274;2
275;0
276;0
277;2
278;2
279;2
280;2
281;0
282;0
283;0
284;0
285;0
286;0
287;0
288;0
289;0
290;0
291;0
292;0
293;1
294;0
295;0
296;0
297;2
298;1
299;0
300;0
301;0
302;2
303;0
304;0
305;2
306;2
307;1
308;0
309;0
310;2
311;0
312;0
313;0
314;0
315;0
316;2
317;0
318;0
319;2
320;0
321;0
322;2
323;1
324;0
325;2
326;2
327;1
328;0
329;0
330;0
331;0
332;2
333;1
334;1
335;0
336;1
337;2
338;0
339;0
340;0
341;0
342;0
343;1
344;0
345;1
346;0
347;0
348;2
349;2
350;2
351;1
352;0
353;0
354;1
355;0
356;2
357;2
358;0
359;0
360;0
361;2
362;0
363;0
364;0
365;0
366;0
367;0
368;0
369;0
370;0
371;0
372;0
373;0
374;0
375;0
376;0
377;0
378;0
379;0
380;0
381;0
382;0
383;0
384;0
385;0
386;0
387;0
388;1
389;0
390;0
391;0
392;0
393;0
394;0
395;0
396;1
397;0
398;0
399;0
400;0
401;0
402;2
403;2
404;2
405;1
406;0
407;2
408;0
409;1
410;0
411;0
412;2
413;2
414;0
415;1
416;0
417;1
418;0
419;0
420;0
421;0
422;0
423;1
424;0
425;2
426;0
427;2
428;0
429;0
430;0
431;1
432;0
433;0
434;0
435;0
436;0
437;2
438;0
439;0
440;0
441;1
442;0
443;0
444;0
445;0
446;0
447;0
448;0
449;0
450;1
451;0
452;2
453;0
454;0
455;0
456;0
457;0
458;0
459;0
460;0
461;0
462;0
463;0
464;0
465;0
466;0
467;0
468;2
469;0
470;0
471;0
472;0
473;1
474;0
475;2
476;1
477;1
478;0
479;0
480;0
481;0
482;0
483;0
484;0
485;0
486;0
487;0
488;0
489;2
490;0
491;2
492;2
493;0
494;1
495;0
496;0
497;2
498;2
499;0
500;0
501;0
502;2
503;2
504;0
505;0
506;0
507;0
508;0
509;0
510;0
511;2
512;0
513;0
514;0
515;0
516;0
517;0
518;1
519;2
520;0
521;0
522;0
523;0
524;0
525;0
526;2
527;0
528;0
529;0
530;2
531;2
532;2
533;2
534;2
535;2
536;0
537;0
538;1
539;0
540;0
541;2
542;1
543;0
544;2
545;0
546;0
547;0
548;0
549;0
550;0
551;0
552;0
553;0
554;2
555;1
556;0
557;0
558;0
559;2
560;2
561;0
562;1
563;1
564;0
565;0
566;0
567;0
568;1
569;0
570;2
571;2
572;0
573;0
574;0
575;0
576;1
577;0
578;0
579;0
580;0
581;0
582;0
583;2
584;0
585;0
586;0
587;0
588;2
589;0
590;0
591;0
592;0
593;0
594;0
595;0
596;2
597;0
598;0
599;0
600;0
601;2
602;0
603;2
604;2
605;0
606;0
607;0
608;0
609;0
610;0
611;0
612;0
613;0
614;1
615;0
616;2
617;2
618;0
619;0
620;0
621;1
622;1
623;0
624;0
625;2
626;1
627;0
628;0
629;0
630;0
631;0
632;0
633;0
634;0
635;0
636;2
637;0
638;0
639;2
640;0
641;0
642;0
643;0
644;0
645;0
646;0
647;0
648;0
649;0
650;0
651;0
652;0
653;0
654;0
655;0
656;0
657;0
658;2
659;0
660;0
661;0
662;0
663;0
664;0
665;0
666;0
667;1
668;1
669;0
670;0
671;2
672;2
673;0
674;0
675;0
676;0
677;0
678;0
679;2
680;0
681;1
682;1
683;0
684;0
685;1
686;0
687;0
688;2
689;0
690;0
691;0
692;1
693;0
694;0
695;0
696;0
697;0
698;0
699;0
700;0
701;1
702;0
703;2
704;0
705;0
706;0
707;0
708;1
709;0
710;0
711;2
712;2
713;0
714;2
715;2
716;2
717;0
718;0
719;0
720;2
721;2
722;0
723;0
724;0
725;2
726;2
727;0
728;2
729;0
730;0
731;2
732;0
733;0
734;0
735;0
736;0
737;0
738;0
739;0
740;1
741;0
742;0
743;0
744;0
745;0
746;2
747;0
748;0
749;2
750;0
751;0
752;1
753;1
754;0
755;0
756;0
757;2
758;0
759;2
760;0
761;0
762;2
763;0
764;0
765;2
766;2
767;2
768;0
769;0
770;1
771;0
772;0
773;0
774;2
775;0
776;0
777;0
778;0
779;0
780;0
781;0
782;0
783;1
784;0
785;0
786;0
787;1
788;0
789;0
790;0
791;0
792;0
793;2
794;1
795;0
796;0
797;1
798;0
799;0
800;0
801;0
802;2
803;0
804;1
805;2
806;0
807;0
808;0
809;0
810;0
811;0
812;0
813;2
814;2
815;2
816;2
817;2
818;2
819;2
820;2
821;1
822;0
823;0
824;0
825;0
826;1
827;0
828;1
829;0
830;1
831;1
832;1
833;0
834;0
835;0
836;2
837;1
838;0
839;0
840;0
841;0
842;0
843;1
844;0
845;0
846;0
847;0
848;0
849;2
850;0
851;0
852;0
853;0
854;0
855;0
856;1
857;1
858;1
859;0
860;1
861;0
862;2
863;0
864;0
865;1
866;0
867;0
868;1
869;1
870;0
871;0
872;0
873;0
874;0
875;2
876;2
877;0
878;1
879;0
880;0
881;0
882;2
883;2
884;0
885;0
886;0
887;0
888;2
889;0
890;1
891;0
892;0
893;0
894;0
895;1
896;2
897;2
898;2
899;0
900;0
901;1
902;0
903;1
904;0
905;2
906;0
907;0
908;0
909;0
910;2
911;1
912;4
913;0
914;1
915;0
916;0
917;2
918;2
919;2
920;2
921;0
922;0
923;0
924;0
925;2
926;2
927;1
928;0
929;0
930;2
931;2
932;0
933;0
934;2
935;0
936;0
937;0
938;0
939;1
940;0
941;0
942;0
943;0
944;0
945;2
946;2
947;2
948;2
949;0
950;0
951;0
952;0
953;0
954;0
955;0
956;0
957;0
958;2
959;2
960;0
961;0
962;0
963;0
964;0
965;0
966;0
967;0
968;0
969;0
970;0
971;0
972;0
973;0
974;0
975;0
976;1
977;0
978;0
979;0
980;0
981;0
982;0
983;0
984;2
985;2
986;0
987;0
988;2
989;0
990;0
991;2
992;2
993;0
994;0
995;0
996;2
997;0
998;0
999;0
1000;0
1001;1
1002;0
1003;0
1004;0
1005;0
1006;2
1007;2
1008;2
1009;0
1010;0
1011;1
1012;1
1013;0
1014;1
1015;1
1016;0
1017;0
1018;0
1019;0
1020;0
1021;0
1022;0
1023;0
