0;1
1;0
2;0
3;0
4;2
5;2
6;0
7;1
8;0
9;0
10;0
11;2
12;2
13;0
14;1
15;0
16;2
17;2
18;0
19;0
20;0
21;1
22;0
23;0
24;2
25;0
26;0
27;2
28;2
29;0
30;0
31;2
32;0
33;0
34;0
35;0
36;0
37;2
38;0
39;0
40;1
41;0
42;0
43;0
44;2
45;2
46;2
47;0
48;0
49;0
50;0
51;0
52;0
53;0
54;0
55;0
56;1
57;1
58;1
59;2
60;2
61;0
62;0
63;0
64;0
65;0
66;0
67;0
68;1
69;0
70;0
71;0
72;1
73;0
74;0
75;0
76;0
77;2
78;0
79;0
80;1
81;0
82;2
83;0
84;2
85;0
86;0
87;0
88;0
89;0
90;0
91;0
92;4
93;0
94;0
95;0
96;2
97;0
98;0
99;0
100;2
101;0
102;1
103;0
104;0
105;0
106;0
107;0
108;0
109;2
110;0
111;1
112;0
113;0
114;0
115;0
116;0
117;0
118;0
119;0
120;2
121;1
122;1
123;0
124;0
125;0
126;0
127;0
128;2
129;0
130;2
131;2
132;2
133;0
134;0
135;0
136;2
137;2
138;2
139;2
140;1
141;0
142;0
143;0
144;0
145;0
146;0
147;0
148;0
149;0
150;2
151;0
152;0
153;0
154;0
155;0
156;1
157;0
158;0
159;2
160;0
161;0
162;0
163;2
164;0
165;0
166;0
167;2
168;0
169;1
170;0
171;1
172;0
173;0
174;0
175;0
176;0
177;0
178;0
179;2
180;0
181;2
182;0
183;2
184;1
185;0
186;0
187;0
188;2
189;2
190;2
191;2
192;0
193;0
194;0
195;1
196;2
197;1
198;0
199;0
200;0
201;0
202;2
203;2
204;2
205;0
206;0
207;0
208;0
209;0
210;0
211;0
212;0
213;0
214;0
215;2
216;1
217;0
218;0
219;0
220;0
221;2
222;2
223;2
224;0
225;0
226;0
227;0
228;0
229;0
230;0
231;0
232;0
233;0
234;2
235;2
236;2
237;0
238;0
239;2
240;0
241;0
242;2
243;2
244;1
245;0
246;1
247;0
248;0
249;0
250;0
251;2
252;2
253;0
254;1
255;0
256;2
257;0
258;2
259;0
260;0
261;0
262;0
263;1
264;1
265;0
266;2
267;0
268;0
269;0
270;0
271;0
272;2
273;0
274;2
275;2
276;1
277;0
278;0
279;0
280;1
281;0
282;1
283;0
284;0
285;0
286;0
287;0
288;2
289;2
290;0
291;0
292;2
293;0
294;1
295;0
296;0
297;0
298;0
299;2
300;2
301;0
302;0
303;0
304;0
305;0
306;0
307;0
308;2
309;0
310;0
311;2
312;0
313;0
314;0
315;0
316;0
317;1
318;2
319;0
320;0
321;1
322;0
323;0
324;1
325;0
326;0
327;0
328;2
329;0
330;0
331;1
332;4
333;0
334;0
335;0
336;0
337;0
338;0
339;0
340;1
341;0
342;0
343;0
344;1
345;0
346;0
347;0
348;0
349;0
350;0
351;2
352;4
353;2
354;0
355;0
356;0
357;0
358;0
359;0
360;1
361;0
362;0
363;0
364;2
365;0
366;0
367;0
368;2
369;1
370;0
371;0
372;0
373;0
374;0
375;0
376;0
377;0
378;0
379;0
380;0
381;0
382;1
383;0
384;0
385;0
386;0
387;0
388;2
389;1
390;0
391;2
392;0
393;0
394;1
395;0
396;1
397;0
398;2
399;2
400;1
401;0
402;0
403;2
404;0
405;0
406;2
407;1
408;0
409;0
410;2
411;0
412;2
413;0
414;0
415;0
416;2
417;0
418;0
419;2
420;2
421;2
422;2
423;0
424;2
425;0
426;2
427;2
428;2
429;2
430;2
431;2
432;2
433;0
434;2
435;0
436;2
437;0
438;0
439;0
440;1
441;2
442;0
443;0
444;0
445;0
446;0
447;2
448;1
449;0
450;2
451;0
452;2
453;0
454;0
455;0
456;1
457;0
458;1
459;0
460;1
461;0
462;0
463;0
464;4
465;0
466;2
467;2
468;2
469;0
470;2
471;0
472;4
473;0
474;0
475;2
476;0
477;0
478;0
479;1
480;2
481;0
482;0
483;0
484;0
485;2
486;2
487;2
488;2
489;0
490;2
491;0
492;1
493;0
494;1
495;0
496;1
497;0
498;0
499;2
500;0
501;0
502;2
503;0
504;2
505;0
506;2
507;0
508;1
509;1
510;0
511;0
512;0
513;0
514;0
515;0
516;1
517;0
518;0
519;0
520;0
521;0
522;0
523;0
524;0
525;0
526;1
527;0
528;0
529;0
530;0
531;1
532;0
533;0
534;2
535;0
536;1
537;0
538;0
539;0
540;0
541;0
542;0
543;0
544;0
545;2
546;2
547;2
548;0
549;2
550;2
551;0
552;0
553;0
554;0
555;2
556;0
557;0
558;0
559;0
560;0
561;0
562;0
563;2
564;0
565;0
566;0
567;0
568;0
569;2
570;0
571;0
572;2
573;2
574;0
575;2
576;0
577;2
578;0
579;0
580;2
581;0
582;2
583;0
584;0
585;0
586;0
587;0
588;0
589;0
590;0
591;2
592;0
593;0
594;0
595;0
596;0
597;2
598;2
599;0
600;0
601;1
602;0
603;1
604;0
605;0
606;0
607;0
608;0
609;0
610;1
611;0
612;2
613;0
614;0
615;0
616;0
617;0
618;0
619;0
620;0
621;0
622;0
623;0
624;0
625;0
626;0
627;0
628;0
629;0
630;0
631;0
632;1
633;0
634;0
635;1
636;0
637;0
638;1
639;0
640;0
641;0
642;0
643;0
644;0
645;0
646;1
647;0
648;1
649;0
650;0
651;1
652;2
653;0
654;2
655;1
656;0
657;1
658;0
659;0
660;2
661;0
662;0
663;0
664;2
665;2
666;2
667;0
668;0
669;0
670;0
671;2
672;2
673;2
674;2
675;1
676;0
677;0
678;0
679;0
680;4
681;0
682;0
683;0
684;0
685;0
686;0
687;0
688;2
689;1
690;2
691;0
692;1
693;0
694;2
695;0
696;1
697;0
698;0
699;0
700;0
701;0
702;0
703;0
704;2
705;0
706;0
707;0
708;0
709;0
710;0
711;1
712;0
713;0
714;2
715;0
716;1
717;0
718;0
719;0
720;1
721;2
722;0
723;0
724;0
725;0
726;0
727;0
728;0
729;1
730;0
731;0
732;0
733;0
734;0
735;0
736;2
737;1
738;0
739;0
740;0
741;0
742;0
743;2
744;1
745;1
746;1
747;0
748;0
749;0
750;0
751;0
752;2
753;1
754;0
755;2
756;0
757;0
758;0
759;0
760;1
761;0
762;0
763;2
764;1
765;0
766;0
767;2
768;4
769;0
770;0
771;2
772;2
773;0
774;2
775;0
776;1
777;2
778;0
779;2
780;2
781;0
782;2
783;0
784;0
785;0
786;0
787;0
788;0
789;0
790;0
791;2
792;2
793;2
794;0
795;0
796;0
797;1
798;0
799;2
800;1
801;0
802;0
803;0
804;1
805;0
806;0
807;0
808;0
809;1
810;0
811;0
812;0
813;2
814;2
815;2
816;1
817;0
818;1
819;0
820;0
821;2
822;2
823;0
824;4
825;2
826;0
827;0
828;0
829;2
830;0
831;0
832;2
833;0
834;0
835;0
836;0
837;1
838;1
839;0
840;1
841;2
842;1
843;0
844;2
845;2
846;2
847;2
848;1
849;0
850;0
851;0
852;0
853;0
854;2
855;2
856;0
857;0
858;0
859;0
860;0
861;0
862;0
863;0
864;1
865;1
866;0
867;0
868;2
869;0
870;0
871;0
872;1
873;0
874;0
875;0
876;0
877;0
878;0
879;0
880;2
881;0
882;0
883;0
884;0
885;2
886;0
887;0
888;0
889;2
890;0
891;2
892;2
893;0
894;0
895;0
896;2
897;0
898;0
899;0
900;0
901;2
902;0
903;0
904;0
905;2
906;0
907;0
908;0
909;0
910;0
911;0
912;1
913;0
914;2
915;2
916;2
917;0
918;2
919;0
920;2
921;0
922;2
923;0
924;2
925;2
926;0
927;0
928;1
929;0
930;0
931;1
932;0
933;0
934;0
935;0
936;1
937;0
938;1
939;0
940;0
941;0
942;1
943;0
944;0
945;0
946;0
947;0
948;0
949;0
950;2
951;0
952;1
953;0
954;2
955;0
956;1
957;2
958;2
959;2
960;2
961;1
962;2
963;0
964;1
965;1
966;1
967;0
968;2
969;2
970;0
971;0
972;0
973;1
974;1
975;0
976;0
977;0
978;0
979;2
980;2
981;0
982;2
983;0
984;0
985;0
986;0
987;0
988;0
989;0
990;0
991;0
992;2
993;1
994;0
995;0
996;0
997;0
998;1
999;0
1000;1
1001;0
1002;0
1003;2
1004;0
1005;0
1006;1
1007;0
1008;1
1009;0
1010;2
1011;2
1012;1
1013;0
1014;0
1015;1
1016;0
1017;0
1018;0
1019;0
1020;0
1021;0
1022;0
1023;0
