0;0
1;0
2;0
3;2
4;4
5;0
6;2
7;2
8;2
9;0
10;2
11;0
12;2
13;0
14;0
15;0
16;1
17;1
18;0
19;0
20;2
21;2
22;2
23;2
24;1
25;1
26;1
27;0
28;0
29;0
30;0
31;0
32;0
33;0
34;0
35;0
36;0
37;0
38;2
39;1
40;0
41;0
42;0
43;1
44;1
45;0
46;0
47;2
48;2
49;0
50;0
51;0
52;1
53;0
54;0
55;0
56;0
57;0
58;2
59;0
60;0
61;0
62;0
63;1
64;0
65;0
66;1
67;0
68;1
69;0
70;0
71;2
72;2
73;0
74;2
75;2
76;2
77;0
78;2
79;0
80;1
81;1
82;0
83;2
84;1
85;0
86;0
87;0
88;0
89;0
90;2
91;0
92;0
93;0
94;2
95;0
96;1
97;0
98;0
99;2
100;1
101;0
102;0
103;0
104;4
105;0
106;1
107;0
108;2
109;0
110;0
111;0
112;1
113;0
114;0
115;0
116;0
117;0
118;0
119;0
120;2
121;0
122;0
123;0
124;1
125;2
126;0
127;0
128;0
129;2
130;2
131;0
132;2
133;0
134;0
135;0
136;0
137;2
138;2
139;0
140;0
141;0
142;1
143;0
144;0
145;0
146;0
147;0
148;0
149;0
150;0
151;0
152;0
153;0
154;0
155;0
156;0
157;1
158;0
159;0
160;0
161;1
162;1
163;0
164;2
165;2
166;0
167;0
168;1
169;0
170;2
171;0
172;2
173;0
174;1
175;0
176;0
177;0
178;2
179;2
180;1
181;0
182;2
183;0
184;0
185;0
186;0
187;0
188;1
189;0
190;2
191;0
192;0
193;0
194;0
195;0
196;0
197;0
198;2
199;0
200;0
201;0
202;0
203;0
204;0
205;0
206;0
207;0
208;0
209;0
210;0
211;0
212;2
213;0
214;0
215;0
216;1
217;1
218;2
219;0
220;0
221;0
222;0
223;1
224;1
225;0
226;0
227;2
228;1
229;0
230;0
231;2
232;2
233;0
234;2
235;1
236;0
237;0
238;2
239;0
240;0
241;1
242;0
243;0
244;0
245;0
246;0
247;0
248;0
249;0
250;0
251;0
252;0
253;0
254;0
255;2
256;1
257;0
258;0
259;0
260;0
261;2
262;2
263;0
264;0
265;0
266;0
267;2
268;0
269;0
270;0
271;0
272;0
273;2
274;0
275;1
276;0
277;4
278;0
279;2
280;0
281;0
282;2
283;0
284;2
285;2
286;0
287;0
288;2
289;0
290;2
291;1
292;0
293;0
294;0
295;0
296;2
297;1
298;0
299;2
300;0
301;0
302;0
303;0
304;0
305;1
306;0
307;2
308;4
309;0
310;0
311;0
312;2
313;0
314;2
315;0
316;2
317;0
318;0
319;0
320;2
321;0
322;2
323;0
324;0
325;0
326;0
327;0
328;0
329;0
330;0
331;0
332;2
333;0
334;0
335;0
336;0
337;0
338;0
339;0
340;0
341;0
342;0
343;2
344;1
345;0
346;0
347;2
348;4
349;0
350;0
351;0
352;2
353;0
354;0
355;0
356;1
357;1
358;0
359;1
360;0
361;1
362;0
363;0
364;0
365;0
366;0
367;1
368;2
369;0
370;0
371;0
372;2
373;0
374;2
375;0
376;0
377;0
378;0
379;0
380;2
381;1
382;2
383;2
384;0
385;0
386;0
387;2
388;2
389;0
390;1
391;0
392;0
393;0
394;2
395;0
396;0
397;0
398;0
399;0
400;2
401;0
402;0
403;0
404;1
405;0
406;2
407;2
408;1
409;0
410;0
411;0
412;0
413;0
414;0
415;2
416;2
417;0
418;0
419;0
420;0
421;0
422;0
423;2
424;2
425;0
426;2
427;0
428;2
429;0
430;0
431;0
432;4
433;0
434;0
435;1
436;0
437;2
438;2
439;2
440;1
441;0
442;0
443;0
444;2
445;0
446;0
447;0
448;0
449;2
450;2
451;2
452;2
453;1
454;2
455;0
456;0
457;0
458;2
459;2
460;1
461;0
462;0
463;1
464;0
465;0
466;0
467;2
468;0
469;0
470;2
471;0
472;2
473;0
474;2
475;2
476;2
477;2
478;2
479;0
480;2
481;0
482;2
483;0
484;0
485;0
486;0
487;0
488;1
489;0
490;0
491;0
492;0
493;0
494;2
495;2
496;1
497;0
498;2
499;1
500;0
501;0
502;0
503;0
504;2
505;0
506;2
507;0
508;0
509;0
510;2
511;0
512;0
513;0
514;0
515;0
516;0
517;2
518;2
519;1
520;0
521;1
522;2
523;0
524;0
525;0
526;2
527;2
528;1
529;0
530;0
531;2
532;0
533;0
534;2
535;1
536;0
537;0
538;2
539;0
540;1
541;0
542;0
543;1
544;0
545;0
546;2
547;0
548;0
549;0
550;0
551;0
552;0
553;0
554;0
555;0
556;0
557;0
558;2
559;0
560;0
561;0
562;0
563;0
564;0
565;0
566;2
567;2
568;2
569;0
570;0
571;1
572;0
573;0
574;0
575;0
576;0
577;2
578;1
579;0
580;0
581;2
582;0
583;0
584;0
585;0
586;0
587;1
588;0
589;0
590;0
591;0
592;0
593;0
594;1
595;0
596;0
597;0
598;2
599;2
600;1
601;0
602;0
603;2
604;4
605;0
606;2
607;0
608;0
609;0
610;2
611;0
612;2
613;0
614;0
615;2
616;2
617;0
618;1
619;0
620;2
621;2
622;2
623;0
624;2
625;0
626;0
627;0
628;0
629;2
630;0
631;1
632;0
633;0
634;0
635;0
636;0
637;0
638;0
639;0
640;0
641;0
642;2
643;1
644;0
645;1
646;0
647;2
648;0
649;2
650;0
651;0
652;2
653;0
654;0
655;0
656;2
657;0
658;0
659;2
660;0
661;0
662;0
663;0
664;0
665;0
666;0
667;0
668;0
669;0
670;2
671;0
672;1
673;0
674;0
675;0
676;1
677;0
678;2
679;1
680;2
681;0
682;1
683;0
684;0
685;2
686;0
687;0
688;2
689;2
690;2
691;1
692;0
693;0
694;0
695;1
696;1
697;0
698;0
699;2
700;2
701;0
702;1
703;2
704;1
705;0
706;2
707;0
708;0
709;1
710;0
711;0
712;2
713;0
714;0
715;0
716;0
717;0
718;0
719;0
720;2
721;2
722;1
723;0
724;2
725;0
726;0
727;0
728;0
729;1
730;0
731;0
732;0
733;0
734;2
735;0
736;0
737;0
738;0
739;0
740;2
741;2
742;0
743;0
744;0
745;0
746;0
747;0
748;1
749;0
750;2
751;2
752;0
753;0
754;0
755;2
756;2
757;0
758;1
759;0
760;0
761;0
762;0
763;0
764;0
765;1
766;0
767;2
768;1
769;1
770;2
771;0
772;0
773;1
774;2
775;2
776;2
777;0
778;0
779;0
780;1
781;0
782;0
783;0
784;1
785;0
786;0
787;0
788;0
789;0
790;0
791;0
792;0
793;0
794;0
795;0
796;0
797;1
798;0
799;0
800;1
801;0
802;0
803;2
804;2
805;2
806;2
807;2
808;2
809;0
810;2
811;0
812;0
813;1
814;0
815;0
816;0
817;0
818;0
819;2
820;1
821;0
822;0
823;1
824;0
825;2
826;0
827;0
828;1
829;0
830;0
831;0
832;0
833;0
834;0
835;0
836;0
837;0
838;0
839;1
840;0
841;0
842;2
843;2
844;1
845;0
846;2
847;0
848;0
849;0
850;0
851;0
852;2
853;1
854;2
855;2
856;2
857;0
858;2
859;0
860;2
861;0
862;0
863;0
864;0
865;2
866;0
867;0
868;0
869;1
870;1
871;2
872;0
873;0
874;2
875;2
876;0
877;0
878;0
879;0
880;0
881;0
882;0
883;0
884;0
885;0
886;0
887;0
888;0
889;0
890;0
891;0
892;0
893;1
894;0
895;2
896;1
897;0
898;0
899;0
900;0
901;0
902;0
903;2
904;2
905;0
906;2
907;0
908;0
909;0
910;2
911;0
912;0
913;0
914;0
915;2
916;0
917;1
918;0
919;0
920;0
921;0
922;0
923;0
924;1
925;2
926;1
927;0
928;1
929;0
930;2
931;0
932;1
933;0
934;1
935;0
936;0
937;0
938;2
939;1
940;0
941;0
942;0
943;1
944;0
945;0
946;2
947;1
948;2
949;2
950;2
951;1
952;0
953;0
954;1
955;0
956;0
957;2
958;1
959;0
960;0
961;0
962;2
963;0
964;0
965;0
966;0
967;0
968;0
969;2
970;2
971;2
972;0
973;1
974;0
975;0
976;0
977;2
978;0
979;0
980;0
981;2
982;0
983;2
984;2
985;1
986;2
987;0
988;0
989;0
990;0
991;2
992;0
993;2
994;0
995;0
996;0
997;0
998;1
999;0
1000;0
1001;0
1002;0
1003;0
1004;4
1005;0
1006;2
1007;2
1008;2
1009;0
1010;2
1011;0
1012;1
1013;0
1014;1
1015;1
1016;0
1017;0
1018;0
1019;0
1020;0
1021;0
1022;0
1023;0
