0;1
1;0
2;0
3;2
4;4
5;2
6;2
7;2
8;2
9;0
10;2
11;0
12;2
13;1
14;0
15;1
16;0
17;1
18;0
19;0
20;0
21;0
22;2
23;2
24;1
25;0
26;0
27;2
28;2
29;0
30;2
31;2
32;2
33;0
34;1
35;0
36;2
37;1
38;0
39;0
40;0
41;1
42;1
43;0
44;2
45;0
46;2
47;0
48;2
49;0
50;0
51;0
52;0
53;0
54;2
55;1
56;0
57;0
58;0
59;0
60;1
61;0
62;2
63;2
64;1
65;0
66;0
67;0
68;4
69;0
70;0
71;2
72;2
73;0
74;0
75;0
76;1
77;0
78;1
79;2
80;1
81;0
82;2
83;0
84;0
85;0
86;0
87;0
88;0
89;0
90;2
91;0
92;2
93;0
94;0
95;2
96;1
97;0
98;0
99;0
100;1
101;0
102;2
103;2
104;2
105;0
106;2
107;1
108;0
109;2
110;2
111;2
112;2
113;2
114;0
115;2
116;0
117;0
118;0
119;0
120;0
121;0
122;0
123;2
124;2
125;2
126;0
127;2
128;2
129;0
130;0
131;0
132;0
133;0
134;0
135;2
136;0
137;1
138;0
139;2
140;1
141;0
142;0
143;2
144;1
145;2
146;2
147;2
148;2
149;0
150;0
151;0
152;2
153;0
154;0
155;0
156;0
157;0
158;0
159;0
160;0
161;0
162;0
163;2
164;1
165;0
166;1
167;0
168;1
169;0
170;0
171;0
172;4
173;0
174;2
175;2
176;0
177;2
178;2
179;0
180;1
181;2
182;2
183;0
184;0
185;0
186;0
187;0
188;0
189;0
190;1
191;0
192;1
193;0
194;2
195;1
196;0
197;0
198;0
199;2
200;2
201;0
202;2
203;0
204;2
205;0
206;0
207;0
208;2
209;0
210;0
211;0
212;1
213;0
214;0
215;0
216;0
217;0
218;0
219;2
220;1
221;0
222;2
223;2
224;1
225;0
226;0
227;0
228;1
229;0
230;2
231;2
232;1
233;0
234;2
235;0
236;1
237;2
238;0
239;1
240;1
241;0
242;1
243;0
244;2
245;0
246;0
247;2
248;4
249;0
250;0
251;2
252;2
253;0
254;2
255;0
256;2
257;0
258;0
259;0
260;2
261;0
262;0
263;0
264;0
265;0
266;0
267;0
268;0
269;2
270;0
271;0
272;1
273;0
274;2
275;1
276;0
277;0
278;0
279;1
280;1
281;0
282;2
283;2
284;2
285;0
286;0
287;2
288;2
289;0
290;2
291;1
292;0
293;0
294;0
295;0
296;0
297;2
298;0
299;0
300;0
301;0
302;0
303;0
304;0
305;0
306;0
307;0
308;0
309;2
310;0
311;0
312;0
313;0
314;2
315;2
316;1
317;0
318;0
319;2
320;0
321;0
322;2
323;2
324;4
325;0
326;2
327;0
328;0
329;0
330;0
331;1
332;2
333;0
334;0
335;0
336;0
337;0
338;0
339;1
340;0
341;1
342;0
343;0
344;1
345;1
346;0
347;2
348;2
349;0
350;2
351;0
352;1
353;0
354;0
355;0
356;2
357;0
358;0
359;0
360;0
361;0
362;1
363;0
364;0
365;0
366;2
367;2
368;1
369;0
370;0
371;2
372;1
373;0
374;1
375;2
376;2
377;0
378;2
379;0
380;2
381;2
382;1
383;1
384;0
385;0
386;1
387;0
388;2
389;0
390;0
391;2
392;0
393;2
394;2
395;2
396;1
397;0
398;0
399;2
400;2
401;0
402;2
403;2
404;2
405;0
406;2
407;1
408;1
409;2
410;1
411;0
412;2
413;2
414;2
415;2
416;2
417;0
418;0
419;2
420;1
421;0
422;0
423;0
424;0
425;1
426;0
427;0
428;2
429;0
430;0
431;1
432;0
433;0
434;1
435;0
436;2
437;0
438;0
439;0
440;0
441;0
442;0
443;0
444;0
445;0
446;1
447;0
448;2
449;0
450;0
451;0
452;2
453;0
454;2
455;0
456;0
457;0
458;0
459;2
460;2
461;0
462;0
463;2
464;2
465;1
466;0
467;0
468;0
469;2
470;1
471;0
472;2
473;0
474;0
475;0
476;0
477;0
478;1
479;0
480;2
481;0
482;0
483;0
484;1
485;0
486;0
487;1
488;0
489;0
490;0
491;0
492;2
493;0
494;2
495;2
496;1
497;0
498;2
499;2
500;1
501;1
502;1
503;0
504;0
505;1
506;0
507;0
508;0
509;0
510;0
511;0
512;2
513;0
514;0
515;0
516;1
517;0
518;1
519;0
520;1
521;0
522;0
523;2
524;2
525;0
526;1
527;1
528;0
529;0
530;0
531;0
532;0
533;0
534;0
535;1
536;0
537;1
538;0
539;0
540;1
541;0
542;0
543;0
544;0
545;0
546;0
547;0
548;0
549;0
550;0
551;0
552;0
553;0
554;1
555;0
556;1
557;0
558;2
559;1
560;1
561;0
562;2
563;0
564;2
565;0
566;0
567;0
568;2
569;0
570;0
571;0
572;1
573;0
574;0
575;0
576;0
577;1
578;0
579;2
580;0
581;1
582;1
583;0
584;0
585;0
586;2
587;2
588;1
589;0
590;0
591;2
592;2
593;0
594;2
595;2
596;0
597;0
598;2
599;0
600;1
601;2
602;0
603;0
604;1
605;1
606;0
607;0
608;0
609;0
610;0
611;0
612;2
613;2
614;1
615;0
616;0
617;0
618;0
619;0
620;2
621;2
622;0
623;2
624;0
625;0
626;2
627;2
628;1
629;0
630;0
631;2
632;1
633;0
634;2
635;1
636;0
637;0
638;0
639;0
640;2
641;0
642;0
643;1
644;0
645;2
646;2
647;1
648;0
649;0
650;0
651;2
652;4
653;0
654;2
655;2
656;0
657;0
658;0
659;0
660;2
661;0
662;1
663;0
664;0
665;0
666;0
667;0
668;0
669;2
670;0
671;2
672;1
673;0
674;0
675;2
676;2
677;1
678;0
679;0
680;0
681;0
682;0
683;0
684;0
685;0
686;2
687;1
688;0
689;0
690;0
691;0
692;1
693;0
694;1
695;0
696;2
697;0
698;0
699;0
700;2
701;1
702;0
703;0
704;0
705;0
706;0
707;0
708;1
709;0
710;0
711;2
712;2
713;0
714;1
715;2
716;2
717;2
718;0
719;0
720;0
721;2
722;0
723;0
724;1
725;0
726;2
727;2
728;1
729;0
730;1
731;0
732;2
733;0
734;2
735;1
736;2
737;0
738;2
739;0
740;0
741;1
742;2
743;0
744;2
745;0
746;0
747;0
748;1
749;0
750;0
751;0
752;1
753;0
754;1
755;0
756;1
757;0
758;0
759;2
760;1
761;0
762;2
763;2
764;2
765;0
766;2
767;0
768;0
769;2
770;2
771;2
772;1
773;0
774;0
775;0
776;1
777;0
778;0
779;0
780;1
781;0
782;0
783;1
784;0
785;0
786;0
787;2
788;1
789;0
790;2
791;2
792;4
793;0
794;2
795;0
796;1
797;2
798;2
799;2
800;1
801;0
802;0
803;0
804;1
805;0
806;2
807;2
808;1
809;0
810;0
811;2
812;4
813;0
814;0
815;2
816;2
817;0
818;0
819;0
820;2
821;0
822;1
823;0
824;0
825;0
826;2
827;1
828;0
829;0
830;0
831;0
832;2
833;0
834;0
835;2
836;2
837;0
838;0
839;0
840;2
841;0
842;0
843;0
844;1
845;1
846;0
847;0
848;0
849;1
850;0
851;0
852;1
853;0
854;2
855;2
856;1
857;0
858;0
859;2
860;2
861;0
862;2
863;0
864;0
865;0
866;0
867;0
868;2
869;0
870;0
871;2
872;2
873;0
874;0
875;0
876;0
877;1
878;0
879;1
880;0
881;0
882;0
883;2
884;2
885;0
886;0
887;1
888;0
889;0
890;2
891;0
892;1
893;2
894;0
895;2
896;2
897;2
898;2
899;2
900;1
901;2
902;0
903;0
904;0
905;1
906;0
907;0
908;0
909;0
910;0
911;0
912;1
913;0
914;2
915;2
916;4
917;0
918;2
919;2
920;1
921;0
922;2
923;0
924;1
925;1
926;0
927;2
928;0
929;0
930;0
931;0
932;0
933;0
934;0
935;0
936;2
937;1
938;0
939;0
940;1
941;0
942;2
943;2
944;1
945;0
946;0
947;2
948;1
949;0
950;0
951;2
952;2
953;0
954;2
955;0
956;2
957;0
958;2
959;0
960;1
961;1
962;0
963;0
964;0
965;1
966;2
967;0
968;0
969;2
970;0
971;0
972;0
973;1
974;0
975;0
976;2
977;2
978;0
979;1
980;0
981;1
982;0
983;2
984;1
985;0
986;2
987;1
988;0
989;0
990;2
991;0
992;0
993;1
994;0
995;1
996;0
997;0
998;0
999;0
1000;1
1001;0
1002;1
1003;0
1004;1
1005;0
1006;0
1007;0
1008;3
1009;0
1010;2
1011;2
1012;1
1013;1
1014;1
1015;0
1016;0
1017;0
1018;0
1019;0
1020;0
1021;0
1022;0
1023;0
