0;1
1;0
2;0
3;2
4;4
5;2
6;2
7;2
8;2
9;0
10;2
11;0
12;2
13;0
14;0
15;0
16;0
17;2
18;1
19;0
20;2
21;1
22;0
23;0
24;1
25;1
26;2
27;2
28;1
29;0
30;0
31;0
32;0
33;2
34;0
35;0
36;0
37;2
38;1
39;0
40;1
41;2
42;0
43;1
44;2
45;2
46;0
47;0
48;0
49;0
50;0
51;0
52;0
53;0
54;0
55;0
56;0
57;1
58;0
59;2
60;1
61;0
62;0
63;0
64;0
65;0
66;2
67;2
68;1
69;0
70;0
71;2
72;2
73;0
74;2
75;1
76;1
77;0
78;2
79;0
80;0
81;0
82;0
83;0
84;1
85;0
86;0
87;0
88;0
89;0
90;0
91;0
92;2
93;0
94;2
95;0
96;2
97;0
98;0
99;0
100;0
101;1
102;0
103;2
104;1
105;0
106;0
107;0
108;0
109;2
110;0
111;0
112;2
113;0
114;1
115;0
116;0
117;0
118;0
119;2
120;0
121;2
122;0
123;0
124;0
125;0
126;0
127;0
128;0
129;0
130;0
131;1
132;0
133;1
134;1
135;0
136;1
137;0
138;0
139;0
140;1
141;0
142;2
143;0
144;2
145;0
146;0
147;0
148;0
149;2
150;2
151;0
152;1
153;0
154;2
155;0
156;2
157;0
158;0
159;1
160;0
161;0
162;2
163;0
164;0
165;0
166;0
167;1
168;0
169;0
170;0
171;0
172;2
173;0
174;0
175;0
176;0
177;0
178;0
179;0
180;0
181;0
182;0
183;2
184;1
185;0
186;0
187;2
188;1
189;2
190;2
191;1
192;0
193;0
194;1
195;2
196;1
197;1
198;0
199;0
200;0
201;0
202;0
203;0
204;0
205;0
206;0
207;0
208;1
209;0
210;0
211;2
212;0
213;2
214;1
215;0
216;2
217;0
218;0
219;0
220;0
221;0
222;0
223;0
224;0
225;0
226;0
227;0
228;0
229;0
230;0
231;2
232;1
233;0
234;0
235;0
236;0
237;2
238;2
239;2
240;0
241;0
242;0
243;0
244;0
245;1
246;0
247;0
248;2
249;2
250;0
251;2
252;2
253;2
254;0
255;2
256;0
257;0
258;2
259;2
260;1
261;0
262;0
263;2
264;2
265;0
266;0
267;2
268;2
269;0
270;2
271;2
272;0
273;0
274;0
275;2
276;1
277;0
278;0
279;1
280;1
281;0
282;2
283;0
284;2
285;0
286;0
287;0
288;2
289;1
290;0
291;2
292;0
293;0
294;0
295;0
296;0
297;0
298;1
299;0
300;2
301;0
302;0
303;0
304;2
305;2
306;0
307;0
308;1
309;0
310;0
311;0
312;2
313;0
314;0
315;0
316;2
317;0
318;0
319;0
320;0
321;0
322;0
323;0
324;4
325;0
326;0
327;0
328;0
329;0
330;2
331;2
332;1
333;0
334;0
335;2
336;2
337;0
338;0
339;0
340;2
341;0
342;0
343;0
344;0
345;0
346;0
347;0
348;0
349;4
350;0
351;4
352;2
353;0
354;0
355;0
356;0
357;1
358;0
359;2
360;0
361;0
362;2
363;2
364;1
365;0
366;0
367;2
368;2
369;0
370;2
371;2
372;2
373;0
374;2
375;0
376;0
377;1
378;0
379;0
380;0
381;0
382;0
383;1
384;2
385;0
386;0
387;0
388;2
389;0
390;0
391;2
392;2
393;2
394;0
395;1
396;2
397;0
398;0
399;0
400;0
401;2
402;2
403;1
404;1
405;0
406;0
407;2
408;0
409;0
410;2
411;1
412;0
413;0
414;2
415;0
416;0
417;0
418;1
419;0
420;0
421;2
422;1
423;0
424;0
425;0
426;0
427;0
428;0
429;1
430;0
431;1
432;1
433;2
434;0
435;0
436;2
437;2
438;2
439;2
440;2
441;1
442;0
443;0
444;0
445;0
446;0
447;0
448;0
449;2
450;2
451;2
452;2
453;2
454;0
455;0
456;0
457;0
458;0
459;0
460;0
461;2
462;0
463;0
464;2
465;0
466;0
467;0
468;2
469;1
470;2
471;0
472;2
473;0
474;2
475;0
476;0
477;0
478;0
479;0
480;1
481;0
482;0
483;0
484;0
485;0
486;2
487;1
488;1
489;0
490;0
491;2
492;4
493;0
494;2
495;2
496;2
497;0
498;2
499;0
500;1
501;0
502;2
503;0
504;2
505;0
506;0
507;0
508;4
509;0
510;2
511;0
512;0
513;2
514;0
515;0
516;2
517;0
518;0
519;1
520;1
521;2
522;2
523;2
524;1
525;0
526;0
527;0
528;1
529;0
530;0
531;2
532;1
533;0
534;0
535;2
536;2
537;0
538;2
539;2
540;2
541;0
542;2
543;2
544;4
545;0
546;0
547;0
548;0
549;0
550;0
551;0
552;1
553;0
554;0
555;0
556;0
557;0
558;0
559;0
560;0
561;0
562;0
563;0
564;0
565;0
566;1
567;0
568;1
569;0
570;0
571;2
572;1
573;2
574;0
575;4
576;2
577;0
578;2
579;1
580;1
581;2
582;2
583;2
584;0
585;0
586;0
587;1
588;0
589;0
590;0
591;0
592;0
593;0
594;0
595;0
596;2
597;2
598;0
599;0
600;0
601;0
602;1
603;0
604;1
605;0
606;0
607;1
608;2
609;0
610;2
611;2
612;4
613;0
614;2
615;0
616;1
617;0
618;0
619;0
620;2
621;1
622;2
623;0
624;0
625;0
626;0
627;0
628;0
629;2
630;0
631;0
632;0
633;0
634;0
635;0
636;0
637;0
638;0
639;0
640;2
641;2
642;2
643;2
644;2
645;0
646;2
647;0
648;0
649;0
650;0
651;1
652;1
653;0
654;0
655;0
656;0
657;0
658;0
659;0
660;1
661;0
662;0
663;0
664;1
665;0
666;0
667;0
668;0
669;0
670;0
671;0
672;2
673;0
674;0
675;0
676;2
677;0
678;0
679;1
680;4
681;0
682;1
683;0
684;0
685;0
686;0
687;0
688;2
689;2
690;2
691;0
692;1
693;0
694;0
695;2
696;2
697;0
698;0
699;2
700;1
701;0
702;0
703;1
704;0
705;0
706;0
707;2
708;4
709;0
710;2
711;1
712;0
713;0
714;2
715;0
716;2
717;1
718;0
719;0
720;0
721;0
722;0
723;2
724;1
725;2
726;2
727;2
728;2
729;0
730;0
731;0
732;1
733;0
734;2
735;0
736;0
737;0
738;0
739;1
740;2
741;2
742;0
743;0
744;2
745;0
746;0
747;0
748;0
749;1
750;0
751;0
752;0
753;0
754;0
755;0
756;4
757;1
758;0
759;0
760;0
761;0
762;0
763;0
764;1
765;0
766;0
767;0
768;1
769;0
770;0
771;2
772;1
773;0
774;0
775;0
776;2
777;0
778;0
779;2
780;2
781;0
782;0
783;0
784;0
785;1
786;0
787;0
788;1
789;0
790;1
791;0
792;0
793;0
794;0
795;0
796;0
797;0
798;0
799;0
800;0
801;0
802;2
803;2
804;1
805;0
806;0
807;2
808;4
809;0
810;0
811;2
812;2
813;2
814;2
815;0
816;2
817;0
818;0
819;0
820;0
821;0
822;0
823;2
824;1
825;1
826;1
827;0
828;0
829;0
830;0
831;0
832;1
833;0
834;0
835;0
836;0
837;0
838;0
839;0
840;0
841;0
842;0
843;1
844;0
845;2
846;2
847;2
848;2
849;2
850;0
851;0
852;0
853;0
854;0
855;0
856;2
857;1
858;1
859;0
860;0
861;0
862;2
863;1
864;2
865;0
866;0
867;0
868;1
869;0
870;0
871;0
872;1
873;0
874;0
875;0
876;0
877;2
878;0
879;0
880;0
881;2
882;2
883;2
884;0
885;0
886;0
887;0
888;1
889;1
890;0
891;2
892;2
893;0
894;0
895;0
896;2
897;0
898;0
899;0
900;0
901;0
902;0
903;0
904;0
905;1
906;0
907;0
908;0
909;2
910;2
911;0
912;1
913;0
914;0
915;1
916;0
917;0
918;0
919;0
920;2
921;0
922;2
923;1
924;0
925;0
926;2
927;0
928;0
929;0
930;0
931;2
932;0
933;0
934;0
935;0
936;0
937;2
938;1
939;0
940;2
941;2
942;0
943;0
944;0
945;1
946;0
947;0
948;0
949;1
950;0
951;1
952;0
953;0
954;2
955;0
956;2
957;0
958;0
959;0
960;0
961;0
962;0
963;0
964;2
965;0
966;0
967;0
968;1
969;0
970;0
971;0
972;1
973;0
974;2
975;2
976;1
977;0
978;0
979;0
980;1
981;0
982;1
983;0
984;0
985;2
986;0
987;0
988;0
989;0
990;0
991;2
992;0
993;0
994;2
995;2
996;2
997;2
998;0
999;0
1000;4
1001;0
1002;2
1003;2
1004;0
1005;0
1006;0
1007;0
1008;1
1009;0
1010;0
1011;0
1012;0
1013;1
1014;0
1015;0
1016;0
1017;0
1018;0
1019;0
1020;0
1021;0
1022;0
1023;0
