0;1
1;0
2;0
3;1
4;0
5;0
6;0
7;2
8;2
9;0
10;1
11;0
12;0
13;0
14;0
15;0
16;0
17;0
18;2
19;1
20;0
21;0
22;0
23;1
24;0
25;0
26;2
27;2
28;2
29;0
30;2
31;2
32;0
33;0
34;0
35;0
36;0
37;0
38;2
39;1
40;0
41;0
42;0
43;0
44;2
45;2
46;2
47;1
48;0
49;1
50;0
51;0
52;0
53;0
54;0
55;0
56;0
57;0
58;1
59;2
60;1
61;0
62;0
63;0
64;0
65;1
66;2
67;1
68;0
69;0
70;0
71;0
72;2
73;0
74;0
75;0
76;0
77;0
78;0
79;0
80;2
81;0
82;2
83;0
84;1
85;2
86;0
87;0
88;0
89;0
90;0
91;0
92;2
93;0
94;2
95;1
96;0
97;0
98;2
99;1
100;0
101;0
102;1
103;0
104;0
105;0
106;0
107;0
108;0
109;0
110;0
111;0
112;0
113;0
114;0
115;0
116;0
117;2
118;2
119;1
120;0
121;0
122;0
123;0
124;0
125;0
126;0
127;0
128;0
129;0
130;2
131;0
132;0
133;0
134;0
135;0
136;0
137;2
138;2
139;0
140;1
141;0
142;0
143;1
144;0
145;0
146;1
147;0
148;0
149;0
150;2
151;0
152;0
153;2
154;2
155;2
156;1
157;0
158;0
159;2
160;1
161;1
162;2
163;1
164;0
165;0
166;2
167;0
168;2
169;1
170;0
171;0
172;0
173;0
174;0
175;0
176;0
177;0
178;2
179;2
180;2
181;0
182;2
183;1
184;0
185;0
186;2
187;2
188;2
189;1
190;0
191;0
192;1
193;1
194;2
195;1
196;0
197;0
198;0
199;1
200;0
201;0
202;2
203;1
204;0
205;0
206;0
207;0
208;0
209;0
210;0
211;0
212;0
213;0
214;0
215;0
216;1
217;0
218;2
219;0
220;1
221;2
222;0
223;0
224;2
225;0
226;1
227;0
228;0
229;0
230;2
231;0
232;2
233;0
234;2
235;2
236;2
237;0
238;0
239;0
240;1
241;0
242;0
243;0
244;0
245;1
246;0
247;2
248;1
249;0
250;0
251;0
252;0
253;0
254;2
255;0
256;2
257;0
258;0
259;0
260;0
261;0
262;0
263;2
264;0
265;0
266;0
267;0
268;0
269;2
270;1
271;2
272;1
273;0
274;2
275;0
276;0
277;1
278;0
279;0
280;2
281;0
282;0
283;0
284;2
285;2
286;0
287;1
288;0
289;0
290;0
291;0
292;2
293;0
294;1
295;0
296;0
297;0
298;0
299;0
300;0
301;0
302;0
303;0
304;2
305;0
306;0
307;0
308;0
309;0
310;0
311;0
312;0
313;0
314;1
315;0
316;0
317;0
318;0
319;0
320;0
321;0
322;0
323;0
324;1
325;0
326;0
327;0
328;2
329;0
330;0
331;0
332;0
333;0
334;1
335;1
336;0
337;0
338;0
339;0
340;2
341;0
342;0
343;2
344;2
345;0
346;0
347;2
348;2
349;0
350;2
351;1
352;0
353;0
354;0
355;2
356;1
357;0
358;0
359;0
360;2
361;0
362;2
363;1
364;0
365;0
366;0
367;0
368;1
369;0
370;1
371;2
372;0
373;0
374;0
375;0
376;1
377;2
378;1
379;0
380;0
381;1
382;1
383;0
384;0
385;0
386;2
387;0
388;0
389;1
390;0
391;0
392;1
393;0
394;0
395;0
396;0
397;1
398;0
399;2
400;2
401;1
402;0
403;0
404;0
405;0
406;0
407;0
408;0
409;2
410;2
411;2
412;2
413;2
414;1
415;1
416;0
417;0
418;1
419;1
420;0
421;2
422;2
423;1
424;0
425;0
426;0
427;0
428;2
429;1
430;2
431;0
432;2
433;0
434;2
435;0
436;2
437;0
438;0
439;0
440;2
441;2
442;0
443;2
444;0
445;2
446;2
447;0
448;1
449;0
450;2
451;0
452;0
453;0
454;0
455;0
456;2
457;0
458;0
459;0
460;2
461;2
462;1
463;1
464;0
465;2
466;0
467;1
468;0
469;2
470;2
471;2
472;1
473;0
474;2
475;2
476;2
477;0
478;0
479;2
480;4
481;2
482;2
483;1
484;0
485;0
486;2
487;0
488;1
489;2
490;0
491;0
492;0
493;2
494;0
495;2
496;0
497;0
498;0
499;0
500;1
501;0
502;0
503;2
504;2
505;1
506;2
507;1
508;0
509;0
510;0
511;0
512;0
513;0
514;2
515;1
516;0
517;0
518;0
519;0
520;2
521;0
522;0
523;0
524;0
525;2
526;0
527;0
528;0
529;1
530;2
531;0
532;0
533;0
534;1
535;0
536;0
537;0
538;0
539;2
540;1
541;0
542;0
543;0
544;2
545;2
546;2
547;0
548;2
549;0
550;2
551;0
552;0
553;2
554;0
555;1
556;0
557;0
558;0
559;0
560;0
561;1
562;0
563;0
564;0
565;0
566;0
567;0
568;0
569;1
570;0
571;0
572;0
573;0
574;1
575;0
576;0
577;0
578;1
579;0
580;2
581;0
582;0
583;2
584;0
585;0
586;0
587;0
588;0
589;0
590;2
591;2
592;2
593;2
594;2
595;2
596;2
597;0
598;0
599;0
600;2
601;0
602;0
603;2
604;0
605;0
606;1
607;0
608;0
609;0
610;1
611;0
612;2
613;0
614;2
615;0
616;0
617;0
618;0
619;0
620;2
621;0
622;2
623;0
624;0
625;0
626;0
627;0
628;1
629;0
630;0
631;2
632;4
633;2
634;0
635;0
636;2
637;0
638;2
639;0
640;1
641;0
642;0
643;0
644;2
645;2
646;2
647;0
648;2
649;2
650;2
651;1
652;0
653;0
654;0
655;2
656;0
657;0
658;2
659;0
660;2
661;0
662;0
663;0
664;2
665;2
666;2
667;2
668;2
669;2
670;0
671;0
672;0
673;0
674;0
675;1
676;2
677;0
678;0
679;0
680;0
681;0
682;0
683;0
684;1
685;0
686;0
687;0
688;1
689;0
690;0
691;0
692;1
693;0
694;0
695;0
696;0
697;0
698;0
699;0
700;0
701;0
702;0
703;0
704;0
705;0
706;0
707;0
708;0
709;1
710;0
711;0
712;0
713;0
714;0
715;1
716;0
717;1
718;0
719;0
720;0
721;0
722;0
723;0
724;0
725;0
726;0
727;0
728;0
729;0
730;0
731;0
732;0
733;0
734;0
735;1
736;0
737;0
738;1
739;0
740;0
741;2
742;0
743;0
744;0
745;0
746;0
747;0
748;2
749;1
750;1
751;0
752;0
753;2
754;1
755;0
756;0
757;2
758;2
759;1
760;0
761;0
762;0
763;0
764;0
765;0
766;0
767;0
768;2
769;0
770;0
771;0
772;0
773;0
774;2
775;0
776;1
777;0
778;0
779;0
780;0
781;1
782;0
783;0
784;1
785;0
786;2
787;1
788;0
789;0
790;2
791;2
792;0
793;0
794;0
795;0
796;0
797;1
798;0
799;0
800;0
801;2
802;2
803;1
804;0
805;2
806;2
807;1
808;0
809;0
810;0
811;2
812;1
813;0
814;0
815;0
816;2
817;0
818;1
819;2
820;2
821;0
822;2
823;0
824;2
825;1
826;1
827;0
828;2
829;0
830;0
831;0
832;0
833;0
834;0
835;0
836;2
837;2
838;0
839;0
840;0
841;0
842;0
843;0
844;0
845;0
846;0
847;0
848;2
849;0
850;0
851;2
852;0
853;0
854;0
855;0
856;0
857;1
858;0
859;2
860;2
861;0
862;0
863;2
864;2
865;1
866;0
867;0
868;1
869;0
870;2
871;2
872;1
873;0
874;0
875;0
876;1
877;0
878;0
879;0
880;0
881;2
882;2
883;0
884;2
885;0
886;1
887;2
888;0
889;1
890;0
891;0
892;1
893;0
894;0
895;2
896;4
897;0
898;2
899;2
900;2
901;0
902;2
903;0
904;1
905;0
906;0
907;1
908;0
909;2
910;0
911;0
912;2
913;0
914;2
915;0
916;0
917;0
918;2
919;1
920;0
921;0
922;1
923;0
924;1
925;2
926;1
927;0
928;1
929;0
930;0
931;0
932;1
933;0
934;2
935;2
936;0
937;0
938;0
939;0
940;1
941;0
942;0
943;2
944;2
945;0
946;2
947;0
948;0
949;0
950;2
951;2
952;2
953;0
954;2
955;2
956;0
957;1
958;0
959;0
960;0
961;0
962;0
963;2
964;2
965;0
966;2
967;0
968;0
969;0
970;0
971;2
972;0
973;0
974;0
975;0
976;0
977;0
978;1
979;0
980;0
981;2
982;1
983;0
984;0
985;1
986;0
987;0
988;0
989;0
990;0
991;0
992;2
993;2
994;1
995;2
996;2
997;0
998;2
999;2
1000;1
1001;0
1002;0
1003;0
1004;0
1005;0
1006;0
1007;0
1008;0
1009;2
1010;0
1011;0
1012;1
1013;0
1014;1
1015;1
1016;0
1017;0
1018;0
1019;0
1020;0
1021;0
1022;0
1023;0
