0;0
1;0
2;0
3;2
4;2
5;0
6;0
7;1
8;2
9;0
10;0
11;0
12;2
13;0
14;0
15;0
16;0
17;2
18;2
19;2
20;1
21;0
22;0
23;1
24;1
25;1
26;2
27;2
28;1
29;0
30;0
31;2
32;0
33;0
34;0
35;0
36;0
37;0
38;0
39;0
40;0
41;0
42;0
43;0
44;2
45;0
46;0
47;1
48;0
49;0
50;0
51;0
52;0
53;0
54;0
55;0
56;0
57;1
58;0
59;2
60;1
61;0
62;0
63;0
64;0
65;0
66;0
67;1
68;0
69;0
70;2
71;2
72;1
73;0
74;0
75;0
76;0
77;0
78;2
79;0
80;1
81;0
82;2
83;0
84;1
85;2
86;0
87;0
88;2
89;1
90;0
91;2
92;2
93;0
94;0
95;1
96;0
97;0
98;0
99;1
100;0
101;0
102;1
103;0
104;0
105;0
106;2
107;0
108;0
109;2
110;0
111;0
112;0
113;0
114;0
115;2
116;1
117;1
118;0
119;2
120;1
121;0
122;2
123;0
124;2
125;0
126;2
127;0
128;2
129;0
130;1
131;1
132;0
133;1
134;1
135;0
136;0
137;0
138;0
139;0
140;2
141;0
142;2
143;0
144;2
145;0
146;0
147;0
148;0
149;2
150;2
151;2
152;1
153;0
154;2
155;0
156;0
157;0
158;0
159;0
160;0
161;0
162;0
163;0
164;2
165;0
166;0
167;0
168;0
169;0
170;0
171;1
172;0
173;0
174;0
175;0
176;0
177;1
178;0
179;0
180;0
181;1
182;0
183;0
184;2
185;1
186;0
187;0
188;2
189;0
190;0
191;1
192;0
193;0
194;0
195;1
196;2
197;2
198;0
199;1
200;0
201;0
202;2
203;2
204;0
205;0
206;0
207;0
208;0
209;0
210;0
211;1
212;0
213;0
214;1
215;2
216;1
217;0
218;0
219;2
220;4
221;0
222;1
223;2
224;2
225;0
226;2
227;0
228;2
229;0
230;0
231;0
232;1
233;2
234;2
235;1
236;0
237;0
238;0
239;0
240;0
241;0
242;0
243;0
244;2
245;1
246;0
247;1
248;0
249;2
250;0
251;2
252;0
253;0
254;2
255;2
256;2
257;0
258;0
259;0
260;0
261;0
262;2
263;2
264;2
265;0
266;0
267;0
268;2
269;2
270;1
271;2
272;1
273;0
274;0
275;0
276;0
277;1
278;0
279;0
280;0
281;0
282;0
283;0
284;2
285;0
286;0
287;1
288;0
289;0
290;0
291;0
292;1
293;0
294;2
295;2
296;1
297;0
298;0
299;0
300;2
301;2
302;2
303;2
304;2
305;0
306;2
307;2
308;0
309;0
310;1
311;1
312;0
313;0
314;0
315;0
316;2
317;0
318;0
319;0
320;0
321;0
322;0
323;0
324;0
325;2
326;1
327;0
328;0
329;0
330;0
331;1
332;0
333;0
334;0
335;0
336;1
337;0
338;0
339;0
340;2
341;0
342;0
343;0
344;2
345;2
346;0
347;2
348;1
349;0
350;0
351;0
352;2
353;0
354;0
355;0
356;0
357;0
358;0
359;2
360;2
361;0
362;0
363;1
364;0
365;0
366;0
367;1
368;0
369;0
370;1
371;0
372;2
373;0
374;2
375;0
376;2
377;2
378;2
379;1
380;0
381;0
382;0
383;2
384;2
385;1
386;0
387;0
388;0
389;0
390;0
391;0
392;0
393;0
394;0
395;1
396;0
397;2
398;2
399;0
400;2
401;1
402;0
403;0
404;0
405;0
406;0
407;0
408;0
409;1
410;0
411;2
412;0
413;0
414;0
415;1
416;0
417;0
418;0
419;0
420;0
421;0
422;0
423;1
424;0
425;0
426;2
427;2
428;1
429;0
430;2
431;0
432;0
433;0
434;2
435;0
436;2
437;0
438;0
439;0
440;1
441;2
442;0
443;0
444;0
445;0
446;1
447;0
448;1
449;0
450;0
451;0
452;0
453;2
454;0
455;2
456;2
457;0
458;0
459;0
460;0
461;0
462;1
463;1
464;0
465;0
466;0
467;0
468;0
469;2
470;2
471;2
472;0
473;0
474;0
475;2
476;1
477;0
478;0
479;0
480;2
481;2
482;2
483;2
484;1
485;0
486;0
487;1
488;0
489;1
490;0
491;0
492;0
493;0
494;0
495;0
496;0
497;0
498;2
499;1
500;1
501;0
502;0
503;0
504;0
505;2
506;0
507;1
508;0
509;0
510;1
511;0
512;1
513;0
514;0
515;2
516;0
517;0
518;1
519;2
520;2
521;0
522;2
523;0
524;1
525;0
526;0
527;1
528;0
529;0
530;0
531;2
532;2
533;1
534;2
535;0
536;1
537;0
538;2
539;2
540;0
541;2
542;0
543;0
544;0
545;0
546;0
547;0
548;0
549;0
550;0
551;1
552;0
553;2
554;2
555;0
556;0
557;0
558;2
559;0
560;2
561;1
562;0
563;1
564;0
565;0
566;0
567;0
568;0
569;0
570;0
571;0
572;1
573;0
574;2
575;0
576;0
577;1
578;0
579;2
580;0
581;0
582;0
583;1
584;0
585;0
586;1
587;0
588;2
589;0
590;0
591;2
592;0
593;0
594;0
595;0
596;0
597;0
598;0
599;1
600;0
601;0
602;2
603;0
604;1
605;0
606;0
607;2
608;1
609;0
610;2
611;2
612;2
613;0
614;2
615;0
616;1
617;1
618;0
619;2
620;2
621;0
622;0
623;0
624;0
625;0
626;0
627;0
628;0
629;0
630;0
631;2
632;1
633;0
634;0
635;0
636;0
637;0
638;0
639;0
640;1
641;0
642;2
643;0
644;0
645;0
646;0
647;1
648;2
649;2
650;1
651;0
652;0
653;0
654;2
655;0
656;2
657;0
658;1
659;0
660;0
661;0
662;0
663;1
664;0
665;1
666;0
667;0
668;2
669;0
670;0
671;0
672;1
673;0
674;0
675;0
676;2
677;0
678;0
679;2
680;2
681;0
682;0
683;1
684;0
685;0
686;2
687;2
688;2
689;0
690;0
691;0
692;1
693;0
694;0
695;0
696;0
697;0
698;0
699;0
700;0
701;0
702;0
703;0
704;0
705;0
706;2
707;2
708;1
709;0
710;0
711;1
712;0
713;2
714;2
715;0
716;0
717;0
718;1
719;0
720;1
721;0
722;2
723;1
724;0
725;1
726;0
727;0
728;0
729;0
730;0
731;2
732;1
733;1
734;0
735;0
736;0
737;0
738;0
739;0
740;1
741;0
742;0
743;0
744;0
745;0
746;0
747;0
748;0
749;0
750;0
751;1
752;0
753;0
754;2
755;0
756;1
757;0
758;0
759;1
760;0
761;1
762;0
763;4
764;2
765;0
766;1
767;0
768;2
769;0
770;2
771;2
772;2
773;0
774;0
775;0
776;2
777;0
778;0
779;0
780;2
781;1
782;0
783;0
784;0
785;1
786;0
787;2
788;1
789;0
790;0
791;1
792;0
793;0
794;1
795;0
796;1
797;0
798;0
799;0
800;0
801;0
802;0
803;0
804;0
805;2
806;2
807;1
808;0
809;0
810;0
811;2
812;0
813;2
814;1
815;0
816;2
817;0
818;0
819;2
820;0
821;0
822;0
823;1
824;0
825;0
826;0
827;0
828;0
829;1
830;1
831;1
832;1
833;1
834;0
835;1
836;0
837;2
838;2
839;2
840;2
841;0
842;0
843;0
844;0
845;0
846;2
847;2
848;0
849;0
850;2
851;0
852;0
853;0
854;0
855;0
856;0
857;2
858;1
859;0
860;0
861;0
862;0
863;1
864;0
865;0
866;0
867;0
868;0
869;0
870;0
871;0
872;2
873;0
874;0
875;0
876;0
877;1
878;0
879;0
880;0
881;2
882;2
883;2
884;2
885;0
886;0
887;1
888;0
889;0
890;0
891;0
892;0
893;2
894;0
895;0
896;0
897;0
898;1
899;2
900;0
901;1
902;0
903;2
904;2
905;1
906;0
907;0
908;0
909;0
910;2
911;0
912;0
913;0
914;0
915;1
916;0
917;0
918;1
919;0
920;0
921;2
922;1
923;0
924;0
925;0
926;0
927;0
928;2
929;1
930;1
931;0
932;1
933;0
934;0
935;0
936;0
937;0
938;1
939;0
940;0
941;0
942;0
943;2
944;1
945;0
946;2
947;0
948;2
949;0
950;2
951;2
952;1
953;0
954;0
955;1
956;0
957;1
958;2
959;0
960;0
961;1
962;1
963;0
964;2
965;2
966;2
967;2
968;1
969;1
970;0
971;0
972;0
973;0
974;0
975;0
976;2
977;0
978;2
979;0
980;0
981;0
982;0
983;2
984;0
985;0
986;0
987;0
988;0
989;0
990;0
991;2
992;0
993;1
994;1
995;0
996;0
997;1
998;0
999;2
1000;0
1001;0
1002;1
1003;0
1004;0
1005;2
1006;1
1007;2
1008;2
1009;0
1010;0
1011;0
1012;0
1013;0
1014;0
1015;0
1016;0
1017;0
1018;0
1019;0
1020;0
1021;0
1022;0
1023;0
