0;1
1;0
2;0
3;2
4;1
5;0
6;2
7;1
8;2
9;0
10;2
11;1
12;0
13;0
14;1
15;0
16;0
17;0
18;1
19;0
20;2
21;2
22;0
23;2
24;1
25;0
26;0
27;0
28;2
29;0
30;0
31;0
32;1
33;2
34;0
35;0
36;1
37;0
38;1
39;0
40;1
41;0
42;1
43;0
44;2
45;0
46;0
47;0
48;0
49;0
50;0
51;0
52;2
53;0
54;0
55;0
56;0
57;0
58;0
59;0
60;2
61;0
62;0
63;0
64;0
65;0
66;0
67;0
68;0
69;0
70;0
71;0
72;1
73;0
74;0
75;0
76;1
77;0
78;0
79;2
80;2
81;0
82;0
83;0
84;0
85;0
86;0
87;0
88;0
89;0
90;0
91;0
92;2
93;2
94;1
95;0
96;0
97;0
98;0
99;0
100;0
101;2
102;1
103;0
104;0
105;1
106;1
107;1
108;0
109;0
110;0
111;0
112;0
113;2
114;0
115;1
116;0
117;1
118;0
119;0
120;0
121;2
122;1
123;0
124;2
125;0
126;0
127;0
128;0
129;2
130;2
131;2
132;4
133;0
134;0
135;0
136;0
137;0
138;0
139;2
140;2
141;0
142;0
143;0
144;2
145;0
146;0
147;0
148;0
149;0
150;0
151;0
152;2
153;0
154;1
155;0
156;0
157;2
158;0
159;0
160;0
161;0
162;0
163;0
164;1
165;0
166;0
167;0
168;0
169;0
170;1
171;0
172;2
173;0
174;0
175;0
176;0
177;2
178;0
179;0
180;0
181;2
182;1
183;0
184;0
185;0
186;0
187;0
188;0
189;2
190;2
191;0
192;2
193;0
194;1
195;0
196;2
197;0
198;0
199;0
200;0
201;0
202;2
203;2
204;1
205;2
206;0
207;0
208;0
209;2
210;0
211;0
212;0
213;0
214;0
215;0
216;0
217;2
218;0
219;0
220;0
221;2
222;0
223;0
224;2
225;2
226;1
227;0
228;1
229;2
230;0
231;0
232;2
233;0
234;0
235;0
236;0
237;1
238;2
239;0
240;0
241;2
242;1
243;0
244;0
245;0
246;2
247;0
248;0
249;0
250;2
251;0
252;0
253;2
254;2
255;2
256;2
257;0
258;0
259;0
260;0
261;0
262;2
263;0
264;1
265;0
266;0
267;2
268;2
269;0
270;2
271;1
272;2
273;2
274;2
275;0
276;1
277;2
278;1
279;0
280;0
281;0
282;0
283;0
284;0
285;0
286;0
287;0
288;0
289;0
290;0
291;1
292;0
293;1
294;0
295;0
296;0
297;0
298;0
299;0
300;0
301;0
302;0
303;0
304;2
305;2
306;1
307;0
308;1
309;0
310;0
311;0
312;0
313;0
314;0
315;1
316;0
317;1
318;0
319;2
320;2
321;2
322;0
323;1
324;0
325;1
326;0
327;2
328;1
329;0
330;0
331;2
332;2
333;1
334;1
335;0
336;1
337;0
338;0
339;2
340;0
341;0
342;0
343;2
344;2
345;1
346;0
347;2
348;2
349;2
350;1
351;0
352;0
353;0
354;2
355;0
356;0
357;2
358;0
359;0
360;0
361;0
362;1
363;0
364;0
365;0
366;2
367;2
368;0
369;0
370;0
371;1
372;1
373;0
374;0
375;0
376;0
377;0
378;0
379;2
380;2
381;0
382;0
383;0
384;0
385;0
386;1
387;0
388;1
389;0
390;0
391;1
392;0
393;0
394;0
395;1
396;0
397;0
398;0
399;1
400;0
401;1
402;0
403;0
404;0
405;1
406;0
407;2
408;0
409;0
410;0
411;0
412;0
413;0
414;1
415;0
416;0
417;0
418;2
419;1
420;0
421;1
422;0
423;0
424;2
425;0
426;0
427;0
428;0
429;1
430;0
431;2
432;2
433;2
434;1
435;0
436;1
437;0
438;0
439;0
440;0
441;1
442;0
443;0
444;0
445;0
446;2
447;1
448;0
449;0
450;0
451;0
452;0
453;0
454;1
455;0
456;0
457;1
458;0
459;2
460;0
461;0
462;0
463;0
464;0
465;2
466;2
467;2
468;1
469;0
470;2
471;2
472;0
473;0
474;0
475;1
476;2
477;0
478;2
479;1
480;0
481;0
482;2
483;0
484;2
485;0
486;0
487;0
488;1
489;2
490;1
491;2
492;0
493;0
494;0
495;0
496;2
497;0
498;0
499;0
500;1
501;1
502;2
503;0
504;0
505;0
506;0
507;0
508;0
509;0
510;0
511;0
512;1
513;0
514;2
515;0
516;2
517;2
518;0
519;0
520;0
521;2
522;2
523;2
524;1
525;0
526;2
527;2
528;0
529;0
530;1
531;0
532;0
533;0
534;0
535;0
536;1
537;0
538;1
539;0
540;0
541;2
542;0
543;2
544;2
545;0
546;0
547;0
548;1
549;0
550;2
551;0
552;0
553;2
554;1
555;0
556;2
557;0
558;2
559;0
560;0
561;0
562;0
563;1
564;0
565;2
566;2
567;1
568;0
569;0
570;0
571;0
572;0
573;0
574;0
575;0
576;2
577;0
578;0
579;0
580;2
581;2
582;0
583;0
584;1
585;0
586;0
587;0
588;0
589;0
590;0
591;2
592;1
593;0
594;0
595;0
596;0
597;0
598;0
599;0
600;2
601;0
602;0
603;0
604;0
605;0
606;0
607;0
608;2
609;2
610;0
611;0
612;0
613;0
614;2
615;1
616;0
617;0
618;1
619;0
620;0
621;0
622;2
623;2
624;2
625;2
626;0
627;0
628;1
629;0
630;1
631;0
632;0
633;0
634;0
635;0
636;0
637;0
638;1
639;0
640;0
641;0
642;0
643;2
644;4
645;0
646;1
647;2
648;2
649;0
650;0
651;0
652;2
653;2
654;1
655;0
656;0
657;0
658;0
659;0
660;0
661;2
662;2
663;2
664;0
665;0
666;2
667;0
668;2
669;0
670;0
671;0
672;0
673;2
674;2
675;0
676;0
677;0
678;0
679;2
680;0
681;0
682;0
683;2
684;0
685;0
686;0
687;0
688;1
689;0
690;2
691;2
692;0
693;0
694;1
695;2
696;1
697;0
698;0
699;0
700;0
701;0
702;2
703;2
704;0
705;0
706;0
707;2
708;1
709;0
710;0
711;2
712;4
713;0
714;2
715;1
716;0
717;0
718;2
719;0
720;1
721;0
722;0
723;0
724;0
725;0
726;0
727;0
728;2
729;0
730;0
731;0
732;0
733;0
734;0
735;0
736;0
737;0
738;0
739;2
740;0
741;0
742;0
743;0
744;2
745;0
746;0
747;2
748;0
749;2
750;1
751;0
752;0
753;0
754;0
755;0
756;1
757;0
758;2
759;0
760;0
761;0
762;0
763;2
764;0
765;2
766;0
767;0
768;1
769;0
770;0
771;0
772;0
773;2
774;0
775;2
776;0
777;0
778;0
779;0
780;0
781;1
782;2
783;2
784;0
785;0
786;1
787;0
788;0
789;0
790;0
791;0
792;0
793;0
794;1
795;0
796;0
797;0
798;0
799;1
800;0
801;0
802;0
803;0
804;0
805;0
806;0
807;0
808;0
809;0
810;0
811;0
812;0
813;1
814;0
815;0
816;0
817;1
818;0
819;0
820;1
821;1
822;2
823;0
824;2
825;0
826;0
827;0
828;0
829;0
830;0
831;0
832;2
833;2
834;2
835;0
836;0
837;0
838;0
839;0
840;2
841;1
842;0
843;1
844;1
845;0
846;1
847;2
848;2
849;0
850;0
851;1
852;0
853;0
854;1
855;0
856;0
857;0
858;1
859;0
860;0
861;0
862;0
863;0
864;0
865;2
866;2
867;0
868;2
869;2
870;0
871;0
872;1
873;1
874;0
875;0
876;0
877;0
878;2
879;0
880;0
881;1
882;0
883;0
884;0
885;0
886;0
887;1
888;1
889;0
890;0
891;0
892;0
893;0
894;2
895;1
896;0
897;0
898;1
899;0
900;0
901;0
902;0
903;2
904;0
905;0
906;0
907;0
908;0
909;0
910;0
911;0
912;2
913;2
914;0
915;0
916;0
917;2
918;0
919;0
920;0
921;0
922;2
923;2
924;0
925;0
926;0
927;0
928;0
929;0
930;2
931;0
932;2
933;0
934;2
935;2
936;1
937;0
938;0
939;2
940;1
941;0
942;1
943;0
944;0
945;0
946;1
947;0
948;0
949;2
950;2
951;0
952;0
953;2
954;0
955;0
956;0
957;0
958;2
959;2
960;2
961;0
962;2
963;0
964;0
965;0
966;0
967;0
968;0
969;0
970;0
971;0
972;0
973;1
974;0
975;0
976;0
977;1
978;0
979;2
980;2
981;0
982;1
983;0
984;0
985;0
986;0
987;0
988;2
989;0
990;2
991;0
992;0
993;0
994;0
995;2
996;2
997;0
998;0
999;0
1000;0
1001;0
1002;0
1003;2
1004;0
1005;1
1006;0
1007;0
1008;1
1009;0
1010;0
1011;0
1012;0
1013;0
1014;1
1015;1
1016;0
1017;0
1018;0
1019;0
1020;0
1021;0
1022;0
1023;0
