0;0
1;0
2;0
3;2
4;4
5;0
6;2
7;2
8;2
9;0
10;2
11;0
12;1
13;0
14;2
15;0
16;0
17;1
18;0
19;0
20;2
21;0
22;0
23;2
24;0
25;1
26;0
27;0
28;0
29;0
30;0
31;0
32;1
33;1
34;0
35;0
36;1
37;0
38;0
39;0
40;1
41;0
42;1
43;0
44;2
45;0
46;0
47;0
48;0
49;0
50;0
51;0
52;2
53;0
54;0
55;0
56;0
57;0
58;0
59;0
60;1
61;0
62;0
63;0
64;2
65;0
66;0
67;0
68;0
69;0
70;0
71;0
72;0
73;0
74;0
75;0
76;2
77;0
78;0
79;2
80;2
81;0
82;0
83;2
84;0
85;0
86;0
87;0
88;1
89;0
90;0
91;2
92;2
93;1
94;0
95;0
96;0
97;0
98;2
99;0
100;0
101;0
102;0
103;0
104;0
105;0
106;0
107;1
108;0
109;0
110;0
111;0
112;0
113;2
114;1
115;0
116;1
117;0
118;0
119;0
120;0
121;2
122;1
123;0
124;2
125;0
126;2
127;0
128;0
129;2
130;2
131;2
132;2
133;0
134;0
135;0
136;0
137;0
138;0
139;0
140;1
141;0
142;0
143;0
144;2
145;0
146;0
147;0
148;0
149;2
150;2
151;0
152;2
153;1
154;0
155;0
156;0
157;0
158;0
159;0
160;0
161;0
162;0
163;0
164;1
165;0
166;0
167;0
168;0
169;0
170;2
171;0
172;1
173;0
174;0
175;0
176;0
177;2
178;2
179;0
180;2
181;0
182;0
183;0
184;0
185;0
186;0
187;0
188;0
189;1
190;0
191;0
192;2
193;2
194;1
195;0
196;0
197;0
198;0
199;0
200;0
201;0
202;0
203;1
204;0
205;0
206;0
207;0
208;0
209;0
210;0
211;0
212;2
213;0
214;0
215;0
216;0
217;2
218;0
219;0
220;0
221;0
222;0
223;0
224;1
225;0
226;0
227;2
228;1
229;2
230;0
231;2
232;2
233;1
234;1
235;0
236;0
237;0
238;0
239;0
240;0
241;0
242;1
243;0
244;0
245;0
246;2
247;0
248;2
249;2
250;0
251;0
252;0
253;0
254;2
255;0
256;0
257;0
258;0
259;0
260;0
261;0
262;2
263;2
264;0
265;0
266;0
267;2
268;4
269;0
270;2
271;2
272;4
273;0
274;2
275;0
276;2
277;2
278;0
279;2
280;2
281;0
282;0
283;0
284;0
285;0
286;0
287;0
288;2
289;1
290;0
291;1
292;0
293;1
294;0
295;0
296;0
297;0
298;0
299;1
300;0
301;0
302;0
303;0
304;0
305;0
306;2
307;2
308;1
309;0
310;0
311;0
312;0
313;1
314;0
315;0
316;0
317;2
318;1
319;0
320;2
321;1
322;0
323;2
324;2
325;1
326;2
327;2
328;0
329;0
330;0
331;0
332;2
333;1
334;0
335;0
336;0
337;0
338;2
339;0
340;0
341;0
342;0
343;2
344;0
345;1
346;0
347;2
348;1
349;0
350;0
351;1
352;0
353;0
354;0
355;0
356;0
357;2
358;0
359;0
360;0
361;0
362;0
363;0
364;0
365;0
366;2
367;2
368;0
369;2
370;0
371;0
372;0
373;0
374;0
375;0
376;1
377;0
378;1
379;2
380;0
381;0
382;0
383;1
384;0
385;0
386;2
387;0
388;2
389;2
390;0
391;0
392;0
393;0
394;0
395;0
396;0
397;1
398;0
399;1
400;0
401;0
402;2
403;0
404;2
405;1
406;0
407;2
408;1
409;0
410;0
411;0
412;2
413;2
414;0
415;2
416;2
417;0
418;0
419;0
420;0
421;0
422;1
423;0
424;0
425;2
426;0
427;1
428;0
429;0
430;2
431;0
432;1
433;0
434;0
435;0
436;0
437;0
438;1
439;0
440;1
441;1
442;0
443;2
444;0
445;0
446;0
447;0
448;0
449;0
450;2
451;2
452;2
453;1
454;0
455;0
456;0
457;0
458;0
459;0
460;2
461;0
462;0
463;0
464;0
465;0
466;0
467;0
468;2
469;0
470;0
471;2
472;1
473;0
474;0
475;0
476;0
477;0
478;0
479;0
480;0
481;2
482;0
483;0
484;0
485;0
486;0
487;0
488;1
489;2
490;0
491;2
492;2
493;2
494;0
495;0
496;0
497;0
498;2
499;0
500;0
501;0
502;2
503;2
504;0
505;1
506;0
507;0
508;0
509;0
510;0
511;0
512;1
513;0
514;0
515;1
516;0
517;0
518;1
519;0
520;0
521;0
522;0
523;0
524;1
525;0
526;2
527;0
528;0
529;0
530;2
531;1
532;0
533;2
534;2
535;0
536;0
537;0
538;0
539;1
540;0
541;2
542;0
543;0
544;2
545;1
546;0
547;0
548;0
549;0
550;2
551;1
552;0
553;0
554;1
555;1
556;1
557;0
558;0
559;0
560;2
561;0
562;0
563;2
564;2
565;0
566;2
567;0
568;1
569;0
570;0
571;2
572;0
573;0
574;0
575;2
576;2
577;0
578;1
579;0
580;0
581;0
582;0
583;1
584;0
585;0
586;0
587;0
588;1
589;0
590;2
591;0
592;0
593;2
594;0
595;0
596;0
597;0
598;0
599;0
600;2
601;0
602;0
603;0
604;2
605;1
606;0
607;0
608;0
609;0
610;0
611;0
612;0
613;0
614;0
615;2
616;2
617;2
618;0
619;0
620;2
621;2
622;1
623;0
624;2
625;1
626;0
627;0
628;0
629;0
630;0
631;0
632;0
633;0
634;0
635;0
636;2
637;0
638;0
639;2
640;0
641;0
642;0
643;0
644;0
645;0
646;0
647;0
648;0
649;0
650;2
651;0
652;0
653;0
654;0
655;0
656;0
657;0
658;1
659;1
660;0
661;0
662;0
663;0
664;0
665;0
666;0
667;0
668;1
669;0
670;1
671;2
672;1
673;0
674;0
675;0
676;0
677;0
678;0
679;2
680;0
681;0
682;1
683;0
684;0
685;0
686;0
687;0
688;0
689;0
690;0
691;0
692;1
693;0
694;0
695;0
696;0
697;0
698;0
699;1
700;0
701;0
702;0
703;0
704;0
705;0
706;1
707;0
708;1
709;0
710;0
711;2
712;2
713;0
714;0
715;2
716;2
717;0
718;2
719;0
720;0
721;2
722;0
723;0
724;0
725;2
726;2
727;0
728;2
729;0
730;0
731;2
732;0
733;0
734;0
735;0
736;0
737;0
738;0
739;2
740;1
741;0
742;2
743;0
744;0
745;0
746;2
747;2
748;0
749;2
750;0
751;0
752;1
753;0
754;0
755;0
756;0
757;2
758;0
759;2
760;0
761;0
762;0
763;0
764;0
765;0
766;1
767;0
768;0
769;0
770;0
771;0
772;0
773;1
774;2
775;0
776;0
777;0
778;0
779;0
780;0
781;0
782;0
783;1
784;0
785;0
786;0
787;0
788;0
789;0
790;0
791;0
792;0
793;0
794;0
795;0
796;0
797;1
798;1
799;0
800;0
801;0
802;2
803;0
804;0
805;1
806;0
807;0
808;2
809;0
810;0
811;0
812;0
813;0
814;1
815;0
816;0
817;2
818;2
819;2
820;2
821;0
822;0
823;0
824;2
825;2
826;1
827;2
828;0
829;0
830;0
831;2
832;2
833;0
834;0
835;0
836;0
837;0
838;1
839;0
840;0
841;0
842;0
843;0
844;0
845;0
846;0
847;0
848;0
849;1
850;0
851;0
852;0
853;0
854;2
855;0
856;1
857;1
858;0
859;0
860;0
861;0
862;0
863;0
864;0
865;1
866;1
867;0
868;0
869;1
870;1
871;0
872;1
873;0
874;0
875;2
876;1
877;0
878;1
879;1
880;0
881;1
882;0
883;0
884;0
885;0
886;0
887;0
888;2
889;0
890;0
891;0
892;0
893;0
894;0
895;0
896;0
897;2
898;0
899;0
900;0
901;2
902;0
903;0
904;0
905;2
906;0
907;1
908;2
909;0
910;1
911;0
912;2
913;0
914;1
915;0
916;0
917;1
918;0
919;0
920;0
921;0
922;0
923;0
924;2
925;2
926;2
927;2
928;2
929;0
930;2
931;0
932;0
933;0
934;1
935;0
936;0
937;0
938;0
939;0
940;0
941;1
942;0
943;0
944;0
945;1
946;0
947;2
948;2
949;0
950;0
951;0
952;0
953;0
954;0
955;0
956;0
957;0
958;1
959;0
960;1
961;0
962;0
963;2
964;0
965;0
966;0
967;0
968;0
969;0
970;0
971;0
972;0
973;0
974;0
975;0
976;1
977;0
978;0
979;0
980;0
981;0
982;2
983;1
984;0
985;1
986;0
987;0
988;2
989;0
990;0
991;1
992;0
993;0
994;0
995;0
996;2
997;1
998;0
999;2
1000;1
1001;0
1002;0
1003;0
1004;0
1005;0
1006;0
1007;2
1008;0
1009;0
1010;0
1011;1
1012;1
1013;0
1014;1
1015;1
1016;0
1017;0
1018;0
1019;0
1020;0
1021;0
1022;0
1023;0
