0;2
1;0
2;0
3;2
4;2
5;0
6;0
7;2
8;2
9;0
10;2
11;1
12;1
13;0
14;1
15;0
16;0
17;2
18;2
19;2
20;0
21;2
22;0
23;2
24;1
25;0
26;2
27;2
28;2
29;0
30;0
31;0
32;1
33;0
34;2
35;0
36;0
37;1
38;0
39;0
40;2
41;0
42;1
43;0
44;0
45;0
46;0
47;1
48;0
49;2
50;0
51;0
52;2
53;0
54;0
55;2
56;0
57;0
58;0
59;2
60;1
61;1
62;0
63;0
64;0
65;0
66;0
67;0
68;0
69;0
70;0
71;0
72;0
73;0
74;0
75;0
76;2
77;0
78;2
79;0
80;2
81;0
82;0
83;0
84;2
85;0
86;0
87;0
88;1
89;0
90;1
91;2
92;2
93;0
94;0
95;1
96;0
97;0
98;2
99;2
100;0
101;0
102;0
103;1
104;0
105;0
106;2
107;1
108;0
109;0
110;0
111;0
112;0
113;0
114;2
115;2
116;1
117;0
118;0
119;2
120;4
121;0
122;2
123;2
124;0
125;0
126;0
127;0
128;2
129;2
130;0
131;0
132;1
133;0
134;0
135;2
136;2
137;0
138;0
139;0
140;0
141;0
142;2
143;1
144;0
145;0
146;0
147;0
148;0
149;2
150;1
151;0
152;2
153;0
154;0
155;0
156;1
157;0
158;0
159;0
160;0
161;0
162;0
163;0
164;2
165;0
166;2
167;2
168;1
169;0
170;0
171;2
172;2
173;2
174;0
175;2
176;0
177;0
178;0
179;0
180;0
181;0
182;2
183;2
184;2
185;1
186;0
187;1
188;0
189;2
190;1
191;0
192;2
193;0
194;0
195;1
196;0
197;0
198;0
199;0
200;2
201;1
202;0
203;0
204;2
205;2
206;2
207;2
208;0
209;0
210;0
211;0
212;0
213;0
214;2
215;2
216;0
217;0
218;0
219;0
220;0
221;0
222;0
223;0
224;2
225;2
226;2
227;0
228;0
229;0
230;2
231;0
232;2
233;1
234;0
235;0
236;2
237;1
238;0
239;0
240;0
241;2
242;0
243;0
244;1
245;1
246;1
247;0
248;0
249;1
250;2
251;0
252;1
253;0
254;1
255;0
256;1
257;0
258;2
259;0
260;0
261;0
262;0
263;2
264;2
265;0
266;0
267;0
268;2
269;0
270;0
271;2
272;0
273;0
274;0
275;0
276;0
277;0
278;0
279;1
280;1
281;0
282;1
283;0
284;1
285;0
286;0
287;1
288;0
289;0
290;0
291;2
292;1
293;0
294;2
295;2
296;2
297;0
298;2
299;0
300;1
301;0
302;0
303;2
304;0
305;0
306;1
307;0
308;0
309;0
310;0
311;0
312;0
313;2
314;0
315;0
316;2
317;0
318;0
319;1
320;0
321;1
322;0
323;0
324;0
325;0
326;0
327;2
328;1
329;0
330;0
331;0
332;0
333;1
334;0
335;2
336;0
337;0
338;0
339;0
340;0
341;0
342;0
343;0
344;0
345;1
346;0
347;2
348;2
349;1
350;0
351;2
352;2
353;2
354;1
355;0
356;0
357;0
358;0
359;0
360;2
361;0
362;1
363;0
364;0
365;0
366;0
367;0
368;0
369;0
370;2
371;2
372;0
373;0
374;0
375;0
376;2
377;0
378;0
379;1
380;0
381;1
382;2
383;1
384;0
385;2
386;0
387;0
388;0
389;0
390;0
391;0
392;0
393;0
394;2
395;0
396;0
397;0
398;0
399;0
400;0
401;0
402;0
403;0
404;0
405;0
406;0
407;1
408;0
409;0
410;0
411;0
412;0
413;0
414;0
415;0
416;2
417;0
418;0
419;0
420;0
421;0
422;0
423;0
424;1
425;0
426;0
427;0
428;0
429;0
430;2
431;2
432;2
433;0
434;0
435;1
436;0
437;0
438;0
439;0
440;2
441;1
442;0
443;2
444;1
445;0
446;1
447;0
448;0
449;0
450;0
451;0
452;4
453;0
454;2
455;2
456;2
457;0
458;2
459;0
460;1
461;0
462;1
463;0
464;1
465;0
466;0
467;0
468;0
469;0
470;0
471;0
472;0
473;1
474;0
475;2
476;2
477;0
478;0
479;0
480;0
481;1
482;0
483;0
484;0
485;0
486;0
487;0
488;1
489;0
490;0
491;1
492;0
493;0
494;2
495;0
496;0
497;0
498;0
499;0
500;0
501;0
502;0
503;0
504;0
505;0
506;0
507;2
508;1
509;0
510;0
511;0
512;1
513;1
514;0
515;0
516;0
517;0
518;0
519;0
520;0
521;0
522;2
523;2
524;0
525;0
526;0
527;2
528;2
529;0
530;2
531;2
532;2
533;2
534;0
535;0
536;0
537;0
538;0
539;0
540;0
541;0
542;0
543;0
544;2
545;2
546;2
547;0
548;1
549;0
550;0
551;0
552;0
553;2
554;2
555;0
556;0
557;0
558;1
559;2
560;0
561;0
562;0
563;0
564;0
565;0
566;0
567;0
568;1
569;0
570;0
571;0
572;0
573;0
574;1
575;0
576;0
577;0
578;0
579;0
580;1
581;0
582;0
583;0
584;0
585;2
586;0
587;2
588;0
589;2
590;2
591;0
592;0
593;1
594;0
595;2
596;0
597;2
598;2
599;2
600;2
601;0
602;0
603;1
604;0
605;0
606;0
607;0
608;0
609;0
610;0
611;0
612;0
613;2
614;0
615;0
616;2
617;0
618;0
619;0
620;0
621;0
622;0
623;0
624;1
625;0
626;0
627;0
628;0
629;0
630;2
631;0
632;0
633;0
634;0
635;0
636;2
637;0
638;0
639;0
640;0
641;0
642;0
643;0
644;2
645;1
646;2
647;1
648;0
649;1
650;0
651;2
652;1
653;0
654;0
655;0
656;2
657;2
658;0
659;0
660;2
661;0
662;0
663;0
664;1
665;1
666;0
667;0
668;0
669;1
670;0
671;0
672;0
673;0
674;0
675;0
676;2
677;1
678;0
679;2
680;0
681;0
682;0
683;0
684;0
685;0
686;0
687;0
688;0
689;0
690;0
691;0
692;0
693;1
694;0
695;0
696;0
697;0
698;2
699;1
700;2
701;0
702;0
703;0
704;0
705;0
706;0
707;2
708;1
709;0
710;0
711;1
712;0
713;1
714;0
715;0
716;0
717;0
718;0
719;1
720;0
721;1
722;1
723;0
724;1
725;0
726;2
727;0
728;0
729;0
730;0
731;0
732;2
733;0
734;1
735;0
736;0
737;0
738;0
739;0
740;0
741;0
742;0
743;0
744;0
745;2
746;0
747;0
748;0
749;0
750;2
751;0
752;2
753;0
754;2
755;2
756;0
757;1
758;0
759;2
760;0
761;0
762;0
763;0
764;2
765;2
766;1
767;0
768;1
769;0
770;0
771;0
772;2
773;0
774;2
775;2
776;2
777;0
778;2
779;0
780;0
781;0
782;0
783;0
784;0
785;0
786;0
787;0
788;0
789;2
790;2
791;2
792;1
793;0
794;0
795;0
796;0
797;0
798;0
799;2
800;0
801;0
802;2
803;1
804;2
805;2
806;2
807;1
808;0
809;0
810;1
811;0
812;0
813;0
814;0
815;2
816;4
817;0
818;2
819;2
820;2
821;0
822;2
823;0
824;2
825;1
826;2
827;0
828;0
829;0
830;0
831;0
832;0
833;0
834;2
835;0
836;0
837;0
838;0
839;0
840;0
841;0
842;2
843;1
844;0
845;0
846;0
847;0
848;0
849;0
850;0
851;0
852;0
853;0
854;0
855;1
856;0
857;1
858;2
859;0
860;0
861;2
862;2
863;0
864;1
865;1
866;0
867;0
868;2
869;0
870;0
871;0
872;0
873;0
874;0
875;0
876;2
877;2
878;2
879;0
880;1
881;0
882;0
883;0
884;0
885;2
886;0
887;2
888;1
889;0
890;1
891;1
892;0
893;0
894;0
895;1
896;0
897;0
898;2
899;1
900;0
901;0
902;0
903;2
904;1
905;0
906;0
907;2
908;0
909;0
910;2
911;0
912;1
913;0
914;0
915;0
916;0
917;2
918;1
919;0
920;0
921;0
922;0
923;0
924;1
925;1
926;2
927;0
928;0
929;0
930;0
931;0
932;0
933;1
934;1
935;0
936;0
937;0
938;0
939;0
940;2
941;0
942;0
943;2
944;0
945;0
946;0
947;1
948;1
949;1
950;1
951;1
952;0
953;0
954;0
955;2
956;0
957;2
958;0
959;0
960;0
961;0
962;0
963;0
964;0
965;2
966;2
967;0
968;0
969;1
970;1
971;0
972;0
973;0
974;1
975;1
976;0
977;0
978;1
979;1
980;2
981;0
982;1
983;0
984;0
985;2
986;1
987;0
988;2
989;1
990;0
991;1
992;0
993;0
994;2
995;0
996;2
997;2
998;0
999;0
1000;0
1001;1
1002;1
1003;1
1004;0
1005;1
1006;0
1007;1
1008;0
1009;1
1010;0
1011;0
1012;0
1013;1
1014;1
1015;1
1016;0
1017;0
1018;0
1019;0
1020;0
1021;0
1022;0
1023;0
