0;1
1;0
2;0
3;2
4;4
5;0
6;2
7;2
8;2
9;0
10;0
11;0
12;2
13;0
14;0
15;0
16;1
17;2
18;2
19;1
20;0
21;0
22;2
23;2
24;1
25;0
26;2
27;2
28;2
29;0
30;0
31;2
32;0
33;0
34;0
35;0
36;0
37;0
38;1
39;0
40;0
41;2
42;0
43;0
44;2
45;0
46;1
47;0
48;2
49;0
50;0
51;0
52;0
53;0
54;0
55;1
56;1
57;1
58;1
59;2
60;0
61;0
62;0
63;0
64;0
65;0
66;0
67;0
68;1
69;0
70;0
71;2
72;1
73;0
74;0
75;0
76;0
77;0
78;0
79;0
80;0
81;0
82;2
83;0
84;0
85;0
86;0
87;0
88;0
89;2
90;0
91;0
92;2
93;0
94;1
95;0
96;0
97;0
98;2
99;2
100;0
101;0
102;1
103;0
104;0
105;0
106;2
107;2
108;0
109;1
110;1
111;0
112;1
113;0
114;1
115;0
116;0
117;0
118;0
119;0
120;0
121;1
122;0
123;2
124;1
125;0
126;0
127;0
128;0
129;0
130;0
131;0
132;2
133;0
134;0
135;0
136;0
137;0
138;1
139;2
140;1
141;0
142;2
143;0
144;1
145;0
146;0
147;0
148;0
149;0
150;2
151;0
152;0
153;0
154;2
155;2
156;0
157;0
158;0
159;0
160;2
161;0
162;2
163;2
164;2
165;0
166;0
167;0
168;1
169;1
170;0
171;0
172;2
173;0
174;0
175;0
176;0
177;0
178;0
179;2
180;0
181;0
182;0
183;0
184;2
185;0
186;0
187;0
188;1
189;0
190;0
191;2
192;2
193;0
194;0
195;2
196;1
197;0
198;0
199;0
200;2
201;0
202;2
203;0
204;0
205;0
206;0
207;0
208;0
209;0
210;0
211;0
212;0
213;0
214;0
215;1
216;0
217;1
218;0
219;0
220;0
221;2
222;2
223;1
224;0
225;0
226;0
227;0
228;0
229;2
230;0
231;0
232;0
233;2
234;1
235;0
236;2
237;0
238;0
239;2
240;0
241;0
242;2
243;2
244;2
245;0
246;0
247;0
248;1
249;0
250;2
251;0
252;0
253;0
254;0
255;0
256;2
257;1
258;0
259;1
260;0
261;0
262;0
263;2
264;2
265;1
266;0
267;0
268;2
269;0
270;0
271;0
272;2
273;0
274;2
275;0
276;0
277;0
278;0
279;0
280;2
281;0
282;1
283;0
284;0
285;0
286;1
287;2
288;0
289;2
290;0
291;0
292;1
293;0
294;2
295;2
296;1
297;1
298;0
299;2
300;4
301;0
302;0
303;2
304;2
305;0
306;2
307;0
308;1
309;0
310;0
311;0
312;0
313;1
314;2
315;0
316;0
317;0
318;0
319;0
320;1
321;0
322;0
323;2
324;1
325;2
326;1
327;1
328;1
329;0
330;2
331;0
332;2
333;0
334;1
335;0
336;0
337;0
338;0
339;0
340;0
341;0
342;1
343;0
344;0
345;0
346;0
347;2
348;1
349;0
350;0
351;0
352;0
353;0
354;0
355;2
356;2
357;0
358;0
359;0
360;2
361;0
362;0
363;0
364;2
365;1
366;0
367;0
368;1
369;0
370;1
371;0
372;2
373;0
374;0
375;0
376;0
377;0
378;0
379;0
380;0
381;0
382;1
383;0
384;0
385;2
386;1
387;0
388;0
389;0
390;0
391;0
392;1
393;0
394;2
395;0
396;1
397;0
398;0
399;0
400;2
401;0
402;1
403;2
404;2
405;0
406;2
407;0
408;0
409;1
410;0
411;0
412;0
413;0
414;2
415;1
416;1
417;0
418;2
419;0
420;2
421;0
422;0
423;2
424;2
425;2
426;1
427;0
428;2
429;0
430;2
431;0
432;0
433;0
434;0
435;0
436;0
437;2
438;0
439;0
440;0
441;0
442;1
443;0
444;1
445;0
446;2
447;0
448;2
449;0
450;0
451;2
452;2
453;0
454;0
455;0
456;0
457;0
458;1
459;0
460;1
461;0
462;0
463;0
464;0
465;2
466;2
467;0
468;0
469;0
470;1
471;0
472;0
473;0
474;0
475;0
476;2
477;2
478;2
479;2
480;2
481;2
482;0
483;1
484;0
485;1
486;0
487;1
488;0
489;2
490;0
491;0
492;0
493;0
494;0
495;1
496;1
497;0
498;0
499;0
500;0
501;0
502;1
503;0
504;2
505;2
506;0
507;2
508;0
509;0
510;0
511;0
512;0
513;0
514;0
515;0
516;0
517;0
518;2
519;2
520;0
521;0
522;2
523;2
524;1
525;0
526;0
527;2
528;2
529;0
530;2
531;1
532;0
533;0
534;2
535;0
536;2
537;0
538;0
539;0
540;2
541;1
542;2
543;2
544;2
545;1
546;0
547;0
548;0
549;0
550;1
551;0
552;2
553;2
554;0
555;2
556;1
557;0
558;0
559;0
560;0
561;0
562;0
563;0
564;1
565;0
566;2
567;0
568;2
569;1
570;0
571;2
572;0
573;2
574;1
575;0
576;0
577;0
578;0
579;2
580;2
581;0
582;0
583;2
584;0
585;1
586;0
587;0
588;0
589;0
590;0
591;0
592;0
593;2
594;2
595;0
596;0
597;0
598;0
599;2
600;2
601;0
602;0
603;0
604;0
605;0
606;0
607;0
608;0
609;1
610;1
611;0
612;2
613;2
614;2
615;0
616;2
617;0
618;0
619;0
620;2
621;0
622;0
623;1
624;0
625;0
626;0
627;1
628;0
629;0
630;0
631;1
632;0
633;0
634;0
635;0
636;2
637;0
638;0
639;0
640;0
641;0
642;1
643;0
644;0
645;2
646;0
647;0
648;2
649;0
650;2
651;1
652;0
653;0
654;2
655;0
656;0
657;0
658;0
659;0
660;2
661;0
662;1
663;0
664;0
665;0
666;0
667;2
668;2
669;0
670;0
671;0
672;0
673;0
674;0
675;0
676;0
677;0
678;0
679;0
680;0
681;0
682;0
683;0
684;0
685;0
686;0
687;1
688;0
689;0
690;2
691;1
692;0
693;0
694;2
695;2
696;2
697;0
698;0
699;2
700;4
701;0
702;2
703;2
704;2
705;0
706;0
707;0
708;2
709;0
710;0
711;0
712;0
713;0
714;0
715;0
716;0
717;0
718;0
719;2
720;1
721;0
722;0
723;0
724;0
725;1
726;0
727;0
728;0
729;2
730;2
731;0
732;0
733;2
734;2
735;0
736;2
737;0
738;0
739;0
740;0
741;0
742;0
743;0
744;0
745;2
746;0
747;2
748;2
749;2
750;1
751;0
752;0
753;2
754;2
755;2
756;1
757;0
758;0
759;0
760;1
761;0
762;0
763;1
764;0
765;1
766;0
767;0
768;0
769;2
770;2
771;2
772;1
773;0
774;0
775;0
776;0
777;2
778;2
779;2
780;2
781;0
782;2
783;0
784;0
785;0
786;1
787;1
788;0
789;0
790;0
791;0
792;0
793;1
794;1
795;0
796;2
797;2
798;0
799;1
800;0
801;2
802;1
803;0
804;1
805;0
806;2
807;0
808;0
809;0
810;1
811;0
812;0
813;2
814;2
815;0
816;0
817;0
818;0
819;0
820;0
821;0
822;1
823;0
824;2
825;0
826;1
827;0
828;0
829;0
830;0
831;0
832;0
833;0
834;0
835;0
836;2
837;0
838;0
839;0
840;1
841;2
842;0
843;1
844;0
845;2
846;1
847;2
848;2
849;0
850;1
851;0
852;2
853;0
854;0
855;0
856;0
857;2
858;0
859;2
860;2
861;1
862;0
863;0
864;0
865;2
866;2
867;2
868;2
869;2
870;0
871;0
872;2
873;0
874;2
875;0
876;0
877;0
878;0
879;0
880;0
881;0
882;0
883;2
884;2
885;0
886;2
887;0
888;2
889;0
890;2
891;0
892;0
893;0
894;0
895;0
896;0
897;0
898;0
899;2
900;2
901;1
902;0
903;0
904;2
905;2
906;2
907;0
908;1
909;0
910;0
911;0
912;0
913;1
914;0
915;0
916;2
917;0
918;2
919;2
920;2
921;0
922;2
923;0
924;1
925;1
926;0
927;2
928;2
929;1
930;2
931;0
932;0
933;0
934;1
935;0
936;2
937;2
938;2
939;2
940;1
941;1
942;0
943;0
944;0
945;0
946;2
947;0
948;2
949;0
950;2
951;0
952;0
953;0
954;0
955;2
956;0
957;0
958;0
959;0
960;0
961;0
962;0
963;0
964;0
965;0
966;0
967;0
968;2
969;1
970;0
971;1
972;0
973;0
974;1
975;0
976;0
977;2
978;0
979;0
980;0
981;0
982;1
983;0
984;0
985;0
986;0
987;1
988;0
989;0
990;0
991;1
992;0
993;2
994;0
995;0
996;0
997;0
998;1
999;1
1000;0
1001;0
1002;0
1003;0
1004;0
1005;0
1006;2
1007;0
1008;0
1009;0
1010;1
1011;0
1012;0
1013;1
1014;0
1015;0
1016;0
1017;0
1018;0
1019;0
1020;0
1021;0
1022;0
1023;0
