0;0
1;0
2;0
3;2
4;1
5;2
6;2
7;2
8;2
9;0
10;2
11;0
12;0
13;0
14;2
15;0
16;0
17;2
18;2
19;2
20;2
21;2
22;0
23;0
24;1
25;0
26;0
27;0
28;0
29;0
30;0
31;0
32;0
33;2
34;2
35;0
36;1
37;0
38;1
39;0
40;1
41;0
42;1
43;0
44;1
45;0
46;1
47;0
48;0
49;2
50;0
51;0
52;1
53;0
54;0
55;2
56;1
57;0
58;0
59;0
60;2
61;0
62;2
63;2
64;0
65;0
66;2
67;0
68;2
69;0
70;0
71;0
72;1
73;0
74;0
75;0
76;2
77;0
78;0
79;0
80;0
81;1
82;0
83;0
84;0
85;2
86;1
87;0
88;0
89;0
90;0
91;0
92;2
93;0
94;0
95;0
96;2
97;0
98;0
99;0
100;0
101;0
102;0
103;1
104;2
105;2
106;1
107;0
108;0
109;0
110;0
111;2
112;0
113;0
114;1
115;0
116;0
117;0
118;0
119;0
120;0
121;0
122;1
123;0
124;0
125;1
126;0
127;0
128;2
129;2
130;0
131;0
132;0
133;0
134;0
135;0
136;2
137;0
138;0
139;0
140;0
141;0
142;2
143;0
144;0
145;0
146;0
147;0
148;1
149;0
150;0
151;0
152;0
153;1
154;0
155;0
156;2
157;0
158;0
159;0
160;0
161;2
162;2
163;0
164;0
165;0
166;1
167;0
168;0
169;0
170;1
171;0
172;2
173;0
174;2
175;0
176;4
177;0
178;0
179;0
180;2
181;0
182;2
183;2
184;1
185;2
186;1
187;0
188;2
189;2
190;2
191;0
192;1
193;0
194;1
195;0
196;0
197;0
198;1
199;0
200;0
201;1
202;0
203;2
204;2
205;1
206;0
207;0
208;2
209;1
210;0
211;0
212;0
213;0
214;0
215;0
216;0
217;0
218;0
219;0
220;0
221;0
222;0
223;0
224;2
225;0
226;0
227;0
228;0
229;0
230;1
231;0
232;0
233;0
234;0
235;2
236;4
237;0
238;2
239;0
240;0
241;0
242;0
243;0
244;2
245;0
246;0
247;0
248;2
249;2
250;1
251;0
252;2
253;1
254;0
255;1
256;2
257;2
258;0
259;2
260;1
261;0
262;0
263;0
264;0
265;0
266;0
267;1
268;0
269;0
270;2
271;0
272;0
273;0
274;2
275;0
276;2
277;2
278;2
279;0
280;0
281;2
282;1
283;0
284;0
285;0
286;1
287;0
288;0
289;0
290;2
291;1
292;0
293;1
294;0
295;0
296;2
297;0
298;0
299;0
300;0
301;0
302;0
303;0
304;0
305;0
306;0
307;1
308;0
309;0
310;0
311;0
312;2
313;0
314;1
315;0
316;1
317;0
318;0
319;0
320;0
321;2
322;2
323;1
324;0
325;2
326;0
327;0
328;0
329;1
330;1
331;0
332;0
333;1
334;0
335;1
336;0
337;2
338;0
339;2
340;2
341;0
342;1
343;0
344;0
345;0
346;0
347;0
348;2
349;1
350;1
351;0
352;2
353;0
354;0
355;0
356;0
357;0
358;0
359;0
360;0
361;1
362;0
363;1
364;0
365;2
366;1
367;0
368;2
369;0
370;0
371;0
372;0
373;0
374;0
375;0
376;2
377;0
378;2
379;0
380;1
381;0
382;0
383;2
384;0
385;0
386;0
387;0
388;0
389;0
390;0
391;0
392;0
393;0
394;0
395;0
396;0
397;0
398;0
399;0
400;0
401;0
402;0
403;0
404;0
405;2
406;0
407;0
408;2
409;0
410;0
411;0
412;0
413;0
414;2
415;0
416;0
417;0
418;2
419;2
420;1
421;0
422;0
423;2
424;2
425;0
426;1
427;0
428;2
429;1
430;0
431;1
432;2
433;0
434;1
435;0
436;0
437;0
438;0
439;0
440;0
441;0
442;0
443;2
444;1
445;0
446;0
447;0
448;1
449;0
450;0
451;0
452;0
453;0
454;0
455;0
456;2
457;1
458;0
459;2
460;0
461;0
462;0
463;0
464;0
465;0
466;2
467;2
468;2
469;0
470;2
471;1
472;0
473;0
474;0
475;0
476;0
477;0
478;1
479;0
480;0
481;0
482;0
483;0
484;2
485;0
486;0
487;0
488;0
489;0
490;0
491;0
492;1
493;0
494;2
495;1
496;0
497;0
498;0
499;2
500;2
501;0
502;2
503;2
504;2
505;2
506;2
507;2
508;2
509;0
510;2
511;0
512;0
513;0
514;0
515;0
516;0
517;2
518;2
519;2
520;2
521;2
522;0
523;0
524;0
525;0
526;2
527;0
528;0
529;0
530;2
531;2
532;0
533;2
534;1
535;0
536;0
537;2
538;0
539;0
540;1
541;0
542;0
543;0
544;0
545;0
546;1
547;0
548;0
549;1
550;0
551;2
552;1
553;0
554;2
555;0
556;0
557;0
558;0
559;2
560;2
561;2
562;2
563;0
564;0
565;2
566;1
567;0
568;0
569;2
570;2
571;2
572;2
573;0
574;1
575;0
576;0
577;0
578;0
579;0
580;0
581;0
582;2
583;0
584;0
585;1
586;2
587;0
588;1
589;0
590;0
591;0
592;0
593;0
594;0
595;0
596;0
597;0
598;2
599;0
600;0
601;0
602;0
603;0
604;2
605;0
606;0
607;0
608;1
609;0
610;2
611;2
612;1
613;1
614;0
615;2
616;0
617;0
618;2
619;1
620;2
621;0
622;0
623;0
624;2
625;0
626;0
627;0
628;0
629;2
630;1
631;0
632;0
633;0
634;2
635;0
636;0
637;0
638;1
639;0
640;2
641;1
642;0
643;0
644;2
645;1
646;1
647;0
648;1
649;1
650;0
651;0
652;0
653;0
654;0
655;0
656;0
657;0
658;0
659;0
660;2
661;0
662;0
663;2
664;0
665;0
666;0
667;0
668;0
669;0
670;2
671;1
672;0
673;0
674;2
675;0
676;0
677;0
678;0
679;0
680;2
681;0
682;2
683;2
684;0
685;0
686;0
687;0
688;0
689;0
690;0
691;2
692;0
693;0
694;0
695;2
696;2
697;0
698;1
699;2
700;2
701;0
702;1
703;2
704;0
705;1
706;0
707;0
708;0
709;0
710;0
711;0
712;0
713;0
714;0
715;0
716;0
717;0
718;0
719;0
720;0
721;0
722;0
723;0
724;0
725;0
726;0
727;0
728;0
729;2
730;0
731;0
732;0
733;1
734;2
735;0
736;2
737;0
738;2
739;2
740;0
741;0
742;1
743;0
744;1
745;0
746;2
747;0
748;1
749;0
750;2
751;0
752;0
753;0
754;2
755;2
756;0
757;1
758;0
759;0
760;0
761;0
762;0
763;0
764;0
765;2
766;2
767;0
768;0
769;0
770;0
771;0
772;0
773;2
774;0
775;2
776;0
777;0
778;1
779;0
780;0
781;0
782;2
783;0
784;0
785;0
786;0
787;2
788;0
789;0
790;0
791;1
792;0
793;0
794;0
795;0
796;0
797;0
798;0
799;0
800;0
801;0
802;1
803;0
804;0
805;2
806;0
807;0
808;0
809;0
810;2
811;1
812;1
813;2
814;2
815;0
816;0
817;0
818;0
819;0
820;0
821;0
822;0
823;0
824;2
825;2
826;1
827;0
828;2
829;0
830;0
831;0
832;2
833;2
834;1
835;0
836;1
837;2
838;1
839;2
840;2
841;0
842;0
843;0
844;0
845;0
846;1
847;0
848;0
849;0
850;1
851;0
852;0
853;0
854;0
855;0
856;0
857;2
858;2
859;0
860;1
861;0
862;0
863;0
864;0
865;0
866;0
867;0
868;0
869;2
870;2
871;0
872;0
873;1
874;1
875;0
876;1
877;0
878;1
879;0
880;0
881;0
882;0
883;2
884;2
885;0
886;1
887;0
888;0
889;1
890;1
891;1
892;0
893;0
894;0
895;2
896;0
897;0
898;1
899;0
900;0
901;0
902;0
903;0
904;1
905;0
906;2
907;1
908;0
909;0
910;0
911;0
912;1
913;2
914;1
915;0
916;0
917;2
918;2
919;0
920;2
921;0
922;0
923;0
924;0
925;0
926;0
927;0
928;2
929;2
930;2
931;2
932;2
933;2
934;0
935;2
936;2
937;0
938;1
939;0
940;0
941;2
942;1
943;0
944;2
945;0
946;0
947;0
948;0
949;2
950;2
951;1
952;0
953;0
954;0
955;2
956;0
957;1
958;0
959;0
960;0
961;0
962;1
963;0
964;1
965;0
966;0
967;0
968;0
969;0
970;0
971;0
972;2
973;2
974;1
975;0
976;0
977;0
978;0
979;0
980;2
981;0
982;0
983;0
984;0
985;0
986;0
987;2
988;0
989;0
990;0
991;0
992;0
993;0
994;0
995;1
996;1
997;1
998;0
999;2
1000;1
1001;0
1002;0
1003;0
1004;0
1005;0
1006;0
1007;0
1008;0
1009;2
1010;0
1011;0
1012;0
1013;0
1014;0
1015;1
1016;0
1017;0
1018;0
1019;0
1020;0
1021;0
1022;0
1023;0
