0;1
1;0
2;0
3;2
4;4
5;0
6;0
7;2
8;2
9;0
10;2
11;0
12;2
13;0
14;0
15;0
16;0
17;2
18;2
19;0
20;0
21;0
22;0
23;2
24;1
25;1
26;0
27;2
28;2
29;0
30;0
31;2
32;0
33;0
34;0
35;0
36;0
37;1
38;0
39;2
40;0
41;0
42;0
43;0
44;1
45;0
46;0
47;0
48;0
49;0
50;0
51;0
52;0
53;0
54;0
55;0
56;0
57;1
58;0
59;2
60;1
61;0
62;0
63;1
64;0
65;0
66;0
67;0
68;1
69;0
70;1
71;2
72;1
73;0
74;0
75;2
76;1
77;0
78;0
79;2
80;4
81;0
82;2
83;1
84;2
85;0
86;0
87;0
88;1
89;0
90;0
91;0
92;0
93;0
94;0
95;0
96;2
97;0
98;2
99;1
100;0
101;1
102;0
103;0
104;0
105;2
106;2
107;2
108;4
109;0
110;0
111;2
112;1
113;0
114;0
115;0
116;2
117;0
118;2
119;0
120;0
121;0
122;0
123;2
124;0
125;2
126;0
127;0
128;2
129;0
130;0
131;0
132;0
133;1
134;0
135;0
136;0
137;1
138;1
139;1
140;1
141;0
142;0
143;0
144;1
145;0
146;2
147;2
148;1
149;0
150;0
151;2
152;4
153;0
154;2
155;2
156;2
157;0
158;2
159;0
160;2
161;2
162;2
163;1
164;0
165;0
166;0
167;1
168;2
169;2
170;0
171;2
172;0
173;0
174;0
175;0
176;1
177;0
178;0
179;0
180;2
181;0
182;2
183;0
184;1
185;0
186;0
187;0
188;2
189;0
190;0
191;0
192;2
193;0
194;0
195;0
196;0
197;0
198;0
199;0
200;0
201;0
202;1
203;0
204;4
205;0
206;0
207;0
208;2
209;0
210;0
211;0
212;1
213;0
214;0
215;1
216;2
217;0
218;2
219;2
220;1
221;0
222;0
223;2
224;2
225;0
226;2
227;2
228;2
229;2
230;2
231;0
232;2
233;0
234;0
235;2
236;0
237;0
238;0
239;0
240;0
241;0
242;0
243;0
244;0
245;0
246;0
247;2
248;1
249;0
250;0
251;0
252;0
253;0
254;2
255;2
256;0
257;0
258;0
259;0
260;0
261;0
262;0
263;0
264;0
265;2
266;1
267;0
268;2
269;2
270;0
271;4
272;0
273;0
274;2
275;2
276;1
277;0
278;2
279;2
280;1
281;0
282;0
283;2
284;1
285;0
286;2
287;2
288;2
289;0
290;2
291;0
292;0
293;0
294;0
295;1
296;1
297;0
298;1
299;0
300;0
301;0
302;0
303;0
304;2
305;0
306;1
307;0
308;1
309;0
310;0
311;0
312;0
313;1
314;0
315;0
316;2
317;0
318;0
319;0
320;2
321;0
322;0
323;0
324;2
325;0
326;0
327;0
328;2
329;1
330;0
331;0
332;2
333;0
334;0
335;0
336;2
337;0
338;0
339;0
340;2
341;0
342;0
343;0
344;0
345;0
346;0
347;2
348;0
349;1
350;1
351;0
352;0
353;0
354;0
355;0
356;0
357;0
358;0
359;0
360;1
361;0
362;0
363;1
364;0
365;0
366;0
367;0
368;0
369;0
370;0
371;2
372;1
373;0
374;0
375;2
376;4
377;0
378;2
379;2
380;2
381;0
382;2
383;0
384;2
385;0
386;0
387;0
388;4
389;0
390;0
391;2
392;1
393;0
394;0
395;0
396;1
397;0
398;0
399;0
400;2
401;0
402;0
403;1
404;4
405;0
406;0
407;0
408;2
409;2
410;2
411;2
412;1
413;0
414;0
415;2
416;2
417;1
418;0
419;0
420;0
421;0
422;0
423;0
424;0
425;0
426;0
427;2
428;2
429;1
430;0
431;0
432;2
433;1
434;0
435;0
436;0
437;0
438;2
439;0
440;1
441;2
442;2
443;2
444;1
445;0
446;0
447;0
448;2
449;0
450;0
451;0
452;0
453;0
454;0
455;0
456;0
457;0
458;2
459;0
460;2
461;2
462;2
463;0
464;2
465;0
466;2
467;0
468;2
469;0
470;0
471;0
472;0
473;1
474;0
475;0
476;0
477;0
478;2
479;2
480;0
481;0
482;2
483;0
484;0
485;0
486;0
487;2
488;1
489;0
490;0
491;2
492;4
493;0
494;2
495;1
496;0
497;0
498;2
499;0
500;1
501;1
502;0
503;0
504;1
505;0
506;0
507;0
508;1
509;0
510;0
511;2
512;4
513;0
514;2
515;2
516;2
517;0
518;0
519;0
520;2
521;2
522;0
523;2
524;0
525;0
526;0
527;0
528;2
529;0
530;2
531;1
532;0
533;0
534;0
535;1
536;0
537;0
538;0
539;2
540;1
541;0
542;2
543;2
544;2
545;0
546;0
547;0
548;1
549;2
550;0
551;0
552;0
553;2
554;0
555;0
556;0
557;0
558;0
559;1
560;2
561;0
562;0
563;2
564;2
565;0
566;0
567;0
568;1
569;0
570;1
571;0
572;0
573;2
574;2
575;0
576;1
577;0
578;0
579;0
580;0
581;0
582;2
583;1
584;0
585;0
586;0
587;0
588;0
589;0
590;1
591;0
592;1
593;0
594;0
595;0
596;0
597;0
598;0
599;2
600;2
601;2
602;2
603;2
604;2
605;2
606;2
607;0
608;2
609;0
610;2
611;0
612;0
613;2
614;0
615;1
616;1
617;0
618;0
619;0
620;0
621;0
622;0
623;0
624;1
625;0
626;2
627;0
628;1
629;1
630;0
631;2
632;0
633;0
634;2
635;0
636;2
637;0
638;0
639;0
640;2
641;0
642;0
643;2
644;0
645;0
646;0
647;0
648;1
649;0
650;2
651;2
652;1
653;0
654;0
655;2
656;4
657;0
658;0
659;2
660;0
661;0
662;2
663;0
664;1
665;0
666;0
667;0
668;2
669;0
670;0
671;0
672;0
673;0
674;0
675;0
676;1
677;0
678;1
679;0
680;1
681;2
682;0
683;0
684;0
685;0
686;0
687;0
688;2
689;2
690;2
691;1
692;0
693;0
694;0
695;1
696;2
697;2
698;2
699;2
700;2
701;0
702;0
703;0
704;1
705;0
706;0
707;0
708;0
709;0
710;0
711;2
712;1
713;2
714;0
715;0
716;1
717;0
718;0
719;0
720;1
721;0
722;0
723;0
724;0
725;0
726;0
727;0
728;1
729;2
730;2
731;2
732;1
733;0
734;0
735;2
736;2
737;0
738;2
739;2
740;1
741;2
742;0
743;2
744;0
745;2
746;2
747;2
748;1
749;0
750;0
751;0
752;1
753;0
754;0
755;2
756;1
757;0
758;0
759;0
760;0
761;0
762;1
763;0
764;0
765;0
766;0
767;0
768;0
769;0
770;2
771;1
772;0
773;0
774;0
775;0
776;0
777;0
778;2
779;2
780;1
781;1
782;0
783;0
784;0
785;0
786;0
787;0
788;1
789;0
790;0
791;0
792;0
793;0
794;0
795;0
796;0
797;0
798;0
799;1
800;0
801;0
802;0
803;1
804;1
805;2
806;0
807;0
808;0
809;0
810;2
811;2
812;1
813;0
814;0
815;0
816;4
817;0
818;2
819;1
820;0
821;0
822;2
823;0
824;2
825;0
826;0
827;0
828;0
829;2
830;0
831;0
832;1
833;2
834;2
835;2
836;2
837;0
838;0
839;0
840;1
841;0
842;1
843;0
844;0
845;0
846;0
847;0
848;0
849;2
850;0
851;0
852;2
853;2
854;2
855;2
856;1
857;0
858;0
859;0
860;1
861;2
862;1
863;0
864;4
865;0
866;0
867;0
868;2
869;0
870;2
871;0
872;2
873;0
874;0
875;0
876;1
877;1
878;0
879;0
880;0
881;2
882;0
883;2
884;1
885;0
886;0
887;1
888;0
889;0
890;2
891;0
892;2
893;0
894;2
895;2
896;0
897;0
898;2
899;0
900;0
901;0
902;0
903;0
904;1
905;2
906;1
907;0
908;2
909;0
910;0
911;0
912;1
913;0
914;0
915;0
916;0
917;0
918;0
919;0
920;2
921;0
922;0
923;0
924;0
925;0
926;0
927;0
928;1
929;2
930;0
931;1
932;0
933;0
934;0
935;0
936;1
937;0
938;2
939;2
940;1
941;1
942;0
943;2
944;2
945;0
946;2
947;2
948;2
949;0
950;2
951;0
952;2
953;2
954;0
955;0
956;0
957;0
958;0
959;0
960;0
961;0
962;2
963;2
964;2
965;2
966;0
967;0
968;0
969;0
970;0
971;0
972;0
973;0
974;0
975;0
976;1
977;0
978;1
979;0
980;2
981;2
982;0
983;0
984;0
985;0
986;0
987;0
988;1
989;0
990;2
991;0
992;2
993;0
994;0
995;2
996;0
997;2
998;2
999;2
1000;2
1001;1
1002;2
1003;0
1004;0
1005;1
1006;2
1007;1
1008;2
1009;2
1010;2
1011;2
1012;1
1013;1
1014;0
1015;0
1016;0
1017;0
1018;0
1019;0
1020;0
1021;0
1022;0
1023;0
