0;1
1;0
2;0
3;0
4;0
5;0
6;2
7;2
8;0
9;0
10;2
11;2
12;2
13;0
14;2
15;0
16;0
17;0
18;0
19;1
20;0
21;1
22;1
23;0
24;0
25;0
26;0
27;0
28;0
29;0
30;0
31;0
32;0
33;0
34;0
35;0
36;2
37;0
38;0
39;0
40;0
41;0
42;0
43;1
44;0
45;0
46;0
47;0
48;0
49;0
50;2
51;1
52;0
53;2
54;0
55;0
56;0
57;2
58;0
59;0
60;1
61;0
62;0
63;0
64;2
65;2
66;0
67;0
68;0
69;0
70;0
71;0
72;1
73;0
74;0
75;2
76;2
77;1
78;0
79;0
80;1
81;1
82;0
83;0
84;0
85;0
86;0
87;0
88;0
89;0
90;0
91;0
92;0
93;0
94;0
95;2
96;2
97;2
98;1
99;1
100;0
101;0
102;2
103;0
104;1
105;0
106;0
107;0
108;0
109;0
110;0
111;0
112;1
113;0
114;0
115;0
116;2
117;1
118;0
119;0
120;0
121;2
122;0
123;0
124;0
125;0
126;0
127;2
128;2
129;0
130;2
131;0
132;0
133;0
134;0
135;0
136;0
137;0
138;0
139;2
140;0
141;0
142;0
143;2
144;2
145;0
146;1
147;0
148;1
149;2
150;0
151;0
152;1
153;0
154;1
155;0
156;1
157;2
158;2
159;2
160;0
161;2
162;1
163;0
164;1
165;0
166;0
167;0
168;0
169;1
170;0
171;1
172;0
173;0
174;2
175;1
176;1
177;0
178;0
179;0
180;2
181;0
182;0
183;0
184;0
185;0
186;0
187;1
188;0
189;0
190;1
191;0
192;2
193;0
194;0
195;0
196;2
197;0
198;1
199;0
200;0
201;0
202;0
203;0
204;1
205;0
206;2
207;1
208;0
209;0
210;0
211;2
212;0
213;0
214;0
215;1
216;0
217;0
218;0
219;2
220;0
221;0
222;2
223;2
224;0
225;0
226;1
227;0
228;2
229;0
230;1
231;0
232;1
233;1
234;0
235;0
236;0
237;1
238;1
239;1
240;0
241;0
242;0
243;0
244;2
245;2
246;0
247;0
248;0
249;0
250;0
251;0
252;0
253;0
254;2
255;1
256;0
257;0
258;0
259;2
260;1
261;0
262;0
263;1
264;2
265;2
266;1
267;0
268;0
269;0
270;0
271;0
272;2
273;0
274;0
275;0
276;0
277;0
278;0
279;2
280;1
281;0
282;0
283;1
284;0
285;0
286;2
287;0
288;0
289;2
290;0
291;0
292;0
293;0
294;0
295;0
296;0
297;0
298;1
299;0
300;0
301;0
302;1
303;0
304;0
305;0
306;1
307;0
308;1
309;0
310;0
311;1
312;0
313;0
314;0
315;0
316;0
317;2
318;0
319;0
320;0
321;0
322;0
323;0
324;0
325;2
326;2
327;2
328;4
329;2
330;0
331;0
332;0
333;0
334;0
335;0
336;2
337;0
338;2
339;0
340;2
341;2
342;0
343;0
344;0
345;2
346;0
347;4
348;0
349;0
350;0
351;0
352;1
353;0
354;2
355;2
356;1
357;0
358;0
359;2
360;0
361;0
362;2
363;2
364;2
365;0
366;2
367;0
368;0
369;0
370;2
371;0
372;2
373;0
374;0
375;0
376;2
377;0
378;0
379;0
380;0
381;0
382;0
383;0
384;0
385;0
386;2
387;0
388;0
389;1
390;1
391;0
392;2
393;2
394;1
395;0
396;0
397;2
398;2
399;0
400;2
401;2
402;0
403;0
404;2
405;0
406;0
407;0
408;0
409;0
410;0
411;1
412;0
413;0
414;0
415;0
416;1
417;2
418;0
419;0
420;2
421;0
422;0
423;0
424;0
425;0
426;1
427;0
428;1
429;0
430;1
431;2
432;2
433;2
434;0
435;0
436;0
437;1
438;0
439;0
440;1
441;1
442;0
443;0
444;2
445;0
446;1
447;0
448;2
449;0
450;0
451;2
452;0
453;2
454;2
455;0
456;0
457;2
458;2
459;0
460;2
461;0
462;0
463;0
464;0
465;0
466;2
467;0
468;2
469;2
470;1
471;1
472;2
473;0
474;0
475;0
476;0
477;1
478;0
479;0
480;2
481;0
482;0
483;0
484;0
485;4
486;0
487;2
488;1
489;0
490;0
491;0
492;0
493;1
494;1
495;0
496;2
497;0
498;0
499;0
500;2
501;0
502;0
503;0
504;0
505;0
506;0
507;0
508;1
509;0
510;0
511;2
512;0
513;0
514;0
515;0
516;0
517;2
518;0
519;2
520;1
521;0
522;0
523;2
524;1
525;1
526;0
527;0
528;0
529;0
530;1
531;0
532;0
533;0
534;0
535;0
536;0
537;0
538;0
539;0
540;0
541;0
542;0
543;2
544;2
545;2
546;2
547;0
548;1
549;0
550;0
551;0
552;0
553;0
554;0
555;0
556;1
557;0
558;0
559;0
560;1
561;1
562;0
563;0
564;2
565;0
566;0
567;0
568;0
569;0
570;1
571;0
572;0
573;0
574;0
575;0
576;1
577;0
578;0
579;1
580;0
581;0
582;0
583;0
584;0
585;0
586;2
587;0
588;2
589;1
590;0
591;0
592;0
593;0
594;0
595;0
596;0
597;0
598;0
599;0
600;0
601;2
602;2
603;1
604;2
605;0
606;0
607;0
608;0
609;0
610;0
611;0
612;0
613;0
614;0
615;0
616;0
617;2
618;0
619;0
620;1
621;0
622;1
623;0
624;2
625;0
626;0
627;1
628;1
629;0
630;0
631;0
632;0
633;0
634;0
635;0
636;1
637;1
638;0
639;0
640;0
641;0
642;1
643;0
644;0
645;0
646;2
647;0
648;0
649;0
650;0
651;0
652;0
653;0
654;1
655;0
656;1
657;0
658;2
659;0
660;0
661;0
662;0
663;0
664;1
665;0
666;0
667;0
668;0
669;0
670;2
671;2
672;0
673;0
674;0
675;0
676;0
677;0
678;0
679;0
680;0
681;0
682;0
683;2
684;1
685;0
686;2
687;2
688;2
689;0
690;2
691;0
692;2
693;0
694;0
695;0
696;0
697;0
698;0
699;0
700;4
701;0
702;2
703;0
704;2
705;2
706;2
707;2
708;1
709;0
710;0
711;2
712;2
713;0
714;2
715;0
716;0
717;0
718;0
719;0
720;0
721;0
722;0
723;0
724;0
725;0
726;0
727;0
728;0
729;0
730;2
731;2
732;0
733;0
734;0
735;0
736;0
737;0
738;0
739;0
740;0
741;0
742;0
743;0
744;2
745;2
746;2
747;2
748;0
749;0
750;1
751;0
752;2
753;2
754;0
755;0
756;0
757;2
758;0
759;0
760;0
761;0
762;0
763;2
764;0
765;0
766;0
767;0
768;0
769;0
770;0
771;1
772;1
773;1
774;0
775;0
776;0
777;0
778;0
779;2
780;0
781;0
782;0
783;0
784;0
785;0
786;0
787;2
788;0
789;0
790;1
791;0
792;0
793;0
794;0
795;0
796;0
797;1
798;0
799;0
800;0
801;0
802;0
803;0
804;0
805;0
806;0
807;2
808;2
809;1
810;0
811;0
812;0
813;0
814;1
815;0
816;0
817;0
818;0
819;0
820;0
821;2
822;0
823;0
824;0
825;2
826;0
827;0
828;0
829;0
830;2
831;0
832;2
833;0
834;0
835;2
836;0
837;1
838;0
839;0
840;2
841;0
842;2
843;1
844;0
845;0
846;0
847;0
848;1
849;0
850;0
851;0
852;2
853;0
854;0
855;0
856;0
857;0
858;0
859;0
860;0
861;0
862;2
863;0
864;0
865;2
866;0
867;1
868;0
869;0
870;2
871;0
872;2
873;0
874;0
875;0
876;0
877;2
878;0
879;0
880;0
881;0
882;0
883;0
884;0
885;0
886;0
887;0
888;0
889;0
890;0
891;2
892;0
893;0
894;0
895;0
896;0
897;0
898;2
899;0
900;0
901;2
902;0
903;0
904;0
905;0
906;1
907;2
908;1
909;0
910;0
911;0
912;0
913;0
914;0
915;0
916;0
917;1
918;1
919;0
920;0
921;2
922;0
923;0
924;0
925;0
926;2
927;0
928;0
929;1
930;0
931;0
932;1
933;2
934;0
935;0
936;1
937;0
938;2
939;0
940;0
941;2
942;1
943;0
944;2
945;2
946;0
947;0
948;0
949;0
950;0
951;1
952;2
953;2
954;1
955;0
956;0
957;0
958;0
959;1
960;0
961;2
962;0
963;2
964;2
965;1
966;0
967;0
968;0
969;2
970;0
971;2
972;0
973;0
974;0
975;2
976;0
977;0
978;0
979;0
980;1
981;0
982;0
983;2
984;1
985;0
986;0
987;0
988;1
989;0
990;2
991;2
992;2
993;0
994;2
995;0
996;2
997;2
998;0
999;0
1000;0
1001;1
1002;0
1003;0
1004;1
1005;0
1006;0
1007;2
1008;2
1009;0
1010;0
1011;0
1012;1
1013;1
1014;0
1015;0
1016;0
1017;0
1018;0
1019;0
1020;0
1021;0
1022;0
1023;0
