0;0
1;0
2;0
3;1
4;2
5;0
6;0
7;2
8;2
9;0
10;2
11;0
12;2
13;1
14;0
15;0
16;0
17;1
18;0
19;0
20;2
21;0
22;0
23;2
24;0
25;2
26;1
27;1
28;1
29;0
30;0
31;1
32;0
33;0
34;2
35;2
36;1
37;1
38;0
39;0
40;1
41;0
42;0
43;1
44;1
45;1
46;0
47;0
48;1
49;0
50;2
51;0
52;0
53;0
54;2
55;0
56;1
57;0
58;2
59;2
60;1
61;0
62;0
63;2
64;4
65;0
66;1
67;2
68;2
69;0
70;2
71;0
72;2
73;0
74;2
75;0
76;2
77;0
78;2
79;1
80;1
81;0
82;0
83;0
84;1
85;2
86;2
87;0
88;2
89;0
90;0
91;0
92;2
93;0
94;0
95;2
96;0
97;0
98;0
99;0
100;2
101;1
102;0
103;1
104;1
105;0
106;1
107;1
108;0
109;1
110;2
111;0
112;0
113;0
114;0
115;0
116;0
117;0
118;0
119;0
120;1
121;1
122;0
123;0
124;2
125;2
126;0
127;0
128;1
129;0
130;0
131;0
132;1
133;0
134;0
135;0
136;2
137;0
138;1
139;2
140;2
141;0
142;1
143;0
144;1
145;0
146;0
147;0
148;1
149;1
150;0
151;0
152;0
153;0
154;0
155;1
156;0
157;0
158;0
159;0
160;0
161;0
162;0
163;2
164;2
165;0
166;0
167;0
168;2
169;2
170;2
171;0
172;0
173;0
174;2
175;0
176;0
177;0
178;0
179;0
180;0
181;0
182;0
183;0
184;0
185;2
186;2
187;0
188;0
189;0
190;0
191;1
192;0
193;0
194;0
195;1
196;0
197;0
198;0
199;0
200;0
201;0
202;0
203;0
204;2
205;0
206;2
207;0
208;0
209;2
210;0
211;1
212;0
213;0
214;1
215;0
216;1
217;0
218;0
219;2
220;1
221;2
222;2
223;2
224;0
225;0
226;2
227;0
228;1
229;0
230;0
231;0
232;2
233;0
234;0
235;0
236;0
237;1
238;0
239;0
240;0
241;0
242;0
243;0
244;0
245;2
246;0
247;0
248;2
249;2
250;0
251;0
252;0
253;1
254;0
255;1
256;0
257;1
258;0
259;1
260;0
261;0
262;0
263;2
264;2
265;0
266;0
267;1
268;0
269;0
270;1
271;0
272;1
273;2
274;0
275;2
276;2
277;0
278;2
279;2
280;0
281;0
282;2
283;0
284;1
285;0
286;2
287;1
288;0
289;2
290;1
291;0
292;0
293;0
294;0
295;0
296;0
297;0
298;0
299;0
300;0
301;0
302;0
303;1
304;0
305;0
306;0
307;0
308;0
309;0
310;1
311;0
312;1
313;0
314;0
315;0
316;2
317;0
318;2
319;0
320;0
321;2
322;2
323;0
324;0
325;0
326;1
327;0
328;1
329;0
330;2
331;1
332;1
333;0
334;0
335;0
336;4
337;0
338;1
339;2
340;2
341;0
342;0
343;2
344;1
345;0
346;2
347;2
348;1
349;0
350;0
351;0
352;0
353;0
354;0
355;0
356;1
357;0
358;0
359;2
360;0
361;0
362;0
363;1
364;0
365;2
366;0
367;0
368;0
369;0
370;1
371;0
372;2
373;0
374;0
375;0
376;2
377;2
378;2
379;0
380;0
381;2
382;0
383;1
384;0
385;0
386;0
387;2
388;1
389;0
390;0
391;0
392;0
393;2
394;1
395;2
396;1
397;0
398;0
399;2
400;2
401;0
402;1
403;0
404;2
405;0
406;0
407;0
408;0
409;0
410;0
411;0
412;0
413;1
414;0
415;1
416;0
417;0
418;1
419;0
420;0
421;0
422;0
423;0
424;0
425;0
426;0
427;0
428;0
429;0
430;1
431;0
432;0
433;2
434;2
435;0
436;2
437;1
438;0
439;0
440;2
441;0
442;0
443;0
444;1
445;0
446;0
447;0
448;0
449;2
450;1
451;0
452;0
453;0
454;2
455;0
456;1
457;1
458;0
459;2
460;2
461;0
462;2
463;2
464;2
465;0
466;0
467;2
468;1
469;0
470;0
471;0
472;0
473;0
474;2
475;2
476;0
477;0
478;2
479;2
480;2
481;0
482;2
483;2
484;2
485;0
486;2
487;0
488;2
489;0
490;0
491;0
492;0
493;1
494;0
495;2
496;2
497;2
498;0
499;2
500;0
501;2
502;0
503;0
504;2
505;0
506;0
507;0
508;0
509;0
510;2
511;0
512;2
513;0
514;2
515;2
516;0
517;0
518;2
519;0
520;0
521;0
522;0
523;0
524;0
525;0
526;1
527;0
528;0
529;2
530;1
531;0
532;0
533;0
534;2
535;2
536;0
537;0
538;0
539;0
540;1
541;0
542;1
543;1
544;0
545;0
546;2
547;2
548;0
549;0
550;0
551;0
552;0
553;0
554;2
555;0
556;1
557;0
558;0
559;2
560;1
561;0
562;2
563;0
564;0
565;0
566;0
567;0
568;0
569;0
570;0
571;1
572;1
573;0
574;0
575;2
576;2
577;0
578;0
579;2
580;2
581;0
582;2
583;0
584;0
585;0
586;2
587;1
588;0
589;0
590;0
591;0
592;0
593;0
594;0
595;0
596;0
597;0
598;0
599;2
600;0
601;1
602;0
603;1
604;0
605;0
606;2
607;2
608;1
609;0
610;0
611;1
612;0
613;0
614;0
615;2
616;1
617;0
618;2
619;2
620;2
621;0
622;0
623;0
624;1
625;0
626;0
627;0
628;0
629;0
630;0
631;0
632;2
633;2
634;0
635;2
636;2
637;0
638;1
639;0
640;0
641;0
642;0
643;2
644;2
645;1
646;0
647;0
648;2
649;0
650;0
651;0
652;1
653;0
654;0
655;0
656;0
657;0
658;1
659;0
660;0
661;2
662;0
663;2
664;0
665;0
666;2
667;2
668;1
669;0
670;0
671;2
672;1
673;0
674;0
675;1
676;0
677;0
678;0
679;0
680;2
681;0
682;0
683;2
684;1
685;2
686;0
687;0
688;0
689;2
690;0
691;2
692;0
693;2
694;1
695;0
696;2
697;2
698;0
699;2
700;1
701;2
702;0
703;1
704;0
705;0
706;0
707;1
708;0
709;2
710;1
711;2
712;1
713;0
714;2
715;0
716;1
717;0
718;0
719;0
720;2
721;0
722;0
723;2
724;2
725;0
726;1
727;0
728;2
729;0
730;0
731;0
732;0
733;2
734;1
735;0
736;0
737;2
738;0
739;0
740;1
741;1
742;0
743;0
744;0
745;0
746;0
747;1
748;0
749;0
750;2
751;0
752;0
753;0
754;0
755;0
756;0
757;0
758;2
759;1
760;0
761;0
762;0
763;1
764;2
765;0
766;2
767;2
768;2
769;2
770;2
771;0
772;1
773;0
774;0
775;0
776;0
777;0
778;0
779;0
780;0
781;1
782;0
783;0
784;0
785;0
786;0
787;0
788;0
789;1
790;0
791;1
792;0
793;0
794;2
795;0
796;2
797;0
798;0
799;0
800;0
801;0
802;0
803;0
804;2
805;0
806;0
807;0
808;0
809;2
810;2
811;0
812;0
813;0
814;0
815;0
816;0
817;2
818;1
819;0
820;0
821;0
822;1
823;0
824;0
825;0
826;0
827;1
828;2
829;0
830;2
831;2
832;2
833;0
834;2
835;0
836;2
837;2
838;2
839;0
840;0
841;0
842;1
843;0
844;0
845;0
846;0
847;2
848;4
849;0
850;1
851;0
852;2
853;0
854;2
855;0
856;2
857;0
858;0
859;0
860;0
861;0
862;0
863;0
864;0
865;0
866;0
867;0
868;0
869;0
870;0
871;2
872;0
873;2
874;0
875;0
876;0
877;0
878;2
879;2
880;1
881;0
882;0
883;1
884;0
885;0
886;2
887;0
888;2
889;0
890;2
891;0
892;0
893;0
894;1
895;0
896;2
897;0
898;0
899;0
900;0
901;0
902;1
903;2
904;0
905;0
906;0
907;2
908;2
909;2
910;2
911;2
912;0
913;0
914;2
915;0
916;0
917;0
918;0
919;0
920;0
921;0
922;2
923;0
924;0
925;2
926;2
927;2
928;2
929;0
930;0
931;0
932;1
933;0
934;0
935;0
936;0
937;2
938;2
939;0
940;0
941;0
942;0
943;2
944;1
945;0
946;0
947;2
948;2
949;1
950;0
951;0
952;1
953;0
954;0
955;1
956;1
957;0
958;2
959;2
960;0
961;0
962;2
963;0
964;2
965;1
966;0
967;0
968;0
969;0
970;0
971;1
972;0
973;0
974;0
975;0
976;1
977;0
978;0
979;1
980;0
981;1
982;0
983;2
984;0
985;0
986;0
987;0
988;0
989;1
990;0
991;0
992;2
993;2
994;0
995;0
996;0
997;0
998;2
999;2
1000;0
1001;1
1002;0
1003;0
1004;2
1005;0
1006;0
1007;0
1008;0
1009;0
1010;1
1011;0
1012;0
1013;0
1014;1
1015;1
1016;0
1017;0
1018;0
1019;0
1020;0
1021;0
1022;0
1023;0
