0;0
1;1
2;0
3;2
4;4
5;0
6;1
7;1
8;0
9;0
10;2
11;1
12;1
13;0
14;0
15;0
16;0
17;2
18;2
19;2
20;2
21;2
22;0
23;0
24;1
25;0
26;0
27;0
28;1
29;0
30;2
31;2
32;0
33;0
34;0
35;0
36;4
37;0
38;0
39;0
40;2
41;0
42;2
43;0
44;2
45;0
46;2
47;0
48;0
49;0
50;1
51;0
52;2
53;1
54;1
55;0
56;1
57;0
58;2
59;0
60;2
61;0
62;2
63;0
64;0
65;2
66;0
67;0
68;0
69;0
70;0
71;0
72;0
73;0
74;0
75;0
76;1
77;2
78;0
79;2
80;0
81;0
82;0
83;0
84;0
85;0
86;0
87;0
88;0
89;0
90;0
91;0
92;0
93;0
94;2
95;1
96;0
97;0
98;0
99;2
100;0
101;0
102;0
103;0
104;1
105;0
106;0
107;0
108;0
109;0
110;2
111;0
112;0
113;0
114;2
115;2
116;0
117;1
118;0
119;0
120;0
121;0
122;0
123;0
124;0
125;2
126;0
127;0
128;0
129;2
130;1
131;0
132;1
133;0
134;0
135;0
136;0
137;2
138;1
139;2
140;2
141;0
142;0
143;0
144;0
145;2
146;2
147;1
148;0
149;0
150;0
151;0
152;1
153;0
154;0
155;0
156;2
157;0
158;2
159;0
160;1
161;0
162;1
163;0
164;0
165;0
166;2
167;0
168;2
169;1
170;0
171;0
172;0
173;0
174;0
175;0
176;0
177;0
178;0
179;1
180;2
181;2
182;1
183;0
184;0
185;0
186;1
187;1
188;0
189;0
190;0
191;2
192;1
193;0
194;0
195;2
196;4
197;0
198;2
199;2
200;2
201;0
202;2
203;0
204;1
205;0
206;0
207;0
208;0
209;2
210;0
211;0
212;0
213;1
214;1
215;0
216;0
217;0
218;0
219;0
220;0
221;0
222;0
223;2
224;2
225;0
226;1
227;0
228;2
229;0
230;2
231;0
232;2
233;0
234;0
235;0
236;1
237;0
238;2
239;0
240;0
241;0
242;0
243;2
244;2
245;0
246;0
247;0
248;2
249;2
250;1
251;0
252;0
253;1
254;0
255;0
256;1
257;0
258;0
259;2
260;2
261;2
262;2
263;2
264;0
265;2
266;2
267;2
268;2
269;0
270;0
271;0
272;0
273;0
274;0
275;0
276;0
277;2
278;0
279;0
280;2
281;0
282;0
283;0
284;0
285;0
286;0
287;2
288;1
289;1
290;0
291;0
292;0
293;0
294;2
295;0
296;0
297;0
298;0
299;0
300;0
301;0
302;2
303;0
304;0
305;2
306;0
307;2
308;0
309;0
310;1
311;0
312;0
313;0
314;2
315;0
316;0
317;0
318;0
319;0
320;1
321;0
322;0
323;0
324;2
325;0
326;0
327;0
328;0
329;0
330;0
331;0
332;2
333;0
334;0
335;1
336;0
337;1
338;1
339;0
340;0
341;1
342;0
343;0
344;0
345;0
346;2
347;0
348;2
349;2
350;1
351;0
352;1
353;0
354;0
355;0
356;0
357;0
358;0
359;0
360;0
361;1
362;1
363;2
364;2
365;2
366;2
367;2
368;2
369;2
370;2
371;2
372;0
373;0
374;0
375;0
376;2
377;1
378;0
379;0
380;2
381;2
382;0
383;2
384;0
385;0
386;0
387;2
388;0
389;1
390;0
391;0
392;0
393;0
394;2
395;2
396;2
397;0
398;2
399;0
400;0
401;0
402;0
403;0
404;0
405;0
406;0
407;2
408;2
409;0
410;1
411;2
412;0
413;0
414;0
415;0
416;2
417;0
418;0
419;0
420;0
421;0
422;1
423;0
424;0
425;0
426;0
427;2
428;1
429;0
430;2
431;0
432;2
433;2
434;2
435;0
436;2
437;1
438;0
439;0
440;0
441;0
442;0
443;0
444;0
445;0
446;2
447;2
448;4
449;0
450;1
451;0
452;1
453;0
454;0
455;2
456;1
457;1
458;0
459;0
460;2
461;0
462;2
463;0
464;2
465;0
466;2
467;2
468;0
469;0
470;0
471;0
472;1
473;0
474;0
475;0
476;0
477;0
478;0
479;0
480;0
481;2
482;0
483;2
484;1
485;0
486;1
487;0
488;0
489;0
490;0
491;0
492;0
493;0
494;0
495;0
496;1
497;2
498;0
499;0
500;0
501;0
502;2
503;0
504;0
505;0
506;2
507;1
508;1
509;0
510;0
511;1
512;0
513;0
514;0
515;0
516;0
517;0
518;2
519;0
520;0
521;0
522;0
523;2
524;1
525;0
526;0
527;0
528;0
529;0
530;0
531;0
532;1
533;1
534;0
535;0
536;0
537;0
538;0
539;0
540;1
541;0
542;0
543;0
544;2
545;2
546;2
547;2
548;2
549;0
550;0
551;0
552;0
553;1
554;2
555;1
556;0
557;0
558;2
559;2
560;0
561;2
562;0
563;0
564;0
565;0
566;0
567;0
568;1
569;0
570;0
571;0
572;1
573;0
574;1
575;1
576;0
577;0
578;0
579;0
580;2
581;0
582;2
583;0
584;0
585;2
586;1
587;2
588;2
589;2
590;2
591;2
592;0
593;2
594;0
595;0
596;0
597;2
598;1
599;0
600;2
601;0
602;2
603;0
604;0
605;0
606;0
607;0
608;0
609;0
610;0
611;0
612;1
613;2
614;0
615;1
616;1
617;0
618;0
619;0
620;0
621;0
622;0
623;0
624;0
625;0
626;0
627;0
628;1
629;0
630;0
631;0
632;0
633;0
634;0
635;0
636;2
637;2
638;0
639;0
640;2
641;0
642;0
643;0
644;2
645;0
646;2
647;0
648;2
649;2
650;2
651;0
652;0
653;0
654;1
655;0
656;0
657;0
658;0
659;0
660;2
661;1
662;0
663;0
664;0
665;2
666;0
667;0
668;0
669;0
670;0
671;0
672;0
673;0
674;0
675;0
676;2
677;0
678;0
679;2
680;0
681;0
682;0
683;0
684;0
685;0
686;0
687;0
688;0
689;0
690;2
691;0
692;1
693;0
694;0
695;0
696;0
697;0
698;2
699;2
700;1
701;0
702;0
703;1
704;1
705;2
706;2
707;1
708;2
709;0
710;0
711;1
712;0
713;1
714;0
715;0
716;0
717;0
718;0
719;0
720;1
721;0
722;1
723;0
724;1
725;0
726;0
727;2
728;0
729;0
730;0
731;0
732;0
733;1
734;0
735;0
736;0
737;0
738;0
739;0
740;0
741;0
742;0
743;0
744;1
745;0
746;0
747;0
748;0
749;0
750;0
751;0
752;0
753;0
754;0
755;0
756;0
757;2
758;0
759;2
760;2
761;2
762;0
763;0
764;2
765;0
766;0
767;2
768;0
769;0
770;1
771;2
772;1
773;0
774;0
775;0
776;1
777;0
778;0
779;0
780;0
781;0
782;0
783;2
784;2
785;0
786;2
787;2
788;1
789;0
790;0
791;2
792;1
793;0
794;0
795;0
796;0
797;0
798;0
799;0
800;0
801;1
802;0
803;0
804;1
805;0
806;0
807;2
808;0
809;0
810;0
811;0
812;0
813;0
814;1
815;0
816;0
817;1
818;0
819;2
820;0
821;0
822;2
823;1
824;0
825;0
826;2
827;2
828;0
829;0
830;0
831;0
832;0
833;0
834;2
835;0
836;1
837;2
838;0
839;0
840;0
841;0
842;0
843;1
844;0
845;0
846;1
847;0
848;0
849;0
850;0
851;0
852;0
853;0
854;1
855;0
856;0
857;1
858;0
859;0
860;0
861;1
862;0
863;0
864;1
865;1
866;2
867;0
868;2
869;0
870;0
871;1
872;0
873;0
874;0
875;0
876;2
877;1
878;2
879;2
880;2
881;0
882;0
883;1
884;0
885;2
886;0
887;2
888;1
889;0
890;1
891;0
892;2
893;0
894;2
895;0
896;0
897;2
898;2
899;0
900;0
901;2
902;1
903;0
904;0
905;1
906;0
907;0
908;0
909;2
910;2
911;0
912;0
913;0
914;0
915;0
916;1
917;1
918;1
919;0
920;0
921;0
922;0
923;0
924;0
925;1
926;2
927;0
928;0
929;1
930;0
931;0
932;1
933;0
934;0
935;0
936;0
937;0
938;0
939;2
940;1
941;0
942;0
943;2
944;2
945;2
946;0
947;2
948;0
949;2
950;2
951;0
952;0
953;0
954;0
955;0
956;0
957;2
958;0
959;0
960;0
961;2
962;0
963;0
964;0
965;0
966;0
967;1
968;0
969;0
970;1
971;0
972;2
973;1
974;0
975;2
976;1
977;0
978;0
979;2
980;2
981;0
982;1
983;2
984;2
985;0
986;0
987;0
988;0
989;0
990;2
991;1
992;0
993;0
994;1
995;0
996;2
997;2
998;2
999;0
1000;2
1001;2
1002;0
1003;2
1004;2
1005;2
1006;0
1007;2
1008;0
1009;0
1010;0
1011;0
1012;0
1013;0
1014;1
1015;0
1016;0
1017;0
1018;0
1019;0
1020;0
1021;0
1022;0
1023;0
