0;0
1;1
2;0
3;2
4;2
5;0
6;2
7;0
8;2
9;0
10;0
11;0
12;2
13;0
14;0
15;1
16;0
17;0
18;0
19;1
20;0
21;1
22;1
23;0
24;1
25;2
26;0
27;0
28;0
29;0
30;0
31;1
32;0
33;0
34;2
35;0
36;0
37;0
38;0
39;2
40;0
41;0
42;0
43;1
44;0
45;0
46;0
47;0
48;0
49;2
50;1
51;1
52;0
53;2
54;0
55;2
56;0
57;2
58;0
59;0
60;1
61;0
62;0
63;0
64;2
65;0
66;0
67;0
68;0
69;0
70;0
71;0
72;1
73;0
74;0
75;0
76;0
77;1
78;2
79;0
80;0
81;1
82;1
83;0
84;0
85;0
86;0
87;0
88;2
89;0
90;1
91;0
92;1
93;0
94;0
95;2
96;2
97;2
98;1
99;1
100;0
101;0
102;2
103;0
104;1
105;0
106;0
107;0
108;0
109;0
110;0
111;1
112;0
113;1
114;0
115;0
116;0
117;1
118;0
119;0
120;0
121;0
122;0
123;0
124;0
125;2
126;2
127;1
128;0
129;0
130;0
131;0
132;2
133;0
134;0
135;0
136;0
137;0
138;0
139;0
140;0
141;0
142;0
143;0
144;0
145;1
146;0
147;0
148;0
149;2
150;0
151;0
152;0
153;0
154;0
155;0
156;0
157;0
158;0
159;1
160;0
161;0
162;2
163;1
164;0
165;0
166;0
167;1
168;2
169;0
170;2
171;0
172;4
173;0
174;2
175;2
176;0
177;2
178;2
179;2
180;1
181;0
182;1
183;0
184;0
185;0
186;2
187;1
188;1
189;0
190;0
191;2
192;2
193;0
194;0
195;0
196;1
197;0
198;0
199;0
200;0
201;0
202;1
203;0
204;2
205;0
206;0
207;0
208;2
209;0
210;1
211;0
212;0
213;0
214;0
215;0
216;2
217;0
218;2
219;1
220;1
221;0
222;2
223;2
224;1
225;0
226;0
227;1
228;1
229;0
230;0
231;2
232;0
233;0
234;1
235;0
236;1
237;0
238;1
239;0
240;0
241;0
242;2
243;2
244;2
245;0
246;0
247;0
248;0
249;0
250;2
251;1
252;1
253;0
254;0
255;0
256;0
257;0
258;0
259;0
260;2
261;0
262;0
263;0
264;0
265;0
266;0
267;1
268;0
269;0
270;0
271;2
272;1
273;0
274;0
275;0
276;2
277;1
278;0
279;0
280;0
281;0
282;0
283;0
284;2
285;0
286;0
287;0
288;1
289;0
290;0
291;0
292;1
293;1
294;0
295;0
296;0
297;0
298;2
299;0
300;1
301;2
302;0
303;0
304;0
305;2
306;0
307;0
308;2
309;0
310;1
311;0
312;0
313;2
314;0
315;0
316;0
317;0
318;1
319;0
320;1
321;0
322;0
323;1
324;0
325;1
326;0
327;0
328;0
329;0
330;0
331;0
332;1
333;0
334;0
335;2
336;0
337;2
338;2
339;2
340;2
341;0
342;0
343;0
344;2
345;2
346;0
347;0
348;0
349;0
350;1
351;0
352;1
353;0
354;0
355;0
356;0
357;0
358;0
359;2
360;0
361;0
362;2
363;1
364;0
365;0
366;0
367;0
368;0
369;0
370;0
371;2
372;2
373;2
374;1
375;0
376;1
377;2
378;0
379;0
380;2
381;0
382;0
383;0
384;0
385;2
386;0
387;0
388;0
389;2
390;1
391;0
392;2
393;0
394;2
395;0
396;0
397;2
398;2
399;0
400;0
401;0
402;0
403;0
404;2
405;0
406;0
407;0
408;2
409;0
410;0
411;0
412;0
413;0
414;0
415;0
416;1
417;2
418;0
419;0
420;2
421;0
422;0
423;0
424;0
425;0
426;1
427;0
428;1
429;0
430;1
431;2
432;2
433;2
434;0
435;0
436;0
437;0
438;0
439;0
440;1
441;1
442;2
443;0
444;2
445;1
446;2
447;0
448;2
449;0
450;2
451;1
452;2
453;0
454;2
455;1
456;0
457;0
458;0
459;0
460;2
461;0
462;1
463;0
464;1
465;0
466;0
467;0
468;2
469;2
470;1
471;2
472;1
473;0
474;0
475;0
476;1
477;0
478;1
479;1
480;1
481;0
482;0
483;0
484;2
485;1
486;0
487;2
488;1
489;0
490;0
491;0
492;0
493;0
494;0
495;0
496;2
497;0
498;0
499;0
500;2
501;0
502;0
503;2
504;0
505;0
506;0
507;0
508;0
509;0
510;0
511;4
512;0
513;0
514;0
515;0
516;1
517;0
518;2
519;2
520;1
521;0
522;0
523;2
524;2
525;0
526;2
527;2
528;2
529;0
530;0
531;2
532;1
533;0
534;0
535;2
536;1
537;1
538;0
539;0
540;0
541;0
542;0
543;0
544;2
545;0
546;0
547;0
548;0
549;0
550;0
551;0
552;0
553;2
554;2
555;2
556;2
557;0
558;2
559;2
560;1
561;0
562;0
563;0
564;0
565;0
566;0
567;0
568;1
569;0
570;0
571;0
572;1
573;1
574;0
575;0
576;0
577;0
578;1
579;0
580;0
581;0
582;1
583;0
584;1
585;0
586;0
587;0
588;0
589;1
590;2
591;1
592;2
593;2
594;0
595;0
596;1
597;0
598;2
599;0
600;1
601;1
602;0
603;0
604;0
605;0
606;2
607;0
608;0
609;0
610;0
611;0
612;0
613;2
614;2
615;2
616;0
617;0
618;2
619;0
620;2
621;0
622;1
623;0
624;0
625;0
626;0
627;0
628;0
629;2
630;0
631;0
632;0
633;0
634;1
635;0
636;2
637;0
638;0
639;0
640;1
641;0
642;0
643;0
644;2
645;0
646;0
647;0
648;2
649;0
650;0
651;0
652;0
653;0
654;0
655;0
656;0
657;0
658;2
659;0
660;0
661;0
662;0
663;0
664;2
665;0
666;1
667;0
668;1
669;0
670;0
671;0
672;0
673;0
674;0
675;0
676;2
677;0
678;0
679;0
680;2
681;2
682;0
683;1
684;0
685;1
686;0
687;0
688;0
689;0
690;0
691;0
692;2
693;2
694;2
695;0
696;1
697;0
698;0
699;2
700;4
701;0
702;2
703;0
704;0
705;0
706;0
707;0
708;2
709;0
710;0
711;0
712;0
713;0
714;1
715;0
716;1
717;2
718;0
719;0
720;0
721;2
722;1
723;0
724;1
725;0
726;1
727;0
728;0
729;0
730;2
731;0
732;0
733;0
734;0
735;0
736;2
737;0
738;1
739;0
740;1
741;1
742;0
743;0
744;0
745;0
746;2
747;2
748;0
749;2
750;0
751;0
752;2
753;0
754;0
755;0
756;1
757;0
758;2
759;0
760;1
761;1
762;0
763;2
764;2
765;2
766;0
767;1
768;0
769;0
770;0
771;0
772;0
773;1
774;0
775;1
776;0
777;2
778;2
779;2
780;0
781;2
782;0
783;0
784;0
785;0
786;0
787;1
788;1
789;2
790;0
791;1
792;0
793;0
794;0
795;2
796;0
797;2
798;0
799;0
800;0
801;0
802;0
803;2
804;0
805;0
806;0
807;2
808;1
809;0
810;0
811;0
812;0
813;1
814;0
815;0
816;0
817;0
818;0
819;0
820;2
821;0
822;0
823;2
824;0
825;0
826;0
827;0
828;0
829;0
830;1
831;0
832;0
833;0
834;0
835;2
836;1
837;0
838;0
839;2
840;2
841;0
842;2
843;2
844;1
845;0
846;2
847;0
848;1
849;0
850;0
851;0
852;0
853;0
854;0
855;0
856;2
857;2
858;0
859;0
860;2
861;0
862;0
863;1
864;0
865;0
866;0
867;0
868;0
869;0
870;0
871;1
872;0
873;0
874;0
875;0
876;0
877;1
878;0
879;0
880;2
881;0
882;0
883;0
884;0
885;1
886;0
887;0
888;0
889;2
890;2
891;0
892;2
893;2
894;0
895;2
896;1
897;0
898;2
899;1
900;2
901;0
902;0
903;0
904;0
905;2
906;0
907;0
908;0
909;0
910;1
911;0
912;0
913;0
914;0
915;0
916;0
917;0
918;0
919;2
920;0
921;1
922;0
923;0
924;1
925;0
926;0
927;0
928;0
929;0
930;0
931;2
932;2
933;0
934;0
935;0
936;1
937;0
938;0
939;0
940;0
941;0
942;1
943;0
944;0
945;1
946;2
947;2
948;0
949;0
950;0
951;0
952;2
953;0
954;2
955;0
956;0
957;2
958;4
959;0
960;0
961;0
962;0
963;2
964;0
965;2
966;2
967;2
968;2
969;2
970;2
971;2
972;1
973;0
974;0
975;2
976;2
977;0
978;0
979;2
980;2
981;0
982;2
983;2
984;2
985;0
986;2
987;2
988;2
989;2
990;0
991;0
992;0
993;0
994;0
995;1
996;0
997;2
998;2
999;1
1000;0
1001;1
1002;0
1003;1
1004;0
1005;0
1006;0
1007;0
1008;1
1009;0
1010;0
1011;0
1012;0
1013;1
1014;0
1015;0
1016;0
1017;0
1018;0
1019;0
1020;0
1021;0
1022;0
1023;0
