0;0
1;0
2;0
3;2
4;1
5;0
6;1
7;1
8;0
9;0
10;2
11;0
12;2
13;0
14;0
15;0
16;0
17;2
18;2
19;2
20;0
21;0
22;2
23;2
24;2
25;0
26;2
27;0
28;1
29;0
30;0
31;2
32;0
33;0
34;0
35;2
36;0
37;0
38;1
39;0
40;0
41;0
42;1
43;0
44;2
45;2
46;0
47;0
48;0
49;0
50;0
51;0
52;0
53;0
54;2
55;0
56;0
57;1
58;0
59;2
60;1
61;0
62;0
63;0
64;0
65;0
66;1
67;0
68;0
69;0
70;2
71;2
72;0
73;0
74;0
75;0
76;0
77;0
78;0
79;0
80;2
81;0
82;2
83;0
84;1
85;2
86;0
87;0
88;0
89;1
90;0
91;0
92;2
93;2
94;1
95;0
96;0
97;0
98;1
99;0
100;0
101;0
102;1
103;0
104;1
105;0
106;1
107;0
108;0
109;1
110;1
111;0
112;0
113;1
114;0
115;1
116;0
117;0
118;1
119;1
120;0
121;1
122;0
123;2
124;0
125;0
126;0
127;0
128;2
129;0
130;2
131;2
132;2
133;0
134;0
135;0
136;0
137;2
138;2
139;2
140;1
141;0
142;2
143;0
144;0
145;0
146;0
147;0
148;0
149;0
150;1
151;0
152;0
153;0
154;2
155;0
156;1
157;1
158;0
159;2
160;4
161;0
162;2
163;2
164;2
165;0
166;2
167;0
168;1
169;1
170;0
171;1
172;1
173;0
174;0
175;0
176;1
177;0
178;0
179;1
180;0
181;0
182;2
183;2
184;1
185;0
186;0
187;0
188;2
189;1
190;0
191;2
192;1
193;0
194;0
195;1
196;0
197;2
198;2
199;2
200;2
201;0
202;2
203;0
204;2
205;0
206;1
207;0
208;0
209;0
210;0
211;0
212;0
213;0
214;0
215;2
216;1
217;0
218;0
219;0
220;0
221;1
222;1
223;0
224;0
225;0
226;0
227;0
228;0
229;0
230;0
231;0
232;0
233;1
234;0
235;2
236;2
237;1
238;0
239;2
240;0
241;0
242;2
243;0
244;2
245;0
246;0
247;0
248;1
249;0
250;2
251;1
252;0
253;0
254;0
255;0
256;2
257;1
258;0
259;0
260;0
261;0
262;0
263;2
264;0
265;1
266;0
267;0
268;2
269;0
270;0
271;0
272;2
273;0
274;0
275;0
276;0
277;0
278;1
279;0
280;2
281;0
282;1
283;0
284;0
285;0
286;0
287;0
288;0
289;0
290;0
291;0
292;1
293;0
294;0
295;0
296;1
297;0
298;0
299;1
300;0
301;0
302;2
303;2
304;0
305;0
306;0
307;0
308;2
309;0
310;0
311;0
312;0
313;0
314;1
315;0
316;0
317;0
318;1
319;0
320;0
321;2
322;1
323;0
324;1
325;0
326;0
327;1
328;2
329;0
330;2
331;1
332;0
333;2
334;1
335;0
336;0
337;0
338;0
339;0
340;1
341;0
342;1
343;0
344;0
345;0
346;0
347;2
348;2
349;0
350;1
351;0
352;0
353;0
354;1
355;0
356;0
357;0
358;0
359;0
360;2
361;0
362;0
363;0
364;1
365;0
366;2
367;1
368;0
369;0
370;0
371;0
372;2
373;1
374;0
375;0
376;0
377;0
378;0
379;0
380;0
381;0
382;1
383;0
384;0
385;1
386;1
387;0
388;0
389;2
390;1
391;0
392;0
393;0
394;1
395;2
396;1
397;0
398;0
399;2
400;2
401;0
402;2
403;2
404;2
405;0
406;2
407;0
408;2
409;0
410;0
411;0
412;2
413;0
414;0
415;0
416;0
417;0
418;1
419;0
420;2
421;0
422;0
423;2
424;2
425;2
426;2
427;2
428;0
429;0
430;2
431;0
432;2
433;0
434;0
435;1
436;0
437;2
438;0
439;0
440;0
441;0
442;2
443;1
444;0
445;0
446;2
447;0
448;2
449;0
450;0
451;0
452;0
453;0
454;0
455;0
456;0
457;0
458;2
459;0
460;0
461;0
462;0
463;0
464;0
465;2
466;2
467;2
468;2
469;0
470;1
471;0
472;0
473;0
474;0
475;0
476;2
477;2
478;2
479;0
480;0
481;0
482;0
483;2
484;0
485;2
486;2
487;0
488;0
489;0
490;1
491;0
492;0
493;0
494;0
495;1
496;0
497;1
498;1
499;0
500;0
501;0
502;1
503;0
504;2
505;2
506;0
507;0
508;0
509;0
510;0
511;0
512;0
513;0
514;0
515;0
516;0
517;0
518;1
519;0
520;0
521;0
522;2
523;2
524;1
525;0
526;0
527;2
528;2
529;0
530;2
531;2
532;2
533;0
534;0
535;2
536;0
537;0
538;0
539;0
540;1
541;0
542;2
543;2
544;2
545;2
546;2
547;0
548;2
549;0
550;2
551;0
552;0
553;2
554;0
555;1
556;1
557;0
558;0
559;0
560;0
561;0
562;0
563;1
564;1
565;0
566;2
567;0
568;0
569;1
570;0
571;0
572;0
573;0
574;2
575;0
576;0
577;0
578;0
579;0
580;2
581;0
582;0
583;0
584;0
585;0
586;0
587;0
588;0
589;2
590;0
591;1
592;0
593;0
594;2
595;0
596;0
597;0
598;0
599;2
600;2
601;0
602;2
603;2
604;2
605;0
606;1
607;0
608;0
609;2
610;0
611;0
612;0
613;2
614;1
615;0
616;0
617;0
618;0
619;0
620;0
621;0
622;1
623;1
624;0
625;0
626;0
627;1
628;2
629;2
630;2
631;2
632;0
633;0
634;0
635;0
636;2
637;0
638;0
639;0
640;0
641;2
642;1
643;0
644;0
645;0
646;0
647;0
648;1
649;0
650;1
651;0
652;0
653;0
654;0
655;0
656;0
657;0
658;0
659;0
660;2
661;0
662;0
663;0
664;2
665;2
666;1
667;0
668;2
669;0
670;0
671;0
672;0
673;0
674;0
675;0
676;0
677;0
678;0
679;0
680;0
681;0
682;1
683;0
684;0
685;0
686;1
687;0
688;0
689;0
690;2
691;0
692;1
693;0
694;1
695;0
696;1
697;0
698;0
699;2
700;4
701;0
702;2
703;1
704;0
705;0
706;2
707;0
708;1
709;0
710;0
711;0
712;0
713;0
714;0
715;2
716;2
717;0
718;0
719;1
720;0
721;0
722;0
723;2
724;0
725;0
726;0
727;0
728;0
729;0
730;0
731;0
732;0
733;2
734;0
735;0
736;2
737;0
738;2
739;2
740;1
741;0
742;0
743;1
744;0
745;1
746;0
747;2
748;2
749;2
750;2
751;0
752;0
753;2
754;0
755;0
756;1
757;0
758;0
759;0
760;1
761;0
762;2
763;0
764;2
765;2
766;0
767;0
768;0
769;2
770;0
771;2
772;0
773;2
774;0
775;0
776;0
777;1
778;0
779;1
780;0
781;0
782;1
783;0
784;0
785;2
786;2
787;0
788;0
789;0
790;0
791;0
792;0
793;1
794;0
795;1
796;1
797;2
798;2
799;2
800;2
801;2
802;2
803;2
804;1
805;0
806;2
807;0
808;2
809;0
810;2
811;2
812;0
813;0
814;2
815;0
816;0
817;0
818;0
819;0
820;0
821;2
822;1
823;0
824;2
825;0
826;1
827;0
828;0
829;0
830;0
831;0
832;0
833;0
834;0
835;0
836;2
837;0
838;0
839;0
840;0
841;2
842;0
843;1
844;1
845;2
846;2
847;2
848;0
849;0
850;1
851;0
852;1
853;0
854;1
855;1
856;0
857;2
858;0
859;0
860;0
861;0
862;1
863;2
864;0
865;0
866;0
867;2
868;1
869;0
870;0
871;0
872;2
873;0
874;0
875;1
876;0
877;2
878;2
879;0
880;0
881;0
882;0
883;2
884;2
885;2
886;2
887;1
888;0
889;0
890;2
891;0
892;2
893;0
894;0
895;0
896;0
897;0
898;0
899;0
900;1
901;0
902;0
903;0
904;1
905;0
906;2
907;0
908;2
909;2
910;0
911;2
912;1
913;0
914;2
915;2
916;2
917;0
918;2
919;2
920;2
921;0
922;2
923;2
924;0
925;1
926;1
927;0
928;2
929;1
930;2
931;0
932;0
933;1
934;1
935;0
936;0
937;0
938;0
939;2
940;1
941;1
942;0
943;0
944;0
945;0
946;0
947;0
948;0
949;0
950;2
951;2
952;1
953;0
954;0
955;2
956;0
957;0
958;0
959;0
960;0
961;0
962;2
963;0
964;0
965;1
966;0
967;0
968;0
969;0
970;0
971;2
972;0
973;0
974;1
975;0
976;2
977;0
978;1
979;0
980;2
981;2
982;1
983;0
984;0
985;0
986;0
987;0
988;1
989;0
990;0
991;1
992;0
993;2
994;0
995;0
996;2
997;0
998;2
999;0
1000;0
1001;0
1002;2
1003;2
1004;0
1005;0
1006;2
1007;1
1008;0
1009;0
1010;1
1011;0
1012;1
1013;1
1014;1
1015;0
1016;0
1017;0
1018;0
1019;0
1020;0
1021;0
1022;0
1023;0
