0;0
1;0
2;0
3;2
4;2
5;0
6;2
7;2
8;0
9;0
10;2
11;2
12;1
13;0
14;2
15;0
16;0
17;0
18;0
19;2
20;2
21;2
22;0
23;2
24;1
25;0
26;0
27;0
28;2
29;2
30;0
31;0
32;1
33;2
34;0
35;0
36;0
37;1
38;1
39;0
40;0
41;0
42;1
43;0
44;2
45;2
46;0
47;0
48;0
49;0
50;0
51;0
52;0
53;0
54;0
55;0
56;0
57;0
58;0
59;2
60;1
61;0
62;0
63;0
64;0
65;0
66;0
67;0
68;0
69;0
70;0
71;0
72;0
73;0
74;2
75;0
76;2
77;2
78;0
79;0
80;2
81;0
82;0
83;2
84;0
85;0
86;0
87;2
88;1
89;0
90;0
91;1
92;2
93;0
94;2
95;2
96;4
97;2
98;0
99;0
100;2
101;2
102;0
103;2
104;2
105;1
106;0
107;0
108;2
109;0
110;0
111;0
112;0
113;0
114;0
115;0
116;0
117;0
118;0
119;1
120;0
121;0
122;0
123;0
124;0
125;2
126;1
127;0
128;0
129;0
130;0
131;0
132;0
133;2
134;2
135;1
136;0
137;0
138;0
139;0
140;0
141;1
142;0
143;1
144;0
145;0
146;0
147;0
148;0
149;0
150;0
151;0
152;2
153;0
154;0
155;0
156;1
157;0
158;0
159;0
160;0
161;2
162;2
163;0
164;2
165;2
166;0
167;0
168;0
169;0
170;1
171;0
172;0
173;0
174;0
175;0
176;1
177;0
178;0
179;0
180;0
181;1
182;0
183;0
184;2
185;0
186;0
187;0
188;0
189;2
190;0
191;0
192;2
193;0
194;0
195;0
196;0
197;0
198;0
199;0
200;0
201;0
202;1
203;0
204;1
205;0
206;0
207;0
208;2
209;0
210;0
211;0
212;0
213;0
214;2
215;2
216;0
217;0
218;0
219;0
220;0
221;0
222;0
223;0
224;1
225;0
226;0
227;0
228;0
229;0
230;0
231;0
232;0
233;2
234;0
235;0
236;2
237;0
238;0
239;0
240;1
241;2
242;2
243;0
244;1
245;1
246;1
247;0
248;2
249;0
250;0
251;0
252;0
253;0
254;1
255;1
256;0
257;0
258;2
259;0
260;0
261;2
262;2
263;0
264;2
265;0
266;2
267;2
268;0
269;0
270;1
271;0
272;0
273;0
274;0
275;0
276;1
277;0
278;0
279;0
280;2
281;0
282;0
283;0
284;0
285;0
286;0
287;0
288;2
289;0
290;0
291;1
292;0
293;1
294;0
295;0
296;0
297;0
298;0
299;0
300;0
301;0
302;0
303;0
304;1
305;0
306;2
307;2
308;1
309;0
310;0
311;0
312;0
313;0
314;0
315;0
316;0
317;1
318;0
319;2
320;4
321;2
322;2
323;0
324;2
325;1
326;0
327;2
328;1
329;0
330;0
331;0
332;2
333;1
334;1
335;0
336;2
337;2
338;0
339;0
340;0
341;2
342;0
343;2
344;0
345;1
346;0
347;2
348;2
349;2
350;2
351;2
352;2
353;0
354;0
355;0
356;1
357;2
358;0
359;0
360;0
361;0
362;0
363;0
364;2
365;0
366;2
367;2
368;0
369;0
370;0
371;0
372;0
373;0
374;0
375;0
376;0
377;0
378;0
379;0
380;0
381;0
382;0
383;2
384;0
385;0
386;1
387;0
388;1
389;0
390;2
391;2
392;1
393;0
394;0
395;2
396;1
397;2
398;2
399;2
400;2
401;0
402;0
403;0
404;1
405;0
406;0
407;1
408;4
409;2
410;0
411;0
412;0
413;0
414;0
415;0
416;2
417;0
418;2
419;2
420;2
421;1
422;0
423;0
424;1
425;0
426;0
427;0
428;0
429;1
430;0
431;2
432;2
433;0
434;0
435;0
436;1
437;0
438;0
439;0
440;0
441;1
442;0
443;1
444;0
445;0
446;2
447;2
448;0
449;0
450;0
451;0
452;0
453;0
454;0
455;0
456;1
457;1
458;0
459;2
460;0
461;0
462;0
463;0
464;2
465;0
466;0
467;2
468;2
469;0
470;0
471;0
472;0
473;0
474;0
475;0
476;0
477;2
478;0
479;0
480;0
481;0
482;0
483;0
484;0
485;0
486;2
487;2
488;1
489;0
490;0
491;0
492;1
493;2
494;0
495;0
496;0
497;0
498;0
499;0
500;0
501;0
502;0
503;0
504;2
505;1
506;0
507;0
508;2
509;0
510;0
511;0
512;0
513;1
514;0
515;0
516;0
517;0
518;2
519;2
520;0
521;0
522;0
523;0
524;0
525;0
526;0
527;0
528;1
529;0
530;0
531;0
532;0
533;0
534;0
535;1
536;0
537;1
538;0
539;0
540;1
541;0
542;2
543;0
544;0
545;1
546;0
547;0
548;2
549;2
550;1
551;0
552;0
553;0
554;0
555;0
556;0
557;2
558;2
559;2
560;2
561;0
562;0
563;0
564;0
565;0
566;2
567;0
568;0
569;0
570;0
571;0
572;2
573;2
574;0
575;1
576;1
577;0
578;0
579;0
580;0
581;0
582;0
583;0
584;0
585;0
586;0
587;0
588;2
589;1
590;0
591;0
592;0
593;0
594;0
595;0
596;2
597;0
598;0
599;2
600;2
601;0
602;0
603;0
604;2
605;0
606;0
607;0
608;0
609;0
610;0
611;0
612;0
613;0
614;0
615;1
616;0
617;2
618;0
619;2
620;2
621;1
622;2
623;2
624;1
625;0
626;0
627;0
628;0
629;0
630;2
631;1
632;1
633;0
634;0
635;0
636;2
637;0
638;0
639;2
640;0
641;0
642;0
643;0
644;0
645;0
646;0
647;0
648;0
649;0
650;2
651;0
652;2
653;0
654;0
655;2
656;2
657;0
658;2
659;2
660;0
661;0
662;0
663;0
664;0
665;0
666;2
667;2
668;1
669;0
670;1
671;0
672;0
673;0
674;0
675;2
676;4
677;0
678;2
679;2
680;2
681;0
682;0
683;0
684;1
685;2
686;2
687;0
688;0
689;0
690;0
691;2
692;0
693;0
694;0
695;0
696;1
697;1
698;0
699;0
700;0
701;0
702;0
703;2
704;1
705;1
706;1
707;0
708;0
709;0
710;0
711;0
712;1
713;0
714;0
715;0
716;0
717;0
718;0
719;0
720;0
721;2
722;1
723;0
724;2
725;0
726;0
727;2
728;2
729;0
730;0
731;0
732;0
733;0
734;0
735;0
736;1
737;0
738;2
739;0
740;0
741;0
742;0
743;2
744;0
745;0
746;1
747;0
748;1
749;0
750;2
751;0
752;0
753;0
754;0
755;0
756;0
757;0
758;0
759;0
760;0
761;2
762;0
763;2
764;0
765;0
766;1
767;0
768;2
769;1
770;0
771;0
772;0
773;0
774;0
775;0
776;0
777;0
778;0
779;1
780;0
781;0
782;2
783;0
784;0
785;0
786;0
787;1
788;0
789;0
790;2
791;0
792;2
793;0
794;2
795;2
796;2
797;0
798;0
799;1
800;0
801;0
802;0
803;0
804;1
805;1
806;0
807;0
808;0
809;2
810;2
811;0
812;1
813;1
814;0
815;0
816;2
817;0
818;0
819;1
820;0
821;0
822;0
823;2
824;2
825;1
826;0
827;2
828;2
829;0
830;0
831;0
832;0
833;2
834;1
835;0
836;1
837;0
838;0
839;2
840;2
841;0
842;0
843;0
844;0
845;0
846;0
847;0
848;0
849;2
850;0
851;1
852;0
853;0
854;0
855;0
856;0
857;2
858;0
859;0
860;0
861;0
862;0
863;0
864;1
865;1
866;0
867;0
868;0
869;0
870;1
871;1
872;0
873;1
874;0
875;0
876;0
877;1
878;1
879;0
880;1
881;2
882;0
883;2
884;2
885;0
886;2
887;0
888;1
889;1
890;1
891;2
892;2
893;0
894;0
895;2
896;0
897;2
898;0
899;0
900;0
901;1
902;0
903;0
904;1
905;2
906;0
907;2
908;0
909;0
910;0
911;0
912;2
913;0
914;0
915;1
916;0
917;0
918;1
919;0
920;1
921;0
922;1
923;0
924;0
925;2
926;2
927;2
928;2
929;2
930;0
931;0
932;0
933;2
934;2
935;0
936;2
937;0
938;0
939;0
940;0
941;0
942;0
943;0
944;0
945;0
946;0
947;0
948;0
949;1
950;0
951;0
952;0
953;2
954;0
955;2
956;2
957;0
958;0
959;0
960;0
961;0
962;0
963;0
964;0
965;0
966;1
967;0
968;1
969;0
970;0
971;0
972;0
973;0
974;0
975;0
976;0
977;0
978;0
979;2
980;0
981;0
982;0
983;1
984;2
985;1
986;0
987;0
988;0
989;0
990;2
991;2
992;0
993;0
994;2
995;0
996;1
997;0
998;2
999;1
1000;0
1001;2
1002;2
1003;0
1004;1
1005;0
1006;0
1007;0
1008;0
1009;0
1010;0
1011;1
1012;0
1013;0
1014;1
1015;1
1016;0
1017;0
1018;0
1019;0
1020;0
1021;0
1022;0
1023;0
