0;1
1;0
2;0
3;2
4;2
5;0
6;2
7;2
8;2
9;1
10;2
11;0
12;1
13;0
14;1
15;0
16;0
17;2
18;2
19;1
20;0
21;2
22;0
23;1
24;0
25;0
26;0
27;0
28;2
29;0
30;0
31;0
32;1
33;1
34;0
35;0
36;2
37;1
38;1
39;0
40;1
41;0
42;1
43;0
44;2
45;0
46;0
47;0
48;1
49;2
50;0
51;0
52;2
53;0
54;1
55;0
56;0
57;0
58;0
59;0
60;1
61;0
62;0
63;0
64;0
65;0
66;0
67;0
68;0
69;0
70;0
71;0
72;0
73;0
74;0
75;1
76;1
77;0
78;1
79;2
80;2
81;0
82;0
83;2
84;0
85;0
86;0
87;0
88;1
89;0
90;0
91;2
92;0
93;0
94;1
95;0
96;4
97;0
98;0
99;2
100;2
101;0
102;0
103;0
104;2
105;0
106;0
107;1
108;0
109;0
110;0
111;0
112;0
113;0
114;2
115;0
116;2
117;2
118;0
119;0
120;0
121;2
122;2
123;1
124;0
125;0
126;0
127;0
128;0
129;2
130;2
131;0
132;0
133;0
134;0
135;2
136;1
137;0
138;0
139;0
140;2
141;0
142;0
143;0
144;0
145;0
146;0
147;0
148;0
149;2
150;2
151;0
152;2
153;0
154;1
155;0
156;0
157;0
158;0
159;0
160;0
161;0
162;0
163;0
164;0
165;0
166;1
167;0
168;1
169;0
170;2
171;2
172;2
173;0
174;0
175;0
176;4
177;2
178;0
179;0
180;2
181;0
182;0
183;0
184;1
185;0
186;0
187;2
188;0
189;0
190;2
191;0
192;0
193;0
194;0
195;2
196;4
197;2
198;2
199;0
200;2
201;0
202;2
203;0
204;2
205;1
206;0
207;0
208;0
209;0
210;0
211;0
212;0
213;0
214;2
215;0
216;2
217;0
218;2
219;0
220;2
221;0
222;1
223;0
224;0
225;2
226;0
227;0
228;0
229;0
230;0
231;1
232;0
233;0
234;0
235;0
236;0
237;2
238;0
239;0
240;0
241;2
242;0
243;0
244;2
245;1
246;0
247;0
248;1
249;0
250;0
251;2
252;2
253;2
254;1
255;0
256;0
257;2
258;0
259;0
260;0
261;0
262;1
263;2
264;0
265;0
266;2
267;0
268;0
269;0
270;2
271;0
272;1
273;2
274;2
275;2
276;2
277;1
278;0
279;0
280;2
281;0
282;0
283;0
284;1
285;0
286;0
287;0
288;2
289;0
290;0
291;0
292;0
293;0
294;0
295;0
296;2
297;0
298;0
299;1
300;0
301;0
302;0
303;0
304;0
305;0
306;0
307;0
308;1
309;0
310;0
311;0
312;1
313;0
314;0
315;0
316;1
317;0
318;0
319;0
320;0
321;0
322;1
323;0
324;1
325;1
326;1
327;2
328;4
329;2
330;2
331;2
332;0
333;1
334;0
335;2
336;1
337;0
338;0
339;0
340;1
341;0
342;1
343;0
344;2
345;0
346;0
347;2
348;0
349;2
350;2
351;1
352;0
353;1
354;0
355;2
356;4
357;2
358;2
359;2
360;2
361;0
362;0
363;0
364;2
365;2
366;0
367;0
368;0
369;0
370;1
371;0
372;0
373;0
374;2
375;2
376;0
377;0
378;0
379;0
380;0
381;0
382;0
383;0
384;0
385;0
386;1
387;0
388;0
389;0
390;0
391;1
392;1
393;0
394;0
395;0
396;0
397;0
398;0
399;0
400;2
401;0
402;0
403;0
404;2
405;0
406;0
407;0
408;0
409;0
410;2
411;2
412;2
413;1
414;0
415;2
416;1
417;1
418;0
419;0
420;2
421;1
422;0
423;2
424;2
425;0
426;0
427;0
428;0
429;0
430;0
431;0
432;0
433;0
434;0
435;2
436;1
437;0
438;2
439;2
440;0
441;0
442;0
443;0
444;1
445;0
446;0
447;0
448;1
449;1
450;0
451;1
452;0
453;0
454;2
455;1
456;0
457;0
458;0
459;2
460;2
461;0
462;2
463;2
464;2
465;1
466;0
467;0
468;2
469;0
470;2
471;2
472;2
473;2
474;0
475;0
476;1
477;0
478;0
479;0
480;0
481;0
482;0
483;0
484;2
485;0
486;0
487;0
488;0
489;0
490;0
491;0
492;1
493;0
494;0
495;0
496;1
497;2
498;0
499;0
500;0
501;0
502;0
503;0
504;0
505;0
506;0
507;0
508;0
509;2
510;2
511;2
512;1
513;2
514;0
515;0
516;0
517;1
518;0
519;0
520;0
521;0
522;2
523;0
524;0
525;2
526;1
527;0
528;0
529;0
530;0
531;0
532;1
533;0
534;0
535;0
536;0
537;0
538;1
539;1
540;0
541;0
542;0
543;0
544;1
545;0
546;2
547;1
548;0
549;2
550;1
551;0
552;1
553;0
554;2
555;0
556;0
557;0
558;0
559;2
560;0
561;0
562;0
563;2
564;4
565;0
566;0
567;2
568;2
569;0
570;2
571;0
572;2
573;0
574;0
575;0
576;0
577;0
578;1
579;0
580;1
581;0
582;2
583;2
584;1
585;0
586;0
587;0
588;0
589;0
590;0
591;2
592;0
593;0
594;2
595;0
596;2
597;2
598;1
599;0
600;1
601;0
602;0
603;0
604;0
605;0
606;0
607;0
608;2
609;0
610;0
611;0
612;2
613;0
614;0
615;0
616;4
617;0
618;0
619;0
620;1
621;0
622;0
623;0
624;2
625;0
626;0
627;0
628;1
629;0
630;0
631;0
632;2
633;2
634;0
635;2
636;1
637;0
638;0
639;0
640;2
641;0
642;2
643;0
644;0
645;1
646;0
647;0
648;0
649;0
650;0
651;0
652;0
653;0
654;0
655;2
656;0
657;0
658;0
659;0
660;0
661;0
662;0
663;0
664;0
665;0
666;2
667;0
668;0
669;0
670;0
671;0
672;0
673;0
674;2
675;2
676;0
677;0
678;0
679;0
680;0
681;2
682;0
683;2
684;1
685;0
686;1
687;2
688;2
689;0
690;0
691;0
692;0
693;2
694;0
695;2
696;1
697;1
698;0
699;0
700;0
701;0
702;0
703;0
704;1
705;0
706;0
707;0
708;1
709;0
710;0
711;0
712;0
713;0
714;0
715;1
716;0
717;0
718;0
719;0
720;0
721;0
722;0
723;0
724;0
725;0
726;0
727;0
728;1
729;0
730;1
731;0
732;0
733;0
734;0
735;0
736;1
737;0
738;0
739;2
740;2
741;0
742;2
743;0
744;1
745;0
746;0
747;1
748;0
749;0
750;0
751;0
752;1
753;0
754;0
755;0
756;1
757;0
758;2
759;0
760;0
761;0
762;0
763;2
764;0
765;2
766;0
767;0
768;1
769;0
770;0
771;0
772;0
773;0
774;0
775;2
776;0
777;0
778;0
779;0
780;0
781;2
782;2
783;2
784;0
785;0
786;1
787;0
788;0
789;0
790;2
791;0
792;0
793;0
794;0
795;0
796;0
797;0
798;0
799;1
800;0
801;0
802;0
803;0
804;0
805;0
806;1
807;0
808;0
809;0
810;1
811;0
812;0
813;1
814;0
815;0
816;0
817;0
818;2
819;0
820;2
821;0
822;0
823;2
824;2
825;0
826;0
827;0
828;0
829;0
830;0
831;0
832;1
833;0
834;2
835;1
836;0
837;0
838;0
839;0
840;0
841;0
842;2
843;0
844;2
845;0
846;0
847;2
848;2
849;2
850;2
851;2
852;2
853;0
854;2
855;0
856;2
857;2
858;0
859;0
860;0
861;0
862;2
863;1
864;0
865;2
866;0
867;2
868;2
869;0
870;2
871;2
872;4
873;0
874;2
875;0
876;4
877;0
878;1
879;0
880;2
881;0
882;0
883;0
884;2
885;0
886;0
887;0
888;1
889;0
890;0
891;0
892;0
893;0
894;2
895;0
896;1
897;0
898;2
899;0
900;1
901;1
902;0
903;0
904;0
905;0
906;2
907;0
908;0
909;1
910;1
911;0
912;0
913;2
914;1
915;1
916;1
917;0
918;0
919;2
920;0
921;0
922;2
923;1
924;0
925;1
926;1
927;1
928;0
929;0
930;0
931;2
932;0
933;0
934;0
935;0
936;0
937;0
938;0
939;0
940;1
941;0
942;0
943;0
944;0
945;0
946;0
947;0
948;2
949;0
950;0
951;1
952;0
953;0
954;1
955;0
956;0
957;0
958;1
959;0
960;2
961;0
962;2
963;2
964;0
965;0
966;0
967;0
968;2
969;2
970;2
971;2
972;2
973;0
974;0
975;2
976;0
977;0
978;0
979;0
980;0
981;0
982;0
983;0
984;0
985;1
986;0
987;0
988;1
989;2
990;2
991;2
992;2
993;0
994;0
995;1
996;1
997;0
998;0
999;0
1000;0
1001;0
1002;2
1003;2
1004;1
1005;0
1006;0
1007;2
1008;0
1009;0
1010;0
1011;1
1012;0
1013;0
1014;0
1015;0
1016;0
1017;0
1018;0
1019;0
1020;0
1021;0
1022;0
1023;0
