0;2
1;0
2;2
3;2
4;0
5;0
6;2
7;2
8;2
9;0
10;2
11;0
12;2
13;0
14;1
15;0
16;0
17;1
18;2
19;1
20;0
21;0
22;2
23;2
24;1
25;1
26;2
27;2
28;1
29;0
30;1
31;2
32;0
33;0
34;0
35;0
36;0
37;0
38;0
39;1
40;0
41;0
42;0
43;0
44;1
45;0
46;0
47;2
48;1
49;0
50;0
51;2
52;2
53;0
54;2
55;2
56;2
57;0
58;2
59;0
60;0
61;0
62;0
63;2
64;0
65;0
66;2
67;0
68;1
69;0
70;2
71;1
72;0
73;0
74;0
75;0
76;0
77;0
78;2
79;0
80;1
81;0
82;2
83;2
84;1
85;0
86;0
87;2
88;4
89;0
90;1
91;0
92;0
93;2
94;2
95;0
96;1
97;2
98;0
99;0
100;0
101;2
102;0
103;2
104;0
105;1
106;0
107;0
108;0
109;0
110;0
111;1
112;0
113;0
114;0
115;0
116;0
117;0
118;0
119;2
120;1
121;0
122;0
123;0
124;2
125;0
126;0
127;0
128;0
129;1
130;0
131;1
132;0
133;1
134;2
135;2
136;1
137;0
138;0
139;0
140;0
141;0
142;2
143;0
144;0
145;0
146;0
147;0
148;0
149;2
150;2
151;2
152;1
153;0
154;2
155;0
156;0
157;0
158;0
159;0
160;2
161;0
162;2
163;0
164;0
165;0
166;1
167;0
168;0
169;0
170;0
171;1
172;0
173;1
174;0
175;0
176;0
177;0
178;0
179;0
180;0
181;0
182;1
183;0
184;1
185;0
186;0
187;0
188;2
189;2
190;2
191;2
192;1
193;0
194;0
195;0
196;2
197;0
198;2
199;2
200;2
201;0
202;2
203;0
204;0
205;0
206;0
207;0
208;0
209;1
210;0
211;0
212;1
213;0
214;2
215;2
216;2
217;0
218;0
219;0
220;0
221;0
222;0
223;0
224;0
225;0
226;0
227;1
228;1
229;0
230;0
231;0
232;0
233;0
234;2
235;2
236;1
237;0
238;0
239;2
240;4
241;0
242;2
243;2
244;2
245;2
246;0
247;0
248;2
249;0
250;0
251;0
252;0
253;0
254;0
255;0
256;0
257;2
258;0
259;2
260;2
261;0
262;0
263;2
264;0
265;0
266;0
267;2
268;2
269;0
270;0
271;1
272;4
273;0
274;1
275;0
276;0
277;0
278;0
279;0
280;1
281;0
282;1
283;0
284;1
285;0
286;0
287;2
288;0
289;1
290;0
291;0
292;2
293;0
294;0
295;0
296;1
297;0
298;0
299;2
300;0
301;0
302;1
303;0
304;1
305;0
306;0
307;1
308;0
309;0
310;0
311;0
312;0
313;0
314;0
315;0
316;2
317;1
318;0
319;0
320;0
321;0
322;0
323;0
324;0
325;0
326;0
327;0
328;0
329;0
330;2
331;2
332;1
333;0
334;0
335;2
336;2
337;0
338;2
339;2
340;2
341;0
342;4
343;1
344;1
345;0
346;2
347;0
348;1
349;0
350;2
351;2
352;2
353;2
354;0
355;0
356;0
357;0
358;0
359;0
360;2
361;1
362;0
363;1
364;2
365;2
366;0
367;0
368;0
369;0
370;0
371;0
372;1
373;0
374;0
375;2
376;4
377;0
378;2
379;0
380;2
381;0
382;0
383;0
384;2
385;0
386;1
387;0
388;1
389;0
390;0
391;0
392;1
393;2
394;2
395;2
396;1
397;0
398;1
399;0
400;2
401;0
402;0
403;0
404;0
405;0
406;0
407;0
408;1
409;0
410;0
411;2
412;2
413;2
414;2
415;2
416;2
417;1
418;0
419;0
420;0
421;0
422;0
423;0
424;2
425;2
426;2
427;2
428;2
429;0
430;0
431;1
432;0
433;0
434;0
435;1
436;0
437;0
438;0
439;1
440;0
441;0
442;2
443;2
444;2
445;2
446;2
447;0
448;1
449;0
450;0
451;0
452;1
453;0
454;0
455;2
456;4
457;0
458;2
459;0
460;2
461;0
462;2
463;0
464;2
465;0
466;0
467;0
468;2
469;0
470;0
471;0
472;0
473;1
474;0
475;0
476;0
477;2
478;2
479;0
480;0
481;0
482;0
483;0
484;2
485;0
486;0
487;2
488;2
489;0
490;0
491;2
492;0
493;0
494;0
495;1
496;0
497;0
498;0
499;0
500;0
501;0
502;2
503;0
504;1
505;0
506;0
507;1
508;0
509;2
510;0
511;0
512;2
513;2
514;2
515;0
516;0
517;0
518;0
519;0
520;0
521;2
522;2
523;1
524;0
525;0
526;0
527;1
528;0
529;0
530;2
531;2
532;0
533;0
534;0
535;0
536;2
537;2
538;1
539;0
540;2
541;0
542;0
543;0
544;0
545;0
546;2
547;2
548;1
549;0
550;0
551;0
552;0
553;2
554;2
555;1
556;0
557;0
558;2
559;0
560;2
561;0
562;0
563;1
564;0
565;1
566;2
567;0
568;0
569;0
570;0
571;0
572;0
573;0
574;0
575;0
576;1
577;0
578;0
579;0
580;0
581;2
582;2
583;1
584;0
585;2
586;2
587;0
588;2
589;0
590;2
591;0
592;0
593;2
594;0
595;1
596;0
597;0
598;0
599;0
600;0
601;1
602;0
603;0
604;0
605;0
606;0
607;0
608;1
609;0
610;0
611;2
612;0
613;0
614;0
615;2
616;2
617;0
618;2
619;0
620;1
621;0
622;0
623;1
624;0
625;0
626;2
627;2
628;2
629;0
630;0
631;2
632;0
633;0
634;0
635;0
636;0
637;0
638;0
639;1
640;0
641;0
642;2
643;2
644;2
645;0
646;2
647;0
648;1
649;0
650;1
651;0
652;0
653;0
654;2
655;0
656;1
657;0
658;0
659;0
660;2
661;2
662;2
663;0
664;1
665;0
666;0
667;2
668;2
669;0
670;1
671;0
672;0
673;0
674;1
675;0
676;0
677;1
678;0
679;2
680;2
681;2
682;2
683;2
684;2
685;0
686;0
687;1
688;0
689;0
690;0
691;0
692;0
693;0
694;0
695;1
696;1
697;0
698;1
699;0
700;2
701;0
702;0
703;0
704;1
705;0
706;0
707;0
708;2
709;0
710;0
711;1
712;0
713;2
714;0
715;2
716;0
717;0
718;0
719;1
720;0
721;0
722;0
723;2
724;0
725;0
726;0
727;0
728;2
729;0
730;0
731;0
732;0
733;0
734;2
735;0
736;0
737;0
738;2
739;1
740;0
741;0
742;0
743;2
744;1
745;0
746;2
747;2
748;2
749;0
750;0
751;0
752;4
753;0
754;2
755;2
756;2
757;2
758;2
759;2
760;1
761;0
762;0
763;0
764;0
765;0
766;0
767;0
768;0
769;0
770;0
771;2
772;0
773;1
774;0
775;0
776;0
777;0
778;0
779;2
780;1
781;2
782;0
783;0
784;0
785;2
786;0
787;0
788;1
789;2
790;0
791;0
792;2
793;0
794;0
795;0
796;0
797;0
798;0
799;1
800;0
801;0
802;0
803;2
804;0
805;2
806;0
807;0
808;0
809;0
810;0
811;0
812;2
813;1
814;1
815;0
816;0
817;2
818;0
819;2
820;2
821;0
822;0
823;1
824;0
825;0
826;0
827;0
828;1
829;0
830;0
831;0
832;0
833;0
834;0
835;0
836;0
837;0
838;0
839;2
840;1
841;0
842;0
843;0
844;0
845;0
846;0
847;0
848;1
849;0
850;0
851;1
852;0
853;0
854;0
855;2
856;4
857;0
858;0
859;2
860;1
861;0
862;2
863;0
864;2
865;0
866;0
867;0
868;0
869;1
870;2
871;1
872;2
873;2
874;2
875;1
876;0
877;2
878;0
879;0
880;0
881;0
882;1
883;0
884;2
885;0
886;0
887;2
888;0
889;0
890;2
891;0
892;0
893;0
894;0
895;0
896;0
897;2
898;1
899;0
900;2
901;0
902;0
903;1
904;0
905;0
906;0
907;0
908;0
909;0
910;0
911;0
912;2
913;0
914;1
915;0
916;0
917;2
918;0
919;0
920;2
921;0
922;0
923;2
924;2
925;1
926;0
927;1
928;0
929;0
930;0
931;0
932;0
933;0
934;0
935;0
936;0
937;0
938;1
939;2
940;0
941;2
942;1
943;0
944;1
945;0
946;0
947;2
948;0
949;0
950;2
951;2
952;2
953;0
954;2
955;0
956;0
957;0
958;0
959;0
960;0
961;2
962;0
963;0
964;0
965;0
966;2
967;1
968;0
969;0
970;0
971;1
972;0
973;0
974;0
975;0
976;0
977;2
978;1
979;0
980;0
981;0
982;0
983;0
984;1
985;2
986;0
987;0
988;2
989;0
990;0
991;0
992;0
993;2
994;0
995;2
996;2
997;1
998;2
999;0
1000;0
1001;1
1002;2
1003;0
1004;1
1005;0
1006;2
1007;0
1008;1
1009;1
1010;0
1011;1
1012;0
1013;0
1014;0
1015;0
1016;0
1017;0
1018;0
1019;0
1020;0
1021;0
1022;0
1023;0
