0;1
1;2
2;0
3;0
4;2
5;0
6;2
7;2
8;0
9;2
10;2
11;0
12;2
13;1
14;0
15;0
16;0
17;2
18;2
19;2
20;2
21;2
22;2
23;0
24;0
25;1
26;0
27;2
28;2
29;0
30;0
31;2
32;0
33;0
34;0
35;0
36;0
37;0
38;0
39;0
40;1
41;0
42;0
43;0
44;2
45;0
46;1
47;0
48;0
49;0
50;0
51;0
52;0
53;0
54;0
55;0
56;0
57;1
58;0
59;2
60;0
61;0
62;0
63;0
64;0
65;0
66;1
67;2
68;1
69;0
70;0
71;0
72;2
73;0
74;2
75;2
76;2
77;0
78;0
79;0
80;2
81;0
82;0
83;0
84;0
85;0
86;0
87;0
88;0
89;0
90;2
91;0
92;0
93;0
94;2
95;0
96;0
97;1
98;1
99;0
100;0
101;0
102;2
103;1
104;0
105;0
106;0
107;0
108;0
109;0
110;0
111;0
112;0
113;0
114;0
115;0
116;0
117;0
118;0
119;0
120;0
121;0
122;1
123;0
124;0
125;0
126;0
127;0
128;0
129;2
130;0
131;0
132;2
133;1
134;1
135;0
136;1
137;0
138;0
139;0
140;2
141;0
142;2
143;0
144;2
145;2
146;0
147;0
148;0
149;0
150;2
151;0
152;1
153;0
154;2
155;0
156;0
157;0
158;2
159;0
160;0
161;0
162;2
163;2
164;0
165;0
166;0
167;0
168;2
169;0
170;0
171;0
172;2
173;2
174;0
175;0
176;0
177;0
178;0
179;0
180;0
181;0
182;1
183;0
184;1
185;0
186;0
187;2
188;2
189;0
190;2
191;2
192;2
193;0
194;2
195;0
196;1
197;0
198;0
199;0
200;0
201;0
202;0
203;2
204;0
205;0
206;0
207;0
208;1
209;0
210;0
211;2
212;0
213;2
214;0
215;2
216;2
217;0
218;0
219;0
220;0
221;0
222;0
223;0
224;0
225;0
226;0
227;0
228;0
229;0
230;0
231;2
232;1
233;0
234;0
235;0
236;0
237;0
238;0
239;0
240;0
241;0
242;0
243;0
244;0
245;0
246;0
247;0
248;0
249;2
250;2
251;2
252;1
253;0
254;0
255;4
256;0
257;0
258;2
259;2
260;2
261;2
262;2
263;1
264;0
265;0
266;0
267;2
268;4
269;0
270;2
271;0
272;2
273;0
274;2
275;0
276;1
277;0
278;0
279;1
280;1
281;0
282;2
283;1
284;0
285;0
286;0
287;0
288;2
289;1
290;0
291;0
292;1
293;0
294;0
295;0
296;0
297;0
298;0
299;0
300;1
301;0
302;0
303;0
304;2
305;0
306;0
307;0
308;0
309;0
310;0
311;0
312;0
313;0
314;0
315;1
316;0
317;0
318;0
319;0
320;0
321;0
322;0
323;0
324;2
325;0
326;2
327;0
328;0
329;0
330;2
331;0
332;1
333;0
334;0
335;0
336;1
337;2
338;2
339;1
340;1
341;0
342;0
343;2
344;0
345;0
346;0
347;0
348;2
349;0
350;0
351;2
352;2
353;0
354;0
355;0
356;0
357;1
358;0
359;0
360;0
361;0
362;0
363;0
364;1
365;0
366;0
367;2
368;4
369;0
370;2
371;0
372;2
373;0
374;2
375;0
376;2
377;0
378;0
379;0
380;0
381;0
382;0
383;0
384;2
385;0
386;0
387;0
388;2
389;0
390;0
391;2
392;2
393;2
394;0
395;0
396;2
397;0
398;0
399;0
400;0
401;0
402;1
403;0
404;0
405;0
406;0
407;2
408;1
409;0
410;2
411;2
412;0
413;0
414;2
415;0
416;2
417;0
418;1
419;0
420;0
421;2
422;1
423;0
424;0
425;1
426;0
427;0
428;1
429;0
430;0
431;0
432;0
433;0
434;0
435;0
436;2
437;1
438;0
439;2
440;0
441;1
442;0
443;0
444;2
445;0
446;0
447;0
448;0
449;2
450;1
451;0
452;2
453;0
454;0
455;0
456;2
457;0
458;0
459;0
460;0
461;0
462;0
463;0
464;2
465;0
466;0
467;0
468;0
469;2
470;2
471;0
472;2
473;0
474;2
475;0
476;2
477;0
478;0
479;0
480;0
481;2
482;0
483;0
484;0
485;0
486;2
487;1
488;0
489;0
490;0
491;2
492;2
493;0
494;2
495;2
496;0
497;0
498;0
499;0
500;1
501;0
502;2
503;0
504;2
505;0
506;0
507;2
508;2
509;0
510;0
511;0
512;0
513;2
514;0
515;0
516;2
517;0
518;0
519;0
520;0
521;0
522;1
523;0
524;2
525;0
526;0
527;0
528;1
529;0
530;1
531;0
532;0
533;0
534;0
535;2
536;2
537;0
538;2
539;0
540;2
541;0
542;0
543;0
544;1
545;0
546;0
547;0
548;0
549;0
550;0
551;0
552;1
553;0
554;0
555;2
556;0
557;0
558;0
559;0
560;0
561;0
562;0
563;0
564;1
565;0
566;0
567;2
568;0
569;2
570;0
571;2
572;2
573;2
574;2
575;2
576;2
577;0
578;2
579;1
580;2
581;2
582;0
583;2
584;2
585;0
586;1
587;1
588;1
589;0
590;1
591;0
592;0
593;0
594;2
595;2
596;2
597;2
598;0
599;0
600;0
601;2
602;1
603;0
604;1
605;0
606;0
607;2
608;1
609;0
610;2
611;2
612;2
613;0
614;2
615;0
616;2
617;0
618;0
619;0
620;0
621;1
622;2
623;1
624;0
625;0
626;0
627;0
628;0
629;1
630;0
631;0
632;0
633;0
634;0
635;0
636;0
637;0
638;2
639;0
640;2
641;2
642;0
643;0
644;2
645;0
646;0
647;1
648;0
649;2
650;0
651;0
652;1
653;0
654;0
655;0
656;0
657;0
658;0
659;0
660;1
661;0
662;0
663;0
664;0
665;2
666;0
667;2
668;2
669;2
670;0
671;0
672;0
673;0
674;0
675;0
676;0
677;0
678;0
679;2
680;0
681;0
682;0
683;0
684;0
685;0
686;0
687;0
688;0
689;0
690;2
691;0
692;1
693;0
694;0
695;2
696;0
697;0
698;0
699;1
700;0
701;0
702;0
703;2
704;1
705;0
706;0
707;2
708;0
709;0
710;0
711;2
712;2
713;0
714;0
715;0
716;1
717;1
718;0
719;0
720;0
721;0
722;0
723;0
724;0
725;2
726;0
727;0
728;0
729;0
730;0
731;0
732;2
733;0
734;2
735;1
736;0
737;0
738;1
739;0
740;1
741;0
742;2
743;1
744;0
745;0
746;2
747;0
748;0
749;0
750;0
751;0
752;2
753;0
754;0
755;0
756;0
757;2
758;0
759;0
760;2
761;0
762;1
763;2
764;0
765;0
766;0
767;0
768;2
769;0
770;0
771;0
772;2
773;0
774;0
775;0
776;0
777;2
778;2
779;2
780;0
781;0
782;0
783;0
784;1
785;1
786;0
787;0
788;1
789;0
790;0
791;0
792;0
793;0
794;0
795;0
796;0
797;0
798;0
799;0
800;0
801;2
802;2
803;2
804;1
805;0
806;0
807;2
808;2
809;0
810;0
811;0
812;2
813;0
814;0
815;0
816;2
817;1
818;0
819;0
820;0
821;0
822;0
823;2
824;1
825;1
826;0
827;1
828;0
829;2
830;2
831;0
832;1
833;0
834;0
835;0
836;0
837;0
838;0
839;0
840;0
841;0
842;0
843;0
844;0
845;0
846;0
847;2
848;0
849;0
850;0
851;0
852;0
853;0
854;0
855;0
856;2
857;1
858;0
859;0
860;0
861;0
862;2
863;0
864;2
865;2
866;0
867;0
868;2
869;0
870;0
871;0
872;1
873;0
874;0
875;0
876;2
877;2
878;0
879;0
880;0
881;2
882;1
883;2
884;1
885;2
886;0
887;0
888;0
889;0
890;2
891;2
892;4
893;0
894;0
895;2
896;2
897;0
898;0
899;0
900;2
901;0
902;0
903;0
904;1
905;0
906;0
907;0
908;0
909;2
910;2
911;2
912;1
913;0
914;2
915;2
916;1
917;0
918;0
919;0
920;0
921;0
922;2
923;2
924;2
925;0
926;0
927;0
928;1
929;0
930;0
931;2
932;2
933;0
934;0
935;0
936;0
937;2
938;0
939;0
940;2
941;0
942;0
943;0
944;0
945;0
946;0
947;0
948;0
949;0
950;0
951;0
952;0
953;0
954;0
955;0
956;2
957;0
958;0
959;0
960;0
961;2
962;1
963;0
964;0
965;0
966;0
967;0
968;1
969;0
970;0
971;0
972;1
973;0
974;2
975;1
976;0
977;0
978;0
979;0
980;1
981;0
982;0
983;1
984;0
985;0
986;0
987;0
988;0
989;0
990;1
991;0
992;2
993;0
994;2
995;2
996;2
997;2
998;0
999;0
1000;1
1001;0
1002;1
1003;1
1004;0
1005;0
1006;2
1007;0
1008;1
1009;0
1010;1
1011;0
1012;1
1013;1
1014;0
1015;0
1016;0
1017;0
1018;0
1019;0
1020;0
1021;0
1022;0
1023;0
