0;1
1;0
2;0
3;2
4;2
5;0
6;0
7;2
8;2
9;0
10;0
11;0
12;2
13;1
14;0
15;0
16;0
17;2
18;0
19;1
20;0
21;0
22;0
23;2
24;0
25;2
26;1
27;1
28;1
29;0
30;0
31;0
32;1
33;2
34;1
35;0
36;1
37;0
38;0
39;2
40;1
41;0
42;0
43;0
44;0
45;2
46;2
47;0
48;0
49;0
50;0
51;2
52;1
53;0
54;0
55;0
56;2
57;2
58;2
59;2
60;2
61;0
62;2
63;0
64;2
65;0
66;0
67;1
68;0
69;0
70;2
71;2
72;2
73;2
74;1
75;0
76;0
77;2
78;2
79;0
80;2
81;0
82;0
83;1
84;0
85;0
86;0
87;0
88;2
89;0
90;0
91;1
92;1
93;0
94;1
95;0
96;0
97;0
98;2
99;0
100;0
101;0
102;0
103;0
104;0
105;0
106;0
107;0
108;1
109;0
110;0
111;0
112;1
113;0
114;2
115;0
116;0
117;0
118;0
119;2
120;2
121;2
122;2
123;2
124;2
125;0
126;2
127;2
128;1
129;1
130;0
131;0
132;0
133;0
134;0
135;0
136;0
137;2
138;1
139;0
140;1
141;0
142;1
143;0
144;0
145;0
146;0
147;2
148;2
149;0
150;2
151;2
152;2
153;0
154;2
155;0
156;2
157;0
158;2
159;0
160;0
161;0
162;1
163;2
164;1
165;0
166;0
167;1
168;2
169;0
170;2
171;2
172;0
173;0
174;2
175;2
176;2
177;1
178;0
179;0
180;1
181;2
182;2
183;0
184;2
185;0
186;0
187;0
188;0
189;0
190;0
191;0
192;0
193;0
194;0
195;0
196;0
197;0
198;0
199;1
200;0
201;0
202;0
203;0
204;0
205;0
206;1
207;0
208;0
209;0
210;2
211;0
212;1
213;0
214;0
215;0
216;0
217;0
218;1
219;0
220;0
221;0
222;0
223;1
224;0
225;0
226;0
227;0
228;1
229;0
230;0
231;2
232;1
233;0
234;0
235;2
236;1
237;2
238;2
239;2
240;2
241;0
242;2
243;0
244;1
245;2
246;1
247;0
248;2
249;2
250;2
251;2
252;1
253;0
254;1
255;0
256;0
257;0
258;1
259;1
260;0
261;0
262;2
263;2
264;0
265;0
266;2
267;2
268;1
269;0
270;0
271;0
272;0
273;0
274;1
275;0
276;0
277;0
278;0
279;1
280;0
281;0
282;0
283;2
284;2
285;0
286;0
287;0
288;2
289;0
290;2
291;0
292;0
293;0
294;0
295;2
296;0
297;2
298;0
299;2
300;0
301;0
302;0
303;2
304;1
305;0
306;0
307;0
308;1
309;0
310;0
311;0
312;0
313;0
314;0
315;0
316;2
317;0
318;1
319;2
320;1
321;1
322;0
323;0
324;0
325;2
326;1
327;0
328;0
329;0
330;0
331;0
332;0
333;0
334;0
335;2
336;1
337;0
338;0
339;0
340;2
341;0
342;1
343;0
344;1
345;0
346;2
347;2
348;0
349;0
350;0
351;2
352;4
353;2
354;2
355;1
356;0
357;0
358;2
359;0
360;2
361;1
362;0
363;0
364;0
365;0
366;0
367;0
368;2
369;2
370;1
371;2
372;2
373;2
374;2
375;2
376;4
377;0
378;1
379;0
380;0
381;0
382;2
383;2
384;1
385;0
386;0
387;2
388;2
389;0
390;2
391;2
392;2
393;0
394;2
395;0
396;2
397;2
398;1
399;0
400;2
401;2
402;0
403;1
404;2
405;0
406;1
407;0
408;0
409;0
410;1
411;0
412;0
413;2
414;1
415;0
416;2
417;0
418;0
419;0
420;0
421;0
422;0
423;0
424;0
425;0
426;2
427;2
428;2
429;0
430;0
431;0
432;2
433;1
434;0
435;0
436;2
437;0
438;0
439;0
440;0
441;0
442;0
443;0
444;0
445;2
446;1
447;0
448;1
449;0
450;2
451;2
452;2
453;0
454;0
455;2
456;4
457;0
458;2
459;2
460;2
461;2
462;0
463;0
464;2
465;0
466;2
467;2
468;1
469;0
470;0
471;2
472;1
473;0
474;2
475;2
476;2
477;0
478;2
479;0
480;2
481;2
482;0
483;2
484;0
485;0
486;0
487;0
488;0
489;0
490;0
491;0
492;1
493;0
494;2
495;2
496;0
497;0
498;0
499;2
500;4
501;0
502;2
503;1
504;0
505;0
506;0
507;0
508;2
509;2
510;2
511;1
512;0
513;0
514;0
515;0
516;0
517;1
518;0
519;1
520;0
521;0
522;2
523;2
524;0
525;2
526;2
527;0
528;0
529;0
530;0
531;2
532;0
533;0
534;1
535;0
536;0
537;2
538;1
539;0
540;0
541;0
542;0
543;0
544;0
545;0
546;0
547;0
548;2
549;0
550;2
551;2
552;1
553;0
554;0
555;2
556;1
557;0
558;2
559;0
560;0
561;0
562;0
563;0
564;0
565;0
566;1
567;0
568;2
569;0
570;0
571;0
572;0
573;0
574;2
575;2
576;1
577;0
578;0
579;2
580;4
581;0
582;2
583;2
584;2
585;2
586;2
587;0
588;2
589;0
590;1
591;0
592;0
593;0
594;0
595;2
596;0
597;0
598;0
599;0
600;0
601;2
602;2
603;2
604;1
605;0
606;0
607;2
608;1
609;0
610;0
611;0
612;0
613;0
614;1
615;0
616;1
617;0
618;0
619;2
620;2
621;0
622;2
623;2
624;2
625;0
626;0
627;0
628;1
629;0
630;2
631;2
632;1
633;0
634;1
635;0
636;2
637;2
638;1
639;0
640;0
641;0
642;2
643;2
644;1
645;0
646;0
647;2
648;4
649;0
650;2
651;2
652;2
653;0
654;2
655;0
656;2
657;0
658;2
659;2
660;0
661;1
662;0
663;0
664;2
665;0
666;0
667;0
668;0
669;0
670;0
671;0
672;0
673;0
674;0
675;0
676;0
677;0
678;0
679;2
680;2
681;0
682;0
683;0
684;0
685;0
686;2
687;0
688;2
689;1
690;0
691;2
692;2
693;0
694;0
695;0
696;2
697;1
698;0
699;2
700;1
701;0
702;2
703;0
704;1
705;0
706;0
707;0
708;2
709;0
710;2
711;0
712;1
713;0
714;0
715;0
716;0
717;1
718;0
719;0
720;0
721;0
722;1
723;0
724;2
725;0
726;1
727;0
728;2
729;0
730;2
731;2
732;2
733;0
734;0
735;0
736;0
737;0
738;0
739;0
740;0
741;2
742;0
743;0
744;0
745;2
746;0
747;0
748;0
749;0
750;1
751;0
752;0
753;0
754;2
755;0
756;0
757;0
758;0
759;2
760;0
761;0
762;0
763;0
764;0
765;0
766;2
767;1
768;0
769;0
770;0
771;1
772;1
773;0
774;0
775;0
776;1
777;0
778;2
779;2
780;0
781;0
782;0
783;2
784;4
785;0
786;2
787;0
788;2
789;0
790;2
791;0
792;2
793;0
794;1
795;0
796;0
797;0
798;2
799;0
800;0
801;0
802;0
803;1
804;0
805;0
806;0
807;2
808;4
809;0
810;2
811;1
812;0
813;0
814;2
815;0
816;1
817;0
818;0
819;0
820;0
821;1
822;0
823;0
824;0
825;0
826;0
827;0
828;1
829;0
830;0
831;2
832;4
833;0
834;2
835;0
836;2
837;0
838;2
839;0
840;2
841;1
842;0
843;0
844;2
845;1
846;0
847;2
848;1
849;0
850;0
851;0
852;0
853;0
854;0
855;0
856;0
857;0
858;1
859;1
860;1
861;0
862;0
863;2
864;4
865;0
866;2
867;1
868;0
869;0
870;0
871;0
872;2
873;0
874;0
875;1
876;0
877;1
878;0
879;0
880;0
881;2
882;0
883;1
884;0
885;0
886;0
887;0
888;2
889;0
890;0
891;0
892;0
893;2
894;1
895;2
896;1
897;0
898;0
899;1
900;0
901;0
902;2
903;2
904;2
905;0
906;2
907;0
908;2
909;0
910;0
911;2
912;0
913;0
914;2
915;2
916;0
917;0
918;1
919;0
920;0
921;0
922;0
923;0
924;2
925;2
926;0
927;0
928;0
929;2
930;1
931;0
932;2
933;0
934;1
935;0
936;0
937;1
938;2
939;1
940;0
941;0
942;2
943;0
944;1
945;0
946;0
947;2
948;0
949;0
950;0
951;0
952;0
953;2
954;2
955;0
956;0
957;1
958;0
959;0
960;0
961;0
962;0
963;0
964;1
965;0
966;0
967;2
968;2
969;0
970;2
971;2
972;2
973;0
974;2
975;0
976;2
977;0
978;2
979;1
980;0
981;0
982;0
983;0
984;0
985;2
986;2
987;0
988;2
989;0
990;1
991;0
992;0
993;0
994;0
995;0
996;0
997;1
998;0
999;2
1000;0
1001;0
1002;0
1003;0
1004;0
1005;0
1006;1
1007;0
1008;0
1009;2
1010;0
1011;1
1012;0
1013;0
1014;0
1015;1
1016;0
1017;0
1018;0
1019;0
1020;0
1021;0
1022;0
1023;0
