0;0
1;0
2;0
3;2
4;2
5;0
6;2
7;0
8;2
9;0
10;2
11;0
12;2
13;1
14;0
15;0
16;0
17;1
18;0
19;0
20;0
21;0
22;0
23;2
24;0
25;2
26;2
27;1
28;1
29;0
30;0
31;0
32;1
33;0
34;1
35;0
36;1
37;0
38;0
39;0
40;2
41;0
42;0
43;0
44;0
45;0
46;2
47;0
48;1
49;0
50;0
51;2
52;2
53;0
54;2
55;2
56;2
57;0
58;2
59;0
60;0
61;0
62;2
63;0
64;0
65;0
66;0
67;0
68;0
69;0
70;0
71;2
72;2
73;2
74;1
75;0
76;0
77;0
78;2
79;2
80;0
81;0
82;2
83;2
84;0
85;0
86;0
87;0
88;0
89;1
90;0
91;1
92;1
93;0
94;0
95;0
96;0
97;0
98;0
99;1
100;1
101;2
102;2
103;2
104;2
105;0
106;2
107;0
108;2
109;0
110;2
111;1
112;0
113;2
114;1
115;0
116;2
117;0
118;0
119;1
120;0
121;0
122;0
123;0
124;1
125;0
126;0
127;0
128;2
129;2
130;0
131;0
132;1
133;2
134;1
135;2
136;0
137;0
138;0
139;0
140;0
141;0
142;2
143;2
144;1
145;0
146;0
147;2
148;2
149;0
150;0
151;0
152;2
153;0
154;0
155;0
156;0
157;0
158;0
159;0
160;0
161;0
162;0
163;0
164;0
165;0
166;0
167;0
168;0
169;0
170;0
171;0
172;0
173;2
174;0
175;0
176;1
177;0
178;0
179;2
180;1
181;0
182;1
183;0
184;1
185;0
186;0
187;2
188;0
189;0
190;2
191;1
192;2
193;0
194;2
195;0
196;1
197;0
198;0
199;2
200;0
201;0
202;0
203;0
204;2
205;2
206;0
207;2
208;2
209;0
210;0
211;0
212;0
213;2
214;0
215;2
216;4
217;0
218;0
219;1
220;1
221;0
222;0
223;0
224;2
225;0
226;0
227;0
228;1
229;0
230;0
231;0
232;0
233;0
234;0
235;0
236;0
237;2
238;0
239;0
240;1
241;1
242;1
243;0
244;2
245;0
246;1
247;0
248;2
249;0
250;1
251;0
252;0
253;0
254;2
255;2
256;1
257;0
258;0
259;2
260;2
261;2
262;2
263;2
264;4
265;0
266;2
267;0
268;0
269;0
270;0
271;0
272;2
273;0
274;1
275;2
276;0
277;2
278;1
279;1
280;0
281;2
282;0
283;1
284;0
285;0
286;0
287;0
288;1
289;0
290;0
291;2
292;1
293;0
294;0
295;1
296;0
297;0
298;2
299;0
300;1
301;2
302;0
303;2
304;1
305;0
306;0
307;1
308;0
309;2
310;0
311;2
312;2
313;0
314;2
315;2
316;1
317;0
318;0
319;2
320;0
321;0
322;0
323;0
324;0
325;0
326;1
327;0
328;2
329;0
330;2
331;2
332;1
333;0
334;1
335;0
336;2
337;1
338;0
339;0
340;0
341;0
342;1
343;0
344;0
345;0
346;2
347;0
348;0
349;0
350;0
351;0
352;0
353;0
354;0
355;0
356;0
357;0
358;0
359;0
360;1
361;0
362;0
363;0
364;0
365;2
366;2
367;1
368;0
369;0
370;2
371;0
372;0
373;2
374;0
375;2
376;0
377;1
378;0
379;0
380;0
381;0
382;0
383;0
384;1
385;0
386;1
387;0
388;1
389;0
390;2
391;1
392;2
393;0
394;0
395;2
396;2
397;0
398;1
399;0
400;2
401;0
402;0
403;0
404;0
405;0
406;2
407;1
408;0
409;0
410;0
411;0
412;1
413;2
414;2
415;0
416;4
417;0
418;2
419;0
420;4
421;2
422;0
423;2
424;2
425;0
426;0
427;0
428;2
429;0
430;1
431;0
432;0
433;0
434;0
435;0
436;0
437;1
438;0
439;0
440;0
441;0
442;2
443;2
444;2
445;0
446;0
447;0
448;0
449;1
450;0
451;0
452;0
453;0
454;0
455;0
456;1
457;0
458;0
459;0
460;0
461;0
462;2
463;2
464;0
465;1
466;0
467;2
468;0
469;0
470;2
471;2
472;2
473;0
474;2
475;0
476;1
477;0
478;0
479;0
480;0
481;2
482;0
483;0
484;0
485;0
486;1
487;0
488;0
489;0
490;0
491;2
492;0
493;2
494;0
495;2
496;0
497;1
498;0
499;0
500;2
501;0
502;0
503;0
504;0
505;0
506;2
507;0
508;2
509;0
510;2
511;2
512;0
513;0
514;2
515;0
516;0
517;0
518;0
519;0
520;0
521;0
522;0
523;0
524;0
525;2
526;0
527;0
528;0
529;0
530;1
531;0
532;0
533;0
534;2
535;1
536;1
537;0
538;2
539;2
540;2
541;2
542;2
543;2
544;2
545;0
546;2
547;2
548;2
549;0
550;1
551;0
552;0
553;0
554;0
555;2
556;1
557;0
558;2
559;0
560;0
561;0
562;0
563;0
564;0
565;0
566;0
567;0
568;1
569;0
570;0
571;2
572;1
573;0
574;0
575;1
576;4
577;0
578;0
579;2
580;2
581;0
582;0
583;0
584;2
585;0
586;0
587;0
588;2
589;0
590;0
591;0
592;0
593;0
594;0
595;0
596;0
597;0
598;0
599;1
600;0
601;2
602;1
603;0
604;1
605;0
606;0
607;0
608;1
609;0
610;0
611;0
612;0
613;2
614;2
615;0
616;1
617;0
618;2
619;1
620;0
621;0
622;0
623;0
624;0
625;0
626;0
627;2
628;2
629;1
630;2
631;2
632;0
633;0
634;0
635;0
636;0
637;0
638;1
639;0
640;1
641;1
642;0
643;1
644;2
645;0
646;2
647;0
648;0
649;2
650;2
651;0
652;0
653;0
654;0
655;0
656;0
657;0
658;0
659;2
660;2
661;0
662;0
663;0
664;0
665;0
666;0
667;0
668;1
669;0
670;0
671;2
672;1
673;0
674;0
675;0
676;1
677;0
678;0
679;0
680;0
681;0
682;0
683;0
684;0
685;0
686;0
687;1
688;0
689;0
690;0
691;2
692;2
693;0
694;2
695;1
696;0
697;0
698;2
699;0
700;2
701;0
702;1
703;0
704;0
705;0
706;0
707;2
708;1
709;0
710;2
711;0
712;2
713;0
714;2
715;0
716;2
717;1
718;0
719;0
720;1
721;0
722;1
723;0
724;0
725;1
726;2
727;0
728;0
729;2
730;0
731;0
732;1
733;1
734;0
735;0
736;0
737;0
738;0
739;0
740;1
741;0
742;0
743;1
744;0
745;1
746;0
747;2
748;4
749;0
750;2
751;2
752;2
753;0
754;2
755;0
756;1
757;0
758;0
759;0
760;0
761;0
762;2
763;0
764;0
765;2
766;1
767;1
768;4
769;0
770;0
771;0
772;0
773;0
774;0
775;0
776;1
777;0
778;2
779;0
780;1
781;0
782;2
783;2
784;1
785;0
786;0
787;2
788;2
789;0
790;2
791;1
792;0
793;0
794;0
795;0
796;1
797;0
798;0
799;0
800;0
801;1
802;0
803;0
804;0
805;0
806;0
807;0
808;0
809;1
810;0
811;0
812;0
813;0
814;2
815;2
816;0
817;0
818;0
819;0
820;0
821;1
822;0
823;0
824;0
825;2
826;0
827;0
828;2
829;0
830;0
831;1
832;1
833;1
834;2
835;0
836;0
837;2
838;1
839;0
840;0
841;2
842;0
843;1
844;1
845;0
846;2
847;2
848;0
849;0
850;0
851;2
852;0
853;0
854;0
855;2
856;0
857;0
858;2
859;0
860;2
861;2
862;0
863;2
864;2
865;0
866;2
867;2
868;4
869;0
870;2
871;4
872;0
873;0
874;0
875;0
876;1
877;0
878;2
879;2
880;0
881;0
882;0
883;0
884;2
885;2
886;2
887;1
888;0
889;0
890;2
891;2
892;0
893;2
894;0
895;0
896;0
897;2
898;2
899;0
900;2
901;0
902;1
903;0
904;2
905;1
906;2
907;1
908;0
909;2
910;0
911;2
912;1
913;0
914;0
915;2
916;0
917;0
918;0
919;0
920;0
921;0
922;1
923;0
924;0
925;0
926;0
927;1
928;0
929;1
930;0
931;1
932;0
933;2
934;1
935;0
936;0
937;2
938;1
939;1
940;1
941;0
942;2
943;0
944;0
945;0
946;0
947;0
948;0
949;0
950;0
951;2
952;2
953;0
954;1
955;0
956;1
957;0
958;2
959;2
960;1
961;0
962;0
963;2
964;0
965;0
966;0
967;0
968;0
969;0
970;0
971;0
972;0
973;1
974;1
975;0
976;0
977;0
978;2
979;2
980;1
981;0
982;0
983;0
984;2
985;0
986;2
987;1
988;0
989;0
990;2
991;0
992;1
993;2
994;0
995;2
996;0
997;0
998;0
999;2
1000;1
1001;0
1002;0
1003;0
1004;2
1005;2
1006;1
1007;1
1008;0
1009;0
1010;0
1011;0
1012;1
1013;1
1014;0
1015;0
1016;0
1017;0
1018;0
1019;0
1020;0
1021;0
1022;0
1023;0
