0;2
1;0
2;0
3;1
4;2
5;0
6;2
7;1
8;0
9;0
10;2
11;0
12;2
13;1
14;0
15;0
16;2
17;2
18;1
19;0
20;1
21;0
22;0
23;0
24;1
25;0
26;0
27;2
28;4
29;0
30;2
31;2
32;2
33;0
34;2
35;0
36;1
37;1
38;0
39;0
40;0
41;1
42;1
43;0
44;2
45;2
46;2
47;1
48;0
49;0
50;0
51;0
52;0
53;0
54;2
55;1
56;0
57;0
58;0
59;0
60;1
61;0
62;2
63;2
64;1
65;0
66;0
67;2
68;2
69;0
70;2
71;1
72;0
73;0
74;2
75;0
76;1
77;0
78;0
79;2
80;0
81;0
82;2
83;0
84;1
85;0
86;0
87;0
88;0
89;0
90;0
91;0
92;0
93;0
94;0
95;0
96;1
97;0
98;1
99;0
100;1
101;0
102;0
103;2
104;4
105;0
106;1
107;2
108;2
109;0
110;0
111;0
112;2
113;2
114;0
115;2
116;0
117;0
118;0
119;2
120;0
121;0
122;2
123;2
124;1
125;2
126;2
127;2
128;1
129;1
130;0
131;0
132;0
133;0
134;0
135;0
136;0
137;0
138;2
139;2
140;1
141;0
142;0
143;2
144;4
145;0
146;0
147;2
148;2
149;0
150;0
151;0
152;2
153;0
154;0
155;0
156;0
157;0
158;0
159;0
160;1
161;0
162;0
163;0
164;2
165;1
166;0
167;2
168;1
169;0
170;0
171;2
172;2
173;0
174;2
175;2
176;2
177;0
178;0
179;0
180;0
181;0
182;1
183;0
184;0
185;0
186;2
187;0
188;0
189;1
190;2
191;1
192;0
193;2
194;2
195;0
196;1
197;0
198;0
199;2
200;0
201;0
202;2
203;1
204;0
205;0
206;0
207;0
208;2
209;0
210;0
211;0
212;1
213;1
214;0
215;0
216;2
217;0
218;1
219;0
220;1
221;0
222;1
223;0
224;1
225;0
226;0
227;2
228;2
229;2
230;2
231;1
232;0
233;0
234;2
235;2
236;1
237;0
238;0
239;0
240;0
241;0
242;2
243;2
244;0
245;0
246;0
247;2
248;0
249;0
250;1
251;0
252;2
253;0
254;0
255;0
256;0
257;0
258;0
259;0
260;2
261;0
262;0
263;0
264;0
265;0
266;0
267;0
268;0
269;2
270;0
271;0
272;0
273;0
274;0
275;1
276;0
277;0
278;0
279;2
280;2
281;0
282;2
283;2
284;2
285;0
286;2
287;0
288;2
289;0
290;2
291;2
292;1
293;0
294;1
295;0
296;0
297;0
298;2
299;1
300;0
301;1
302;0
303;0
304;0
305;1
306;0
307;0
308;0
309;2
310;0
311;0
312;0
313;0
314;2
315;2
316;1
317;0
318;0
319;0
320;0
321;0
322;2
323;1
324;0
325;0
326;0
327;0
328;2
329;0
330;0
331;1
332;2
333;0
334;1
335;0
336;0
337;0
338;2
339;2
340;1
341;0
342;0
343;0
344;0
345;0
346;2
347;0
348;0
349;0
350;2
351;0
352;1
353;0
354;0
355;0
356;2
357;0
358;0
359;0
360;0
361;0
362;0
363;2
364;0
365;0
366;1
367;0
368;1
369;0
370;0
371;0
372;4
373;0
374;2
375;2
376;2
377;0
378;2
379;0
380;2
381;0
382;1
383;0
384;0
385;0
386;0
387;0
388;2
389;2
390;0
391;2
392;0
393;0
394;2
395;2
396;1
397;2
398;0
399;2
400;2
401;0
402;2
403;2
404;2
405;0
406;2
407;0
408;2
409;2
410;0
411;0
412;0
413;0
414;0
415;0
416;2
417;0
418;2
419;2
420;1
421;0
422;0
423;1
424;0
425;0
426;2
427;0
428;1
429;0
430;0
431;0
432;4
433;0
434;2
435;1
436;2
437;0
438;2
439;0
440;1
441;0
442;0
443;0
444;0
445;0
446;0
447;1
448;0
449;0
450;0
451;2
452;4
453;0
454;2
455;2
456;2
457;0
458;2
459;0
460;2
461;0
462;1
463;2
464;1
465;1
466;0
467;0
468;0
469;0
470;0
471;0
472;2
473;0
474;0
475;0
476;0
477;0
478;0
479;1
480;0
481;0
482;2
483;0
484;2
485;0
486;0
487;1
488;0
489;0
490;0
491;0
492;2
493;0
494;2
495;2
496;2
497;0
498;0
499;0
500;0
501;1
502;1
503;0
504;0
505;2
506;1
507;0
508;0
509;2
510;0
511;0
512;2
513;2
514;1
515;0
516;1
517;0
518;2
519;0
520;1
521;0
522;0
523;1
524;0
525;0
526;2
527;2
528;2
529;0
530;2
531;2
532;1
533;0
534;0
535;1
536;0
537;0
538;0
539;0
540;1
541;0
542;0
543;0
544;0
545;0
546;2
547;0
548;0
549;0
550;0
551;0
552;0
553;0
554;2
555;1
556;1
557;0
558;0
559;2
560;2
561;0
562;2
563;1
564;0
565;0
566;2
567;0
568;0
569;0
570;2
571;0
572;1
573;0
574;1
575;0
576;0
577;0
578;0
579;0
580;0
581;1
582;2
583;0
584;1
585;0
586;2
587;2
588;1
589;0
590;0
591;2
592;0
593;0
594;2
595;1
596;0
597;0
598;2
599;0
600;1
601;0
602;0
603;0
604;1
605;1
606;0
607;0
608;0
609;2
610;0
611;0
612;0
613;0
614;0
615;0
616;2
617;1
618;0
619;2
620;0
621;2
622;0
623;2
624;0
625;0
626;0
627;2
628;1
629;0
630;0
631;1
632;0
633;0
634;2
635;0
636;2
637;0
638;2
639;0
640;0
641;0
642;1
643;0
644;0
645;0
646;0
647;0
648;0
649;0
650;0
651;2
652;1
653;2
654;1
655;0
656;2
657;0
658;0
659;0
660;2
661;0
662;1
663;0
664;0
665;1
666;0
667;0
668;0
669;0
670;0
671;0
672;2
673;0
674;2
675;2
676;1
677;0
678;0
679;0
680;0
681;0
682;0
683;0
684;0
685;0
686;0
687;0
688;1
689;1
690;0
691;2
692;4
693;0
694;2
695;2
696;2
697;0
698;2
699;0
700;2
701;1
702;0
703;0
704;0
705;0
706;0
707;0
708;1
709;0
710;0
711;2
712;1
713;0
714;2
715;0
716;0
717;0
718;0
719;0
720;0
721;0
722;1
723;0
724;1
725;0
726;2
727;2
728;1
729;0
730;0
731;0
732;2
733;0
734;1
735;2
736;0
737;0
738;0
739;0
740;2
741;0
742;1
743;0
744;2
745;0
746;0
747;0
748;1
749;0
750;0
751;1
752;0
753;0
754;2
755;2
756;0
757;0
758;0
759;0
760;0
761;0
762;1
763;0
764;0
765;0
766;2
767;0
768;2
769;2
770;0
771;2
772;1
773;0
774;0
775;0
776;1
777;0
778;0
779;0
780;0
781;0
782;0
783;1
784;0
785;0
786;0
787;0
788;2
789;0
790;4
791;2
792;2
793;0
794;0
795;2
796;2
797;2
798;1
799;0
800;0
801;0
802;0
803;0
804;1
805;0
806;0
807;0
808;1
809;0
810;0
811;2
812;2
813;0
814;2
815;1
816;0
817;0
818;0
819;0
820;1
821;0
822;0
823;0
824;0
825;0
826;0
827;2
828;0
829;2
830;0
831;2
832;1
833;0
834;2
835;1
836;0
837;1
838;0
839;0
840;2
841;0
842;0
843;0
844;0
845;1
846;0
847;0
848;0
849;1
850;0
851;2
852;1
853;0
854;1
855;0
856;1
857;0
858;0
859;2
860;2
861;0
862;2
863;2
864;2
865;0
866;2
867;0
868;0
869;0
870;2
871;2
872;2
873;0
874;0
875;0
876;0
877;0
878;2
879;2
880;2
881;0
882;0
883;2
884;2
885;0
886;0
887;1
888;0
889;0
890;2
891;0
892;1
893;2
894;2
895;0
896;2
897;2
898;2
899;2
900;1
901;0
902;0
903;0
904;0
905;0
906;0
907;0
908;0
909;0
910;2
911;1
912;0
913;0
914;0
915;0
916;4
917;0
918;2
919;2
920;2
921;0
922;2
923;0
924;1
925;1
926;0
927;2
928;0
929;0
930;0
931;0
932;0
933;1
934;0
935;1
936;0
937;2
938;0
939;0
940;2
941;2
942;1
943;0
944;1
945;0
946;2
947;2
948;0
949;0
950;0
951;2
952;2
953;0
954;2
955;2
956;2
957;0
958;2
959;1
960;0
961;0
962;0
963;0
964;0
965;1
966;2
967;2
968;0
969;2
970;0
971;0
972;0
973;1
974;0
975;0
976;0
977;0
978;1
979;0
980;0
981;0
982;0
983;2
984;1
985;2
986;0
987;2
988;0
989;0
990;2
991;0
992;1
993;1
994;0
995;2
996;1
997;0
998;0
999;0
1000;1
1001;0
1002;1
1003;0
1004;0
1005;0
1006;0
1007;2
1008;2
1009;2
1010;2
1011;2
1012;0
1013;0
1014;0
1015;0
1016;0
1017;0
1018;0
1019;0
1020;0
1021;0
1022;0
1023;0
