0;1
1;0
2;0
3;2
4;2
5;0
6;1
7;0
8;2
9;1
10;0
11;0
12;0
13;0
14;1
15;0
16;0
17;2
18;1
19;2
20;0
21;0
22;0
23;2
24;1
25;0
26;0
27;0
28;2
29;0
30;0
31;0
32;2
33;2
34;2
35;0
36;2
37;1
38;1
39;0
40;1
41;0
42;1
43;0
44;2
45;0
46;0
47;0
48;0
49;2
50;0
51;0
52;2
53;0
54;0
55;0
56;0
57;0
58;0
59;0
60;1
61;1
62;0
63;2
64;0
65;0
66;0
67;0
68;0
69;0
70;2
71;2
72;1
73;0
74;0
75;2
76;2
77;0
78;2
79;2
80;2
81;0
82;2
83;0
84;2
85;0
86;0
87;0
88;0
89;0
90;0
91;2
92;1
93;0
94;0
95;0
96;2
97;0
98;2
99;0
100;0
101;0
102;2
103;0
104;0
105;0
106;0
107;0
108;0
109;0
110;2
111;0
112;0
113;0
114;0
115;0
116;0
117;0
118;0
119;0
120;0
121;1
122;2
123;2
124;2
125;1
126;0
127;0
128;0
129;0
130;2
131;2
132;2
133;0
134;0
135;0
136;0
137;2
138;2
139;1
140;1
141;0
142;0
143;0
144;0
145;0
146;2
147;0
148;2
149;0
150;0
151;0
152;1
153;0
154;0
155;0
156;0
157;2
158;0
159;0
160;1
161;0
162;2
163;0
164;0
165;0
166;0
167;0
168;0
169;0
170;0
171;0
172;0
173;1
174;0
175;0
176;0
177;0
178;1
179;0
180;2
181;0
182;0
183;0
184;0
185;0
186;0
187;2
188;2
189;0
190;2
191;0
192;0
193;0
194;0
195;0
196;0
197;1
198;0
199;0
200;2
201;2
202;1
203;0
204;2
205;0
206;0
207;0
208;0
209;0
210;2
211;1
212;0
213;0
214;0
215;0
216;0
217;0
218;0
219;0
220;2
221;0
222;2
223;0
224;0
225;2
226;0
227;0
228;0
229;2
230;0
231;0
232;2
233;0
234;2
235;0
236;0
237;2
238;0
239;2
240;1
241;1
242;1
243;0
244;0
245;0
246;0
247;0
248;0
249;0
250;1
251;0
252;0
253;0
254;2
255;0
256;0
257;2
258;2
259;0
260;0
261;0
262;0
263;1
264;0
265;0
266;2
267;0
268;0
269;0
270;0
271;0
272;0
273;0
274;0
275;0
276;2
277;0
278;0
279;0
280;0
281;0
282;1
283;0
284;2
285;0
286;0
287;1
288;0
289;0
290;1
291;0
292;1
293;0
294;0
295;2
296;2
297;0
298;2
299;2
300;2
301;0
302;2
303;0
304;1
305;0
306;0
307;1
308;0
309;0
310;0
311;0
312;2
313;2
314;2
315;2
316;1
317;0
318;0
319;0
320;0
321;0
322;2
323;0
324;0
325;1
326;0
327;2
328;0
329;2
330;2
331;2
332;2
333;2
334;0
335;0
336;0
337;0
338;0
339;0
340;1
341;0
342;1
343;0
344;0
345;0
346;0
347;0
348;0
349;0
350;0
351;4
352;0
353;1
354;0
355;2
356;0
357;2
358;2
359;2
360;2
361;0
362;2
363;0
364;0
365;2
366;2
367;0
368;1
369;0
370;2
371;0
372;0
373;2
374;2
375;1
376;0
377;2
378;0
379;0
380;0
381;0
382;0
383;0
384;0
385;0
386;2
387;0
388;0
389;0
390;0
391;0
392;0
393;0
394;2
395;0
396;2
397;0
398;0
399;0
400;2
401;0
402;0
403;0
404;2
405;2
406;2
407;0
408;0
409;0
410;2
411;2
412;2
413;1
414;0
415;2
416;1
417;1
418;1
419;0
420;2
421;1
422;0
423;2
424;0
425;0
426;2
427;0
428;0
429;0
430;0
431;0
432;0
433;0
434;1
435;1
436;0
437;2
438;2
439;2
440;1
441;0
442;1
443;0
444;0
445;0
446;0
447;0
448;1
449;1
450;0
451;2
452;0
453;0
454;0
455;0
456;0
457;0
458;2
459;2
460;1
461;0
462;2
463;0
464;0
465;0
466;0
467;0
468;0
469;0
470;2
471;0
472;2
473;0
474;0
475;0
476;2
477;0
478;0
479;0
480;1
481;0
482;0
483;0
484;1
485;1
486;0
487;0
488;0
489;0
490;0
491;0
492;0
493;0
494;0
495;0
496;2
497;2
498;0
499;2
500;2
501;2
502;0
503;0
504;2
505;2
506;2
507;0
508;0
509;0
510;0
511;2
512;0
513;0
514;2
515;0
516;2
517;0
518;0
519;0
520;1
521;0
522;0
523;0
524;0
525;0
526;1
527;0
528;0
529;0
530;0
531;1
532;2
533;0
534;2
535;2
536;2
537;0
538;2
539;0
540;4
541;2
542;2
543;2
544;2
545;0
546;0
547;0
548;1
549;0
550;0
551;0
552;0
553;2
554;1
555;0
556;0
557;2
558;4
559;1
560;0
561;0
562;0
563;0
564;0
565;0
566;2
567;2
568;2
569;0
570;2
571;0
572;0
573;0
574;0
575;0
576;0
577;0
578;0
579;2
580;0
581;2
582;0
583;0
584;1
585;0
586;0
587;0
588;0
589;0
590;0
591;0
592;0
593;0
594;0
595;0
596;0
597;0
598;0
599;0
600;2
601;0
602;0
603;0
604;0
605;0
606;0
607;0
608;2
609;0
610;0
611;0
612;2
613;0
614;2
615;0
616;0
617;0
618;2
619;1
620;0
621;0
622;1
623;0
624;1
625;0
626;0
627;2
628;4
629;0
630;2
631;2
632;2
633;0
634;2
635;0
636;2
637;2
638;0
639;0
640;1
641;0
642;1
643;0
644;1
645;1
646;2
647;2
648;0
649;0
650;0
651;0
652;0
653;0
654;0
655;0
656;2
657;0
658;0
659;2
660;0
661;0
662;0
663;0
664;0
665;0
666;2
667;0
668;0
669;0
670;2
671;0
672;0
673;0
674;0
675;0
676;0
677;0
678;2
679;2
680;0
681;0
682;0
683;0
684;0
685;0
686;0
687;2
688;1
689;0
690;1
691;2
692;1
693;0
694;0
695;0
696;0
697;0
698;0
699;0
700;0
701;0
702;0
703;1
704;0
705;1
706;0
707;0
708;0
709;0
710;0
711;0
712;1
713;0
714;0
715;0
716;0
717;0
718;0
719;0
720;1
721;0
722;0
723;0
724;0
725;2
726;0
727;0
728;0
729;0
730;1
731;0
732;4
733;0
734;0
735;2
736;0
737;0
738;2
739;0
740;1
741;0
742;2
743;0
744;0
745;0
746;2
747;0
748;0
749;0
750;2
751;2
752;0
753;2
754;0
755;0
756;1
757;0
758;2
759;0
760;0
761;2
762;0
763;2
764;0
765;0
766;0
767;0
768;0
769;2
770;2
771;2
772;0
773;0
774;0
775;1
776;0
777;0
778;0
779;2
780;1
781;0
782;0
783;2
784;2
785;0
786;2
787;2
788;2
789;2
790;2
791;0
792;0
793;0
794;0
795;0
796;0
797;0
798;0
799;1
800;0
801;0
802;0
803;0
804;0
805;0
806;0
807;0
808;0
809;0
810;2
811;0
812;0
813;1
814;0
815;1
816;0
817;2
818;2
819;0
820;0
821;1
822;0
823;0
824;2
825;0
826;0
827;0
828;0
829;0
830;0
831;0
832;0
833;0
834;0
835;2
836;2
837;0
838;0
839;0
840;0
841;2
842;1
843;1
844;1
845;0
846;1
847;0
848;2
849;0
850;2
851;0
852;0
853;0
854;2
855;0
856;0
857;0
858;2
859;0
860;0
861;0
862;0
863;0
864;0
865;2
866;2
867;0
868;0
869;0
870;0
871;0
872;1
873;1
874;0
875;0
876;0
877;0
878;0
879;0
880;0
881;1
882;1
883;0
884;1
885;1
886;0
887;1
888;1
889;0
890;0
891;2
892;0
893;0
894;2
895;2
896;0
897;1
898;1
899;1
900;0
901;0
902;0
903;2
904;0
905;2
906;0
907;0
908;0
909;0
910;0
911;0
912;0
913;2
914;0
915;0
916;0
917;0
918;2
919;0
920;0
921;0
922;2
923;2
924;1
925;1
926;0
927;2
928;1
929;2
930;2
931;2
932;2
933;0
934;2
935;0
936;2
937;0
938;0
939;2
940;2
941;0
942;4
943;1
944;0
945;0
946;0
947;0
948;0
949;2
950;2
951;2
952;0
953;0
954;2
955;0
956;0
957;2
958;2
959;2
960;2
961;0
962;0
963;0
964;2
965;0
966;0
967;0
968;0
969;0
970;2
971;0
972;0
973;1
974;0
975;0
976;0
977;2
978;1
979;0
980;2
981;2
982;2
983;0
984;0
985;0
986;0
987;0
988;0
989;0
990;2
991;1
992;1
993;0
994;0
995;2
996;0
997;0
998;0
999;0
1000;0
1001;0
1002;0
1003;2
1004;0
1005;0
1006;0
1007;0
1008;1
1009;0
1010;0
1011;0
1012;0
1013;0
1014;1
1015;0
1016;0
1017;0
1018;0
1019;0
1020;0
1021;0
1022;0
1023;0
