0;0
1;1
2;0
3;2
4;2
5;0
6;2
7;1
8;0
9;2
10;2
11;0
12;2
13;1
14;0
15;0
16;0
17;1
18;0
19;0
20;0
21;0
22;0
23;0
24;0
25;2
26;1
27;0
28;0
29;0
30;0
31;2
32;0
33;0
34;0
35;0
36;2
37;2
38;1
39;0
40;1
41;0
42;0
43;0
44;0
45;2
46;1
47;0
48;0
49;0
50;2
51;2
52;0
53;0
54;1
55;0
56;0
57;0
58;0
59;2
60;1
61;0
62;0
63;2
64;1
65;0
66;2
67;0
68;2
69;0
70;2
71;0
72;2
73;0
74;0
75;2
76;2
77;0
78;0
79;0
80;2
81;0
82;0
83;2
84;0
85;0
86;0
87;0
88;2
89;1
90;0
91;1
92;1
93;0
94;1
95;0
96;0
97;0
98;1
99;2
100;0
101;0
102;0
103;0
104;0
105;0
106;2
107;0
108;1
109;0
110;2
111;0
112;0
113;0
114;0
115;0
116;2
117;2
118;2
119;2
120;2
121;0
122;2
123;0
124;1
125;0
126;0
127;0
128;1
129;0
130;1
131;2
132;0
133;0
134;0
135;1
136;0
137;2
138;2
139;2
140;2
141;0
142;0
143;0
144;1
145;0
146;0
147;1
148;0
149;0
150;2
151;0
152;2
153;0
154;2
155;2
156;1
157;0
158;0
159;0
160;0
161;0
162;2
163;1
164;0
165;0
166;0
167;1
168;0
169;2
170;0
171;0
172;0
173;0
174;2
175;1
176;0
177;0
178;0
179;2
180;4
181;0
182;2
183;1
184;0
185;0
186;0
187;0
188;1
189;0
190;0
191;1
192;0
193;0
194;1
195;0
196;1
197;2
198;0
199;2
200;2
201;0
202;0
203;0
204;1
205;0
206;2
207;2
208;0
209;0
210;0
211;2
212;0
213;0
214;2
215;2
216;2
217;0
218;2
219;0
220;0
221;0
222;1
223;0
224;0
225;0
226;1
227;1
228;0
229;0
230;0
231;0
232;1
233;0
234;0
235;0
236;0
237;0
238;1
239;1
240;0
241;0
242;0
243;0
244;0
245;0
246;1
247;2
248;0
249;2
250;0
251;0
252;0
253;1
254;0
255;0
256;1
257;0
258;1
259;0
260;0
261;0
262;0
263;2
264;1
265;1
266;0
267;2
268;4
269;0
270;0
271;1
272;0
273;0
274;2
275;0
276;1
277;0
278;0
279;0
280;1
281;0
282;2
283;2
284;0
285;0
286;0
287;2
288;2
289;0
290;1
291;2
292;2
293;1
294;0
295;0
296;1
297;2
298;0
299;0
300;1
301;0
302;0
303;0
304;0
305;1
306;1
307;1
308;0
309;1
310;0
311;2
312;2
313;0
314;0
315;2
316;0
317;0
318;0
319;0
320;0
321;0
322;0
323;2
324;1
325;0
326;0
327;0
328;0
329;0
330;0
331;0
332;0
333;0
334;0
335;0
336;2
337;0
338;2
339;0
340;1
341;0
342;0
343;0
344;1
345;0
346;0
347;2
348;1
349;0
350;2
351;2
352;2
353;0
354;0
355;0
356;2
357;2
358;1
359;0
360;2
361;1
362;0
363;0
364;0
365;0
366;0
367;2
368;1
369;0
370;0
371;0
372;2
373;2
374;0
375;2
376;2
377;0
378;2
379;0
380;0
381;1
382;0
383;1
384;0
385;0
386;1
387;0
388;0
389;0
390;1
391;0
392;2
393;1
394;0
395;0
396;0
397;2
398;0
399;2
400;2
401;1
402;2
403;0
404;0
405;2
406;2
407;2
408;1
409;0
410;0
411;2
412;0
413;2
414;2
415;2
416;2
417;0
418;2
419;1
420;2
421;2
422;1
423;1
424;0
425;0
426;2
427;2
428;1
429;0
430;0
431;1
432;2
433;0
434;2
435;0
436;2
437;0
438;0
439;0
440;0
441;0
442;2
443;0
444;0
445;1
446;0
447;1
448;0
449;0
450;0
451;0
452;0
453;0
454;0
455;0
456;0
457;2
458;2
459;0
460;2
461;0
462;0
463;0
464;2
465;0
466;0
467;0
468;1
469;0
470;0
471;1
472;0
473;0
474;0
475;1
476;1
477;0
478;2
479;1
480;0
481;0
482;2
483;0
484;2
485;0
486;0
487;0
488;1
489;0
490;0
491;0
492;1
493;0
494;0
495;1
496;1
497;0
498;0
499;2
500;2
501;0
502;2
503;2
504;1
505;0
506;2
507;0
508;0
509;0
510;0
511;0
512;0
513;0
514;0
515;0
516;0
517;2
518;1
519;0
520;0
521;1
522;0
523;0
524;0
525;2
526;0
527;0
528;0
529;0
530;2
531;2
532;2
533;0
534;0
535;0
536;0
537;0
538;2
539;0
540;2
541;0
542;2
543;2
544;0
545;0
546;2
547;2
548;1
549;0
550;0
551;2
552;0
553;0
554;0
555;2
556;2
557;0
558;0
559;0
560;0
561;0
562;2
563;1
564;2
565;0
566;0
567;0
568;0
569;1
570;1
571;0
572;0
573;2
574;1
575;0
576;0
577;0
578;0
579;0
580;0
581;0
582;0
583;0
584;0
585;0
586;2
587;2
588;2
589;0
590;0
591;2
592;2
593;1
594;2
595;2
596;0
597;1
598;2
599;0
600;1
601;0
602;1
603;0
604;2
605;1
606;0
607;2
608;4
609;0
610;0
611;1
612;2
613;0
614;2
615;0
616;1
617;0
618;0
619;0
620;0
621;0
622;0
623;0
624;0
625;0
626;0
627;0
628;0
629;0
630;0
631;1
632;2
633;2
634;2
635;2
636;2
637;0
638;1
639;1
640;0
641;0
642;0
643;1
644;2
645;0
646;0
647;1
648;0
649;1
650;0
651;2
652;1
653;0
654;0
655;0
656;1
657;0
658;0
659;0
660;0
661;0
662;0
663;2
664;1
665;0
666;0
667;2
668;4
669;0
670;2
671;2
672;2
673;0
674;2
675;0
676;1
677;0
678;2
679;1
680;0
681;0
682;0
683;0
684;2
685;1
686;1
687;1
688;0
689;0
690;0
691;0
692;0
693;1
694;0
695;0
696;2
697;0
698;0
699;0
700;2
701;0
702;0
703;0
704;0
705;0
706;1
707;0
708;0
709;0
710;1
711;0
712;0
713;0
714;0
715;2
716;0
717;0
718;0
719;0
720;0
721;0
722;0
723;0
724;0
725;0
726;2
727;0
728;0
729;0
730;0
731;2
732;1
733;1
734;2
735;1
736;0
737;0
738;0
739;2
740;1
741;0
742;2
743;2
744;1
745;1
746;0
747;2
748;1
749;0
750;0
751;0
752;0
753;1
754;0
755;0
756;0
757;0
758;0
759;2
760;2
761;0
762;1
763;0
764;2
765;2
766;2
767;2
768;1
769;1
770;0
771;1
772;0
773;2
774;0
775;2
776;0
777;0
778;0
779;0
780;1
781;0
782;0
783;2
784;1
785;0
786;2
787;2
788;2
789;0
790;2
791;0
792;1
793;1
794;0
795;0
796;1
797;0
798;2
799;0
800;0
801;0
802;2
803;0
804;0
805;0
806;0
807;0
808;0
809;0
810;0
811;0
812;0
813;1
814;2
815;2
816;0
817;2
818;1
819;0
820;0
821;0
822;0
823;2
824;2
825;0
826;2
827;2
828;2
829;0
830;2
831;0
832;0
833;1
834;1
835;0
836;0
837;0
838;0
839;0
840;2
841;0
842;1
843;1
844;0
845;0
846;2
847;0
848;2
849;0
850;0
851;0
852;1
853;0
854;0
855;0
856;0
857;0
858;0
859;2
860;1
861;2
862;2
863;2
864;2
865;0
866;2
867;0
868;2
869;1
870;0
871;0
872;0
873;1
874;0
875;0
876;1
877;0
878;0
879;0
880;0
881;0
882;2
883;0
884;0
885;0
886;0
887;0
888;0
889;0
890;0
891;0
892;0
893;2
894;0
895;0
896;2
897;0
898;0
899;0
900;0
901;0
902;2
903;0
904;0
905;2
906;1
907;0
908;0
909;0
910;1
911;0
912;0
913;0
914;0
915;0
916;0
917;0
918;0
919;2
920;0
921;0
922;0
923;2
924;2
925;0
926;2
927;0
928;2
929;0
930;2
931;0
932;0
933;0
934;0
935;2
936;2
937;0
938;2
939;2
940;0
941;0
942;0
943;0
944;0
945;0
946;0
947;0
948;2
949;0
950;0
951;0
952;0
953;0
954;2
955;0
956;2
957;0
958;0
959;0
960;2
961;1
962;2
963;2
964;2
965;1
966;0
967;2
968;1
969;0
970;0
971;0
972;0
973;0
974;0
975;0
976;1
977;0
978;0
979;0
980;0
981;0
982;0
983;0
984;0
985;0
986;2
987;2
988;2
989;0
990;0
991;0
992;4
993;0
994;2
995;2
996;2
997;0
998;0
999;0
1000;2
1001;0
1002;0
1003;0
1004;1
1005;0
1006;0
1007;0
1008;2
1009;2
1010;2
1011;2
1012;0
1013;0
1014;1
1015;0
1016;0
1017;0
1018;0
1019;0
1020;0
1021;0
1022;0
1023;0
