0;1
1;0
2;0
3;2
4;2
5;0
6;2
7;2
8;2
9;0
10;2
11;0
12;1
13;0
14;1
15;0
16;0
17;2
18;1
19;0
20;2
21;2
22;0
23;2
24;1
25;0
26;0
27;0
28;2
29;0
30;0
31;0
32;2
33;0
34;2
35;0
36;2
37;1
38;0
39;0
40;0
41;0
42;1
43;0
44;2
45;0
46;0
47;1
48;0
49;2
50;0
51;0
52;2
53;0
54;0
55;0
56;0
57;0
58;2
59;2
60;1
61;1
62;0
63;2
64;2
65;0
66;0
67;0
68;0
69;0
70;0
71;1
72;1
73;0
74;0
75;0
76;2
77;2
78;2
79;2
80;1
81;2
82;0
83;2
84;2
85;0
86;0
87;0
88;1
89;0
90;0
91;0
92;2
93;0
94;0
95;1
96;0
97;0
98;0
99;0
100;0
101;0
102;0
103;2
104;1
105;0
106;0
107;0
108;2
109;0
110;2
111;2
112;0
113;0
114;2
115;0
116;0
117;2
118;2
119;0
120;2
121;0
122;0
123;2
124;1
125;0
126;2
127;2
128;0
129;0
130;1
131;0
132;0
133;2
134;0
135;2
136;1
137;0
138;0
139;0
140;2
141;0
142;0
143;2
144;0
145;0
146;0
147;2
148;0
149;0
150;0
151;2
152;2
153;1
154;2
155;2
156;2
157;0
158;2
159;2
160;2
161;0
162;2
163;0
164;0
165;0
166;0
167;0
168;2
169;0
170;1
171;0
172;0
173;0
174;2
175;0
176;0
177;0
178;0
179;1
180;0
181;0
182;0
183;1
184;0
185;0
186;0
187;0
188;1
189;0
190;0
191;0
192;0
193;0
194;2
195;2
196;2
197;0
198;0
199;2
200;0
201;2
202;2
203;0
204;2
205;1
206;0
207;1
208;0
209;0
210;0
211;0
212;0
213;0
214;1
215;0
216;0
217;0
218;1
219;0
220;2
221;0
222;0
223;2
224;0
225;0
226;2
227;0
228;0
229;0
230;0
231;0
232;0
233;0
234;0
235;0
236;1
237;0
238;2
239;1
240;0
241;0
242;0
243;2
244;4
245;2
246;2
247;2
248;2
249;2
250;2
251;0
252;2
253;0
254;0
255;0
256;0
257;0
258;2
259;0
260;0
261;1
262;0
263;2
264;2
265;0
266;2
267;0
268;0
269;0
270;2
271;1
272;0
273;0
274;2
275;2
276;2
277;0
278;0
279;2
280;0
281;0
282;1
283;0
284;0
285;1
286;0
287;0
288;0
289;2
290;0
291;0
292;0
293;0
294;2
295;2
296;2
297;0
298;0
299;1
300;0
301;0
302;0
303;0
304;1
305;0
306;0
307;0
308;0
309;0
310;0
311;0
312;0
313;0
314;0
315;2
316;1
317;0
318;0
319;1
320;0
321;1
322;0
323;0
324;0
325;0
326;2
327;1
328;0
329;0
330;0
331;0
332;0
333;0
334;2
335;2
336;0
337;0
338;0
339;2
340;0
341;0
342;0
343;1
344;0
345;1
346;1
347;1
348;2
349;2
350;2
351;2
352;0
353;1
354;2
355;2
356;0
357;0
358;0
359;0
360;2
361;0
362;1
363;0
364;0
365;0
366;2
367;0
368;0
369;0
370;0
371;2
372;0
373;1
374;0
375;0
376;2
377;1
378;1
379;0
380;0
381;0
382;0
383;1
384;0
385;2
386;0
387;0
388;0
389;0
390;0
391;2
392;1
393;0
394;2
395;2
396;0
397;0
398;0
399;0
400;2
401;0
402;0
403;0
404;0
405;0
406;1
407;0
408;0
409;2
410;0
411;0
412;0
413;1
414;1
415;0
416;0
417;2
418;0
419;2
420;2
421;0
422;0
423;0
424;0
425;0
426;0
427;0
428;0
429;0
430;2
431;2
432;2
433;1
434;0
435;2
436;1
437;0
438;0
439;0
440;2
441;1
442;0
443;1
444;1
445;0
446;0
447;1
448;0
449;0
450;0
451;0
452;0
453;1
454;0
455;0
456;0
457;0
458;0
459;1
460;0
461;0
462;0
463;0
464;0
465;0
466;0
467;0
468;2
469;0
470;0
471;2
472;0
473;0
474;0
475;2
476;0
477;0
478;2
479;2
480;2
481;0
482;2
483;1
484;0
485;2
486;0
487;0
488;0
489;1
490;2
491;0
492;0
493;0
494;1
495;0
496;1
497;2
498;0
499;0
500;2
501;1
502;0
503;0
504;1
505;2
506;0
507;0
508;0
509;0
510;0
511;0
512;0
513;0
514;0
515;2
516;0
517;0
518;2
519;2
520;2
521;0
522;0
523;0
524;1
525;0
526;2
527;0
528;0
529;0
530;1
531;0
532;0
533;0
534;0
535;0
536;1
537;1
538;0
539;0
540;1
541;0
542;0
543;0
544;0
545;0
546;2
547;0
548;0
549;0
550;0
551;2
552;0
553;1
554;0
555;1
556;0
557;0
558;0
559;0
560;2
561;0
562;0
563;0
564;0
565;0
566;0
567;0
568;0
569;0
570;0
571;0
572;1
573;0
574;2
575;0
576;0
577;1
578;0
579;2
580;0
581;2
582;2
583;0
584;0
585;0
586;0
587;1
588;0
589;0
590;0
591;0
592;2
593;0
594;0
595;1
596;0
597;0
598;0
599;1
600;0
601;0
602;0
603;0
604;1
605;0
606;0
607;2
608;0
609;1
610;1
611;0
612;0
613;0
614;0
615;0
616;1
617;0
618;0
619;0
620;1
621;0
622;0
623;2
624;4
625;0
626;0
627;1
628;0
629;0
630;2
631;0
632;1
633;0
634;1
635;0
636;0
637;2
638;0
639;0
640;2
641;0
642;0
643;0
644;1
645;0
646;0
647;0
648;2
649;0
650;0
651;0
652;0
653;0
654;0
655;0
656;0
657;0
658;1
659;0
660;2
661;2
662;0
663;0
664;2
665;1
666;1
667;0
668;1
669;1
670;0
671;1
672;1
673;0
674;0
675;0
676;0
677;0
678;2
679;0
680;2
681;0
682;0
683;2
684;0
685;0
686;0
687;0
688;0
689;0
690;0
691;1
692;0
693;2
694;0
695;0
696;0
697;1
698;1
699;0
700;2
701;0
702;2
703;2
704;0
705;0
706;0
707;0
708;1
709;0
710;0
711;2
712;1
713;0
714;2
715;2
716;0
717;0
718;0
719;2
720;2
721;0
722;2
723;2
724;0
725;0
726;0
727;0
728;0
729;2
730;1
731;0
732;0
733;0
734;0
735;2
736;0
737;1
738;0
739;0
740;0
741;1
742;0
743;2
744;1
745;2
746;2
747;0
748;0
749;0
750;0
751;0
752;0
753;0
754;0
755;0
756;0
757;0
758;0
759;0
760;1
761;2
762;2
763;0
764;0
765;2
766;2
767;0
768;2
769;0
770;0
771;2
772;0
773;0
774;0
775;0
776;0
777;0
778;0
779;0
780;0
781;0
782;2
783;0
784;0
785;0
786;2
787;1
788;1
789;0
790;0
791;0
792;1
793;0
794;2
795;2
796;0
797;2
798;0
799;1
800;1
801;0
802;2
803;0
804;0
805;2
806;0
807;2
808;0
809;0
810;1
811;0
812;0
813;0
814;0
815;0
816;0
817;0
818;0
819;0
820;0
821;1
822;0
823;1
824;0
825;0
826;1
827;0
828;0
829;0
830;0
831;0
832;0
833;0
834;0
835;0
836;0
837;1
838;0
839;0
840;0
841;0
842;2
843;0
844;1
845;1
846;2
847;0
848;2
849;0
850;0
851;0
852;0
853;2
854;1
855;0
856;2
857;0
858;2
859;2
860;0
861;0
862;0
863;0
864;0
865;2
866;1
867;2
868;1
869;0
870;1
871;0
872;0
873;0
874;0
875;2
876;2
877;0
878;0
879;1
880;0
881;0
882;0
883;1
884;0
885;0
886;0
887;0
888;0
889;2
890;2
891;0
892;1
893;2
894;0
895;0
896;1
897;1
898;2
899;0
900;0
901;0
902;2
903;1
904;0
905;0
906;1
907;0
908;0
909;1
910;0
911;0
912;1
913;0
914;2
915;2
916;1
917;0
918;0
919;1
920;0
921;1
922;1
923;1
924;0
925;0
926;0
927;1
928;0
929;0
930;0
931;2
932;1
933;0
934;2
935;2
936;2
937;2
938;2
939;2
940;2
941;0
942;0
943;0
944;0
945;0
946;2
947;0
948;0
949;0
950;2
951;2
952;0
953;2
954;0
955;0
956;1
957;0
958;0
959;0
960;1
961;0
962;2
963;2
964;0
965;1
966;0
967;1
968;2
969;2
970;1
971;0
972;2
973;0
974;0
975;1
976;0
977;2
978;2
979;0
980;0
981;0
982;0
983;0
984;0
985;0
986;0
987;0
988;0
989;0
990;0
991;1
992;0
993;0
994;0
995;0
996;0
997;2
998;2
999;2
1000;2
1001;0
1002;0
1003;1
1004;0
1005;0
1006;0
1007;1
1008;0
1009;0
1010;2
1011;0
1012;0
1013;0
1014;0
1015;0
1016;0
1017;0
1018;0
1019;0
1020;0
1021;0
1022;0
1023;0
