0;1
1;0
2;0
3;2
4;2
5;0
6;2
7;2
8;2
9;0
10;2
11;0
12;0
13;0
14;0
15;0
16;0
17;1
18;2
19;1
20;2
21;2
22;2
23;0
24;0
25;1
26;2
27;2
28;2
29;0
30;0
31;2
32;0
33;0
34;0
35;0
36;0
37;0
38;0
39;0
40;1
41;0
42;0
43;0
44;2
45;0
46;0
47;0
48;0
49;0
50;0
51;0
52;0
53;0
54;0
55;0
56;0
57;1
58;2
59;2
60;1
61;0
62;0
63;0
64;0
65;0
66;0
67;0
68;2
69;0
70;2
71;2
72;1
73;0
74;0
75;0
76;0
77;0
78;0
79;0
80;2
81;0
82;2
83;1
84;1
85;2
86;0
87;0
88;0
89;2
90;2
91;1
92;0
93;0
94;1
95;0
96;2
97;0
98;0
99;0
100;2
101;0
102;1
103;0
104;2
105;0
106;0
107;0
108;0
109;2
110;0
111;1
112;0
113;0
114;0
115;0
116;0
117;0
118;0
119;0
120;2
121;1
122;2
123;2
124;1
125;0
126;0
127;1
128;0
129;0
130;2
131;0
132;2
133;0
134;0
135;0
136;0
137;2
138;2
139;0
140;1
141;0
142;2
143;0
144;0
145;0
146;0
147;0
148;0
149;0
150;2
151;0
152;2
153;0
154;1
155;0
156;0
157;0
158;0
159;0
160;0
161;0
162;0
163;0
164;0
165;0
166;0
167;0
168;0
169;0
170;1
171;0
172;2
173;0
174;0
175;0
176;1
177;0
178;1
179;0
180;0
181;0
182;1
183;2
184;4
185;0
186;2
187;2
188;2
189;0
190;2
191;0
192;4
193;0
194;0
195;1
196;0
197;1
198;2
199;2
200;2
201;0
202;2
203;0
204;0
205;0
206;0
207;2
208;0
209;0
210;1
211;0
212;0
213;0
214;0
215;2
216;2
217;0
218;0
219;0
220;0
221;2
222;2
223;1
224;0
225;0
226;0
227;0
228;0
229;0
230;0
231;0
232;0
233;2
234;2
235;2
236;2
237;2
238;0
239;2
240;0
241;0
242;0
243;2
244;2
245;0
246;0
247;0
248;2
249;0
250;2
251;1
252;0
253;0
254;0
255;0
256;1
257;0
258;0
259;2
260;1
261;0
262;0
263;2
264;2
265;0
266;2
267;2
268;2
269;0
270;2
271;0
272;2
273;2
274;2
275;0
276;0
277;0
278;0
279;1
280;0
281;1
282;0
283;0
284;0
285;0
286;0
287;2
288;0
289;2
290;2
291;0
292;2
293;0
294;0
295;0
296;1
297;0
298;2
299;0
300;0
301;0
302;0
303;2
304;4
305;0
306;2
307;0
308;2
309;0
310;2
311;0
312;1
313;0
314;0
315;0
316;0
317;1
318;1
319;0
320;0
321;0
322;0
323;0
324;0
325;0
326;0
327;0
328;1
329;0
330;0
331;1
332;2
333;0
334;0
335;0
336;2
337;0
338;0
339;0
340;0
341;0
342;0
343;0
344;2
345;0
346;0
347;0
348;2
349;0
350;0
351;2
352;2
353;0
354;0
355;0
356;1
357;0
358;0
359;2
360;2
361;0
362;0
363;0
364;2
365;0
366;0
367;0
368;1
369;2
370;1
371;0
372;0
373;0
374;2
375;2
376;1
377;0
378;0
379;2
380;4
381;0
382;2
383;1
384;0
385;0
386;2
387;0
388;1
389;0
390;1
391;0
392;0
393;0
394;1
395;1
396;1
397;0
398;0
399;0
400;2
401;2
402;2
403;2
404;2
405;1
406;0
407;0
408;0
409;2
410;0
411;0
412;0
413;1
414;2
415;4
416;2
417;0
418;0
419;0
420;1
421;0
422;2
423;2
424;1
425;0
426;0
427;2
428;4
429;0
430;2
431;2
432;2
433;0
434;2
435;0
436;2
437;0
438;0
439;2
440;2
441;2
442;2
443;0
444;2
445;0
446;2
447;0
448;2
449;0
450;0
451;0
452;1
453;1
454;0
455;0
456;0
457;0
458;2
459;2
460;0
461;0
462;2
463;0
464;2
465;0
466;0
467;1
468;0
469;0
470;0
471;0
472;0
473;0
474;0
475;0
476;2
477;0
478;0
479;0
480;0
481;2
482;2
483;2
484;2
485;0
486;0
487;0
488;1
489;0
490;0
491;0
492;2
493;2
494;2
495;2
496;2
497;0
498;0
499;1
500;0
501;0
502;0
503;1
504;0
505;0
506;0
507;0
508;2
509;0
510;0
511;1
512;0
513;0
514;0
515;0
516;0
517;2
518;1
519;0
520;2
521;2
522;0
523;2
524;0
525;0
526;0
527;1
528;0
529;0
530;0
531;0
532;0
533;0
534;2
535;2
536;0
537;0
538;0
539;0
540;0
541;0
542;2
543;0
544;1
545;2
546;2
547;2
548;2
549;2
550;2
551;0
552;1
553;2
554;2
555;0
556;0
557;2
558;0
559;1
560;1
561;0
562;2
563;2
564;2
565;0
566;0
567;2
568;2
569;0
570;2
571;2
572;2
573;0
574;2
575;0
576;1
577;0
578;1
579;2
580;1
581;1
582;0
583;2
584;0
585;0
586;1
587;0
588;1
589;0
590;2
591;1
592;0
593;0
594;1
595;0
596;0
597;0
598;2
599;0
600;0
601;0
602;0
603;0
604;2
605;2
606;2
607;0
608;1
609;0
610;0
611;2
612;2
613;0
614;2
615;2
616;2
617;0
618;2
619;0
620;1
621;2
622;0
623;0
624;2
625;2
626;2
627;2
628;2
629;0
630;0
631;0
632;2
633;0
634;1
635;0
636;0
637;0
638;0
639;1
640;2
641;2
642;0
643;2
644;2
645;0
646;0
647;0
648;2
649;0
650;0
651;2
652;0
653;0
654;0
655;0
656;2
657;2
658;0
659;1
660;2
661;0
662;0
663;0
664;1
665;0
666;2
667;2
668;1
669;0
670;0
671;2
672;2
673;2
674;2
675;2
676;2
677;0
678;2
679;0
680;2
681;0
682;0
683;0
684;4
685;0
686;0
687;0
688;0
689;1
690;0
691;2
692;2
693;0
694;0
695;0
696;1
697;0
698;0
699;0
700;1
701;0
702;0
703;0
704;0
705;0
706;0
707;0
708;0
709;0
710;0
711;0
712;0
713;0
714;0
715;2
716;1
717;0
718;0
719;2
720;2
721;0
722;0
723;2
724;2
725;0
726;2
727;0
728;0
729;1
730;0
731;2
732;0
733;0
734;0
735;2
736;0
737;0
738;2
739;2
740;1
741;0
742;0
743;2
744;2
745;0
746;2
747;2
748;2
749;0
750;2
751;0
752;0
753;0
754;2
755;1
756;0
757;0
758;1
759;0
760;1
761;0
762;0
763;0
764;0
765;0
766;0
767;0
768;0
769;0
770;0
771;1
772;0
773;0
774;0
775;2
776;0
777;0
778;0
779;2
780;4
781;2
782;2
783;2
784;2
785;0
786;2
787;0
788;2
789;2
790;0
791;0
792;0
793;0
794;0
795;0
796;2
797;1
798;1
799;0
800;1
801;2
802;0
803;2
804;0
805;0
806;0
807;0
808;1
809;2
810;1
811;0
812;1
813;0
814;0
815;0
816;0
817;0
818;0
819;0
820;0
821;2
822;2
823;2
824;1
825;0
826;0
827;0
828;0
829;0
830;2
831;0
832;2
833;0
834;0
835;0
836;2
837;0
838;0
839;0
840;1
841;0
842;0
843;0
844;0
845;1
846;0
847;0
848;1
849;2
850;1
851;0
852;1
853;0
854;2
855;2
856;1
857;0
858;2
859;0
860;2
861;0
862;2
863;2
864;0
865;0
866;2
867;0
868;0
869;0
870;1
871;0
872;0
873;2
874;1
875;0
876;2
877;0
878;0
879;0
880;1
881;0
882;0
883;0
884;0
885;0
886;0
887;0
888;2
889;0
890;0
891;0
892;0
893;0
894;1
895;0
896;0
897;0
898;0
899;2
900;4
901;0
902;2
903;2
904;2
905;0
906;2
907;0
908;2
909;2
910;2
911;2
912;2
913;0
914;0
915;0
916;1
917;0
918;1
919;0
920;0
921;0
922;0
923;0
924;0
925;0
926;0
927;0
928;0
929;0
930;2
931;2
932;2
933;2
934;0
935;0
936;2
937;0
938;2
939;1
940;0
941;0
942;0
943;0
944;1
945;0
946;1
947;0
948;2
949;2
950;1
951;0
952;1
953;1
954;0
955;0
956;2
957;1
958;2
959;0
960;1
961;0
962;0
963;0
964;0
965;2
966;0
967;2
968;1
969;0
970;1
971;0
972;1
973;0
974;0
975;2
976;4
977;0
978;2
979;2
980;2
981;0
982;2
983;0
984;2
985;0
986;0
987;0
988;2
989;0
990;0
991;0
992;0
993;0
994;0
995;0
996;0
997;0
998;0
999;0
1000;0
1001;0
1002;0
1003;0
1004;0
1005;0
1006;0
1007;0
1008;2
1009;0
1010;2
1011;0
1012;1
1013;0
1014;0
1015;1
1016;0
1017;0
1018;0
1019;0
1020;0
1021;0
1022;0
1023;0
