0;1
1;1
2;0
3;2
4;4
5;0
6;2
7;0
8;0
9;0
10;2
11;0
12;2
13;0
14;0
15;0
16;0
17;1
18;0
19;0
20;2
21;0
22;0
23;2
24;0
25;0
26;0
27;1
28;1
29;0
30;1
31;0
32;1
33;0
34;0
35;2
36;0
37;0
38;2
39;2
40;2
41;0
42;2
43;0
44;0
45;0
46;0
47;0
48;0
49;0
50;2
51;0
52;1
53;0
54;0
55;2
56;1
57;2
58;2
59;2
60;2
61;0
62;2
63;0
64;1
65;0
66;0
67;1
68;0
69;0
70;0
71;2
72;2
73;0
74;1
75;2
76;0
77;0
78;1
79;2
80;2
81;0
82;0
83;0
84;0
85;0
86;0
87;0
88;0
89;0
90;0
91;0
92;1
93;0
94;0
95;2
96;0
97;0
98;0
99;1
100;0
101;0
102;1
103;1
104;2
105;0
106;0
107;0
108;2
109;0
110;0
111;2
112;2
113;0
114;2
115;2
116;2
117;0
118;2
119;0
120;2
121;0
122;0
123;2
124;0
125;0
126;0
127;0
128;0
129;0
130;2
131;2
132;2
133;1
134;0
135;1
136;1
137;0
138;2
139;1
140;0
141;2
142;2
143;2
144;1
145;0
146;0
147;0
148;2
149;0
150;1
151;0
152;0
153;0
154;2
155;0
156;0
157;0
158;0
159;0
160;0
161;0
162;0
163;0
164;0
165;0
166;0
167;0
168;1
169;0
170;1
171;0
172;1
173;2
174;0
175;2
176;0
177;1
178;2
179;0
180;0
181;0
182;2
183;0
184;0
185;0
186;1
187;0
188;1
189;0
190;0
191;2
192;4
193;0
194;2
195;2
196;2
197;0
198;0
199;0
200;2
201;0
202;0
203;0
204;0
205;1
206;0
207;0
208;0
209;0
210;2
211;2
212;2
213;0
214;0
215;0
216;0
217;2
218;2
219;0
220;1
221;0
222;2
223;0
224;0
225;0
226;0
227;1
228;0
229;0
230;0
231;2
232;1
233;2
234;2
235;1
236;0
237;0
238;2
239;0
240;1
241;0
242;0
243;2
244;2
245;0
246;1
247;0
248;2
249;2
250;0
251;2
252;2
253;0
254;0
255;2
256;0
257;2
258;0
259;0
260;0
261;0
262;1
263;0
264;1
265;1
266;0
267;0
268;2
269;1
270;0
271;0
272;0
273;0
274;2
275;0
276;2
277;0
278;1
279;0
280;0
281;0
282;2
283;0
284;0
285;0
286;0
287;0
288;0
289;0
290;0
291;0
292;0
293;0
294;0
295;0
296;0
297;0
298;0
299;0
300;2
301;2
302;1
303;0
304;1
305;0
306;2
307;2
308;1
309;0
310;0
311;2
312;4
313;0
314;0
315;1
316;0
317;0
318;0
319;0
320;2
321;0
322;2
323;0
324;1
325;0
326;1
327;0
328;1
329;0
330;0
331;2
332;4
333;0
334;2
335;2
336;2
337;0
338;2
339;0
340;2
341;0
342;2
343;2
344;0
345;0
346;0
347;0
348;0
349;0
350;0
351;1
352;1
353;0
354;0
355;2
356;2
357;0
358;2
359;2
360;2
361;0
362;2
363;0
364;0
365;0
366;0
367;0
368;0
369;0
370;0
371;2
372;1
373;0
374;0
375;0
376;0
377;0
378;0
379;2
380;1
381;0
382;1
383;0
384;1
385;0
386;0
387;1
388;2
389;0
390;2
391;0
392;2
393;0
394;0
395;0
396;2
397;0
398;0
399;0
400;0
401;0
402;0
403;0
404;0
405;0
406;0
407;0
408;1
409;0
410;1
411;0
412;0
413;0
414;1
415;0
416;0
417;0
418;1
419;0
420;1
421;0
422;0
423;0
424;0
425;0
426;1
427;0
428;1
429;0
430;0
431;2
432;0
433;0
434;2
435;1
436;0
437;0
438;2
439;2
440;1
441;0
442;2
443;0
444;0
445;0
446;0
447;0
448;0
449;1
450;0
451;2
452;2
453;2
454;0
455;0
456;0
457;1
458;0
459;0
460;0
461;0
462;0
463;0
464;1
465;0
466;1
467;2
468;2
469;2
470;1
471;0
472;0
473;0
474;2
475;0
476;1
477;0
478;0
479;2
480;4
481;0
482;2
483;1
484;0
485;0
486;2
487;2
488;1
489;0
490;0
491;0
492;1
493;0
494;0
495;1
496;0
497;0
498;2
499;0
500;0
501;2
502;2
503;0
504;1
505;0
506;1
507;2
508;0
509;0
510;2
511;2
512;2
513;0
514;2
515;0
516;2
517;1
518;1
519;0
520;2
521;0
522;0
523;0
524;1
525;0
526;0
527;1
528;0
529;0
530;0
531;1
532;2
533;0
534;2
535;2
536;2
537;0
538;0
539;0
540;2
541;1
542;0
543;0
544;2
545;2
546;0
547;0
548;0
549;0
550;0
551;0
552;2
553;1
554;0
555;4
556;0
557;0
558;0
559;2
560;0
561;0
562;2
563;2
564;2
565;0
566;0
567;0
568;1
569;0
570;0
571;0
572;1
573;0
574;0
575;0
576;0
577;0
578;0
579;2
580;4
581;0
582;2
583;2
584;0
585;1
586;0
587;0
588;2
589;1
590;0
591;0
592;0
593;0
594;0
595;1
596;0
597;0
598;1
599;0
600;2
601;0
602;0
603;0
604;0
605;0
606;2
607;1
608;0
609;0
610;0
611;2
612;2
613;0
614;2
615;0
616;0
617;0
618;1
619;0
620;1
621;0
622;2
623;0
624;1
625;0
626;0
627;2
628;1
629;0
630;2
631;2
632;0
633;0
634;2
635;0
636;1
637;2
638;0
639;2
640;1
641;0
642;0
643;0
644;0
645;1
646;0
647;0
648;0
649;0
650;1
651;0
652;0
653;0
654;0
655;2
656;1
657;0
658;2
659;0
660;0
661;0
662;0
663;0
664;0
665;2
666;0
667;0
668;0
669;0
670;0
671;1
672;1
673;0
674;0
675;1
676;4
677;0
678;2
679;2
680;2
681;0
682;0
683;0
684;2
685;1
686;0
687;0
688;0
689;0
690;0
691;1
692;0
693;0
694;0
695;0
696;2
697;0
698;0
699;1
700;0
701;0
702;0
703;2
704;1
705;0
706;0
707;0
708;1
709;0
710;0
711;1
712;1
713;0
714;2
715;2
716;2
717;0
718;0
719;0
720;1
721;0
722;0
723;0
724;0
725;0
726;2
727;0
728;1
729;0
730;0
731;0
732;0
733;0
734;1
735;0
736;0
737;0
738;0
739;2
740;0
741;0
742;0
743;2
744;4
745;0
746;2
747;2
748;2
749;0
750;2
751;0
752;1
753;0
754;0
755;1
756;0
757;0
758;0
759;0
760;2
761;0
762;0
763;0
764;4
765;0
766;2
767;0
768;2
769;0
770;0
771;0
772;1
773;0
774;0
775;0
776;2
777;0
778;0
779;0
780;0
781;0
782;1
783;0
784;0
785;0
786;1
787;0
788;2
789;0
790;0
791;0
792;0
793;0
794;0
795;0
796;0
797;0
798;0
799;0
800;0
801;1
802;0
803;1
804;0
805;1
806;0
807;0
808;0
809;1
810;0
811;0
812;0
813;0
814;2
815;2
816;1
817;0
818;0
819;1
820;2
821;0
822;0
823;0
824;0
825;0
826;2
827;2
828;1
829;2
830;0
831;0
832;0
833;0
834;0
835;1
836;0
837;0
838;2
839;4
840;4
841;0
842;0
843;2
844;1
845;0
846;2
847;2
848;1
849;0
850;0
851;2
852;2
853;0
854;2
855;1
856;0
857;0
858;2
859;0
860;1
861;0
862;0
863;0
864;0
865;2
866;0
867;0
868;0
869;1
870;0
871;0
872;2
873;2
874;0
875;0
876;0
877;2
878;2
879;0
880;0
881;0
882;2
883;1
884;0
885;0
886;0
887;1
888;2
889;2
890;1
891;2
892;2
893;0
894;2
895;1
896;1
897;0
898;0
899;0
900;1
901;0
902;0
903;1
904;0
905;1
906;0
907;0
908;2
909;2
910;2
911;0
912;2
913;0
914;0
915;0
916;1
917;1
918;1
919;0
920;0
921;0
922;0
923;0
924;0
925;0
926;0
927;0
928;0
929;1
930;2
931;0
932;0
933;0
934;2
935;2
936;1
937;0
938;0
939;2
940;4
941;0
942;2
943;1
944;0
945;0
946;2
947;0
948;1
949;0
950;0
951;0
952;0
953;1
954;0
955;2
956;0
957;2
958;2
959;0
960;1
961;0
962;0
963;0
964;0
965;0
966;2
967;2
968;0
969;0
970;2
971;1
972;1
973;1
974;0
975;2
976;0
977;0
978;0
979;2
980;1
981;0
982;0
983;2
984;2
985;0
986;2
987;0
988;0
989;0
990;0
991;0
992;0
993;0
994;0
995;0
996;0
997;0
998;0
999;0
1000;0
1001;0
1002;0
1003;2
1004;0
1005;0
1006;0
1007;0
1008;0
1009;0
1010;0
1011;0
1012;0
1013;0
1014;1
1015;1
1016;0
1017;0
1018;0
1019;0
1020;0
1021;0
1022;0
1023;0
