0;1
1;1
2;0
3;0
4;2
5;0
6;2
7;2
8;2
9;0
10;2
11;0
12;2
13;0
14;1
15;0
16;1
17;1
18;2
19;2
20;2
21;1
22;0
23;2
24;2
25;0
26;2
27;0
28;2
29;0
30;2
31;2
32;0
33;0
34;0
35;0
36;0
37;0
38;2
39;1
40;0
41;0
42;0
43;0
44;2
45;2
46;0
47;0
48;2
49;0
50;0
51;0
52;1
53;0
54;2
55;0
56;0
57;0
58;0
59;2
60;2
61;0
62;2
63;2
64;2
65;0
66;2
67;0
68;0
69;0
70;0
71;2
72;1
73;0
74;0
75;0
76;0
77;2
78;0
79;0
80;1
81;0
82;1
83;0
84;1
85;0
86;0
87;0
88;0
89;0
90;0
91;0
92;1
93;0
94;2
95;0
96;2
97;2
98;0
99;0
100;0
101;0
102;0
103;2
104;0
105;0
106;0
107;2
108;2
109;0
110;2
111;2
112;4
113;0
114;2
115;0
116;0
117;0
118;0
119;0
120;2
121;0
122;0
123;0
124;0
125;0
126;1
127;0
128;0
129;0
130;0
131;0
132;0
133;0
134;1
135;0
136;0
137;0
138;2
139;0
140;2
141;0
142;1
143;0
144;0
145;1
146;1
147;0
148;1
149;0
150;0
151;0
152;0
153;0
154;0
155;0
156;0
157;0
158;0
159;0
160;0
161;0
162;1
163;1
164;0
165;0
166;2
167;0
168;0
169;0
170;0
171;0
172;2
173;0
174;2
175;0
176;0
177;0
178;1
179;0
180;0
181;0
182;0
183;0
184;0
185;0
186;0
187;0
188;0
189;2
190;0
191;1
192;0
193;0
194;0
195;0
196;2
197;0
198;2
199;0
200;0
201;0
202;1
203;0
204;0
205;0
206;0
207;1
208;1
209;1
210;0
211;1
212;0
213;0
214;2
215;0
216;0
217;0
218;1
219;1
220;0
221;2
222;2
223;0
224;2
225;0
226;2
227;0
228;0
229;0
230;0
231;0
232;0
233;0
234;0
235;0
236;0
237;0
238;0
239;2
240;2
241;0
242;0
243;0
244;0
245;2
246;2
247;2
248;0
249;0
250;0
251;0
252;0
253;2
254;0
255;1
256;2
257;2
258;2
259;2
260;2
261;2
262;0
263;2
264;0
265;0
266;2
267;1
268;0
269;2
270;0
271;0
272;0
273;0
274;0
275;0
276;0
277;0
278;0
279;0
280;2
281;1
282;0
283;0
284;1
285;0
286;0
287;0
288;0
289;0
290;1
291;0
292;0
293;0
294;0
295;2
296;1
297;0
298;2
299;2
300;2
301;0
302;0
303;2
304;1
305;0
306;1
307;0
308;1
309;2
310;0
311;0
312;2
313;0
314;0
315;0
316;0
317;0
318;0
319;0
320;2
321;0
322;0
323;0
324;0
325;0
326;2
327;0
328;0
329;0
330;0
331;2
332;0
333;0
334;0
335;0
336;1
337;0
338;0
339;2
340;1
341;0
342;0
343;0
344;2
345;0
346;0
347;2
348;2
349;0
350;0
351;0
352;0
353;0
354;0
355;0
356;0
357;0
358;0
359;0
360;0
361;0
362;0
363;2
364;1
365;0
366;1
367;2
368;1
369;0
370;0
371;2
372;4
373;0
374;2
375;2
376;2
377;0
378;2
379;0
380;2
381;0
382;0
383;0
384;2
385;0
386;2
387;0
388;2
389;0
390;2
391;2
392;2
393;2
394;2
395;0
396;0
397;1
398;0
399;0
400;0
401;0
402;0
403;0
404;0
405;0
406;0
407;0
408;0
409;0
410;0
411;1
412;0
413;0
414;1
415;0
416;0
417;0
418;0
419;0
420;0
421;1
422;0
423;2
424;2
425;0
426;0
427;0
428;0
429;0
430;0
431;0
432;0
433;2
434;0
435;0
436;0
437;0
438;2
439;2
440;1
441;0
442;0
443;2
444;4
445;0
446;2
447;0
448;0
449;0
450;0
451;0
452;2
453;0
454;0
455;0
456;0
457;0
458;2
459;0
460;0
461;0
462;0
463;0
464;2
465;0
466;2
467;1
468;0
469;0
470;0
471;2
472;4
473;0
474;0
475;1
476;0
477;0
478;0
479;0
480;2
481;0
482;0
483;0
484;1
485;0
486;1
487;0
488;0
489;0
490;1
491;0
492;0
493;0
494;0
495;2
496;2
497;0
498;0
499;0
500;0
501;2
502;2
503;2
504;0
505;0
506;0
507;1
508;0
509;0
510;0
511;0
512;2
513;1
514;2
515;2
516;0
517;0
518;0
519;0
520;0
521;2
522;0
523;0
524;0
525;2
526;0
527;1
528;0
529;0
530;0
531;2
532;0
533;0
534;0
535;0
536;0
537;2
538;2
539;2
540;2
541;2
542;0
543;0
544;0
545;0
546;2
547;1
548;0
549;0
550;0
551;0
552;1
553;0
554;0
555;2
556;2
557;0
558;2
559;2
560;2
561;2
562;2
563;0
564;0
565;2
566;2
567;0
568;1
569;1
570;0
571;0
572;1
573;1
574;0
575;2
576;0
577;2
578;2
579;0
580;0
581;1
582;0
583;0
584;2
585;1
586;0
587;0
588;0
589;0
590;0
591;0
592;0
593;0
594;0
595;1
596;0
597;2
598;0
599;0
600;0
601;0
602;0
603;0
604;0
605;0
606;0
607;2
608;0
609;0
610;0
611;0
612;2
613;0
614;2
615;1
616;0
617;0
618;0
619;0
620;0
621;0
622;1
623;0
624;0
625;0
626;0
627;2
628;2
629;1
630;0
631;0
632;0
633;2
634;0
635;0
636;0
637;0
638;0
639;0
640;2
641;1
642;0
643;2
644;1
645;0
646;0
647;0
648;0
649;0
650;0
651;0
652;0
653;2
654;2
655;0
656;2
657;0
658;2
659;2
660;2
661;0
662;2
663;2
664;2
665;2
666;0
667;0
668;0
669;1
670;0
671;0
672;0
673;2
674;0
675;2
676;2
677;1
678;0
679;2
680;0
681;0
682;0
683;0
684;2
685;0
686;0
687;0
688;2
689;0
690;0
691;0
692;1
693;0
694;0
695;0
696;0
697;2
698;2
699;0
700;0
701;0
702;0
703;1
704;2
705;2
706;2
707;0
708;0
709;0
710;1
711;0
712;0
713;0
714;0
715;2
716;4
717;0
718;1
719;2
720;1
721;0
722;0
723;0
724;2
725;0
726;0
727;0
728;0
729;0
730;2
731;0
732;1
733;0
734;0
735;0
736;2
737;0
738;0
739;2
740;0
741;0
742;2
743;0
744;2
745;0
746;0
747;0
748;0
749;0
750;0
751;0
752;0
753;2
754;0
755;0
756;2
757;0
758;0
759;0
760;0
761;0
762;0
763;0
764;2
765;0
766;0
767;2
768;0
769;0
770;0
771;0
772;0
773;2
774;2
775;0
776;2
777;0
778;0
779;0
780;0
781;0
782;0
783;0
784;1
785;0
786;0
787;0
788;0
789;0
790;0
791;1
792;0
793;0
794;0
795;0
796;1
797;0
798;0
799;2
800;2
801;0
802;2
803;2
804;2
805;0
806;2
807;2
808;2
809;0
810;1
811;0
812;0
813;0
814;0
815;0
816;0
817;0
818;0
819;2
820;0
821;0
822;2
823;2
824;0
825;0
826;2
827;0
828;1
829;0
830;0
831;0
832;0
833;2
834;0
835;0
836;0
837;0
838;0
839;2
840;2
841;1
842;0
843;0
844;0
845;0
846;0
847;0
848;0
849;0
850;0
851;2
852;0
853;0
854;0
855;2
856;2
857;0
858;2
859;1
860;0
861;0
862;2
863;0
864;2
865;0
866;0
867;0
868;0
869;0
870;0
871;1
872;0
873;0
874;2
875;2
876;2
877;2
878;0
879;0
880;0
881;2
882;0
883;0
884;2
885;2
886;1
887;0
888;0
889;2
890;0
891;0
892;2
893;0
894;0
895;0
896;0
897;0
898;0
899;0
900;0
901;0
902;0
903;0
904;0
905;2
906;0
907;0
908;0
909;2
910;2
911;2
912;1
913;0
914;1
915;0
916;0
917;1
918;0
919;0
920;0
921;0
922;0
923;0
924;0
925;0
926;0
927;0
928;0
929;0
930;0
931;0
932;1
933;1
934;0
935;1
936;0
937;2
938;2
939;0
940;0
941;1
942;1
943;0
944;1
945;0
946;0
947;0
948;2
949;0
950;2
951;0
952;0
953;0
954;0
955;0
956;0
957;0
958;2
959;1
960;0
961;1
962;0
963;2
964;2
965;0
966;0
967;1
968;2
969;0
970;0
971;0
972;2
973;0
974;0
975;0
976;0
977;0
978;0
979;0
980;2
981;0
982;0
983;0
984;2
985;0
986;0
987;0
988;0
989;0
990;0
991;0
992;2
993;0
994;0
995;0
996;1
997;0
998;0
999;0
1000;1
1001;0
1002;2
1003;2
1004;1
1005;0
1006;0
1007;0
1008;1
1009;0
1010;0
1011;0
1012;0
1013;1
1014;0
1015;0
1016;0
1017;0
1018;0
1019;0
1020;0
1021;0
1022;0
1023;0
