0;0
1;0
2;0
3;2
4;2
5;2
6;2
7;0
8;0
9;0
10;2
11;0
12;0
13;0
14;1
15;0
16;0
17;0
18;0
19;0
20;0
21;0
22;2
23;2
24;1
25;1
26;2
27;1
28;0
29;0
30;0
31;2
32;0
33;0
34;0
35;0
36;1
37;0
38;0
39;0
40;0
41;0
42;0
43;0
44;2
45;0
46;0
47;0
48;0
49;0
50;0
51;0
52;2
53;0
54;0
55;0
56;0
57;0
58;0
59;2
60;1
61;0
62;0
63;0
64;0
65;2
66;0
67;0
68;0
69;0
70;2
71;1
72;0
73;0
74;1
75;0
76;1
77;0
78;0
79;0
80;1
81;0
82;1
83;1
84;1
85;1
86;0
87;0
88;0
89;0
90;2
91;1
92;0
93;0
94;0
95;2
96;2
97;2
98;2
99;1
100;2
101;0
102;0
103;0
104;2
105;0
106;0
107;0
108;0
109;0
110;0
111;0
112;0
113;0
114;2
115;2
116;0
117;0
118;0
119;0
120;0
121;0
122;0
123;0
124;1
125;1
126;0
127;0
128;0
129;0
130;0
131;0
132;0
133;1
134;1
135;0
136;2
137;0
138;0
139;0
140;0
141;2
142;2
143;0
144;0
145;0
146;0
147;0
148;0
149;0
150;2
151;2
152;1
153;0
154;2
155;0
156;0
157;0
158;0
159;0
160;0
161;0
162;2
163;0
164;0
165;0
166;0
167;0
168;0
169;2
170;0
171;0
172;0
173;0
174;0
175;0
176;0
177;0
178;0
179;0
180;0
181;0
182;0
183;0
184;2
185;0
186;0
187;2
188;2
189;0
190;2
191;2
192;0
193;0
194;2
195;2
196;1
197;0
198;0
199;0
200;0
201;0
202;0
203;0
204;0
205;0
206;0
207;0
208;0
209;0
210;0
211;2
212;0
213;1
214;0
215;2
216;2
217;0
218;2
219;0
220;0
221;0
222;0
223;0
224;0
225;0
226;0
227;0
228;1
229;0
230;0
231;2
232;1
233;0
234;2
235;2
236;0
237;0
238;2
239;0
240;0
241;0
242;2
243;2
244;2
245;2
246;2
247;0
248;2
249;2
250;1
251;1
252;0
253;0
254;0
255;0
256;2
257;0
258;0
259;2
260;0
261;0
262;2
263;1
264;0
265;0
266;0
267;2
268;0
269;0
270;2
271;2
272;1
273;0
274;0
275;2
276;1
277;1
278;2
279;2
280;2
281;0
282;2
283;0
284;2
285;0
286;0
287;0
288;1
289;0
290;2
291;2
292;2
293;0
294;0
295;0
296;1
297;0
298;1
299;0
300;1
301;0
302;0
303;0
304;0
305;1
306;0
307;0
308;2
309;0
310;0
311;0
312;2
313;0
314;0
315;0
316;0
317;2
318;0
319;0
320;2
321;0
322;0
323;0
324;0
325;0
326;1
327;1
328;0
329;0
330;0
331;1
332;1
333;0
334;0
335;0
336;2
337;0
338;2
339;2
340;0
341;0
342;0
343;0
344;1
345;1
346;0
347;0
348;0
349;1
350;0
351;0
352;0
353;1
354;2
355;0
356;0
357;0
358;0
359;0
360;0
361;0
362;0
363;0
364;0
365;0
366;2
367;1
368;2
369;0
370;0
371;0
372;2
373;0
374;0
375;0
376;1
377;0
378;0
379;0
380;1
381;0
382;2
383;0
384;1
385;0
386;0
387;2
388;4
389;0
390;2
391;2
392;2
393;0
394;0
395;0
396;2
397;1
398;0
399;0
400;0
401;0
402;0
403;0
404;0
405;0
406;1
407;0
408;2
409;0
410;2
411;0
412;2
413;2
414;2
415;1
416;0
417;0
418;0
419;0
420;0
421;0
422;0
423;1
424;0
425;0
426;0
427;2
428;4
429;0
430;2
431;1
432;0
433;0
434;2
435;0
436;2
437;0
438;0
439;0
440;2
441;2
442;0
443;0
444;0
445;0
446;0
447;0
448;0
449;0
450;0
451;2
452;1
453;1
454;0
455;2
456;0
457;0
458;2
459;0
460;2
461;0
462;1
463;0
464;0
465;0
466;2
467;0
468;2
469;0
470;0
471;0
472;2
473;0
474;0
475;0
476;0
477;2
478;1
479;0
480;0
481;0
482;1
483;0
484;1
485;1
486;2
487;2
488;2
489;0
490;2
491;0
492;0
493;0
494;0
495;0
496;0
497;2
498;1
499;0
500;0
501;0
502;0
503;2
504;1
505;0
506;2
507;1
508;0
509;0
510;0
511;0
512;0
513;0
514;0
515;2
516;0
517;0
518;0
519;0
520;0
521;0
522;0
523;0
524;2
525;1
526;0
527;2
528;2
529;1
530;0
531;0
532;0
533;0
534;2
535;0
536;1
537;0
538;0
539;2
540;4
541;0
542;1
543;1
544;2
545;0
546;2
547;0
548;2
549;0
550;0
551;0
552;0
553;0
554;0
555;0
556;1
557;0
558;0
559;0
560;0
561;0
562;2
563;1
564;0
565;0
566;0
567;0
568;2
569;0
570;2
571;2
572;2
573;2
574;2
575;2
576;1
577;0
578;0
579;2
580;0
581;0
582;0
583;0
584;2
585;0
586;0
587;2
588;0
589;0
590;0
591;0
592;0
593;0
594;0
595;1
596;0
597;0
598;0
599;0
600;0
601;0
602;0
603;0
604;0
605;0
606;0
607;0
608;0
609;0
610;2
611;2
612;0
613;0
614;0
615;0
616;0
617;0
618;0
619;0
620;2
621;2
622;2
623;2
624;0
625;2
626;2
627;0
628;2
629;0
630;2
631;0
632;0
633;0
634;0
635;1
636;0
637;0
638;0
639;0
640;0
641;0
642;0
643;0
644;1
645;0
646;2
647;0
648;0
649;1
650;0
651;0
652;0
653;0
654;0
655;0
656;0
657;0
658;0
659;0
660;2
661;0
662;0
663;2
664;0
665;0
666;0
667;0
668;0
669;0
670;2
671;1
672;0
673;0
674;0
675;2
676;1
677;0
678;2
679;2
680;2
681;2
682;2
683;0
684;1
685;0
686;0
687;0
688;0
689;2
690;0
691;0
692;0
693;0
694;0
695;0
696;0
697;0
698;0
699;0
700;0
701;2
702;0
703;0
704;0
705;0
706;0
707;0
708;2
709;0
710;2
711;1
712;1
713;0
714;1
715;0
716;2
717;2
718;2
719;2
720;1
721;0
722;0
723;0
724;2
725;0
726;0
727;0
728;0
729;0
730;0
731;0
732;0
733;2
734;0
735;0
736;2
737;0
738;0
739;0
740;0
741;0
742;0
743;0
744;2
745;1
746;0
747;0
748;0
749;0
750;0
751;0
752;0
753;0
754;0
755;2
756;2
757;0
758;2
759;2
760;0
761;0
762;0
763;1
764;1
765;0
766;0
767;2
768;1
769;0
770;2
771;2
772;1
773;0
774;0
775;0
776;2
777;1
778;0
779;1
780;1
781;0
782;1
783;0
784;0
785;0
786;0
787;0
788;0
789;0
790;0
791;2
792;2
793;1
794;0
795;0
796;0
797;1
798;2
799;2
800;1
801;0
802;2
803;2
804;1
805;0
806;0
807;2
808;4
809;0
810;2
811;2
812;2
813;0
814;0
815;0
816;2
817;2
818;1
819;0
820;0
821;0
822;0
823;0
824;0
825;0
826;0
827;0
828;2
829;0
830;0
831;0
832;0
833;0
834;0
835;1
836;0
837;0
838;1
839;0
840;2
841;2
842;0
843;0
844;0
845;0
846;0
847;0
848;0
849;0
850;1
851;0
852;0
853;2
854;2
855;1
856;1
857;0
858;1
859;0
860;1
861;0
862;0
863;2
864;2
865;0
866;2
867;2
868;2
869;0
870;2
871;0
872;0
873;2
874;1
875;0
876;0
877;1
878;0
879;0
880;0
881;2
882;0
883;0
884;0
885;0
886;0
887;0
888;0
889;2
890;0
891;0
892;0
893;0
894;0
895;1
896;0
897;0
898;0
899;0
900;2
901;0
902;2
903;1
904;0
905;2
906;0
907;0
908;0
909;0
910;1
911;0
912;2
913;2
914;2
915;1
916;0
917;0
918;0
919;2
920;1
921;0
922;0
923;1
924;1
925;0
926;2
927;2
928;0
929;0
930;2
931;0
932;2
933;0
934;1
935;0
936;4
937;0
938;0
939;0
940;0
941;2
942;0
943;2
944;2
945;2
946;0
947;0
948;0
949;0
950;0
951;0
952;0
953;0
954;0
955;0
956;0
957;2
958;0
959;0
960;1
961;1
962;0
963;0
964;0
965;0
966;1
967;0
968;1
969;0
970;0
971;0
972;1
973;0
974;0
975;0
976;1
977;0
978;1
979;0
980;1
981;0
982;0
983;0
984;0
985;0
986;1
987;0
988;0
989;2
990;0
991;0
992;1
993;0
994;2
995;0
996;1
997;0
998;0
999;2
1000;1
1001;2
1002;2
1003;2
1004;0
1005;0
1006;2
1007;0
1008;2
1009;0
1010;2
1011;0
1012;1
1013;0
1014;0
1015;0
1016;0
1017;0
1018;0
1019;0
1020;0
1021;0
1022;0
1023;0
