0;1
1;0
2;0
3;2
4;2
5;0
6;2
7;2
8;2
9;1
10;2
11;2
12;1
13;0
14;0
15;0
16;0
17;2
18;1
19;2
20;2
21;2
22;0
23;1
24;0
25;0
26;2
27;0
28;0
29;0
30;0
31;0
32;1
33;4
34;2
35;0
36;2
37;1
38;1
39;0
40;2
41;1
42;1
43;0
44;0
45;0
46;0
47;0
48;0
49;2
50;0
51;0
52;2
53;0
54;1
55;0
56;0
57;0
58;0
59;0
60;1
61;1
62;0
63;0
64;0
65;0
66;0
67;0
68;0
69;0
70;0
71;0
72;0
73;0
74;0
75;1
76;2
77;2
78;2
79;1
80;0
81;0
82;0
83;2
84;0
85;0
86;2
87;1
88;0
89;0
90;0
91;0
92;2
93;0
94;2
95;0
96;1
97;0
98;0
99;1
100;2
101;1
102;2
103;1
104;0
105;0
106;0
107;2
108;2
109;0
110;2
111;0
112;2
113;0
114;0
115;0
116;0
117;0
118;0
119;1
120;0
121;0
122;0
123;0
124;0
125;2
126;0
127;1
128;0
129;1
130;0
131;0
132;0
133;1
134;0
135;2
136;0
137;0
138;2
139;0
140;0
141;2
142;2
143;2
144;2
145;0
146;0
147;2
148;0
149;0
150;0
151;0
152;2
153;0
154;2
155;0
156;0
157;0
158;0
159;0
160;0
161;0
162;2
163;0
164;2
165;0
166;0
167;0
168;0
169;0
170;0
171;0
172;0
173;0
174;2
175;0
176;0
177;0
178;0
179;0
180;0
181;2
182;2
183;2
184;2
185;2
186;0
187;0
188;1
189;2
190;2
191;2
192;1
193;0
194;0
195;0
196;1
197;0
198;0
199;1
200;0
201;1
202;0
203;0
204;2
205;2
206;1
207;0
208;1
209;0
210;0
211;0
212;0
213;0
214;2
215;2
216;0
217;0
218;1
219;0
220;0
221;0
222;0
223;0
224;2
225;0
226;0
227;0
228;2
229;2
230;0
231;0
232;1
233;0
234;0
235;2
236;2
237;0
238;2
239;1
240;0
241;2
242;0
243;2
244;0
245;1
246;1
247;0
248;0
249;0
250;2
251;0
252;0
253;0
254;2
255;0
256;0
257;0
258;2
259;0
260;0
261;0
262;2
263;2
264;0
265;2
266;2
267;1
268;0
269;0
270;0
271;0
272;0
273;0
274;0
275;0
276;1
277;0
278;0
279;1
280;0
281;2
282;0
283;0
284;0
285;0
286;0
287;0
288;2
289;0
290;1
291;0
292;0
293;1
294;0
295;0
296;2
297;0
298;0
299;0
300;0
301;0
302;0
303;0
304;2
305;2
306;1
307;0
308;0
309;0
310;0
311;0
312;0
313;0
314;1
315;0
316;0
317;1
318;0
319;2
320;2
321;2
322;2
323;2
324;1
325;0
326;0
327;0
328;1
329;0
330;0
331;0
332;2
333;1
334;1
335;2
336;2
337;0
338;0
339;0
340;0
341;0
342;0
343;0
344;0
345;1
346;0
347;2
348;2
349;2
350;2
351;2
352;1
353;0
354;0
355;0
356;0
357;2
358;0
359;0
360;0
361;0
362;0
363;0
364;0
365;0
366;2
367;2
368;0
369;0
370;0
371;0
372;2
373;0
374;0
375;0
376;1
377;0
378;2
379;0
380;0
381;0
382;0
383;2
384;0
385;0
386;1
387;0
388;1
389;0
390;2
391;2
392;1
393;0
394;0
395;2
396;4
397;0
398;2
399;2
400;2
401;0
402;0
403;0
404;2
405;1
406;0
407;1
408;0
409;0
410;0
411;0
412;0
413;0
414;0
415;0
416;0
417;0
418;0
419;1
420;2
421;1
422;0
423;0
424;1
425;1
426;0
427;0
428;2
429;1
430;0
431;1
432;1
433;0
434;0
435;0
436;0
437;0
438;0
439;0
440;0
441;1
442;2
443;0
444;0
445;0
446;2
447;2
448;1
449;0
450;0
451;0
452;0
453;2
454;0
455;0
456;1
457;0
458;0
459;2
460;0
461;0
462;0
463;1
464;0
465;0
466;2
467;2
468;0
469;1
470;1
471;0
472;0
473;0
474;0
475;0
476;0
477;0
478;0
479;0
480;0
481;0
482;1
483;0
484;2
485;0
486;0
487;0
488;1
489;0
490;2
491;0
492;1
493;1
494;0
495;0
496;0
497;0
498;0
499;0
500;0
501;0
502;0
503;0
504;2
505;2
506;2
507;1
508;0
509;0
510;0
511;0
512;0
513;1
514;0
515;0
516;1
517;0
518;1
519;0
520;0
521;0
522;0
523;0
524;0
525;0
526;0
527;0
528;1
529;0
530;0
531;0
532;0
533;0
534;0
535;2
536;0
537;0
538;0
539;2
540;1
541;0
542;0
543;0
544;0
545;0
546;0
547;2
548;2
549;1
550;2
551;0
552;0
553;0
554;0
555;0
556;0
557;0
558;0
559;0
560;0
561;0
562;0
563;0
564;0
565;0
566;1
567;0
568;0
569;0
570;0
571;0
572;2
573;2
574;0
575;1
576;1
577;0
578;0
579;0
580;0
581;0
582;0
583;0
584;0
585;0
586;0
587;0
588;1
589;0
590;0
591;0
592;2
593;0
594;0
595;0
596;2
597;0
598;0
599;0
600;0
601;2
602;0
603;0
604;2
605;1
606;1
607;0
608;0
609;2
610;0
611;0
612;0
613;0
614;1
615;2
616;2
617;2
618;0
619;0
620;1
621;0
622;0
623;0
624;1
625;1
626;0
627;0
628;0
629;0
630;0
631;0
632;0
633;0
634;0
635;0
636;2
637;0
638;0
639;0
640;4
641;0
642;0
643;2
644;0
645;0
646;0
647;0
648;1
649;0
650;2
651;0
652;0
653;0
654;0
655;0
656;0
657;0
658;2
659;2
660;0
661;0
662;0
663;0
664;1
665;0
666;0
667;1
668;2
669;2
670;1
671;0
672;0
673;0
674;0
675;2
676;2
677;0
678;0
679;1
680;0
681;0
682;0
683;0
684;0
685;2
686;1
687;0
688;0
689;0
690;0
691;2
692;0
693;0
694;0
695;1
696;0
697;0
698;0
699;0
700;2
701;0
702;0
703;0
704;1
705;0
706;0
707;0
708;0
709;0
710;0
711;0
712;0
713;0
714;0
715;0
716;0
717;2
718;0
719;0
720;0
721;2
722;1
723;0
724;2
725;0
726;0
727;2
728;0
729;0
730;0
731;0
732;0
733;0
734;0
735;0
736;1
737;0
738;2
739;0
740;0
741;0
742;2
743;2
744;0
745;0
746;0
747;0
748;1
749;0
750;0
751;0
752;0
753;2
754;0
755;2
756;0
757;0
758;0
759;0
760;0
761;2
762;2
763;2
764;0
765;0
766;1
767;0
768;0
769;0
770;2
771;0
772;0
773;0
774;0
775;0
776;2
777;0
778;0
779;2
780;2
781;0
782;0
783;0
784;0
785;0
786;0
787;0
788;0
789;0
790;1
791;2
792;1
793;0
794;0
795;1
796;2
797;0
798;2
799;2
800;2
801;0
802;2
803;2
804;1
805;1
806;0
807;0
808;1
809;0
810;0
811;1
812;0
813;1
814;0
815;0
816;2
817;0
818;0
819;0
820;0
821;2
822;0
823;0
824;2
825;2
826;2
827;2
828;0
829;0
830;0
831;0
832;0
833;0
834;1
835;2
836;1
837;0
838;1
839;2
840;2
841;0
842;0
843;0
844;2
845;0
846;0
847;0
848;0
849;2
850;0
851;0
852;0
853;0
854;0
855;0
856;0
857;2
858;2
859;0
860;0
861;0
862;0
863;0
864;1
865;2
866;0
867;0
868;0
869;0
870;2
871;0
872;0
873;1
874;1
875;0
876;0
877;1
878;1
879;0
880;1
881;0
882;0
883;2
884;0
885;0
886;1
887;0
888;1
889;1
890;1
891;1
892;0
893;0
894;0
895;2
896;1
897;0
898;1
899;0
900;0
901;0
902;0
903;0
904;0
905;2
906;0
907;0
908;0
909;0
910;0
911;0
912;0
913;0
914;0
915;1
916;0
917;0
918;2
919;1
920;2
921;0
922;0
923;0
924;0
925;2
926;2
927;1
928;0
929;0
930;0
931;0
932;0
933;2
934;2
935;2
936;2
937;0
938;2
939;0
940;0
941;0
942;0
943;0
944;0
945;0
946;1
947;0
948;0
949;1
950;0
951;0
952;0
953;0
954;0
955;0
956;1
957;0
958;0
959;1
960;0
961;0
962;0
963;0
964;0
965;0
966;1
967;2
968;1
969;0
970;0
971;0
972;2
973;0
974;0
975;0
976;0
977;0
978;0
979;2
980;0
981;0
982;0
983;0
984;1
985;0
986;0
987;0
988;0
989;0
990;2
991;2
992;0
993;0
994;0
995;2
996;2
997;0
998;2
999;2
1000;0
1001;0
1002;2
1003;0
1004;0
1005;0
1006;0
1007;0
1008;1
1009;0
1010;0
1011;1
1012;1
1013;0
1014;1
1015;1
1016;0
1017;0
1018;0
1019;0
1020;0
1021;0
1022;0
1023;0
