0;1
1;0
2;0
3;2
4;2
5;0
6;2
7;1
8;0
9;0
10;2
11;0
12;0
13;0
14;0
15;0
16;0
17;0
18;2
19;2
20;2
21;1
22;1
23;0
24;0
25;1
26;2
27;0
28;2
29;0
30;0
31;2
32;0
33;2
34;0
35;0
36;0
37;2
38;0
39;0
40;0
41;0
42;0
43;0
44;2
45;2
46;0
47;0
48;1
49;0
50;1
51;0
52;0
53;0
54;2
55;0
56;0
57;0
58;0
59;2
60;2
61;0
62;2
63;2
64;2
65;0
66;0
67;2
68;1
69;0
70;1
71;0
72;1
73;0
74;0
75;0
76;0
77;0
78;0
79;0
80;0
81;0
82;0
83;0
84;1
85;0
86;0
87;0
88;0
89;2
90;0
91;0
92;2
93;0
94;2
95;0
96;1
97;1
98;0
99;0
100;0
101;0
102;0
103;1
104;0
105;0
106;0
107;2
108;1
109;1
110;2
111;2
112;2
113;0
114;2
115;0
116;2
117;0
118;0
119;0
120;2
121;0
122;1
123;0
124;0
125;0
126;1
127;0
128;0
129;0
130;0
131;0
132;0
133;1
134;1
135;0
136;0
137;0
138;0
139;0
140;0
141;0
142;0
143;0
144;0
145;1
146;1
147;0
148;0
149;0
150;0
151;0
152;2
153;0
154;2
155;0
156;1
157;0
158;0
159;0
160;0
161;2
162;2
163;2
164;1
165;0
166;0
167;0
168;0
169;0
170;0
171;0
172;2
173;0
174;0
175;0
176;0
177;0
178;1
179;0
180;0
181;0
182;0
183;0
184;0
185;0
186;0
187;0
188;0
189;0
190;0
191;0
192;0
193;0
194;0
195;0
196;2
197;0
198;0
199;0
200;1
201;0
202;0
203;0
204;0
205;0
206;0
207;0
208;2
209;0
210;2
211;2
212;0
213;0
214;2
215;2
216;0
217;0
218;0
219;0
220;0
221;2
222;2
223;2
224;0
225;0
226;2
227;0
228;0
229;0
230;0
231;0
232;0
233;0
234;0
235;1
236;0
237;0
238;0
239;2
240;1
241;0
242;0
243;0
244;0
245;2
246;2
247;2
248;0
249;0
250;0
251;2
252;1
253;0
254;0
255;0
256;0
257;2
258;2
259;2
260;2
261;2
262;0
263;2
264;0
265;0
266;2
267;0
268;0
269;2
270;0
271;0
272;1
273;0
274;2
275;0
276;0
277;0
278;0
279;0
280;2
281;2
282;1
283;0
284;1
285;0
286;0
287;2
288;0
289;0
290;1
291;0
292;1
293;0
294;0
295;2
296;4
297;2
298;2
299;2
300;2
301;0
302;0
303;0
304;2
305;0
306;1
307;0
308;1
309;2
310;0
311;0
312;2
313;0
314;0
315;1
316;0
317;1
318;0
319;0
320;2
321;0
322;0
323;2
324;0
325;0
326;0
327;0
328;0
329;1
330;0
331;0
332;0
333;1
334;0
335;0
336;0
337;0
338;0
339;2
340;1
341;0
342;0
343;1
344;0
345;0
346;0
347;0
348;0
349;0
350;0
351;0
352;1
353;0
354;0
355;0
356;2
357;2
358;0
359;0
360;0
361;0
362;2
363;2
364;1
365;0
366;0
367;0
368;2
369;0
370;0
371;0
372;0
373;0
374;2
375;0
376;1
377;0
378;2
379;0
380;2
381;0
382;2
383;0
384;4
385;0
386;0
387;0
388;0
389;1
390;0
391;2
392;1
393;0
394;0
395;2
396;2
397;1
398;0
399;0
400;0
401;0
402;0
403;0
404;0
405;0
406;0
407;0
408;0
409;2
410;0
411;0
412;0
413;0
414;0
415;0
416;0
417;0
418;0
419;0
420;0
421;2
422;1
423;2
424;2
425;2
426;1
427;0
428;0
429;1
430;0
431;0
432;0
433;0
434;0
435;0
436;0
437;0
438;2
439;0
440;0
441;0
442;0
443;2
444;2
445;0
446;2
447;2
448;1
449;0
450;0
451;0
452;0
453;2
454;2
455;0
456;2
457;0
458;2
459;0
460;2
461;0
462;0
463;0
464;1
465;0
466;0
467;0
468;0
469;0
470;0
471;2
472;2
473;0
474;2
475;1
476;0
477;0
478;0
479;0
480;1
481;0
482;0
483;0
484;1
485;0
486;0
487;1
488;0
489;0
490;2
491;0
492;2
493;0
494;0
495;0
496;2
497;0
498;0
499;0
500;0
501;2
502;2
503;2
504;2
505;0
506;0
507;0
508;1
509;0
510;0
511;0
512;2
513;2
514;0
515;0
516;2
517;0
518;0
519;1
520;0
521;2
522;0
523;0
524;2
525;0
526;0
527;0
528;0
529;0
530;0
531;1
532;0
533;0
534;1
535;0
536;0
537;2
538;1
539;0
540;0
541;2
542;0
543;0
544;0
545;0
546;0
547;1
548;0
549;0
550;0
551;1
552;0
553;0
554;0
555;0
556;1
557;2
558;1
559;1
560;2
561;0
562;0
563;0
564;2
565;0
566;2
567;0
568;2
569;1
570;0
571;0
572;0
573;1
574;0
575;1
576;0
577;0
578;0
579;0
580;0
581;1
582;0
583;2
584;2
585;0
586;2
587;0
588;1
589;2
590;0
591;0
592;0
593;0
594;0
595;1
596;1
597;0
598;0
599;0
600;0
601;0
602;2
603;0
604;0
605;0
606;2
607;2
608;1
609;0
610;0
611;0
612;2
613;0
614;2
615;0
616;0
617;0
618;0
619;0
620;0
621;0
622;0
623;0
624;0
625;0
626;2
627;0
628;2
629;1
630;1
631;2
632;0
633;2
634;0
635;0
636;1
637;0
638;1
639;2
640;2
641;0
642;0
643;2
644;2
645;2
646;0
647;0
648;0
649;0
650;0
651;0
652;0
653;0
654;2
655;0
656;0
657;0
658;0
659;2
660;2
661;0
662;1
663;2
664;2
665;0
666;1
667;0
668;0
669;2
670;0
671;0
672;2
673;2
674;1
675;0
676;2
677;1
678;0
679;0
680;1
681;0
682;0
683;2
684;4
685;0
686;0
687;2
688;2
689;0
690;2
691;0
692;2
693;0
694;0
695;2
696;2
697;0
698;0
699;0
700;0
701;0
702;0
703;1
704;2
705;2
706;1
707;0
708;2
709;0
710;0
711;2
712;1
713;0
714;0
715;0
716;2
717;0
718;2
719;2
720;2
721;0
722;2
723;0
724;2
725;1
726;0
727;0
728;0
729;0
730;2
731;2
732;1
733;2
734;0
735;1
736;0
737;2
738;2
739;2
740;2
741;0
742;0
743;0
744;1
745;0
746;0
747;0
748;0
749;0
750;0
751;0
752;2
753;2
754;0
755;0
756;0
757;0
758;0
759;0
760;0
761;0
762;0
763;2
764;2
765;0
766;0
767;0
768;0
769;0
770;0
771;0
772;0
773;1
774;0
775;1
776;2
777;0
778;0
779;0
780;1
781;0
782;0
783;0
784;1
785;0
786;0
787;0
788;0
789;0
790;0
791;0
792;0
793;0
794;2
795;2
796;2
797;0
798;0
799;2
800;2
801;0
802;2
803;2
804;0
805;0
806;2
807;0
808;1
809;0
810;2
811;2
812;1
813;0
814;2
815;2
816;1
817;0
818;0
819;2
820;2
821;0
822;2
823;1
824;0
825;0
826;2
827;2
828;1
829;1
830;0
831;0
832;0
833;0
834;1
835;0
836;2
837;0
838;0
839;0
840;1
841;0
842;0
843;0
844;0
845;0
846;1
847;0
848;0
849;0
850;1
851;0
852;0
853;0
854;0
855;2
856;2
857;0
858;0
859;2
860;2
861;0
862;2
863;2
864;2
865;0
866;0
867;0
868;0
869;0
870;0
871;1
872;0
873;0
874;0
875;2
876;2
877;1
878;0
879;0
880;0
881;0
882;0
883;0
884;2
885;1
886;0
887;0
888;0
889;0
890;0
891;2
892;0
893;0
894;0
895;1
896;0
897;1
898;0
899;0
900;0
901;0
902;0
903;0
904;0
905;2
906;0
907;0
908;0
909;1
910;0
911;2
912;1
913;0
914;0
915;0
916;1
917;0
918;2
919;2
920;4
921;0
922;0
923;0
924;2
925;0
926;1
927;0
928;1
929;0
930;0
931;0
932;0
933;1
934;0
935;1
936;0
937;2
938;0
939;0
940;0
941;2
942;2
943;0
944;0
945;0
946;2
947;0
948;2
949;0
950;4
951;0
952;0
953;0
954;0
955;0
956;2
957;0
958;1
959;0
960;1
961;0
962;0
963;2
964;4
965;0
966;0
967;2
968;2
969;0
970;0
971;0
972;1
973;0
974;0
975;0
976;0
977;0
978;2
979;2
980;2
981;0
982;0
983;0
984;2
985;0
986;0
987;0
988;0
989;0
990;0
991;0
992;2
993;0
994;0
995;0
996;2
997;0
998;0
999;0
1000;0
1001;0
1002;1
1003;1
1004;1
1005;0
1006;0
1007;0
1008;1
1009;1
1010;1
1011;0
1012;0
1013;1
1014;0
1015;0
1016;0
1017;0
1018;0
1019;0
1020;0
1021;0
1022;0
1023;0
