0;1
1;0
2;0
3;2
4;2
5;0
6;0
7;1
8;2
9;0
10;0
11;0
12;2
13;0
14;0
15;0
16;0
17;1
18;0
19;0
20;2
21;0
22;0
23;2
24;0
25;2
26;1
27;0
28;1
29;0
30;2
31;2
32;1
33;0
34;0
35;2
36;2
37;0
38;0
39;2
40;2
41;0
42;2
43;0
44;0
45;0
46;0
47;2
48;0
49;0
50;0
51;2
52;0
53;0
54;0
55;0
56;0
57;0
58;0
59;0
60;1
61;1
62;0
63;0
64;2
65;0
66;0
67;0
68;0
69;0
70;1
71;0
72;1
73;0
74;0
75;0
76;4
77;0
78;2
79;2
80;0
81;0
82;2
83;0
84;1
85;0
86;0
87;2
88;2
89;0
90;0
91;0
92;0
93;2
94;2
95;0
96;2
97;0
98;0
99;2
100;0
101;0
102;0
103;0
104;2
105;1
106;0
107;0
108;1
109;0
110;2
111;1
112;0
113;0
114;0
115;2
116;2
117;0
118;2
119;2
120;2
121;0
122;2
123;0
124;1
125;0
126;0
127;0
128;4
129;0
130;0
131;0
132;0
133;0
134;2
135;2
136;1
137;0
138;0
139;2
140;0
141;0
142;1
143;0
144;2
145;0
146;0
147;0
148;2
149;0
150;0
151;0
152;0
153;0
154;0
155;0
156;2
157;0
158;0
159;0
160;2
161;1
162;0
163;2
164;1
165;0
166;0
167;2
168;1
169;1
170;2
171;2
172;2
173;0
174;2
175;0
176;2
177;2
178;0
179;0
180;0
181;0
182;2
183;2
184;1
185;0
186;0
187;2
188;1
189;0
190;2
191;2
192;0
193;0
194;0
195;0
196;4
197;0
198;0
199;0
200;0
201;2
202;0
203;2
204;1
205;0
206;2
207;0
208;2
209;0
210;0
211;0
212;4
213;0
214;2
215;2
216;2
217;0
218;2
219;0
220;2
221;0
222;2
223;2
224;0
225;0
226;0
227;0
228;0
229;2
230;2
231;0
232;1
233;0
234;2
235;2
236;1
237;0
238;0
239;1
240;1
241;0
242;2
243;2
244;0
245;2
246;2
247;0
248;1
249;0
250;2
251;2
252;0
253;0
254;0
255;0
256;4
257;0
258;2
259;2
260;2
261;0
262;2
263;0
264;1
265;1
266;0
267;0
268;2
269;0
270;0
271;0
272;0
273;0
274;2
275;2
276;1
277;0
278;0
279;2
280;2
281;2
282;2
283;2
284;2
285;0
286;2
287;0
288;0
289;0
290;0
291;0
292;0
293;0
294;0
295;1
296;0
297;0
298;0
299;0
300;0
301;2
302;0
303;0
304;0
305;0
306;0
307;2
308;0
309;0
310;0
311;0
312;0
313;0
314;0
315;0
316;0
317;0
318;2
319;2
320;1
321;0
322;0
323;2
324;4
325;0
326;1
327;1
328;2
329;0
330;2
331;0
332;1
333;0
334;0
335;0
336;0
337;2
338;0
339;2
340;0
341;1
342;0
343;2
344;2
345;0
346;0
347;0
348;0
349;0
350;0
351;0
352;0
353;0
354;2
355;1
356;1
357;0
358;1
359;0
360;1
361;0
362;0
363;2
364;0
365;0
366;0
367;2
368;2
369;0
370;2
371;0
372;0
373;1
374;0
375;0
376;0
377;2
378;0
379;0
380;2
381;2
382;2
383;2
384;2
385;0
386;0
387;2
388;0
389;2
390;0
391;0
392;2
393;0
394;0
395;2
396;1
397;0
398;0
399;0
400;0
401;0
402;2
403;2
404;1
405;0
406;0
407;2
408;0
409;0
410;2
411;2
412;2
413;0
414;0
415;0
416;0
417;0
418;1
419;0
420;0
421;0
422;0
423;0
424;1
425;0
426;0
427;2
428;1
429;0
430;0
431;2
432;1
433;0
434;2
435;2
436;2
437;0
438;2
439;0
440;2
441;2
442;0
443;0
444;0
445;0
446;0
447;1
448;0
449;0
450;0
451;2
452;1
453;0
454;2
455;2
456;1
457;0
458;0
459;2
460;1
461;2
462;2
463;2
464;2
465;0
466;0
467;0
468;2
469;2
470;2
471;0
472;1
473;0
474;0
475;0
476;0
477;2
478;0
479;0
480;0
481;0
482;1
483;0
484;1
485;0
486;1
487;2
488;0
489;0
490;2
491;0
492;0
493;0
494;0
495;2
496;1
497;0
498;2
499;1
500;0
501;0
502;0
503;2
504;2
505;0
506;0
507;1
508;0
509;0
510;0
511;0
512;1
513;0
514;0
515;0
516;0
517;0
518;2
519;0
520;2
521;0
522;0
523;0
524;0
525;0
526;2
527;0
528;1
529;1
530;0
531;2
532;0
533;0
534;2
535;2
536;2
537;0
538;0
539;0
540;2
541;0
542;2
543;0
544;1
545;0
546;1
547;0
548;2
549;1
550;0
551;2
552;0
553;1
554;0
555;0
556;2
557;1
558;1
559;0
560;0
561;0
562;0
563;0
564;1
565;0
566;2
567;2
568;0
569;0
570;0
571;2
572;4
573;2
574;2
575;2
576;2
577;0
578;2
579;0
580;1
581;0
582;0
583;0
584;0
585;2
586;0
587;0
588;0
589;0
590;2
591;0
592;0
593;0
594;0
595;2
596;2
597;0
598;0
599;0
600;0
601;0
602;0
603;2
604;1
605;0
606;0
607;2
608;2
609;0
610;2
611;2
612;2
613;0
614;2
615;2
616;2
617;0
618;1
619;0
620;2
621;0
622;0
623;0
624;0
625;0
626;0
627;2
628;0
629;0
630;0
631;0
632;0
633;0
634;0
635;2
636;4
637;2
638;2
639;1
640;0
641;0
642;2
643;0
644;1
645;0
646;2
647;2
648;0
649;1
650;0
651;0
652;0
653;0
654;1
655;0
656;0
657;0
658;0
659;0
660;1
661;0
662;0
663;2
664;2
665;2
666;2
667;1
668;0
669;0
670;2
671;0
672;2
673;1
674;0
675;2
676;0
677;0
678;1
679;0
680;1
681;0
682;0
683;1
684;1
685;2
686;2
687;0
688;0
689;0
690;2
691;1
692;0
693;0
694;0
695;2
696;2
697;0
698;2
699;1
700;0
701;0
702;2
703;0
704;2
705;0
706;0
707;0
708;0
709;0
710;0
711;2
712;2
713;0
714;0
715;1
716;0
717;0
718;0
719;0
720;0
721;0
722;2
723;1
724;0
725;0
726;0
727;2
728;2
729;0
730;2
731;2
732;2
733;0
734;2
735;0
736;1
737;1
738;0
739;0
740;0
741;1
742;0
743;0
744;1
745;0
746;0
747;2
748;4
749;0
750;2
751;2
752;2
753;2
754;2
755;0
756;2
757;0
758;1
759;0
760;0
761;0
762;0
763;0
764;0
765;0
766;0
767;0
768;0
769;2
770;2
771;0
772;2
773;2
774;0
775;2
776;2
777;0
778;0
779;0
780;0
781;0
782;0
783;2
784;1
785;0
786;2
787;1
788;0
789;0
790;0
791;1
792;0
793;2
794;2
795;2
796;2
797;0
798;2
799;0
800;0
801;0
802;0
803;0
804;0
805;0
806;1
807;0
808;2
809;0
810;0
811;0
812;0
813;0
814;0
815;0
816;0
817;0
818;0
819;0
820;0
821;0
822;0
823;0
824;1
825;0
826;2
827;2
828;1
829;0
830;0
831;2
832;2
833;0
834;2
835;2
836;0
837;0
838;2
839;1
840;0
841;0
842;1
843;0
844;1
845;0
846;0
847;2
848;1
849;0
850;0
851;2
852;2
853;0
854;2
855;2
856;2
857;0
858;0
859;0
860;1
861;0
862;2
863;0
864;0
865;0
866;0
867;0
868;2
869;0
870;0
871;0
872;0
873;1
874;0
875;2
876;2
877;0
878;2
879;1
880;1
881;0
882;0
883;1
884;0
885;0
886;0
887;2
888;2
889;0
890;2
891;2
892;2
893;0
894;2
895;0
896;2
897;2
898;2
899;0
900;0
901;0
902;0
903;1
904;0
905;0
906;0
907;2
908;4
909;0
910;1
911;0
912;0
913;0
914;2
915;0
916;1
917;1
918;0
919;0
920;2
921;0
922;1
923;0
924;0
925;0
926;2
927;0
928;0
929;0
930;0
931;0
932;1
933;1
934;0
935;0
936;0
937;0
938;2
939;2
940;1
941;1
942;0
943;2
944;2
945;0
946;2
947;2
948;2
949;0
950;2
951;0
952;1
953;0
954;0
955;0
956;1
957;0
958;0
959;1
960;1
961;0
962;0
963;0
964;0
965;0
966;0
967;0
968;0
969;0
970;2
971;0
972;0
973;0
974;2
975;2
976;1
977;0
978;0
979;2
980;4
981;2
982;2
983;2
984;0
985;0
986;0
987;0
988;1
989;0
990;1
991;0
992;2
993;0
994;0
995;0
996;0
997;1
998;0
999;0
1000;1
1001;0
1002;2
1003;2
1004;1
1005;0
1006;0
1007;2
1008;3
1009;0
1010;2
1011;2
1012;1
1013;0
1014;1
1015;0
1016;0
1017;0
1018;0
1019;0
1020;0
1021;0
1022;0
1023;0
