0;2
1;0
2;0
3;2
4;4
5;0
6;2
7;2
8;2
9;1
10;2
11;1
12;1
13;0
14;1
15;0
16;0
17;2
18;2
19;2
20;2
21;2
22;0
23;0
24;1
25;0
26;0
27;2
28;2
29;0
30;0
31;0
32;1
33;2
34;2
35;0
36;2
37;0
38;0
39;0
40;1
41;0
42;1
43;0
44;2
45;1
46;0
47;0
48;1
49;2
50;0
51;2
52;1
53;0
54;0
55;0
56;0
57;0
58;0
59;0
60;0
61;1
62;0
63;2
64;0
65;0
66;0
67;0
68;0
69;0
70;0
71;0
72;1
73;0
74;0
75;0
76;0
77;2
78;2
79;2
80;2
81;0
82;0
83;2
84;0
85;2
86;0
87;0
88;1
89;0
90;0
91;0
92;0
93;1
94;1
95;0
96;0
97;0
98;0
99;0
100;0
101;1
102;1
103;0
104;0
105;1
106;0
107;1
108;0
109;2
110;0
111;0
112;1
113;0
114;0
115;0
116;0
117;2
118;0
119;0
120;2
121;2
122;2
123;0
124;0
125;0
126;1
127;0
128;0
129;2
130;1
131;0
132;1
133;0
134;2
135;0
136;1
137;0
138;0
139;2
140;2
141;0
142;0
143;0
144;1
145;0
146;2
147;0
148;1
149;0
150;1
151;0
152;0
153;1
154;0
155;1
156;0
157;0
158;0
159;0
160;0
161;0
162;0
163;1
164;0
165;1
166;1
167;2
168;2
169;0
170;1
171;0
172;2
173;1
174;1
175;0
176;0
177;0
178;0
179;0
180;1
181;0
182;0
183;0
184;0
185;0
186;0
187;0
188;2
189;0
190;2
191;0
192;0
193;2
194;2
195;0
196;2
197;0
198;1
199;0
200;0
201;0
202;0
203;0
204;0
205;2
206;1
207;0
208;2
209;2
210;1
211;0
212;2
213;0
214;2
215;0
216;0
217;0
218;2
219;0
220;0
221;0
222;0
223;0
224;1
225;2
226;0
227;0
228;2
229;0
230;0
231;0
232;0
233;0
234;0
235;0
236;0
237;2
238;0
239;0
240;2
241;0
242;0
243;0
244;0
245;2
246;0
247;2
248;0
249;1
250;1
251;0
252;0
253;0
254;2
255;0
256;0
257;0
258;1
259;0
260;0
261;0
262;2
263;0
264;0
265;2
266;2
267;0
268;1
269;0
270;0
271;0
272;0
273;2
274;1
275;0
276;0
277;0
278;0
279;0
280;1
281;0
282;0
283;0
284;2
285;0
286;0
287;0
288;1
289;0
290;2
291;0
292;2
293;0
294;1
295;1
296;0
297;1
298;0
299;0
300;0
301;2
302;2
303;0
304;0
305;0
306;0
307;0
308;2
309;2
310;1
311;0
312;0
313;0
314;0
315;2
316;0
317;0
318;0
319;0
320;1
321;1
322;0
323;2
324;2
325;0
326;0
327;2
328;0
329;2
330;1
331;0
332;1
333;0
334;0
335;0
336;2
337;0
338;0
339;0
340;2
341;0
342;0
343;0
344;2
345;0
346;0
347;2
348;0
349;0
350;2
351;1
352;0
353;0
354;0
355;2
356;2
357;0
358;2
359;0
360;2
361;2
362;2
363;0
364;1
365;0
366;1
367;0
368;0
369;1
370;1
371;0
372;0
373;1
374;0
375;0
376;0
377;0
378;0
379;0
380;0
381;0
382;2
383;2
384;0
385;2
386;0
387;0
388;0
389;0
390;0
391;0
392;0
393;0
394;1
395;1
396;0
397;2
398;0
399;0
400;0
401;0
402;2
403;0
404;0
405;2
406;0
407;2
408;2
409;0
410;0
411;0
412;2
413;1
414;1
415;0
416;1
417;0
418;1
419;2
420;2
421;2
422;0
423;2
424;1
425;1
426;0
427;0
428;0
429;1
430;0
431;2
432;2
433;2
434;0
435;0
436;0
437;0
438;0
439;0
440;0
441;2
442;0
443;1
444;0
445;0
446;2
447;1
448;0
449;0
450;0
451;0
452;0
453;0
454;0
455;0
456;1
457;0
458;2
459;2
460;1
461;0
462;0
463;0
464;2
465;2
466;2
467;0
468;2
469;0
470;2
471;0
472;2
473;2
474;1
475;0
476;1
477;0
478;0
479;0
480;0
481;2
482;2
483;0
484;0
485;0
486;0
487;0
488;0
489;0
490;0
491;0
492;2
493;0
494;0
495;0
496;0
497;0
498;0
499;0
500;1
501;1
502;0
503;0
504;0
505;2
506;0
507;2
508;0
509;0
510;0
511;0
512;0
513;2
514;0
515;2
516;2
517;2
518;1
519;0
520;0
521;2
522;1
523;2
524;1
525;0
526;2
527;0
528;0
529;0
530;1
531;0
532;0
533;0
534;2
535;0
536;1
537;0
538;0
539;0
540;0
541;0
542;1
543;1
544;0
545;0
546;0
547;0
548;2
549;0
550;0
551;1
552;0
553;1
554;0
555;1
556;0
557;2
558;2
559;0
560;0
561;0
562;0
563;0
564;0
565;0
566;2
567;1
568;1
569;0
570;0
571;0
572;0
573;0
574;0
575;1
576;0
577;0
578;0
579;0
580;2
581;2
582;2
583;0
584;2
585;1
586;0
587;0
588;0
589;0
590;0
591;0
592;0
593;0
594;0
595;1
596;0
597;0
598;0
599;0
600;0
601;2
602;0
603;2
604;2
605;0
606;0
607;0
608;0
609;0
610;0
611;0
612;0
613;0
614;0
615;0
616;0
617;0
618;0
619;0
620;0
621;2
622;1
623;0
624;2
625;2
626;0
627;0
628;2
629;1
630;1
631;0
632;1
633;1
634;0
635;2
636;0
637;1
638;2
639;0
640;0
641;0
642;2
643;0
644;2
645;2
646;0
647;0
648;0
649;0
650;0
651;0
652;0
653;0
654;1
655;0
656;0
657;0
658;0
659;0
660;0
661;1
662;0
663;0
664;0
665;0
666;2
667;2
668;0
669;2
670;0
671;0
672;1
673;2
674;0
675;2
676;1
677;0
678;1
679;1
680;0
681;0
682;0
683;0
684;0
685;0
686;0
687;0
688;1
689;1
690;0
691;1
692;1
693;0
694;0
695;0
696;0
697;1
698;2
699;2
700;1
701;0
702;1
703;0
704;1
705;1
706;0
707;0
708;0
709;0
710;2
711;0
712;0
713;0
714;0
715;0
716;0
717;1
718;0
719;0
720;0
721;0
722;0
723;0
724;0
725;0
726;0
727;0
728;0
729;0
730;1
731;0
732;2
733;2
734;0
735;1
736;0
737;0
738;2
739;0
740;2
741;0
742;0
743;0
744;0
745;2
746;2
747;0
748;0
749;0
750;0
751;1
752;0
753;1
754;0
755;0
756;1
757;0
758;0
759;0
760;0
761;2
762;0
763;2
764;0
765;0
766;0
767;0
768;0
769;0
770;1
771;0
772;0
773;0
774;1
775;0
776;0
777;0
778;2
779;0
780;0
781;0
782;0
783;0
784;0
785;0
786;0
787;1
788;0
789;0
790;0
791;0
792;0
793;0
794;1
795;0
796;0
797;0
798;1
799;0
800;0
801;1
802;0
803;0
804;0
805;0
806;2
807;2
808;2
809;0
810;1
811;0
812;1
813;0
814;2
815;1
816;0
817;0
818;0
819;2
820;2
821;0
822;2
823;2
824;2
825;0
826;2
827;0
828;1
829;0
830;0
831;0
832;0
833;2
834;2
835;1
836;0
837;0
838;2
839;2
840;0
841;2
842;2
843;2
844;2
845;0
846;0
847;0
848;0
849;2
850;1
851;2
852;1
853;0
854;0
855;2
856;0
857;0
858;1
859;0
860;0
861;0
862;1
863;0
864;0
865;1
866;1
867;0
868;1
869;0
870;0
871;1
872;0
873;2
874;2
875;0
876;0
877;0
878;0
879;0
880;2
881;0
882;0
883;2
884;0
885;0
886;0
887;0
888;0
889;1
890;1
891;0
892;0
893;0
894;0
895;0
896;1
897;0
898;0
899;1
900;0
901;2
902;2
903;0
904;0
905;0
906;0
907;0
908;0
909;0
910;0
911;2
912;2
913;2
914;2
915;2
916;2
917;0
918;1
919;0
920;1
921;0
922;0
923;0
924;0
925;2
926;1
927;0
928;0
929;0
930;0
931;0
932;2
933;2
934;0
935;0
936;2
937;1
938;0
939;0
940;0
941;0
942;0
943;1
944;0
945;0
946;1
947;0
948;2
949;0
950;1
951;0
952;0
953;2
954;0
955;0
956;2
957;0
958;1
959;0
960;0
961;1
962;0
963;0
964;1
965;0
966;2
967;2
968;2
969;0
970;0
971;0
972;2
973;1
974;1
975;0
976;0
977;1
978;0
979;0
980;0
981;0
982;0
983;0
984;1
985;0
986;0
987;0
988;0
989;0
990;0
991;0
992;0
993;0
994;0
995;0
996;0
997;0
998;0
999;2
1000;0
1001;0
1002;0
1003;0
1004;0
1005;0
1006;0
1007;2
1008;0
1009;0
1010;0
1011;0
1012;0
1013;1
1014;0
1015;0
1016;0
1017;0
1018;0
1019;0
1020;0
1021;0
1022;0
1023;0
