0;1
1;0
2;0
3;2
4;2
5;0
6;2
7;0
8;2
9;0
10;0
11;0
12;2
13;0
14;0
15;0
16;0
17;1
18;0
19;0
20;2
21;2
22;2
23;2
24;1
25;1
26;2
27;2
28;1
29;0
30;2
31;2
32;0
33;0
34;0
35;2
36;2
37;0
38;2
39;0
40;1
41;0
42;1
43;0
44;2
45;0
46;0
47;0
48;2
49;0
50;0
51;1
52;0
53;0
54;0
55;0
56;0
57;1
58;1
59;0
60;1
61;0
62;0
63;0
64;0
65;2
66;2
67;0
68;1
69;0
70;2
71;2
72;0
73;0
74;0
75;0
76;0
77;0
78;0
79;0
80;2
81;0
82;2
83;2
84;0
85;1
86;0
87;0
88;0
89;2
90;0
91;0
92;0
93;0
94;0
95;0
96;2
97;0
98;2
99;0
100;1
101;0
102;0
103;0
104;0
105;0
106;2
107;0
108;0
109;2
110;0
111;0
112;0
113;0
114;0
115;0
116;0
117;0
118;0
119;0
120;0
121;0
122;1
123;0
124;0
125;0
126;0
127;0
128;2
129;0
130;0
131;0
132;2
133;0
134;0
135;0
136;0
137;2
138;2
139;2
140;1
141;0
142;0
143;0
144;0
145;0
146;0
147;0
148;0
149;0
150;2
151;0
152;0
153;0
154;0
155;0
156;0
157;0
158;2
159;0
160;0
161;0
162;0
163;0
164;1
165;0
166;2
167;0
168;0
169;0
170;0
171;0
172;0
173;0
174;2
175;2
176;2
177;0
178;0
179;2
180;1
181;0
182;0
183;0
184;1
185;0
186;0
187;2
188;0
189;0
190;0
191;2
192;0
193;0
194;0
195;0
196;2
197;2
198;2
199;1
200;2
201;2
202;2
203;0
204;2
205;0
206;2
207;0
208;0
209;0
210;0
211;0
212;0
213;0
214;0
215;0
216;0
217;0
218;0
219;2
220;1
221;0
222;0
223;0
224;0
225;0
226;2
227;2
228;0
229;0
230;0
231;2
232;1
233;0
234;0
235;1
236;0
237;1
238;0
239;2
240;2
241;0
242;0
243;2
244;0
245;0
246;2
247;2
248;2
249;0
250;0
251;0
252;1
253;0
254;1
255;0
256;0
257;0
258;0
259;0
260;0
261;1
262;0
263;0
264;0
265;0
266;0
267;0
268;2
269;1
270;2
271;0
272;2
273;0
274;0
275;0
276;0
277;0
278;0
279;0
280;2
281;0
282;0
283;0
284;2
285;0
286;0
287;0
288;2
289;0
290;0
291;0
292;2
293;0
294;0
295;0
296;2
297;0
298;0
299;0
300;0
301;0
302;0
303;2
304;0
305;1
306;0
307;0
308;0
309;0
310;0
311;0
312;0
313;0
314;0
315;0
316;1
317;0
318;0
319;1
320;0
321;0
322;0
323;0
324;0
325;0
326;2
327;0
328;2
329;0
330;0
331;0
332;2
333;0
334;2
335;0
336;0
337;0
338;0
339;2
340;2
341;0
342;2
343;0
344;1
345;0
346;0
347;2
348;1
349;0
350;0
351;2
352;2
353;0
354;2
355;0
356;2
357;0
358;0
359;0
360;2
361;2
362;4
363;0
364;2
365;0
366;0
367;0
368;2
369;2
370;2
371;0
372;1
373;0
374;0
375;0
376;1
377;0
378;2
379;2
380;1
381;0
382;0
383;0
384;2
385;0
386;2
387;2
388;2
389;0
390;2
391;0
392;2
393;0
394;0
395;1
396;2
397;0
398;0
399;0
400;2
401;0
402;2
403;2
404;0
405;1
406;0
407;0
408;0
409;0
410;0
411;0
412;2
413;2
414;0
415;0
416;2
417;0
418;0
419;0
420;4
421;0
422;0
423;0
424;2
425;0
426;2
427;0
428;2
429;0
430;2
431;0
432;0
433;0
434;2
435;0
436;1
437;0
438;1
439;0
440;1
441;0
442;0
443;1
444;2
445;0
446;2
447;1
448;0
449;0
450;2
451;2
452;2
453;0
454;0
455;0
456;0
457;0
458;0
459;0
460;1
461;0
462;0
463;0
464;0
465;0
466;0
467;2
468;1
469;0
470;0
471;0
472;0
473;0
474;0
475;2
476;2
477;0
478;0
479;0
480;0
481;0
482;2
483;0
484;0
485;0
486;0
487;0
488;0
489;2
490;0
491;0
492;0
493;0
494;2
495;0
496;1
497;0
498;0
499;0
500;2
501;1
502;2
503;0
504;2
505;0
506;0
507;0
508;0
509;2
510;0
511;1
512;0
513;2
514;2
515;0
516;2
517;0
518;0
519;1
520;0
521;0
522;0
523;0
524;0
525;1
526;0
527;0
528;1
529;0
530;0
531;0
532;2
533;0
534;0
535;0
536;0
537;1
538;0
539;0
540;0
541;0
542;2
543;2
544;0
545;0
546;0
547;0
548;0
549;0
550;0
551;0
552;1
553;0
554;1
555;2
556;1
557;0
558;0
559;2
560;2
561;0
562;0
563;0
564;0
565;0
566;2
567;0
568;2
569;2
570;2
571;0
572;2
573;0
574;0
575;0
576;0
577;2
578;0
579;1
580;1
581;0
582;0
583;0
584;0
585;0
586;0
587;0
588;1
589;0
590;2
591;0
592;0
593;0
594;1
595;0
596;0
597;0
598;0
599;2
600;0
601;0
602;0
603;0
604;2
605;0
606;0
607;2
608;0
609;0
610;0
611;0
612;0
613;0
614;2
615;0
616;2
617;0
618;0
619;2
620;0
621;0
622;0
623;1
624;2
625;0
626;0
627;2
628;2
629;0
630;1
631;0
632;0
633;1
634;0
635;0
636;2
637;2
638;2
639;2
640;2
641;0
642;0
643;0
644;2
645;0
646;2
647;0
648;0
649;2
650;0
651;1
652;0
653;2
654;2
655;2
656;0
657;1
658;0
659;0
660;2
661;1
662;0
663;0
664;0
665;0
666;2
667;0
668;2
669;0
670;0
671;0
672;2
673;1
674;0
675;0
676;0
677;0
678;0
679;0
680;2
681;0
682;0
683;2
684;0
685;0
686;0
687;0
688;0
689;2
690;2
691;2
692;0
693;2
694;2
695;0
696;1
697;0
698;1
699;0
700;1
701;0
702;1
703;0
704;1
705;0
706;0
707;2
708;4
709;0
710;2
711;2
712;0
713;0
714;0
715;0
716;2
717;0
718;0
719;0
720;0
721;0
722;0
723;0
724;0
725;2
726;1
727;0
728;1
729;1
730;0
731;2
732;2
733;2
734;2
735;1
736;0
737;0
738;2
739;0
740;2
741;1
742;0
743;0
744;0
745;0
746;0
747;2
748;1
749;1
750;0
751;1
752;0
753;0
754;0
755;0
756;1
757;0
758;2
759;0
760;2
761;0
762;0
763;0
764;1
765;0
766;0
767;1
768;0
769;0
770;0
771;0
772;2
773;2
774;0
775;0
776;0
777;0
778;0
779;2
780;2
781;1
782;1
783;0
784;0
785;0
786;2
787;2
788;2
789;0
790;2
791;0
792;0
793;2
794;1
795;0
796;1
797;0
798;0
799;1
800;0
801;2
802;0
803;0
804;0
805;0
806;0
807;2
808;1
809;0
810;0
811;0
812;0
813;1
814;0
815;1
816;0
817;1
818;0
819;0
820;0
821;0
822;2
823;0
824;0
825;0
826;0
827;0
828;0
829;2
830;1
831;0
832;4
833;2
834;1
835;0
836;2
837;2
838;0
839;0
840;1
841;0
842;0
843;0
844;2
845;0
846;2
847;2
848;0
849;0
850;2
851;0
852;0
853;0
854;0
855;0
856;0
857;2
858;1
859;0
860;2
861;0
862;0
863;0
864;1
865;0
866;0
867;0
868;0
869;0
870;1
871;0
872;2
873;0
874;0
875;0
876;0
877;0
878;0
879;0
880;0
881;2
882;2
883;2
884;2
885;0
886;2
887;0
888;0
889;1
890;0
891;0
892;0
893;0
894;0
895;0
896;0
897;0
898;0
899;2
900;0
901;0
902;2
903;0
904;2
905;0
906;0
907;0
908;0
909;0
910;0
911;0
912;0
913;0
914;0
915;0
916;0
917;0
918;1
919;0
920;2
921;2
922;1
923;0
924;1
925;0
926;1
927;0
928;2
929;0
930;2
931;0
932;1
933;0
934;0
935;0
936;2
937;0
938;0
939;2
940;2
941;0
942;1
943;0
944;1
945;0
946;0
947;2
948;2
949;0
950;2
951;1
952;0
953;0
954;2
955;0
956;2
957;0
958;0
959;0
960;0
961;0
962;2
963;2
964;1
965;0
966;0
967;2
968;1
969;0
970;2
971;2
972;2
973;0
974;0
975;0
976;1
977;0
978;0
979;2
980;2
981;0
982;0
983;1
984;0
985;0
986;0
987;0
988;2
989;0
990;2
991;0
992;0
993;0
994;0
995;0
996;2
997;0
998;0
999;0
1000;0
1001;0
1002;0
1003;0
1004;0
1005;1
1006;0
1007;0
1008;2
1009;2
1010;0
1011;2
1012;0
1013;0
1014;0
1015;0
1016;0
1017;0
1018;0
1019;0
1020;0
1021;0
1022;0
1023;0
