0;0
1;0
2;0
3;1
4;0
5;2
6;2
7;2
8;0
9;0
10;0
11;0
12;2
13;1
14;1
15;0
16;0
17;2
18;0
19;2
20;0
21;0
22;0
23;2
24;2
25;0
26;0
27;0
28;1
29;0
30;1
31;0
32;1
33;0
34;0
35;2
36;2
37;0
38;2
39;2
40;2
41;0
42;2
43;0
44;2
45;0
46;1
47;0
48;0
49;2
50;2
51;0
52;0
53;1
54;0
55;0
56;2
57;1
58;1
59;0
60;1
61;0
62;0
63;0
64;1
65;1
66;0
67;0
68;2
69;0
70;0
71;0
72;0
73;0
74;0
75;0
76;1
77;1
78;0
79;0
80;0
81;0
82;0
83;0
84;0
85;0
86;0
87;0
88;4
89;0
90;0
91;0
92;2
93;1
94;0
95;2
96;2
97;0
98;0
99;2
100;0
101;0
102;0
103;0
104;0
105;0
106;0
107;2
108;2
109;0
110;0
111;0
112;0
113;0
114;2
115;0
116;0
117;0
118;0
119;0
120;0
121;0
122;0
123;0
124;0
125;2
126;0
127;0
128;0
129;0
130;2
131;2
132;2
133;0
134;2
135;0
136;0
137;0
138;0
139;0
140;2
141;0
142;2
143;0
144;0
145;1
146;0
147;0
148;2
149;0
150;0
151;0
152;0
153;0
154;0
155;2
156;2
157;0
158;2
159;1
160;0
161;0
162;0
163;0
164;0
165;2
166;2
167;0
168;2
169;0
170;2
171;0
172;0
173;2
174;2
175;0
176;0
177;2
178;0
179;0
180;1
181;0
182;1
183;0
184;1
185;0
186;0
187;2
188;1
189;0
190;0
191;2
192;1
193;0
194;0
195;1
196;1
197;2
198;0
199;1
200;0
201;0
202;2
203;0
204;1
205;0
206;0
207;0
208;0
209;2
210;0
211;0
212;0
213;1
214;0
215;0
216;1
217;0
218;2
219;1
220;1
221;2
222;0
223;2
224;2
225;0
226;0
227;2
228;2
229;0
230;0
231;0
232;0
233;0
234;0
235;0
236;0
237;0
238;0
239;0
240;0
241;0
242;0
243;2
244;2
245;2
246;2
247;0
248;0
249;0
250;2
251;0
252;0
253;2
254;2
255;2
256;1
257;0
258;0
259;2
260;4
261;0
262;2
263;0
264;2
265;0
266;2
267;0
268;2
269;0
270;0
271;0
272;0
273;1
274;0
275;0
276;0
277;2
278;0
279;2
280;1
281;0
282;0
283;0
284;0
285;2
286;0
287;2
288;1
289;1
290;1
291;0
292;0
293;0
294;2
295;0
296;0
297;0
298;1
299;0
300;0
301;0
302;2
303;0
304;0
305;2
306;2
307;0
308;0
309;1
310;0
311;1
312;2
313;0
314;0
315;0
316;0
317;0
318;0
319;2
320;0
321;0
322;0
323;0
324;2
325;0
326;0
327;1
328;0
329;0
330;0
331;0
332;0
333;0
334;0
335;1
336;0
337;0
338;0
339;0
340;2
341;2
342;0
343;0
344;0
345;0
346;0
347;0
348;1
349;0
350;2
351;2
352;1
353;0
354;0
355;0
356;0
357;0
358;0
359;0
360;1
361;2
362;2
363;0
364;4
365;1
366;0
367;2
368;1
369;2
370;2
371;2
372;1
373;0
374;0
375;0
376;2
377;1
378;1
379;0
380;2
381;2
382;0
383;0
384;0
385;0
386;0
387;0
388;0
389;1
390;0
391;0
392;2
393;2
394;2
395;2
396;2
397;0
398;0
399;0
400;0
401;2
402;0
403;0
404;2
405;0
406;0
407;0
408;0
409;0
410;2
411;2
412;1
413;0
414;0
415;0
416;1
417;1
418;0
419;0
420;0
421;1
422;0
423;0
424;0
425;0
426;1
427;0
428;0
429;0
430;0
431;2
432;2
433;2
434;0
435;2
436;1
437;1
438;0
439;0
440;2
441;0
442;1
443;0
444;2
445;0
446;2
447;2
448;1
449;0
450;0
451;0
452;1
453;0
454;0
455;2
456;4
457;0
458;2
459;2
460;2
461;0
462;0
463;0
464;2
465;1
466;0
467;1
468;0
469;0
470;2
471;0
472;1
473;0
474;2
475;0
476;1
477;0
478;2
479;0
480;0
481;2
482;0
483;1
484;0
485;0
486;0
487;2
488;1
489;0
490;0
491;0
492;0
493;0
494;0
495;0
496;1
497;1
498;0
499;2
500;0
501;0
502;0
503;0
504;0
505;0
506;2
507;2
508;2
509;0
510;0
511;0
512;1
513;0
514;0
515;0
516;0
517;0
518;0
519;0
520;0
521;0
522;1
523;0
524;0
525;0
526;0
527;0
528;1
529;0
530;0
531;0
532;2
533;0
534;0
535;0
536;0
537;0
538;0
539;2
540;0
541;0
542;0
543;0
544;2
545;2
546;2
547;0
548;2
549;2
550;1
551;0
552;2
553;1
554;2
555;0
556;0
557;0
558;2
559;2
560;0
561;0
562;2
563;0
564;0
565;0
566;0
567;0
568;1
569;0
570;0
571;0
572;0
573;0
574;1
575;2
576;0
577;1
578;0
579;0
580;1
581;0
582;0
583;1
584;0
585;0
586;0
587;2
588;2
589;2
590;0
591;0
592;0
593;0
594;0
595;0
596;0
597;2
598;1
599;0
600;0
601;0
602;2
603;0
604;1
605;0
606;0
607;1
608;0
609;0
610;0
611;0
612;0
613;2
614;0
615;0
616;2
617;1
618;0
619;0
620;0
621;0
622;0
623;0
624;2
625;0
626;0
627;0
628;0
629;2
630;0
631;0
632;2
633;2
634;0
635;0
636;0
637;0
638;0
639;0
640;2
641;2
642;0
643;0
644;0
645;0
646;2
647;0
648;0
649;2
650;0
651;0
652;0
653;0
654;1
655;0
656;2
657;2
658;2
659;0
660;2
661;0
662;1
663;0
664;0
665;2
666;1
667;0
668;0
669;0
670;0
671;0
672;0
673;0
674;0
675;0
676;2
677;0
678;0
679;2
680;0
681;0
682;1
683;0
684;0
685;0
686;0
687;1
688;0
689;0
690;0
691;0
692;0
693;0
694;0
695;2
696;1
697;0
698;1
699;0
700;1
701;0
702;0
703;2
704;2
705;0
706;2
707;2
708;2
709;0
710;0
711;0
712;2
713;0
714;0
715;0
716;0
717;0
718;0
719;2
720;1
721;0
722;2
723;0
724;0
725;0
726;0
727;0
728;0
729;0
730;0
731;2
732;0
733;0
734;0
735;1
736;1
737;0
738;0
739;1
740;0
741;0
742;0
743;0
744;1
745;0
746;0
747;0
748;1
749;0
750;0
751;0
752;0
753;1
754;0
755;1
756;0
757;2
758;2
759;0
760;0
761;0
762;1
763;0
764;2
765;0
766;0
767;2
768;0
769;0
770;2
771;0
772;0
773;0
774;0
775;0
776;1
777;0
778;1
779;0
780;1
781;0
782;0
783;1
784;2
785;0
786;2
787;1
788;2
789;2
790;0
791;2
792;2
793;0
794;0
795;0
796;0
797;0
798;0
799;1
800;0
801;2
802;0
803;0
804;1
805;2
806;0
807;0
808;0
809;0
810;0
811;0
812;0
813;0
814;2
815;1
816;0
817;2
818;2
819;2
820;2
821;2
822;2
823;2
824;1
825;2
826;2
827;2
828;0
829;0
830;1
831;0
832;0
833;0
834;2
835;0
836;0
837;0
838;0
839;0
840;2
841;0
842;0
843;1
844;0
845;0
846;0
847;0
848;0
849;0
850;0
851;0
852;0
853;0
854;1
855;0
856;0
857;2
858;0
859;0
860;0
861;0
862;0
863;2
864;2
865;0
866;2
867;0
868;2
869;0
870;0
871;0
872;0
873;0
874;0
875;0
876;2
877;2
878;2
879;2
880;2
881;0
882;1
883;2
884;0
885;2
886;2
887;0
888;0
889;0
890;1
891;2
892;2
893;0
894;2
895;0
896;0
897;2
898;0
899;0
900;0
901;0
902;2
903;1
904;0
905;0
906;0
907;0
908;0
909;0
910;2
911;0
912;0
913;0
914;0
915;1
916;0
917;1
918;0
919;0
920;0
921;0
922;2
923;0
924;0
925;0
926;1
927;0
928;0
929;1
930;2
931;0
932;1
933;0
934;0
935;2
936;0
937;1
938;0
939;0
940;0
941;1
942;0
943;1
944;0
945;0
946;2
947;2
948;2
949;0
950;2
951;0
952;0
953;0
954;0
955;0
956;2
957;2
958;0
959;0
960;0
961;0
962;1
963;0
964;0
965;0
966;0
967;0
968;0
969;0
970;1
971;0
972;0
973;0
974;2
975;2
976;1
977;0
978;0
979;0
980;0
981;0
982;0
983;2
984;2
985;0
986;2
987;0
988;1
989;0
990;1
991;0
992;0
993;0
994;0
995;2
996;0
997;0
998;0
999;0
1000;0
1001;0
1002;0
1003;2
1004;2
1005;0
1006;0
1007;0
1008;0
1009;0
1010;0
1011;0
1012;0
1013;0
1014;1
1015;0
1016;0
1017;0
1018;0
1019;0
1020;0
1021;0
1022;0
1023;0
