0;1
1;0
2;0
3;0
4;2
5;0
6;2
7;2
8;2
9;0
10;2
11;0
12;2
13;0
14;2
15;1
16;0
17;0
18;0
19;1
20;0
21;1
22;1
23;0
24;1
25;0
26;0
27;0
28;2
29;0
30;0
31;0
32;0
33;0
34;0
35;0
36;0
37;0
38;0
39;0
40;0
41;0
42;0
43;1
44;0
45;0
46;0
47;0
48;0
49;0
50;1
51;1
52;0
53;2
54;0
55;0
56;0
57;2
58;0
59;0
60;0
61;0
62;0
63;1
64;2
65;0
66;0
67;0
68;0
69;0
70;0
71;0
72;1
73;0
74;0
75;0
76;2
77;1
78;0
79;0
80;0
81;1
82;0
83;0
84;0
85;1
86;1
87;0
88;2
89;0
90;1
91;0
92;1
93;0
94;0
95;0
96;2
97;2
98;1
99;1
100;0
101;0
102;2
103;1
104;1
105;0
106;0
107;0
108;0
109;0
110;2
111;2
112;1
113;0
114;0
115;0
116;2
117;0
118;0
119;2
120;2
121;0
122;0
123;2
124;2
125;0
126;2
127;2
128;2
129;0
130;0
131;0
132;2
133;0
134;0
135;0
136;0
137;0
138;0
139;0
140;0
141;0
142;0
143;0
144;1
145;0
146;0
147;2
148;0
149;2
150;0
151;0
152;2
153;1
154;0
155;0
156;1
157;0
158;0
159;0
160;2
161;0
162;0
163;0
164;1
165;0
166;0
167;1
168;0
169;1
170;0
171;0
172;2
173;0
174;1
175;0
176;1
177;0
178;0
179;1
180;0
181;0
182;2
183;0
184;1
185;0
186;0
187;2
188;2
189;0
190;1
191;0
192;1
193;0
194;0
195;1
196;0
197;0
198;2
199;2
200;2
201;0
202;0
203;0
204;0
205;0
206;0
207;2
208;0
209;0
210;1
211;0
212;0
213;0
214;1
215;0
216;0
217;0
218;1
219;0
220;1
221;0
222;0
223;0
224;1
225;0
226;0
227;2
228;2
229;0
230;2
231;2
232;1
233;2
234;1
235;0
236;2
237;0
238;2
239;2
240;0
241;1
242;0
243;0
244;0
245;0
246;1
247;1
248;0
249;0
250;0
251;0
252;0
253;0
254;1
255;0
256;2
257;0
258;0
259;0
260;0
261;0
262;0
263;1
264;0
265;0
266;0
267;2
268;1
269;0
270;0
271;0
272;2
273;2
274;2
275;0
276;0
277;0
278;0
279;0
280;2
281;0
282;0
283;0
284;0
285;0
286;1
287;0
288;1
289;0
290;1
291;0
292;0
293;0
294;1
295;0
296;0
297;0
298;0
299;0
300;0
301;0
302;1
303;2
304;2
305;2
306;0
307;0
308;0
309;1
310;0
311;0
312;0
313;0
314;1
315;0
316;1
317;0
318;0
319;1
320;1
321;0
322;0
323;0
324;0
325;0
326;0
327;0
328;1
329;2
330;0
331;0
332;0
333;2
334;2
335;2
336;1
337;1
338;0
339;1
340;0
341;0
342;0
343;0
344;2
345;0
346;2
347;1
348;0
349;0
350;0
351;0
352;0
353;0
354;2
355;1
356;1
357;0
358;2
359;2
360;1
361;0
362;0
363;0
364;2
365;0
366;2
367;2
368;2
369;0
370;0
371;0
372;0
373;1
374;0
375;0
376;0
377;0
378;0
379;0
380;1
381;0
382;0
383;0
384;2
385;1
386;0
387;0
388;0
389;2
390;1
391;0
392;1
393;0
394;0
395;0
396;0
397;0
398;0
399;0
400;0
401;0
402;1
403;0
404;2
405;0
406;2
407;0
408;0
409;0
410;2
411;0
412;1
413;0
414;0
415;0
416;1
417;1
418;1
419;0
420;2
421;0
422;0
423;0
424;0
425;0
426;0
427;0
428;0
429;2
430;0
431;0
432;0
433;0
434;0
435;0
436;0
437;0
438;1
439;0
440;1
441;0
442;0
443;2
444;2
445;2
446;0
447;0
448;0
449;1
450;0
451;0
452;1
453;0
454;2
455;0
456;0
457;1
458;2
459;0
460;2
461;0
462;0
463;0
464;2
465;2
466;1
467;0
468;0
469;0
470;2
471;0
472;2
473;2
474;0
475;0
476;1
477;0
478;2
479;0
480;1
481;0
482;1
483;2
484;2
485;0
486;0
487;0
488;1
489;0
490;2
491;2
492;1
493;0
494;1
495;0
496;2
497;4
498;1
499;2
500;1
501;0
502;0
503;0
504;0
505;1
506;0
507;0
508;1
509;0
510;0
511;2
512;2
513;2
514;0
515;0
516;2
517;0
518;0
519;0
520;1
521;0
522;0
523;0
524;0
525;1
526;0
527;0
528;0
529;2
530;2
531;2
532;1
533;0
534;0
535;1
536;0
537;1
538;0
539;0
540;0
541;1
542;0
543;0
544;2
545;0
546;0
547;0
548;0
549;0
550;0
551;0
552;0
553;2
554;2
555;2
556;1
557;0
558;2
559;0
560;0
561;0
562;0
563;0
564;0
565;0
566;2
567;0
568;1
569;0
570;1
571;0
572;1
573;1
574;0
575;0
576;0
577;0
578;1
579;0
580;0
581;0
582;2
583;0
584;1
585;0
586;0
587;0
588;0
589;2
590;2
591;0
592;2
593;0
594;2
595;0
596;1
597;0
598;2
599;0
600;0
601;0
602;0
603;0
604;2
605;0
606;0
607;0
608;0
609;0
610;0
611;0
612;0
613;2
614;2
615;2
616;2
617;0
618;2
619;1
620;1
621;0
622;2
623;0
624;0
625;0
626;0
627;0
628;0
629;2
630;0
631;0
632;1
633;0
634;1
635;0
636;4
637;0
638;0
639;0
640;0
641;0
642;1
643;0
644;2
645;1
646;2
647;0
648;1
649;1
650;0
651;0
652;0
653;0
654;0
655;0
656;0
657;2
658;2
659;0
660;0
661;0
662;2
663;1
664;1
665;1
666;1
667;0
668;1
669;0
670;1
671;0
672;0
673;0
674;0
675;0
676;2
677;0
678;1
679;0
680;2
681;0
682;2
683;0
684;0
685;1
686;0
687;0
688;0
689;0
690;2
691;1
692;0
693;0
694;0
695;1
696;0
697;0
698;0
699;0
700;2
701;0
702;2
703;0
704;2
705;0
706;0
707;0
708;0
709;0
710;0
711;0
712;1
713;2
714;0
715;0
716;0
717;0
718;1
719;0
720;2
721;0
722;0
723;2
724;2
725;0
726;2
727;2
728;2
729;0
730;2
731;0
732;4
733;2
734;2
735;2
736;2
737;0
738;0
739;0
740;2
741;0
742;2
743;0
744;0
745;0
746;0
747;0
748;2
749;0
750;1
751;0
752;1
753;0
754;1
755;0
756;1
757;0
758;0
759;2
760;1
761;0
762;1
763;0
764;1
765;0
766;1
767;0
768;1
769;0
770;0
771;0
772;1
773;0
774;2
775;2
776;2
777;0
778;0
779;0
780;2
781;0
782;1
783;0
784;0
785;1
786;0
787;1
788;0
789;2
790;0
791;0
792;0
793;2
794;0
795;0
796;0
797;0
798;0
799;1
800;2
801;0
802;0
803;0
804;0
805;0
806;2
807;2
808;2
809;2
810;0
811;0
812;0
813;0
814;0
815;2
816;0
817;0
818;2
819;2
820;0
821;0
822;1
823;0
824;0
825;1
826;0
827;0
828;0
829;0
830;0
831;0
832;0
833;2
834;0
835;2
836;0
837;1
838;0
839;0
840;0
841;0
842;1
843;0
844;0
845;0
846;2
847;0
848;2
849;2
850;0
851;0
852;0
853;0
854;1
855;0
856;0
857;0
858;0
859;0
860;0
861;0
862;0
863;2
864;0
865;1
866;0
867;0
868;0
869;0
870;0
871;1
872;0
873;0
874;0
875;0
876;1
877;0
878;0
879;0
880;2
881;0
882;0
883;0
884;0
885;1
886;1
887;0
888;1
889;0
890;2
891;0
892;2
893;0
894;2
895;1
896;0
897;0
898;0
899;0
900;0
901;0
902;2
903;0
904;1
905;2
906;0
907;0
908;0
909;0
910;0
911;0
912;0
913;2
914;0
915;0
916;2
917;0
918;2
919;2
920;2
921;0
922;0
923;0
924;0
925;0
926;0
927;0
928;0
929;0
930;1
931;2
932;0
933;0
934;0
935;0
936;1
937;0
938;1
939;0
940;2
941;0
942;0
943;0
944;0
945;2
946;1
947;0
948;0
949;0
950;0
951;0
952;2
953;0
954;2
955;0
956;0
957;1
958;0
959;0
960;2
961;1
962;2
963;0
964;2
965;2
966;2
967;1
968;2
969;2
970;2
971;2
972;2
973;2
974;2
975;0
976;2
977;0
978;0
979;0
980;0
981;0
982;0
983;0
984;1
985;0
986;0
987;0
988;2
989;0
990;2
991;1
992;0
993;0
994;2
995;0
996;2
997;1
998;1
999;0
1000;0
1001;2
1002;2
1003;1
1004;1
1005;2
1006;0
1007;0
1008;0
1009;0
1010;0
1011;0
1012;0
1013;1
1014;0
1015;0
1016;0
1017;0
1018;0
1019;0
1020;0
1021;0
1022;0
1023;0
