0;2
1;0
2;0
3;2
4;1
5;2
6;2
7;0
8;0
9;0
10;2
11;0
12;0
13;1
14;1
15;0
16;0
17;0
18;1
19;0
20;0
21;0
22;0
23;0
24;0
25;0
26;2
27;0
28;2
29;0
30;0
31;0
32;1
33;2
34;1
35;0
36;0
37;1
38;1
39;0
40;1
41;0
42;1
43;0
44;2
45;2
46;1
47;0
48;0
49;1
50;1
51;0
52;0
53;0
54;0
55;0
56;0
57;0
58;0
59;0
60;0
61;1
62;0
63;2
64;0
65;0
66;0
67;0
68;0
69;0
70;0
71;0
72;0
73;0
74;2
75;0
76;0
77;0
78;0
79;2
80;2
81;0
82;2
83;2
84;2
85;0
86;0
87;0
88;0
89;2
90;0
91;0
92;0
93;0
94;0
95;0
96;0
97;0
98;0
99;0
100;2
101;0
102;1
103;0
104;1
105;0
106;0
107;0
108;0
109;0
110;0
111;0
112;0
113;0
114;0
115;1
116;0
117;1
118;0
119;0
120;0
121;2
122;2
123;2
124;2
125;2
126;0
127;0
128;0
129;2
130;2
131;1
132;0
133;0
134;0
135;0
136;0
137;2
138;1
139;0
140;0
141;0
142;0
143;0
144;0
145;0
146;0
147;0
148;2
149;0
150;0
151;0
152;0
153;1
154;0
155;0
156;0
157;0
158;2
159;0
160;0
161;1
162;0
163;0
164;2
165;0
166;1
167;0
168;0
169;0
170;0
171;0
172;1
173;0
174;0
175;0
176;1
177;0
178;0
179;2
180;2
181;0
182;1
183;0
184;2
185;2
186;2
187;0
188;2
189;2
190;0
191;0
192;0
193;0
194;0
195;0
196;0
197;1
198;1
199;0
200;2
201;2
202;0
203;0
204;2
205;0
206;0
207;0
208;0
209;0
210;2
211;2
212;0
213;2
214;0
215;1
216;0
217;0
218;2
219;0
220;2
221;0
222;0
223;0
224;0
225;2
226;0
227;0
228;0
229;0
230;0
231;0
232;2
233;0
234;1
235;0
236;1
237;2
238;0
239;2
240;0
241;1
242;1
243;2
244;1
245;0
246;0
247;2
248;1
249;0
250;0
251;2
252;1
253;0
254;2
255;1
256;0
257;0
258;0
259;0
260;2
261;0
262;0
263;2
264;2
265;0
266;1
267;2
268;2
269;0
270;0
271;0
272;0
273;0
274;2
275;2
276;2
277;0
278;1
279;0
280;0
281;0
282;2
283;0
284;0
285;0
286;0
287;0
288;0
289;0
290;2
291;0
292;1
293;0
294;0
295;0
296;0
297;0
298;0
299;1
300;0
301;1
302;0
303;2
304;0
305;0
306;0
307;0
308;2
309;0
310;0
311;0
312;2
313;0
314;1
315;0
316;0
317;0
318;0
319;0
320;0
321;1
322;1
323;0
324;2
325;1
326;0
327;1
328;2
329;0
330;2
331;2
332;2
333;2
334;2
335;2
336;0
337;0
338;0
339;0
340;1
341;0
342;1
343;0
344;0
345;0
346;0
347;0
348;2
349;0
350;2
351;2
352;0
353;1
354;0
355;0
356;2
357;2
358;2
359;2
360;2
361;2
362;1
363;0
364;2
365;2
366;0
367;0
368;0
369;2
370;1
371;0
372;2
373;2
374;1
375;0
376;0
377;2
378;0
379;0
380;2
381;0
382;0
383;0
384;0
385;0
386;1
387;0
388;2
389;0
390;0
391;0
392;0
393;2
394;2
395;0
396;1
397;0
398;0
399;0
400;1
401;0
402;1
403;0
404;0
405;0
406;0
407;2
408;2
409;2
410;2
411;2
412;2
413;0
414;2
415;0
416;2
417;0
418;1
419;0
420;0
421;2
422;1
423;0
424;2
425;0
426;0
427;2
428;2
429;1
430;0
431;2
432;2
433;0
434;0
435;0
436;0
437;0
438;0
439;2
440;2
441;0
442;2
443;0
444;1
445;0
446;1
447;0
448;0
449;2
450;0
451;0
452;0
453;2
454;1
455;0
456;0
457;0
458;1
459;0
460;0
461;0
462;0
463;0
464;0
465;0
466;0
467;0
468;0
469;0
470;0
471;1
472;0
473;0
474;2
475;2
476;2
477;2
478;1
479;2
480;0
481;0
482;0
483;0
484;0
485;0
486;1
487;0
488;2
489;0
490;0
491;0
492;2
493;0
494;0
495;0
496;1
497;0
498;0
499;0
500;0
501;2
502;0
503;0
504;2
505;0
506;0
507;0
508;0
509;0
510;0
511;0
512;2
513;2
514;1
515;2
516;1
517;0
518;0
519;0
520;0
521;2
522;2
523;0
524;0
525;0
526;2
527;2
528;0
529;2
530;1
531;0
532;0
533;0
534;0
535;0
536;2
537;1
538;1
539;0
540;0
541;0
542;1
543;2
544;0
545;1
546;0
547;0
548;0
549;0
550;2
551;0
552;0
553;0
554;1
555;0
556;0
557;0
558;0
559;0
560;1
561;1
562;0
563;1
564;0
565;0
566;0
567;0
568;4
569;2
570;0
571;0
572;0
573;0
574;1
575;0
576;4
577;1
578;0
579;2
580;1
581;0
582;1
583;0
584;1
585;0
586;2
587;0
588;0
589;0
590;0
591;0
592;0
593;2
594;0
595;0
596;1
597;0
598;0
599;0
600;0
601;1
602;0
603;0
604;0
605;0
606;0
607;0
608;1
609;0
610;0
611;0
612;1
613;2
614;1
615;2
616;2
617;0
618;2
619;0
620;1
621;0
622;0
623;2
624;2
625;0
626;0
627;2
628;2
629;0
630;1
631;0
632;1
633;0
634;0
635;0
636;1
637;0
638;2
639;1
640;2
641;0
642;1
643;1
644;0
645;0
646;2
647;2
648;2
649;2
650;0
651;0
652;2
653;0
654;0
655;0
656;1
657;1
658;0
659;0
660;0
661;1
662;0
663;0
664;0
665;0
666;0
667;0
668;2
669;0
670;0
671;0
672;1
673;0
674;0
675;0
676;0
677;0
678;1
679;0
680;1
681;0
682;2
683;0
684;2
685;0
686;0
687;0
688;0
689;0
690;2
691;0
692;0
693;0
694;0
695;0
696;0
697;0
698;0
699;2
700;0
701;0
702;0
703;0
704;1
705;0
706;0
707;0
708;0
709;2
710;0
711;2
712;1
713;1
714;1
715;0
716;0
717;0
718;0
719;0
720;2
721;0
722;0
723;0
724;1
725;0
726;0
727;0
728;0
729;0
730;0
731;0
732;0
733;0
734;0
735;2
736;1
737;0
738;0
739;0
740;0
741;0
742;0
743;0
744;2
745;0
746;0
747;2
748;0
749;0
750;0
751;0
752;0
753;0
754;0
755;0
756;1
757;0
758;2
759;0
760;2
761;0
762;2
763;2
764;0
765;0
766;0
767;0
768;1
769;0
770;2
771;0
772;0
773;2
774;0
775;2
776;0
777;1
778;0
779;0
780;0
781;1
782;0
783;2
784;0
785;0
786;0
787;2
788;1
789;0
790;0
791;2
792;4
793;0
794;0
795;1
796;0
797;0
798;0
799;0
800;1
801;0
802;0
803;0
804;0
805;1
806;0
807;0
808;0
809;0
810;0
811;0
812;0
813;0
814;0
815;0
816;0
817;0
818;0
819;0
820;0
821;0
822;1
823;0
824;1
825;1
826;2
827;0
828;0
829;0
830;2
831;0
832;1
833;0
834;2
835;0
836;2
837;0
838;0
839;0
840;0
841;0
842;0
843;2
844;1
845;0
846;2
847;0
848;2
849;0
850;1
851;0
852;0
853;2
854;2
855;2
856;1
857;0
858;0
859;0
860;0
861;0
862;1
863;1
864;0
865;0
866;1
867;0
868;0
869;1
870;0
871;0
872;1
873;0
874;0
875;0
876;0
877;2
878;0
879;0
880;0
881;0
882;0
883;0
884;2
885;0
886;0
887;0
888;0
889;0
890;2
891;0
892;0
893;1
894;2
895;1
896;0
897;1
898;0
899;0
900;2
901;2
902;2
903;2
904;1
905;0
906;0
907;2
908;1
909;0
910;2
911;2
912;2
913;0
914;0
915;0
916;2
917;0
918;0
919;0
920;1
921;1
922;1
923;1
924;0
925;0
926;0
927;1
928;0
929;0
930;1
931;0
932;2
933;0
934;0
935;0
936;1
937;0
938;0
939;2
940;0
941;0
942;2
943;0
944;0
945;0
946;0
947;1
948;0
949;0
950;2
951;0
952;2
953;0
954;2
955;0
956;0
957;2
958;0
959;1
960;0
961;0
962;1
963;0
964;2
965;2
966;2
967;2
968;0
969;0
970;0
971;0
972;0
973;0
974;0
975;0
976;0
977;0
978;1
979;0
980;0
981;0
982;0
983;0
984;0
985;0
986;0
987;2
988;2
989;0
990;2
991;0
992;0
993;0
994;0
995;0
996;0
997;0
998;2
999;2
1000;1
1001;0
1002;2
1003;2
1004;2
1005;0
1006;0
1007;0
1008;0
1009;0
1010;2
1011;0
1012;0
1013;0
1014;0
1015;0
1016;0
1017;0
1018;0
1019;0
1020;0
1021;0
1022;0
1023;0
