0;0
1;0
2;0
3;2
4;4
5;0
6;2
7;1
8;0
9;0
10;2
11;0
12;2
13;1
14;0
15;0
16;0
17;1
18;0
19;0
20;2
21;2
22;2
23;1
24;1
25;0
26;0
27;2
28;2
29;0
30;1
31;0
32;2
33;2
34;2
35;0
36;2
37;1
38;0
39;1
40;0
41;1
42;0
43;0
44;2
45;2
46;1
47;0
48;2
49;0
50;0
51;0
52;0
53;0
54;0
55;4
56;2
57;0
58;0
59;2
60;2
61;0
62;2
63;2
64;1
65;0
66;0
67;1
68;4
69;0
70;2
71;2
72;2
73;0
74;2
75;0
76;2
77;2
78;1
79;2
80;1
81;0
82;0
83;0
84;0
85;0
86;0
87;0
88;0
89;2
90;0
91;0
92;1
93;0
94;0
95;0
96;1
97;0
98;0
99;2
100;1
101;0
102;2
103;2
104;2
105;0
106;2
107;2
108;2
109;0
110;0
111;2
112;2
113;2
114;0
115;2
116;0
117;1
118;0
119;2
120;0
121;0
122;2
123;2
124;0
125;2
126;0
127;2
128;2
129;0
130;0
131;0
132;0
133;0
134;0
135;2
136;0
137;0
138;2
139;2
140;1
141;0
142;0
143;2
144;0
145;0
146;2
147;1
148;2
149;0
150;0
151;0
152;2
153;0
154;0
155;1
156;0
157;0
158;0
159;0
160;1
161;0
162;0
163;0
164;1
165;0
166;2
167;1
168;1
169;0
170;0
171;2
172;2
173;0
174;2
175;2
176;2
177;0
178;2
179;0
180;0
181;2
182;1
183;0
184;0
185;0
186;0
187;0
188;0
189;2
190;0
191;2
192;0
193;0
194;2
195;0
196;0
197;0
198;0
199;2
200;1
201;0
202;2
203;2
204;2
205;0
206;2
207;0
208;2
209;0
210;0
211;0
212;0
213;0
214;2
215;1
216;2
217;2
218;0
219;0
220;1
221;0
222;2
223;1
224;0
225;0
226;2
227;2
228;4
229;1
230;0
231;2
232;2
233;0
234;2
235;0
236;1
237;2
238;0
239;0
240;0
241;0
242;2
243;1
244;0
245;0
246;0
247;2
248;4
249;0
250;2
251;2
252;2
253;0
254;2
255;0
256;2
257;0
258;0
259;0
260;0
261;0
262;0
263;0
264;0
265;0
266;0
267;0
268;0
269;2
270;0
271;0
272;1
273;0
274;0
275;2
276;1
277;0
278;0
279;2
280;4
281;0
282;2
283;2
284;2
285;0
286;2
287;0
288;2
289;0
290;2
291;2
292;1
293;0
294;0
295;0
296;0
297;0
298;0
299;0
300;1
301;0
302;0
303;0
304;0
305;0
306;1
307;0
308;0
309;2
310;0
311;0
312;0
313;0
314;0
315;0
316;1
317;0
318;0
319;2
320;4
321;2
322;2
323;2
324;2
325;0
326;2
327;0
328;2
329;1
330;0
331;0
332;1
333;0
334;0
335;0
336;1
337;0
338;0
339;2
340;1
341;0
342;0
343;1
344;4
345;0
346;2
347;2
348;2
349;0
350;2
351;0
352;1
353;0
354;0
355;0
356;2
357;0
358;0
359;0
360;0
361;2
362;1
363;2
364;0
365;0
366;2
367;2
368;1
369;0
370;0
371;2
372;2
373;0
374;0
375;2
376;2
377;0
378;2
379;0
380;1
381;2
382;1
383;0
384;2
385;0
386;0
387;0
388;2
389;0
390;1
391;2
392;0
393;0
394;0
395;0
396;1
397;0
398;0
399;0
400;4
401;0
402;2
403;2
404;2
405;0
406;2
407;1
408;4
409;0
410;0
411;0
412;2
413;2
414;2
415;2
416;2
417;0
418;0
419;0
420;1
421;2
422;0
423;1
424;0
425;0
426;2
427;2
428;1
429;0
430;0
431;2
432;1
433;0
434;2
435;1
436;0
437;0
438;0
439;0
440;1
441;0
442;0
443;0
444;0
445;0
446;2
447;0
448;0
449;0
450;0
451;2
452;2
453;0
454;2
455;2
456;2
457;0
458;2
459;0
460;0
461;0
462;1
463;0
464;2
465;1
466;0
467;0
468;0
469;2
470;1
471;0
472;2
473;0
474;0
475;0
476;0
477;0
478;0
479;2
480;1
481;0
482;0
483;0
484;1
485;0
486;2
487;2
488;1
489;0
490;0
491;2
492;2
493;0
494;0
495;2
496;2
497;0
498;0
499;0
500;1
501;2
502;0
503;0
504;0
505;1
506;0
507;0
508;0
509;0
510;0
511;0
512;2
513;2
514;1
515;0
516;1
517;0
518;2
519;1
520;0
521;0
522;0
523;0
524;1
525;0
526;0
527;0
528;2
529;0
530;2
531;0
532;2
533;0
534;0
535;1
536;0
537;0
538;0
539;0
540;1
541;0
542;0
543;0
544;0
545;0
546;0
547;0
548;0
549;0
550;2
551;0
552;0
553;0
554;1
555;0
556;1
557;0
558;0
559;0
560;1
561;0
562;2
563;2
564;2
565;0
566;2
567;0
568;2
569;0
570;2
571;0
572;1
573;0
574;1
575;0
576;0
577;0
578;0
579;2
580;2
581;1
582;2
583;0
584;2
585;2
586;0
587;1
588;0
589;0
590;2
591;2
592;4
593;0
594;2
595;1
596;0
597;0
598;2
599;0
600;2
601;2
602;0
603;0
604;0
605;0
606;0
607;1
608;0
609;2
610;0
611;0
612;0
613;0
614;1
615;0
616;2
617;2
618;0
619;0
620;0
621;2
622;0
623;2
624;0
625;0
626;2
627;0
628;2
629;0
630;0
631;2
632;2
633;0
634;2
635;2
636;2
637;0
638;0
639;0
640;1
641;0
642;0
643;0
644;0
645;0
646;2
647;2
648;1
649;0
650;0
651;2
652;4
653;0
654;2
655;2
656;2
657;0
658;2
659;0
660;2
661;0
662;0
663;0
664;2
665;1
666;0
667;0
668;2
669;0
670;0
671;2
672;1
673;0
674;0
675;2
676;2
677;1
678;0
679;0
680;0
681;1
682;0
683;0
684;0
685;0
686;2
687;2
688;2
689;0
690;0
691;2
692;4
693;0
694;2
695;1
696;0
697;0
698;2
699;0
700;2
701;1
702;0
703;0
704;0
705;0
706;2
707;0
708;0
709;0
710;0
711;2
712;0
713;0
714;2
715;0
716;0
717;0
718;0
719;0
720;0
721;2
722;0
723;0
724;1
725;0
726;2
727;2
728;1
729;1
730;0
731;2
732;1
733;0
734;2
735;2
736;2
737;0
738;2
739;0
740;2
741;2
742;2
743;0
744;2
745;2
746;0
747;2
748;1
749;0
750;2
751;1
752;1
753;0
754;2
755;2
756;1
757;0
758;0
759;0
760;2
761;0
762;2
763;2
764;2
765;0
766;2
767;2
768;0
769;2
770;2
771;2
772;2
773;0
774;0
775;0
776;1
777;0
778;0
779;0
780;0
781;1
782;1
783;0
784;0
785;0
786;0
787;2
788;2
789;2
790;2
791;2
792;4
793;0
794;2
795;0
796;1
797;0
798;2
799;2
800;1
801;0
802;0
803;0
804;0
805;0
806;0
807;2
808;0
809;0
810;0
811;0
812;2
813;0
814;2
815;2
816;2
817;0
818;2
819;0
820;2
821;2
822;0
823;0
824;1
825;0
826;0
827;1
828;0
829;0
830;0
831;0
832;2
833;0
834;2
835;2
836;2
837;0
838;2
839;0
840;0
841;0
842;0
843;0
844;1
845;1
846;0
847;0
848;0
849;0
850;0
851;0
852;1
853;0
854;2
855;2
856;0
857;0
858;2
859;2
860;1
861;0
862;2
863;2
864;2
865;0
866;0
867;0
868;2
869;0
870;0
871;0
872;2
873;0
874;2
875;0
876;0
877;0
878;2
879;2
880;1
881;0
882;0
883;2
884;1
885;0
886;2
887;2
888;0
889;0
890;2
891;0
892;2
893;0
894;0
895;0
896;2
897;0
898;2
899;2
900;1
901;2
902;0
903;0
904;0
905;2
906;0
907;0
908;0
909;0
910;2
911;1
912;1
913;0
914;0
915;2
916;2
917;0
918;0
919;2
920;2
921;0
922;2
923;0
924;1
925;0
926;0
927;2
928;0
929;0
930;0
931;0
932;0
933;0
934;0
935;0
936;0
937;0
938;0
939;0
940;2
941;2
942;2
943;2
944;1
945;0
946;1
947;0
948;1
949;0
950;0
951;2
952;4
953;2
954;2
955;2
956;2
957;0
958;2
959;0
960;2
961;0
962;0
963;0
964;0
965;2
966;0
967;0
968;0
969;2
970;0
971;0
972;0
973;1
974;0
975;0
976;0
977;0
978;1
979;0
980;0
981;0
982;0
983;2
984;4
985;2
986;2
987;2
988;2
989;0
990;2
991;0
992;1
993;1
994;0
995;1
996;2
997;0
998;0
999;0
1000;1
1001;0
1002;2
1003;2
1004;2
1005;0
1006;0
1007;0
1008;3
1009;0
1010;2
1011;2
1012;1
1013;1
1014;0
1015;0
1016;0
1017;0
1018;0
1019;0
1020;0
1021;0
1022;0
1023;0
