0;0
1;0
2;0
3;2
4;4
5;0
6;0
7;0
8;2
9;1
10;2
11;1
12;1
13;0
14;0
15;0
16;0
17;2
18;2
19;1
20;0
21;2
22;0
23;2
24;2
25;0
26;0
27;0
28;2
29;0
30;0
31;0
32;1
33;2
34;2
35;0
36;2
37;1
38;0
39;0
40;1
41;0
42;0
43;0
44;2
45;0
46;0
47;0
48;1
49;0
50;0
51;0
52;2
53;0
54;0
55;0
56;1
57;0
58;0
59;0
60;1
61;1
62;0
63;2
64;0
65;0
66;0
67;0
68;0
69;0
70;0
71;0
72;1
73;0
74;0
75;0
76;1
77;0
78;1
79;0
80;2
81;0
82;0
83;2
84;0
85;0
86;0
87;0
88;1
89;0
90;0
91;0
92;2
93;0
94;0
95;0
96;0
97;0
98;0
99;2
100;0
101;0
102;0
103;0
104;0
105;1
106;0
107;1
108;0
109;0
110;0
111;0
112;2
113;2
114;2
115;2
116;2
117;1
118;0
119;0
120;0
121;2
122;2
123;0
124;0
125;0
126;0
127;0
128;0
129;2
130;0
131;0
132;2
133;0
134;0
135;0
136;0
137;0
138;0
139;0
140;2
141;0
142;0
143;0
144;2
145;0
146;0
147;0
148;0
149;0
150;2
151;0
152;1
153;0
154;0
155;1
156;1
157;0
158;0
159;4
160;1
161;0
162;2
163;2
164;1
165;0
166;0
167;2
168;4
169;0
170;2
171;2
172;0
173;0
174;2
175;0
176;2
177;0
178;0
179;0
180;1
181;0
182;0
183;1
184;1
185;0
186;2
187;2
188;2
189;0
190;0
191;0
192;2
193;0
194;2
195;0
196;2
197;0
198;0
199;0
200;0
201;2
202;2
203;1
204;0
205;0
206;0
207;0
208;4
209;2
210;2
211;2
212;2
213;1
214;2
215;0
216;2
217;1
218;1
219;0
220;2
221;1
222;0
223;0
224;2
225;0
226;0
227;0
228;0
229;0
230;2
231;1
232;0
233;0
234;0
235;0
236;0
237;0
238;0
239;0
240;2
241;2
242;0
243;0
244;0
245;2
246;0
247;0
248;0
249;0
250;0
251;0
252;0
253;0
254;0
255;0
256;1
257;2
258;0
259;2
260;0
261;1
262;0
263;0
264;0
265;0
266;0
267;0
268;0
269;2
270;1
271;0
272;0
273;0
274;2
275;0
276;0
277;0
278;2
279;0
280;0
281;0
282;2
283;2
284;1
285;0
286;0
287;1
288;2
289;0
290;2
291;2
292;1
293;2
294;0
295;1
296;0
297;0
298;2
299;2
300;2
301;0
302;0
303;2
304;0
305;0
306;0
307;0
308;2
309;0
310;0
311;0
312;0
313;0
314;0
315;2
316;1
317;0
318;0
319;1
320;0
321;1
322;0
323;2
324;0
325;2
326;1
327;0
328;1
329;0
330;0
331;0
332;2
333;1
334;0
335;2
336;0
337;0
338;0
339;1
340;0
341;0
342;0
343;0
344;1
345;0
346;2
347;1
348;0
349;0
350;0
351;2
352;4
353;2
354;0
355;2
356;2
357;0
358;0
359;0
360;1
361;0
362;0
363;0
364;1
365;0
366;0
367;0
368;0
369;0
370;2
371;1
372;0
373;1
374;1
375;0
376;2
377;0
378;0
379;0
380;0
381;0
382;0
383;2
384;0
385;1
386;0
387;2
388;4
389;1
390;0
391;2
392;0
393;0
394;0
395;0
396;2
397;2
398;0
399;0
400;0
401;0
402;0
403;0
404;0
405;0
406;0
407;2
408;0
409;0
410;0
411;0
412;0
413;0
414;0
415;0
416;0
417;0
418;1
419;1
420;0
421;0
422;0
423;0
424;0
425;0
426;2
427;0
428;0
429;2
430;0
431;2
432;2
433;0
434;0
435;0
436;1
437;0
438;1
439;0
440;0
441;0
442;0
443;2
444;0
445;0
446;0
447;2
448;2
449;0
450;2
451;0
452;2
453;0
454;0
455;0
456;2
457;2
458;2
459;0
460;1
461;0
462;0
463;0
464;0
465;0
466;0
467;0
468;4
469;0
470;0
471;0
472;2
473;2
474;0
475;0
476;2
477;0
478;0
479;0
480;0
481;0
482;0
483;2
484;1
485;0
486;2
487;2
488;1
489;0
490;0
491;0
492;0
493;0
494;0
495;0
496;1
497;1
498;0
499;0
500;0
501;0
502;0
503;0
504;1
505;0
506;2
507;2
508;2
509;0
510;0
511;0
512;1
513;0
514;0
515;0
516;0
517;0
518;0
519;0
520;2
521;0
522;2
523;0
524;2
525;0
526;0
527;0
528;1
529;0
530;2
531;1
532;0
533;0
534;0
535;1
536;2
537;0
538;2
539;2
540;0
541;0
542;2
543;0
544;2
545;0
546;0
547;0
548;0
549;0
550;0
551;0
552;2
553;0
554;2
555;0
556;0
557;0
558;0
559;2
560;2
561;1
562;0
563;0
564;1
565;0
566;0
567;0
568;0
569;2
570;2
571;0
572;0
573;0
574;1
575;2
576;0
577;0
578;2
579;2
580;2
581;0
582;0
583;0
584;1
585;0
586;1
587;0
588;0
589;0
590;0
591;1
592;0
593;0
594;0
595;1
596;1
597;0
598;2
599;0
600;0
601;2
602;2
603;2
604;2
605;2
606;2
607;1
608;0
609;0
610;0
611;2
612;1
613;0
614;2
615;2
616;2
617;2
618;0
619;0
620;1
621;0
622;0
623;0
624;0
625;2
626;0
627;0
628;2
629;2
630;0
631;1
632;0
633;0
634;0
635;0
636;0
637;0
638;0
639;0
640;1
641;0
642;0
643;0
644;0
645;0
646;0
647;0
648;2
649;0
650;0
651;0
652;0
653;0
654;0
655;0
656;1
657;0
658;0
659;0
660;4
661;0
662;0
663;1
664;1
665;0
666;0
667;0
668;1
669;0
670;2
671;2
672;2
673;2
674;0
675;0
676;2
677;1
678;1
679;0
680;0
681;1
682;0
683;2
684;0
685;0
686;0
687;0
688;0
689;0
690;0
691;0
692;2
693;0
694;0
695;2
696;0
697;0
698;0
699;2
700;1
701;0
702;0
703;4
704;2
705;0
706;2
707;2
708;4
709;0
710;2
711;2
712;2
713;0
714;0
715;0
716;1
717;2
718;2
719;0
720;0
721;0
722;0
723;0
724;0
725;0
726;2
727;2
728;0
729;0
730;2
731;2
732;1
733;0
734;0
735;2
736;2
737;2
738;2
739;2
740;2
741;0
742;2
743;0
744;0
745;0
746;0
747;2
748;2
749;0
750;1
751;2
752;1
753;1
754;0
755;0
756;0
757;0
758;0
759;2
760;0
761;1
762;0
763;0
764;1
765;0
766;0
767;0
768;1
769;0
770;0
771;0
772;1
773;0
774;0
775;0
776;0
777;2
778;1
779;0
780;0
781;0
782;0
783;0
784;0
785;2
786;0
787;0
788;0
789;2
790;1
791;0
792;2
793;0
794;2
795;2
796;0
797;2
798;0
799;0
800;1
801;0
802;0
803;0
804;1
805;0
806;2
807;1
808;0
809;0
810;2
811;2
812;0
813;1
814;1
815;0
816;1
817;0
818;0
819;0
820;0
821;2
822;2
823;2
824;0
825;0
826;2
827;0
828;0
829;2
830;4
831;2
832;1
833;0
834;1
835;0
836;0
837;0
838;2
839;0
840;0
841;0
842;0
843;0
844;2
845;0
846;0
847;1
848;0
849;0
850;1
851;0
852;0
853;0
854;0
855;1
856;2
857;0
858;1
859;0
860;0
861;2
862;0
863;0
864;0
865;1
866;0
867;0
868;1
869;1
870;0
871;0
872;2
873;0
874;0
875;0
876;0
877;0
878;0
879;0
880;2
881;2
882;1
883;0
884;2
885;0
886;0
887;0
888;0
889;1
890;0
891;1
892;1
893;0
894;1
895;2
896;4
897;0
898;0
899;0
900;4
901;0
902;0
903;0
904;2
905;0
906;0
907;0
908;1
909;0
910;0
911;0
912;0
913;2
914;1
915;2
916;0
917;0
918;0
919;0
920;2
921;0
922;0
923;0
924;0
925;0
926;2
927;0
928;0
929;1
930;2
931;1
932;0
933;1
934;0
935;0
936;0
937;0
938;1
939;2
940;0
941;0
942;2
943;2
944;1
945;1
946;1
947;0
948;0
949;2
950;0
951;2
952;0
953;0
954;0
955;0
956;0
957;0
958;0
959;0
960;4
961;2
962;2
963;0
964;0
965;0
966;0
967;0
968;2
969;0
970;0
971;1
972;0
973;0
974;0
975;1
976;0
977;0
978;1
979;0
980;0
981;0
982;0
983;2
984;1
985;0
986;0
987;0
988;4
989;0
990;2
991;2
992;2
993;0
994;0
995;0
996;2
997;2
998;0
999;0
1000;0
1001;0
1002;0
1003;0
1004;1
1005;0
1006;1
1007;2
1008;0
1009;0
1010;0
1011;0
1012;1
1013;1
1014;0
1015;0
1016;0
1017;0
1018;0
1019;0
1020;0
1021;0
1022;0
1023;0
