0;1
1;0
2;0
3;2
4;2
5;0
6;2
7;2
8;2
9;1
10;2
11;0
12;0
13;0
14;2
15;0
16;0
17;2
18;1
19;2
20;2
21;0
22;0
23;0
24;1
25;0
26;0
27;0
28;2
29;0
30;1
31;0
32;0
33;2
34;2
35;0
36;2
37;1
38;1
39;0
40;1
41;0
42;0
43;0
44;2
45;1
46;2
47;0
48;0
49;2
50;0
51;0
52;2
53;0
54;0
55;0
56;0
57;0
58;0
59;0
60;0
61;1
62;0
63;2
64;0
65;0
66;2
67;0
68;0
69;0
70;0
71;0
72;0
73;0
74;0
75;0
76;2
77;2
78;1
79;0
80;0
81;0
82;0
83;2
84;0
85;0
86;0
87;0
88;0
89;0
90;0
91;2
92;2
93;0
94;2
95;0
96;2
97;0
98;0
99;0
100;0
101;0
102;0
103;1
104;0
105;0
106;0
107;1
108;0
109;2
110;0
111;0
112;0
113;2
114;2
115;1
116;0
117;2
118;0
119;0
120;0
121;2
122;1
123;0
124;2
125;0
126;1
127;0
128;0
129;1
130;0
131;0
132;1
133;0
134;1
135;0
136;1
137;0
138;0
139;0
140;2
141;0
142;1
143;2
144;2
145;0
146;2
147;0
148;1
149;0
150;1
151;0
152;0
153;2
154;0
155;0
156;0
157;0
158;0
159;0
160;0
161;0
162;1
163;1
164;0
165;0
166;0
167;0
168;2
169;0
170;2
171;0
172;0
173;0
174;2
175;0
176;0
177;0
178;0
179;0
180;1
181;0
182;0
183;0
184;0
185;0
186;0
187;2
188;2
189;2
190;0
191;0
192;0
193;2
194;2
195;0
196;1
197;0
198;0
199;2
200;2
201;0
202;0
203;2
204;2
205;0
206;1
207;0
208;2
209;0
210;2
211;1
212;0
213;1
214;0
215;0
216;0
217;0
218;0
219;1
220;2
221;0
222;2
223;0
224;0
225;0
226;0
227;2
228;1
229;0
230;0
231;0
232;0
233;0
234;0
235;0
236;2
237;0
238;0
239;0
240;2
241;0
242;0
243;0
244;0
245;2
246;0
247;2
248;2
249;1
250;2
251;0
252;0
253;0
254;0
255;0
256;1
257;0
258;1
259;0
260;2
261;1
262;2
263;0
264;0
265;0
266;0
267;0
268;0
269;0
270;2
271;0
272;2
273;0
274;2
275;0
276;0
277;0
278;1
279;0
280;0
281;0
282;0
283;0
284;0
285;0
286;1
287;0
288;0
289;0
290;0
291;0
292;0
293;0
294;0
295;0
296;0
297;0
298;0
299;0
300;0
301;0
302;0
303;1
304;0
305;0
306;0
307;0
308;0
309;0
310;2
311;0
312;0
313;0
314;0
315;0
316;2
317;2
318;2
319;1
320;0
321;0
322;0
323;0
324;2
325;0
326;2
327;1
328;0
329;0
330;0
331;2
332;4
333;2
334;0
335;2
336;2
337;2
338;2
339;2
340;1
341;0
342;1
343;2
344;2
345;1
346;1
347;0
348;2
349;2
350;0
351;0
352;2
353;0
354;0
355;2
356;2
357;1
358;0
359;0
360;2
361;0
362;2
363;2
364;2
365;0
366;2
367;0
368;0
369;2
370;0
371;0
372;2
373;1
374;2
375;0
376;0
377;0
378;2
379;2
380;1
381;0
382;0
383;2
384;2
385;0
386;2
387;2
388;2
389;0
390;0
391;0
392;2
393;2
394;2
395;2
396;1
397;0
398;2
399;2
400;0
401;0
402;2
403;0
404;0
405;0
406;2
407;0
408;0
409;0
410;2
411;0
412;2
413;2
414;0
415;0
416;2
417;0
418;0
419;0
420;2
421;0
422;2
423;0
424;0
425;0
426;1
427;0
428;2
429;1
430;0
431;0
432;1
433;1
434;0
435;0
436;1
437;0
438;2
439;2
440;2
441;0
442;0
443;0
444;0
445;0
446;0
447;0
448;1
449;0
450;0
451;1
452;0
453;0
454;2
455;2
456;1
457;0
458;0
459;0
460;0
461;0
462;0
463;0
464;0
465;1
466;0
467;2
468;0
469;0
470;0
471;1
472;0
473;0
474;2
475;0
476;1
477;0
478;2
479;0
480;0
481;0
482;0
483;0
484;0
485;0
486;2
487;0
488;2
489;0
490;0
491;2
492;2
493;0
494;0
495;2
496;1
497;0
498;0
499;0
500;2
501;0
502;0
503;2
504;0
505;0
506;0
507;0
508;0
509;1
510;0
511;0
512;0
513;2
514;2
515;2
516;2
517;2
518;0
519;0
520;0
521;0
522;2
523;0
524;0
525;0
526;2
527;2
528;0
529;1
530;2
531;0
532;0
533;0
534;0
535;2
536;2
537;0
538;1
539;0
540;0
541;0
542;1
543;2
544;0
545;1
546;0
547;0
548;0
549;0
550;2
551;0
552;0
553;2
554;2
555;2
556;2
557;2
558;2
559;0
560;0
561;2
562;0
563;0
564;0
565;2
566;2
567;2
568;2
569;0
570;2
571;0
572;0
573;0
574;0
575;0
576;0
577;0
578;0
579;0
580;2
581;2
582;0
583;0
584;1
585;0
586;1
587;0
588;0
589;0
590;0
591;0
592;0
593;0
594;0
595;0
596;0
597;0
598;2
599;0
600;1
601;0
602;0
603;2
604;1
605;0
606;2
607;2
608;2
609;0
610;2
611;0
612;1
613;2
614;0
615;0
616;2
617;0
618;0
619;0
620;2
621;0
622;0
623;0
624;1
625;0
626;2
627;0
628;0
629;0
630;2
631;0
632;0
633;0
634;2
635;0
636;2
637;2
638;0
639;0
640;2
641;1
642;1
643;0
644;1
645;1
646;0
647;0
648;0
649;0
650;0
651;0
652;0
653;0
654;0
655;0
656;0
657;0
658;0
659;2
660;0
661;0
662;1
663;0
664;0
665;0
666;2
667;0
668;1
669;0
670;2
671;0
672;0
673;0
674;0
675;0
676;0
677;0
678;1
679;0
680;0
681;0
682;0
683;0
684;0
685;0
686;0
687;0
688;1
689;0
690;1
691;2
692;1
693;0
694;0
695;0
696;0
697;0
698;0
699;2
700;1
701;1
702;0
703;0
704;0
705;0
706;0
707;0
708;0
709;0
710;0
711;0
712;1
713;0
714;0
715;0
716;0
717;1
718;0
719;0
720;0
721;0
722;2
723;2
724;0
725;0
726;0
727;0
728;0
729;2
730;1
731;0
732;2
733;0
734;0
735;2
736;0
737;0
738;2
739;1
740;0
741;0
742;0
743;0
744;1
745;0
746;0
747;0
748;0
749;0
750;2
751;0
752;0
753;0
754;0
755;2
756;1
757;0
758;0
759;1
760;0
761;2
762;2
763;1
764;0
765;0
766;0
767;0
768;1
769;0
770;0
771;0
772;0
773;2
774;0
775;2
776;0
777;0
778;0
779;0
780;0
781;0
782;1
783;0
784;1
785;0
786;0
787;0
788;0
789;0
790;2
791;0
792;0
793;0
794;1
795;0
796;0
797;0
798;2
799;1
800;0
801;0
802;0
803;0
804;0
805;0
806;0
807;0
808;0
809;0
810;2
811;0
812;0
813;2
814;0
815;0
816;0
817;1
818;0
819;0
820;1
821;1
822;2
823;2
824;1
825;1
826;0
827;0
828;0
829;0
830;0
831;2
832;2
833;2
834;2
835;2
836;2
837;0
838;0
839;0
840;2
841;2
842;1
843;2
844;1
845;0
846;1
847;2
848;1
849;0
850;2
851;0
852;0
853;0
854;2
855;0
856;0
857;0
858;0
859;0
860;0
861;0
862;0
863;0
864;0
865;2
866;2
867;0
868;0
869;2
870;0
871;0
872;1
873;1
874;0
875;0
876;0
877;0
878;0
879;0
880;0
881;1
882;1
883;0
884;0
885;1
886;0
887;2
888;1
889;0
890;0
891;2
892;0
893;0
894;2
895;1
896;0
897;1
898;1
899;1
900;0
901;0
902;0
903;2
904;0
905;0
906;0
907;0
908;0
909;0
910;0
911;0
912;2
913;0
914;0
915;0
916;0
917;0
918;2
919;0
920;0
921;0
922;0
923;0
924;0
925;0
926;0
927;0
928;2
929;0
930;1
931;0
932;0
933;2
934;2
935;2
936;2
937;1
938;2
939;0
940;0
941;0
942;1
943;0
944;0
945;0
946;0
947;2
948;2
949;0
950;2
951;1
952;0
953;0
954;2
955;0
956;0
957;0
958;0
959;0
960;0
961;0
962;2
963;0
964;2
965;0
966;0
967;0
968;0
969;0
970;2
971;0
972;0
973;1
974;0
975;1
976;0
977;1
978;0
979;2
980;2
981;0
982;2
983;0
984;1
985;0
986;0
987;0
988;0
989;0
990;1
991;0
992;1
993;0
994;2
995;2
996;0
997;0
998;0
999;0
1000;0
1001;0
1002;0
1003;0
1004;0
1005;1
1006;0
1007;0
1008;2
1009;1
1010;0
1011;0
1012;0
1013;0
1014;1
1015;1
1016;0
1017;0
1018;0
1019;0
1020;0
1021;0
1022;0
1023;0
