0;1
1;0
2;0
3;2
4;0
5;0
6;2
7;1
8;0
9;1
10;2
11;2
12;0
13;1
14;1
15;0
16;2
17;1
18;0
19;0
20;0
21;2
22;0
23;2
24;0
25;0
26;2
27;2
28;2
29;2
30;0
31;0
32;1
33;0
34;2
35;0
36;1
37;0
38;1
39;0
40;1
41;0
42;0
43;0
44;2
45;0
46;0
47;1
48;0
49;2
50;0
51;0
52;2
53;0
54;0
55;0
56;0
57;0
58;1
59;0
60;1
61;2
62;0
63;2
64;0
65;0
66;0
67;0
68;0
69;0
70;0
71;0
72;0
73;0
74;0
75;0
76;2
77;2
78;2
79;1
80;0
81;0
82;0
83;2
84;0
85;0
86;0
87;0
88;0
89;0
90;0
91;2
92;2
93;0
94;2
95;0
96;0
97;0
98;0
99;2
100;0
101;0
102;0
103;1
104;0
105;0
106;0
107;1
108;0
109;0
110;0
111;1
112;0
113;2
114;2
115;2
116;2
117;2
118;0
119;0
120;0
121;2
122;2
123;1
124;0
125;0
126;0
127;0
128;0
129;2
130;2
131;0
132;2
133;0
134;0
135;2
136;0
137;0
138;0
139;2
140;2
141;0
142;0
143;0
144;2
145;0
146;0
147;0
148;0
149;2
150;2
151;0
152;0
153;0
154;0
155;0
156;0
157;0
158;0
159;0
160;0
161;0
162;0
163;0
164;1
165;0
166;0
167;0
168;0
169;0
170;2
171;2
172;2
173;0
174;0
175;0
176;0
177;2
178;2
179;0
180;2
181;0
182;0
183;0
184;0
185;0
186;0
187;0
188;0
189;1
190;1
191;0
192;2
193;2
194;1
195;0
196;2
197;0
198;0
199;0
200;0
201;0
202;0
203;0
204;0
205;0
206;0
207;0
208;0
209;0
210;0
211;0
212;2
213;0
214;0
215;0
216;0
217;2
218;0
219;0
220;0
221;2
222;0
223;0
224;2
225;0
226;0
227;1
228;0
229;2
230;0
231;2
232;0
233;1
234;1
235;0
236;0
237;0
238;2
239;0
240;0
241;0
242;1
243;0
244;0
245;0
246;0
247;0
248;0
249;2
250;2
251;0
252;0
253;2
254;1
255;0
256;2
257;0
258;0
259;0
260;0
261;0
262;2
263;0
264;1
265;0
266;0
267;0
268;1
269;0
270;2
271;2
272;1
273;0
274;0
275;2
276;4
277;0
278;2
279;1
280;2
281;2
282;2
283;0
284;2
285;0
286;0
287;0
288;2
289;0
290;1
291;0
292;0
293;1
294;0
295;0
296;0
297;1
298;0
299;1
300;0
301;0
302;0
303;0
304;2
305;2
306;2
307;2
308;1
309;0
310;0
311;0
312;0
313;0
314;0
315;0
316;0
317;0
318;0
319;2
320;1
321;0
322;2
323;2
324;1
325;0
326;2
327;2
328;1
329;0
330;0
331;0
332;2
333;1
334;1
335;0
336;2
337;0
338;0
339;2
340;0
341;0
342;0
343;2
344;0
345;1
346;0
347;2
348;2
349;2
350;2
351;2
352;1
353;0
354;2
355;0
356;0
357;2
358;0
359;0
360;2
361;0
362;0
363;0
364;0
365;0
366;2
367;2
368;0
369;0
370;0
371;0
372;0
373;0
374;0
375;0
376;1
377;0
378;1
379;0
380;2
381;0
382;0
383;0
384;0
385;0
386;2
387;0
388;2
389;2
390;0
391;0
392;2
393;0
394;0
395;0
396;2
397;0
398;0
399;0
400;0
401;2
402;2
403;2
404;0
405;1
406;0
407;0
408;1
409;1
410;0
411;0
412;2
413;2
414;0
415;0
416;2
417;0
418;0
419;0
420;0
421;0
422;0
423;0
424;0
425;2
426;0
427;1
428;0
429;0
430;0
431;2
432;1
433;0
434;0
435;0
436;0
437;0
438;1
439;0
440;1
441;2
442;0
443;1
444;1
445;0
446;0
447;0
448;0
449;0
450;2
451;2
452;1
453;0
454;0
455;0
456;0
457;0
458;0
459;0
460;0
461;0
462;0
463;0
464;0
465;0
466;0
467;0
468;2
469;0
470;0
471;0
472;1
473;0
474;1
475;0
476;0
477;1
478;0
479;0
480;0
481;0
482;0
483;0
484;0
485;0
486;0
487;1
488;2
489;2
490;2
491;2
492;0
493;1
494;0
495;0
496;2
497;2
498;2
499;0
500;0
501;0
502;0
503;0
504;0
505;0
506;0
507;0
508;0
509;0
510;0
511;0
512;1
513;0
514;0
515;0
516;0
517;0
518;1
519;1
520;0
521;0
522;0
523;0
524;1
525;0
526;2
527;0
528;0
529;0
530;2
531;2
532;1
533;0
534;2
535;2
536;1
537;0
538;0
539;0
540;2
541;0
542;2
543;0
544;2
545;0
546;2
547;0
548;2
549;0
550;0
551;0
552;2
553;0
554;0
555;0
556;2
557;1
558;0
559;0
560;0
561;0
562;1
563;0
564;1
565;0
566;0
567;0
568;0
569;0
570;0
571;2
572;0
573;0
574;0
575;2
576;0
577;2
578;2
579;2
580;2
581;0
582;0
583;0
584;1
585;0
586;0
587;2
588;0
589;0
590;0
591;0
592;0
593;0
594;0
595;0
596;0
597;0
598;0
599;0
600;1
601;0
602;2
603;0
604;0
605;0
606;0
607;1
608;0
609;0
610;0
611;0
612;2
613;0
614;0
615;0
616;1
617;0
618;1
619;0
620;1
621;0
622;0
623;0
624;0
625;0
626;1
627;0
628;1
629;0
630;0
631;0
632;4
633;2
634;2
635;2
636;2
637;0
638;2
639;0
640;2
641;0
642;0
643;0
644;0
645;0
646;0
647;0
648;0
649;0
650;2
651;1
652;0
653;0
654;0
655;0
656;2
657;0
658;0
659;0
660;1
661;0
662;0
663;0
664;0
665;0
666;0
667;0
668;0
669;0
670;0
671;2
672;0
673;0
674;0
675;0
676;0
677;0
678;0
679;2
680;2
681;0
682;2
683;2
684;1
685;0
686;0
687;0
688;0
689;0
690;0
691;1
692;0
693;0
694;0
695;0
696;1
697;0
698;0
699;2
700;0
701;0
702;0
703;0
704;1
705;0
706;0
707;0
708;0
709;1
710;0
711;0
712;0
713;0
714;0
715;0
716;0
717;2
718;2
719;0
720;0
721;2
722;0
723;0
724;2
725;0
726;0
727;2
728;0
729;0
730;0
731;0
732;0
733;0
734;0
735;0
736;1
737;0
738;2
739;0
740;0
741;0
742;2
743;2
744;0
745;2
746;0
747;0
748;1
749;0
750;0
751;0
752;0
753;2
754;0
755;2
756;0
757;0
758;0
759;0
760;0
761;0
762;2
763;2
764;0
765;2
766;1
767;0
768;0
769;0
770;0
771;2
772;1
773;0
774;0
775;2
776;4
777;0
778;2
779;1
780;0
781;0
782;2
783;0
784;1
785;0
786;0
787;0
788;0
789;0
790;0
791;1
792;0
793;0
794;0
795;0
796;0
797;0
798;0
799;0
800;0
801;0
802;1
803;0
804;0
805;0
806;0
807;0
808;0
809;2
810;2
811;0
812;0
813;1
814;0
815;0
816;2
817;0
818;0
819;0
820;0
821;0
822;0
823;0
824;0
825;2
826;2
827;2
828;1
829;0
830;0
831;0
832;0
833;0
834;1
835;2
836;1
837;0
838;0
839;2
840;1
841;0
842;0
843;0
844;0
845;0
846;0
847;0
848;0
849;0
850;2
851;0
852;0
853;0
854;1
855;0
856;0
857;0
858;2
859;0
860;1
861;0
862;0
863;0
864;1
865;1
866;0
867;0
868;0
869;0
870;0
871;1
872;0
873;1
874;2
875;1
876;0
877;1
878;0
879;0
880;1
881;0
882;0
883;1
884;0
885;0
886;1
887;0
888;1
889;1
890;2
891;0
892;0
893;2
894;0
895;2
896;1
897;0
898;2
899;1
900;0
901;0
902;0
903;0
904;4
905;0
906;1
907;0
908;1
909;0
910;0
911;0
912;1
913;1
914;0
915;0
916;0
917;0
918;0
919;1
920;0
921;0
922;0
923;2
924;1
925;0
926;0
927;2
928;1
929;0
930;0
931;0
932;2
933;0
934;2
935;2
936;0
937;0
938;0
939;0
940;4
941;0
942;0
943;0
944;0
945;2
946;0
947;2
948;2
949;0
950;0
951;0
952;0
953;1
954;0
955;0
956;0
957;0
958;0
959;2
960;0
961;0
962;0
963;1
964;0
965;0
966;0
967;0
968;0
969;0
970;0
971;0
972;0
973;0
974;1
975;0
976;0
977;0
978;0
979;0
980;0
981;0
982;0
983;0
984;0
985;0
986;1
987;0
988;1
989;0
990;0
991;0
992;0
993;0
994;0
995;0
996;0
997;0
998;0
999;2
1000;0
1001;2
1002;0
1003;0
1004;1
1005;0
1006;0
1007;0
1008;0
1009;0
1010;0
1011;1
1012;0
1013;1
1014;0
1015;0
1016;0
1017;0
1018;0
1019;0
1020;0
1021;0
1022;0
1023;0
