0;1
1;0
2;0
3;2
4;1
5;0
6;2
7;2
8;2
9;0
10;2
11;1
12;1
13;0
14;0
15;0
16;0
17;0
18;2
19;1
20;0
21;0
22;0
23;2
24;1
25;0
26;2
27;2
28;2
29;0
30;0
31;2
32;0
33;0
34;0
35;0
36;0
37;0
38;1
39;0
40;0
41;0
42;0
43;0
44;0
45;0
46;0
47;1
48;0
49;0
50;2
51;0
52;0
53;2
54;2
55;0
56;2
57;1
58;0
59;0
60;1
61;0
62;2
63;0
64;2
65;1
66;0
67;1
68;0
69;2
70;0
71;0
72;1
73;0
74;0
75;0
76;1
77;0
78;0
79;0
80;1
81;0
82;0
83;2
84;0
85;0
86;0
87;2
88;0
89;0
90;0
91;0
92;1
93;0
94;0
95;0
96;2
97;2
98;2
99;2
100;2
101;0
102;2
103;2
104;0
105;0
106;0
107;0
108;1
109;0
110;0
111;2
112;0
113;0
114;1
115;0
116;0
117;0
118;0
119;0
120;0
121;0
122;0
123;1
124;0
125;0
126;0
127;1
128;0
129;0
130;0
131;0
132;1
133;0
134;2
135;2
136;1
137;0
138;0
139;0
140;0
141;1
142;0
143;2
144;2
145;0
146;1
147;0
148;0
149;2
150;1
151;0
152;2
153;0
154;0
155;0
156;0
157;0
158;0
159;0
160;2
161;0
162;0
163;0
164;1
165;0
166;0
167;0
168;0
169;0
170;1
171;0
172;2
173;0
174;0
175;0
176;0
177;0
178;0
179;1
180;0
181;0
182;2
183;0
184;1
185;1
186;0
187;1
188;0
189;0
190;2
191;2
192;2
193;0
194;0
195;2
196;0
197;2
198;2
199;0
200;2
201;1
202;0
203;2
204;1
205;0
206;0
207;0
208;0
209;0
210;1
211;0
212;2
213;0
214;0
215;0
216;2
217;0
218;0
219;0
220;0
221;0
222;0
223;1
224;0
225;0
226;0
227;0
228;0
229;0
230;2
231;0
232;0
233;0
234;0
235;0
236;0
237;2
238;0
239;0
240;0
241;2
242;0
243;0
244;2
245;0
246;0
247;0
248;0
249;2
250;0
251;2
252;1
253;1
254;1
255;1
256;0
257;0
258;0
259;0
260;0
261;0
262;1
263;0
264;0
265;0
266;2
267;0
268;0
269;2
270;2
271;0
272;0
273;1
274;0
275;0
276;1
277;0
278;0
279;2
280;0
281;0
282;0
283;0
284;0
285;0
286;0
287;0
288;2
289;0
290;0
291;0
292;0
293;0
294;0
295;0
296;2
297;0
298;0
299;1
300;0
301;0
302;0
303;0
304;0
305;0
306;2
307;1
308;0
309;0
310;0
311;0
312;2
313;1
314;0
315;2
316;1
317;0
318;0
319;0
320;0
321;0
322;0
323;1
324;0
325;1
326;0
327;0
328;2
329;2
330;2
331;2
332;0
333;1
334;0
335;1
336;1
337;0
338;0
339;0
340;1
341;0
342;0
343;1
344;0
345;0
346;0
347;2
348;1
349;2
350;2
351;0
352;2
353;0
354;2
355;0
356;0
357;1
358;0
359;0
360;0
361;0
362;0
363;0
364;0
365;0
366;2
367;2
368;0
369;0
370;0
371;0
372;2
373;2
374;1
375;1
376;0
377;0
378;0
379;0
380;0
381;0
382;0
383;0
384;0
385;0
386;0
387;0
388;0
389;0
390;2
391;2
392;0
393;0
394;0
395;0
396;0
397;0
398;0
399;0
400;0
401;0
402;1
403;0
404;0
405;0
406;0
407;0
408;0
409;0
410;1
411;0
412;2
413;2
414;0
415;2
416;2
417;0
418;0
419;0
420;0
421;0
422;0
423;0
424;0
425;0
426;2
427;0
428;2
429;1
430;0
431;2
432;1
433;1
434;0
435;0
436;2
437;2
438;0
439;2
440;2
441;0
442;0
443;0
444;1
445;0
446;0
447;0
448;0
449;2
450;0
451;1
452;0
453;0
454;1
455;2
456;1
457;0
458;0
459;2
460;0
461;0
462;0
463;0
464;1
465;1
466;0
467;1
468;0
469;0
470;0
471;0
472;0
473;0
474;2
475;2
476;2
477;0
478;0
479;2
480;1
481;0
482;0
483;0
484;0
485;1
486;2
487;1
488;0
489;0
490;0
491;0
492;1
493;0
494;0
495;0
496;1
497;0
498;0
499;0
500;2
501;1
502;1
503;0
504;0
505;0
506;0
507;0
508;0
509;0
510;0
511;0
512;0
513;1
514;2
515;1
516;0
517;2
518;0
519;1
520;0
521;2
522;0
523;0
524;0
525;0
526;0
527;0
528;0
529;1
530;0
531;1
532;0
533;0
534;0
535;0
536;1
537;0
538;0
539;0
540;0
541;0
542;1
543;0
544;0
545;0
546;0
547;0
548;2
549;0
550;0
551;0
552;0
553;0
554;0
555;2
556;2
557;2
558;1
559;0
560;0
561;1
562;0
563;1
564;0
565;2
566;2
567;1
568;0
569;0
570;0
571;1
572;1
573;0
574;0
575;1
576;2
577;0
578;2
579;0
580;2
581;2
582;0
583;0
584;1
585;0
586;0
587;0
588;0
589;0
590;0
591;0
592;0
593;0
594;0
595;0
596;1
597;0
598;0
599;0
600;0
601;0
602;0
603;0
604;2
605;0
606;0
607;0
608;2
609;0
610;0
611;0
612;2
613;0
614;0
615;0
616;0
617;0
618;0
619;0
620;0
621;0
622;2
623;2
624;0
625;2
626;0
627;2
628;1
629;1
630;0
631;0
632;1
633;2
634;0
635;0
636;0
637;0
638;0
639;0
640;0
641;0
642;0
643;0
644;0
645;0
646;0
647;0
648;0
649;0
650;0
651;0
652;0
653;0
654;0
655;1
656;0
657;2
658;2
659;0
660;0
661;0
662;2
663;1
664;0
665;0
666;0
667;0
668;2
669;0
670;2
671;1
672;0
673;0
674;2
675;0
676;2
677;2
678;2
679;0
680;0
681;1
682;0
683;0
684;0
685;0
686;0
687;2
688;1
689;0
690;0
691;2
692;2
693;1
694;0
695;0
696;0
697;0
698;0
699;0
700;0
701;0
702;0
703;1
704;1
705;0
706;0
707;1
708;0
709;0
710;0
711;0
712;1
713;0
714;0
715;0
716;0
717;0
718;1
719;0
720;0
721;0
722;0
723;0
724;0
725;2
726;0
727;0
728;2
729;0
730;1
731;0
732;2
733;0
734;2
735;2
736;2
737;0
738;2
739;0
740;0
741;0
742;0
743;0
744;2
745;0
746;0
747;0
748;0
749;0
750;2
751;0
752;1
753;0
754;0
755;0
756;1
757;0
758;0
759;0
760;0
761;2
762;0
763;1
764;1
765;0
766;0
767;0
768;0
769;1
770;0
771;2
772;0
773;0
774;1
775;0
776;0
777;0
778;2
779;0
780;1
781;0
782;0
783;0
784;0
785;0
786;0
787;1
788;0
789;0
790;0
791;0
792;0
793;0
794;0
795;0
796;0
797;0
798;0
799;1
800;0
801;2
802;0
803;0
804;0
805;2
806;2
807;0
808;1
809;1
810;2
811;0
812;2
813;0
814;2
815;1
816;0
817;0
818;0
819;0
820;2
821;2
822;2
823;2
824;0
825;0
826;0
827;0
828;0
829;2
830;1
831;2
832;1
833;0
834;0
835;2
836;1
837;0
838;0
839;1
840;0
841;1
842;0
843;1
844;0
845;0
846;0
847;0
848;0
849;0
850;0
851;0
852;0
853;0
854;2
855;0
856;0
857;2
858;0
859;0
860;2
861;1
862;2
863;0
864;0
865;0
866;0
867;1
868;0
869;0
870;1
871;0
872;0
873;1
874;1
875;0
876;0
877;0
878;0
879;0
880;0
881;0
882;2
883;0
884;0
885;1
886;2
887;2
888;2
889;2
890;0
891;2
892;0
893;0
894;0
895;1
896;0
897;0
898;0
899;0
900;2
901;2
902;0
903;0
904;0
905;1
906;0
907;0
908;0
909;0
910;1
911;1
912;0
913;0
914;1
915;0
916;2
917;0
918;2
919;1
920;0
921;0
922;2
923;2
924;0
925;0
926;0
927;0
928;2
929;0
930;1
931;0
932;2
933;0
934;0
935;0
936;0
937;0
938;0
939;1
940;2
941;0
942;0
943;1
944;0
945;1
946;0
947;1
948;0
949;2
950;0
951;2
952;2
953;0
954;0
955;1
956;0
957;0
958;0
959;0
960;0
961;0
962;2
963;2
964;0
965;0
966;2
967;0
968;0
969;0
970;0
971;2
972;2
973;0
974;2
975;2
976;2
977;0
978;0
979;0
980;0
981;0
982;0
983;0
984;0
985;0
986;0
987;1
988;1
989;0
990;0
991;0
992;2
993;0
994;0
995;2
996;2
997;0
998;2
999;2
1000;0
1001;0
1002;2
1003;0
1004;0
1005;0
1006;0
1007;0
1008;0
1009;0
1010;1
1011;0
1012;0
1013;1
1014;1
1015;0
1016;0
1017;0
1018;0
1019;0
1020;0
1021;0
1022;0
1023;0
