0;1
1;0
2;0
3;2
4;4
5;0
6;2
7;0
8;2
9;0
10;2
11;0
12;2
13;1
14;0
15;0
16;0
17;1
18;0
19;0
20;2
21;0
22;0
23;2
24;0
25;0
26;2
27;2
28;1
29;0
30;0
31;2
32;4
33;0
34;2
35;2
36;2
37;0
38;2
39;0
40;2
41;1
42;0
43;0
44;2
45;0
46;0
47;2
48;0
49;0
50;0
51;1
52;0
53;0
54;0
55;0
56;2
57;0
58;0
59;0
60;1
61;2
62;1
63;2
64;1
65;0
66;2
67;2
68;1
69;0
70;0
71;1
72;2
73;0
74;2
75;2
76;1
77;0
78;2
79;0
80;1
81;0
82;2
83;2
84;1
85;0
86;0
87;2
88;4
89;0
90;2
91;2
92;2
93;0
94;2
95;0
96;1
97;0
98;0
99;0
100;1
101;1
102;0
103;2
104;1
105;0
106;0
107;0
108;0
109;2
110;2
111;0
112;2
113;0
114;2
115;2
116;0
117;0
118;0
119;0
120;2
121;1
122;2
123;1
124;1
125;0
126;1
127;0
128;0
129;0
130;0
131;2
132;1
133;0
134;0
135;2
136;4
137;0
138;2
139;2
140;2
141;0
142;2
143;0
144;1
145;0
146;0
147;0
148;0
149;0
150;0
151;0
152;0
153;0
154;0
155;0
156;1
157;0
158;0
159;0
160;0
161;0
162;0
163;0
164;1
165;2
166;1
167;0
168;0
169;0
170;2
171;0
172;0
173;2
174;2
175;2
176;1
177;0
178;0
179;0
180;0
181;0
182;0
183;0
184;0
185;1
186;2
187;2
188;1
189;0
190;2
191;1
192;0
193;0
194;0
195;1
196;2
197;0
198;2
199;1
200;0
201;0
202;2
203;0
204;1
205;0
206;0
207;1
208;0
209;2
210;2
211;2
212;2
213;2
214;0
215;1
216;0
217;0
218;2
219;2
220;2
221;2
222;0
223;2
224;2
225;0
226;0
227;0
228;0
229;2
230;0
231;0
232;1
233;0
234;2
235;1
236;0
237;0
238;0
239;0
240;1
241;0
242;2
243;2
244;1
245;0
246;0
247;2
248;2
249;0
250;2
251;0
252;1
253;0
254;2
255;2
256;2
257;2
258;2
259;0
260;2
261;0
262;0
263;0
264;0
265;2
266;1
267;0
268;0
269;0
270;0
271;0
272;0
273;0
274;2
275;0
276;0
277;0
278;2
279;0
280;1
281;0
282;2
283;2
284;1
285;0
286;0
287;0
288;0
289;0
290;2
291;2
292;1
293;0
294;2
295;2
296;4
297;0
298;2
299;2
300;0
301;0
302;2
303;1
304;2
305;0
306;0
307;0
308;1
309;0
310;2
311;2
312;1
313;0
314;0
315;2
316;1
317;2
318;2
319;1
320;1
321;0
322;2
323;0
324;2
325;2
326;2
327;2
328;2
329;0
330;0
331;0
332;0
333;0
334;0
335;2
336;2
337;0
338;0
339;0
340;1
341;0
342;2
343;2
344;1
345;0
346;0
347;2
348;4
349;0
350;2
351;2
352;2
353;0
354;2
355;0
356;1
357;0
358;0
359;0
360;0
361;0
362;0
363;0
364;2
365;0
366;1
367;1
368;2
369;1
370;0
371;0
372;0
373;2
374;0
375;0
376;1
377;0
378;0
379;0
380;0
381;0
382;0
383;2
384;0
385;0
386;0
387;0
388;4
389;2
390;0
391;2
392;4
393;0
394;0
395;0
396;2
397;0
398;0
399;0
400;1
401;0
402;0
403;0
404;0
405;0
406;1
407;0
408;1
409;0
410;0
411;2
412;2
413;0
414;2
415;1
416;0
417;2
418;0
419;0
420;2
421;2
422;2
423;0
424;0
425;1
426;0
427;2
428;2
429;2
430;1
431;0
432;2
433;1
434;0
435;0
436;0
437;0
438;1
439;0
440;1
441;0
442;0
443;1
444;2
445;0
446;2
447;0
448;0
449;0
450;2
451;2
452;1
453;0
454;0
455;2
456;0
457;1
458;2
459;1
460;0
461;0
462;2
463;0
464;2
465;0
466;0
467;0
468;0
469;0
470;2
471;2
472;1
473;0
474;0
475;2
476;2
477;0
478;2
479;2
480;2
481;0
482;0
483;0
484;2
485;0
486;0
487;0
488;1
489;0
490;1
491;0
492;1
493;0
494;0
495;2
496;0
497;1
498;2
499;0
500;1
501;1
502;2
503;0
504;0
505;0
506;0
507;0
508;1
509;0
510;0
511;0
512;0
513;2
514;0
515;0
516;0
517;0
518;1
519;0
520;1
521;0
522;2
523;2
524;1
525;0
526;0
527;2
528;2
529;0
530;2
531;2
532;2
533;0
534;2
535;0
536;2
537;2
538;0
539;2
540;0
541;2
542;1
543;0
544;0
545;0
546;0
547;0
548;0
549;0
550;0
551;0
552;0
553;0
554;2
555;2
556;0
557;0
558;2
559;0
560;0
561;0
562;0
563;0
564;0
565;0
566;1
567;0
568;0
569;2
570;1
571;0
572;2
573;0
574;0
575;0
576;0
577;0
578;0
579;0
580;0
581;0
582;2
583;2
584;0
585;0
586;0
587;2
588;0
589;0
590;0
591;2
592;4
593;0
594;2
595;2
596;2
597;0
598;2
599;0
600;1
601;0
602;2
603;0
604;0
605;0
606;0
607;0
608;0
609;0
610;1
611;0
612;1
613;0
614;0
615;2
616;0
617;0
618;0
619;2
620;2
621;0
622;2
623;0
624;2
625;0
626;1
627;0
628;2
629;0
630;0
631;1
632;0
633;0
634;0
635;0
636;0
637;0
638;0
639;0
640;2
641;0
642;0
643;0
644;0
645;2
646;2
647;1
648;0
649;0
650;1
651;0
652;0
653;0
654;0
655;0
656;0
657;0
658;2
659;2
660;1
661;0
662;0
663;2
664;2
665;0
666;2
667;2
668;2
669;0
670;2
671;0
672;0
673;1
674;0
675;2
676;1
677;0
678;0
679;1
680;0
681;0
682;0
683;0
684;2
685;0
686;2
687;0
688;0
689;0
690;0
691;0
692;0
693;1
694;0
695;0
696;2
697;0
698;0
699;0
700;1
701;0
702;1
703;0
704;0
705;0
706;1
707;0
708;0
709;0
710;0
711;2
712;2
713;0
714;2
715;0
716;1
717;0
718;2
719;0
720;1
721;0
722;0
723;2
724;2
725;0
726;2
727;2
728;2
729;0
730;2
731;0
732;2
733;0
734;0
735;0
736;0
737;1
738;2
739;0
740;1
741;0
742;0
743;2
744;1
745;0
746;0
747;0
748;4
749;1
750;0
751;1
752;0
753;0
754;2
755;0
756;1
757;0
758;0
759;0
760;0
761;1
762;0
763;0
764;0
765;1
766;0
767;0
768;2
769;2
770;2
771;2
772;2
773;0
774;1
775;0
776;2
777;0
778;0
779;0
780;0
781;2
782;2
783;1
784;0
785;2
786;0
787;0
788;0
789;0
790;2
791;2
792;1
793;0
794;0
795;0
796;4
797;2
798;2
799;2
800;2
801;0
802;2
803;0
804;2
805;0
806;0
807;0
808;1
809;0
810;2
811;0
812;0
813;0
814;0
815;0
816;0
817;0
818;0
819;0
820;0
821;0
822;1
823;0
824;2
825;0
826;0
827;0
828;1
829;1
830;0
831;0
832;1
833;0
834;0
835;1
836;0
837;0
838;0
839;0
840;1
841;0
842;2
843;0
844;0
845;0
846;2
847;2
848;1
849;0
850;0
851;2
852;1
853;0
854;2
855;2
856;2
857;0
858;0
859;0
860;1
861;0
862;0
863;0
864;0
865;1
866;0
867;0
868;0
869;1
870;0
871;0
872;1
873;0
874;1
875;0
876;0
877;2
878;0
879;2
880;0
881;0
882;0
883;0
884;0
885;0
886;0
887;0
888;0
889;2
890;0
891;0
892;2
893;0
894;0
895;0
896;1
897;1
898;2
899;0
900;0
901;1
902;1
903;0
904;2
905;0
906;1
907;0
908;2
909;0
910;0
911;2
912;0
913;0
914;0
915;0
916;1
917;0
918;0
919;0
920;0
921;0
922;2
923;2
924;1
925;0
926;0
927;2
928;4
929;0
930;2
931;1
932;2
933;0
934;2
935;0
936;1
937;1
938;0
939;0
940;2
941;0
942;0
943;0
944;2
945;2
946;0
947;0
948;0
949;2
950;2
951;0
952;2
953;0
954;0
955;0
956;1
957;0
958;2
959;2
960;1
961;0
962;2
963;0
964;1
965;0
966;0
967;0
968;0
969;0
970;0
971;0
972;0
973;2
974;2
975;0
976;0
977;0
978;0
979;0
980;0
981;1
982;0
983;2
984;1
985;0
986;1
987;0
988;0
989;2
990;0
991;0
992;1
993;0
994;0
995;0
996;0
997;0
998;2
999;2
1000;1
1001;0
1002;0
1003;0
1004;4
1005;0
1006;2
1007;2
1008;0
1009;0
1010;2
1011;0
1012;1
1013;0
1014;0
1015;1
1016;0
1017;0
1018;0
1019;0
1020;0
1021;0
1022;0
1023;0
