0;0
1;0
2;0
3;0
4;2
5;2
6;2
7;2
8;2
9;0
10;0
11;0
12;2
13;0
14;0
15;0
16;1
17;1
18;0
19;0
20;0
21;1
22;0
23;2
24;1
25;1
26;1
27;2
28;2
29;0
30;0
31;0
32;0
33;0
34;0
35;2
36;0
37;0
38;0
39;0
40;0
41;0
42;0
43;0
44;0
45;0
46;0
47;0
48;0
49;0
50;0
51;0
52;0
53;0
54;0
55;0
56;0
57;0
58;0
59;0
60;1
61;0
62;0
63;0
64;0
65;0
66;2
67;0
68;0
69;0
70;2
71;1
72;0
73;2
74;2
75;1
76;0
77;0
78;0
79;0
80;2
81;0
82;0
83;0
84;1
85;2
86;0
87;0
88;1
89;0
90;1
91;0
92;1
93;0
94;0
95;2
96;4
97;0
98;2
99;0
100;2
101;0
102;2
103;0
104;2
105;2
106;0
107;0
108;0
109;0
110;2
111;0
112;0
113;0
114;0
115;0
116;0
117;0
118;0
119;0
120;0
121;2
122;0
123;0
124;0
125;0
126;0
127;0
128;0
129;0
130;0
131;0
132;0
133;2
134;1
135;0
136;0
137;2
138;0
139;0
140;2
141;0
142;2
143;0
144;2
145;0
146;0
147;0
148;0
149;2
150;1
151;2
152;1
153;0
154;2
155;0
156;0
157;1
158;0
159;0
160;0
161;0
162;2
163;0
164;1
165;0
166;2
167;2
168;1
169;0
170;0
171;0
172;4
173;2
174;2
175;2
176;0
177;0
178;2
179;0
180;1
181;2
182;0
183;1
184;0
185;1
186;0
187;0
188;0
189;0
190;0
191;1
192;0
193;2
194;2
195;0
196;1
197;0
198;0
199;0
200;0
201;0
202;0
203;0
204;0
205;0
206;0
207;0
208;2
209;1
210;0
211;1
212;0
213;0
214;2
215;0
216;0
217;0
218;0
219;0
220;0
221;0
222;0
223;1
224;0
225;0
226;0
227;2
228;1
229;1
230;1
231;2
232;0
233;0
234;0
235;0
236;1
237;0
238;0
239;2
240;2
241;0
242;2
243;1
244;0
245;0
246;0
247;1
248;0
249;0
250;0
251;0
252;1
253;0
254;0
255;0
256;1
257;0
258;0
259;2
260;1
261;0
262;0
263;2
264;0
265;0
266;2
267;2
268;2
269;0
270;0
271;2
272;2
273;2
274;0
275;0
276;0
277;0
278;2
279;2
280;2
281;2
282;0
283;0
284;1
285;0
286;2
287;2
288;0
289;0
290;0
291;0
292;2
293;2
294;1
295;2
296;1
297;0
298;0
299;0
300;0
301;0
302;0
303;2
304;2
305;0
306;0
307;0
308;0
309;0
310;2
311;0
312;0
313;0
314;0
315;0
316;0
317;0
318;0
319;0
320;0
321;0
322;0
323;0
324;0
325;0
326;0
327;0
328;2
329;1
330;0
331;0
332;0
333;0
334;0
335;0
336;0
337;1
338;1
339;0
340;0
341;0
342;1
343;0
344;0
345;0
346;0
347;0
348;2
349;0
350;0
351;0
352;2
353;0
354;0
355;0
356;0
357;2
358;1
359;0
360;2
361;2
362;2
363;1
364;0
365;1
366;0
367;0
368;0
369;0
370;0
371;1
372;2
373;0
374;0
375;0
376;0
377;0
378;0
379;2
380;0
381;0
382;0
383;0
384;0
385;0
386;0
387;0
388;0
389;0
390;0
391;0
392;1
393;0
394;0
395;2
396;1
397;0
398;2
399;2
400;0
401;0
402;2
403;0
404;1
405;0
406;1
407;0
408;0
409;1
410;0
411;0
412;2
413;0
414;2
415;2
416;2
417;0
418;2
419;0
420;0
421;1
422;2
423;0
424;2
425;1
426;2
427;0
428;2
429;1
430;0
431;0
432;0
433;0
434;0
435;0
436;1
437;0
438;0
439;0
440;0
441;2
442;0
443;2
444;2
445;0
446;0
447;0
448;0
449;0
450;0
451;0
452;0
453;1
454;0
455;2
456;2
457;0
458;0
459;0
460;0
461;2
462;0
463;0
464;0
465;0
466;0
467;0
468;0
469;0
470;1
471;0
472;0
473;2
474;1
475;2
476;2
477;0
478;1
479;0
480;0
481;0
482;0
483;0
484;1
485;2
486;0
487;0
488;0
489;0
490;0
491;2
492;1
493;0
494;0
495;0
496;0
497;0
498;0
499;0
500;2
501;0
502;0
503;0
504;0
505;0
506;1
507;0
508;0
509;0
510;0
511;0
512;2
513;0
514;2
515;2
516;0
517;0
518;0
519;0
520;0
521;0
522;1
523;0
524;2
525;2
526;2
527;0
528;2
529;0
530;0
531;1
532;0
533;2
534;0
535;0
536;0
537;2
538;0
539;0
540;0
541;0
542;0
543;1
544;0
545;0
546;0
547;1
548;0
549;2
550;0
551;1
552;0
553;2
554;0
555;2
556;0
557;0
558;0
559;0
560;0
561;0
562;0
563;0
564;0
565;0
566;2
567;2
568;0
569;0
570;0
571;1
572;0
573;2
574;0
575;0
576;0
577;0
578;2
579;1
580;0
581;2
582;0
583;0
584;2
585;0
586;0
587;0
588;0
589;2
590;0
591;1
592;0
593;0
594;0
595;0
596;0
597;0
598;0
599;0
600;1
601;0
602;2
603;2
604;0
605;0
606;0
607;0
608;4
609;0
610;2
611;2
612;2
613;0
614;2
615;0
616;2
617;0
618;0
619;0
620;0
621;0
622;2
623;1
624;0
625;1
626;0
627;2
628;0
629;0
630;0
631;0
632;0
633;0
634;0
635;0
636;2
637;0
638;0
639;2
640;0
641;0
642;0
643;2
644;0
645;2
646;0
647;0
648;0
649;0
650;2
651;0
652;2
653;0
654;0
655;1
656;2
657;0
658;2
659;2
660;2
661;0
662;1
663;0
664;0
665;2
666;0
667;2
668;2
669;2
670;2
671;1
672;0
673;0
674;0
675;0
676;2
677;0
678;0
679;0
680;0
681;0
682;0
683;1
684;2
685;1
686;0
687;2
688;2
689;0
690;0
691;0
692;2
693;0
694;0
695;0
696;0
697;0
698;0
699;0
700;0
701;2
702;0
703;0
704;2
705;0
706;0
707;0
708;0
709;0
710;0
711;0
712;2
713;0
714;0
715;0
716;1
717;0
718;0
719;0
720;0
721;2
722;1
723;2
724;2
725;0
726;0
727;0
728;1
729;0
730;0
731;0
732;1
733;0
734;0
735;0
736;0
737;0
738;2
739;2
740;1
741;0
742;0
743;1
744;1
745;0
746;1
747;2
748;0
749;0
750;2
751;0
752;2
753;0
754;1
755;0
756;0
757;0
758;0
759;0
760;0
761;0
762;2
763;2
764;1
765;0
766;0
767;1
768;0
769;0
770;0
771;2
772;0
773;0
774;2
775;0
776;0
777;2
778;0
779;0
780;1
781;0
782;0
783;0
784;0
785;0
786;0
787;0
788;0
789;0
790;0
791;2
792;1
793;0
794;0
795;0
796;0
797;0
798;0
799;0
800;0
801;0
802;0
803;0
804;0
805;2
806;0
807;0
808;2
809;0
810;2
811;0
812;0
813;0
814;0
815;0
816;0
817;0
818;2
819;2
820;4
821;0
822;0
823;0
824;0
825;0
826;0
827;2
828;1
829;1
830;0
831;0
832;1
833;0
834;0
835;0
836;0
837;0
838;0
839;0
840;0
841;1
842;0
843;1
844;0
845;0
846;0
847;0
848;0
849;1
850;2
851;2
852;2
853;0
854;0
855;0
856;0
857;0
858;2
859;0
860;0
861;0
862;0
863;0
864;0
865;0
866;1
867;0
868;0
869;2
870;1
871;0
872;0
873;1
874;0
875;0
876;1
877;0
878;1
879;0
880;2
881;0
882;0
883;2
884;0
885;0
886;0
887;0
888;0
889;0
890;0
891;0
892;0
893;2
894;1
895;0
896;2
897;0
898;2
899;0
900;0
901;0
902;0
903;0
904;0
905;0
906;1
907;0
908;0
909;0
910;1
911;1
912;0
913;1
914;1
915;0
916;0
917;2
918;2
919;2
920;1
921;0
922;0
923;0
924;0
925;0
926;1
927;1
928;0
929;0
930;0
931;0
932;0
933;0
934;1
935;2
936;1
937;0
938;2
939;2
940;2
941;0
942;0
943;0
944;1
945;0
946;2
947;1
948;0
949;0
950;0
951;0
952;0
953;0
954;0
955;0
956;2
957;0
958;0
959;2
960;1
961;0
962;0
963;0
964;2
965;1
966;2
967;0
968;1
969;0
970;0
971;0
972;0
973;0
974;0
975;0
976;1
977;0
978;0
979;2
980;4
981;0
982;0
983;2
984;0
985;0
986;2
987;0
988;2
989;0
990;0
991;0
992;0
993;1
994;2
995;0
996;0
997;1
998;1
999;0
1000;2
1001;2
1002;0
1003;0
1004;0
1005;0
1006;0
1007;0
1008;0
1009;0
1010;0
1011;0
1012;1
1013;0
1014;1
1015;1
1016;0
1017;0
1018;0
1019;0
1020;0
1021;0
1022;0
1023;0
