0;1
1;0
2;0
3;2
4;2
5;0
6;2
7;2
8;2
9;0
10;2
11;0
12;2
13;0
14;2
15;1
16;0
17;0
18;0
19;1
20;0
21;2
22;0
23;0
24;1
25;0
26;0
27;0
28;2
29;0
30;1
31;0
32;0
33;0
34;0
35;2
36;2
37;0
38;0
39;0
40;0
41;0
42;0
43;1
44;0
45;0
46;0
47;0
48;1
49;0
50;2
51;2
52;0
53;0
54;0
55;0
56;2
57;0
58;2
59;2
60;2
61;0
62;2
63;0
64;0
65;0
66;0
67;0
68;2
69;0
70;2
71;1
72;0
73;2
74;2
75;0
76;1
77;0
78;2
79;1
80;0
81;0
82;0
83;0
84;0
85;0
86;0
87;0
88;1
89;0
90;0
91;0
92;2
93;1
94;0
95;0
96;1
97;0
98;0
99;0
100;2
101;2
102;2
103;1
104;0
105;0
106;1
107;0
108;0
109;0
110;0
111;0
112;0
113;2
114;1
115;1
116;0
117;0
118;0
119;0
120;0
121;0
122;0
123;0
124;0
125;0
126;0
127;1
128;0
129;0
130;0
131;1
132;0
133;0
134;0
135;1
136;0
137;0
138;0
139;0
140;1
141;0
142;0
143;0
144;2
145;2
146;2
147;2
148;2
149;0
150;2
151;0
152;0
153;0
154;0
155;2
156;0
157;0
158;2
159;0
160;0
161;0
162;0
163;0
164;0
165;0
166;0
167;0
168;0
169;0
170;0
171;0
172;0
173;0
174;0
175;0
176;2
177;1
178;0
179;0
180;1
181;2
182;0
183;0
184;2
185;0
186;0
187;0
188;0
189;1
190;1
191;0
192;0
193;1
194;0
195;0
196;2
197;0
198;2
199;1
200;0
201;2
202;0
203;0
204;0
205;0
206;0
207;1
208;1
209;0
210;0
211;2
212;2
213;0
214;2
215;2
216;1
217;0
218;0
219;1
220;0
221;0
222;2
223;1
224;0
225;0
226;0
227;0
228;2
229;0
230;1
231;0
232;0
233;0
234;0
235;2
236;1
237;0
238;2
239;0
240;0
241;2
242;2
243;2
244;1
245;0
246;0
247;1
248;0
249;0
250;0
251;2
252;0
253;0
254;2
255;1
256;1
257;0
258;1
259;0
260;0
261;0
262;1
263;0
264;0
265;1
266;0
267;0
268;0
269;0
270;1
271;1
272;1
273;0
274;0
275;0
276;2
277;0
278;2
279;0
280;0
281;0
282;0
283;1
284;0
285;0
286;0
287;1
288;0
289;0
290;0
291;2
292;0
293;0
294;0
295;0
296;2
297;2
298;0
299;2
300;0
301;0
302;0
303;0
304;2
305;0
306;0
307;0
308;1
309;1
310;0
311;0
312;0
313;1
314;0
315;0
316;0
317;0
318;2
319;0
320;0
321;2
322;2
323;0
324;0
325;0
326;0
327;0
328;0
329;0
330;1
331;0
332;0
333;1
334;0
335;0
336;0
337;0
338;0
339;0
340;1
341;0
342;0
343;0
344;0
345;0
346;0
347;0
348;0
349;2
350;2
351;1
352;0
353;1
354;0
355;0
356;0
357;1
358;2
359;2
360;2
361;0
362;2
363;2
364;0
365;0
366;0
367;1
368;0
369;0
370;2
371;2
372;1
373;0
374;0
375;0
376;0
377;0
378;0
379;2
380;1
381;0
382;2
383;1
384;0
385;0
386;0
387;0
388;0
389;0
390;0
391;1
392;1
393;0
394;2
395;0
396;1
397;1
398;1
399;0
400;1
401;0
402;0
403;0
404;0
405;0
406;0
407;0
408;0
409;0
410;1
411;0
412;1
413;0
414;2
415;2
416;1
417;0
418;0
419;2
420;0
421;0
422;2
423;2
424;2
425;0
426;2
427;0
428;2
429;0
430;0
431;0
432;0
433;2
434;0
435;0
436;0
437;0
438;0
439;0
440;0
441;0
442;2
443;1
444;0
445;0
446;0
447;0
448;0
449;0
450;0
451;0
452;1
453;2
454;0
455;0
456;2
457;0
458;0
459;0
460;0
461;0
462;1
463;0
464;2
465;0
466;0
467;2
468;2
469;0
470;0
471;0
472;0
473;1
474;0
475;0
476;1
477;0
478;2
479;0
480;0
481;0
482;0
483;0
484;2
485;0
486;0
487;2
488;0
489;2
490;0
491;2
492;0
493;0
494;2
495;2
496;2
497;0
498;0
499;1
500;0
501;0
502;2
503;0
504;2
505;2
506;1
507;2
508;2
509;0
510;2
511;2
512;2
513;1
514;0
515;0
516;2
517;0
518;0
519;0
520;1
521;2
522;0
523;2
524;1
525;1
526;0
527;0
528;0
529;0
530;0
531;0
532;2
533;0
534;0
535;0
536;2
537;0
538;0
539;0
540;0
541;0
542;0
543;0
544;0
545;0
546;0
547;0
548;0
549;0
550;2
551;1
552;0
553;2
554;2
555;0
556;1
557;0
558;0
559;2
560;1
561;0
562;0
563;0
564;0
565;0
566;0
567;0
568;2
569;2
570;0
571;0
572;1
573;0
574;0
575;1
576;2
577;1
578;0
579;2
580;2
581;1
582;0
583;2
584;1
585;0
586;0
587;0
588;0
589;0
590;0
591;0
592;1
593;0
594;1
595;0
596;2
597;0
598;1
599;1
600;2
601;0
602;1
603;0
604;0
605;2
606;2
607;1
608;0
609;1
610;0
611;0
612;0
613;1
614;0
615;0
616;0
617;0
618;0
619;0
620;0
621;0
622;2
623;0
624;2
625;0
626;0
627;0
628;0
629;0
630;0
631;0
632;0
633;0
634;0
635;0
636;0
637;1
638;0
639;1
640;0
641;0
642;0
643;0
644;2
645;0
646;0
647;0
648;0
649;0
650;0
651;0
652;0
653;2
654;0
655;0
656;1
657;0
658;1
659;0
660;2
661;0
662;0
663;0
664;0
665;2
666;2
667;0
668;0
669;2
670;2
671;0
672;0
673;1
674;0
675;0
676;0
677;0
678;0
679;0
680;2
681;0
682;2
683;0
684;0
685;0
686;0
687;0
688;0
689;0
690;0
691;0
692;1
693;0
694;2
695;2
696;0
697;0
698;2
699;1
700;1
701;1
702;0
703;2
704;1
705;0
706;2
707;2
708;2
709;0
710;0
711;0
712;2
713;0
714;0
715;0
716;0
717;2
718;2
719;0
720;0
721;0
722;0
723;0
724;0
725;0
726;2
727;0
728;0
729;1
730;0
731;0
732;1
733;0
734;0
735;0
736;0
737;0
738;0
739;0
740;0
741;2
742;1
743;0
744;1
745;0
746;1
747;0
748;2
749;2
750;0
751;0
752;0
753;0
754;0
755;1
756;2
757;0
758;1
759;0
760;1
761;0
762;0
763;0
764;2
765;0
766;2
767;2
768;0
769;0
770;2
771;2
772;0
773;0
774;4
775;1
776;0
777;0
778;0
779;0
780;2
781;0
782;1
783;0
784;1
785;0
786;0
787;2
788;0
789;0
790;0
791;0
792;0
793;1
794;1
795;0
796;0
797;2
798;2
799;2
800;0
801;0
802;0
803;0
804;0
805;0
806;0
807;1
808;0
809;2
810;0
811;1
812;0
813;0
814;0
815;2
816;0
817;0
818;2
819;0
820;0
821;0
822;0
823;2
824;1
825;2
826;0
827;2
828;0
829;0
830;0
831;0
832;0
833;1
834;0
835;0
836;0
837;2
838;2
839;2
840;2
841;0
842;0
843;2
844;2
845;1
846;0
847;0
848;2
849;0
850;2
851;0
852;0
853;0
854;0
855;0
856;0
857;2
858;0
859;0
860;0
861;0
862;2
863;1
864;0
865;0
866;0
867;0
868;2
869;0
870;0
871;2
872;0
873;0
874;0
875;0
876;0
877;0
878;0
879;0
880;0
881;0
882;0
883;0
884;0
885;0
886;0
887;0
888;0
889;0
890;0
891;0
892;0
893;1
894;0
895;0
896;0
897;2
898;2
899;0
900;0
901;0
902;0
903;2
904;1
905;0
906;0
907;0
908;2
909;0
910;2
911;1
912;0
913;0
914;0
915;0
916;0
917;0
918;0
919;0
920;0
921;0
922;2
923;1
924;0
925;0
926;0
927;2
928;0
929;0
930;2
931;2
932;1
933;0
934;0
935;2
936;2
937;0
938;2
939;2
940;2
941;0
942;2
943;0
944;0
945;2
946;0
947;0
948;0
949;2
950;2
951;0
952;0
953;0
954;0
955;0
956;2
957;0
958;0
959;0
960;0
961;0
962;0
963;0
964;0
965;1
966;1
967;0
968;1
969;0
970;0
971;0
972;0
973;2
974;2
975;0
976;0
977;1
978;0
979;0
980;1
981;2
982;0
983;0
984;2
985;2
986;2
987;2
988;2
989;2
990;2
991;0
992;2
993;2
994;2
995;2
996;1
997;1
998;2
999;1
1000;0
1001;0
1002;0
1003;0
1004;0
1005;1
1006;0
1007;0
1008;1
1009;0
1010;0
1011;0
1012;1
1013;0
1014;0
1015;0
1016;0
1017;0
1018;0
1019;0
1020;0
1021;0
1022;0
1023;0
