0;1
1;0
2;0
3;0
4;1
5;0
6;2
7;2
8;2
9;1
10;0
11;0
12;1
13;0
14;1
15;0
16;0
17;2
18;2
19;2
20;0
21;2
22;0
23;2
24;1
25;0
26;0
27;2
28;2
29;0
30;0
31;0
32;1
33;2
34;0
35;0
36;0
37;1
38;1
39;0
40;1
41;0
42;0
43;0
44;2
45;0
46;0
47;0
48;0
49;2
50;0
51;0
52;2
53;0
54;0
55;0
56;0
57;0
58;0
59;0
60;1
61;0
62;1
63;0
64;0
65;0
66;0
67;0
68;0
69;0
70;0
71;0
72;0
73;0
74;0
75;0
76;2
77;1
78;0
79;2
80;0
81;0
82;0
83;0
84;0
85;0
86;0
87;2
88;0
89;0
90;2
91;0
92;2
93;1
94;0
95;0
96;0
97;0
98;0
99;0
100;0
101;0
102;0
103;0
104;0
105;0
106;0
107;1
108;0
109;0
110;0
111;0
112;0
113;0
114;2
115;1
116;0
117;2
118;0
119;2
120;0
121;2
122;2
123;2
124;0
125;0
126;0
127;0
128;0
129;2
130;1
131;2
132;2
133;0
134;0
135;0
136;2
137;0
138;0
139;0
140;0
141;1
142;2
143;0
144;2
145;0
146;1
147;0
148;0
149;0
150;0
151;0
152;2
153;1
154;0
155;0
156;0
157;0
158;0
159;0
160;0
161;0
162;0
163;0
164;1
165;0
166;0
167;0
168;0
169;0
170;1
171;0
172;0
173;0
174;2
175;0
176;1
177;1
178;0
179;0
180;2
181;0
182;0
183;0
184;1
185;0
186;0
187;0
188;1
189;1
190;2
191;0
192;2
193;1
194;0
195;0
196;2
197;0
198;0
199;0
200;0
201;0
202;2
203;1
204;0
205;0
206;0
207;0
208;0
209;0
210;0
211;0
212;2
213;2
214;0
215;0
216;0
217;0
218;0
219;0
220;1
221;0
222;0
223;0
224;2
225;0
226;0
227;0
228;1
229;2
230;0
231;2
232;2
233;1
234;0
235;0
236;0
237;0
238;2
239;0
240;1
241;0
242;1
243;0
244;0
245;0
246;1
247;2
248;0
249;2
250;2
251;0
252;2
253;2
254;0
255;1
256;0
257;0
258;0
259;0
260;0
261;0
262;0
263;0
264;0
265;0
266;0
267;0
268;0
269;0
270;0
271;0
272;0
273;1
274;0
275;0
276;0
277;0
278;2
279;2
280;1
281;0
282;0
283;1
284;0
285;0
286;2
287;0
288;2
289;0
290;2
291;0
292;1
293;1
294;0
295;0
296;0
297;0
298;0
299;0
300;0
301;0
302;0
303;0
304;1
305;0
306;2
307;2
308;1
309;0
310;0
311;0
312;0
313;1
314;0
315;0
316;0
317;1
318;0
319;2
320;0
321;2
322;2
323;0
324;2
325;2
326;2
327;1
328;0
329;2
330;0
331;0
332;1
333;0
334;1
335;2
336;2
337;0
338;0
339;0
340;0
341;0
342;0
343;2
344;0
345;0
346;0
347;0
348;2
349;2
350;2
351;2
352;2
353;0
354;0
355;0
356;2
357;2
358;0
359;0
360;0
361;0
362;0
363;0
364;0
365;0
366;2
367;2
368;0
369;0
370;0
371;1
372;0
373;0
374;0
375;0
376;0
377;0
378;1
379;1
380;0
381;0
382;2
383;1
384;1
385;0
386;0
387;2
388;2
389;0
390;2
391;1
392;2
393;0
394;2
395;2
396;2
397;1
398;0
399;0
400;1
401;2
402;0
403;0
404;2
405;0
406;2
407;0
408;0
409;0
410;2
411;0
412;0
413;0
414;0
415;0
416;2
417;1
418;0
419;0
420;2
421;0
422;1
423;0
424;2
425;0
426;0
427;2
428;2
429;0
430;1
431;0
432;0
433;0
434;0
435;0
436;0
437;2
438;0
439;1
440;0
441;0
442;2
443;0
444;0
445;0
446;0
447;0
448;0
449;0
450;1
451;0
452;0
453;0
454;0
455;2
456;0
457;1
458;0
459;0
460;0
461;2
462;2
463;0
464;0
465;1
466;0
467;1
468;0
469;0
470;0
471;0
472;0
473;2
474;1
475;0
476;1
477;0
478;0
479;0
480;0
481;0
482;0
483;0
484;0
485;0
486;0
487;0
488;0
489;1
490;0
491;0
492;0
493;0
494;0
495;0
496;0
497;0
498;0
499;0
500;0
501;0
502;2
503;1
504;0
505;1
506;0
507;0
508;0
509;1
510;0
511;0
512;0
513;0
514;0
515;2
516;0
517;0
518;1
519;2
520;1
521;0
522;0
523;2
524;4
525;0
526;0
527;1
528;0
529;0
530;2
531;0
532;2
533;0
534;0
535;0
536;0
537;0
538;0
539;0
540;0
541;0
542;1
543;0
544;0
545;1
546;1
547;0
548;0
549;0
550;2
551;0
552;0
553;2
554;0
555;0
556;0
557;2
558;2
559;0
560;0
561;0
562;0
563;0
564;0
565;2
566;2
567;2
568;0
569;0
570;0
571;0
572;0
573;0
574;0
575;0
576;0
577;2
578;0
579;0
580;2
581;2
582;0
583;0
584;0
585;0
586;0
587;0
588;0
589;0
590;0
591;0
592;0
593;0
594;0
595;0
596;1
597;0
598;0
599;0
600;0
601;0
602;0
603;0
604;2
605;0
606;0
607;0
608;2
609;0
610;0
611;0
612;2
613;0
614;0
615;0
616;0
617;0
618;0
619;0
620;0
621;0
622;2
623;0
624;2
625;2
626;0
627;0
628;2
629;1
630;1
631;0
632;1
633;1
634;0
635;0
636;0
637;0
638;0
639;0
640;0
641;0
642;0
643;0
644;2
645;0
646;0
647;2
648;0
649;0
650;0
651;0
652;1
653;0
654;0
655;2
656;1
657;0
658;2
659;0
660;0
661;0
662;0
663;0
664;0
665;0
666;1
667;0
668;0
669;0
670;0
671;0
672;1
673;0
674;0
675;2
676;2
677;2
678;1
679;2
680;1
681;0
682;0
683;1
684;0
685;0
686;0
687;2
688;2
689;0
690;0
691;1
692;0
693;0
694;2
695;0
696;0
697;0
698;0
699;0
700;1
701;0
702;1
703;0
704;0
705;0
706;1
707;0
708;0
709;0
710;0
711;0
712;0
713;0
714;2
715;0
716;0
717;0
718;1
719;0
720;4
721;0
722;0
723;2
724;0
725;0
726;0
727;0
728;1
729;0
730;0
731;0
732;1
733;0
734;2
735;0
736;0
737;0
738;2
739;0
740;0
741;2
742;0
743;0
744;1
745;0
746;2
747;0
748;0
749;2
750;0
751;2
752;0
753;0
754;0
755;0
756;0
757;2
758;0
759;1
760;0
761;0
762;1
763;0
764;0
765;2
766;2
767;0
768;0
769;0
770;0
771;0
772;0
773;0
774;1
775;2
776;1
777;0
778;0
779;0
780;0
781;0
782;0
783;0
784;0
785;0
786;0
787;0
788;0
789;1
790;0
791;0
792;0
793;0
794;2
795;0
796;1
797;1
798;0
799;0
800;2
801;0
802;0
803;0
804;0
805;0
806;1
807;0
808;0
809;2
810;2
811;2
812;2
813;0
814;2
815;0
816;0
817;0
818;1
819;2
820;1
821;0
822;1
823;0
824;2
825;1
826;0
827;0
828;0
829;1
830;0
831;0
832;0
833;0
834;1
835;0
836;0
837;0
838;0
839;0
840;0
841;0
842;1
843;0
844;0
845;0
846;2
847;2
848;1
849;0
850;0
851;2
852;4
853;0
854;2
855;0
856;2
857;0
858;2
859;0
860;1
861;1
862;0
863;0
864;0
865;2
866;0
867;0
868;2
869;0
870;0
871;0
872;0
873;0
874;0
875;0
876;1
877;0
878;1
879;0
880;0
881;0
882;1
883;0
884;0
885;0
886;0
887;2
888;1
889;1
890;0
891;1
892;0
893;0
894;0
895;2
896;0
897;1
898;1
899;0
900;0
901;0
902;0
903;0
904;1
905;2
906;2
907;0
908;0
909;0
910;0
911;2
912;1
913;0
914;0
915;0
916;2
917;0
918;1
919;0
920;2
921;0
922;0
923;1
924;0
925;2
926;2
927;1
928;2
929;1
930;0
931;0
932;0
933;1
934;0
935;0
936;2
937;2
938;0
939;0
940;0
941;0
942;0
943;0
944;4
945;0
946;0
947;1
948;0
949;2
950;1
951;0
952;2
953;0
954;2
955;2
956;2
957;0
958;0
959;0
960;0
961;0
962;0
963;0
964;2
965;0
966;2
967;2
968;0
969;0
970;0
971;2
972;0
973;1
974;0
975;0
976;0
977;0
978;0
979;2
980;0
981;0
982;0
983;0
984;0
985;0
986;0
987;0
988;0
989;0
990;2
991;1
992;0
993;2
994;0
995;0
996;2
997;0
998;0
999;2
1000;1
1001;2
1002;2
1003;0
1004;2
1005;2
1006;2
1007;2
1008;2
1009;1
1010;0
1011;0
1012;0
1013;0
1014;0
1015;0
1016;0
1017;0
1018;0
1019;0
1020;0
1021;0
1022;0
1023;0
