0;0
1;0
2;0
3;1
4;0
5;0
6;2
7;2
8;1
9;0
10;0
11;0
12;2
13;1
14;0
15;0
16;0
17;1
18;0
19;0
20;1
21;0
22;0
23;2
24;2
25;2
26;1
27;1
28;1
29;0
30;0
31;0
32;1
33;0
34;1
35;0
36;1
37;1
38;0
39;2
40;0
41;0
42;0
43;0
44;0
45;1
46;0
47;2
48;0
49;0
50;0
51;0
52;0
53;0
54;0
55;1
56;0
57;0
58;2
59;0
60;1
61;1
62;0
63;0
64;0
65;0
66;0
67;1
68;0
69;0
70;0
71;0
72;0
73;0
74;0
75;0
76;0
77;2
78;0
79;0
80;2
81;0
82;0
83;0
84;0
85;0
86;0
87;2
88;2
89;2
90;2
91;1
92;0
93;0
94;0
95;2
96;1
97;0
98;0
99;1
100;4
101;2
102;1
103;0
104;2
105;0
106;2
107;0
108;2
109;0
110;1
111;0
112;2
113;0
114;0
115;0
116;0
117;0
118;0
119;0
120;0
121;2
122;0
123;2
124;0
125;0
126;0
127;0
128;1
129;2
130;0
131;0
132;2
133;0
134;2
135;0
136;0
137;0
138;2
139;0
140;0
141;0
142;0
143;0
144;0
145;0
146;0
147;0
148;0
149;0
150;2
151;2
152;2
153;0
154;0
155;0
156;1
157;0
158;2
159;0
160;0
161;2
162;0
163;0
164;0
165;0
166;2
167;2
168;2
169;2
170;0
171;0
172;0
173;2
174;2
175;2
176;1
177;0
178;2
179;0
180;0
181;0
182;0
183;0
184;0
185;0
186;0
187;0
188;4
189;0
190;2
191;2
192;2
193;0
194;2
195;0
196;1
197;0
198;1
199;2
200;2
201;0
202;2
203;0
204;0
205;2
206;0
207;2
208;0
209;2
210;0
211;0
212;0
213;2
214;0
215;0
216;1
217;0
218;1
219;1
220;2
221;0
222;0
223;0
224;0
225;0
226;0
227;0
228;0
229;0
230;1
231;0
232;0
233;0
234;0
235;1
236;0
237;0
238;0
239;0
240;0
241;1
242;0
243;0
244;0
245;0
246;0
247;0
248;1
249;0
250;2
251;0
252;0
253;0
254;2
255;2
256;1
257;0
258;0
259;2
260;4
261;0
262;0
263;0
264;2
265;0
266;2
267;0
268;1
269;0
270;0
271;0
272;2
273;0
274;1
275;0
276;0
277;0
278;2
279;2
280;2
281;2
282;2
283;1
284;1
285;0
286;2
287;0
288;1
289;0
290;0
291;2
292;4
293;0
294;2
295;1
296;2
297;0
298;2
299;0
300;2
301;0
302;0
303;2
304;1
305;0
306;0
307;1
308;0
309;0
310;2
311;2
312;2
313;0
314;0
315;0
316;0
317;0
318;0
319;2
320;0
321;0
322;0
323;0
324;0
325;1
326;0
327;0
328;2
329;0
330;0
331;2
332;2
333;0
334;1
335;2
336;2
337;1
338;0
339;0
340;0
341;0
342;0
343;0
344;1
345;0
346;0
347;0
348;0
349;0
350;0
351;2
352;2
353;0
354;0
355;0
356;0
357;0
358;0
359;1
360;0
361;0
362;0
363;1
364;1
365;2
366;1
367;0
368;2
369;0
370;2
371;0
372;1
373;1
374;1
375;0
376;0
377;1
378;0
379;0
380;0
381;0
382;0
383;0
384;0
385;0
386;0
387;0
388;2
389;0
390;2
391;2
392;0
393;2
394;0
395;0
396;1
397;0
398;1
399;0
400;0
401;0
402;0
403;0
404;0
405;0
406;2
407;1
408;0
409;0
410;0
411;2
412;2
413;0
414;2
415;2
416;2
417;0
418;0
419;0
420;4
421;2
422;0
423;1
424;0
425;0
426;0
427;0
428;1
429;0
430;1
431;0
432;1
433;0
434;0
435;0
436;0
437;0
438;0
439;0
440;0
441;0
442;0
443;0
444;0
445;0
446;0
447;0
448;0
449;0
450;0
451;0
452;2
453;0
454;0
455;0
456;0
457;0
458;0
459;0
460;0
461;0
462;0
463;0
464;0
465;0
466;0
467;0
468;2
469;0
470;2
471;0
472;0
473;0
474;0
475;0
476;1
477;0
478;0
479;0
480;0
481;2
482;0
483;0
484;0
485;0
486;0
487;0
488;2
489;1
490;0
491;0
492;0
493;2
494;0
495;2
496;0
497;2
498;1
499;0
500;2
501;0
502;0
503;0
504;2
505;0
506;2
507;0
508;2
509;0
510;2
511;1
512;0
513;0
514;2
515;0
516;0
517;0
518;0
519;0
520;0
521;0
522;1
523;0
524;0
525;2
526;2
527;0
528;0
529;0
530;0
531;0
532;0
533;0
534;1
535;1
536;0
537;0
538;0
539;2
540;4
541;0
542;0
543;0
544;0
545;0
546;0
547;0
548;1
549;0
550;2
551;2
552;0
553;2
554;0
555;2
556;1
557;0
558;2
559;0
560;0
561;0
562;0
563;0
564;0
565;1
566;0
567;0
568;1
569;0
570;0
571;2
572;1
573;0
574;0
575;0
576;2
577;0
578;0
579;2
580;2
581;0
582;0
583;0
584;2
585;0
586;0
587;0
588;2
589;2
590;2
591;0
592;0
593;0
594;0
595;2
596;0
597;0
598;0
599;1
600;0
601;2
602;2
603;2
604;1
605;0
606;0
607;0
608;1
609;0
610;0
611;0
612;0
613;0
614;0
615;0
616;2
617;0
618;0
619;1
620;0
621;0
622;1
623;0
624;0
625;2
626;2
627;2
628;2
629;1
630;0
631;0
632;2
633;0
634;2
635;0
636;0
637;2
638;1
639;0
640;0
641;0
642;0
643;2
644;0
645;0
646;2
647;2
648;2
649;0
650;2
651;0
652;2
653;0
654;1
655;0
656;0
657;0
658;2
659;0
660;0
661;0
662;0
663;1
664;0
665;0
666;1
667;0
668;0
669;1
670;0
671;0
672;2
673;1
674;1
675;0
676;1
677;1
678;1
679;0
680;0
681;0
682;1
683;0
684;0
685;0
686;2
687;2
688;1
689;0
690;0
691;0
692;2
693;0
694;2
695;1
696;0
697;0
698;0
699;1
700;1
701;0
702;1
703;2
704;1
705;0
706;0
707;2
708;2
709;2
710;2
711;2
712;2
713;0
714;0
715;1
716;0
717;0
718;1
719;1
720;0
721;0
722;2
723;0
724;0
725;2
726;2
727;0
728;2
729;2
730;0
731;0
732;0
733;1
734;0
735;0
736;1
737;0
738;1
739;0
740;0
741;0
742;0
743;2
744;1
745;0
746;0
747;0
748;2
749;0
750;2
751;1
752;0
753;0
754;0
755;2
756;2
757;0
758;0
759;0
760;2
761;0
762;0
763;0
764;0
765;1
766;0
767;0
768;0
769;0
770;0
771;0
772;0
773;0
774;2
775;0
776;1
777;1
778;2
779;0
780;1
781;0
782;0
783;1
784;0
785;0
786;0
787;1
788;0
789;0
790;2
791;1
792;2
793;0
794;0
795;2
796;1
797;0
798;1
799;0
800;0
801;0
802;0
803;0
804;0
805;1
806;0
807;0
808;0
809;0
810;0
811;0
812;0
813;2
814;2
815;0
816;0
817;1
818;0
819;0
820;0
821;0
822;0
823;0
824;0
825;2
826;0
827;0
828;0
829;2
830;0
831;2
832;1
833;1
834;0
835;0
836;0
837;1
838;0
839;0
840;2
841;0
842;1
843;0
844;0
845;0
846;0
847;2
848;1
849;0
850;0
851;2
852;1
853;0
854;2
855;2
856;2
857;0
858;2
859;0
860;0
861;2
862;1
863;0
864;2
865;0
866;0
867;0
868;2
869;0
870;2
871;2
872;0
873;2
874;0
875;0
876;1
877;0
878;0
879;4
880;2
881;0
882;0
883;0
884;4
885;0
886;0
887;1
888;0
889;0
890;2
891;0
892;2
893;2
894;0
895;0
896;0
897;2
898;1
899;0
900;0
901;0
902;0
903;0
904;2
905;2
906;0
907;2
908;2
909;2
910;2
911;0
912;1
913;0
914;0
915;2
916;2
917;0
918;0
919;0
920;1
921;0
922;1
923;0
924;1
925;0
926;0
927;0
928;0
929;1
930;0
931;1
932;0
933;0
934;0
935;1
936;0
937;2
938;0
939;0
940;1
941;0
942;0
943;0
944;0
945;0
946;2
947;1
948;0
949;0
950;0
951;0
952;2
953;0
954;2
955;1
956;0
957;0
958;2
959;0
960;1
961;0
962;0
963;1
964;0
965;0
966;0
967;0
968;0
969;0
970;0
971;0
972;0
973;0
974;0
975;0
976;0
977;0
978;0
979;0
980;1
981;0
982;0
983;2
984;2
985;0
986;2
987;2
988;0
989;0
990;2
991;0
992;1
993;0
994;2
995;2
996;0
997;2
998;2
999;0
1000;0
1001;1
1002;0
1003;0
1004;2
1005;1
1006;0
1007;1
1008;0
1009;0
1010;0
1011;0
1012;1
1013;0
1014;0
1015;0
1016;0
1017;0
1018;0
1019;0
1020;0
1021;0
1022;0
1023;0
