0;1
1;0
2;0
3;2
4;4
5;2
6;2
7;2
8;2
9;0
10;2
11;0
12;2
13;0
14;0
15;0
16;0
17;0
18;2
19;2
20;2
21;0
22;1
23;0
24;0
25;1
26;2
27;1
28;0
29;0
30;0
31;2
32;0
33;0
34;0
35;0
36;0
37;0
38;2
39;0
40;1
41;0
42;1
43;0
44;1
45;0
46;2
47;0
48;1
49;0
50;0
51;1
52;0
53;0
54;0
55;0
56;0
57;0
58;0
59;2
60;1
61;0
62;0
63;0
64;0
65;0
66;2
67;0
68;1
69;0
70;1
71;0
72;2
73;0
74;0
75;0
76;0
77;0
78;0
79;0
80;0
81;0
82;2
83;0
84;1
85;2
86;0
87;0
88;0
89;1
90;1
91;0
92;1
93;0
94;0
95;2
96;4
97;0
98;2
99;2
100;2
101;0
102;2
103;0
104;2
105;0
106;2
107;0
108;2
109;2
110;2
111;0
112;0
113;0
114;1
115;0
116;0
117;0
118;0
119;0
120;0
121;0
122;2
123;0
124;1
125;0
126;0
127;2
128;4
129;0
130;2
131;1
132;0
133;0
134;2
135;0
136;1
137;0
138;0
139;0
140;0
141;0
142;0
143;0
144;0
145;0
146;2
147;0
148;2
149;1
150;1
151;0
152;0
153;0
154;0
155;0
156;2
157;0
158;0
159;2
160;2
161;0
162;0
163;0
164;0
165;2
166;2
167;0
168;0
169;0
170;2
171;0
172;0
173;0
174;0
175;0
176;0
177;0
178;2
179;0
180;0
181;0
182;1
183;0
184;0
185;2
186;2
187;0
188;0
189;0
190;0
191;0
192;0
193;0
194;0
195;1
196;0
197;0
198;0
199;0
200;2
201;0
202;0
203;0
204;2
205;0
206;2
207;0
208;1
209;0
210;0
211;2
212;0
213;1
214;2
215;2
216;2
217;0
218;2
219;0
220;0
221;0
222;0
223;0
224;0
225;0
226;0
227;0
228;0
229;0
230;2
231;2
232;2
233;0
234;0
235;2
236;2
237;0
238;2
239;1
240;0
241;0
242;2
243;0
244;0
245;2
246;2
247;2
248;2
249;0
250;2
251;2
252;0
253;0
254;0
255;0
256;0
257;0
258;0
259;0
260;0
261;2
262;0
263;2
264;2
265;0
266;1
267;0
268;0
269;0
270;2
271;1
272;0
273;0
274;0
275;0
276;0
277;0
278;2
279;1
280;0
281;0
282;2
283;0
284;1
285;0
286;1
287;0
288;1
289;0
290;0
291;0
292;0
293;1
294;0
295;0
296;0
297;0
298;0
299;0
300;0
301;2
302;2
303;0
304;2
305;0
306;0
307;0
308;1
309;0
310;2
311;2
312;1
313;0
314;0
315;2
316;2
317;0
318;2
319;2
320;2
321;0
322;2
323;0
324;2
325;0
326;2
327;0
328;2
329;0
330;0
331;0
332;2
333;1
334;0
335;0
336;0
337;0
338;0
339;0
340;0
341;1
342;2
343;0
344;0
345;1
346;0
347;0
348;0
349;0
350;0
351;0
352;1
353;0
354;0
355;1
356;1
357;0
358;0
359;0
360;2
361;0
362;1
363;0
364;1
365;0
366;0
367;0
368;1
369;0
370;0
371;1
372;0
373;0
374;0
375;2
376;4
377;0
378;2
379;2
380;2
381;0
382;0
383;0
384;2
385;0
386;0
387;0
388;0
389;0
390;0
391;0
392;2
393;0
394;0
395;0
396;2
397;0
398;0
399;0
400;2
401;1
402;1
403;0
404;1
405;0
406;0
407;0
408;2
409;1
410;0
411;0
412;0
413;0
414;0
415;0
416;0
417;0
418;2
419;0
420;1
421;0
422;2
423;0
424;2
425;1
426;0
427;0
428;0
429;0
430;0
431;0
432;1
433;0
434;0
435;2
436;2
437;0
438;1
439;0
440;2
441;0
442;1
443;1
444;2
445;0
446;2
447;0
448;2
449;0
450;2
451;2
452;2
453;2
454;2
455;0
456;2
457;0
458;1
459;0
460;0
461;0
462;0
463;0
464;2
465;0
466;1
467;0
468;0
469;0
470;2
471;0
472;0
473;0
474;2
475;0
476;0
477;0
478;0
479;0
480;2
481;0
482;0
483;0
484;0
485;1
486;0
487;0
488;2
489;0
490;0
491;0
492;0
493;2
494;2
495;2
496;2
497;0
498;2
499;0
500;1
501;0
502;0
503;0
504;2
505;2
506;2
507;2
508;0
509;0
510;0
511;1
512;2
513;1
514;0
515;0
516;0
517;0
518;2
519;0
520;2
521;0
522;0
523;1
524;0
525;0
526;0
527;0
528;0
529;0
530;2
531;0
532;1
533;0
534;0
535;0
536;2
537;0
538;0
539;2
540;2
541;0
542;0
543;0
544;2
545;2
546;2
547;0
548;0
549;0
550;0
551;1
552;0
553;0
554;0
555;0
556;0
557;0
558;2
559;2
560;0
561;2
562;0
563;0
564;0
565;0
566;0
567;0
568;0
569;2
570;1
571;0
572;0
573;0
574;1
575;0
576;1
577;0
578;0
579;0
580;4
581;0
582;2
583;2
584;2
585;0
586;2
587;0
588;1
589;0
590;0
591;0
592;0
593;0
594;0
595;2
596;0
597;0
598;0
599;0
600;0
601;0
602;2
603;0
604;0
605;0
606;2
607;2
608;4
609;1
610;0
611;2
612;0
613;0
614;2
615;0
616;2
617;0
618;0
619;0
620;1
621;0
622;2
623;2
624;1
625;0
626;0
627;2
628;2
629;2
630;1
631;2
632;2
633;0
634;2
635;2
636;0
637;0
638;2
639;1
640;0
641;0
642;2
643;0
644;1
645;1
646;0
647;0
648;0
649;0
650;0
651;0
652;2
653;0
654;2
655;2
656;1
657;0
658;1
659;0
660;0
661;1
662;0
663;0
664;2
665;2
666;2
667;2
668;1
669;0
670;0
671;2
672;4
673;0
674;2
675;2
676;0
677;0
678;0
679;0
680;2
681;0
682;0
683;0
684;0
685;0
686;2
687;1
688;0
689;0
690;0
691;0
692;2
693;2
694;2
695;2
696;0
697;0
698;2
699;0
700;2
701;0
702;0
703;0
704;0
705;0
706;2
707;0
708;1
709;2
710;0
711;0
712;0
713;2
714;2
715;0
716;1
717;0
718;0
719;0
720;2
721;0
722;0
723;0
724;1
725;0
726;0
727;0
728;0
729;2
730;2
731;2
732;2
733;0
734;0
735;0
736;1
737;0
738;0
739;0
740;1
741;0
742;0
743;0
744;0
745;0
746;0
747;0
748;0
749;0
750;0
751;0
752;0
753;0
754;0
755;1
756;0
757;0
758;0
759;2
760;1
761;0
762;0
763;2
764;1
765;0
766;2
767;1
768;0
769;0
770;2
771;0
772;1
773;0
774;0
775;0
776;0
777;1
778;1
779;0
780;2
781;0
782;0
783;2
784;1
785;0
786;0
787;0
788;0
789;0
790;0
791;0
792;0
793;0
794;0
795;0
796;0
797;2
798;2
799;0
800;1
801;0
802;0
803;0
804;1
805;0
806;0
807;0
808;0
809;2
810;0
811;2
812;2
813;0
814;2
815;0
816;1
817;0
818;0
819;2
820;1
821;0
822;0
823;0
824;1
825;0
826;0
827;0
828;2
829;2
830;0
831;0
832;0
833;2
834;0
835;2
836;1
837;0
838;0
839;0
840;0
841;2
842;2
843;2
844;2
845;0
846;0
847;0
848;2
849;0
850;0
851;0
852;0
853;0
854;0
855;0
856;0
857;1
858;1
859;0
860;0
861;2
862;1
863;0
864;1
865;0
866;0
867;0
868;1
869;0
870;2
871;0
872;4
873;0
874;1
875;0
876;0
877;0
878;0
879;2
880;2
881;0
882;0
883;2
884;2
885;0
886;2
887;2
888;2
889;0
890;2
891;0
892;0
893;0
894;0
895;0
896;0
897;2
898;1
899;0
900;2
901;0
902;2
903;0
904;1
905;0
906;0
907;0
908;0
909;0
910;1
911;0
912;2
913;0
914;1
915;0
916;1
917;2
918;0
919;0
920;0
921;2
922;1
923;2
924;0
925;0
926;0
927;1
928;0
929;0
930;0
931;1
932;2
933;2
934;2
935;0
936;0
937;0
938;1
939;1
940;0
941;0
942;2
943;2
944;1
945;0
946;0
947;0
948;2
949;0
950;2
951;0
952;0
953;0
954;2
955;0
956;1
957;0
958;1
959;0
960;2
961;2
962;1
963;0
964;1
965;0
966;0
967;0
968;2
969;1
970;2
971;0
972;0
973;0
974;0
975;0
976;0
977;1
978;0
979;2
980;2
981;1
982;2
983;0
984;0
985;0
986;1
987;0
988;2
989;0
990;2
991;0
992;1
993;1
994;0
995;0
996;0
997;0
998;2
999;0
1000;2
1001;0
1002;2
1003;0
1004;0
1005;0
1006;0
1007;2
1008;0
1009;0
1010;0
1011;0
1012;0
1013;0
1014;0
1015;0
1016;0
1017;0
1018;0
1019;0
1020;0
1021;0
1022;0
1023;0
