0;1
1;1
2;0
3;2
4;4
5;0
6;2
7;2
8;2
9;0
10;0
11;0
12;2
13;0
14;1
15;0
16;1
17;2
18;2
19;1
20;1
21;0
22;2
23;2
24;1
25;1
26;2
27;2
28;2
29;0
30;0
31;2
32;0
33;0
34;0
35;0
36;0
37;0
38;0
39;1
40;0
41;1
42;0
43;0
44;2
45;0
46;0
47;2
48;0
49;0
50;0
51;0
52;2
53;0
54;0
55;0
56;0
57;1
58;0
59;2
60;1
61;0
62;0
63;0
64;0
65;0
66;0
67;2
68;0
69;0
70;1
71;0
72;0
73;0
74;0
75;0
76;0
77;0
78;0
79;0
80;2
81;0
82;2
83;1
84;1
85;2
86;0
87;0
88;0
89;2
90;2
91;1
92;0
93;0
94;0
95;1
96;0
97;0
98;0
99;1
100;0
101;0
102;1
103;0
104;0
105;0
106;2
107;2
108;0
109;0
110;0
111;2
112;4
113;0
114;2
115;2
116;2
117;0
118;2
119;0
120;1
121;2
122;0
123;0
124;1
125;2
126;0
127;0
128;0
129;0
130;0
131;0
132;0
133;0
134;0
135;1
136;0
137;1
138;1
139;0
140;1
141;0
142;0
143;0
144;0
145;0
146;0
147;0
148;2
149;0
150;0
151;0
152;0
153;2
154;2
155;2
156;1
157;0
158;2
159;0
160;0
161;0
162;0
163;0
164;0
165;0
166;2
167;2
168;1
169;0
170;0
171;1
172;0
173;0
174;2
175;2
176;4
177;0
178;0
179;0
180;0
181;2
182;2
183;2
184;4
185;0
186;1
187;0
188;0
189;0
190;0
191;2
192;2
193;0
194;0
195;0
196;0
197;0
198;0
199;0
200;0
201;0
202;0
203;0
204;1
205;0
206;0
207;2
208;1
209;0
210;2
211;2
212;2
213;0
214;2
215;0
216;1
217;0
218;0
219;0
220;0
221;0
222;0
223;0
224;0
225;0
226;0
227;2
228;0
229;0
230;0
231;1
232;2
233;2
234;2
235;2
236;2
237;0
238;2
239;0
240;0
241;0
242;0
243;0
244;0
245;0
246;0
247;0
248;0
249;0
250;0
251;0
252;1
253;0
254;0
255;0
256;1
257;2
258;2
259;2
260;0
261;0
262;0
263;0
264;0
265;0
266;0
267;0
268;0
269;2
270;2
271;2
272;2
273;2
274;0
275;2
276;0
277;0
278;0
279;1
280;0
281;0
282;0
283;0
284;1
285;0
286;2
287;1
288;0
289;2
290;0
291;0
292;2
293;2
294;1
295;2
296;1
297;0
298;0
299;0
300;0
301;1
302;0
303;0
304;1
305;0
306;2
307;2
308;1
309;0
310;0
311;2
312;2
313;0
314;2
315;1
316;0
317;0
318;2
319;0
320;0
321;2
322;0
323;0
324;1
325;2
326;0
327;0
328;0
329;0
330;0
331;0
332;1
333;1
334;0
335;0
336;0
337;0
338;0
339;0
340;0
341;0
342;1
343;0
344;0
345;0
346;0
347;0
348;0
349;0
350;0
351;0
352;1
353;2
354;0
355;0
356;2
357;0
358;0
359;0
360;0
361;0
362;1
363;0
364;0
365;0
366;0
367;2
368;1
369;0
370;0
371;2
372;1
373;0
374;2
375;1
376;2
377;0
378;0
379;0
380;2
381;0
382;0
383;0
384;0
385;0
386;0
387;0
388;0
389;0
390;0
391;1
392;0
393;0
394;1
395;0
396;4
397;0
398;0
399;0
400;2
401;2
402;2
403;2
404;1
405;0
406;0
407;0
408;2
409;1
410;0
411;0
412;0
413;0
414;0
415;0
416;0
417;0
418;0
419;1
420;0
421;2
422;1
423;0
424;0
425;1
426;0
427;0
428;0
429;0
430;0
431;0
432;0
433;0
434;2
435;2
436;2
437;2
438;0
439;1
440;0
441;0
442;0
443;0
444;0
445;0
446;0
447;1
448;0
449;0
450;1
451;0
452;2
453;2
454;2
455;0
456;2
457;0
458;2
459;0
460;2
461;0
462;0
463;0
464;1
465;0
466;0
467;0
468;0
469;0
470;2
471;2
472;1
473;0
474;0
475;0
476;1
477;0
478;0
479;2
480;4
481;0
482;2
483;2
484;2
485;0
486;2
487;0
488;2
489;0
490;1
491;0
492;1
493;1
494;0
495;0
496;2
497;0
498;0
499;0
500;0
501;0
502;0
503;0
504;2
505;0
506;0
507;0
508;0
509;2
510;2
511;2
512;2
513;0
514;0
515;1
516;0
517;0
518;0
519;0
520;2
521;2
522;2
523;2
524;2
525;0
526;0
527;1
528;0
529;2
530;0
531;0
532;0
533;0
534;0
535;0
536;0
537;0
538;0
539;1
540;0
541;0
542;0
543;0
544;0
545;0
546;2
547;2
548;2
549;2
550;0
551;0
552;0
553;0
554;0
555;2
556;0
557;0
558;0
559;0
560;0
561;0
562;2
563;2
564;1
565;0
566;0
567;0
568;4
569;0
570;1
571;0
572;2
573;0
574;2
575;0
576;1
577;1
578;0
579;0
580;1
581;0
582;0
583;2
584;2
585;0
586;0
587;0
588;2
589;2
590;1
591;0
592;0
593;2
594;2
595;0
596;1
597;0
598;2
599;2
600;1
601;0
602;0
603;2
604;4
605;0
606;0
607;2
608;0
609;0
610;0
611;0
612;1
613;0
614;0
615;0
616;0
617;0
618;0
619;2
620;0
621;0
622;2
623;0
624;0
625;0
626;2
627;2
628;2
629;1
630;0
631;2
632;0
633;0
634;0
635;1
636;0
637;0
638;0
639;0
640;2
641;0
642;0
643;2
644;0
645;0
646;0
647;0
648;0
649;0
650;0
651;1
652;0
653;2
654;1
655;0
656;1
657;0
658;0
659;2
660;2
661;0
662;2
663;2
664;2
665;0
666;1
667;0
668;0
669;2
670;0
671;0
672;2
673;1
674;0
675;2
676;2
677;0
678;0
679;0
680;0
681;0
682;2
683;0
684;0
685;0
686;0
687;1
688;0
689;2
690;2
691;2
692;0
693;0
694;0
695;0
696;1
697;0
698;2
699;2
700;1
701;0
702;0
703;2
704;2
705;0
706;2
707;2
708;2
709;0
710;2
711;0
712;0
713;0
714;1
715;1
716;0
717;1
718;0
719;1
720;2
721;0
722;1
723;0
724;0
725;0
726;0
727;0
728;4
729;0
730;0
731;0
732;0
733;2
734;2
735;2
736;2
737;0
738;0
739;0
740;1
741;0
742;0
743;0
744;1
745;0
746;1
747;0
748;0
749;0
750;0
751;0
752;0
753;0
754;0
755;0
756;0
757;0
758;1
759;0
760;2
761;0
762;0
763;0
764;0
765;0
766;0
767;2
768;1
769;0
770;0
771;0
772;0
773;0
774;0
775;0
776;1
777;0
778;0
779;0
780;1
781;0
782;2
783;2
784;1
785;0
786;0
787;2
788;4
789;0
790;2
791;0
792;0
793;0
794;2
795;0
796;1
797;0
798;0
799;1
800;1
801;0
802;2
803;2
804;2
805;2
806;0
807;0
808;0
809;0
810;0
811;0
812;2
813;1
814;1
815;0
816;0
817;1
818;0
819;2
820;2
821;0
822;0
823;1
824;0
825;0
826;0
827;0
828;1
829;0
830;0
831;0
832;0
833;2
834;0
835;0
836;0
837;2
838;2
839;2
840;1
841;0
842;0
843;0
844;0
845;1
846;0
847;2
848;2
849;2
850;0
851;1
852;0
853;0
854;0
855;1
856;0
857;0
858;0
859;0
860;0
861;1
862;0
863;0
864;1
865;2
866;2
867;2
868;2
869;2
870;2
871;2
872;1
873;0
874;2
875;0
876;2
877;0
878;2
879;2
880;0
881;0
882;2
883;0
884;0
885;0
886;0
887;0
888;0
889;2
890;1
891;0
892;0
893;0
894;0
895;1
896;0
897;0
898;0
899;0
900;0
901;0
902;0
903;0
904;2
905;0
906;0
907;0
908;0
909;1
910;0
911;0
912;0
913;2
914;2
915;2
916;2
917;0
918;0
919;1
920;0
921;0
922;0
923;0
924;0
925;2
926;0
927;0
928;0
929;0
930;1
931;1
932;0
933;0
934;2
935;2
936;1
937;0
938;0
939;2
940;4
941;0
942;2
943;2
944;2
945;0
946;2
947;0
948;1
949;0
950;0
951;1
952;0
953;2
954;0
955;0
956;2
957;0
958;2
959;1
960;0
961;0
962;0
963;0
964;1
965;0
966;1
967;2
968;2
969;2
970;1
971;0
972;1
973;0
974;0
975;0
976;0
977;1
978;2
979;0
980;0
981;0
982;0
983;0
984;0
985;1
986;0
987;2
988;4
989;1
990;2
991;0
992;0
993;0
994;0
995;2
996;1
997;0
998;0
999;2
1000;2
1001;0
1002;2
1003;1
1004;0
1005;0
1006;2
1007;0
1008;2
1009;0
1010;0
1011;0
1012;0
1013;0
1014;1
1015;1
1016;0
1017;0
1018;0
1019;0
1020;0
1021;0
1022;0
1023;0
