0;0
1;0
2;0
3;0
4;2
5;0
6;0
7;2
8;2
9;0
10;2
11;0
12;2
13;0
14;0
15;0
16;1
17;2
18;2
19;2
20;2
21;0
22;2
23;2
24;2
25;1
26;2
27;0
28;2
29;0
30;0
31;0
32;0
33;0
34;0
35;0
36;0
37;0
38;0
39;0
40;0
41;0
42;0
43;0
44;2
45;0
46;0
47;0
48;1
49;0
50;0
51;0
52;0
53;0
54;0
55;0
56;0
57;1
58;1
59;2
60;1
61;0
62;0
63;0
64;0
65;1
66;0
67;0
68;2
69;0
70;2
71;0
72;0
73;0
74;0
75;0
76;0
77;0
78;0
79;0
80;2
81;0
82;2
83;1
84;1
85;2
86;0
87;0
88;0
89;2
90;2
91;1
92;0
93;0
94;0
95;2
96;2
97;0
98;1
99;0
100;0
101;0
102;0
103;2
104;0
105;2
106;0
107;0
108;2
109;0
110;2
111;2
112;4
113;0
114;0
115;2
116;2
117;0
118;0
119;0
120;1
121;0
122;0
123;0
124;0
125;0
126;0
127;2
128;2
129;0
130;2
131;2
132;2
133;0
134;0
135;2
136;2
137;2
138;1
139;2
140;0
141;0
142;0
143;0
144;0
145;0
146;0
147;0
148;0
149;1
150;2
151;0
152;0
153;0
154;1
155;0
156;1
157;0
158;0
159;0
160;2
161;0
162;0
163;2
164;0
165;2
166;0
167;0
168;0
169;2
170;2
171;2
172;1
173;2
174;2
175;0
176;0
177;0
178;0
179;0
180;0
181;0
182;2
183;0
184;0
185;0
186;0
187;0
188;0
189;0
190;0
191;0
192;0
193;0
194;0
195;0
196;0
197;0
198;0
199;0
200;0
201;0
202;0
203;0
204;2
205;0
206;0
207;0
208;2
209;1
210;0
211;0
212;0
213;0
214;0
215;1
216;0
217;1
218;0
219;2
220;2
221;0
222;2
223;0
224;0
225;0
226;1
227;0
228;0
229;0
230;0
231;1
232;2
233;2
234;2
235;2
236;1
237;0
238;0
239;2
240;2
241;2
242;2
243;2
244;0
245;0
246;2
247;0
248;2
249;2
250;0
251;1
252;0
253;2
254;2
255;2
256;2
257;0
258;0
259;2
260;0
261;0
262;0
263;0
264;0
265;1
266;0
267;0
268;2
269;1
270;0
271;2
272;0
273;0
274;0
275;2
276;0
277;0
278;1
279;0
280;1
281;0
282;2
283;1
284;0
285;0
286;0
287;0
288;2
289;1
290;0
291;2
292;1
293;0
294;2
295;2
296;0
297;1
298;0
299;0
300;2
301;0
302;0
303;0
304;2
305;0
306;2
307;1
308;0
309;0
310;0
311;2
312;1
313;0
314;2
315;2
316;2
317;0
318;0
319;0
320;2
321;0
322;0
323;0
324;0
325;0
326;0
327;0
328;0
329;0
330;0
331;0
332;0
333;0
334;0
335;0
336;0
337;1
338;1
339;0
340;0
341;0
342;1
343;0
344;0
345;0
346;1
347;0
348;1
349;0
350;0
351;1
352;4
353;0
354;0
355;0
356;2
357;0
358;0
359;0
360;2
361;0
362;0
363;0
364;2
365;1
366;0
367;1
368;1
369;0
370;0
371;2
372;1
373;0
374;0
375;2
376;2
377;0
378;1
379;0
380;2
381;0
382;1
383;0
384;1
385;0
386;0
387;0
388;1
389;2
390;2
391;2
392;1
393;0
394;0
395;0
396;0
397;1
398;2
399;0
400;1
401;0
402;0
403;0
404;0
405;0
406;0
407;0
408;0
409;0
410;2
411;2
412;0
413;1
414;0
415;0
416;0
417;0
418;0
419;0
420;2
421;2
422;2
423;2
424;4
425;0
426;0
427;0
428;1
429;0
430;0
431;4
432;2
433;0
434;0
435;0
436;1
437;0
438;2
439;2
440;2
441;0
442;0
443;2
444;2
445;0
446;2
447;2
448;1
449;0
450;0
451;0
452;0
453;2
454;0
455;0
456;2
457;0
458;0
459;0
460;2
461;0
462;0
463;0
464;0
465;0
466;0
467;1
468;0
469;0
470;2
471;2
472;0
473;0
474;2
475;2
476;0
477;0
478;0
479;2
480;0
481;0
482;2
483;0
484;2
485;0
486;2
487;0
488;2
489;0
490;0
491;2
492;1
493;1
494;0
495;0
496;2
497;0
498;0
499;0
500;0
501;0
502;2
503;1
504;0
505;0
506;0
507;1
508;0
509;0
510;2
511;2
512;2
513;0
514;0
515;0
516;1
517;0
518;2
519;0
520;0
521;0
522;0
523;0
524;1
525;2
526;0
527;2
528;2
529;0
530;0
531;0
532;1
533;0
534;0
535;0
536;1
537;0
538;2
539;2
540;2
541;0
542;0
543;1
544;1
545;2
546;0
547;0
548;2
549;0
550;1
551;0
552;2
553;0
554;0
555;0
556;0
557;0
558;0
559;0
560;0
561;2
562;2
563;1
564;0
565;2
566;0
567;0
568;0
569;0
570;0
571;4
572;0
573;0
574;0
575;2
576;1
577;0
578;0
579;2
580;1
581;0
582;2
583;1
584;2
585;0
586;2
587;0
588;2
589;2
590;2
591;2
592;1
593;1
594;0
595;0
596;1
597;0
598;0
599;0
600;2
601;0
602;2
603;0
604;1
605;0
606;0
607;2
608;2
609;2
610;2
611;0
612;2
613;0
614;2
615;0
616;0
617;0
618;0
619;1
620;1
621;0
622;1
623;0
624;0
625;0
626;0
627;0
628;0
629;0
630;2
631;0
632;0
633;1
634;1
635;2
636;0
637;0
638;0
639;1
640;0
641;0
642;1
643;0
644;1
645;2
646;1
647;1
648;0
649;0
650;2
651;0
652;2
653;2
654;1
655;0
656;0
657;0
658;0
659;0
660;2
661;0
662;0
663;2
664;2
665;0
666;0
667;1
668;0
669;0
670;2
671;0
672;1
673;0
674;0
675;0
676;0
677;0
678;0
679;0
680;0
681;1
682;0
683;2
684;1
685;0
686;2
687;2
688;2
689;0
690;2
691;2
692;2
693;0
694;0
695;0
696;0
697;0
698;0
699;0
700;2
701;2
702;2
703;1
704;0
705;0
706;0
707;0
708;2
709;0
710;2
711;1
712;0
713;2
714;2
715;0
716;2
717;0
718;0
719;0
720;2
721;0
722;2
723;1
724;0
725;0
726;0
727;1
728;2
729;2
730;2
731;2
732;2
733;0
734;0
735;0
736;2
737;0
738;0
739;2
740;0
741;2
742;1
743;0
744;4
745;1
746;0
747;0
748;2
749;0
750;0
751;0
752;1
753;0
754;0
755;2
756;0
757;0
758;0
759;2
760;4
761;0
762;2
763;2
764;2
765;0
766;0
767;0
768;2
769;0
770;0
771;2
772;4
773;0
774;0
775;0
776;0
777;2
778;2
779;2
780;2
781;0
782;0
783;0
784;1
785;0
786;0
787;0
788;1
789;0
790;0
791;0
792;0
793;1
794;1
795;0
796;2
797;0
798;0
799;0
800;0
801;0
802;2
803;1
804;0
805;0
806;1
807;0
808;0
809;0
810;0
811;0
812;2
813;0
814;2
815;0
816;1
817;0
818;2
819;0
820;1
821;0
822;2
823;0
824;0
825;0
826;0
827;0
828;0
829;1
830;0
831;1
832;0
833;0
834;1
835;0
836;1
837;2
838;0
839;0
840;0
841;0
842;0
843;2
844;1
845;0
846;1
847;2
848;0
849;2
850;2
851;2
852;0
853;0
854;0
855;0
856;0
857;0
858;0
859;0
860;1
861;0
862;0
863;0
864;2
865;0
866;0
867;0
868;0
869;2
870;2
871;2
872;0
873;0
874;1
875;0
876;1
877;0
878;0
879;2
880;4
881;0
882;2
883;2
884;0
885;0
886;2
887;0
888;2
889;0
890;2
891;0
892;0
893;0
894;2
895;2
896;0
897;1
898;0
899;0
900;0
901;1
902;0
903;0
904;1
905;0
906;0
907;0
908;0
909;0
910;0
911;0
912;0
913;0
914;2
915;1
916;0
917;0
918;0
919;1
920;2
921;2
922;2
923;2
924;0
925;2
926;2
927;0
928;2
929;0
930;0
931;1
932;0
933;0
934;2
935;0
936;2
937;0
938;2
939;2
940;0
941;0
942;0
943;0
944;0
945;0
946;0
947;0
948;0
949;2
950;2
951;1
952;0
953;1
954;0
955;0
956;0
957;0
958;0
959;0
960;0
961;0
962;0
963;0
964;2
965;1
966;0
967;0
968;1
969;2
970;0
971;0
972;1
973;2
974;2
975;2
976;2
977;0
978;0
979;0
980;1
981;0
982;0
983;0
984;0
985;2
986;1
987;0
988;0
989;0
990;2
991;1
992;0
993;0
994;0
995;2
996;2
997;2
998;0
999;0
1000;1
1001;0
1002;0
1003;1
1004;0
1005;0
1006;0
1007;0
1008;1
1009;0
1010;1
1011;0
1012;0
1013;1
1014;0
1015;0
1016;0
1017;0
1018;0
1019;0
1020;0
1021;0
1022;0
1023;0
