0;1
1;0
2;0
3;2
4;1
5;0
6;0
7;1
8;0
9;1
10;0
11;0
12;1
13;0
14;1
15;0
16;0
17;2
18;1
19;0
20;0
21;2
22;0
23;2
24;1
25;0
26;0
27;0
28;2
29;0
30;0
31;0
32;1
33;2
34;2
35;0
36;1
37;0
38;1
39;0
40;1
41;0
42;0
43;0
44;1
45;0
46;0
47;0
48;1
49;2
50;0
51;0
52;0
53;0
54;0
55;0
56;0
57;0
58;0
59;0
60;1
61;1
62;0
63;2
64;0
65;0
66;0
67;0
68;0
69;0
70;0
71;0
72;0
73;2
74;0
75;0
76;2
77;0
78;0
79;2
80;2
81;0
82;0
83;2
84;0
85;0
86;0
87;1
88;0
89;0
90;0
91;2
92;2
93;1
94;0
95;0
96;4
97;0
98;0
99;2
100;0
101;0
102;0
103;0
104;2
105;0
106;0
107;1
108;0
109;2
110;0
111;0
112;0
113;1
114;0
115;1
116;0
117;2
118;0
119;0
120;0
121;1
122;0
123;2
124;0
125;0
126;0
127;0
128;0
129;2
130;2
131;2
132;2
133;0
134;0
135;0
136;0
137;0
138;2
139;0
140;2
141;0
142;2
143;1
144;2
145;1
146;0
147;0
148;0
149;0
150;2
151;0
152;4
153;0
154;0
155;0
156;2
157;0
158;0
159;0
160;2
161;2
162;0
163;0
164;1
165;0
166;0
167;0
168;4
169;1
170;0
171;2
172;2
173;0
174;0
175;0
176;4
177;2
178;2
179;0
180;2
181;0
182;0
183;0
184;1
185;0
186;1
187;0
188;0
189;0
190;1
191;0
192;2
193;2
194;1
195;0
196;2
197;0
198;0
199;0
200;1
201;0
202;2
203;1
204;0
205;1
206;0
207;0
208;1
209;0
210;0
211;1
212;0
213;0
214;0
215;0
216;1
217;0
218;2
219;0
220;4
221;0
222;2
223;0
224;1
225;1
226;0
227;0
228;2
229;0
230;0
231;0
232;0
233;0
234;0
235;0
236;1
237;2
238;0
239;0
240;2
241;0
242;0
243;0
244;1
245;2
246;0
247;2
248;0
249;1
250;1
251;0
252;0
253;0
254;0
255;0
256;0
257;0
258;1
259;0
260;0
261;0
262;2
263;0
264;0
265;2
266;2
267;0
268;1
269;1
270;0
271;0
272;2
273;0
274;0
275;2
276;1
277;0
278;0
279;0
280;1
281;0
282;0
283;2
284;2
285;0
286;0
287;0
288;0
289;0
290;0
291;0
292;2
293;0
294;0
295;1
296;0
297;1
298;0
299;0
300;0
301;0
302;0
303;0
304;0
305;0
306;0
307;0
308;2
309;2
310;1
311;0
312;1
313;0
314;0
315;0
316;0
317;0
318;0
319;0
320;1
321;1
322;0
323;2
324;4
325;2
326;2
327;2
328;2
329;1
330;0
331;2
332;1
333;0
334;0
335;2
336;2
337;0
338;1
339;0
340;2
341;2
342;0
343;0
344;0
345;0
346;0
347;2
348;0
349;1
350;0
351;1
352;1
353;2
354;2
355;2
356;2
357;0
358;0
359;0
360;2
361;0
362;0
363;0
364;2
365;0
366;0
367;0
368;0
369;0
370;0
371;2
372;0
373;0
374;0
375;0
376;0
377;0
378;0
379;0
380;0
381;0
382;1
383;0
384;0
385;0
386;0
387;0
388;0
389;0
390;2
391;2
392;2
393;2
394;0
395;2
396;2
397;0
398;0
399;0
400;2
401;0
402;0
403;0
404;2
405;2
406;2
407;2
408;2
409;1
410;0
411;2
412;1
413;0
414;0
415;0
416;0
417;2
418;0
419;2
420;2
421;0
422;0
423;0
424;1
425;0
426;0
427;1
428;0
429;2
430;0
431;0
432;0
433;0
434;0
435;2
436;1
437;0
438;0
439;0
440;0
441;0
442;0
443;0
444;1
445;2
446;2
447;2
448;0
449;0
450;0
451;0
452;0
453;0
454;0
455;2
456;2
457;0
458;0
459;0
460;1
461;0
462;0
463;1
464;0
465;0
466;0
467;0
468;1
469;0
470;0
471;2
472;1
473;0
474;0
475;0
476;4
477;0
478;2
479;2
480;1
481;0
482;2
483;0
484;2
485;0
486;0
487;0
488;1
489;1
490;0
491;0
492;1
493;2
494;0
495;0
496;0
497;0
498;2
499;0
500;0
501;0
502;0
503;0
504;2
505;2
506;2
507;1
508;0
509;2
510;0
511;0
512;0
513;2
514;2
515;0
516;0
517;0
518;1
519;2
520;0
521;0
522;0
523;0
524;2
525;0
526;0
527;0
528;1
529;0
530;0
531;0
532;0
533;0
534;1
535;1
536;0
537;1
538;0
539;0
540;2
541;0
542;1
543;2
544;0
545;2
546;2
547;2
548;2
549;2
550;0
551;0
552;0
553;0
554;1
555;0
556;1
557;2
558;2
559;2
560;2
561;0
562;0
563;0
564;1
565;0
566;0
567;0
568;0
569;0
570;0
571;0
572;2
573;1
574;2
575;0
576;2
577;1
578;0
579;0
580;0
581;0
582;0
583;0
584;1
585;0
586;0
587;0
588;1
589;0
590;0
591;0
592;2
593;0
594;0
595;0
596;0
597;0
598;0
599;0
600;4
601;0
602;0
603;0
604;2
605;0
606;0
607;1
608;2
609;1
610;0
611;0
612;1
613;0
614;2
615;1
616;0
617;2
618;0
619;0
620;1
621;0
622;1
623;0
624;1
625;1
626;0
627;0
628;0
629;1
630;0
631;0
632;0
633;0
634;0
635;0
636;0
637;0
638;0
639;2
640;1
641;0
642;0
643;2
644;0
645;1
646;1
647;0
648;1
649;0
650;2
651;0
652;0
653;0
654;0
655;2
656;0
657;0
658;1
659;0
660;0
661;0
662;0
663;0
664;0
665;0
666;2
667;2
668;1
669;0
670;1
671;0
672;2
673;1
674;0
675;0
676;0
677;0
678;0
679;1
680;0
681;1
682;0
683;0
684;0
685;0
686;2
687;0
688;0
689;0
690;0
691;0
692;1
693;0
694;0
695;0
696;0
697;0
698;1
699;0
700;0
701;0
702;0
703;0
704;0
705;1
706;0
707;0
708;0
709;0
710;2
711;0
712;4
713;0
714;0
715;0
716;0
717;0
718;0
719;0
720;1
721;0
722;0
723;0
724;1
725;0
726;2
727;0
728;0
729;0
730;2
731;2
732;0
733;0
734;0
735;0
736;1
737;0
738;0
739;0
740;0
741;2
742;0
743;2
744;0
745;0
746;0
747;0
748;0
749;0
750;2
751;2
752;0
753;0
754;1
755;0
756;1
757;0
758;2
759;0
760;0
761;0
762;0
763;0
764;0
765;0
766;0
767;0
768;0
769;1
770;0
771;0
772;0
773;0
774;0
775;0
776;0
777;0
778;1
779;0
780;0
781;0
782;2
783;2
784;1
785;0
786;0
787;2
788;1
789;0
790;2
791;1
792;0
793;0
794;0
795;0
796;0
797;0
798;0
799;0
800;1
801;1
802;0
803;0
804;0
805;0
806;0
807;0
808;0
809;0
810;0
811;0
812;2
813;0
814;2
815;2
816;2
817;0
818;0
819;0
820;0
821;2
822;1
823;2
824;1
825;2
826;1
827;2
828;2
829;0
830;0
831;0
832;0
833;1
834;0
835;0
836;0
837;0
838;0
839;0
840;1
841;0
842;0
843;0
844;0
845;2
846;2
847;0
848;1
849;2
850;0
851;0
852;1
853;1
854;0
855;0
856;0
857;0
858;0
859;1
860;0
861;1
862;0
863;0
864;0
865;1
866;0
867;0
868;1
869;0
870;0
871;2
872;2
873;0
874;2
875;2
876;1
877;2
878;2
879;0
880;0
881;2
882;0
883;2
884;0
885;0
886;0
887;1
888;1
889;0
890;0
891;0
892;2
893;0
894;2
895;2
896;2
897;0
898;2
899;2
900;0
901;1
902;2
903;0
904;0
905;0
906;0
907;2
908;0
909;2
910;0
911;0
912;2
913;0
914;2
915;2
916;2
917;2
918;1
919;4
920;1
921;0
922;0
923;0
924;1
925;2
926;2
927;1
928;2
929;0
930;0
931;0
932;2
933;2
934;1
935;0
936;0
937;2
938;0
939;0
940;0
941;0
942;0
943;0
944;0
945;0
946;0
947;0
948;0
949;1
950;0
951;0
952;0
953;0
954;1
955;0
956;2
957;0
958;0
959;0
960;1
961;0
962;0
963;0
964;0
965;0
966;2
967;2
968;0
969;0
970;0
971;2
972;0
973;0
974;0
975;0
976;2
977;1
978;0
979;2
980;0
981;1
982;0
983;0
984;1
985;0
986;0
987;0
988;0
989;0
990;2
991;1
992;0
993;2
994;0
995;0
996;2
997;0
998;0
999;2
1000;2
1001;2
1002;0
1003;0
1004;2
1005;2
1006;2
1007;2
1008;2
1009;1
1010;0
1011;0
1012;0
1013;0
1014;0
1015;0
1016;0
1017;0
1018;0
1019;0
1020;0
1021;0
1022;0
1023;0
