0;1
1;0
2;0
3;0
4;4
5;0
6;0
7;0
8;0
9;0
10;2
11;0
12;2
13;2
14;2
15;0
16;0
17;1
18;0
19;1
20;0
21;2
22;0
23;0
24;1
25;0
26;0
27;2
28;2
29;0
30;0
31;0
32;2
33;2
34;2
35;0
36;2
37;0
38;1
39;0
40;0
41;0
42;1
43;0
44;2
45;0
46;0
47;0
48;0
49;2
50;0
51;0
52;2
53;0
54;0
55;0
56;0
57;1
58;0
59;0
60;0
61;1
62;0
63;2
64;0
65;0
66;0
67;2
68;0
69;0
70;0
71;0
72;0
73;0
74;0
75;0
76;1
77;0
78;2
79;1
80;0
81;0
82;0
83;2
84;0
85;0
86;0
87;0
88;1
89;0
90;0
91;0
92;1
93;0
94;0
95;0
96;0
97;0
98;0
99;0
100;0
101;0
102;2
103;0
104;0
105;0
106;0
107;1
108;0
109;0
110;0
111;0
112;0
113;2
114;1
115;0
116;2
117;1
118;0
119;0
120;0
121;2
122;0
123;2
124;2
125;0
126;0
127;0
128;2
129;1
130;0
131;2
132;2
133;0
134;0
135;1
136;0
137;0
138;0
139;0
140;2
141;0
142;2
143;0
144;1
145;0
146;0
147;0
148;0
149;1
150;0
151;0
152;2
153;0
154;2
155;0
156;2
157;1
158;0
159;0
160;2
161;0
162;0
163;0
164;1
165;0
166;2
167;1
168;0
169;0
170;1
171;0
172;2
173;2
174;1
175;0
176;0
177;2
178;2
179;0
180;0
181;0
182;0
183;0
184;0
185;0
186;2
187;0
188;0
189;0
190;0
191;0
192;2
193;2
194;1
195;0
196;0
197;0
198;0
199;0
200;0
201;0
202;0
203;2
204;0
205;1
206;0
207;1
208;0
209;0
210;0
211;0
212;2
213;2
214;0
215;0
216;0
217;0
218;0
219;0
220;0
221;2
222;0
223;0
224;2
225;1
226;0
227;0
228;1
229;2
230;0
231;2
232;0
233;1
234;1
235;0
236;0
237;0
238;2
239;0
240;0
241;0
242;2
243;1
244;0
245;0
246;2
247;0
248;0
249;2
250;2
251;2
252;0
253;2
254;2
255;2
256;0
257;0
258;0
259;0
260;0
261;0
262;0
263;0
264;0
265;0
266;0
267;0
268;2
269;0
270;0
271;0
272;0
273;0
274;0
275;0
276;0
277;0
278;2
279;1
280;1
281;0
282;0
283;2
284;4
285;0
286;2
287;2
288;2
289;0
290;0
291;0
292;1
293;1
294;0
295;0
296;0
297;0
298;2
299;1
300;1
301;2
302;0
303;0
304;1
305;0
306;2
307;2
308;1
309;0
310;0
311;0
312;0
313;0
314;0
315;0
316;0
317;1
318;0
319;2
320;2
321;2
322;1
323;0
324;1
325;0
326;0
327;2
328;0
329;0
330;0
331;0
332;2
333;1
334;1
335;0
336;2
337;0
338;0
339;0
340;0
341;0
342;1
343;0
344;0
345;1
346;0
347;0
348;2
349;1
350;0
351;0
352;2
353;2
354;0
355;0
356;0
357;2
358;0
359;0
360;0
361;0
362;0
363;0
364;0
365;0
366;2
367;2
368;0
369;2
370;0
371;0
372;0
373;0
374;0
375;0
376;0
377;0
378;1
379;0
380;0
381;0
382;0
383;0
384;1
385;0
386;0
387;0
388;4
389;2
390;2
391;2
392;2
393;0
394;2
395;0
396;2
397;0
398;0
399;0
400;1
401;0
402;0
403;0
404;0
405;2
406;2
407;0
408;0
409;0
410;0
411;0
412;0
413;2
414;2
415;2
416;2
417;1
418;0
419;2
420;1
421;0
422;0
423;0
424;0
425;2
426;0
427;0
428;2
429;1
430;0
431;0
432;0
433;0
434;0
435;0
436;0
437;0
438;0
439;2
440;0
441;0
442;0
443;0
444;0
445;0
446;0
447;0
448;0
449;0
450;0
451;0
452;1
453;1
454;0
455;2
456;0
457;0
458;0
459;0
460;0
461;0
462;2
463;2
464;2
465;0
466;0
467;0
468;0
469;0
470;0
471;0
472;0
473;0
474;0
475;0
476;0
477;0
478;0
479;2
480;2
481;0
482;0
483;0
484;1
485;0
486;1
487;0
488;1
489;2
490;0
491;0
492;0
493;0
494;0
495;2
496;0
497;0
498;0
499;0
500;2
501;2
502;2
503;2
504;1
505;0
506;0
507;1
508;0
509;0
510;0
511;0
512;0
513;0
514;2
515;0
516;0
517;0
518;2
519;1
520;0
521;0
522;0
523;2
524;4
525;0
526;2
527;1
528;0
529;0
530;0
531;0
532;2
533;0
534;0
535;1
536;0
537;0
538;0
539;0
540;0
541;2
542;1
543;0
544;2
545;0
546;0
547;1
548;2
549;0
550;2
551;0
552;0
553;2
554;1
555;0
556;0
557;2
558;0
559;0
560;0
561;0
562;0
563;0
564;0
565;2
566;1
567;0
568;2
569;0
570;0
571;0
572;0
573;0
574;2
575;0
576;2
577;0
578;0
579;0
580;2
581;2
582;0
583;0
584;2
585;0
586;0
587;0
588;0
589;0
590;0
591;0
592;0
593;0
594;0
595;0
596;1
597;0
598;0
599;0
600;0
601;2
602;0
603;0
604;2
605;0
606;0
607;0
608;1
609;0
610;0
611;0
612;2
613;0
614;0
615;0
616;0
617;0
618;2
619;0
620;0
621;2
622;1
623;2
624;2
625;2
626;2
627;0
628;1
629;0
630;0
631;0
632;1
633;1
634;0
635;0
636;0
637;0
638;0
639;0
640;0
641;0
642;0
643;0
644;2
645;0
646;0
647;2
648;0
649;0
650;0
651;0
652;0
653;0
654;0
655;0
656;0
657;0
658;0
659;0
660;0
661;0
662;0
663;0
664;2
665;0
666;0
667;2
668;0
669;0
670;0
671;0
672;1
673;0
674;2
675;2
676;1
677;0
678;1
679;2
680;2
681;0
682;0
683;0
684;0
685;0
686;0
687;1
688;0
689;1
690;0
691;0
692;0
693;0
694;0
695;0
696;0
697;0
698;0
699;0
700;1
701;0
702;0
703;0
704;0
705;0
706;0
707;0
708;0
709;0
710;0
711;0
712;0
713;2
714;0
715;0
716;0
717;0
718;0
719;0
720;0
721;0
722;0
723;1
724;0
725;0
726;0
727;0
728;0
729;0
730;0
731;2
732;2
733;0
734;0
735;0
736;0
737;0
738;2
739;2
740;0
741;0
742;0
743;0
744;1
745;0
746;0
747;0
748;0
749;2
750;0
751;0
752;0
753;0
754;2
755;0
756;0
757;0
758;1
759;1
760;2
761;0
762;1
763;0
764;0
765;0
766;2
767;0
768;0
769;0
770;0
771;0
772;0
773;0
774;0
775;2
776;0
777;0
778;0
779;1
780;0
781;0
782;0
783;0
784;0
785;0
786;0
787;0
788;1
789;1
790;0
791;0
792;0
793;2
794;2
795;0
796;1
797;1
798;0
799;0
800;2
801;2
802;0
803;0
804;0
805;0
806;0
807;0
808;2
809;2
810;2
811;2
812;2
813;0
814;0
815;0
816;0
817;0
818;1
819;1
820;1
821;0
822;1
823;2
824;1
825;0
826;0
827;0
828;0
829;0
830;0
831;0
832;0
833;0
834;0
835;0
836;0
837;0
838;0
839;0
840;0
841;1
842;0
843;0
844;0
845;1
846;0
847;2
848;1
849;0
850;0
851;2
852;2
853;0
854;2
855;1
856;0
857;2
858;0
859;0
860;1
861;1
862;1
863;0
864;0
865;0
866;0
867;0
868;0
869;2
870;0
871;2
872;0
873;0
874;1
875;1
876;0
877;0
878;0
879;2
880;1
881;0
882;0
883;2
884;0
885;0
886;0
887;0
888;0
889;1
890;1
891;1
892;0
893;2
894;0
895;2
896;0
897;1
898;0
899;0
900;0
901;0
902;0
903;0
904;2
905;2
906;0
907;0
908;0
909;1
910;2
911;0
912;0
913;0
914;0
915;1
916;0
917;0
918;1
919;0
920;2
921;0
922;1
923;0
924;1
925;2
926;0
927;0
928;2
929;0
930;0
931;0
932;2
933;1
934;0
935;1
936;0
937;2
938;1
939;0
940;0
941;0
942;0
943;0
944;0
945;1
946;0
947;0
948;0
949;0
950;0
951;1
952;0
953;2
954;1
955;0
956;2
957;0
958;0
959;0
960;0
961;0
962;0
963;0
964;0
965;0
966;2
967;1
968;1
969;0
970;0
971;2
972;0
973;0
974;0
975;0
976;0
977;0
978;0
979;0
980;0
981;0
982;0
983;0
984;1
985;0
986;0
987;0
988;0
989;2
990;0
991;0
992;0
993;1
994;0
995;0
996;2
997;0
998;0
999;2
1000;2
1001;0
1002;0
1003;0
1004;1
1005;0
1006;0
1007;0
1008;0
1009;1
1010;0
1011;0
1012;0
1013;0
1014;0
1015;0
1016;0
1017;0
1018;0
1019;0
1020;0
1021;0
1022;0
1023;0
