0;1
1;0
2;0
3;0
4;0
5;0
6;2
7;2
8;0
9;2
10;2
11;2
12;2
13;1
14;0
15;0
16;0
17;0
18;0
19;0
20;2
21;0
22;0
23;2
24;0
25;2
26;0
27;1
28;0
29;2
30;0
31;0
32;1
33;2
34;1
35;0
36;1
37;0
38;0
39;0
40;1
41;0
42;0
43;0
44;1
45;1
46;0
47;0
48;1
49;0
50;1
51;0
52;1
53;0
54;2
55;2
56;4
57;2
58;2
59;1
60;0
61;0
62;2
63;0
64;2
65;0
66;0
67;1
68;0
69;0
70;0
71;0
72;2
73;0
74;0
75;0
76;0
77;2
78;2
79;0
80;0
81;0
82;0
83;2
84;0
85;0
86;0
87;0
88;2
89;1
90;0
91;0
92;1
93;0
94;0
95;0
96;1
97;0
98;0
99;2
100;4
101;0
102;2
103;2
104;0
105;0
106;0
107;0
108;1
109;0
110;2
111;2
112;0
113;0
114;0
115;0
116;2
117;0
118;2
119;2
120;2
121;0
122;2
123;0
124;2
125;0
126;0
127;0
128;0
129;0
130;0
131;0
132;0
133;2
134;1
135;0
136;2
137;0
138;0
139;0
140;2
141;2
142;0
143;0
144;0
145;0
146;0
147;2
148;1
149;0
150;0
151;2
152;4
153;0
154;0
155;0
156;2
157;0
158;2
159;0
160;2
161;0
162;0
163;0
164;2
165;2
166;0
167;0
168;0
169;0
170;0
171;2
172;4
173;0
174;2
175;2
176;4
177;0
178;0
179;0
180;2
181;1
182;0
183;2
184;1
185;1
186;0
187;0
188;2
189;0
190;0
191;0
192;2
193;2
194;2
195;1
196;0
197;0
198;2
199;0
200;1
201;0
202;0
203;0
204;0
205;0
206;2
207;2
208;2
209;0
210;0
211;2
212;2
213;0
214;0
215;0
216;0
217;0
218;0
219;1
220;0
221;0
222;0
223;0
224;2
225;2
226;1
227;0
228;2
229;0
230;0
231;2
232;0
233;2
234;0
235;0
236;1
237;0
238;2
239;0
240;0
241;0
242;0
243;2
244;1
245;0
246;0
247;2
248;2
249;0
250;2
251;2
252;2
253;0
254;2
255;2
256;0
257;0
258;2
259;2
260;1
261;0
262;0
263;0
264;0
265;0
266;2
267;1
268;0
269;0
270;1
271;0
272;0
273;0
274;0
275;0
276;0
277;2
278;0
279;0
280;0
281;0
282;1
283;0
284;0
285;0
286;0
287;0
288;1
289;0
290;0
291;0
292;0
293;0
294;1
295;0
296;2
297;0
298;2
299;1
300;1
301;0
302;0
303;0
304;0
305;0
306;1
307;0
308;0
309;2
310;1
311;0
312;1
313;0
314;0
315;0
316;2
317;0
318;2
319;1
320;0
321;0
322;2
323;2
324;0
325;0
326;0
327;0
328;0
329;0
330;0
331;0
332;0
333;0
334;2
335;2
336;1
337;0
338;0
339;0
340;0
341;0
342;0
343;0
344;0
345;0
346;0
347;0
348;1
349;0
350;1
351;0
352;1
353;0
354;0
355;2
356;4
357;1
358;2
359;0
360;2
361;0
362;0
363;0
364;2
365;2
366;0
367;0
368;1
369;0
370;0
371;0
372;0
373;0
374;0
375;2
376;1
377;0
378;0
379;0
380;4
381;2
382;0
383;2
384;2
385;0
386;0
387;2
388;2
389;0
390;0
391;0
392;0
393;0
394;0
395;0
396;0
397;0
398;0
399;0
400;1
401;0
402;0
403;0
404;0
405;0
406;0
407;1
408;2
409;0
410;2
411;1
412;1
413;0
414;2
415;0
416;2
417;0
418;0
419;0
420;2
421;2
422;0
423;2
424;2
425;1
426;0
427;0
428;0
429;0
430;0
431;0
432;1
433;0
434;0
435;1
436;0
437;0
438;2
439;2
440;0
441;0
442;0
443;1
444;0
445;0
446;0
447;0
448;1
449;0
450;2
451;2
452;2
453;0
454;2
455;0
456;2
457;0
458;0
459;0
460;0
461;0
462;0
463;0
464;0
465;2
466;2
467;2
468;0
469;0
470;0
471;0
472;2
473;0
474;1
475;0
476;1
477;0
478;0
479;2
480;2
481;2
482;1
483;2
484;2
485;0
486;2
487;0
488;0
489;0
490;0
491;1
492;0
493;0
494;0
495;0
496;0
497;0
498;0
499;0
500;0
501;2
502;1
503;0
504;2
505;2
506;0
507;0
508;0
509;0
510;1
511;0
512;2
513;1
514;0
515;1
516;0
517;0
518;0
519;1
520;0
521;1
522;0
523;1
524;0
525;0
526;2
527;1
528;0
529;0
530;2
531;0
532;2
533;2
534;0
535;0
536;0
537;0
538;2
539;0
540;0
541;0
542;2
543;0
544;2
545;0
546;0
547;1
548;0
549;0
550;2
551;0
552;0
553;0
554;0
555;0
556;0
557;0
558;1
559;0
560;0
561;0
562;1
563;0
564;0
565;0
566;2
567;0
568;1
569;0
570;0
571;2
572;4
573;2
574;1
575;0
576;2
577;0
578;2
579;0
580;1
581;0
582;1
583;0
584;2
585;2
586;2
587;2
588;1
589;0
590;0
591;2
592;2
593;0
594;2
595;2
596;2
597;0
598;2
599;0
600;1
601;0
602;0
603;2
604;1
605;0
606;0
607;0
608;0
609;0
610;0
611;1
612;0
613;0
614;2
615;1
616;0
617;0
618;0
619;0
620;1
621;0
622;0
623;0
624;0
625;0
626;0
627;0
628;0
629;2
630;2
631;1
632;1
633;1
634;0
635;1
636;0
637;0
638;0
639;0
640;2
641;0
642;0
643;2
644;0
645;0
646;0
647;0
648;0
649;0
650;0
651;1
652;0
653;0
654;2
655;2
656;2
657;0
658;0
659;2
660;2
661;2
662;2
663;2
664;0
665;0
666;2
667;1
668;1
669;0
670;0
671;2
672;4
673;0
674;2
675;2
676;2
677;0
678;0
679;0
680;1
681;0
682;0
683;0
684;0
685;2
686;2
687;0
688;0
689;0
690;0
691;2
692;1
693;0
694;2
695;2
696;1
697;0
698;0
699;0
700;2
701;0
702;1
703;2
704;2
705;0
706;2
707;0
708;2
709;0
710;0
711;0
712;0
713;0
714;2
715;0
716;0
717;1
718;0
719;0
720;0
721;1
722;0
723;0
724;2
725;0
726;2
727;0
728;2
729;0
730;1
731;0
732;2
733;0
734;1
735;0
736;0
737;0
738;0
739;0
740;2
741;0
742;2
743;0
744;1
745;0
746;2
747;2
748;1
749;0
750;0
751;0
752;1
753;0
754;2
755;2
756;2
757;0
758;2
759;2
760;1
761;0
762;2
763;1
764;0
765;0
766;0
767;2
768;2
769;0
770;2
771;2
772;2
773;0
774;2
775;0
776;1
777;2
778;0
779;2
780;0
781;0
782;1
783;0
784;0
785;2
786;2
787;2
788;1
789;1
790;0
791;0
792;0
793;0
794;0
795;0
796;2
797;0
798;2
799;0
800;0
801;0
802;0
803;0
804;2
805;0
806;0
807;2
808;2
809;0
810;2
811;0
812;0
813;0
814;0
815;0
816;0
817;0
818;2
819;2
820;2
821;0
822;0
823;1
824;0
825;0
826;2
827;0
828;0
829;2
830;0
831;0
832;0
833;1
834;0
835;0
836;0
837;0
838;2
839;1
840;1
841;0
842;0
843;0
844;2
845;0
846;2
847;1
848;0
849;0
850;2
851;0
852;2
853;1
854;2
855;0
856;2
857;0
858;0
859;0
860;1
861;0
862;0
863;0
864;1
865;0
866;0
867;0
868;1
869;1
870;0
871;0
872;0
873;0
874;0
875;0
876;0
877;0
878;1
879;2
880;1
881;0
882;0
883;2
884;4
885;0
886;1
887;0
888;0
889;0
890;2
891;0
892;2
893;0
894;0
895;0
896;0
897;0
898;0
899;0
900;0
901;0
902;0
903;0
904;2
905;0
906;0
907;2
908;2
909;2
910;2
911;1
912;0
913;0
914;0
915;0
916;0
917;0
918;2
919;0
920;1
921;0
922;0
923;0
924;0
925;1
926;0
927;0
928;1
929;0
930;0
931;2
932;1
933;0
934;0
935;0
936;2
937;0
938;2
939;2
940;2
941;0
942;2
943;2
944;2
945;1
946;2
947;2
948;0
949;1
950;0
951;0
952;0
953;0
954;0
955;0
956;0
957;2
958;0
959;0
960;0
961;0
962;0
963;2
964;1
965;1
966;2
967;0
968;0
969;0
970;0
971;0
972;0
973;0
974;0
975;2
976;1
977;0
978;0
979;2
980;1
981;2
982;2
983;2
984;2
985;0
986;2
987;0
988;2
989;0
990;2
991;0
992;0
993;2
994;0
995;0
996;0
997;0
998;0
999;0
1000;0
1001;2
1002;0
1003;0
1004;0
1005;0
1006;0
1007;0
1008;0
1009;0
1010;0
1011;0
1012;1
1013;0
1014;0
1015;1
1016;0
1017;0
1018;0
1019;0
1020;0
1021;0
1022;0
1023;0
