0;1
1;0
2;0
3;1
4;2
5;0
6;2
7;2
8;2
9;0
10;2
11;0
12;0
13;1
14;0
15;0
16;0
17;1
18;0
19;0
20;2
21;0
22;0
23;2
24;0
25;0
26;2
27;0
28;0
29;0
30;0
31;2
32;2
33;2
34;2
35;2
36;2
37;0
38;2
39;0
40;2
41;1
42;0
43;0
44;2
45;0
46;0
47;0
48;0
49;1
50;1
51;0
52;0
53;0
54;0
55;0
56;0
57;0
58;1
59;0
60;0
61;2
62;1
63;2
64;1
65;0
66;0
67;2
68;0
69;0
70;0
71;1
72;2
73;0
74;2
75;2
76;2
77;0
78;0
79;0
80;1
81;0
82;1
83;2
84;2
85;0
86;0
87;0
88;2
89;2
90;2
91;2
92;0
93;0
94;2
95;0
96;1
97;0
98;0
99;0
100;2
101;0
102;0
103;0
104;2
105;0
106;0
107;0
108;0
109;1
110;2
111;0
112;2
113;2
114;0
115;2
116;0
117;0
118;0
119;0
120;2
121;1
122;0
123;1
124;1
125;0
126;1
127;0
128;0
129;0
130;2
131;2
132;1
133;0
134;0
135;0
136;2
137;0
138;2
139;2
140;2
141;0
142;0
143;0
144;0
145;1
146;0
147;0
148;1
149;0
150;0
151;0
152;0
153;0
154;0
155;0
156;0
157;0
158;0
159;2
160;1
161;0
162;0
163;0
164;0
165;2
166;1
167;2
168;1
169;2
170;0
171;0
172;0
173;0
174;0
175;2
176;1
177;0
178;0
179;0
180;0
181;0
182;0
183;1
184;1
185;0
186;2
187;1
188;0
189;0
190;2
191;2
192;1
193;0
194;0
195;0
196;2
197;0
198;2
199;2
200;2
201;0
202;0
203;0
204;2
205;4
206;0
207;1
208;0
209;0
210;2
211;2
212;2
213;2
214;0
215;1
216;0
217;0
218;0
219;0
220;2
221;2
222;0
223;2
224;2
225;0
226;0
227;0
228;1
229;2
230;0
231;0
232;1
233;0
234;0
235;1
236;0
237;0
238;0
239;0
240;1
241;0
242;2
243;1
244;0
245;0
246;0
247;0
248;2
249;2
250;1
251;2
252;2
253;0
254;2
255;0
256;0
257;2
258;0
259;0
260;2
261;0
262;0
263;0
264;0
265;2
266;1
267;0
268;1
269;1
270;0
271;0
272;0
273;0
274;0
275;0
276;0
277;0
278;0
279;0
280;0
281;0
282;2
283;1
284;0
285;0
286;0
287;2
288;0
289;0
290;0
291;2
292;1
293;0
294;0
295;2
296;2
297;0
298;2
299;2
300;2
301;0
302;2
303;1
304;2
305;0
306;0
307;2
308;0
309;0
310;2
311;2
312;1
313;0
314;0
315;2
316;4
317;0
318;2
319;1
320;0
321;0
322;2
323;0
324;1
325;0
326;0
327;2
328;2
329;0
330;0
331;0
332;0
333;0
334;0
335;2
336;1
337;0
338;0
339;0
340;1
341;0
342;2
343;2
344;0
345;1
346;0
347;0
348;4
349;0
350;2
351;0
352;2
353;0
354;2
355;0
356;1
357;0
358;0
359;0
360;0
361;0
362;0
363;0
364;2
365;2
366;1
367;0
368;2
369;1
370;0
371;0
372;0
373;0
374;1
375;0
376;0
377;0
378;0
379;0
380;0
381;2
382;1
383;0
384;1
385;0
386;0
387;0
388;2
389;2
390;0
391;2
392;2
393;0
394;0
395;0
396;0
397;0
398;0
399;0
400;1
401;0
402;0
403;0
404;0
405;0
406;2
407;2
408;1
409;0
410;0
411;0
412;2
413;0
414;2
415;2
416;2
417;0
418;0
419;0
420;4
421;0
422;0
423;0
424;0
425;0
426;0
427;0
428;1
429;1
430;0
431;0
432;2
433;1
434;0
435;0
436;2
437;0
438;1
439;0
440;1
441;0
442;0
443;0
444;0
445;0
446;2
447;0
448;0
449;0
450;2
451;2
452;1
453;0
454;0
455;2
456;4
457;2
458;2
459;0
460;2
461;0
462;0
463;0
464;2
465;0
466;0
467;0
468;0
469;0
470;0
471;2
472;0
473;0
474;0
475;2
476;2
477;0
478;1
479;0
480;0
481;0
482;0
483;0
484;2
485;0
486;0
487;0
488;1
489;0
490;0
491;0
492;0
493;0
494;0
495;0
496;2
497;1
498;2
499;0
500;2
501;0
502;1
503;0
504;0
505;0
506;0
507;0
508;0
509;0
510;0
511;0
512;0
513;2
514;0
515;0
516;0
517;0
518;1
519;0
520;1
521;0
522;2
523;0
524;1
525;0
526;0
527;2
528;4
529;0
530;0
531;1
532;2
533;0
534;0
535;0
536;2
537;0
538;0
539;2
540;0
541;0
542;2
543;2
544;2
545;0
546;1
547;0
548;0
549;0
550;0
551;0
552;2
553;0
554;1
555;0
556;0
557;0
558;2
559;0
560;0
561;0
562;0
563;2
564;0
565;0
566;1
567;0
568;0
569;2
570;1
571;2
572;0
573;0
574;0
575;1
576;0
577;0
578;0
579;0
580;0
581;0
582;0
583;1
584;0
585;0
586;2
587;0
588;0
589;0
590;0
591;0
592;2
593;0
594;2
595;2
596;2
597;0
598;2
599;0
600;1
601;0
602;1
603;0
604;0
605;2
606;0
607;0
608;0
609;0
610;0
611;2
612;0
613;0
614;0
615;2
616;2
617;0
618;2
619;2
620;2
621;0
622;2
623;2
624;2
625;2
626;1
627;0
628;2
629;0
630;0
631;1
632;0
633;0
634;0
635;0
636;0
637;0
638;0
639;2
640;0
641;0
642;0
643;1
644;0
645;0
646;2
647;2
648;2
649;0
650;1
651;0
652;1
653;0
654;0
655;0
656;0
657;0
658;2
659;1
660;0
661;0
662;0
663;2
664;2
665;0
666;0
667;1
668;1
669;0
670;2
671;0
672;0
673;0
674;2
675;2
676;1
677;0
678;0
679;0
680;2
681;0
682;0
683;0
684;0
685;0
686;2
687;0
688;0
689;1
690;0
691;0
692;0
693;1
694;0
695;0
696;2
697;0
698;1
699;0
700;2
701;2
702;1
703;0
704;0
705;0
706;0
707;0
708;0
709;0
710;0
711;0
712;0
713;0
714;0
715;0
716;1
717;0
718;0
719;2
720;1
721;0
722;2
723;2
724;4
725;0
726;2
727;2
728;2
729;0
730;2
731;0
732;1
733;0
734;0
735;2
736;0
737;0
738;1
739;0
740;0
741;0
742;2
743;2
744;1
745;0
746;0
747;2
748;2
749;0
750;0
751;1
752;0
753;0
754;2
755;0
756;2
757;0
758;0
759;2
760;0
761;0
762;1
763;1
764;0
765;1
766;0
767;2
768;2
769;2
770;2
771;2
772;0
773;0
774;2
775;2
776;0
777;0
778;0
779;0
780;0
781;0
782;2
783;2
784;0
785;2
786;0
787;0
788;0
789;0
790;0
791;2
792;2
793;0
794;0
795;1
796;0
797;0
798;2
799;0
800;0
801;0
802;0
803;0
804;0
805;1
806;0
807;0
808;1
809;0
810;0
811;0
812;0
813;0
814;0
815;0
816;0
817;0
818;0
819;0
820;0
821;0
822;2
823;1
824;0
825;0
826;0
827;0
828;1
829;2
830;0
831;1
832;0
833;0
834;0
835;2
836;0
837;0
838;0
839;0
840;1
841;0
842;2
843;0
844;0
845;0
846;2
847;1
848;0
849;0
850;0
851;2
852;2
853;0
854;2
855;2
856;2
857;2
858;2
859;0
860;1
861;0
862;1
863;0
864;0
865;0
866;0
867;0
868;0
869;1
870;0
871;0
872;1
873;1
874;0
875;0
876;0
877;2
878;2
879;2
880;0
881;0
882;0
883;0
884;1
885;0
886;1
887;0
888;0
889;2
890;0
891;0
892;0
893;0
894;0
895;1
896;0
897;2
898;0
899;0
900;0
901;2
902;1
903;0
904;2
905;0
906;1
907;0
908;2
909;0
910;0
911;0
912;0
913;1
914;0
915;0
916;1
917;0
918;0
919;0
920;0
921;0
922;2
923;0
924;1
925;1
926;0
927;0
928;0
929;0
930;2
931;1
932;0
933;0
934;2
935;2
936;2
937;1
938;0
939;0
940;2
941;0
942;0
943;0
944;2
945;2
946;0
947;2
948;0
949;2
950;2
951;2
952;1
953;0
954;0
955;0
956;0
957;2
958;0
959;2
960;1
961;0
962;2
963;0
964;1
965;0
966;0
967;2
968;0
969;0
970;0
971;0
972;0
973;0
974;2
975;0
976;0
977;0
978;0
979;0
980;0
981;2
982;0
983;0
984;1
985;0
986;1
987;0
988;0
989;2
990;0
991;0
992;1
993;0
994;0
995;2
996;0
997;0
998;2
999;1
1000;0
1001;0
1002;0
1003;0
1004;2
1005;0
1006;0
1007;0
1008;1
1009;0
1010;2
1011;0
1012;1
1013;0
1014;0
1015;0
1016;0
1017;0
1018;0
1019;0
1020;0
1021;0
1022;0
1023;0
