0;0
1;0
2;0
3;1
4;1
5;0
6;2
7;2
8;2
9;0
10;0
11;0
12;1
13;0
14;0
15;0
16;0
17;2
18;2
19;0
20;2
21;2
22;0
23;2
24;1
25;0
26;2
27;0
28;2
29;0
30;0
31;0
32;1
33;0
34;2
35;0
36;0
37;2
38;0
39;0
40;2
41;1
42;0
43;0
44;2
45;0
46;2
47;0
48;0
49;2
50;0
51;0
52;2
53;0
54;0
55;0
56;0
57;0
58;0
59;0
60;1
61;2
62;2
63;2
64;2
65;0
66;0
67;0
68;0
69;0
70;0
71;0
72;1
73;0
74;0
75;0
76;2
77;2
78;2
79;2
80;2
81;0
82;0
83;2
84;0
85;0
86;0
87;0
88;1
89;0
90;0
91;2
92;2
93;0
94;0
95;0
96;0
97;0
98;0
99;2
100;0
101;0
102;0
103;0
104;2
105;0
106;0
107;1
108;0
109;2
110;0
111;1
112;0
113;2
114;1
115;0
116;0
117;1
118;0
119;0
120;0
121;2
122;0
123;1
124;0
125;0
126;0
127;0
128;0
129;1
130;2
131;0
132;2
133;0
134;0
135;2
136;0
137;2
138;0
139;0
140;0
141;0
142;1
143;0
144;0
145;0
146;0
147;0
148;0
149;2
150;2
151;0
152;2
153;0
154;0
155;0
156;0
157;0
158;2
159;0
160;0
161;0
162;1
163;0
164;1
165;0
166;0
167;0
168;0
169;0
170;1
171;0
172;0
173;0
174;2
175;0
176;0
177;2
178;2
179;0
180;2
181;0
182;2
183;0
184;0
185;0
186;1
187;0
188;0
189;0
190;1
191;0
192;0
193;0
194;0
195;0
196;2
197;0
198;0
199;2
200;0
201;0
202;2
203;1
204;0
205;1
206;0
207;0
208;0
209;0
210;0
211;0
212;1
213;0
214;0
215;0
216;0
217;0
218;0
219;0
220;0
221;2
222;2
223;0
224;2
225;0
226;1
227;0
228;0
229;2
230;0
231;0
232;1
233;2
234;2
235;0
236;0
237;0
238;0
239;0
240;1
241;0
242;0
243;2
244;4
245;0
246;2
247;2
248;2
249;0
250;2
251;0
252;2
253;2
254;0
255;2
256;0
257;0
258;2
259;0
260;1
261;0
262;0
263;1
264;0
265;0
266;0
267;0
268;2
269;0
270;0
271;0
272;2
273;1
274;2
275;0
276;0
277;0
278;0
279;0
280;2
281;0
282;0
283;0
284;0
285;0
286;0
287;0
288;2
289;0
290;0
291;1
292;0
293;0
294;0
295;0
296;0
297;2
298;2
299;0
300;0
301;1
302;0
303;0
304;2
305;0
306;1
307;0
308;1
309;0
310;0
311;0
312;1
313;0
314;2
315;0
316;0
317;1
318;1
319;2
320;4
321;1
322;0
323;0
324;4
325;2
326;2
327;2
328;1
329;2
330;0
331;0
332;2
333;1
334;1
335;0
336;2
337;0
338;0
339;0
340;0
341;0
342;0
343;2
344;0
345;0
346;0
347;2
348;1
349;1
350;2
351;2
352;1
353;0
354;1
355;0
356;0
357;0
358;0
359;0
360;0
361;0
362;2
363;0
364;0
365;0
366;2
367;2
368;0
369;0
370;0
371;0
372;0
373;0
374;0
375;0
376;0
377;0
378;1
379;0
380;0
381;0
382;0
383;0
384;0
385;0
386;2
387;0
388;0
389;1
390;0
391;0
392;2
393;0
394;0
395;0
396;2
397;0
398;0
399;2
400;2
401;0
402;2
403;1
404;0
405;1
406;0
407;2
408;1
409;1
410;0
411;2
412;2
413;1
414;0
415;0
416;2
417;0
418;0
419;0
420;0
421;0
422;0
423;0
424;0
425;2
426;0
427;1
428;0
429;0
430;2
431;2
432;1
433;0
434;0
435;0
436;0
437;0
438;0
439;0
440;2
441;1
442;0
443;2
444;0
445;0
446;0
447;0
448;0
449;0
450;2
451;1
452;0
453;1
454;0
455;0
456;0
457;0
458;0
459;1
460;0
461;0
462;2
463;0
464;0
465;0
466;0
467;2
468;2
469;0
470;0
471;0
472;1
473;0
474;0
475;0
476;1
477;1
478;0
479;0
480;0
481;2
482;0
483;0
484;0
485;0
486;2
487;0
488;2
489;2
490;2
491;2
492;2
493;2
494;0
495;1
496;0
497;2
498;2
499;0
500;0
501;0
502;1
503;2
504;0
505;0
506;2
507;0
508;0
509;0
510;0
511;0
512;2
513;0
514;0
515;1
516;1
517;0
518;1
519;0
520;0
521;0
522;0
523;2
524;1
525;0
526;2
527;1
528;0
529;0
530;2
531;0
532;1
533;2
534;2
535;0
536;0
537;0
538;0
539;0
540;1
541;0
542;0
543;0
544;0
545;2
546;1
547;0
548;2
549;1
550;2
551;0
552;0
553;0
554;0
555;0
556;0
557;0
558;1
559;0
560;1
561;0
562;2
563;0
564;0
565;0
566;0
567;1
568;0
569;0
570;0
571;0
572;0
573;2
574;0
575;0
576;0
577;0
578;0
579;0
580;0
581;0
582;1
583;0
584;0
585;0
586;0
587;0
588;1
589;0
590;0
591;0
592;0
593;0
594;0
595;0
596;2
597;0
598;0
599;0
600;2
601;0
602;0
603;0
604;0
605;1
606;0
607;0
608;0
609;0
610;1
611;0
612;0
613;0
614;0
615;2
616;2
617;2
618;0
619;0
620;2
621;1
622;1
623;0
624;2
625;1
626;0
627;0
628;0
629;0
630;0
631;0
632;0
633;0
634;0
635;0
636;0
637;0
638;0
639;2
640;0
641;0
642;0
643;0
644;0
645;0
646;2
647;0
648;2
649;0
650;2
651;0
652;2
653;1
654;0
655;0
656;0
657;0
658;2
659;2
660;0
661;0
662;0
663;0
664;0
665;2
666;0
667;2
668;1
669;0
670;1
671;2
672;1
673;0
674;0
675;1
676;0
677;0
678;0
679;1
680;0
681;1
682;0
683;0
684;0
685;0
686;0
687;0
688;0
689;0
690;0
691;0
692;1
693;0
694;0
695;1
696;0
697;0
698;0
699;0
700;0
701;0
702;0
703;2
704;0
705;0
706;0
707;2
708;2
709;0
710;0
711;1
712;0
713;0
714;2
715;2
716;2
717;0
718;2
719;0
720;2
721;0
722;0
723;0
724;1
725;0
726;0
727;0
728;2
729;0
730;0
731;2
732;1
733;0
734;0
735;0
736;2
737;0
738;2
739;0
740;1
741;0
742;0
743;0
744;0
745;0
746;2
747;2
748;0
749;0
750;0
751;0
752;1
753;0
754;2
755;0
756;0
757;0
758;0
759;2
760;0
761;0
762;2
763;0
764;0
765;2
766;4
767;0
768;0
769;0
770;0
771;1
772;0
773;0
774;2
775;0
776;0
777;0
778;0
779;0
780;2
781;0
782;0
783;0
784;0
785;0
786;0
787;0
788;0
789;0
790;0
791;0
792;0
793;0
794;0
795;0
796;0
797;1
798;0
799;0
800;0
801;0
802;0
803;0
804;1
805;0
806;0
807;2
808;0
809;0
810;0
811;0
812;1
813;0
814;0
815;0
816;1
817;2
818;1
819;2
820;2
821;0
822;0
823;0
824;0
825;2
826;1
827;0
828;1
829;0
830;1
831;2
832;2
833;0
834;2
835;0
836;1
837;0
838;2
839;0
840;0
841;0
842;2
843;0
844;0
845;0
846;0
847;0
848;0
849;2
850;1
851;0
852;0
853;0
854;0
855;0
856;1
857;1
858;1
859;0
860;0
861;0
862;0
863;0
864;1
865;0
866;0
867;2
868;1
869;0
870;2
871;2
872;2
873;0
874;0
875;0
876;1
877;0
878;0
879;2
880;0
881;0
882;1
883;1
884;0
885;1
886;0
887;0
888;0
889;0
890;0
891;0
892;0
893;0
894;0
895;0
896;1
897;1
898;2
899;1
900;0
901;0
902;0
903;2
904;0
905;0
906;1
907;0
908;0
909;0
910;0
911;2
912;2
913;2
914;0
915;0
916;0
917;2
918;2
919;0
920;0
921;0
922;0
923;1
924;0
925;0
926;0
927;0
928;1
929;0
930;1
931;0
932;0
933;1
934;0
935;2
936;2
937;2
938;0
939;0
940;0
941;2
942;2
943;2
944;2
945;0
946;0
947;0
948;0
949;0
950;0
951;0
952;0
953;0
954;0
955;0
956;0
957;0
958;0
959;0
960;0
961;2
962;0
963;0
964;1
965;0
966;0
967;0
968;0
969;0
970;2
971;0
972;0
973;0
974;2
975;2
976;1
977;0
978;0
979;2
980;0
981;0
982;0
983;0
984;0
985;0
986;0
987;0
988;0
989;1
990;0
991;0
992;1
993;0
994;0
995;0
996;0
997;0
998;2
999;0
1000;2
1001;1
1002;0
1003;0
1004;2
1005;0
1006;0
1007;2
1008;0
1009;0
1010;0
1011;0
1012;1
1013;0
1014;0
1015;0
1016;0
1017;0
1018;0
1019;0
1020;0
1021;0
1022;0
1023;0
