0;0
1;0
2;2
3;0
4;2
5;2
6;0
7;1
8;0
9;0
10;2
11;1
12;0
13;0
14;1
15;0
16;0
17;0
18;2
19;2
20;2
21;0
22;0
23;2
24;1
25;0
26;0
27;0
28;0
29;0
30;0
31;0
32;0
33;2
34;0
35;0
36;2
37;1
38;1
39;0
40;4
41;1
42;1
43;0
44;0
45;0
46;0
47;0
48;1
49;0
50;0
51;0
52;2
53;0
54;0
55;0
56;0
57;0
58;0
59;0
60;0
61;2
62;2
63;0
64;0
65;0
66;0
67;0
68;0
69;0
70;1
71;0
72;0
73;0
74;0
75;0
76;2
77;0
78;0
79;0
80;2
81;0
82;0
83;2
84;0
85;0
86;0
87;0
88;1
89;0
90;0
91;0
92;2
93;1
94;0
95;2
96;1
97;0
98;0
99;0
100;0
101;0
102;1
103;0
104;2
105;0
106;0
107;0
108;0
109;2
110;0
111;0
112;0
113;2
114;2
115;2
116;2
117;2
118;0
119;0
120;0
121;2
122;1
123;2
124;2
125;0
126;0
127;0
128;0
129;2
130;1
131;0
132;2
133;0
134;0
135;0
136;0
137;0
138;0
139;0
140;2
141;0
142;0
143;0
144;0
145;0
146;0
147;0
148;0
149;2
150;2
151;0
152;2
153;1
154;1
155;0
156;1
157;0
158;0
159;2
160;2
161;0
162;0
163;1
164;1
165;1
166;0
167;0
168;4
169;2
170;2
171;2
172;2
173;0
174;1
175;0
176;4
177;0
178;0
179;0
180;2
181;0
182;1
183;0
184;1
185;0
186;0
187;0
188;0
189;1
190;0
191;0
192;2
193;2
194;0
195;0
196;0
197;0
198;0
199;0
200;1
201;2
202;0
203;2
204;2
205;2
206;1
207;0
208;0
209;0
210;2
211;0
212;2
213;0
214;1
215;0
216;1
217;0
218;0
219;0
220;1
221;0
222;0
223;0
224;2
225;2
226;2
227;2
228;0
229;0
230;0
231;0
232;2
233;0
234;2
235;0
236;0
237;2
238;0
239;0
240;0
241;2
242;0
243;0
244;2
245;1
246;0
247;1
248;0
249;2
250;0
251;2
252;2
253;0
254;1
255;0
256;0
257;0
258;0
259;1
260;0
261;0
262;1
263;0
264;0
265;0
266;2
267;0
268;0
269;2
270;0
271;0
272;0
273;0
274;0
275;1
276;2
277;0
278;1
279;0
280;2
281;0
282;0
283;0
284;0
285;0
286;0
287;0
288;2
289;0
290;0
291;0
292;0
293;0
294;0
295;0
296;2
297;0
298;0
299;1
300;0
301;0
302;0
303;0
304;0
305;0
306;1
307;0
308;1
309;0
310;0
311;0
312;0
313;0
314;1
315;1
316;0
317;0
318;0
319;0
320;0
321;0
322;0
323;2
324;1
325;0
326;1
327;2
328;1
329;2
330;2
331;2
332;4
333;1
334;2
335;2
336;1
337;2
338;0
339;0
340;2
341;1
342;1
343;0
344;2
345;0
346;0
347;0
348;0
349;0
350;0
351;0
352;0
353;1
354;0
355;2
356;1
357;0
358;2
359;2
360;2
361;1
362;1
363;0
364;1
365;2
366;0
367;0
368;0
369;0
370;2
371;0
372;1
373;0
374;0
375;2
376;0
377;0
378;0
379;0
380;0
381;0
382;0
383;0
384;0
385;0
386;1
387;0
388;0
389;0
390;0
391;0
392;0
393;0
394;1
395;1
396;0
397;2
398;0
399;0
400;2
401;0
402;0
403;0
404;2
405;0
406;1
407;0
408;0
409;0
410;2
411;2
412;2
413;1
414;0
415;2
416;0
417;0
418;0
419;0
420;2
421;1
422;0
423;1
424;2
425;1
426;1
427;0
428;1
429;0
430;1
431;0
432;0
433;2
434;0
435;1
436;0
437;0
438;0
439;0
440;1
441;0
442;0
443;0
444;0
445;0
446;0
447;0
448;1
449;2
450;0
451;0
452;0
453;1
454;0
455;0
456;1
457;0
458;2
459;2
460;0
461;0
462;1
463;0
464;2
465;0
466;0
467;0
468;0
469;0
470;1
471;0
472;0
473;0
474;1
475;0
476;2
477;0
478;0
479;2
480;2
481;1
482;0
483;0
484;1
485;2
486;0
487;0
488;0
489;0
490;0
491;0
492;0
493;0
494;0
495;1
496;0
497;2
498;2
499;1
500;0
501;0
502;0
503;0
504;0
505;0
506;0
507;2
508;1
509;0
510;0
511;2
512;2
513;0
514;2
515;2
516;1
517;0
518;2
519;0
520;2
521;2
522;0
523;0
524;0
525;0
526;0
527;2
528;1
529;0
530;0
531;0
532;1
533;0
534;1
535;2
536;0
537;0
538;0
539;0
540;1
541;0
542;2
543;0
544;0
545;2
546;0
547;1
548;1
549;2
550;2
551;1
552;0
553;0
554;0
555;0
556;4
557;2
558;2
559;2
560;2
561;0
562;1
563;0
564;2
565;0
566;0
567;0
568;0
569;0
570;0
571;0
572;2
573;2
574;0
575;0
576;1
577;0
578;0
579;0
580;0
581;1
582;0
583;1
584;0
585;0
586;0
587;0
588;1
589;0
590;0
591;0
592;2
593;0
594;0
595;0
596;2
597;0
598;0
599;0
600;2
601;2
602;0
603;0
604;1
605;0
606;1
607;0
608;2
609;1
610;0
611;0
612;1
613;0
614;2
615;2
616;2
617;2
618;0
619;0
620;0
621;1
622;1
623;0
624;2
625;0
626;0
627;0
628;0
629;0
630;0
631;0
632;0
633;0
634;2
635;0
636;2
637;0
638;0
639;2
640;1
641;0
642;0
643;0
644;0
645;0
646;1
647;0
648;1
649;0
650;2
651;0
652;0
653;0
654;2
655;0
656;0
657;0
658;2
659;2
660;0
661;0
662;0
663;0
664;0
665;0
666;0
667;0
668;2
669;0
670;2
671;0
672;0
673;0
674;0
675;1
676;0
677;0
678;0
679;2
680;1
681;1
682;1
683;1
684;0
685;0
686;0
687;0
688;1
689;0
690;2
691;0
692;2
693;0
694;2
695;0
696;0
697;0
698;0
699;2
700;1
701;0
702;0
703;0
704;0
705;1
706;0
707;0
708;0
709;1
710;0
711;0
712;2
713;0
714;0
715;2
716;0
717;0
718;2
719;1
720;0
721;0
722;0
723;0
724;1
725;0
726;1
727;0
728;0
729;0
730;0
731;2
732;0
733;2
734;0
735;0
736;0
737;0
738;0
739;2
740;0
741;0
742;0
743;2
744;0
745;0
746;0
747;0
748;0
749;0
750;2
751;2
752;0
753;0
754;1
755;0
756;0
757;0
758;0
759;0
760;0
761;0
762;0
763;0
764;0
765;1
766;2
767;0
768;2
769;0
770;0
771;0
772;0
773;0
774;0
775;0
776;0
777;0
778;0
779;0
780;0
781;1
782;1
783;0
784;0
785;0
786;2
787;0
788;0
789;0
790;2
791;1
792;0
793;0
794;0
795;2
796;4
797;0
798;2
799;1
800;0
801;0
802;2
803;0
804;2
805;0
806;0
807;0
808;0
809;0
810;0
811;0
812;0
813;0
814;0
815;1
816;0
817;0
818;2
819;1
820;0
821;2
822;2
823;0
824;0
825;0
826;0
827;1
828;2
829;2
830;1
831;2
832;1
833;0
834;1
835;2
836;2
837;0
838;1
839;0
840;1
841;0
842;1
843;0
844;2
845;0
846;1
847;2
848;1
849;0
850;0
851;0
852;0
853;0
854;2
855;0
856;0
857;0
858;0
859;0
860;1
861;1
862;2
863;0
864;0
865;0
866;0
867;0
868;0
869;1
870;1
871;0
872;1
873;1
874;1
875;0
876;0
877;0
878;0
879;1
880;0
881;0
882;0
883;2
884;0
885;2
886;1
887;1
888;0
889;2
890;0
891;1
892;0
893;0
894;1
895;0
896;0
897;0
898;0
899;0
900;4
901;1
902;1
903;0
904;2
905;0
906;1
907;0
908;2
909;0
910;0
911;1
912;0
913;0
914;0
915;0
916;2
917;0
918;0
919;0
920;0
921;2
922;2
923;2
924;2
925;0
926;1
927;0
928;0
929;0
930;1
931;0
932;0
933;0
934;0
935;0
936;0
937;0
938;0
939;0
940;0
941;0
942;2
943;1
944;0
945;0
946;0
947;2
948;4
949;1
950;0
951;0
952;2
953;0
954;1
955;1
956;1
957;0
958;0
959;0
960;0
961;0
962;2
963;2
964;1
965;0
966;0
967;0
968;0
969;0
970;0
971;1
972;2
973;0
974;0
975;2
976;0
977;0
978;0
979;0
980;1
981;0
982;0
983;0
984;0
985;0
986;2
987;0
988;1
989;0
990;0
991;2
992;1
993;0
994;2
995;2
996;0
997;0
998;2
999;2
1000;2
1001;0
1002;0
1003;0
1004;0
1005;0
1006;0
1007;1
1008;1
1009;0
1010;2
1011;2
1012;0
1013;0
1014;0
1015;0
1016;0
1017;0
1018;0
1019;0
1020;0
1021;0
1022;0
1023;0
