0;0
1;0
2;1
3;0
4;2
5;0
6;0
7;1
8;0
9;0
10;2
11;0
12;0
13;0
14;2
15;0
16;0
17;0
18;0
19;0
20;2
21;2
22;0
23;0
24;1
25;0
26;0
27;0
28;2
29;0
30;0
31;0
32;0
33;2
34;1
35;0
36;0
37;0
38;0
39;1
40;0
41;0
42;0
43;0
44;2
45;0
46;1
47;0
48;1
49;1
50;0
51;0
52;2
53;0
54;0
55;0
56;0
57;0
58;2
59;0
60;1
61;1
62;0
63;0
64;0
65;0
66;0
67;0
68;0
69;0
70;2
71;2
72;1
73;0
74;0
75;0
76;4
77;0
78;2
79;1
80;0
81;2
82;0
83;0
84;2
85;0
86;0
87;0
88;0
89;0
90;0
91;0
92;2
93;0
94;0
95;0
96;2
97;0
98;1
99;0
100;1
101;0
102;1
103;1
104;0
105;0
106;0
107;0
108;0
109;2
110;2
111;0
112;0
113;0
114;0
115;1
116;0
117;0
118;0
119;0
120;0
121;2
122;1
123;0
124;2
125;0
126;0
127;0
128;2
129;2
130;0
131;2
132;2
133;0
134;2
135;0
136;0
137;1
138;0
139;2
140;2
141;0
142;0
143;0
144;0
145;0
146;0
147;0
148;2
149;0
150;2
151;0
152;1
153;0
154;0
155;0
156;0
157;1
158;0
159;0
160;0
161;2
162;0
163;0
164;0
165;0
166;1
167;0
168;0
169;0
170;0
171;0
172;0
173;0
174;0
175;0
176;0
177;2
178;1
179;0
180;0
181;2
182;2
183;0
184;0
185;2
186;1
187;2
188;0
189;0
190;2
191;0
192;0
193;0
194;0
195;0
196;0
197;1
198;1
199;0
200;0
201;1
202;0
203;0
204;2
205;0
206;0
207;0
208;0
209;0
210;2
211;0
212;1
213;0
214;0
215;0
216;0
217;0
218;0
219;0
220;0
221;0
222;2
223;0
224;2
225;2
226;0
227;0
228;0
229;2
230;0
231;2
232;2
233;0
234;0
235;0
236;0
237;2
238;0
239;0
240;0
241;0
242;0
243;0
244;1
245;0
246;2
247;0
248;0
249;0
250;0
251;0
252;0
253;0
254;2
255;0
256;1
257;2
258;2
259;0
260;0
261;1
262;0
263;2
264;2
265;0
266;2
267;0
268;0
269;0
270;0
271;0
272;0
273;0
274;0
275;0
276;1
277;1
278;0
279;0
280;1
281;0
282;0
283;0
284;1
285;0
286;0
287;1
288;0
289;0
290;0
291;0
292;1
293;0
294;0
295;0
296;4
297;0
298;2
299;1
300;0
301;0
302;2
303;0
304;1
305;0
306;0
307;0
308;1
309;0
310;0
311;0
312;2
313;2
314;1
315;0
316;1
317;0
318;0
319;0
320;0
321;0
322;1
323;0
324;0
325;1
326;0
327;2
328;2
329;2
330;0
331;0
332;1
333;0
334;0
335;2
336;4
337;0
338;0
339;0
340;0
341;1
342;1
343;2
344;2
345;0
346;0
347;0
348;0
349;0
350;0
351;2
352;0
353;1
354;0
355;2
356;2
357;2
358;2
359;2
360;2
361;0
362;2
363;1
364;0
365;2
366;0
367;0
368;0
369;0
370;2
371;0
372;0
373;0
374;2
375;2
376;0
377;0
378;0
379;0
380;0
381;0
382;0
383;0
384;1
385;0
386;1
387;0
388;0
389;2
390;2
391;0
392;0
393;0
394;2
395;0
396;1
397;2
398;0
399;0
400;2
401;0
402;0
403;0
404;2
405;2
406;1
407;0
408;0
409;0
410;2
411;2
412;2
413;1
414;0
415;2
416;1
417;1
418;1
419;0
420;2
421;1
422;0
423;2
424;0
425;0
426;2
427;0
428;0
429;0
430;0
431;0
432;0
433;0
434;0
435;0
436;0
437;0
438;2
439;2
440;0
441;0
442;1
443;0
444;0
445;0
446;0
447;0
448;2
449;0
450;0
451;2
452;0
453;2
454;0
455;0
456;0
457;0
458;2
459;2
460;2
461;0
462;2
463;0
464;0
465;0
466;0
467;0
468;0
469;0
470;0
471;0
472;0
473;0
474;0
475;0
476;2
477;0
478;0
479;0
480;0
481;0
482;0
483;2
484;1
485;2
486;0
487;0
488;0
489;0
490;0
491;0
492;0
493;0
494;0
495;0
496;2
497;2
498;2
499;1
500;0
501;2
502;1
503;0
504;0
505;1
506;2
507;0
508;0
509;0
510;2
511;2
512;0
513;0
514;0
515;0
516;0
517;0
518;0
519;0
520;2
521;0
522;0
523;0
524;0
525;0
526;1
527;0
528;0
529;0
530;0
531;0
532;0
533;0
534;2
535;0
536;0
537;0
538;2
539;0
540;2
541;2
542;2
543;1
544;0
545;2
546;0
547;0
548;0
549;0
550;0
551;0
552;0
553;2
554;0
555;1
556;0
557;0
558;2
559;0
560;0
561;2
562;0
563;0
564;0
565;0
566;0
567;1
568;0
569;0
570;0
571;1
572;0
573;0
574;1
575;0
576;1
577;2
578;0
579;0
580;2
581;0
582;0
583;0
584;0
585;0
586;0
587;0
588;1
589;0
590;0
591;0
592;0
593;0
594;0
595;0
596;0
597;0
598;0
599;0
600;0
601;0
602;0
603;0
604;2
605;0
606;0
607;0
608;4
609;0
610;0
611;0
612;2
613;0
614;2
615;0
616;2
617;2
618;2
619;0
620;0
621;0
622;0
623;2
624;1
625;0
626;0
627;0
628;2
629;2
630;2
631;2
632;2
633;0
634;0
635;0
636;2
637;2
638;2
639;0
640;1
641;0
642;1
643;0
644;1
645;1
646;0
647;0
648;0
649;0
650;0
651;0
652;0
653;1
654;0
655;0
656;0
657;0
658;0
659;2
660;0
661;0
662;0
663;0
664;0
665;1
666;0
667;0
668;0
669;0
670;1
671;0
672;0
673;0
674;0
675;0
676;0
677;0
678;1
679;0
680;0
681;0
682;0
683;0
684;1
685;0
686;0
687;2
688;1
689;0
690;0
691;2
692;1
693;0
694;0
695;0
696;0
697;0
698;0
699;2
700;1
701;0
702;0
703;1
704;0
705;0
706;0
707;0
708;1
709;0
710;0
711;0
712;1
713;0
714;0
715;1
716;0
717;0
718;0
719;0
720;0
721;0
722;2
723;0
724;0
725;2
726;0
727;0
728;0
729;2
730;1
731;0
732;2
733;0
734;0
735;2
736;0
737;0
738;1
739;1
740;0
741;0
742;0
743;0
744;2
745;0
746;0
747;1
748;1
749;0
750;1
751;0
752;1
753;2
754;0
755;0
756;1
757;0
758;0
759;0
760;0
761;2
762;0
763;1
764;0
765;0
766;0
767;0
768;0
769;0
770;2
771;2
772;0
773;0
774;0
775;0
776;0
777;0
778;1
779;0
780;1
781;0
782;0
783;2
784;2
785;0
786;2
787;1
788;0
789;2
790;2
791;0
792;0
793;0
794;0
795;0
796;0
797;0
798;0
799;1
800;0
801;1
802;0
803;0
804;0
805;0
806;0
807;0
808;0
809;0
810;0
811;0
812;0
813;1
814;0
815;0
816;0
817;0
818;2
819;0
820;1
821;1
822;2
823;0
824;1
825;0
826;0
827;1
828;0
829;1
830;0
831;0
832;0
833;2
834;2
835;2
836;2
837;0
838;0
839;2
840;0
841;2
842;1
843;2
844;1
845;0
846;0
847;1
848;0
849;0
850;2
851;0
852;0
853;0
854;2
855;0
856;0
857;0
858;0
859;0
860;0
861;0
862;0
863;0
864;0
865;2
866;2
867;0
868;0
869;0
870;2
871;0
872;0
873;0
874;0
875;0
876;0
877;0
878;0
879;0
880;0
881;1
882;1
883;0
884;0
885;0
886;1
887;0
888;1
889;0
890;0
891;0
892;1
893;0
894;0
895;0
896;1
897;0
898;2
899;0
900;0
901;0
902;0
903;2
904;2
905;0
906;2
907;0
908;0
909;0
910;2
911;0
912;2
913;2
914;0
915;0
916;0
917;2
918;2
919;0
920;0
921;0
922;2
923;2
924;1
925;0
926;0
927;0
928;2
929;0
930;0
931;1
932;0
933;0
934;2
935;0
936;1
937;0
938;0
939;2
940;1
941;2
942;1
943;0
944;4
945;0
946;2
947;1
948;0
949;0
950;2
951;2
952;2
953;0
954;2
955;0
956;0
957;2
958;2
959;2
960;2
961;0
962;0
963;0
964;0
965;0
966;0
967;0
968;1
969;2
970;2
971;0
972;0
973;1
974;0
975;0
976;1
977;0
978;0
979;1
980;0
981;0
982;0
983;0
984;0
985;0
986;2
987;0
988;0
989;0
990;1
991;2
992;0
993;0
994;0
995;0
996;0
997;0
998;0
999;0
1000;0
1001;0
1002;0
1003;1
1004;2
1005;0
1006;2
1007;0
1008;1
1009;0
1010;0
1011;0
1012;1
1013;0
1014;0
1015;1
1016;0
1017;0
1018;0
1019;0
1020;0
1021;0
1022;0
1023;0
