0;1
1;0
2;0
3;2
4;2
5;0
6;2
7;1
8;2
9;0
10;2
11;2
12;2
13;0
14;0
15;2
16;2
17;1
18;2
19;2
20;2
21;2
22;0
23;1
24;0
25;1
26;0
27;2
28;2
29;0
30;0
31;1
32;0
33;0
34;0
35;0
36;0
37;0
38;1
39;0
40;1
41;0
42;0
43;0
44;2
45;0
46;1
47;0
48;0
49;0
50;0
51;0
52;0
53;0
54;0
55;0
56;1
57;0
58;2
59;2
60;1
61;0
62;0
63;2
64;2
65;0
66;2
67;0
68;0
69;0
70;0
71;0
72;2
73;0
74;2
75;0
76;0
77;0
78;0
79;2
80;1
81;0
82;0
83;0
84;0
85;2
86;2
87;0
88;2
89;0
90;2
91;0
92;0
93;0
94;0
95;0
96;2
97;2
98;2
99;1
100;0
101;0
102;0
103;0
104;0
105;2
106;1
107;0
108;0
109;0
110;1
111;0
112;0
113;0
114;0
115;0
116;0
117;2
118;0
119;0
120;0
121;1
122;0
123;0
124;0
125;0
126;1
127;0
128;0
129;1
130;0
131;0
132;1
133;0
134;0
135;0
136;1
137;0
138;1
139;0
140;2
141;0
142;0
143;0
144;0
145;2
146;2
147;2
148;0
149;0
150;2
151;0
152;0
153;0
154;0
155;0
156;0
157;0
158;1
159;0
160;0
161;0
162;0
163;2
164;2
165;0
166;2
167;2
168;2
169;0
170;0
171;0
172;0
173;0
174;2
175;2
176;2
177;0
178;1
179;0
180;0
181;2
182;1
183;0
184;0
185;0
186;0
187;0
188;0
189;0
190;0
191;0
192;0
193;0
194;0
195;0
196;2
197;0
198;0
199;0
200;0
201;0
202;1
203;0
204;2
205;0
206;0
207;2
208;0
209;2
210;1
211;0
212;2
213;0
214;2
215;0
216;0
217;0
218;0
219;0
220;0
221;0
222;0
223;0
224;0
225;0
226;0
227;0
228;1
229;0
230;0
231;0
232;0
233;2
234;0
235;2
236;0
237;0
238;0
239;0
240;0
241;0
242;0
243;0
244;0
245;2
246;2
247;2
248;0
249;0
250;2
251;2
252;0
253;0
254;2
255;1
256;0
257;0
258;0
259;0
260;1
261;0
262;2
263;2
264;1
265;0
266;0
267;0
268;1
269;2
270;0
271;2
272;2
273;0
274;2
275;1
276;0
277;0
278;0
279;0
280;1
281;0
282;0
283;0
284;2
285;2
286;1
287;0
288;1
289;0
290;0
291;0
292;0
293;0
294;0
295;0
296;0
297;0
298;0
299;0
300;0
301;0
302;2
303;1
304;0
305;0
306;0
307;2
308;1
309;0
310;0
311;2
312;4
313;0
314;2
315;2
316;2
317;0
318;2
319;0
320;2
321;0
322;0
323;0
324;0
325;0
326;0
327;0
328;0
329;1
330;1
331;0
332;1
333;0
334;0
335;0
336;0
337;0
338;0
339;2
340;0
341;0
342;0
343;1
344;2
345;0
346;2
347;2
348;2
349;1
350;0
351;0
352;0
353;2
354;2
355;2
356;0
357;0
358;0
359;0
360;0
361;0
362;0
363;0
364;2
365;0
366;0
367;0
368;0
369;0
370;0
371;2
372;2
373;0
374;1
375;0
376;0
377;0
378;1
379;0
380;0
381;2
382;1
383;0
384;1
385;0
386;0
387;0
388;0
389;2
390;2
391;2
392;1
393;0
394;1
395;0
396;2
397;1
398;0
399;0
400;1
401;0
402;0
403;0
404;0
405;0
406;0
407;0
408;0
409;2
410;1
411;0
412;2
413;1
414;0
415;0
416;0
417;0
418;0
419;0
420;0
421;2
422;1
423;0
424;0
425;0
426;0
427;0
428;0
429;0
430;0
431;0
432;0
433;0
434;1
435;0
436;2
437;0
438;0
439;2
440;1
441;0
442;0
443;0
444;2
445;0
446;2
447;2
448;2
449;0
450;0
451;0
452;0
453;2
454;0
455;0
456;0
457;0
458;2
459;0
460;1
461;0
462;0
463;0
464;2
465;0
466;0
467;2
468;2
469;0
470;0
471;1
472;0
473;2
474;0
475;0
476;0
477;0
478;2
479;2
480;1
481;0
482;0
483;0
484;2
485;0
486;2
487;2
488;2
489;0
490;2
491;0
492;2
493;0
494;1
495;0
496;0
497;2
498;1
499;0
500;2
501;0
502;0
503;0
504;0
505;0
506;0
507;0
508;1
509;0
510;1
511;0
512;2
513;2
514;0
515;1
516;0
517;0
518;2
519;0
520;1
521;0
522;0
523;2
524;4
525;2
526;2
527;2
528;1
529;0
530;2
531;0
532;1
533;2
534;0
535;1
536;0
537;1
538;0
539;0
540;0
541;0
542;0
543;0
544;0
545;0
546;0
547;0
548;0
549;1
550;0
551;2
552;2
553;2
554;0
555;2
556;0
557;0
558;0
559;0
560;0
561;0
562;0
563;0
564;0
565;0
566;0
567;2
568;2
569;0
570;2
571;2
572;2
573;0
574;2
575;2
576;2
577;2
578;2
579;2
580;1
581;0
582;2
583;2
584;0
585;0
586;0
587;2
588;2
589;0
590;0
591;0
592;2
593;2
594;1
595;0
596;0
597;0
598;1
599;0
600;0
601;0
602;0
603;2
604;2
605;0
606;2
607;2
608;2
609;0
610;0
611;0
612;2
613;0
614;0
615;0
616;0
617;0
618;0
619;2
620;0
621;0
622;0
623;2
624;0
625;0
626;2
627;0
628;0
629;0
630;2
631;2
632;1
633;0
634;0
635;2
636;0
637;2
638;1
639;0
640;0
641;0
642;0
643;0
644;2
645;0
646;0
647;2
648;0
649;0
650;0
651;0
652;0
653;2
654;1
655;0
656;0
657;0
658;2
659;0
660;1
661;0
662;0
663;0
664;2
665;0
666;1
667;0
668;0
669;0
670;1
671;0
672;0
673;2
674;0
675;0
676;0
677;2
678;1
679;0
680;2
681;0
682;0
683;0
684;0
685;0
686;2
687;0
688;0
689;0
690;0
691;1
692;1
693;1
694;0
695;0
696;2
697;0
698;0
699;0
700;2
701;0
702;0
703;0
704;0
705;0
706;1
707;0
708;0
709;0
710;0
711;0
712;2
713;2
714;0
715;0
716;1
717;0
718;0
719;0
720;2
721;0
722;0
723;0
724;0
725;1
726;0
727;0
728;2
729;1
730;0
731;2
732;2
733;2
734;2
735;0
736;2
737;0
738;2
739;0
740;0
741;0
742;0
743;2
744;2
745;0
746;2
747;0
748;4
749;2
750;2
751;0
752;2
753;2
754;0
755;2
756;1
757;0
758;0
759;0
760;0
761;0
762;0
763;0
764;0
765;0
766;2
767;1
768;0
769;0
770;0
771;0
772;0
773;1
774;2
775;2
776;0
777;1
778;0
779;0
780;0
781;0
782;0
783;0
784;2
785;2
786;0
787;0
788;0
789;0
790;0
791;0
792;0
793;0
794;2
795;1
796;0
797;0
798;0
799;2
800;2
801;2
802;0
803;0
804;0
805;0
806;0
807;0
808;0
809;0
810;1
811;0
812;0
813;0
814;0
815;2
816;0
817;0
818;0
819;0
820;0
821;0
822;0
823;0
824;1
825;0
826;0
827;0
828;0
829;0
830;0
831;2
832;0
833;2
834;2
835;1
836;0
837;0
838;0
839;0
840;0
841;0
842;0
843;2
844;2
845;0
846;1
847;0
848;0
849;0
850;1
851;0
852;0
853;0
854;0
855;0
856;0
857;1
858;4
859;0
860;0
861;1
862;0
863;2
864;2
865;2
866;2
867;2
868;0
869;0
870;2
871;0
872;0
873;0
874;2
875;2
876;0
877;2
878;2
879;0
880;0
881;0
882;0
883;0
884;1
885;0
886;0
887;0
888;2
889;0
890;2
891;2
892;2
893;0
894;0
895;0
896;2
897;0
898;0
899;2
900;0
901;0
902;2
903;1
904;0
905;0
906;2
907;1
908;0
909;0
910;0
911;0
912;2
913;0
914;2
915;1
916;0
917;0
918;2
919;0
920;1
921;0
922;0
923;0
924;0
925;0
926;1
927;0
928;0
929;0
930;0
931;0
932;0
933;1
934;0
935;0
936;0
937;2
938;2
939;2
940;2
941;1
942;0
943;0
944;0
945;0
946;0
947;2
948;0
949;0
950;0
951;0
952;0
953;0
954;1
955;2
956;0
957;0
958;0
959;0
960;1
961;0
962;0
963;0
964;2
965;1
966;2
967;2
968;1
969;0
970;0
971;2
972;2
973;2
974;2
975;1
976;0
977;0
978;2
979;0
980;0
981;0
982;0
983;2
984;4
985;0
986;0
987;0
988;0
989;0
990;0
991;2
992;1
993;0
994;0
995;0
996;2
997;1
998;0
999;0
1000;1
1001;0
1002;2
1003;0
1004;1
1005;0
1006;0
1007;0
1008;2
1009;0
1010;2
1011;0
1012;1
1013;0
1014;0
1015;0
1016;0
1017;0
1018;0
1019;0
1020;0
1021;0
1022;0
1023;0
