0;1
1;0
2;0
3;2
4;4
5;0
6;0
7;2
8;2
9;0
10;2
11;0
12;2
13;1
14;0
15;0
16;0
17;2
18;1
19;0
20;2
21;0
22;0
23;0
24;0
25;1
26;0
27;1
28;1
29;0
30;0
31;0
32;1
33;0
34;2
35;0
36;1
37;0
38;0
39;0
40;2
41;0
42;0
43;0
44;1
45;0
46;0
47;0
48;0
49;0
50;1
51;2
52;2
53;0
54;0
55;2
56;0
57;0
58;2
59;1
60;0
61;0
62;2
63;0
64;2
65;0
66;0
67;1
68;0
69;0
70;0
71;0
72;2
73;0
74;0
75;0
76;1
77;1
78;2
79;0
80;1
81;0
82;0
83;0
84;0
85;0
86;0
87;0
88;0
89;1
90;0
91;2
92;1
93;0
94;1
95;0
96;1
97;0
98;0
99;2
100;2
101;0
102;2
103;2
104;2
105;0
106;0
107;0
108;1
109;0
110;2
111;0
112;0
113;0
114;0
115;2
116;2
117;0
118;2
119;1
120;2
121;0
122;1
123;0
124;2
125;0
126;0
127;0
128;2
129;0
130;0
131;0
132;0
133;1
134;0
135;0
136;2
137;0
138;0
139;0
140;0
141;2
142;0
143;0
144;0
145;0
146;2
147;2
148;1
149;0
150;0
151;2
152;4
153;2
154;2
155;1
156;0
157;0
158;0
159;0
160;2
161;2
162;0
163;0
164;1
165;0
166;0
167;2
168;1
169;0
170;0
171;0
172;1
173;0
174;2
175;2
176;0
177;2
178;2
179;0
180;1
181;0
182;0
183;0
184;0
185;0
186;2
187;0
188;0
189;0
190;2
191;1
192;0
193;0
194;0
195;1
196;2
197;2
198;0
199;0
200;1
201;0
202;1
203;2
204;1
205;0
206;0
207;1
208;1
209;0
210;0
211;2
212;2
213;0
214;2
215;0
216;1
217;0
218;0
219;0
220;0
221;0
222;1
223;0
224;2
225;2
226;2
227;2
228;2
229;0
230;0
231;0
232;0
233;2
234;0
235;0
236;0
237;0
238;1
239;2
240;1
241;0
242;0
243;2
244;0
245;0
246;0
247;2
248;1
249;0
250;0
251;1
252;1
253;0
254;0
255;0
256;1
257;0
258;0
259;2
260;1
261;0
262;0
263;2
264;2
265;0
266;2
267;2
268;0
269;0
270;2
271;0
272;0
273;0
274;2
275;1
276;0
277;2
278;0
279;0
280;0
281;2
282;2
283;2
284;1
285;1
286;0
287;0
288;1
289;0
290;1
291;0
292;0
293;0
294;0
295;0
296;2
297;0
298;0
299;0
300;0
301;0
302;0
303;0
304;0
305;0
306;0
307;0
308;1
309;0
310;0
311;0
312;1
313;0
314;0
315;2
316;2
317;0
318;0
319;2
320;2
321;0
322;0
323;0
324;1
325;0
326;0
327;2
328;2
329;0
330;0
331;0
332;0
333;0
334;0
335;0
336;0
337;0
338;0
339;0
340;1
341;0
342;0
343;0
344;0
345;0
346;1
347;0
348;0
349;0
350;1
351;0
352;2
353;0
354;0
355;0
356;4
357;0
358;2
359;1
360;0
361;0
362;2
363;0
364;2
365;2
366;0
367;0
368;0
369;0
370;0
371;2
372;0
373;0
374;0
375;2
376;0
377;0
378;0
379;0
380;4
381;0
382;0
383;0
384;2
385;0
386;0
387;0
388;2
389;1
390;0
391;0
392;2
393;0
394;0
395;0
396;0
397;0
398;0
399;0
400;1
401;0
402;2
403;2
404;1
405;0
406;0
407;2
408;1
409;0
410;2
411;2
412;2
413;0
414;2
415;0
416;0
417;0
418;0
419;0
420;0
421;2
422;2
423;2
424;0
425;1
426;0
427;0
428;0
429;0
430;0
431;0
432;1
433;0
434;0
435;0
436;0
437;0
438;0
439;0
440;0
441;0
442;2
443;1
444;0
445;0
446;0
447;1
448;1
449;0
450;0
451;2
452;2
453;0
454;0
455;0
456;2
457;0
458;0
459;0
460;0
461;0
462;0
463;0
464;1
465;0
466;2
467;1
468;0
469;0
470;1
471;0
472;2
473;0
474;2
475;2
476;1
477;0
478;0
479;0
480;2
481;0
482;2
483;0
484;2
485;0
486;2
487;0
488;0
489;1
490;0
491;2
492;2
493;0
494;0
495;0
496;1
497;0
498;1
499;0
500;0
501;1
502;1
503;0
504;0
505;0
506;0
507;0
508;0
509;0
510;1
511;0
512;2
513;1
514;0
515;1
516;0
517;0
518;2
519;2
520;1
521;0
522;0
523;2
524;4
525;0
526;2
527;2
528;0
529;0
530;2
531;0
532;2
533;2
534;0
535;2
536;0
537;0
538;0
539;0
540;0
541;0
542;2
543;0
544;0
545;0
546;1
547;2
548;0
549;0
550;2
551;0
552;0
553;0
554;0
555;2
556;0
557;0
558;2
559;0
560;0
561;2
562;1
563;0
564;0
565;0
566;2
567;0
568;1
569;0
570;0
571;2
572;4
573;0
574;1
575;2
576;2
577;0
578;2
579;0
580;1
581;0
582;0
583;0
584;0
585;0
586;2
587;2
588;1
589;1
590;0
591;2
592;2
593;2
594;2
595;2
596;2
597;0
598;2
599;0
600;1
601;0
602;0
603;2
604;2
605;0
606;0
607;0
608;1
609;0
610;0
611;2
612;4
613;2
614;2
615;1
616;0
617;0
618;2
619;0
620;1
621;0
622;0
623;0
624;0
625;0
626;0
627;0
628;0
629;0
630;1
631;0
632;0
633;0
634;0
635;2
636;2
637;0
638;0
639;0
640;2
641;1
642;0
643;2
644;0
645;0
646;2
647;0
648;1
649;0
650;0
651;1
652;4
653;0
654;2
655;0
656;0
657;0
658;0
659;0
660;2
661;2
662;0
663;1
664;0
665;0
666;2
667;1
668;1
669;0
670;0
671;2
672;2
673;0
674;2
675;2
676;2
677;0
678;2
679;0
680;0
681;0
682;0
683;0
684;0
685;0
686;1
687;0
688;2
689;2
690;0
691;0
692;1
693;0
694;0
695;1
696;0
697;0
698;0
699;0
700;4
701;0
702;1
703;2
704;4
705;0
706;0
707;0
708;1
709;0
710;0
711;0
712;2
713;0
714;2
715;0
716;0
717;2
718;0
719;0
720;0
721;1
722;0
723;2
724;2
725;0
726;0
727;0
728;0
729;0
730;1
731;0
732;0
733;0
734;1
735;0
736;0
737;2
738;0
739;0
740;2
741;2
742;0
743;0
744;0
745;0
746;0
747;2
748;1
749;0
750;0
751;2
752;4
753;0
754;2
755;2
756;1
757;2
758;0
759;0
760;1
761;0
762;0
763;2
764;2
765;0
766;0
767;0
768;1
769;0
770;1
771;0
772;2
773;0
774;0
775;0
776;1
777;2
778;1
779;2
780;0
781;2
782;2
783;2
784;2
785;2
786;2
787;2
788;4
789;0
790;0
791;0
792;0
793;0
794;0
795;0
796;1
797;0
798;0
799;2
800;1
801;0
802;0
803;1
804;0
805;0
806;2
807;1
808;4
809;0
810;0
811;1
812;2
813;0
814;0
815;0
816;2
817;0
818;2
819;2
820;2
821;0
822;0
823;0
824;0
825;2
826;0
827;0
828;0
829;2
830;0
831;0
832;0
833;1
834;2
835;0
836;0
837;0
838;1
839;0
840;1
841;0
842;0
843;0
844;2
845;0
846;2
847;1
848;0
849;0
850;2
851;2
852;1
853;0
854;0
855;0
856;2
857;2
858;2
859;0
860;0
861;0
862;0
863;0
864;2
865;0
866;0
867;2
868;2
869;1
870;0
871;0
872;0
873;0
874;2
875;0
876;0
877;0
878;2
879;0
880;2
881;0
882;0
883;2
884;4
885;0
886;2
887;1
888;0
889;0
890;2
891;0
892;2
893;0
894;0
895;0
896;0
897;0
898;0
899;0
900;0
901;0
902;0
903;0
904;0
905;0
906;0
907;2
908;2
909;0
910;2
911;2
912;2
913;0
914;2
915;0
916;1
917;0
918;0
919;0
920;2
921;0
922;2
923;0
924;0
925;1
926;0
927;0
928;1
929;0
930;2
931;1
932;0
933;0
934;0
935;1
936;1
937;0
938;0
939;2
940;2
941;0
942;2
943;0
944;2
945;2
946;2
947;2
948;0
949;0
950;0
951;0
952;0
953;0
954;0
955;0
956;0
957;2
958;0
959;0
960;0
961;0
962;0
963;0
964;1
965;1
966;2
967;0
968;0
969;2
970;0
971;0
972;1
973;0
974;2
975;0
976;0
977;0
978;0
979;1
980;1
981;0
982;2
983;2
984;2
985;0
986;0
987;0
988;2
989;2
990;2
991;2
992;2
993;0
994;0
995;0
996;2
997;0
998;2
999;0
1000;2
1001;2
1002;0
1003;0
1004;0
1005;0
1006;0
1007;0
1008;0
1009;0
1010;0
1011;0
1012;1
1013;0
1014;0
1015;0
1016;0
1017;0
1018;0
1019;0
1020;0
1021;0
1022;0
1023;0
