0;1
1;0
2;0
3;2
4;2
5;0
6;0
7;1
8;0
9;1
10;2
11;0
12;0
13;0
14;1
15;0
16;0
17;2
18;2
19;1
20;0
21;2
22;0
23;2
24;1
25;0
26;0
27;0
28;2
29;0
30;0
31;0
32;1
33;2
34;2
35;0
36;2
37;1
38;1
39;0
40;1
41;0
42;2
43;0
44;2
45;0
46;2
47;0
48;0
49;2
50;0
51;0
52;2
53;0
54;0
55;0
56;2
57;0
58;0
59;0
60;1
61;1
62;0
63;2
64;0
65;0
66;0
67;0
68;0
69;0
70;0
71;0
72;0
73;0
74;0
75;0
76;2
77;2
78;2
79;0
80;2
81;0
82;0
83;0
84;0
85;0
86;0
87;0
88;2
89;2
90;1
91;2
92;0
93;1
94;2
95;0
96;0
97;0
98;0
99;0
100;2
101;0
102;2
103;0
104;0
105;0
106;0
107;1
108;0
109;0
110;0
111;0
112;0
113;2
114;1
115;0
116;0
117;0
118;0
119;0
120;0
121;2
122;2
123;1
124;0
125;0
126;0
127;0
128;0
129;0
130;2
131;2
132;0
133;0
134;2
135;2
136;1
137;0
138;0
139;2
140;2
141;0
142;0
143;1
144;0
145;0
146;2
147;0
148;0
149;0
150;1
151;0
152;0
153;0
154;2
155;0
156;0
157;0
158;0
159;0
160;0
161;2
162;0
163;0
164;0
165;2
166;2
167;0
168;2
169;0
170;2
171;0
172;0
173;0
174;0
175;0
176;0
177;0
178;0
179;0
180;1
181;0
182;0
183;0
184;0
185;0
186;1
187;0
188;2
189;0
190;0
191;0
192;1
193;0
194;2
195;0
196;1
197;0
198;2
199;2
200;1
201;0
202;0
203;2
204;1
205;0
206;0
207;2
208;2
209;0
210;2
211;0
212;2
213;0
214;0
215;0
216;1
217;0
218;0
219;0
220;2
221;0
222;0
223;0
224;0
225;0
226;2
227;0
228;0
229;0
230;1
231;0
232;0
233;0
234;0
235;0
236;2
237;2
238;2
239;0
240;0
241;0
242;0
243;0
244;0
245;2
246;0
247;0
248;2
249;0
250;2
251;0
252;0
253;2
254;0
255;1
256;0
257;0
258;2
259;1
260;0
261;0
262;2
263;0
264;0
265;0
266;1
267;0
268;0
269;0
270;2
271;0
272;1
273;0
274;2
275;0
276;1
277;1
278;0
279;2
280;2
281;0
282;2
283;0
284;2
285;0
286;0
287;0
288;0
289;0
290;0
291;0
292;2
293;0
294;2
295;0
296;1
297;0
298;0
299;0
300;2
301;0
302;0
303;0
304;0
305;1
306;0
307;0
308;0
309;0
310;0
311;0
312;0
313;0
314;0
315;0
316;0
317;2
318;1
319;0
320;1
321;0
322;0
323;0
324;0
325;0
326;2
327;0
328;0
329;1
330;0
331;2
332;4
333;2
334;1
335;0
336;2
337;2
338;2
339;2
340;1
341;0
342;0
343;0
344;2
345;1
346;1
347;0
348;2
349;0
350;0
351;0
352;0
353;1
354;0
355;0
356;0
357;0
358;0
359;2
360;1
361;1
362;2
363;2
364;2
365;0
366;2
367;0
368;2
369;2
370;0
371;0
372;0
373;0
374;2
375;0
376;0
377;0
378;2
379;1
380;0
381;0
382;0
383;2
384;2
385;0
386;2
387;0
388;0
389;0
390;2
391;0
392;2
393;2
394;2
395;2
396;2
397;2
398;2
399;2
400;0
401;0
402;2
403;0
404;0
405;0
406;0
407;0
408;1
409;0
410;0
411;0
412;2
413;2
414;0
415;0
416;2
417;0
418;0
419;0
420;2
421;0
422;2
423;0
424;0
425;0
426;2
427;2
428;0
429;1
430;0
431;2
432;1
433;0
434;0
435;0
436;0
437;2
438;0
439;0
440;0
441;0
442;2
443;0
444;0
445;0
446;0
447;0
448;0
449;2
450;0
451;1
452;0
453;0
454;1
455;0
456;1
457;0
458;0
459;0
460;0
461;0
462;0
463;0
464;0
465;2
466;0
467;2
468;0
469;0
470;0
471;0
472;0
473;0
474;2
475;2
476;2
477;0
478;2
479;0
480;0
481;0
482;0
483;1
484;0
485;0
486;2
487;0
488;0
489;0
490;0
491;2
492;0
493;0
494;0
495;0
496;0
497;0
498;0
499;0
500;1
501;1
502;0
503;0
504;0
505;0
506;0
507;0
508;0
509;0
510;0
511;0
512;2
513;1
514;0
515;0
516;2
517;0
518;0
519;0
520;0
521;2
522;2
523;0
524;0
525;0
526;2
527;2
528;0
529;0
530;2
531;1
532;0
533;0
534;0
535;0
536;1
537;0
538;0
539;0
540;0
541;0
542;0
543;1
544;0
545;0
546;0
547;0
548;0
549;0
550;2
551;0
552;0
553;0
554;2
555;2
556;2
557;2
558;2
559;0
560;0
561;0
562;2
563;0
564;0
565;2
566;2
567;2
568;2
569;1
570;2
571;0
572;0
573;0
574;0
575;0
576;0
577;0
578;0
579;0
580;2
581;0
582;0
583;0
584;1
585;0
586;0
587;0
588;0
589;2
590;0
591;0
592;0
593;2
594;0
595;0
596;2
597;0
598;2
599;1
600;1
601;0
602;0
603;2
604;1
605;0
606;2
607;2
608;2
609;2
610;2
611;0
612;1
613;2
614;0
615;0
616;2
617;2
618;0
619;0
620;4
621;0
622;0
623;0
624;2
625;0
626;2
627;0
628;2
629;0
630;1
631;0
632;0
633;0
634;0
635;2
636;2
637;1
638;2
639;0
640;0
641;1
642;2
643;0
644;1
645;1
646;0
647;0
648;0
649;0
650;0
651;0
652;1
653;1
654;1
655;0
656;2
657;0
658;0
659;2
660;1
661;0
662;0
663;2
664;0
665;0
666;2
667;0
668;1
669;0
670;2
671;0
672;0
673;0
674;0
675;0
676;0
677;0
678;2
679;2
680;0
681;0
682;0
683;2
684;0
685;0
686;0
687;2
688;1
689;0
690;1
691;0
692;1
693;0
694;0
695;0
696;0
697;0
698;0
699;0
700;0
701;1
702;0
703;1
704;0
705;0
706;0
707;0
708;0
709;0
710;0
711;0
712;1
713;0
714;0
715;1
716;0
717;0
718;0
719;0
720;0
721;0
722;0
723;0
724;0
725;2
726;0
727;0
728;0
729;2
730;2
731;0
732;2
733;0
734;2
735;2
736;2
737;0
738;2
739;0
740;0
741;0
742;0
743;2
744;2
745;0
746;0
747;0
748;0
749;0
750;2
751;2
752;0
753;0
754;0
755;0
756;0
757;0
758;0
759;2
760;4
761;0
762;2
763;0
764;2
765;0
766;2
767;0
768;1
769;0
770;0
771;0
772;0
773;2
774;0
775;2
776;0
777;0
778;0
779;0
780;0
781;2
782;2
783;2
784;0
785;0
786;1
787;2
788;2
789;2
790;2
791;0
792;0
793;0
794;0
795;0
796;2
797;0
798;0
799;1
800;0
801;0
802;0
803;0
804;0
805;0
806;0
807;0
808;0
809;0
810;1
811;0
812;0
813;0
814;0
815;1
816;0
817;0
818;0
819;0
820;1
821;1
822;0
823;0
824;2
825;0
826;0
827;0
828;0
829;0
830;0
831;0
832;2
833;0
834;2
835;1
836;2
837;0
838;0
839;0
840;2
841;1
842;1
843;0
844;0
845;2
846;1
847;2
848;2
849;0
850;2
851;0
852;0
853;0
854;2
855;1
856;0
857;0
858;0
859;0
860;0
861;0
862;0
863;0
864;0
865;2
866;2
867;0
868;0
869;0
870;0
871;0
872;1
873;1
874;0
875;0
876;0
877;0
878;0
879;0
880;0
881;1
882;0
883;0
884;0
885;1
886;0
887;0
888;1
889;0
890;0
891;2
892;2
893;0
894;0
895;2
896;1
897;1
898;1
899;2
900;2
901;0
902;2
903;2
904;0
905;0
906;2
907;0
908;0
909;0
910;0
911;0
912;0
913;2
914;0
915;0
916;0
917;0
918;0
919;0
920;0
921;0
922;1
923;1
924;2
925;0
926;1
927;0
928;4
929;0
930;1
931;0
932;0
933;0
934;0
935;2
936;2
937;0
938;2
939;0
940;0
941;0
942;0
943;0
944;1
945;0
946;0
947;1
948;2
949;0
950;2
951;2
952;2
953;0
954;2
955;0
956;0
957;0
958;2
959;0
960;0
961;0
962;0
963;0
964;0
965;0
966;0
967;0
968;0
969;0
970;2
971;0
972;0
973;0
974;0
975;0
976;1
977;2
978;0
979;1
980;0
981;0
982;2
983;0
984;2
985;0
986;2
987;0
988;0
989;0
990;2
991;2
992;1
993;0
994;0
995;2
996;0
997;0
998;0
999;0
1000;0
1001;0
1002;0
1003;2
1004;0
1005;1
1006;0
1007;0
1008;1
1009;0
1010;0
1011;0
1012;0
1013;0
1014;1
1015;1
1016;0
1017;0
1018;0
1019;0
1020;0
1021;0
1022;0
1023;0
