0;1
1;0
2;0
3;2
4;2
5;0
6;2
7;0
8;0
9;1
10;2
11;2
12;1
13;0
14;1
15;0
16;0
17;2
18;0
19;2
20;2
21;2
22;0
23;2
24;0
25;0
26;0
27;0
28;2
29;0
30;1
31;0
32;1
33;2
34;0
35;0
36;0
37;1
38;1
39;0
40;1
41;1
42;0
43;0
44;2
45;0
46;0
47;0
48;1
49;0
50;0
51;0
52;2
53;0
54;0
55;0
56;0
57;0
58;1
59;0
60;1
61;1
62;0
63;2
64;0
65;0
66;0
67;0
68;0
69;0
70;0
71;0
72;0
73;0
74;0
75;0
76;2
77;0
78;2
79;0
80;2
81;0
82;0
83;2
84;0
85;0
86;1
87;0
88;1
89;0
90;0
91;2
92;2
93;2
94;0
95;0
96;0
97;0
98;2
99;0
100;0
101;0
102;0
103;0
104;2
105;0
106;0
107;1
108;1
109;0
110;2
111;1
112;0
113;0
114;0
115;1
116;0
117;2
118;0
119;0
120;0
121;1
122;0
123;2
124;2
125;0
126;0
127;0
128;0
129;2
130;2
131;0
132;0
133;0
134;0
135;0
136;0
137;0
138;0
139;0
140;2
141;0
142;2
143;0
144;1
145;0
146;0
147;0
148;1
149;1
150;0
151;0
152;2
153;0
154;0
155;1
156;2
157;0
158;0
159;1
160;0
161;0
162;2
163;2
164;1
165;0
166;0
167;2
168;4
169;2
170;2
171;2
172;0
173;0
174;0
175;0
176;2
177;2
178;0
179;1
180;2
181;0
182;0
183;0
184;1
185;1
186;0
187;0
188;2
189;0
190;0
191;0
192;4
193;1
194;0
195;0
196;0
197;0
198;0
199;0
200;1
201;0
202;0
203;1
204;0
205;0
206;0
207;2
208;2
209;0
210;2
211;2
212;2
213;0
214;2
215;0
216;2
217;1
218;0
219;0
220;2
221;1
222;0
223;0
224;0
225;0
226;0
227;0
228;0
229;0
230;2
231;0
232;0
233;0
234;0
235;0
236;2
237;0
238;0
239;0
240;2
241;0
242;0
243;0
244;0
245;0
246;0
247;0
248;0
249;2
250;0
251;0
252;2
253;0
254;0
255;0
256;1
257;2
258;0
259;2
260;0
261;1
262;0
263;2
264;0
265;0
266;2
267;0
268;0
269;0
270;2
271;0
272;1
273;0
274;0
275;0
276;2
277;2
278;0
279;0
280;0
281;0
282;2
283;1
284;0
285;0
286;0
287;2
288;2
289;0
290;2
291;2
292;2
293;0
294;2
295;0
296;2
297;2
298;0
299;2
300;2
301;0
302;1
303;1
304;1
305;0
306;0
307;0
308;2
309;0
310;0
311;0
312;0
313;0
314;0
315;0
316;2
317;0
318;1
319;1
320;0
321;0
322;0
323;0
324;0
325;0
326;0
327;0
328;0
329;0
330;0
331;0
332;2
333;2
334;2
335;2
336;1
337;0
338;0
339;4
340;0
341;0
342;0
343;0
344;1
345;0
346;2
347;1
348;1
349;0
350;0
351;2
352;4
353;0
354;2
355;2
356;2
357;0
358;0
359;0
360;1
361;0
362;0
363;0
364;1
365;0
366;0
367;0
368;0
369;0
370;2
371;2
372;2
373;1
374;1
375;0
376;2
377;0
378;0
379;0
380;0
381;0
382;0
383;2
384;0
385;1
386;0
387;0
388;2
389;2
390;2
391;2
392;2
393;2
394;0
395;0
396;2
397;2
398;0
399;0
400;0
401;0
402;1
403;0
404;1
405;0
406;2
407;2
408;0
409;0
410;1
411;0
412;0
413;0
414;0
415;0
416;0
417;0
418;1
419;0
420;0
421;2
422;0
423;2
424;1
425;0
426;0
427;0
428;2
429;0
430;0
431;2
432;4
433;0
434;0
435;0
436;0
437;0
438;0
439;0
440;1
441;0
442;1
443;0
444;2
445;0
446;0
447;2
448;4
449;0
450;2
451;2
452;0
453;0
454;2
455;0
456;1
457;0
458;2
459;2
460;0
461;0
462;0
463;0
464;0
465;0
466;0
467;0
468;0
469;0
470;0
471;0
472;2
473;0
474;2
475;0
476;1
477;0
478;0
479;0
480;0
481;2
482;0
483;0
484;0
485;0
486;0
487;1
488;0
489;0
490;0
491;0
492;0
493;0
494;0
495;0
496;1
497;1
498;0
499;1
500;0
501;0
502;0
503;0
504;1
505;0
506;2
507;1
508;2
509;0
510;0
511;0
512;1
513;0
514;0
515;0
516;0
517;2
518;0
519;0
520;2
521;0
522;0
523;0
524;2
525;0
526;0
527;0
528;1
529;0
530;1
531;0
532;2
533;0
534;0
535;0
536;4
537;0
538;2
539;2
540;2
541;0
542;2
543;0
544;2
545;0
546;0
547;0
548;0
549;0
550;0
551;0
552;0
553;0
554;0
555;0
556;2
557;0
558;1
559;2
560;2
561;2
562;2
563;0
564;1
565;0
566;0
567;1
568;0
569;0
570;2
571;0
572;0
573;0
574;2
575;2
576;0
577;2
578;0
579;0
580;2
581;0
582;0
583;0
584;1
585;0
586;1
587;2
588;0
589;0
590;1
591;1
592;0
593;0
594;0
595;0
596;1
597;0
598;2
599;0
600;0
601;1
602;0
603;2
604;4
605;2
606;2
607;0
608;0
609;0
610;0
611;0
612;1
613;0
614;1
615;0
616;0
617;2
618;0
619;0
620;1
621;0
622;0
623;0
624;0
625;0
626;0
627;0
628;0
629;2
630;0
631;1
632;1
633;0
634;0
635;0
636;0
637;1
638;0
639;0
640;1
641;0
642;2
643;0
644;2
645;1
646;0
647;0
648;1
649;2
650;0
651;0
652;0
653;0
654;0
655;0
656;4
657;0
658;0
659;0
660;0
661;0
662;1
663;0
664;2
665;2
666;0
667;0
668;1
669;0
670;2
671;2
672;1
673;0
674;0
675;0
676;2
677;1
678;1
679;0
680;1
681;2
682;0
683;0
684;0
685;0
686;0
687;0
688;0
689;0
690;0
691;0
692;0
693;0
694;0
695;0
696;0
697;0
698;2
699;2
700;1
701;1
702;0
703;2
704;2
705;0
706;2
707;0
708;1
709;0
710;2
711;2
712;2
713;0
714;0
715;0
716;1
717;0
718;0
719;0
720;0
721;1
722;0
723;0
724;0
725;0
726;1
727;2
728;0
729;0
730;0
731;2
732;1
733;0
734;0
735;0
736;0
737;2
738;2
739;2
740;2
741;2
742;2
743;0
744;2
745;0
746;0
747;2
748;1
749;0
750;0
751;2
752;1
753;0
754;0
755;0
756;0
757;0
758;2
759;2
760;1
761;0
762;1
763;0
764;2
765;0
766;0
767;0
768;0
769;0
770;0
771;0
772;1
773;0
774;0
775;0
776;0
777;0
778;1
779;1
780;0
781;0
782;0
783;0
784;0
785;2
786;0
787;0
788;0
789;2
790;0
791;0
792;2
793;0
794;2
795;1
796;1
797;2
798;0
799;0
800;2
801;0
802;0
803;0
804;1
805;0
806;2
807;0
808;0
809;0
810;2
811;0
812;0
813;2
814;0
815;0
816;1
817;0
818;0
819;0
820;0
821;0
822;0
823;2
824;0
825;0
826;0
827;0
828;0
829;2
830;2
831;0
832;0
833;0
834;0
835;0
836;0
837;2
838;2
839;0
840;1
841;0
842;0
843;0
844;0
845;0
846;0
847;1
848;0
849;0
850;0
851;0
852;0
853;0
854;0
855;0
856;0
857;0
858;0
859;0
860;0
861;2
862;0
863;0
864;0
865;2
866;2
867;0
868;1
869;0
870;2
871;0
872;2
873;0
874;0
875;0
876;0
877;0
878;0
879;2
880;2
881;2
882;2
883;2
884;2
885;0
886;0
887;0
888;0
889;2
890;1
891;2
892;1
893;2
894;0
895;2
896;4
897;2
898;0
899;0
900;2
901;0
902;0
903;0
904;2
905;0
906;0
907;2
908;1
909;0
910;0
911;0
912;0
913;2
914;0
915;0
916;0
917;0
918;0
919;0
920;1
921;1
922;0
923;0
924;0
925;0
926;0
927;0
928;0
929;1
930;1
931;0
932;0
933;1
934;0
935;0
936;1
937;0
938;0
939;0
940;0
941;1
942;0
943;2
944;0
945;1
946;1
947;1
948;0
949;0
950;0
951;0
952;0
953;2
954;0
955;0
956;2
957;0
958;0
959;0
960;2
961;2
962;0
963;0
964;0
965;2
966;0
967;0
968;2
969;0
970;0
971;0
972;0
973;0
974;1
975;0
976;0
977;0
978;1
979;0
980;0
981;0
982;0
983;0
984;0
985;0
986;0
987;2
988;4
989;0
990;2
991;2
992;2
993;0
994;0
995;0
996;2
997;2
998;0
999;2
1000;0
1001;0
1002;0
1003;0
1004;4
1005;0
1006;0
1007;0
1008;0
1009;0
1010;0
1011;0
1012;1
1013;1
1014;0
1015;0
1016;0
1017;0
1018;0
1019;0
1020;0
1021;0
1022;0
1023;0
