0;1
1;0
2;0
3;1
4;0
5;0
6;2
7;2
8;2
9;0
10;2
11;0
12;2
13;0
14;2
15;1
16;1
17;0
18;2
19;1
20;0
21;2
22;1
23;0
24;1
25;0
26;0
27;0
28;1
29;0
30;0
31;0
32;0
33;2
34;0
35;0
36;0
37;0
38;0
39;0
40;0
41;1
42;1
43;1
44;0
45;0
46;0
47;0
48;1
49;1
50;1
51;1
52;0
53;2
54;0
55;0
56;0
57;2
58;0
59;0
60;0
61;0
62;0
63;0
64;0
65;0
66;2
67;0
68;2
69;0
70;0
71;0
72;1
73;1
74;0
75;0
76;0
77;1
78;0
79;0
80;1
81;0
82;0
83;0
84;0
85;1
86;0
87;1
88;0
89;0
90;1
91;0
92;1
93;0
94;0
95;2
96;2
97;2
98;1
99;1
100;0
101;2
102;2
103;0
104;1
105;0
106;0
107;0
108;0
109;0
110;0
111;1
112;0
113;1
114;0
115;1
116;2
117;1
118;0
119;0
120;0
121;0
122;0
123;0
124;0
125;2
126;0
127;0
128;1
129;1
130;0
131;0
132;0
133;0
134;0
135;0
136;0
137;0
138;0
139;0
140;1
141;2
142;0
143;0
144;2
145;1
146;0
147;0
148;2
149;2
150;0
151;1
152;0
153;0
154;0
155;0
156;0
157;0
158;0
159;2
160;0
161;1
162;0
163;0
164;1
165;0
166;0
167;2
168;2
169;0
170;2
171;2
172;4
173;0
174;2
175;0
176;0
177;0
178;0
179;2
180;1
181;0
182;0
183;0
184;0
185;0
186;2
187;0
188;1
189;0
190;0
191;2
192;2
193;0
194;0
195;1
196;0
197;0
198;1
199;2
200;0
201;0
202;0
203;0
204;2
205;0
206;0
207;0
208;2
209;0
210;1
211;0
212;0
213;0
214;0
215;0
216;0
217;0
218;0
219;1
220;0
221;0
222;0
223;2
224;1
225;0
226;0
227;2
228;1
229;0
230;0
231;2
232;0
233;0
234;1
235;0
236;1
237;0
238;0
239;0
240;0
241;0
242;1
243;0
244;2
245;1
246;0
247;1
248;0
249;0
250;0
251;1
252;1
253;0
254;0
255;0
256;0
257;0
258;1
259;1
260;0
261;0
262;0
263;0
264;2
265;0
266;0
267;1
268;0
269;0
270;0
271;0
272;1
273;0
274;0
275;1
276;2
277;0
278;2
279;2
280;0
281;0
282;0
283;0
284;2
285;0
286;0
287;0
288;1
289;0
290;0
291;0
292;0
293;1
294;1
295;0
296;0
297;0
298;2
299;0
300;0
301;0
302;0
303;0
304;0
305;0
306;2
307;1
308;0
309;0
310;1
311;0
312;0
313;2
314;0
315;0
316;0
317;2
318;1
319;0
320;1
321;0
322;0
323;0
324;0
325;0
326;0
327;0
328;0
329;0
330;0
331;1
332;0
333;0
334;0
335;0
336;0
337;2
338;2
339;0
340;2
341;0
342;0
343;1
344;0
345;1
346;0
347;1
348;0
349;0
350;2
351;2
352;0
353;0
354;0
355;0
356;0
357;0
358;2
359;2
360;0
361;1
362;2
363;1
364;0
365;0
366;0
367;0
368;1
369;1
370;0
371;0
372;0
373;1
374;0
375;1
376;1
377;2
378;2
379;0
380;2
381;0
382;0
383;2
384;0
385;2
386;0
387;0
388;0
389;1
390;1
391;0
392;0
393;0
394;2
395;0
396;0
397;2
398;2
399;0
400;0
401;0
402;0
403;0
404;2
405;0
406;0
407;1
408;0
409;0
410;0
411;0
412;0
413;0
414;0
415;0
416;0
417;2
418;0
419;0
420;1
421;0
422;2
423;0
424;0
425;0
426;0
427;2
428;2
429;0
430;2
431;2
432;2
433;0
434;2
435;0
436;1
437;2
438;1
439;0
440;1
441;0
442;0
443;0
444;2
445;2
446;0
447;0
448;0
449;1
450;0
451;0
452;0
453;1
454;2
455;0
456;2
457;1
458;2
459;0
460;2
461;0
462;0
463;2
464;0
465;2
466;0
467;0
468;0
469;0
470;0
471;0
472;2
473;1
474;0
475;1
476;0
477;0
478;0
479;0
480;1
481;0
482;1
483;2
484;2
485;2
486;0
487;1
488;0
489;1
490;2
491;2
492;1
493;0
494;0
495;1
496;0
497;4
498;2
499;1
500;0
501;0
502;0
503;0
504;0
505;1
506;1
507;0
508;2
509;0
510;0
511;0
512;0
513;0
514;0
515;0
516;2
517;0
518;0
519;0
520;1
521;0
522;0
523;2
524;0
525;0
526;0
527;2
528;2
529;2
530;0
531;1
532;0
533;0
534;0
535;0
536;1
537;1
538;0
539;0
540;0
541;0
542;0
543;0
544;2
545;0
546;2
547;0
548;0
549;0
550;0
551;0
552;0
553;2
554;2
555;1
556;0
557;2
558;2
559;2
560;1
561;0
562;0
563;0
564;0
565;0
566;0
567;0
568;1
569;0
570;1
571;0
572;1
573;1
574;0
575;0
576;0
577;0
578;0
579;0
580;0
581;2
582;1
583;0
584;0
585;0
586;0
587;0
588;0
589;0
590;2
591;1
592;0
593;0
594;0
595;0
596;0
597;0
598;2
599;0
600;2
601;0
602;0
603;0
604;0
605;0
606;0
607;0
608;0
609;0
610;0
611;0
612;0
613;2
614;2
615;2
616;0
617;0
618;2
619;0
620;2
621;0
622;0
623;0
624;0
625;0
626;0
627;0
628;0
629;2
630;0
631;0
632;1
633;0
634;0
635;0
636;2
637;0
638;0
639;0
640;0
641;1
642;0
643;1
644;0
645;1
646;0
647;1
648;0
649;1
650;0
651;0
652;0
653;1
654;0
655;0
656;0
657;0
658;2
659;0
660;0
661;1
662;0
663;0
664;0
665;1
666;1
667;0
668;1
669;0
670;2
671;0
672;0
673;2
674;0
675;0
676;2
677;1
678;0
679;1
680;0
681;0
682;2
683;0
684;0
685;1
686;0
687;0
688;0
689;0
690;0
691;1
692;0
693;0
694;1
695;0
696;0
697;0
698;0
699;2
700;4
701;0
702;2
703;0
704;0
705;0
706;2
707;0
708;2
709;0
710;0
711;1
712;0
713;0
714;0
715;0
716;2
717;0
718;0
719;0
720;2
721;2
722;1
723;0
724;0
725;0
726;0
727;2
728;2
729;2
730;2
731;0
732;0
733;0
734;0
735;0
736;2
737;1
738;1
739;0
740;0
741;0
742;0
743;0
744;0
745;0
746;2
747;2
748;2
749;0
750;0
751;1
752;0
753;0
754;0
755;0
756;0
757;0
758;0
759;1
760;4
761;1
762;0
763;0
764;2
765;2
766;2
767;2
768;2
769;0
770;0
771;0
772;0
773;1
774;1
775;0
776;0
777;0
778;2
779;1
780;0
781;2
782;0
783;0
784;0
785;0
786;0
787;0
788;2
789;0
790;0
791;0
792;0
793;0
794;0
795;2
796;0
797;2
798;0
799;0
800;0
801;1
802;0
803;2
804;1
805;0
806;2
807;0
808;0
809;0
810;0
811;1
812;0
813;0
814;0
815;0
816;0
817;1
818;0
819;1
820;0
821;0
822;2
823;1
824;0
825;0
826;0
827;0
828;0
829;0
830;2
831;2
832;2
833;0
834;0
835;0
836;0
837;0
838;0
839;0
840;0
841;0
842;1
843;0
844;0
845;0
846;0
847;0
848;2
849;2
850;0
851;0
852;0
853;0
854;0
855;2
856;0
857;1
858;0
859;0
860;2
861;0
862;0
863;1
864;0
865;0
866;0
867;0
868;0
869;0
870;0
871;1
872;0
873;0
874;2
875;0
876;0
877;0
878;0
879;0
880;2
881;0
882;0
883;0
884;1
885;0
886;0
887;1
888;2
889;0
890;2
891;0
892;2
893;0
894;2
895;0
896;2
897;0
898;2
899;0
900;0
901;1
902;0
903;1
904;0
905;0
906;0
907;0
908;0
909;0
910;0
911;0
912;0
913;0
914;0
915;0
916;0
917;0
918;0
919;2
920;0
921;1
922;0
923;0
924;0
925;0
926;2
927;0
928;0
929;0
930;0
931;1
932;0
933;0
934;0
935;2
936;0
937;0
938;0
939;0
940;2
941;0
942;0
943;0
944;0
945;1
946;1
947;0
948;0
949;2
950;0
951;0
952;0
953;0
954;2
955;0
956;0
957;2
958;2
959;0
960;0
961;1
962;0
963;0
964;2
965;0
966;0
967;1
968;0
969;2
970;2
971;2
972;2
973;2
974;2
975;2
976;0
977;0
978;2
979;0
980;0
981;0
982;2
983;1
984;0
985;1
986;0
987;0
988;1
989;0
990;0
991;0
992;1
993;0
994;0
995;2
996;0
997;0
998;0
999;0
1000;0
1001;2
1002;0
1003;2
1004;0
1005;0
1006;0
1007;0
1008;2
1009;2
1010;0
1011;0
1012;0
1013;0
1014;1
1015;0
1016;0
1017;0
1018;0
1019;0
1020;0
1021;0
1022;0
1023;0
