0;1
1;0
2;0
3;2
4;4
5;2
6;2
7;1
8;0
9;0
10;0
11;0
12;2
13;0
14;0
15;0
16;1
17;1
18;0
19;2
20;2
21;2
22;1
23;2
24;1
25;1
26;2
27;0
28;2
29;0
30;2
31;2
32;1
33;0
34;0
35;2
36;0
37;0
38;0
39;0
40;1
41;0
42;0
43;0
44;2
45;0
46;0
47;0
48;1
49;0
50;0
51;2
52;0
53;1
54;0
55;0
56;0
57;1
58;0
59;2
60;1
61;1
62;0
63;0
64;0
65;0
66;0
67;2
68;0
69;0
70;0
71;2
72;0
73;0
74;2
75;2
76;4
77;0
78;2
79;0
80;2
81;0
82;0
83;0
84;1
85;0
86;1
87;0
88;0
89;0
90;0
91;1
92;0
93;0
94;2
95;1
96;1
97;0
98;0
99;0
100;0
101;2
102;2
103;2
104;0
105;0
106;0
107;0
108;0
109;0
110;0
111;0
112;0
113;0
114;0
115;0
116;0
117;0
118;0
119;0
120;0
121;0
122;0
123;0
124;1
125;0
126;0
127;0
128;2
129;0
130;1
131;0
132;2
133;0
134;0
135;0
136;1
137;0
138;2
139;0
140;2
141;0
142;2
143;0
144;0
145;0
146;0
147;0
148;0
149;2
150;2
151;2
152;1
153;0
154;2
155;0
156;0
157;0
158;0
159;0
160;0
161;0
162;2
163;2
164;0
165;0
166;1
167;0
168;0
169;0
170;0
171;0
172;0
173;0
174;0
175;0
176;0
177;0
178;0
179;0
180;0
181;0
182;0
183;0
184;1
185;0
186;0
187;0
188;2
189;0
190;1
191;1
192;0
193;0
194;2
195;1
196;0
197;0
198;0
199;0
200;0
201;2
202;0
203;0
204;0
205;0
206;0
207;0
208;2
209;0
210;2
211;1
212;0
213;0
214;1
215;0
216;2
217;0
218;0
219;0
220;0
221;0
222;0
223;0
224;0
225;0
226;0
227;1
228;0
229;0
230;0
231;2
232;1
233;0
234;0
235;0
236;1
237;2
238;2
239;0
240;0
241;0
242;0
243;2
244;0
245;0
246;2
247;0
248;0
249;2
250;0
251;2
252;0
253;2
254;0
255;4
256;0
257;0
258;0
259;1
260;1
261;0
262;2
263;2
264;1
265;0
266;0
267;2
268;4
269;0
270;0
271;0
272;2
273;2
274;2
275;0
276;1
277;0
278;1
279;1
280;1
281;0
282;0
283;0
284;0
285;0
286;0
287;0
288;0
289;2
290;0
291;0
292;1
293;0
294;0
295;0
296;0
297;1
298;0
299;0
300;1
301;0
302;0
303;0
304;2
305;0
306;1
307;0
308;2
309;0
310;0
311;0
312;2
313;2
314;0
315;1
316;0
317;0
318;0
319;0
320;0
321;0
322;0
323;0
324;2
325;0
326;0
327;0
328;0
329;0
330;2
331;1
332;0
333;0
334;0
335;2
336;2
337;0
338;2
339;2
340;2
341;0
342;2
343;2
344;2
345;0
346;0
347;0
348;0
349;2
350;0
351;2
352;4
353;0
354;0
355;0
356;0
357;0
358;0
359;2
360;2
361;1
362;0
363;0
364;1
365;0
366;0
367;1
368;0
369;0
370;0
371;2
372;2
373;0
374;2
375;1
376;0
377;1
378;0
379;0
380;0
381;0
382;0
383;0
384;1
385;0
386;0
387;0
388;1
389;0
390;0
391;2
392;0
393;0
394;0
395;0
396;2
397;0
398;0
399;0
400;0
401;0
402;0
403;1
404;1
405;0
406;0
407;2
408;1
409;0
410;2
411;1
412;0
413;2
414;0
415;0
416;2
417;0
418;1
419;0
420;2
421;0
422;1
423;0
424;0
425;1
426;0
427;0
428;0
429;0
430;2
431;0
432;0
433;0
434;0
435;0
436;1
437;0
438;2
439;0
440;2
441;1
442;0
443;0
444;0
445;0
446;0
447;0
448;0
449;0
450;0
451;0
452;2
453;0
454;0
455;0
456;0
457;0
458;0
459;0
460;0
461;0
462;0
463;0
464;0
465;0
466;2
467;1
468;2
469;0
470;2
471;0
472;2
473;0
474;1
475;0
476;0
477;0
478;0
479;0
480;1
481;2
482;2
483;2
484;0
485;0
486;0
487;0
488;1
489;1
490;0
491;2
492;4
493;0
494;1
495;2
496;2
497;0
498;0
499;0
500;1
501;0
502;0
503;0
504;2
505;0
506;0
507;0
508;4
509;0
510;0
511;0
512;0
513;0
514;0
515;0
516;2
517;1
518;0
519;0
520;4
521;0
522;1
523;4
524;1
525;0
526;1
527;0
528;1
529;0
530;2
531;2
532;0
533;0
534;0
535;2
536;0
537;2
538;2
539;2
540;2
541;0
542;0
543;0
544;0
545;0
546;1
547;0
548;0
549;0
550;0
551;0
552;1
553;0
554;0
555;0
556;0
557;0
558;1
559;0
560;0
561;0
562;2
563;0
564;0
565;0
566;0
567;2
568;1
569;0
570;0
571;2
572;2
573;0
574;2
575;1
576;0
577;0
578;2
579;0
580;2
581;2
582;2
583;2
584;0
585;1
586;0
587;0
588;0
589;0
590;0
591;0
592;2
593;2
594;2
595;1
596;2
597;2
598;0
599;2
600;0
601;0
602;0
603;2
604;1
605;0
606;0
607;2
608;2
609;0
610;0
611;0
612;2
613;0
614;2
615;0
616;0
617;2
618;0
619;0
620;0
621;0
622;2
623;0
624;0
625;0
626;0
627;0
628;0
629;2
630;0
631;0
632;1
633;0
634;0
635;1
636;0
637;0
638;0
639;0
640;2
641;2
642;2
643;0
644;2
645;0
646;2
647;0
648;0
649;2
650;0
651;0
652;1
653;0
654;0
655;2
656;0
657;0
658;0
659;0
660;0
661;0
662;2
663;0
664;2
665;0
666;0
667;2
668;0
669;0
670;0
671;0
672;0
673;0
674;0
675;0
676;2
677;0
678;0
679;2
680;0
681;0
682;0
683;1
684;0
685;0
686;0
687;0
688;0
689;2
690;0
691;0
692;1
693;0
694;0
695;2
696;2
697;0
698;2
699;1
700;2
701;2
702;0
703;2
704;1
705;0
706;0
707;2
708;1
709;0
710;1
711;0
712;0
713;0
714;2
715;0
716;1
717;0
718;0
719;0
720;0
721;0
722;0
723;0
724;2
725;0
726;0
727;0
728;0
729;0
730;0
731;0
732;2
733;0
734;2
735;1
736;0
737;0
738;1
739;1
740;2
741;2
742;0
743;1
744;2
745;0
746;2
747;0
748;1
749;0
750;0
751;0
752;0
753;2
754;1
755;0
756;2
757;2
758;0
759;1
760;0
761;2
762;0
763;0
764;2
765;0
766;0
767;0
768;0
769;0
770;0
771;0
772;0
773;0
774;0
775;1
776;0
777;2
778;1
779;0
780;2
781;0
782;0
783;0
784;0
785;0
786;0
787;0
788;0
789;0
790;0
791;0
792;0
793;0
794;0
795;2
796;1
797;1
798;0
799;0
800;0
801;0
802;2
803;2
804;1
805;0
806;0
807;2
808;4
809;0
810;2
811;2
812;2
813;0
814;0
815;0
816;2
817;1
818;0
819;0
820;0
821;0
822;0
823;2
824;1
825;0
826;0
827;0
828;0
829;0
830;1
831;2
832;2
833;0
834;0
835;0
836;0
837;0
838;1
839;0
840;1
841;0
842;0
843;1
844;0
845;0
846;0
847;0
848;2
849;2
850;0
851;2
852;0
853;0
854;0
855;2
856;2
857;1
858;1
859;2
860;0
861;2
862;2
863;1
864;2
865;2
866;0
867;1
868;0
869;0
870;0
871;0
872;1
873;0
874;0
875;0
876;2
877;2
878;0
879;0
880;0
881;0
882;0
883;2
884;1
885;0
886;0
887;2
888;1
889;2
890;1
891;2
892;2
893;0
894;0
895;0
896;2
897;2
898;0
899;0
900;0
901;0
902;0
903;2
904;0
905;0
906;2
907;1
908;0
909;0
910;0
911;1
912;0
913;0
914;2
915;2
916;1
917;0
918;0
919;2
920;2
921;0
922;1
923;0
924;0
925;0
926;2
927;2
928;1
929;0
930;0
931;2
932;1
933;0
934;0
935;0
936;0
937;2
938;1
939;2
940;2
941;2
942;0
943;0
944;0
945;0
946;0
947;0
948;0
949;0
950;0
951;1
952;0
953;0
954;0
955;2
956;2
957;0
958;0
959;0
960;1
961;0
962;1
963;0
964;2
965;0
966;0
967;0
968;1
969;0
970;0
971;0
972;1
973;0
974;0
975;1
976;0
977;0
978;2
979;0
980;1
981;0
982;0
983;2
984;0
985;2
986;0
987;2
988;0
989;0
990;1
991;0
992;0
993;0
994;0
995;0
996;2
997;2
998;0
999;0
1000;2
1001;0
1002;2
1003;0
1004;0
1005;0
1006;1
1007;0
1008;0
1009;0
1010;1
1011;0
1012;1
1013;0
1014;1
1015;0
1016;0
1017;0
1018;0
1019;0
1020;0
1021;0
1022;0
1023;0
