0;1
1;0
2;0
3;2
4;4
5;0
6;2
7;2
8;2
9;0
10;2
11;0
12;2
13;0
14;1
15;0
16;0
17;2
18;2
19;0
20;0
21;2
22;1
23;0
24;0
25;1
26;2
27;2
28;2
29;0
30;0
31;2
32;0
33;0
34;0
35;0
36;0
37;2
38;1
39;0
40;0
41;0
42;0
43;0
44;2
45;0
46;1
47;0
48;0
49;0
50;0
51;0
52;2
53;0
54;2
55;0
56;0
57;1
58;0
59;2
60;1
61;0
62;0
63;0
64;0
65;0
66;1
67;0
68;0
69;0
70;2
71;2
72;1
73;2
74;0
75;1
76;0
77;0
78;0
79;0
80;0
81;0
82;2
83;1
84;1
85;2
86;0
87;0
88;0
89;2
90;2
91;2
92;2
93;2
94;1
95;0
96;0
97;0
98;1
99;0
100;0
101;0
102;1
103;0
104;0
105;0
106;2
107;2
108;1
109;0
110;0
111;0
112;2
113;0
114;2
115;2
116;2
117;0
118;2
119;0
120;0
121;2
122;0
123;0
124;1
125;2
126;0
127;0
128;0
129;0
130;0
131;0
132;2
133;0
134;1
135;0
136;0
137;1
138;0
139;0
140;1
141;0
142;0
143;0
144;0
145;0
146;0
147;0
148;2
149;0
150;0
151;0
152;0
153;2
154;2
155;2
156;1
157;0
158;2
159;1
160;0
161;0
162;0
163;0
164;2
165;0
166;2
167;0
168;0
169;0
170;1
171;0
172;0
173;0
174;1
175;0
176;0
177;0
178;0
179;0
180;0
181;0
182;0
183;0
184;0
185;0
186;2
187;2
188;1
189;0
190;0
191;2
192;2
193;0
194;0
195;2
196;2
197;0
198;2
199;2
200;1
201;0
202;0
203;0
204;0
205;0
206;0
207;0
208;0
209;0
210;0
211;0
212;0
213;0
214;0
215;1
216;2
217;2
218;2
219;2
220;2
221;0
222;2
223;0
224;2
225;0
226;0
227;0
228;0
229;0
230;0
231;0
232;0
233;0
234;0
235;2
236;1
237;0
238;0
239;0
240;0
241;2
242;1
243;2
244;0
245;0
246;0
247;0
248;0
249;0
250;0
251;1
252;0
253;2
254;2
255;2
256;2
257;0
258;0
259;2
260;0
261;0
262;0
263;2
264;2
265;0
266;0
267;0
268;1
269;0
270;2
271;1
272;0
273;0
274;0
275;2
276;1
277;0
278;0
279;2
280;1
281;0
282;2
283;2
284;2
285;0
286;0
287;0
288;1
289;0
290;0
291;0
292;2
293;2
294;2
295;2
296;2
297;2
298;2
299;2
300;1
301;0
302;0
303;0
304;4
305;0
306;2
307;2
308;2
309;0
310;2
311;0
312;1
313;0
314;0
315;0
316;0
317;0
318;0
319;1
320;0
321;0
322;0
323;2
324;0
325;0
326;0
327;0
328;2
329;0
330;0
331;0
332;2
333;0
334;0
335;0
336;0
337;0
338;0
339;2
340;0
341;1
342;0
343;0
344;0
345;0
346;0
347;0
348;0
349;0
350;0
351;0
352;1
353;0
354;0
355;1
356;2
357;0
358;0
359;0
360;0
361;2
362;1
363;0
364;0
365;0
366;0
367;0
368;2
369;0
370;1
371;0
372;0
373;0
374;0
375;2
376;2
377;0
378;1
379;0
380;0
381;2
382;1
383;0
384;1
385;0
386;0
387;2
388;1
389;0
390;0
391;0
392;4
393;0
394;2
395;2
396;2
397;0
398;2
399;0
400;2
401;0
402;1
403;0
404;0
405;1
406;2
407;0
408;0
409;1
410;0
411;0
412;0
413;0
414;0
415;0
416;1
417;0
418;1
419;0
420;0
421;2
422;2
423;2
424;2
425;1
426;0
427;0
428;0
429;0
430;0
431;0
432;0
433;2
434;0
435;2
436;0
437;0
438;1
439;0
440;0
441;0
442;1
443;0
444;0
445;0
446;1
447;0
448;0
449;0
450;1
451;0
452;0
453;2
454;1
455;0
456;2
457;0
458;2
459;0
460;2
461;0
462;0
463;0
464;1
465;0
466;1
467;0
468;1
469;0
470;0
471;2
472;4
473;0
474;2
475;2
476;2
477;0
478;0
479;0
480;2
481;0
482;0
483;0
484;1
485;0
486;1
487;1
488;0
489;0
490;1
491;0
492;0
493;0
494;0
495;2
496;2
497;0
498;0
499;0
500;2
501;2
502;2
503;2
504;2
505;0
506;1
507;0
508;0
509;2
510;1
511;0
512;2
513;2
514;2
515;2
516;2
517;0
518;0
519;1
520;0
521;2
522;0
523;0
524;0
525;0
526;1
527;0
528;0
529;0
530;0
531;0
532;0
533;0
534;0
535;1
536;0
537;2
538;2
539;2
540;2
541;2
542;0
543;0
544;0
545;0
546;2
547;1
548;0
549;0
550;0
551;0
552;0
553;0
554;2
555;2
556;0
557;0
558;0
559;0
560;0
561;0
562;2
563;1
564;0
565;0
566;0
567;2
568;2
569;0
570;2
571;1
572;0
573;0
574;2
575;2
576;2
577;1
578;0
579;2
580;2
581;2
582;2
583;0
584;2
585;0
586;2
587;0
588;0
589;2
590;0
591;1
592;0
593;0
594;2
595;0
596;0
597;0
598;0
599;0
600;1
601;0
602;2
603;0
604;0
605;1
606;0
607;2
608;0
609;0
610;1
611;0
612;0
613;0
614;2
615;1
616;1
617;0
618;0
619;2
620;4
621;0
622;2
623;2
624;2
625;0
626;2
627;0
628;2
629;2
630;0
631;0
632;0
633;0
634;2
635;0
636;0
637;0
638;0
639;0
640;2
641;2
642;2
643;0
644;1
645;0
646;2
647;1
648;0
649;0
650;2
651;2
652;2
653;0
654;1
655;0
656;0
657;1
658;0
659;0
660;2
661;2
662;2
663;1
664;0
665;0
666;0
667;0
668;2
669;0
670;0
671;1
672;0
673;0
674;0
675;1
676;2
677;2
678;2
679;2
680;2
681;0
682;0
683;0
684;2
685;0
686;0
687;0
688;0
689;2
690;1
691;0
692;2
693;2
694;0
695;0
696;2
697;2
698;1
699;0
700;0
701;0
702;0
703;0
704;2
705;0
706;0
707;0
708;4
709;0
710;0
711;0
712;0
713;2
714;2
715;2
716;2
717;0
718;0
719;0
720;1
721;0
722;0
723;0
724;1
725;0
726;0
727;0
728;0
729;0
730;0
731;0
732;0
733;0
734;0
735;0
736;0
737;0
738;2
739;2
740;2
741;0
742;0
743;0
744;0
745;0
746;0
747;2
748;1
749;1
750;0
751;0
752;0
753;0
754;0
755;0
756;2
757;2
758;2
759;2
760;1
761;0
762;0
763;2
764;2
765;0
766;2
767;2
768;2
769;0
770;2
771;0
772;2
773;0
774;0
775;0
776;0
777;0
778;0
779;0
780;0
781;0
782;2
783;2
784;1
785;0
786;0
787;2
788;4
789;0
790;2
791;2
792;2
793;0
794;2
795;0
796;1
797;0
798;2
799;2
800;2
801;0
802;2
803;0
804;0
805;0
806;0
807;0
808;0
809;1
810;0
811;2
812;2
813;2
814;1
815;0
816;0
817;2
818;2
819;4
820;1
821;0
822;0
823;0
824;1
825;0
826;2
827;2
828;1
829;0
830;0
831;2
832;1
833;2
834;2
835;2
836;0
837;0
838;2
839;0
840;0
841;2
842;0
843;0
844;0
845;2
846;2
847;4
848;1
849;0
850;0
851;0
852;1
853;2
854;2
855;2
856;2
857;0
858;1
859;0
860;2
861;2
862;2
863;0
864;0
865;0
866;0
867;0
868;0
869;1
870;0
871;1
872;0
873;1
874;2
875;2
876;1
877;0
878;2
879;0
880;1
881;0
882;1
883;0
884;2
885;0
886;2
887;2
888;0
889;0
890;2
891;0
892;0
893;0
894;0
895;0
896;0
897;2
898;2
899;0
900;2
901;0
902;1
903;0
904;0
905;0
906;0
907;0
908;1
909;0
910;0
911;0
912;2
913;0
914;0
915;0
916;0
917;1
918;0
919;0
920;0
921;2
922;2
923;2
924;1
925;0
926;2
927;2
928;1
929;0
930;0
931;2
932;2
933;0
934;2
935;2
936;2
937;0
938;2
939;0
940;2
941;0
942;1
943;1
944;0
945;2
946;2
947;0
948;0
949;0
950;1
951;2
952;0
953;0
954;2
955;2
956;2
957;0
958;0
959;0
960;2
961;0
962;2
963;1
964;0
965;0
966;1
967;0
968;0
969;0
970;0
971;0
972;2
973;0
974;0
975;0
976;1
977;0
978;0
979;0
980;2
981;1
982;2
983;0
984;2
985;0
986;0
987;0
988;0
989;1
990;2
991;2
992;2
993;1
994;0
995;0
996;0
997;1
998;2
999;0
1000;0
1001;0
1002;2
1003;2
1004;1
1005;1
1006;0
1007;0
1008;0
1009;0
1010;0
1011;0
1012;1
1013;0
1014;1
1015;0
1016;0
1017;0
1018;0
1019;0
1020;0
1021;0
1022;0
1023;0
