0;0
1;0
2;2
3;2
4;2
5;0
6;2
7;2
8;2
9;2
10;2
11;2
12;2
13;0
14;2
15;1
16;0
17;0
18;0
19;0
20;0
21;0
22;1
23;0
24;0
25;0
26;0
27;0
28;2
29;0
30;0
31;0
32;0
33;2
34;0
35;0
36;0
37;0
38;0
39;0
40;1
41;0
42;1
43;1
44;0
45;0
46;0
47;0
48;0
49;0
50;2
51;1
52;0
53;1
54;0
55;2
56;2
57;0
58;0
59;0
60;2
61;0
62;2
63;2
64;1
65;0
66;0
67;0
68;2
69;0
70;2
71;0
72;0
73;2
74;0
75;0
76;1
77;0
78;0
79;0
80;0
81;2
82;0
83;0
84;2
85;0
86;0
87;0
88;1
89;0
90;0
91;0
92;2
93;0
94;0
95;0
96;2
97;0
98;1
99;0
100;2
101;2
102;2
103;2
104;0
105;0
106;1
107;0
108;1
109;0
110;0
111;0
112;2
113;2
114;1
115;1
116;0
117;0
118;0
119;0
120;1
121;0
122;0
123;0
124;0
125;0
126;1
127;1
128;0
129;0
130;0
131;0
132;1
133;0
134;0
135;0
136;0
137;0
138;2
139;2
140;1
141;0
142;0
143;2
144;1
145;0
146;2
147;2
148;2
149;0
150;2
151;0
152;2
153;0
154;0
155;2
156;2
157;0
158;2
159;0
160;0
161;0
162;0
163;0
164;0
165;0
166;0
167;0
168;0
169;0
170;0
171;0
172;0
173;0
174;0
175;0
176;2
177;1
178;0
179;0
180;2
181;0
182;0
183;0
184;2
185;0
186;0
187;0
188;0
189;0
190;0
191;1
192;2
193;2
194;1
195;0
196;2
197;2
198;2
199;0
200;0
201;1
202;1
203;0
204;0
205;0
206;2
207;2
208;0
209;0
210;0
211;2
212;0
213;0
214;2
215;0
216;0
217;0
218;0
219;1
220;0
221;0
222;2
223;2
224;2
225;0
226;0
227;0
228;2
229;0
230;1
231;0
232;0
233;0
234;0
235;0
236;1
237;0
238;2
239;1
240;1
241;0
242;2
243;0
244;0
245;0
246;0
247;0
248;0
249;0
250;0
251;2
252;0
253;0
254;2
255;2
256;1
257;0
258;1
259;0
260;0
261;0
262;1
263;2
264;2
265;0
266;0
267;0
268;0
269;1
270;1
271;0
272;2
273;0
274;0
275;0
276;0
277;0
278;2
279;1
280;0
281;0
282;0
283;0
284;0
285;0
286;0
287;1
288;0
289;0
290;0
291;2
292;0
293;0
294;0
295;0
296;2
297;2
298;0
299;0
300;0
301;0
302;0
303;0
304;2
305;0
306;0
307;0
308;2
309;0
310;0
311;2
312;1
313;0
314;0
315;1
316;0
317;0
318;2
319;0
320;0
321;2
322;2
323;0
324;0
325;0
326;2
327;1
328;0
329;0
330;2
331;0
332;0
333;2
334;0
335;0
336;0
337;0
338;2
339;1
340;1
341;0
342;0
343;0
344;0
345;0
346;0
347;2
348;0
349;0
350;2
351;1
352;0
353;0
354;0
355;0
356;0
357;2
358;1
359;0
360;0
361;0
362;2
363;1
364;0
365;0
366;0
367;1
368;0
369;0
370;0
371;2
372;1
373;0
374;0
375;0
376;0
377;0
378;1
379;1
380;0
381;0
382;2
383;1
384;0
385;0
386;0
387;0
388;0
389;0
390;0
391;1
392;2
393;2
394;1
395;0
396;1
397;0
398;0
399;0
400;0
401;0
402;0
403;1
404;0
405;0
406;0
407;0
408;0
409;1
410;1
411;0
412;1
413;0
414;0
415;0
416;1
417;0
418;0
419;2
420;2
421;0
422;1
423;1
424;2
425;0
426;2
427;0
428;0
429;0
430;0
431;0
432;0
433;0
434;0
435;0
436;0
437;0
438;0
439;0
440;2
441;2
442;2
443;0
444;0
445;0
446;0
447;0
448;0
449;0
450;0
451;0
452;1
453;2
454;0
455;0
456;1
457;0
458;0
459;0
460;0
461;2
462;1
463;0
464;2
465;0
466;0
467;2
468;1
469;0
470;0
471;0
472;0
473;1
474;0
475;0
476;2
477;0
478;0
479;0
480;2
481;0
482;1
483;0
484;2
485;0
486;0
487;2
488;2
489;2
490;0
491;2
492;0
493;0
494;2
495;0
496;0
497;0
498;0
499;2
500;0
501;0
502;2
503;0
504;2
505;2
506;0
507;1
508;0
509;0
510;1
511;0
512;2
513;0
514;1
515;0
516;2
517;0
518;2
519;2
520;0
521;1
522;1
523;0
524;1
525;0
526;0
527;1
528;0
529;1
530;0
531;0
532;0
533;0
534;2
535;1
536;0
537;0
538;0
539;2
540;2
541;0
542;0
543;0
544;0
545;0
546;0
547;2
548;0
549;2
550;2
551;1
552;0
553;0
554;0
555;0
556;0
557;0
558;0
559;0
560;1
561;1
562;0
563;0
564;1
565;0
566;1
567;0
568;2
569;0
570;0
571;0
572;0
573;0
574;0
575;0
576;0
577;2
578;2
579;2
580;2
581;2
582;0
583;2
584;1
585;0
586;0
587;0
588;0
589;0
590;0
591;0
592;1
593;0
594;2
595;0
596;1
597;1
598;0
599;2
600;0
601;2
602;1
603;0
604;0
605;0
606;0
607;0
608;1
609;0
610;0
611;0
612;0
613;2
614;2
615;2
616;0
617;2
618;2
619;0
620;0
621;0
622;2
623;0
624;0
625;0
626;0
627;0
628;0
629;0
630;0
631;0
632;0
633;0
634;1
635;0
636;2
637;2
638;1
639;0
640;0
641;0
642;0
643;2
644;0
645;0
646;0
647;0
648;0
649;1
650;0
651;0
652;0
653;2
654;0
655;0
656;2
657;0
658;1
659;0
660;2
661;0
662;0
663;0
664;0
665;0
666;2
667;1
668;0
669;0
670;0
671;0
672;0
673;1
674;0
675;0
676;1
677;0
678;0
679;0
680;0
681;0
682;2
683;0
684;0
685;0
686;0
687;0
688;2
689;1
690;1
691;0
692;1
693;0
694;2
695;0
696;1
697;0
698;0
699;0
700;1
701;0
702;0
703;2
704;2
705;0
706;2
707;2
708;2
709;0
710;2
711;0
712;2
713;0
714;0
715;0
716;0
717;2
718;0
719;0
720;2
721;0
722;0
723;0
724;0
725;0
726;2
727;0
728;0
729;2
730;1
731;2
732;1
733;0
734;0
735;0
736;2
737;0
738;0
739;0
740;0
741;2
742;0
743;2
744;0
745;0
746;2
747;0
748;2
749;0
750;1
751;0
752;0
753;0
754;0
755;1
756;2
757;0
758;1
759;0
760;1
761;0
762;0
763;0
764;0
765;0
766;2
767;2
768;0
769;0
770;0
771;0
772;2
773;0
774;2
775;1
776;0
777;0
778;0
779;1
780;2
781;0
782;0
783;0
784;2
785;2
786;2
787;1
788;0
789;2
790;0
791;0
792;0
793;1
794;0
795;0
796;0
797;2
798;2
799;2
800;0
801;2
802;0
803;0
804;0
805;0
806;0
807;1
808;1
809;0
810;0
811;0
812;0
813;0
814;2
815;2
816;0
817;0
818;0
819;0
820;0
821;0
822;0
823;1
824;0
825;2
826;2
827;2
828;2
829;0
830;0
831;0
832;0
833;0
834;0
835;0
836;0
837;0
838;2
839;1
840;0
841;0
842;0
843;2
844;0
845;1
846;0
847;0
848;0
849;0
850;1
851;0
852;0
853;0
854;0
855;0
856;2
857;2
858;0
859;0
860;2
861;0
862;0
863;0
864;0
865;0
866;0
867;0
868;2
869;0
870;0
871;1
872;0
873;0
874;0
875;0
876;0
877;0
878;0
879;1
880;1
881;0
882;0
883;2
884;1
885;0
886;0
887;0
888;2
889;0
890;0
891;0
892;0
893;2
894;0
895;0
896;0
897;2
898;2
899;0
900;2
901;0
902;1
903;0
904;0
905;0
906;0
907;0
908;2
909;0
910;2
911;0
912;0
913;0
914;0
915;0
916;0
917;0
918;0
919;0
920;0
921;0
922;0
923;1
924;0
925;0
926;0
927;2
928;0
929;0
930;0
931;2
932;1
933;0
934;0
935;2
936;1
937;0
938;2
939;0
940;0
941;2
942;0
943;0
944;2
945;0
946;2
947;0
948;0
949;0
950;0
951;0
952;0
953;0
954;0
955;0
956;1
957;0
958;0
959;0
960;0
961;0
962;0
963;0
964;0
965;0
966;1
967;0
968;1
969;0
970;0
971;2
972;0
973;0
974;2
975;0
976;0
977;0
978;4
979;0
980;0
981;0
982;0
983;0
984;1
985;0
986;1
987;1
988;2
989;0
990;0
991;2
992;2
993;0
994;2
995;0
996;2
997;0
998;2
999;0
1000;0
1001;0
1002;0
1003;1
1004;0
1005;0
1006;0
1007;0
1008;1
1009;2
1010;0
1011;0
1012;1
1013;0
1014;0
1015;0
1016;0
1017;0
1018;0
1019;0
1020;0
1021;0
1022;0
1023;0
