0;1
1;0
2;0
3;0
4;2
5;0
6;0
7;0
8;2
9;0
10;2
11;0
12;0
13;0
14;1
15;0
16;0
17;2
18;2
19;2
20;2
21;2
22;0
23;0
24;1
25;0
26;0
27;0
28;2
29;0
30;0
31;0
32;1
33;2
34;2
35;0
36;2
37;1
38;0
39;0
40;1
41;0
42;2
43;2
44;0
45;0
46;0
47;0
48;0
49;2
50;0
51;0
52;1
53;1
54;0
55;0
56;0
57;0
58;0
59;0
60;1
61;1
62;0
63;2
64;0
65;0
66;0
67;0
68;0
69;0
70;0
71;0
72;0
73;2
74;0
75;0
76;1
77;0
78;1
79;0
80;0
81;0
82;0
83;2
84;0
85;0
86;0
87;0
88;0
89;0
90;0
91;2
92;0
93;1
94;0
95;0
96;0
97;0
98;2
99;0
100;0
101;0
102;1
103;0
104;0
105;0
106;0
107;1
108;0
109;0
110;0
111;0
112;0
113;2
114;1
115;1
116;0
117;1
118;0
119;0
120;0
121;2
122;2
123;2
124;2
125;0
126;0
127;0
128;0
129;2
130;2
131;2
132;0
133;0
134;0
135;2
136;0
137;0
138;0
139;0
140;2
141;0
142;2
143;0
144;1
145;0
146;0
147;0
148;0
149;2
150;2
151;0
152;2
153;0
154;1
155;0
156;0
157;0
158;2
159;0
160;0
161;2
162;0
163;1
164;1
165;0
166;0
167;0
168;0
169;2
170;0
171;0
172;0
173;0
174;1
175;0
176;0
177;0
178;0
179;0
180;0
181;0
182;1
183;0
184;0
185;0
186;0
187;0
188;0
189;1
190;0
191;0
192;2
193;2
194;1
195;0
196;2
197;0
198;0
199;0
200;0
201;0
202;1
203;2
204;0
205;0
206;0
207;0
208;0
209;0
210;1
211;0
212;0
213;0
214;0
215;2
216;2
217;0
218;2
219;2
220;2
221;0
222;0
223;0
224;2
225;1
226;1
227;0
228;0
229;0
230;0
231;0
232;0
233;0
234;0
235;0
236;0
237;0
238;0
239;0
240;2
241;0
242;1
243;1
244;0
245;2
246;0
247;2
248;1
249;1
250;0
251;0
252;0
253;1
254;1
255;0
256;0
257;0
258;0
259;0
260;0
261;0
262;2
263;0
264;0
265;2
266;2
267;0
268;0
269;1
270;0
271;0
272;2
273;0
274;0
275;0
276;0
277;2
278;0
279;0
280;0
281;0
282;0
283;1
284;0
285;0
286;2
287;2
288;1
289;0
290;2
291;1
292;2
293;0
294;0
295;0
296;0
297;0
298;0
299;0
300;0
301;0
302;0
303;0
304;2
305;0
306;1
307;1
308;0
309;1
310;0
311;0
312;0
313;1
314;1
315;0
316;0
317;0
318;0
319;0
320;0
321;2
322;1
323;0
324;1
325;0
326;0
327;0
328;0
329;0
330;1
331;0
332;0
333;2
334;1
335;2
336;2
337;1
338;0
339;2
340;1
341;0
342;0
343;1
344;0
345;0
346;0
347;0
348;2
349;1
350;1
351;0
352;1
353;2
354;0
355;0
356;0
357;0
358;0
359;0
360;0
361;1
362;0
363;0
364;2
365;2
366;1
367;2
368;1
369;0
370;0
371;0
372;0
373;0
374;0
375;0
376;0
377;2
378;0
379;0
380;1
381;0
382;2
383;2
384;0
385;0
386;1
387;0
388;0
389;0
390;0
391;0
392;0
393;0
394;0
395;0
396;0
397;0
398;2
399;0
400;0
401;0
402;2
403;0
404;0
405;0
406;0
407;2
408;2
409;0
410;2
411;0
412;0
413;0
414;1
415;0
416;1
417;2
418;1
419;0
420;2
421;2
422;0
423;2
424;1
425;1
426;0
427;0
428;2
429;1
430;0
431;2
432;2
433;0
434;1
435;0
436;0
437;0
438;0
439;0
440;0
441;0
442;1
443;2
444;0
445;0
446;2
447;1
448;0
449;2
450;1
451;0
452;0
453;0
454;0
455;0
456;1
457;1
458;0
459;2
460;0
461;0
462;0
463;0
464;0
465;0
466;2
467;2
468;1
469;0
470;0
471;0
472;0
473;0
474;0
475;0
476;2
477;0
478;1
479;0
480;0
481;0
482;0
483;0
484;1
485;0
486;0
487;0
488;1
489;0
490;0
491;2
492;1
493;0
494;0
495;0
496;0
497;2
498;0
499;0
500;0
501;0
502;0
503;0
504;2
505;1
506;0
507;2
508;2
509;2
510;0
511;0
512;0
513;1
514;0
515;0
516;0
517;0
518;2
519;0
520;0
521;0
522;2
523;1
524;0
525;0
526;0
527;0
528;1
529;0
530;0
531;0
532;0
533;0
534;1
535;0
536;0
537;2
538;0
539;2
540;1
541;0
542;0
543;0
544;0
545;1
546;0
547;0
548;0
549;2
550;2
551;2
552;0
553;1
554;0
555;0
556;0
557;0
558;2
559;2
560;0
561;0
562;2
563;1
564;0
565;0
566;0
567;1
568;2
569;0
570;0
571;0
572;1
573;0
574;0
575;0
576;1
577;0
578;0
579;0
580;4
581;0
582;2
583;2
584;2
585;0
586;2
587;0
588;2
589;0
590;0
591;1
592;1
593;0
594;0
595;0
596;0
597;0
598;2
599;0
600;4
601;0
602;0
603;0
604;1
605;0
606;0
607;0
608;2
609;0
610;0
611;0
612;2
613;2
614;0
615;0
616;2
617;0
618;0
619;0
620;1
621;0
622;1
623;0
624;0
625;0
626;1
627;0
628;0
629;0
630;2
631;2
632;0
633;2
634;0
635;0
636;1
637;0
638;1
639;0
640;1
641;1
642;0
643;2
644;0
645;0
646;0
647;0
648;1
649;0
650;0
651;0
652;0
653;0
654;0
655;0
656;0
657;0
658;0
659;0
660;0
661;0
662;1
663;0
664;0
665;0
666;2
667;0
668;0
669;0
670;0
671;0
672;0
673;0
674;1
675;2
676;0
677;0
678;0
679;0
680;0
681;0
682;0
683;2
684;1
685;0
686;0
687;0
688;2
689;0
690;2
691;2
692;1
693;0
694;0
695;2
696;4
697;0
698;0
699;1
700;0
701;2
702;0
703;0
704;2
705;0
706;0
707;1
708;0
709;0
710;0
711;0
712;0
713;0
714;2
715;0
716;0
717;0
718;0
719;0
720;1
721;0
722;0
723;0
724;0
725;1
726;0
727;0
728;0
729;0
730;0
731;0
732;0
733;0
734;0
735;0
736;0
737;2
738;1
739;0
740;1
741;0
742;0
743;1
744;0
745;0
746;0
747;2
748;4
749;0
750;2
751;2
752;2
753;0
754;0
755;0
756;1
757;0
758;0
759;0
760;0
761;0
762;1
763;0
764;0
765;0
766;2
767;2
768;1
769;0
770;0
771;2
772;2
773;0
774;2
775;2
776;2
777;0
778;2
779;2
780;1
781;0
782;2
783;0
784;0
785;0
786;2
787;2
788;0
789;0
790;0
791;0
792;1
793;1
794;2
795;2
796;0
797;0
798;2
799;0
800;0
801;0
802;0
803;0
804;0
805;2
806;2
807;2
808;0
809;0
810;1
811;0
812;0
813;0
814;2
815;0
816;0
817;0
818;0
819;0
820;0
821;0
822;0
823;0
824;0
825;0
826;0
827;0
828;0
829;0
830;1
831;0
832;0
833;0
834;1
835;0
836;0
837;1
838;0
839;0
840;0
841;2
842;2
843;0
844;1
845;2
846;2
847;0
848;1
849;0
850;0
851;0
852;1
853;0
854;0
855;0
856;0
857;2
858;2
859;2
860;2
861;0
862;0
863;0
864;0
865;0
866;1
867;2
868;1
869;0
870;1
871;2
872;2
873;1
874;0
875;2
876;2
877;1
878;1
879;0
880;0
881;2
882;0
883;0
884;0
885;1
886;0
887;0
888;0
889;2
890;2
891;0
892;0
893;0
894;0
895;0
896;1
897;0
898;0
899;0
900;0
901;0
902;2
903;0
904;0
905;1
906;1
907;0
908;0
909;0
910;2
911;1
912;1
913;0
914;0
915;0
916;2
917;2
918;2
919;2
920;2
921;1
922;0
923;0
924;1
925;1
926;0
927;1
928;0
929;2
930;1
931;0
932;1
933;0
934;2
935;0
936;0
937;0
938;0
939;2
940;0
941;0
942;0
943;2
944;2
945;0
946;0
947;0
948;0
949;0
950;0
951;2
952;0
953;0
954;0
955;0
956;0
957;0
958;0
959;0
960;2
961;2
962;0
963;0
964;0
965;1
966;0
967;0
968;0
969;0
970;0
971;1
972;0
973;0
974;0
975;0
976;0
977;0
978;1
979;0
980;0
981;2
982;1
983;0
984;2
985;0
986;1
987;0
988;0
989;2
990;0
991;0
992;2
993;0
994;0
995;0
996;0
997;0
998;0
999;0
1000;0
1001;0
1002;0
1003;0
1004;0
1005;0
1006;0
1007;0
1008;2
1009;1
1010;0
1011;0
1012;1
1013;1
1014;1
1015;0
1016;0
1017;0
1018;0
1019;0
1020;0
1021;0
1022;0
1023;0
