0;0
1;0
2;0
3;2
4;4
5;0
6;2
7;0
8;2
9;0
10;2
11;0
12;2
13;1
14;0
15;0
16;0
17;1
18;0
19;0
20;0
21;0
22;1
23;2
24;0
25;0
26;1
27;1
28;0
29;0
30;0
31;0
32;1
33;2
34;1
35;0
36;0
37;0
38;0
39;0
40;1
41;0
42;0
43;1
44;1
45;1
46;0
47;0
48;2
49;0
50;0
51;0
52;0
53;0
54;0
55;2
56;2
57;2
58;2
59;2
60;0
61;0
62;0
63;2
64;2
65;0
66;2
67;2
68;2
69;0
70;2
71;0
72;0
73;0
74;0
75;2
76;1
77;0
78;0
79;2
80;1
81;0
82;0
83;0
84;2
85;2
86;2
87;0
88;2
89;0
90;2
91;0
92;0
93;0
94;0
95;0
96;0
97;0
98;0
99;0
100;2
101;1
102;0
103;1
104;0
105;0
106;0
107;1
108;0
109;1
110;0
111;0
112;0
113;0
114;0
115;0
116;0
117;0
118;0
119;0
120;0
121;0
122;0
123;0
124;1
125;2
126;0
127;0
128;1
129;0
130;1
131;0
132;1
133;0
134;2
135;2
136;2
137;0
138;2
139;2
140;2
141;0
142;2
143;0
144;2
145;2
146;0
147;0
148;0
149;0
150;0
151;0
152;2
153;2
154;0
155;0
156;1
157;1
158;0
159;0
160;0
161;0
162;2
163;2
164;2
165;1
166;0
167;0
168;0
169;0
170;0
171;0
172;2
173;2
174;2
175;2
176;2
177;0
178;0
179;0
180;0
181;0
182;0
183;0
184;0
185;0
186;0
187;2
188;0
189;0
190;0
191;1
192;0
193;0
194;2
195;2
196;1
197;0
198;2
199;1
200;1
201;0
202;2
203;2
204;1
205;0
206;2
207;0
208;2
209;0
210;0
211;1
212;0
213;0
214;1
215;2
216;0
217;0
218;0
219;2
220;2
221;0
222;0
223;0
224;2
225;0
226;2
227;0
228;1
229;0
230;0
231;0
232;0
233;0
234;0
235;0
236;0
237;0
238;1
239;0
240;0
241;0
242;0
243;0
244;0
245;2
246;0
247;0
248;0
249;2
250;1
251;0
252;2
253;0
254;2
255;1
256;0
257;0
258;1
259;0
260;0
261;0
262;1
263;0
264;2
265;2
266;2
267;2
268;1
269;0
270;2
271;1
272;0
273;0
274;0
275;0
276;2
277;0
278;2
279;2
280;2
281;0
282;2
283;0
284;2
285;0
286;0
287;2
288;0
289;2
290;2
291;1
292;0
293;2
294;0
295;0
296;0
297;0
298;0
299;0
300;0
301;0
302;0
303;2
304;1
305;0
306;0
307;0
308;1
309;0
310;0
311;0
312;0
313;0
314;0
315;2
316;2
317;0
318;1
319;0
320;2
321;2
322;0
323;0
324;2
325;2
326;1
327;0
328;1
329;0
330;2
331;1
332;0
333;0
334;2
335;2
336;4
337;0
338;2
339;2
340;2
341;1
342;0
343;0
344;1
345;2
346;0
347;2
348;1
349;0
350;0
351;0
352;2
353;0
354;0
355;2
356;2
357;0
358;0
359;2
360;2
361;0
362;0
363;1
364;0
365;1
366;0
367;0
368;1
369;0
370;0
371;0
372;2
373;1
374;0
375;0
376;0
377;2
378;0
379;0
380;0
381;1
382;0
383;1
384;0
385;0
386;1
387;0
388;1
389;0
390;0
391;0
392;0
393;0
394;0
395;1
396;0
397;0
398;0
399;2
400;2
401;0
402;2
403;2
404;0
405;0
406;0
407;0
408;0
409;0
410;0
411;1
412;0
413;1
414;0
415;1
416;0
417;1
418;0
419;0
420;0
421;0
422;0
423;0
424;0
425;0
426;0
427;0
428;0
429;0
430;2
431;2
432;2
433;0
434;0
435;0
436;1
437;1
438;2
439;1
440;0
441;2
442;0
443;0
444;1
445;0
446;0
447;0
448;0
449;2
450;1
451;0
452;1
453;0
454;2
455;1
456;0
457;0
458;0
459;2
460;2
461;0
462;0
463;2
464;2
465;0
466;0
467;2
468;1
469;0
470;0
471;0
472;1
473;0
474;1
475;0
476;2
477;2
478;0
479;2
480;0
481;0
482;2
483;2
484;0
485;0
486;0
487;0
488;1
489;0
490;0
491;0
492;0
493;0
494;0
495;2
496;0
497;2
498;0
499;2
500;0
501;2
502;2
503;2
504;2
505;0
506;0
507;0
508;0
509;0
510;0
511;0
512;2
513;0
514;2
515;0
516;0
517;0
518;2
519;0
520;0
521;0
522;0
523;0
524;0
525;0
526;1
527;0
528;0
529;1
530;0
531;0
532;0
533;0
534;0
535;2
536;0
537;0
538;2
539;2
540;4
541;0
542;2
543;2
544;2
545;0
546;2
547;0
548;1
549;0
550;1
551;0
552;0
553;0
554;1
555;0
556;0
557;0
558;0
559;1
560;1
561;0
562;1
563;1
564;0
565;0
566;0
567;0
568;0
569;0
570;0
571;1
572;0
573;1
574;0
575;2
576;2
577;0
578;2
579;0
580;2
581;0
582;2
583;0
584;0
585;0
586;0
587;2
588;2
589;0
590;1
591;1
592;0
593;0
594;0
595;1
596;0
597;0
598;0
599;1
600;2
601;0
602;0
603;1
604;0
605;1
606;0
607;2
608;1
609;0
610;0
611;1
612;0
613;0
614;0
615;2
616;1
617;0
618;2
619;2
620;2
621;0
622;2
623;0
624;1
625;0
626;0
627;0
628;0
629;2
630;2
631;2
632;2
633;0
634;0
635;2
636;0
637;0
638;2
639;0
640;0
641;0
642;0
643;1
644;0
645;1
646;0
647;2
648;2
649;2
650;2
651;0
652;2
653;0
654;1
655;0
656;0
657;0
658;1
659;0
660;0
661;0
662;0
663;0
664;0
665;2
666;2
667;1
668;0
669;0
670;0
671;2
672;2
673;0
674;0
675;2
676;2
677;0
678;0
679;0
680;0
681;2
682;2
683;1
684;0
685;2
686;0
687;1
688;0
689;0
690;0
691;2
692;0
693;2
694;1
695;0
696;2
697;2
698;2
699;2
700;1
701;1
702;0
703;0
704;2
705;0
706;0
707;1
708;0
709;2
710;2
711;2
712;1
713;0
714;0
715;2
716;1
717;0
718;0
719;1
720;1
721;0
722;2
723;2
724;2
725;0
726;2
727;0
728;2
729;0
730;0
731;0
732;0
733;2
734;2
735;0
736;0
737;0
738;1
739;0
740;0
741;1
742;0
743;0
744;0
745;0
746;0
747;1
748;0
749;0
750;2
751;0
752;0
753;0
754;0
755;0
756;0
757;0
758;0
759;1
760;0
761;0
762;0
763;1
764;4
765;0
766;2
767;2
768;2
769;0
770;0
771;0
772;1
773;0
774;2
775;1
776;0
777;0
778;0
779;0
780;0
781;0
782;0
783;1
784;0
785;0
786;0
787;0
788;0
789;0
790;0
791;2
792;1
793;0
794;2
795;0
796;0
797;0
798;0
799;0
800;1
801;0
802;2
803;0
804;0
805;0
806;0
807;0
808;0
809;0
810;0
811;0
812;1
813;0
814;0
815;0
816;0
817;2
818;1
819;0
820;0
821;0
822;2
823;2
824;1
825;1
826;0
827;2
828;2
829;2
830;2
831;2
832;2
833;2
834;2
835;0
836;2
837;2
838;2
839;2
840;0
841;0
842;2
843;1
844;0
845;0
846;0
847;2
848;2
849;0
850;2
851;2
852;2
853;0
854;2
855;0
856;2
857;0
858;0
859;2
860;2
861;0
862;0
863;0
864;0
865;0
866;0
867;0
868;0
869;0
870;0
871;2
872;0
873;0
874;0
875;0
876;1
877;0
878;0
879;0
880;1
881;1
882;0
883;0
884;2
885;0
886;2
887;2
888;2
889;0
890;2
891;0
892;0
893;1
894;0
895;0
896;2
897;0
898;0
899;2
900;0
901;0
902;2
903;2
904;1
905;0
906;0
907;1
908;2
909;2
910;0
911;2
912;2
913;2
914;2
915;0
916;2
917;0
918;0
919;2
920;2
921;0
922;2
923;2
924;0
925;0
926;0
927;1
928;0
929;0
930;0
931;2
932;2
933;2
934;0
935;0
936;0
937;2
938;2
939;0
940;2
941;0
942;0
943;0
944;1
945;0
946;2
947;2
948;1
949;0
950;2
951;2
952;1
953;0
954;0
955;2
956;4
957;2
958;2
959;2
960;0
961;0
962;2
963;0
964;2
965;1
966;0
967;2
968;2
969;0
970;0
971;0
972;0
973;2
974;1
975;0
976;0
977;0
978;0
979;0
980;0
981;1
982;0
983;0
984;1
985;0
986;1
987;0
988;2
989;2
990;0
991;0
992;0
993;0
994;0
995;0
996;0
997;2
998;2
999;2
1000;0
1001;1
1002;0
1003;0
1004;0
1005;0
1006;0
1007;0
1008;0
1009;0
1010;2
1011;0
1012;0
1013;0
1014;0
1015;0
1016;0
1017;0
1018;0
1019;0
1020;0
1021;0
1022;0
1023;0
