0;0
1;0
2;0
3;1
4;4
5;0
6;2
7;2
8;2
9;0
10;2
11;0
12;1
13;0
14;1
15;0
16;0
17;2
18;1
19;0
20;2
21;1
22;0
23;0
24;1
25;0
26;0
27;0
28;2
29;2
30;0
31;0
32;1
33;2
34;2
35;0
36;0
37;1
38;1
39;0
40;1
41;0
42;0
43;0
44;2
45;2
46;2
47;0
48;0
49;2
50;0
51;0
52;2
53;0
54;0
55;0
56;0
57;0
58;0
59;0
60;1
61;1
62;0
63;0
64;0
65;0
66;0
67;0
68;0
69;0
70;0
71;0
72;0
73;0
74;0
75;0
76;2
77;1
78;0
79;0
80;2
81;0
82;0
83;2
84;0
85;0
86;0
87;1
88;0
89;0
90;0
91;2
92;2
93;0
94;2
95;0
96;0
97;0
98;0
99;0
100;0
101;2
102;2
103;1
104;0
105;0
106;0
107;0
108;0
109;0
110;0
111;0
112;0
113;1
114;0
115;2
116;0
117;2
118;0
119;0
120;0
121;0
122;0
123;1
124;0
125;0
126;0
127;0
128;0
129;1
130;0
131;2
132;2
133;0
134;0
135;0
136;0
137;0
138;0
139;0
140;2
141;0
142;2
143;0
144;2
145;0
146;0
147;0
148;0
149;1
150;0
151;0
152;2
153;2
154;1
155;1
156;0
157;0
158;2
159;1
160;0
161;0
162;0
163;0
164;1
165;0
166;0
167;0
168;0
169;0
170;1
171;0
172;1
173;0
174;2
175;1
176;0
177;0
178;2
179;2
180;1
181;0
182;0
183;2
184;2
185;0
186;2
187;2
188;2
189;2
190;2
191;0
192;2
193;0
194;2
195;0
196;0
197;0
198;0
199;0
200;0
201;0
202;1
203;0
204;1
205;0
206;2
207;0
208;1
209;0
210;0
211;2
212;1
213;0
214;2
215;2
216;2
217;0
218;2
219;0
220;2
221;0
222;2
223;0
224;1
225;0
226;0
227;0
228;2
229;0
230;2
231;2
232;2
233;1
234;0
235;2
236;0
237;0
238;0
239;1
240;0
241;0
242;0
243;0
244;0
245;2
246;0
247;0
248;0
249;2
250;0
251;0
252;2
253;2
254;2
255;1
256;0
257;2
258;0
259;2
260;0
261;0
262;1
263;0
264;0
265;0
266;0
267;0
268;0
269;0
270;1
271;0
272;0
273;0
274;2
275;0
276;0
277;2
278;2
279;0
280;0
281;2
282;2
283;1
284;0
285;0
286;2
287;1
288;0
289;0
290;0
291;0
292;1
293;0
294;0
295;0
296;1
297;2
298;0
299;0
300;0
301;0
302;0
303;0
304;2
305;0
306;0
307;1
308;0
309;0
310;0
311;0
312;0
313;0
314;2
315;1
316;0
317;0
318;0
319;0
320;1
321;0
322;2
323;0
324;1
325;0
326;0
327;0
328;0
329;0
330;2
331;1
332;0
333;0
334;0
335;2
336;4
337;2
338;2
339;2
340;0
341;2
342;2
343;2
344;1
345;2
346;0
347;0
348;2
349;1
350;2
351;0
352;2
353;2
354;0
355;0
356;2
357;0
358;0
359;2
360;0
361;1
362;0
363;0
364;2
365;1
366;0
367;0
368;2
369;0
370;1
371;1
372;0
373;2
374;0
375;0
376;0
377;0
378;2
379;0
380;0
381;0
382;2
383;2
384;0
385;0
386;0
387;0
388;0
389;1
390;0
391;0
392;0
393;0
394;1
395;0
396;0
397;0
398;0
399;2
400;0
401;0
402;2
403;0
404;2
405;2
406;0
407;0
408;2
409;0
410;0
411;0
412;1
413;0
414;0
415;1
416;0
417;0
418;2
419;2
420;2
421;1
422;0
423;2
424;1
425;1
426;0
427;0
428;0
429;0
430;0
431;0
432;0
433;0
434;0
435;1
436;0
437;0
438;0
439;2
440;4
441;0
442;2
443;1
444;0
445;0
446;2
447;0
448;2
449;1
450;0
451;0
452;1
453;0
454;0
455;0
456;2
457;0
458;0
459;0
460;0
461;0
462;2
463;1
464;0
465;0
466;2
467;1
468;0
469;1
470;0
471;0
472;2
473;0
474;0
475;0
476;2
477;2
478;0
479;0
480;2
481;2
482;2
483;0
484;0
485;0
486;0
487;0
488;2
489;1
490;0
491;0
492;2
493;0
494;0
495;0
496;1
497;0
498;0
499;0
500;0
501;0
502;0
503;0
504;0
505;0
506;0
507;0
508;0
509;0
510;0
511;0
512;2
513;2
514;0
515;1
516;0
517;2
518;0
519;0
520;0
521;2
522;2
523;0
524;0
525;0
526;0
527;2
528;1
529;0
530;0
531;2
532;2
533;0
534;0
535;2
536;2
537;0
538;2
539;0
540;0
541;0
542;0
543;0
544;1
545;0
546;0
547;0
548;0
549;0
550;1
551;1
552;0
553;0
554;2
555;1
556;1
557;0
558;0
559;2
560;2
561;0
562;0
563;2
564;2
565;0
566;2
567;2
568;2
569;0
570;0
571;2
572;0
573;0
574;2
575;0
576;0
577;2
578;2
579;0
580;0
581;0
582;2
583;1
584;0
585;0
586;0
587;2
588;2
589;0
590;2
591;1
592;0
593;0
594;0
595;0
596;2
597;0
598;0
599;0
600;2
601;2
602;0
603;0
604;0
605;0
606;0
607;0
608;0
609;0
610;0
611;0
612;0
613;0
614;0
615;0
616;1
617;0
618;0
619;0
620;1
621;2
622;1
623;0
624;2
625;0
626;0
627;0
628;0
629;0
630;0
631;0
632;0
633;0
634;0
635;2
636;2
637;0
638;0
639;1
640;0
641;0
642;2
643;2
644;1
645;0
646;0
647;0
648;0
649;2
650;0
651;0
652;1
653;0
654;0
655;0
656;1
657;1
658;0
659;0
660;1
661;0
662;0
663;0
664;0
665;0
666;0
667;0
668;2
669;0
670;0
671;1
672;0
673;0
674;0
675;2
676;0
677;0
678;2
679;1
680;0
681;0
682;0
683;0
684;0
685;0
686;0
687;0
688;2
689;0
690;2
691;2
692;0
693;0
694;0
695;2
696;0
697;0
698;0
699;0
700;1
701;0
702;1
703;2
704;1
705;0
706;0
707;0
708;0
709;0
710;2
711;1
712;0
713;0
714;0
715;0
716;2
717;0
718;2
719;2
720;2
721;0
722;0
723;2
724;1
725;1
726;1
727;1
728;0
729;1
730;0
731;0
732;0
733;0
734;0
735;0
736;1
737;0
738;0
739;0
740;0
741;0
742;0
743;0
744;0
745;1
746;0
747;0
748;0
749;2
750;0
751;0
752;0
753;2
754;2
755;0
756;2
757;2
758;1
759;0
760;0
761;0
762;0
763;2
764;1
765;2
766;2
767;0
768;1
769;0
770;1
771;0
772;0
773;0
774;2
775;2
776;0
777;2
778;0
779;0
780;1
781;0
782;0
783;0
784;0
785;2
786;2
787;2
788;0
789;0
790;0
791;0
792;0
793;0
794;2
795;2
796;0
797;0
798;1
799;0
800;0
801;0
802;2
803;0
804;0
805;0
806;0
807;2
808;0
809;0
810;0
811;1
812;0
813;0
814;0
815;0
816;0
817;1
818;0
819;0
820;0
821;0
822;1
823;0
824;0
825;1
826;0
827;0
828;0
829;0
830;2
831;2
832;1
833;2
834;0
835;0
836;2
837;0
838;0
839;0
840;0
841;0
842;0
843;0
844;2
845;2
846;2
847;2
848;2
849;0
850;1
851;0
852;0
853;2
854;1
855;2
856;1
857;0
858;1
859;2
860;2
861;0
862;2
863;1
864;0
865;0
866;1
867;0
868;0
869;0
870;0
871;1
872;0
873;0
874;0
875;0
876;2
877;2
878;2
879;0
880;0
881;0
882;0
883;0
884;1
885;1
886;0
887;0
888;0
889;0
890;2
891;0
892;0
893;0
894;1
895;2
896;0
897;0
898;0
899;0
900;4
901;0
902;2
903;2
904;0
905;0
906;2
907;0
908;1
909;1
910;0
911;0
912;1
913;0
914;0
915;2
916;0
917;0
918;2
919;2
920;1
921;1
922;1
923;0
924;0
925;0
926;0
927;2
928;2
929;0
930;2
931;1
932;0
933;0
934;0
935;0
936;2
937;2
938;0
939;0
940;2
941;0
942;2
943;2
944;0
945;0
946;1
947;1
948;0
949;0
950;0
951;1
952;1
953;0
954;0
955;2
956;2
957;0
958;2
959;1
960;0
961;0
962;2
963;0
964;1
965;0
966;0
967;0
968;0
969;0
970;1
971;0
972;0
973;0
974;1
975;0
976;2
977;2
978;2
979;1
980;0
981;2
982;1
983;0
984;2
985;0
986;0
987;0
988;2
989;0
990;0
991;0
992;0
993;0
994;0
995;1
996;0
997;1
998;0
999;0
1000;0
1001;1
1002;0
1003;0
1004;2
1005;0
1006;0
1007;0
1008;0
1009;0
1010;0
1011;0
1012;0
1013;0
1014;0
1015;1
1016;0
1017;0
1018;0
1019;0
1020;0
1021;0
1022;0
1023;0
