0;1
1;0
2;0
3;0
4;4
5;0
6;2
7;0
8;0
9;0
10;2
11;0
12;2
13;0
14;0
15;0
16;0
17;1
18;0
19;0
20;2
21;1
22;0
23;2
24;1
25;2
26;2
27;0
28;2
29;0
30;0
31;2
32;0
33;0
34;0
35;2
36;0
37;0
38;0
39;2
40;1
41;0
42;0
43;0
44;2
45;0
46;0
47;0
48;0
49;1
50;0
51;0
52;2
53;0
54;0
55;1
56;1
57;1
58;0
59;0
60;2
61;2
62;0
63;2
64;1
65;0
66;0
67;2
68;2
69;0
70;0
71;1
72;0
73;0
74;2
75;0
76;1
77;0
78;0
79;0
80;0
81;0
82;0
83;0
84;0
85;0
86;0
87;0
88;0
89;0
90;2
91;2
92;0
93;0
94;0
95;2
96;4
97;0
98;0
99;2
100;2
101;0
102;0
103;0
104;2
105;0
106;2
107;1
108;1
109;2
110;0
111;0
112;0
113;2
114;0
115;0
116;2
117;0
118;0
119;0
120;0
121;4
122;0
123;0
124;0
125;0
126;1
127;0
128;0
129;2
130;2
131;0
132;0
133;0
134;0
135;0
136;2
137;2
138;0
139;1
140;0
141;0
142;0
143;0
144;2
145;1
146;1
147;0
148;1
149;0
150;0
151;0
152;2
153;0
154;2
155;0
156;2
157;0
158;0
159;0
160;0
161;1
162;0
163;2
164;1
165;0
166;2
167;1
168;0
169;0
170;0
171;0
172;4
173;0
174;2
175;0
176;2
177;0
178;2
179;0
180;2
181;0
182;0
183;0
184;1
185;0
186;0
187;0
188;0
189;0
190;2
191;0
192;0
193;0
194;1
195;0
196;0
197;0
198;0
199;0
200;0
201;0
202;0
203;0
204;0
205;0
206;0
207;0
208;0
209;1
210;0
211;0
212;1
213;0
214;1
215;0
216;1
217;0
218;0
219;0
220;0
221;0
222;2
223;2
224;2
225;0
226;2
227;0
228;1
229;0
230;0
231;0
232;2
233;2
234;0
235;0
236;0
237;1
238;0
239;1
240;2
241;1
242;0
243;0
244;2
245;0
246;2
247;0
248;0
249;1
250;0
251;0
252;0
253;0
254;0
255;0
256;0
257;0
258;0
259;0
260;1
261;0
262;0
263;0
264;0
265;2
266;1
267;0
268;0
269;0
270;0
271;0
272;0
273;0
274;1
275;0
276;0
277;2
278;2
279;2
280;0
281;2
282;0
283;0
284;0
285;0
286;2
287;4
288;0
289;0
290;0
291;1
292;1
293;0
294;2
295;1
296;1
297;0
298;0
299;2
300;2
301;2
302;2
303;1
304;0
305;0
306;2
307;0
308;2
309;0
310;0
311;0
312;2
313;0
314;0
315;0
316;2
317;1
318;1
319;2
320;2
321;0
322;0
323;0
324;0
325;1
326;0
327;0
328;2
329;0
330;0
331;0
332;2
333;2
334;0
335;0
336;0
337;0
338;1
339;0
340;1
341;0
342;0
343;1
344;4
345;0
346;2
347;2
348;2
349;0
350;2
351;0
352;2
353;0
354;0
355;2
356;2
357;0
358;0
359;0
360;0
361;0
362;0
363;0
364;2
365;0
366;0
367;0
368;0
369;0
370;0
371;0
372;0
373;1
374;1
375;0
376;1
377;0
378;0
379;0
380;0
381;0
382;0
383;0
384;1
385;0
386;0
387;1
388;2
389;2
390;0
391;0
392;2
393;0
394;0
395;0
396;0
397;0
398;0
399;0
400;0
401;2
402;1
403;0
404;1
405;0
406;0
407;1
408;1
409;0
410;0
411;0
412;0
413;1
414;0
415;0
416;0
417;0
418;0
419;2
420;2
421;0
422;2
423;2
424;2
425;0
426;0
427;2
428;2
429;0
430;2
431;2
432;2
433;0
434;0
435;0
436;2
437;0
438;2
439;2
440;1
441;0
442;0
443;0
444;2
445;1
446;0
447;0
448;0
449;0
450;0
451;0
452;0
453;0
454;2
455;0
456;0
457;2
458;1
459;0
460;0
461;1
462;0
463;0
464;0
465;0
466;0
467;2
468;0
469;0
470;2
471;2
472;1
473;0
474;0
475;2
476;4
477;0
478;2
479;0
480;2
481;0
482;2
483;0
484;2
485;0
486;0
487;0
488;0
489;0
490;0
491;0
492;0
493;0
494;2
495;2
496;0
497;1
498;1
499;0
500;2
501;0
502;0
503;2
504;0
505;0
506;0
507;0
508;1
509;0
510;0
511;0
512;0
513;0
514;2
515;1
516;0
517;0
518;0
519;0
520;1
521;0
522;2
523;2
524;1
525;0
526;0
527;0
528;4
529;0
530;2
531;2
532;1
533;2
534;2
535;0
536;1
537;1
538;0
539;0
540;2
541;0
542;0
543;0
544;0
545;2
546;0
547;0
548;2
549;0
550;0
551;0
552;0
553;2
554;2
555;2
556;2
557;2
558;0
559;0
560;0
561;0
562;0
563;0
564;2
565;1
566;0
567;2
568;2
569;0
570;0
571;1
572;0
573;0
574;0
575;0
576;0
577;0
578;0
579;0
580;0
581;0
582;0
583;0
584;0
585;1
586;0
587;0
588;0
589;1
590;0
591;0
592;0
593;0
594;0
595;0
596;0
597;0
598;0
599;0
600;0
601;0
602;0
603;2
604;0
605;2
606;2
607;0
608;2
609;0
610;0
611;0
612;0
613;0
614;0
615;0
616;1
617;0
618;0
619;2
620;1
621;0
622;2
623;2
624;4
625;0
626;2
627;0
628;0
629;0
630;0
631;0
632;2
633;2
634;2
635;0
636;2
637;0
638;2
639;0
640;0
641;2
642;0
643;1
644;1
645;0
646;0
647;0
648;0
649;0
650;0
651;0
652;0
653;0
654;2
655;0
656;0
657;0
658;0
659;2
660;0
661;0
662;0
663;0
664;1
665;0
666;0
667;2
668;2
669;0
670;0
671;1
672;2
673;0
674;0
675;0
676;0
677;0
678;0
679;0
680;0
681;0
682;2
683;0
684;1
685;0
686;2
687;0
688;2
689;2
690;2
691;0
692;1
693;0
694;0
695;0
696;2
697;0
698;0
699;0
700;2
701;0
702;1
703;0
704;0
705;1
706;0
707;0
708;0
709;0
710;0
711;0
712;0
713;0
714;2
715;1
716;0
717;0
718;0
719;2
720;2
721;0
722;2
723;0
724;0
725;0
726;0
727;0
728;0
729;2
730;0
731;0
732;2
733;2
734;0
735;2
736;0
737;0
738;0
739;0
740;0
741;2
742;1
743;0
744;2
745;0
746;0
747;0
748;0
749;1
750;0
751;0
752;0
753;0
754;0
755;0
756;0
757;2
758;0
759;0
760;2
761;0
762;0
763;1
764;0
765;0
766;0
767;0
768;1
769;0
770;0
771;0
772;2
773;0
774;0
775;0
776;0
777;0
778;2
779;1
780;0
781;0
782;0
783;2
784;1
785;0
786;2
787;0
788;1
789;0
790;0
791;1
792;2
793;0
794;2
795;2
796;2
797;0
798;0
799;0
800;0
801;0
802;2
803;2
804;1
805;0
806;0
807;0
808;0
809;0
810;0
811;0
812;0
813;0
814;2
815;2
816;2
817;1
818;0
819;0
820;0
821;0
822;0
823;0
824;1
825;1
826;0
827;0
828;1
829;2
830;0
831;0
832;1
833;0
834;0
835;0
836;1
837;0
838;1
839;0
840;1
841;0
842;0
843;2
844;4
845;0
846;2
847;2
848;0
849;0
850;0
851;0
852;1
853;0
854;0
855;1
856;0
857;0
858;1
859;0
860;2
861;2
862;0
863;0
864;0
865;0
866;0
867;0
868;2
869;1
870;1
871;0
872;0
873;1
874;0
875;0
876;0
877;0
878;0
879;0
880;0
881;0
882;0
883;0
884;1
885;0
886;0
887;1
888;0
889;2
890;0
891;0
892;0
893;0
894;0
895;2
896;1
897;0
898;0
899;0
900;2
901;0
902;2
903;2
904;2
905;0
906;0
907;0
908;1
909;2
910;2
911;0
912;0
913;0
914;0
915;0
916;2
917;0
918;0
919;0
920;0
921;0
922;0
923;0
924;0
925;1
926;1
927;0
928;1
929;1
930;2
931;2
932;1
933;1
934;0
935;2
936;1
937;0
938;2
939;0
940;2
941;0
942;2
943;0
944;0
945;0
946;1
947;0
948;0
949;0
950;0
951;0
952;0
953;2
954;1
955;0
956;1
957;0
958;0
959;0
960;0
961;0
962;1
963;0
964;1
965;0
966;1
967;0
968;2
969;0
970;0
971;0
972;0
973;1
974;0
975;0
976;0
977;0
978;2
979;2
980;0
981;2
982;0
983;0
984;1
985;0
986;1
987;0
988;0
989;0
990;0
991;2
992;2
993;0
994;0
995;2
996;2
997;2
998;0
999;2
1000;1
1001;0
1002;2
1003;0
1004;0
1005;0
1006;1
1007;2
1008;0
1009;0
1010;0
1011;0
1012;0
1013;0
1014;0
1015;0
1016;0
1017;0
1018;0
1019;0
1020;0
1021;0
1022;0
1023;0
