0;1
1;0
2;0
3;0
4;1
5;0
6;2
7;2
8;2
9;0
10;0
11;1
12;1
13;0
14;1
15;0
16;0
17;0
18;2
19;2
20;2
21;2
22;0
23;0
24;0
25;0
26;0
27;0
28;2
29;0
30;1
31;1
32;0
33;2
34;0
35;0
36;2
37;2
38;1
39;0
40;1
41;0
42;0
43;0
44;2
45;1
46;0
47;1
48;0
49;2
50;0
51;0
52;1
53;0
54;0
55;0
56;0
57;0
58;0
59;0
60;2
61;0
62;0
63;2
64;0
65;0
66;0
67;0
68;0
69;0
70;0
71;0
72;0
73;2
74;0
75;1
76;2
77;2
78;1
79;0
80;2
81;0
82;0
83;2
84;0
85;0
86;0
87;2
88;1
89;0
90;0
91;2
92;1
93;0
94;0
95;1
96;0
97;0
98;0
99;0
100;0
101;0
102;1
103;1
104;0
105;0
106;0
107;1
108;0
109;0
110;0
111;0
112;0
113;1
114;1
115;0
116;2
117;2
118;0
119;0
120;0
121;2
122;0
123;2
124;2
125;0
126;0
127;0
128;0
129;2
130;2
131;2
132;2
133;0
134;0
135;0
136;1
137;0
138;0
139;0
140;2
141;0
142;0
143;1
144;2
145;0
146;1
147;0
148;0
149;1
150;0
151;0
152;2
153;0
154;1
155;1
156;0
157;0
158;2
159;2
160;0
161;2
162;0
163;0
164;1
165;0
166;0
167;0
168;0
169;0
170;2
171;2
172;2
173;1
174;2
175;1
176;0
177;0
178;2
179;0
180;1
181;0
182;2
183;2
184;2
185;0
186;1
187;0
188;0
189;1
190;1
191;0
192;0
193;0
194;1
195;0
196;2
197;0
198;2
199;0
200;0
201;0
202;0
203;1
204;0
205;0
206;0
207;0
208;0
209;0
210;0
211;0
212;2
213;0
214;2
215;0
216;0
217;2
218;0
219;0
220;0
221;1
222;0
223;0
224;2
225;0
226;0
227;0
228;0
229;0
230;0
231;2
232;0
233;0
234;2
235;0
236;2
237;0
238;2
239;0
240;0
241;0
242;0
243;0
244;0
245;1
246;2
247;0
248;4
249;1
250;0
251;1
252;0
253;2
254;1
255;0
256;1
257;0
258;2
259;2
260;0
261;0
262;0
263;0
264;4
265;0
266;2
267;2
268;2
269;0
270;2
271;0
272;2
273;1
274;0
275;0
276;0
277;0
278;0
279;0
280;2
281;0
282;0
283;0
284;0
285;0
286;0
287;0
288;2
289;0
290;0
291;1
292;0
293;1
294;0
295;0
296;0
297;1
298;1
299;1
300;0
301;0
302;0
303;2
304;2
305;2
306;1
307;1
308;0
309;0
310;0
311;0
312;0
313;0
314;2
315;1
316;0
317;0
318;0
319;2
320;1
321;2
322;2
323;0
324;0
325;2
326;2
327;2
328;1
329;0
330;0
331;0
332;2
333;1
334;1
335;2
336;2
337;0
338;2
339;0
340;0
341;0
342;2
343;1
344;0
345;0
346;2
347;2
348;2
349;0
350;2
351;2
352;4
353;0
354;2
355;0
356;0
357;2
358;0
359;0
360;1
361;0
362;1
363;0
364;0
365;0
366;2
367;2
368;1
369;2
370;0
371;0
372;0
373;1
374;0
375;1
376;0
377;0
378;0
379;2
380;0
381;0
382;0
383;0
384;0
385;0
386;0
387;0
388;0
389;0
390;2
391;1
392;0
393;0
394;2
395;0
396;1
397;0
398;2
399;0
400;1
401;0
402;2
403;1
404;0
405;0
406;0
407;0
408;1
409;0
410;2
411;0
412;2
413;0
414;2
415;0
416;1
417;0
418;0
419;2
420;0
421;1
422;2
423;2
424;0
425;0
426;2
427;0
428;0
429;0
430;0
431;0
432;2
433;0
434;0
435;1
436;0
437;1
438;0
439;0
440;0
441;1
442;0
443;2
444;2
445;0
446;2
447;0
448;0
449;2
450;0
451;0
452;0
453;0
454;0
455;0
456;0
457;0
458;1
459;0
460;1
461;0
462;0
463;2
464;0
465;0
466;0
467;0
468;1
469;1
470;0
471;2
472;0
473;0
474;0
475;0
476;0
477;0
478;1
479;2
480;1
481;0
482;0
483;2
484;1
485;0
486;2
487;2
488;0
489;0
490;0
491;2
492;2
493;2
494;1
495;0
496;0
497;0
498;1
499;0
500;0
501;0
502;0
503;0
504;1
505;2
506;0
507;0
508;1
509;0
510;0
511;0
512;1
513;2
514;0
515;0
516;0
517;2
518;0
519;0
520;1
521;0
522;0
523;0
524;2
525;2
526;2
527;0
528;2
529;2
530;0
531;1
532;0
533;2
534;2
535;0
536;0
537;0
538;2
539;2
540;0
541;0
542;2
543;1
544;0
545;0
546;0
547;0
548;2
549;0
550;0
551;0
552;1
553;0
554;0
555;2
556;0
557;0
558;1
559;0
560;1
561;0
562;2
563;0
564;0
565;2
566;2
567;2
568;2
569;2
570;2
571;0
572;0
573;0
574;0
575;0
576;2
577;2
578;0
579;2
580;2
581;0
582;0
583;1
584;0
585;0
586;0
587;0
588;0
589;0
590;0
591;0
592;2
593;2
594;0
595;1
596;1
597;0
598;0
599;0
600;0
601;0
602;0
603;0
604;0
605;0
606;0
607;0
608;0
609;0
610;0
611;0
612;0
613;0
614;0
615;0
616;2
617;0
618;0
619;0
620;0
621;0
622;0
623;0
624;2
625;0
626;2
627;1
628;0
629;0
630;0
631;2
632;1
633;0
634;2
635;1
636;2
637;2
638;0
639;0
640;1
641;0
642;2
643;2
644;1
645;0
646;0
647;0
648;2
649;0
650;2
651;2
652;2
653;0
654;2
655;0
656;1
657;0
658;1
659;0
660;0
661;0
662;0
663;0
664;0
665;2
666;2
667;2
668;2
669;0
670;0
671;0
672;0
673;0
674;2
675;2
676;1
677;0
678;2
679;0
680;0
681;0
682;0
683;0
684;0
685;0
686;0
687;2
688;0
689;0
690;0
691;2
692;0
693;0
694;0
695;2
696;1
697;0
698;1
699;0
700;1
701;0
702;2
703;0
704;0
705;0
706;0
707;0
708;0
709;1
710;0
711;0
712;0
713;0
714;1
715;0
716;0
717;0
718;0
719;0
720;0
721;0
722;0
723;0
724;1
725;0
726;0
727;0
728;0
729;0
730;0
731;1
732;2
733;2
734;0
735;0
736;0
737;2
738;0
739;0
740;2
741;0
742;2
743;2
744;0
745;0
746;0
747;1
748;0
749;0
750;0
751;0
752;1
753;0
754;0
755;0
756;0
757;0
758;2
759;2
760;0
761;2
762;0
763;0
764;1
765;1
766;0
767;0
768;0
769;2
770;0
771;2
772;0
773;0
774;0
775;0
776;2
777;2
778;2
779;1
780;1
781;0
782;1
783;0
784;0
785;0
786;2
787;0
788;0
789;0
790;0
791;2
792;0
793;1
794;0
795;1
796;2
797;0
798;0
799;0
800;0
801;0
802;0
803;1
804;0
805;0
806;1
807;0
808;0
809;2
810;1
811;0
812;0
813;1
814;0
815;0
816;0
817;1
818;0
819;0
820;0
821;0
822;0
823;0
824;0
825;0
826;0
827;0
828;2
829;0
830;2
831;2
832;1
833;1
834;0
835;0
836;0
837;2
838;0
839;2
840;1
841;0
842;1
843;0
844;2
845;0
846;1
847;0
848;0
849;0
850;0
851;2
852;2
853;0
854;0
855;1
856;0
857;0
858;0
859;0
860;0
861;0
862;2
863;2
864;2
865;0
866;0
867;2
868;2
869;0
870;2
871;2
872;2
873;0
874;2
875;0
876;2
877;0
878;0
879;0
880;0
881;1
882;0
883;0
884;1
885;0
886;1
887;0
888;0
889;0
890;1
891;0
892;0
893;0
894;1
895;1
896;0
897;2
898;0
899;2
900;1
901;2
902;0
903;0
904;2
905;0
906;1
907;0
908;1
909;1
910;1
911;1
912;0
913;0
914;0
915;2
916;0
917;0
918;1
919;0
920;0
921;0
922;0
923;0
924;2
925;2
926;0
927;1
928;0
929;0
930;2
931;2
932;0
933;0
934;0
935;1
936;0
937;0
938;2
939;1
940;4
941;0
942;0
943;0
944;0
945;1
946;0
947;2
948;2
949;0
950;2
951;1
952;0
953;2
954;2
955;2
956;2
957;0
958;0
959;0
960;0
961;0
962;0
963;0
964;0
965;0
966;0
967;1
968;0
969;1
970;0
971;0
972;0
973;0
974;0
975;1
976;0
977;0
978;0
979;1
980;0
981;0
982;2
983;0
984;0
985;0
986;0
987;0
988;1
989;0
990;0
991;0
992;0
993;0
994;1
995;0
996;0
997;2
998;0
999;0
1000;1
1001;0
1002;2
1003;1
1004;0
1005;2
1006;0
1007;0
1008;0
1009;0
1010;0
1011;0
1012;1
1013;1
1014;0
1015;0
1016;0
1017;0
1018;0
1019;0
1020;0
1021;0
1022;0
1023;0
