0;1
1;0
2;0
3;1
4;0
5;0
6;2
7;2
8;2
9;0
10;2
11;0
12;2
13;0
14;0
15;0
16;1
17;2
18;2
19;1
20;0
21;1
22;0
23;2
24;1
25;0
26;2
27;2
28;1
29;0
30;0
31;0
32;0
33;0
34;0
35;0
36;0
37;0
38;2
39;0
40;1
41;0
42;1
43;0
44;1
45;0
46;0
47;0
48;1
49;1
50;2
51;0
52;0
53;0
54;0
55;0
56;0
57;1
58;0
59;2
60;1
61;0
62;0
63;0
64;0
65;0
66;2
67;0
68;0
69;0
70;0
71;0
72;1
73;0
74;0
75;0
76;0
77;0
78;0
79;2
80;2
81;0
82;2
83;1
84;1
85;2
86;0
87;0
88;1
89;1
90;2
91;2
92;2
93;0
94;0
95;0
96;2
97;0
98;0
99;0
100;0
101;0
102;1
103;0
104;0
105;0
106;2
107;2
108;0
109;2
110;0
111;0
112;0
113;0
114;0
115;0
116;0
117;0
118;0
119;0
120;0
121;0
122;1
123;0
124;0
125;0
126;0
127;2
128;2
129;0
130;2
131;0
132;1
133;0
134;0
135;0
136;0
137;2
138;1
139;2
140;1
141;0
142;2
143;0
144;0
145;0
146;0
147;0
148;0
149;0
150;0
151;0
152;1
153;0
154;0
155;0
156;0
157;0
158;0
159;0
160;2
161;0
162;0
163;0
164;0
165;0
166;0
167;0
168;0
169;0
170;1
171;0
172;1
173;0
174;2
175;2
176;4
177;0
178;0
179;0
180;2
181;0
182;2
183;0
184;1
185;0
186;0
187;0
188;0
189;0
190;0
191;0
192;0
193;0
194;2
195;0
196;1
197;0
198;2
199;1
200;0
201;0
202;2
203;2
204;0
205;0
206;2
207;0
208;0
209;0
210;0
211;0
212;0
213;0
214;0
215;0
216;0
217;0
218;0
219;0
220;1
221;0
222;0
223;0
224;0
225;1
226;0
227;2
228;0
229;0
230;0
231;0
232;0
233;1
234;1
235;2
236;0
237;2
238;1
239;0
240;1
241;0
242;2
243;2
244;0
245;0
246;2
247;1
248;0
249;0
250;0
251;1
252;1
253;0
254;2
255;1
256;0
257;0
258;2
259;0
260;2
261;0
262;0
263;0
264;1
265;0
266;2
267;0
268;0
269;2
270;0
271;0
272;2
273;2
274;1
275;2
276;1
277;0
278;0
279;0
280;0
281;1
282;0
283;0
284;1
285;0
286;0
287;0
288;1
289;0
290;0
291;0
292;1
293;0
294;0
295;0
296;0
297;0
298;2
299;0
300;2
301;0
302;0
303;0
304;2
305;0
306;0
307;0
308;2
309;0
310;0
311;0
312;0
313;0
314;0
315;0
316;0
317;1
318;1
319;0
320;0
321;0
322;0
323;0
324;0
325;0
326;0
327;2
328;1
329;0
330;0
331;1
332;4
333;0
334;0
335;0
336;1
337;0
338;0
339;0
340;1
341;0
342;0
343;0
344;2
345;0
346;0
347;0
348;0
349;0
350;0
351;0
352;0
353;2
354;2
355;0
356;2
357;0
358;2
359;0
360;0
361;0
362;0
363;0
364;2
365;0
366;2
367;0
368;2
369;2
370;2
371;2
372;0
373;0
374;1
375;0
376;1
377;0
378;0
379;0
380;0
381;0
382;0
383;1
384;0
385;0
386;0
387;0
388;0
389;0
390;2
391;2
392;0
393;1
394;0
395;0
396;0
397;0
398;0
399;0
400;1
401;2
402;2
403;2
404;2
405;0
406;0
407;0
408;1
409;0
410;0
411;0
412;0
413;0
414;0
415;0
416;2
417;0
418;0
419;2
420;2
421;2
422;2
423;0
424;2
425;0
426;2
427;0
428;2
429;0
430;0
431;0
432;0
433;2
434;0
435;0
436;0
437;0
438;0
439;2
440;1
441;0
442;0
443;2
444;0
445;0
446;0
447;2
448;0
449;0
450;2
451;0
452;1
453;0
454;0
455;2
456;2
457;2
458;2
459;0
460;2
461;0
462;0
463;0
464;2
465;0
466;2
467;2
468;0
469;0
470;0
471;0
472;0
473;2
474;0
475;0
476;0
477;0
478;1
479;0
480;2
481;0
482;2
483;0
484;2
485;1
486;0
487;0
488;2
489;2
490;2
491;2
492;2
493;2
494;0
495;1
496;1
497;2
498;0
499;1
500;0
501;0
502;0
503;0
504;1
505;0
506;0
507;1
508;0
509;0
510;0
511;0
512;0
513;2
514;2
515;0
516;2
517;2
518;0
519;0
520;0
521;0
522;0
523;0
524;0
525;0
526;0
527;0
528;0
529;0
530;0
531;0
532;2
533;0
534;0
535;0
536;0
537;0
538;0
539;0
540;0
541;2
542;1
543;0
544;0
545;2
546;0
547;0
548;2
549;0
550;2
551;0
552;0
553;0
554;0
555;1
556;1
557;0
558;2
559;1
560;0
561;0
562;2
563;0
564;1
565;0
566;2
567;0
568;1
569;2
570;0
571;2
572;0
573;2
574;0
575;0
576;1
577;0
578;1
579;0
580;1
581;1
582;0
583;2
584;4
585;0
586;2
587;2
588;0
589;2
590;2
591;0
592;2
593;2
594;0
595;0
596;0
597;0
598;0
599;0
600;0
601;0
602;0
603;0
604;2
605;2
606;2
607;0
608;1
609;0
610;0
611;2
612;2
613;0
614;2
615;2
616;2
617;0
618;1
619;0
620;0
621;1
622;1
623;0
624;2
625;2
626;2
627;2
628;2
629;0
630;0
631;0
632;0
633;0
634;0
635;0
636;0
637;0
638;1
639;1
640;1
641;0
642;1
643;0
644;0
645;0
646;0
647;2
648;4
649;0
650;2
651;1
652;0
653;0
654;0
655;0
656;2
657;0
658;0
659;0
660;1
661;0
662;0
663;0
664;0
665;0
666;2
667;0
668;2
669;2
670;0
671;0
672;2
673;0
674;2
675;0
676;0
677;0
678;0
679;2
680;2
681;0
682;0
683;0
684;2
685;0
686;0
687;0
688;0
689;2
690;2
691;2
692;2
693;0
694;0
695;0
696;1
697;0
698;1
699;0
700;1
701;0
702;0
703;0
704;0
705;0
706;0
707;0
708;0
709;0
710;0
711;0
712;0
713;0
714;2
715;2
716;1
717;1
718;0
719;0
720;0
721;0
722;2
723;0
724;1
725;1
726;1
727;0
728;0
729;0
730;0
731;0
732;1
733;0
734;0
735;0
736;0
737;0
738;0
739;0
740;0
741;0
742;0
743;1
744;0
745;0
746;2
747;1
748;0
749;2
750;0
751;0
752;0
753;0
754;0
755;0
756;1
757;0
758;2
759;0
760;0
761;0
762;0
763;2
764;2
765;0
766;2
767;1
768;2
769;0
770;2
771;2
772;0
773;0
774;0
775;1
776;0
777;1
778;0
779;0
780;0
781;2
782;2
783;2
784;0
785;0
786;0
787;0
788;1
789;0
790;0
791;0
792;0
793;2
794;2
795;0
796;0
797;2
798;2
799;2
800;1
801;0
802;0
803;2
804;0
805;1
806;2
807;0
808;4
809;1
810;0
811;0
812;0
813;0
814;0
815;0
816;2
817;0
818;0
819;0
820;0
821;0
822;0
823;1
824;1
825;2
826;2
827;1
828;0
829;2
830;2
831;2
832;1
833;0
834;2
835;0
836;2
837;0
838;2
839;0
840;0
841;2
842;2
843;0
844;0
845;1
846;1
847;1
848;0
849;0
850;0
851;0
852;1
853;0
854;0
855;2
856;2
857;0
858;0
859;2
860;2
861;0
862;0
863;0
864;2
865;0
866;1
867;0
868;2
869;0
870;2
871;0
872;0
873;0
874;0
875;0
876;0
877;0
878;1
879;0
880;2
881;2
882;0
883;0
884;1
885;0
886;0
887;0
888;2
889;0
890;2
891;2
892;1
893;0
894;0
895;0
896;1
897;0
898;1
899;0
900;0
901;1
902;0
903;0
904;0
905;0
906;0
907;1
908;0
909;0
910;2
911;2
912;0
913;2
914;0
915;0
916;1
917;0
918;1
919;0
920;1
921;2
922;0
923;2
924;4
925;0
926;0
927;0
928;2
929;0
930;2
931;0
932;1
933;0
934;0
935;1
936;1
937;0
938;0
939;0
940;1
941;0
942;2
943;2
944;1
945;0
946;0
947;0
948;2
949;1
950;2
951;0
952;1
953;0
954;0
955;0
956;0
957;1
958;0
959;1
960;1
961;1
962;2
963;0
964;0
965;1
966;1
967;0
968;2
969;2
970;2
971;1
972;0
973;0
974;1
975;0
976;0
977;0
978;0
979;0
980;2
981;0
982;0
983;0
984;1
985;0
986;1
987;0
988;0
989;0
990;2
991;0
992;1
993;0
994;0
995;0
996;1
997;2
998;0
999;0
1000;0
1001;0
1002;0
1003;2
1004;0
1005;0
1006;0
1007;0
1008;0
1009;0
1010;0
1011;2
1012;0
1013;1
1014;0
1015;0
1016;0
1017;0
1018;0
1019;0
1020;0
1021;0
1022;0
1023;0
