0;1
1;1
2;0
3;2
4;4
5;2
6;2
7;2
8;2
9;0
10;2
11;0
12;2
13;0
14;0
15;0
16;1
17;2
18;2
19;2
20;2
21;2
22;0
23;2
24;1
25;0
26;2
27;2
28;2
29;0
30;0
31;0
32;0
33;0
34;0
35;0
36;0
37;1
38;0
39;2
40;1
41;0
42;0
43;0
44;2
45;2
46;2
47;1
48;0
49;0
50;0
51;2
52;4
53;0
54;2
55;2
56;2
57;0
58;2
59;0
60;2
61;0
62;0
63;2
64;0
65;0
66;2
67;0
68;0
69;0
70;2
71;1
72;0
73;0
74;0
75;0
76;0
77;0
78;0
79;0
80;0
81;0
82;0
83;2
84;1
85;0
86;0
87;2
88;2
89;0
90;2
91;0
92;2
93;2
94;0
95;1
96;1
97;2
98;0
99;0
100;0
101;0
102;2
103;2
104;0
105;0
106;0
107;1
108;0
109;0
110;0
111;1
112;0
113;0
114;1
115;0
116;0
117;0
118;0
119;0
120;0
121;0
122;1
123;0
124;0
125;0
126;0
127;0
128;0
129;1
130;0
131;1
132;0
133;1
134;1
135;0
136;1
137;0
138;0
139;0
140;2
141;0
142;2
143;0
144;2
145;0
146;0
147;0
148;0
149;2
150;2
151;1
152;1
153;0
154;2
155;0
156;0
157;0
158;0
159;0
160;0
161;0
162;2
163;0
164;0
165;0
166;1
167;0
168;0
169;1
170;0
171;1
172;0
173;0
174;0
175;0
176;0
177;0
178;0
179;0
180;0
181;0
182;0
183;0
184;2
185;0
186;0
187;0
188;1
189;0
190;2
191;2
192;1
193;0
194;0
195;2
196;4
197;0
198;2
199;0
200;2
201;0
202;2
203;0
204;2
205;0
206;0
207;0
208;0
209;2
210;2
211;2
212;1
213;0
214;2
215;0
216;0
217;0
218;0
219;2
220;0
221;0
222;0
223;0
224;0
225;0
226;0
227;2
228;0
229;0
230;1
231;0
232;1
233;0
234;2
235;2
236;1
237;0
238;0
239;2
240;4
241;0
242;0
243;0
244;2
245;0
246;0
247;0
248;2
249;1
250;0
251;0
252;0
253;0
254;0
255;0
256;2
257;1
258;2
259;2
260;2
261;1
262;0
263;0
264;0
265;0
266;0
267;2
268;2
269;0
270;1
271;0
272;1
273;0
274;2
275;1
276;0
277;0
278;0
279;0
280;0
281;2
282;1
283;2
284;1
285;0
286;0
287;0
288;0
289;1
290;0
291;0
292;0
293;0
294;0
295;0
296;2
297;0
298;0
299;2
300;0
301;0
302;0
303;2
304;2
305;0
306;0
307;1
308;0
309;0
310;0
311;0
312;2
313;0
314;0
315;0
316;2
317;0
318;0
319;0
320;0
321;0
322;0
323;0
324;0
325;1
326;2
327;0
328;0
329;0
330;2
331;0
332;0
333;0
334;0
335;2
336;1
337;0
338;2
339;2
340;4
341;0
342;0
343;0
344;2
345;1
346;2
347;2
348;1
349;0
350;0
351;2
352;2
353;1
354;0
355;0
356;0
357;0
358;0
359;0
360;2
361;0
362;0
363;1
364;0
365;0
366;0
367;2
368;0
369;0
370;1
371;0
372;1
373;0
374;0
375;2
376;1
377;0
378;2
379;2
380;2
381;0
382;0
383;0
384;2
385;0
386;1
387;0
388;2
389;0
390;0
391;0
392;0
393;2
394;2
395;1
396;0
397;0
398;0
399;0
400;2
401;1
402;0
403;0
404;0
405;0
406;1
407;0
408;0
409;1
410;0
411;1
412;0
413;0
414;1
415;0
416;2
417;1
418;0
419;0
420;0
421;0
422;0
423;0
424;0
425;0
426;1
427;2
428;0
429;0
430;0
431;1
432;0
433;0
434;0
435;0
436;2
437;0
438;0
439;1
440;0
441;0
442;2
443;1
444;0
445;2
446;2
447;0
448;1
449;0
450;0
451;2
452;1
453;0
454;0
455;2
456;4
457;0
458;0
459;2
460;2
461;0
462;2
463;0
464;2
465;0
466;0
467;0
468;2
469;0
470;0
471;0
472;1
473;2
474;1
475;0
476;0
477;0
478;2
479;2
480;0
481;0
482;0
483;0
484;2
485;0
486;0
487;2
488;2
489;0
490;0
491;0
492;0
493;0
494;2
495;1
496;0
497;0
498;0
499;0
500;1
501;0
502;0
503;1
504;2
505;0
506;0
507;1
508;0
509;0
510;0
511;2
512;2
513;2
514;2
515;0
516;2
517;0
518;0
519;1
520;0
521;2
522;0
523;0
524;0
525;0
526;0
527;1
528;0
529;0
530;0
531;1
532;1
533;0
534;0
535;0
536;0
537;2
538;2
539;2
540;0
541;2
542;0
543;2
544;0
545;0
546;1
547;0
548;1
549;0
550;0
551;2
552;2
553;0
554;2
555;0
556;0
557;0
558;2
559;0
560;2
561;0
562;0
563;1
564;0
565;1
566;2
567;1
568;0
569;0
570;0
571;0
572;0
573;0
574;0
575;0
576;0
577;0
578;0
579;0
580;0
581;0
582;0
583;0
584;0
585;2
586;2
587;2
588;2
589;0
590;2
591;0
592;0
593;0
594;0
595;1
596;1
597;0
598;0
599;0
600;0
601;0
602;0
603;0
604;0
605;0
606;1
607;0
608;1
609;0
610;0
611;2
612;1
613;0
614;2
615;0
616;2
617;2
618;0
619;0
620;0
621;0
622;0
623;1
624;0
625;0
626;0
627;2
628;2
629;1
630;0
631;2
632;0
633;0
634;2
635;2
636;1
637;0
638;0
639;2
640;2
641;0
642;2
643;0
644;2
645;0
646;2
647;0
648;0
649;0
650;2
651;2
652;0
653;0
654;1
655;0
656;1
657;0
658;0
659;2
660;2
661;2
662;2
663;2
664;1
665;0
666;0
667;2
668;1
669;0
670;2
671;1
672;2
673;0
674;1
675;0
676;0
677;0
678;0
679;0
680;0
681;2
682;2
683;2
684;2
685;0
686;0
687;0
688;0
689;0
690;2
691;0
692;0
693;0
694;0
695;0
696;2
697;2
698;0
699;2
700;2
701;0
702;0
703;0
704;1
705;0
706;0
707;0
708;0
709;0
710;0
711;1
712;0
713;2
714;0
715;0
716;0
717;0
718;0
719;1
720;0
721;0
722;0
723;0
724;0
725;0
726;0
727;0
728;4
729;0
730;0
731;0
732;0
733;2
734;2
735;2
736;1
737;0
738;2
739;2
740;1
741;0
742;0
743;2
744;2
745;0
746;2
747;2
748;2
749;0
750;2
751;0
752;4
753;0
754;2
755;2
756;2
757;1
758;0
759;2
760;1
761;0
762;0
763;1
764;0
765;0
766;0
767;0
768;0
769;0
770;2
771;2
772;2
773;1
774;0
775;0
776;0
777;2
778;0
779;0
780;1
781;2
782;1
783;0
784;0
785;0
786;0
787;0
788;1
789;0
790;0
791;0
792;0
793;0
794;2
795;0
796;0
797;0
798;2
799;1
800;0
801;0
802;2
803;2
804;2
805;2
806;0
807;0
808;0
809;0
810;0
811;0
812;2
813;2
814;1
815;0
816;0
817;2
818;2
819;0
820;2
821;0
822;0
823;1
824;0
825;0
826;0
827;0
828;1
829;0
830;0
831;0
832;0
833;2
834;0
835;0
836;0
837;1
838;0
839;2
840;1
841;0
842;0
843;1
844;0
845;1
846;2
847;2
848;1
849;0
850;2
851;1
852;0
853;0
854;0
855;2
856;4
857;0
858;2
859;1
860;0
861;0
862;0
863;0
864;2
865;0
866;0
867;0
868;0
869;0
870;0
871;0
872;0
873;2
874;2
875;2
876;2
877;2
878;2
879;0
880;0
881;0
882;2
883;0
884;2
885;0
886;2
887;0
888;0
889;0
890;2
891;0
892;0
893;1
894;0
895;0
896;0
897;2
898;2
899;0
900;2
901;0
902;0
903;0
904;1
905;0
906;0
907;0
908;0
909;0
910;2
911;1
912;2
913;0
914;0
915;0
916;0
917;1
918;0
919;0
920;0
921;2
922;2
923;1
924;2
925;0
926;0
927;1
928;0
929;0
930;0
931;0
932;0
933;0
934;0
935;0
936;0
937;0
938;1
939;2
940;1
941;0
942;2
943;2
944;1
945;0
946;0
947;2
948;4
949;0
950;2
951;2
952;0
953;0
954;2
955;0
956;1
957;0
958;0
959;1
960;0
961;2
962;0
963;0
964;0
965;0
966;1
967;0
968;0
969;0
970;0
971;1
972;0
973;0
974;1
975;1
976;2
977;0
978;1
979;0
980;1
981;0
982;0
983;0
984;2
985;1
986;2
987;0
988;0
989;0
990;0
991;0
992;0
993;1
994;0
995;0
996;2
997;1
998;2
999;0
1000;0
1001;0
1002;1
1003;0
1004;1
1005;0
1006;2
1007;0
1008;0
1009;1
1010;0
1011;1
1012;0
1013;0
1014;0
1015;0
1016;0
1017;0
1018;0
1019;0
1020;0
1021;0
1022;0
1023;0
