0;0
1;0
2;0
3;2
4;2
5;2
6;2
7;2
8;2
9;0
10;2
11;0
12;1
13;0
14;0
15;0
16;0
17;1
18;0
19;0
20;2
21;0
22;0
23;2
24;1
25;0
26;2
27;0
28;0
29;0
30;0
31;2
32;0
33;2
34;0
35;0
36;2
37;0
38;0
39;0
40;2
41;1
42;0
43;1
44;0
45;0
46;0
47;0
48;0
49;0
50;0
51;2
52;0
53;0
54;0
55;2
56;2
57;0
58;0
59;0
60;0
61;0
62;1
63;0
64;1
65;0
66;0
67;2
68;1
69;0
70;0
71;2
72;2
73;0
74;2
75;2
76;2
77;0
78;2
79;2
80;1
81;0
82;2
83;2
84;1
85;0
86;0
87;2
88;1
89;0
90;2
91;2
92;2
93;0
94;2
95;0
96;1
97;0
98;0
99;0
100;1
101;0
102;0
103;2
104;0
105;0
106;0
107;0
108;2
109;2
110;2
111;0
112;0
113;0
114;0
115;2
116;0
117;0
118;0
119;0
120;2
121;1
122;0
123;1
124;1
125;0
126;0
127;0
128;0
129;0
130;1
131;0
132;0
133;0
134;0
135;0
136;2
137;0
138;2
139;1
140;0
141;0
142;0
143;0
144;2
145;0
146;0
147;0
148;1
149;0
150;0
151;2
152;0
153;2
154;0
155;0
156;1
157;0
158;0
159;0
160;2
161;0
162;0
163;0
164;2
165;0
166;1
167;0
168;1
169;0
170;0
171;0
172;0
173;2
174;2
175;2
176;1
177;0
178;0
179;0
180;0
181;0
182;0
183;1
184;1
185;0
186;0
187;1
188;0
189;0
190;2
191;2
192;1
193;1
194;0
195;1
196;2
197;0
198;0
199;2
200;2
201;0
202;0
203;2
204;2
205;2
206;0
207;1
208;0
209;2
210;2
211;2
212;0
213;2
214;0
215;1
216;0
217;0
218;1
219;0
220;2
221;2
222;0
223;2
224;2
225;0
226;0
227;0
228;0
229;2
230;0
231;0
232;1
233;0
234;0
235;4
236;2
237;0
238;0
239;0
240;1
241;0
242;0
243;1
244;0
245;0
246;0
247;0
248;2
249;0
250;2
251;1
252;0
253;0
254;2
255;0
256;2
257;0
258;0
259;0
260;2
261;2
262;0
263;1
264;0
265;0
266;1
267;0
268;2
269;0
270;0
271;0
272;1
273;0
274;2
275;0
276;0
277;0
278;2
279;2
280;2
281;0
282;2
283;2
284;1
285;0
286;0
287;0
288;0
289;2
290;0
291;2
292;1
293;0
294;0
295;2
296;0
297;0
298;2
299;1
300;1
301;0
302;1
303;0
304;2
305;0
306;0
307;0
308;1
309;0
310;0
311;2
312;1
313;0
314;0
315;2
316;2
317;0
318;2
319;2
320;2
321;0
322;2
323;0
324;2
325;2
326;2
327;1
328;0
329;0
330;0
331;0
332;0
333;2
334;0
335;2
336;0
337;0
338;0
339;0
340;0
341;0
342;0
343;0
344;1
345;0
346;0
347;2
348;1
349;2
350;2
351;1
352;0
353;0
354;2
355;0
356;1
357;0
358;0
359;0
360;1
361;0
362;1
363;0
364;1
365;0
366;1
367;2
368;2
369;1
370;0
371;0
372;0
373;2
374;1
375;0
376;0
377;0
378;0
379;0
380;0
381;0
382;0
383;2
384;1
385;0
386;0
387;0
388;2
389;2
390;0
391;2
392;4
393;1
394;2
395;0
396;1
397;0
398;0
399;0
400;2
401;1
402;0
403;0
404;0
405;0
406;2
407;0
408;0
409;0
410;0
411;0
412;2
413;2
414;2
415;1
416;0
417;0
418;0
419;0
420;0
421;0
422;1
423;0
424;2
425;1
426;0
427;2
428;2
429;2
430;2
431;2
432;2
433;0
434;0
435;0
436;0
437;0
438;0
439;0
440;2
441;1
442;0
443;0
444;0
445;0
446;2
447;2
448;0
449;0
450;1
451;0
452;2
453;0
454;0
455;2
456;2
457;0
458;2
459;2
460;2
461;0
462;2
463;0
464;1
465;1
466;0
467;0
468;0
469;0
470;0
471;2
472;1
473;0
474;0
475;2
476;4
477;2
478;2
479;2
480;2
481;0
482;2
483;0
484;2
485;0
486;2
487;0
488;0
489;0
490;0
491;0
492;0
493;1
494;0
495;2
496;0
497;1
498;1
499;0
500;1
501;0
502;0
503;0
504;0
505;0
506;0
507;0
508;0
509;0
510;0
511;0
512;1
513;2
514;0
515;0
516;0
517;0
518;1
519;0
520;0
521;0
522;2
523;0
524;1
525;0
526;0
527;2
528;0
529;0
530;2
531;2
532;2
533;0
534;0
535;0
536;2
537;2
538;0
539;2
540;0
541;2
542;2
543;2
544;2
545;0
546;0
547;0
548;0
549;0
550;0
551;2
552;2
553;0
554;2
555;2
556;1
557;0
558;2
559;0
560;0
561;0
562;0
563;0
564;0
565;0
566;0
567;0
568;0
569;0
570;2
571;0
572;0
573;1
574;0
575;0
576;0
577;0
578;0
579;0
580;0
581;0
582;1
583;0
584;1
585;0
586;2
587;2
588;1
589;0
590;0
591;0
592;2
593;0
594;0
595;1
596;0
597;0
598;2
599;0
600;1
601;0
602;1
603;0
604;0
605;0
606;0
607;0
608;1
609;0
610;2
611;2
612;1
613;0
614;0
615;2
616;2
617;0
618;0
619;2
620;0
621;0
622;0
623;2
624;0
625;0
626;0
627;1
628;0
629;0
630;1
631;1
632;0
633;1
634;0
635;0
636;0
637;0
638;0
639;0
640;2
641;0
642;0
643;1
644;0
645;2
646;2
647;2
648;1
649;0
650;0
651;0
652;0
653;0
654;0
655;0
656;0
657;0
658;0
659;0
660;1
661;0
662;0
663;2
664;2
665;0
666;2
667;2
668;1
669;0
670;2
671;0
672;0
673;1
674;0
675;2
676;0
677;2
678;0
679;0
680;2
681;0
682;0
683;0
684;2
685;0
686;2
687;0
688;0
689;1
690;0
691;0
692;0
693;1
694;0
695;0
696;0
697;0
698;0
699;0
700;0
701;0
702;0
703;0
704;0
705;0
706;1
707;0
708;0
709;0
710;0
711;2
712;0
713;0
714;0
715;0
716;0
717;0
718;1
719;0
720;0
721;0
722;0
723;2
724;1
725;2
726;2
727;2
728;2
729;0
730;2
731;0
732;1
733;0
734;0
735;0
736;0
737;1
738;1
739;0
740;1
741;0
742;1
743;0
744;1
745;0
746;0
747;2
748;2
749;0
750;2
751;0
752;2
753;2
754;2
755;0
756;1
757;1
758;0
759;0
760;0
761;0
762;0
763;0
764;0
765;0
766;0
767;0
768;2
769;2
770;2
771;2
772;0
773;0
774;0
775;0
776;2
777;0
778;0
779;0
780;0
781;0
782;0
783;0
784;0
785;0
786;0
787;2
788;0
789;0
790;0
791;1
792;1
793;0
794;0
795;0
796;4
797;0
798;2
799;2
800;1
801;0
802;0
803;0
804;2
805;0
806;0
807;0
808;1
809;0
810;2
811;0
812;0
813;0
814;0
815;0
816;0
817;0
818;0
819;0
820;0
821;2
822;1
823;0
824;0
825;1
826;0
827;0
828;1
829;1
830;1
831;0
832;1
833;0
834;0
835;0
836;0
837;0
838;0
839;0
840;1
841;0
842;2
843;0
844;0
845;0
846;0
847;2
848;1
849;0
850;0
851;0
852;2
853;0
854;2
855;2
856;0
857;0
858;2
859;2
860;1
861;0
862;1
863;0
864;0
865;1
866;0
867;0
868;0
869;1
870;0
871;0
872;1
873;0
874;0
875;0
876;0
877;1
878;0
879;2
880;0
881;0
882;0
883;0
884;0
885;0
886;0
887;0
888;0
889;2
890;1
891;2
892;0
893;0
894;0
895;2
896;1
897;1
898;1
899;0
900;0
901;1
902;0
903;0
904;1
905;0
906;1
907;0
908;2
909;0
910;2
911;0
912;0
913;0
914;0
915;1
916;0
917;0
918;0
919;0
920;0
921;0
922;2
923;2
924;1
925;0
926;0
927;2
928;1
929;0
930;1
931;2
932;2
933;0
934;2
935;0
936;2
937;0
938;0
939;0
940;0
941;0
942;0
943;2
944;2
945;2
946;0
947;0
948;0
949;2
950;1
951;0
952;0
953;0
954;0
955;0
956;2
957;1
958;2
959;2
960;2
961;2
962;2
963;0
964;1
965;0
966;0
967;2
968;0
969;0
970;0
971;0
972;0
973;1
974;0
975;0
976;0
977;0
978;0
979;0
980;0
981;2
982;1
983;0
984;0
985;0
986;1
987;0
988;0
989;1
990;0
991;0
992;1
993;0
994;0
995;0
996;0
997;0
998;0
999;2
1000;1
1001;2
1002;2
1003;0
1004;2
1005;0
1006;2
1007;2
1008;2
1009;0
1010;2
1011;0
1012;1
1013;0
1014;0
1015;1
1016;0
1017;0
1018;0
1019;0
1020;0
1021;0
1022;0
1023;0
