0;0
1;0
2;0
3;2
4;4
5;0
6;2
7;0
8;2
9;1
10;2
11;1
12;1
13;0
14;0
15;0
16;0
17;2
18;2
19;2
20;2
21;2
22;0
23;2
24;1
25;0
26;0
27;0
28;2
29;0
30;0
31;0
32;1
33;2
34;0
35;0
36;0
37;1
38;0
39;0
40;0
41;0
42;1
43;0
44;2
45;1
46;0
47;0
48;0
49;2
50;0
51;0
52;1
53;0
54;2
55;2
56;1
57;1
58;0
59;1
60;0
61;0
62;0
63;2
64;2
65;0
66;0
67;0
68;1
69;0
70;2
71;0
72;1
73;0
74;1
75;0
76;0
77;2
78;0
79;0
80;0
81;0
82;0
83;0
84;1
85;0
86;2
87;1
88;1
89;0
90;2
91;2
92;2
93;0
94;0
95;0
96;0
97;0
98;0
99;0
100;0
101;0
102;0
103;2
104;2
105;0
106;1
107;0
108;0
109;0
110;2
111;0
112;0
113;0
114;1
115;0
116;0
117;0
118;0
119;1
120;0
121;2
122;0
123;1
124;0
125;2
126;2
127;0
128;0
129;0
130;0
131;0
132;0
133;0
134;0
135;0
136;2
137;0
138;2
139;2
140;0
141;0
142;2
143;2
144;2
145;0
146;0
147;0
148;0
149;0
150;0
151;0
152;2
153;0
154;2
155;0
156;1
157;1
158;0
159;0
160;0
161;2
162;2
163;0
164;0
165;0
166;1
167;0
168;0
169;0
170;0
171;2
172;2
173;0
174;0
175;0
176;1
177;0
178;0
179;0
180;0
181;0
182;2
183;1
184;0
185;0
186;1
187;0
188;0
189;2
190;2
191;0
192;2
193;0
194;2
195;0
196;0
197;0
198;0
199;1
200;0
201;1
202;1
203;0
204;0
205;0
206;0
207;0
208;0
209;0
210;2
211;0
212;0
213;0
214;2
215;1
216;0
217;0
218;0
219;0
220;0
221;2
222;0
223;0
224;0
225;0
226;0
227;0
228;0
229;0
230;0
231;0
232;0
233;0
234;0
235;1
236;0
237;2
238;2
239;2
240;0
241;0
242;0
243;0
244;0
245;0
246;0
247;1
248;0
249;0
250;1
251;0
252;0
253;2
254;0
255;0
256;0
257;2
258;0
259;0
260;1
261;0
262;1
263;1
264;0
265;0
266;2
267;0
268;0
269;0
270;1
271;0
272;0
273;0
274;2
275;0
276;1
277;2
278;2
279;0
280;0
281;2
282;0
283;2
284;2
285;0
286;1
287;0
288;0
289;0
290;0
291;0
292;0
293;0
294;0
295;0
296;2
297;0
298;0
299;0
300;0
301;0
302;2
303;0
304;2
305;0
306;1
307;0
308;0
309;1
310;0
311;0
312;0
313;0
314;2
315;0
316;0
317;0
318;0
319;0
320;0
321;0
322;2
323;2
324;0
325;0
326;0
327;2
328;0
329;0
330;1
331;0
332;0
333;0
334;0
335;2
336;2
337;2
338;2
339;2
340;0
341;2
342;2
343;2
344;1
345;0
346;0
347;0
348;0
349;1
350;1
351;0
352;2
353;0
354;2
355;0
356;0
357;0
358;0
359;2
360;0
361;0
362;0
363;2
364;2
365;2
366;0
367;2
368;2
369;0
370;2
371;0
372;0
373;0
374;0
375;2
376;0
377;0
378;1
379;0
380;0
381;0
382;0
383;0
384;0
385;2
386;0
387;0
388;0
389;0
390;0
391;0
392;0
393;0
394;0
395;0
396;0
397;2
398;0
399;0
400;0
401;0
402;2
403;0
404;2
405;2
406;0
407;0
408;2
409;0
410;0
411;0
412;2
413;0
414;0
415;0
416;0
417;0
418;2
419;0
420;0
421;1
422;0
423;0
424;1
425;1
426;0
427;0
428;2
429;1
430;0
431;2
432;2
433;2
434;0
435;0
436;1
437;0
438;0
439;0
440;0
441;1
442;1
443;1
444;0
445;0
446;1
447;0
448;2
449;0
450;2
451;0
452;0
453;0
454;0
455;0
456;0
457;1
458;0
459;2
460;0
461;0
462;1
463;0
464;0
465;0
466;0
467;2
468;2
469;0
470;1
471;0
472;0
473;0
474;0
475;0
476;0
477;0
478;1
479;0
480;0
481;0
482;0
483;0
484;2
485;0
486;0
487;0
488;1
489;0
490;2
491;0
492;1
493;0
494;1
495;0
496;1
497;0
498;0
499;2
500;2
501;2
502;2
503;1
504;0
505;2
506;2
507;0
508;2
509;0
510;0
511;0
512;0
513;0
514;0
515;0
516;0
517;2
518;2
519;2
520;2
521;2
522;0
523;0
524;0
525;2
526;2
527;0
528;0
529;0
530;0
531;2
532;0
533;2
534;1
535;0
536;0
537;2
538;0
539;0
540;2
541;1
542;0
543;0
544;0
545;0
546;1
547;2
548;0
549;0
550;1
551;0
552;1
553;0
554;2
555;0
556;0
557;2
558;2
559;2
560;0
561;2
562;0
563;0
564;0
565;0
566;1
567;0
568;0
569;2
570;1
571;2
572;1
573;0
574;1
575;0
576;0
577;0
578;0
579;0
580;2
581;2
582;0
583;0
584;2
585;2
586;0
587;0
588;0
589;0
590;0
591;0
592;0
593;0
594;0
595;0
596;1
597;0
598;2
599;0
600;1
601;0
602;0
603;0
604;2
605;0
606;1
607;2
608;1
609;0
610;0
611;2
612;1
613;0
614;0
615;2
616;0
617;2
618;2
619;0
620;2
621;0
622;0
623;0
624;2
625;0
626;0
627;0
628;0
629;0
630;1
631;0
632;0
633;0
634;0
635;0
636;0
637;0
638;2
639;2
640;2
641;2
642;0
643;0
644;2
645;0
646;0
647;0
648;0
649;1
650;0
651;0
652;0
653;0
654;0
655;0
656;0
657;0
658;0
659;0
660;0
661;0
662;0
663;2
664;0
665;0
666;0
667;0
668;0
669;0
670;2
671;1
672;0
673;0
674;0
675;1
676;0
677;0
678;0
679;0
680;0
681;0
682;2
683;2
684;0
685;0
686;0
687;0
688;0
689;0
690;0
691;2
692;0
693;0
694;1
695;2
696;1
697;0
698;0
699;0
700;0
701;2
702;0
703;2
704;0
705;1
706;0
707;0
708;1
709;0
710;0
711;0
712;0
713;0
714;0
715;0
716;1
717;0
718;0
719;0
720;0
721;0
722;0
723;0
724;0
725;0
726;0
727;2
728;1
729;2
730;0
731;0
732;2
733;1
734;0
735;0
736;2
737;0
738;0
739;0
740;0
741;0
742;1
743;0
744;0
745;0
746;0
747;0
748;0
749;0
750;2
751;0
752;0
753;2
754;2
755;2
756;0
757;1
758;0
759;0
760;1
761;0
762;0
763;0
764;0
765;2
766;0
767;1
768;0
769;0
770;0
771;0
772;2
773;0
774;1
775;0
776;0
777;2
778;1
779;0
780;0
781;0
782;2
783;0
784;0
785;0
786;0
787;0
788;0
789;0
790;0
791;1
792;0
793;0
794;0
795;0
796;0
797;0
798;0
799;0
800;0
801;0
802;0
803;0
804;0
805;2
806;0
807;1
808;0
809;1
810;0
811;0
812;1
813;1
814;0
815;0
816;2
817;0
818;0
819;1
820;0
821;0
822;0
823;0
824;0
825;2
826;2
827;2
828;1
829;0
830;0
831;0
832;0
833;2
834;0
835;2
836;1
837;0
838;1
839;2
840;2
841;0
842;1
843;0
844;0
845;0
846;1
847;0
848;0
849;0
850;1
851;0
852;0
853;0
854;0
855;0
856;2
857;2
858;2
859;0
860;0
861;0
862;0
863;0
864;1
865;1
866;0
867;0
868;0
869;0
870;2
871;0
872;0
873;1
874;1
875;0
876;0
877;0
878;0
879;0
880;1
881;0
882;0
883;2
884;0
885;0
886;2
887;1
888;1
889;0
890;1
891;1
892;0
893;2
894;0
895;2
896;0
897;0
898;2
899;1
900;0
901;1
902;0
903;0
904;1
905;0
906;2
907;1
908;0
909;0
910;0
911;1
912;1
913;0
914;2
915;1
916;0
917;0
918;0
919;0
920;2
921;0
922;0
923;0
924;0
925;1
926;0
927;0
928;2
929;0
930;0
931;0
932;1
933;0
934;0
935;0
936;4
937;0
938;1
939;0
940;0
941;1
942;1
943;2
944;2
945;0
946;1
947;0
948;0
949;2
950;2
951;2
952;2
953;0
954;2
955;0
956;0
957;0
958;0
959;0
960;0
961;0
962;0
963;0
964;0
965;1
966;0
967;1
968;0
969;0
970;2
971;2
972;2
973;2
974;1
975;0
976;0
977;0
978;0
979;0
980;0
981;0
982;0
983;1
984;0
985;0
986;0
987;2
988;2
989;0
990;0
991;0
992;0
993;0
994;0
995;0
996;0
997;0
998;0
999;0
1000;1
1001;0
1002;0
1003;0
1004;0
1005;2
1006;2
1007;1
1008;0
1009;2
1010;0
1011;0
1012;1
1013;0
1014;0
1015;1
1016;0
1017;0
1018;0
1019;0
1020;0
1021;0
1022;0
1023;0
