0;0
1;0
2;0
3;2
4;4
5;2
6;2
7;2
8;0
9;1
10;0
11;0
12;1
13;0
14;1
15;0
16;0
17;2
18;1
19;0
20;0
21;2
22;0
23;0
24;1
25;0
26;0
27;0
28;2
29;0
30;0
31;0
32;1
33;0
34;2
35;0
36;2
37;1
38;0
39;0
40;1
41;0
42;1
43;0
44;2
45;0
46;1
47;0
48;0
49;1
50;0
51;0
52;0
53;0
54;0
55;0
56;0
57;0
58;0
59;2
60;1
61;2
62;2
63;2
64;0
65;0
66;0
67;0
68;0
69;0
70;0
71;0
72;0
73;0
74;0
75;0
76;2
77;1
78;0
79;1
80;0
81;0
82;0
83;2
84;0
85;0
86;0
87;0
88;1
89;0
90;0
91;2
92;2
93;0
94;1
95;0
96;0
97;0
98;0
99;0
100;0
101;0
102;0
103;0
104;0
105;0
106;0
107;1
108;0
109;2
110;0
111;0
112;0
113;2
114;0
115;2
116;1
117;0
118;0
119;0
120;0
121;0
122;2
123;2
124;2
125;0
126;1
127;2
128;0
129;1
130;2
131;0
132;2
133;2
134;0
135;0
136;0
137;0
138;0
139;0
140;0
141;0
142;2
143;0
144;1
145;0
146;0
147;0
148;0
149;2
150;2
151;0
152;1
153;0
154;0
155;0
156;0
157;2
158;1
159;0
160;0
161;0
162;0
163;0
164;0
165;0
166;0
167;0
168;0
169;0
170;2
171;2
172;0
173;0
174;1
175;0
176;0
177;2
178;2
179;0
180;2
181;0
182;0
183;0
184;0
185;0
186;0
187;0
188;1
189;0
190;1
191;0
192;2
193;0
194;0
195;0
196;0
197;0
198;2
199;2
200;4
201;0
202;0
203;0
204;0
205;0
206;2
207;2
208;2
209;0
210;0
211;0
212;0
213;0
214;2
215;0
216;1
217;0
218;0
219;0
220;2
221;2
222;1
223;0
224;0
225;2
226;2
227;2
228;0
229;0
230;0
231;1
232;0
233;2
234;0
235;0
236;0
237;2
238;0
239;0
240;0
241;2
242;0
243;0
244;2
245;0
246;1
247;0
248;1
249;2
250;0
251;2
252;1
253;1
254;1
255;0
256;0
257;0
258;1
259;1
260;0
261;0
262;1
263;0
264;0
265;0
266;2
267;0
268;0
269;2
270;2
271;2
272;0
273;0
274;2
275;2
276;2
277;0
278;1
279;0
280;0
281;0
282;0
283;2
284;0
285;0
286;0
287;2
288;2
289;0
290;0
291;0
292;0
293;2
294;0
295;2
296;2
297;0
298;0
299;1
300;0
301;1
302;0
303;0
304;0
305;2
306;1
307;0
308;0
309;0
310;0
311;0
312;1
313;2
314;1
315;0
316;1
317;0
318;0
319;0
320;0
321;0
322;0
323;0
324;0
325;0
326;1
327;2
328;2
329;2
330;2
331;0
332;2
333;1
334;0
335;1
336;1
337;0
338;0
339;0
340;2
341;1
342;1
343;0
344;2
345;0
346;0
347;0
348;2
349;0
350;0
351;2
352;2
353;1
354;0
355;0
356;2
357;2
358;2
359;1
360;2
361;2
362;1
363;0
364;0
365;2
366;2
367;2
368;0
369;0
370;1
371;0
372;0
373;2
374;2
375;0
376;0
377;0
378;0
379;0
380;0
381;0
382;0
383;0
384;0
385;0
386;0
387;0
388;0
389;0
390;0
391;0
392;0
393;0
394;2
395;0
396;2
397;2
398;2
399;0
400;2
401;0
402;0
403;0
404;2
405;0
406;1
407;0
408;0
409;0
410;2
411;2
412;2
413;1
414;0
415;0
416;1
417;1
418;0
419;0
420;2
421;2
422;0
423;2
424;2
425;0
426;1
427;0
428;0
429;0
430;0
431;0
432;0
433;2
434;1
435;2
436;0
437;0
438;2
439;2
440;1
441;0
442;0
443;0
444;0
445;0
446;0
447;0
448;1
449;1
450;0
451;2
452;0
453;0
454;0
455;0
456;0
457;0
458;2
459;2
460;2
461;2
462;0
463;0
464;0
465;0
466;0
467;0
468;0
469;0
470;2
471;2
472;1
473;0
474;0
475;1
476;4
477;0
478;0
479;2
480;2
481;0
482;0
483;0
484;1
485;0
486;0
487;0
488;0
489;0
490;0
491;2
492;0
493;0
494;0
495;0
496;2
497;0
498;0
499;2
500;0
501;0
502;0
503;2
504;1
505;0
506;2
507;0
508;1
509;1
510;0
511;0
512;0
513;0
514;2
515;0
516;0
517;0
518;2
519;2
520;0
521;2
522;0
523;0
524;0
525;0
526;0
527;0
528;1
529;0
530;0
531;0
532;0
533;0
534;1
535;1
536;0
537;1
538;0
539;0
540;0
541;0
542;2
543;0
544;0
545;0
546;0
547;2
548;0
549;2
550;2
551;0
552;0
553;2
554;1
555;0
556;0
557;1
558;0
559;2
560;2
561;2
562;0
563;0
564;0
565;0
566;2
567;0
568;0
569;0
570;0
571;0
572;2
573;2
574;0
575;1
576;2
577;0
578;0
579;0
580;0
581;0
582;0
583;0
584;1
585;0
586;0
587;0
588;1
589;0
590;0
591;0
592;2
593;0
594;0
595;0
596;2
597;0
598;0
599;0
600;2
601;0
602;0
603;0
604;2
605;2
606;1
607;0
608;0
609;0
610;0
611;0
612;0
613;0
614;1
615;2
616;1
617;0
618;0
619;0
620;2
621;2
622;0
623;0
624;2
625;1
626;0
627;0
628;0
629;0
630;0
631;0
632;0
633;0
634;0
635;0
636;2
637;0
638;0
639;2
640;2
641;0
642;0
643;0
644;0
645;0
646;1
647;0
648;0
649;0
650;2
651;0
652;0
653;0
654;0
655;0
656;0
657;0
658;0
659;2
660;0
661;0
662;0
663;0
664;2
665;0
666;0
667;2
668;1
669;0
670;1
671;2
672;0
673;0
674;0
675;0
676;0
677;0
678;0
679;0
680;1
681;0
682;0
683;0
684;2
685;0
686;2
687;2
688;1
689;0
690;0
691;2
692;2
693;0
694;2
695;2
696;2
697;0
698;0
699;0
700;0
701;0
702;1
703;2
704;0
705;1
706;0
707;0
708;0
709;0
710;0
711;0
712;0
713;0
714;0
715;0
716;0
717;2
718;0
719;0
720;0
721;2
722;1
723;0
724;2
725;0
726;2
727;2
728;1
729;0
730;1
731;0
732;1
733;0
734;0
735;0
736;1
737;0
738;2
739;0
740;1
741;0
742;1
743;0
744;0
745;0
746;0
747;0
748;1
749;0
750;0
751;0
752;0
753;2
754;0
755;2
756;0
757;0
758;0
759;0
760;0
761;1
762;2
763;2
764;0
765;0
766;0
767;0
768;0
769;0
770;2
771;0
772;0
773;0
774;0
775;0
776;0
777;0
778;0
779;1
780;0
781;0
782;0
783;1
784;1
785;0
786;0
787;0
788;0
789;0
790;1
791;0
792;0
793;1
794;0
795;0
796;0
797;0
798;2
799;0
800;0
801;2
802;2
803;0
804;2
805;0
806;0
807;0
808;2
809;0
810;0
811;0
812;2
813;2
814;1
815;2
816;2
817;0
818;0
819;0
820;0
821;2
822;1
823;2
824;0
825;0
826;1
827;0
828;2
829;0
830;0
831;0
832;0
833;0
834;1
835;0
836;0
837;0
838;1
839;0
840;1
841;0
842;0
843;0
844;0
845;2
846;2
847;0
848;0
849;2
850;0
851;0
852;1
853;1
854;0
855;1
856;1
857;0
858;2
859;0
860;0
861;0
862;1
863;0
864;0
865;1
866;0
867;0
868;1
869;0
870;0
871;2
872;0
873;0
874;0
875;0
876;0
877;0
878;0
879;1
880;0
881;0
882;0
883;2
884;0
885;0
886;0
887;0
888;0
889;0
890;0
891;0
892;0
893;2
894;0
895;0
896;2
897;0
898;1
899;0
900;0
901;0
902;0
903;1
904;0
905;0
906;0
907;0
908;0
909;0
910;1
911;0
912;0
913;2
914;2
915;2
916;2
917;0
918;0
919;0
920;0
921;0
922;2
923;2
924;2
925;0
926;0
927;0
928;0
929;0
930;0
931;0
932;0
933;0
934;0
935;0
936;0
937;1
938;0
939;0
940;0
941;2
942;2
943;2
944;2
945;0
946;1
947;0
948;0
949;0
950;0
951;2
952;0
953;0
954;2
955;2
956;1
957;0
958;0
959;0
960;0
961;0
962;0
963;0
964;0
965;0
966;0
967;2
968;0
969;0
970;0
971;0
972;1
973;0
974;0
975;0
976;0
977;0
978;2
979;0
980;0
981;2
982;0
983;0
984;0
985;0
986;0
987;2
988;2
989;0
990;0
991;0
992;1
993;2
994;1
995;0
996;2
997;1
998;0
999;0
1000;0
1001;0
1002;0
1003;0
1004;2
1005;2
1006;1
1007;0
1008;2
1009;0
1010;0
1011;0
1012;0
1013;0
1014;0
1015;1
1016;0
1017;0
1018;0
1019;0
1020;0
1021;0
1022;0
1023;0
