0;0
1;0
2;0
3;2
4;2
5;2
6;2
7;1
8;0
9;0
10;2
11;0
12;0
13;0
14;0
15;0
16;1
17;0
18;0
19;0
20;2
21;0
22;0
23;2
24;0
25;2
26;1
27;0
28;1
29;0
30;2
31;2
32;1
33;0
34;0
35;2
36;4
37;0
38;2
39;2
40;0
41;0
42;2
43;0
44;1
45;0
46;0
47;0
48;1
49;0
50;0
51;1
52;1
53;0
54;0
55;2
56;4
57;0
58;2
59;2
60;2
61;0
62;2
63;0
64;1
65;0
66;2
67;2
68;2
69;0
70;0
71;2
72;2
73;0
74;0
75;0
76;0
77;2
78;1
79;2
80;1
81;0
82;2
83;0
84;2
85;0
86;0
87;0
88;1
89;0
90;0
91;0
92;1
93;0
94;0
95;2
96;1
97;0
98;0
99;0
100;0
101;0
102;0
103;0
104;1
105;0
106;0
107;0
108;1
109;0
110;1
111;0
112;2
113;0
114;2
115;0
116;2
117;0
118;0
119;0
120;0
121;0
122;0
123;2
124;2
125;0
126;0
127;2
128;0
129;0
130;0
131;0
132;2
133;1
134;0
135;0
136;1
137;0
138;1
139;2
140;1
141;0
142;2
143;2
144;1
145;0
146;0
147;2
148;2
149;0
150;2
151;2
152;2
153;0
154;2
155;1
156;2
157;0
158;2
159;1
160;0
161;0
162;0
163;0
164;0
165;0
166;0
167;0
168;0
169;1
170;0
171;0
172;0
173;0
174;0
175;0
176;1
177;1
178;0
179;0
180;1
181;0
182;0
183;0
184;0
185;0
186;2
187;1
188;0
189;0
190;2
191;2
192;1
193;0
194;2
195;1
196;0
197;0
198;0
199;0
200;1
201;0
202;2
203;0
204;0
205;1
206;1
207;0
208;0
209;0
210;1
211;0
212;2
213;0
214;0
215;0
216;0
217;2
218;2
219;0
220;1
221;0
222;2
223;2
224;1
225;0
226;0
227;1
228;0
229;0
230;0
231;2
232;2
233;2
234;2
235;1
236;0
237;0
238;0
239;0
240;0
241;0
242;0
243;1
244;2
245;2
246;2
247;2
248;2
249;0
250;2
251;1
252;0
253;0
254;0
255;0
256;1
257;2
258;0
259;0
260;1
261;0
262;2
263;2
264;1
265;0
266;0
267;2
268;0
269;0
270;2
271;4
272;2
273;2
274;0
275;2
276;2
277;0
278;2
279;2
280;0
281;0
282;0
283;0
284;2
285;2
286;0
287;2
288;2
289;0
290;0
291;0
292;0
293;1
294;1
295;0
296;0
297;2
298;0
299;0
300;0
301;0
302;0
303;0
304;1
305;0
306;2
307;1
308;0
309;0
310;0
311;2
312;4
313;0
314;2
315;2
316;2
317;0
318;2
319;0
320;2
321;0
322;0
323;0
324;1
325;0
326;2
327;2
328;1
329;0
330;0
331;1
332;0
333;0
334;2
335;2
336;2
337;0
338;2
339;0
340;2
341;0
342;2
343;1
344;0
345;0
346;0
347;0
348;0
349;0
350;2
351;2
352;0
353;2
354;0
355;2
356;2
357;0
358;2
359;2
360;0
361;0
362;2
363;2
364;2
365;0
366;0
367;2
368;2
369;0
370;0
371;0
372;0
373;0
374;0
375;0
376;0
377;0
378;0
379;2
380;0
381;0
382;0
383;0
384;1
385;0
386;0
387;2
388;2
389;0
390;2
391;2
392;2
393;0
394;2
395;0
396;0
397;0
398;0
399;0
400;1
401;0
402;0
403;0
404;1
405;0
406;0
407;0
408;2
409;0
410;0
411;2
412;2
413;0
414;0
415;0
416;0
417;0
418;0
419;0
420;2
421;0
422;0
423;0
424;0
425;0
426;2
427;2
428;1
429;0
430;0
431;2
432;2
433;0
434;2
435;2
436;2
437;0
438;2
439;0
440;1
441;0
442;0
443;2
444;4
445;2
446;0
447;0
448;2
449;0
450;0
451;2
452;2
453;0
454;0
455;0
456;0
457;1
458;0
459;0
460;0
461;0
462;0
463;0
464;2
465;2
466;0
467;0
468;2
469;2
470;2
471;0
472;1
473;0
474;1
475;0
476;0
477;0
478;0
479;1
480;0
481;0
482;2
483;1
484;0
485;0
486;0
487;0
488;1
489;0
490;0
491;0
492;0
493;0
494;0
495;0
496;0
497;0
498;0
499;0
500;2
501;2
502;0
503;0
504;0
505;0
506;0
507;0
508;0
509;0
510;1
511;0
512;2
513;0
514;0
515;0
516;1
517;1
518;0
519;0
520;0
521;0
522;0
523;1
524;0
525;0
526;2
527;2
528;2
529;0
530;0
531;2
532;4
533;0
534;2
535;0
536;0
537;0
538;0
539;0
540;2
541;2
542;1
543;0
544;0
545;2
546;0
547;2
548;0
549;0
550;1
551;0
552;2
553;1
554;0
555;2
556;2
557;0
558;0
559;0
560;0
561;0
562;1
563;0
564;2
565;0
566;0
567;0
568;0
569;0
570;2
571;0
572;1
573;0
574;0
575;0
576;1
577;0
578;0
579;1
580;1
581;0
582;2
583;0
584;2
585;0
586;2
587;0
588;2
589;1
590;0
591;0
592;0
593;0
594;0
595;0
596;2
597;0
598;0
599;2
600;2
601;0
602;0
603;0
604;0
605;0
606;0
607;2
608;1
609;2
610;0
611;2
612;2
613;0
614;2
615;2
616;2
617;0
618;2
619;0
620;0
621;0
622;0
623;0
624;1
625;0
626;0
627;2
628;2
629;0
630;1
631;1
632;0
633;0
634;2
635;2
636;1
637;2
638;0
639;2
640;1
641;0
642;0
643;0
644;0
645;0
646;0
647;0
648;0
649;0
650;0
651;0
652;0
653;0
654;2
655;2
656;1
657;0
658;0
659;0
660;0
661;0
662;0
663;0
664;0
665;0
666;0
667;0
668;1
669;0
670;2
671;0
672;1
673;0
674;0
675;2
676;2
677;0
678;2
679;2
680;0
681;0
682;2
683;0
684;2
685;2
686;2
687;2
688;1
689;0
690;0
691;1
692;0
693;0
694;0
695;1
696;1
697;0
698;0
699;1
700;0
701;2
702;2
703;2
704;1
705;0
706;2
707;2
708;0
709;0
710;0
711;2
712;2
713;0
714;2
715;2
716;2
717;0
718;2
719;0
720;1
721;2
722;0
723;0
724;0
725;2
726;2
727;0
728;2
729;2
730;0
731;0
732;2
733;0
734;1
735;0
736;0
737;0
738;0
739;2
740;0
741;0
742;0
743;2
744;2
745;0
746;2
747;1
748;0
749;0
750;2
751;0
752;0
753;2
754;0
755;1
756;0
757;0
758;2
759;1
760;0
761;0
762;0
763;2
764;4
765;0
766;2
767;1
768;0
769;0
770;2
771;0
772;2
773;1
774;0
775;0
776;0
777;0
778;2
779;2
780;0
781;0
782;1
783;0
784;0
785;0
786;1
787;2
788;0
789;0
790;2
791;2
792;0
793;0
794;0
795;0
796;0
797;0
798;0
799;0
800;0
801;0
802;0
803;2
804;1
805;0
806;0
807;0
808;2
809;0
810;0
811;2
812;0
813;2
814;2
815;0
816;1
817;0
818;0
819;2
820;4
821;2
822;2
823;1
824;0
825;2
826;2
827;0
828;2
829;2
830;0
831;0
832;0
833;0
834;0
835;1
836;0
837;2
838;2
839;2
840;2
841;0
842;2
843;1
844;0
845;0
846;0
847;0
848;1
849;0
850;0
851;2
852;2
853;0
854;2
855;2
856;1
857;0
858;2
859;2
860;0
861;0
862;2
863;0
864;0
865;2
866;0
867;0
868;0
869;1
870;0
871;0
872;0
873;2
874;0
875;1
876;0
877;0
878;1
879;2
880;0
881;0
882;2
883;2
884;1
885;0
886;0
887;0
888;1
889;0
890;0
891;2
892;2
893;0
894;2
895;0
896;0
897;0
898;0
899;0
900;1
901;0
902;1
903;0
904;0
905;0
906;0
907;2
908;4
909;2
910;2
911;2
912;2
913;0
914;2
915;0
916;1
917;1
918;0
919;0
920;1
921;0
922;0
923;1
924;2
925;0
926;0
927;1
928;0
929;0
930;0
931;0
932;0
933;0
934;0
935;1
936;0
937;0
938;0
939;2
940;4
941;0
942;2
943;0
944;2
945;0
946;0
947;0
948;1
949;0
950;0
951;0
952;0
953;1
954;0
955;0
956;0
957;2
958;2
959;0
960;1
961;2
962;0
963;0
964;0
965;1
966;0
967;0
968;0
969;0
970;2
971;2
972;1
973;1
974;0
975;2
976;2
977;0
978;2
979;2
980;2
981;0
982;0
983;0
984;2
985;1
986;0
987;0
988;2
989;0
990;0
991;0
992;2
993;0
994;1
995;0
996;0
997;0
998;0
999;0
1000;0
1001;0
1002;0
1003;2
1004;0
1005;0
1006;0
1007;1
1008;0
1009;0
1010;0
1011;0
1012;0
1013;1
1014;0
1015;0
1016;0
1017;0
1018;0
1019;0
1020;0
1021;0
1022;0
1023;0
