0;0
1;0
2;0
3;0
4;2
5;0
6;2
7;2
8;0
9;0
10;2
11;2
12;2
13;1
14;0
15;0
16;0
17;1
18;0
19;0
20;2
21;0
22;0
23;2
24;0
25;0
26;2
27;0
28;1
29;0
30;0
31;2
32;2
33;0
34;2
35;1
36;0
37;0
38;0
39;0
40;2
41;1
42;2
43;2
44;1
45;0
46;0
47;0
48;0
49;0
50;2
51;1
52;0
53;0
54;0
55;2
56;2
57;0
58;0
59;0
60;0
61;0
62;2
63;0
64;1
65;0
66;2
67;1
68;0
69;0
70;0
71;2
72;1
73;0
74;2
75;0
76;2
77;0
78;2
79;0
80;0
81;0
82;1
83;0
84;1
85;0
86;0
87;0
88;2
89;1
90;2
91;2
92;2
93;0
94;0
95;2
96;1
97;0
98;0
99;0
100;1
101;1
102;0
103;0
104;0
105;1
106;0
107;0
108;2
109;2
110;2
111;0
112;0
113;0
114;0
115;0
116;0
117;0
118;0
119;0
120;0
121;0
122;0
123;1
124;2
125;2
126;2
127;1
128;0
129;0
130;1
131;0
132;0
133;0
134;0
135;0
136;2
137;0
138;2
139;2
140;1
141;0
142;2
143;2
144;0
145;0
146;0
147;0
148;0
149;0
150;0
151;0
152;0
153;0
154;0
155;2
156;1
157;0
158;0
159;0
160;2
161;0
162;0
163;0
164;2
165;0
166;1
167;0
168;0
169;0
170;0
171;0
172;0
173;2
174;0
175;2
176;1
177;0
178;0
179;0
180;0
181;0
182;0
183;2
184;1
185;0
186;2
187;2
188;0
189;0
190;0
191;0
192;1
193;0
194;0
195;2
196;2
197;0
198;2
199;2
200;2
201;0
202;2
203;0
204;0
205;2
206;0
207;1
208;0
209;0
210;1
211;0
212;1
213;0
214;0
215;0
216;0
217;0
218;2
219;2
220;0
221;2
222;0
223;2
224;2
225;0
226;0
227;0
228;0
229;2
230;0
231;0
232;1
233;0
234;1
235;4
236;4
237;0
238;0
239;0
240;1
241;0
242;2
243;2
244;1
245;0
246;0
247;0
248;1
249;0
250;2
251;2
252;1
253;0
254;2
255;0
256;1
257;0
258;2
259;0
260;1
261;0
262;0
263;0
264;1
265;2
266;0
267;0
268;1
269;0
270;0
271;0
272;1
273;0
274;2
275;0
276;0
277;0
278;2
279;2
280;1
281;0
282;2
283;2
284;1
285;0
286;0
287;0
288;0
289;0
290;0
291;0
292;1
293;0
294;0
295;2
296;0
297;0
298;2
299;1
300;0
301;0
302;0
303;0
304;2
305;1
306;0
307;0
308;1
309;0
310;2
311;2
312;1
313;0
314;0
315;0
316;0
317;0
318;2
319;2
320;1
321;0
322;0
323;0
324;2
325;0
326;2
327;2
328;1
329;0
330;0
331;0
332;0
333;0
334;2
335;2
336;1
337;0
338;0
339;0
340;1
341;0
342;2
343;1
344;0
345;0
346;0
347;2
348;4
349;2
350;2
351;1
352;0
353;0
354;2
355;0
356;1
357;0
358;1
359;0
360;0
361;0
362;0
363;0
364;2
365;0
366;1
367;2
368;2
369;1
370;2
371;0
372;0
373;2
374;0
375;0
376;1
377;0
378;0
379;0
380;0
381;0
382;0
383;2
384;1
385;0
386;0
387;0
388;2
389;0
390;0
391;2
392;0
393;0
394;0
395;0
396;0
397;0
398;0
399;0
400;0
401;1
402;0
403;0
404;0
405;0
406;0
407;2
408;1
409;0
410;0
411;1
412;4
413;2
414;2
415;2
416;2
417;2
418;2
419;0
420;4
421;0
422;2
423;0
424;0
425;0
426;0
427;0
428;4
429;2
430;2
431;2
432;1
433;0
434;0
435;0
436;2
437;0
438;1
439;0
440;1
441;1
442;0
443;0
444;0
445;0
446;2
447;0
448;0
449;0
450;1
451;0
452;1
453;0
454;0
455;0
456;2
457;0
458;2
459;1
460;0
461;0
462;2
463;0
464;0
465;0
466;0
467;0
468;1
469;0
470;0
471;1
472;1
473;0
474;0
475;0
476;2
477;0
478;0
479;0
480;2
481;0
482;0
483;0
484;2
485;0
486;2
487;0
488;1
489;0
490;0
491;0
492;0
493;0
494;0
495;2
496;1
497;0
498;1
499;2
500;1
501;0
502;0
503;0
504;0
505;0
506;0
507;0
508;0
509;0
510;0
511;1
512;0
513;1
514;0
515;0
516;0
517;0
518;0
519;0
520;0
521;2
522;0
523;0
524;0
525;2
526;0
527;2
528;1
529;0
530;2
531;2
532;2
533;0
534;2
535;0
536;2
537;2
538;0
539;2
540;0
541;2
542;2
543;2
544;2
545;0
546;0
547;0
548;0
549;0
550;2
551;0
552;2
553;0
554;2
555;2
556;0
557;0
558;2
559;0
560;0
561;0
562;0
563;2
564;0
565;0
566;0
567;0
568;0
569;2
570;0
571;0
572;0
573;0
574;0
575;0
576;0
577;1
578;0
579;0
580;0
581;0
582;0
583;2
584;1
585;0
586;0
587;0
588;0
589;0
590;0
591;0
592;2
593;2
594;2
595;0
596;2
597;0
598;2
599;0
600;0
601;0
602;2
603;0
604;0
605;0
606;0
607;0
608;0
609;2
610;2
611;0
612;0
613;0
614;0
615;2
616;2
617;0
618;2
619;2
620;0
621;0
622;2
623;0
624;2
625;0
626;0
627;2
628;2
629;0
630;0
631;2
632;2
633;0
634;0
635;0
636;0
637;1
638;0
639;1
640;0
641;0
642;0
643;0
644;0
645;1
646;0
647;2
648;1
649;0
650;0
651;0
652;1
653;0
654;0
655;0
656;0
657;0
658;1
659;2
660;1
661;0
662;0
663;0
664;1
665;2
666;0
667;2
668;2
669;0
670;0
671;0
672;2
673;2
674;1
675;0
676;1
677;0
678;0
679;0
680;2
681;0
682;0
683;0
684;0
685;0
686;2
687;0
688;0
689;1
690;0
691;0
692;0
693;1
694;0
695;0
696;2
697;0
698;0
699;0
700;0
701;0
702;1
703;0
704;0
705;0
706;1
707;0
708;0
709;0
710;0
711;0
712;0
713;0
714;0
715;0
716;0
717;1
718;0
719;1
720;0
721;0
722;0
723;2
724;0
725;0
726;2
727;1
728;0
729;0
730;2
731;0
732;1
733;0
734;0
735;0
736;0
737;1
738;0
739;0
740;2
741;0
742;2
743;0
744;0
745;0
746;0
747;2
748;2
749;0
750;2
751;0
752;2
753;0
754;2
755;0
756;1
757;0
758;0
759;0
760;0
761;1
762;0
763;0
764;0
765;0
766;0
767;2
768;1
769;1
770;0
771;2
772;2
773;0
774;1
775;0
776;2
777;0
778;0
779;0
780;0
781;0
782;0
783;0
784;0
785;2
786;0
787;0
788;0
789;0
790;1
791;0
792;0
793;0
794;0
795;2
796;2
797;1
798;0
799;2
800;2
801;0
802;2
803;0
804;2
805;0
806;0
807;1
808;1
809;0
810;2
811;0
812;0
813;0
814;0
815;0
816;0
817;0
818;2
819;0
820;0
821;2
822;1
823;0
824;1
825;0
826;0
827;0
828;0
829;1
830;0
831;0
832;0
833;0
834;2
835;0
836;0
837;0
838;0
839;0
840;2
841;0
842;2
843;0
844;0
845;1
846;0
847;2
848;1
849;0
850;0
851;0
852;0
853;0
854;2
855;1
856;0
857;0
858;2
859;0
860;0
861;0
862;1
863;0
864;0
865;2
866;0
867;0
868;0
869;1
870;0
871;0
872;1
873;0
874;1
875;0
876;0
877;2
878;1
879;0
880;1
881;0
882;0
883;0
884;0
885;0
886;0
887;0
888;0
889;0
890;0
891;0
892;0
893;0
894;0
895;2
896;1
897;0
898;2
899;0
900;2
901;1
902;0
903;0
904;1
905;2
906;1
907;0
908;0
909;0
910;2
911;0
912;0
913;0
914;0
915;0
916;2
917;0
918;1
919;0
920;0
921;0
922;1
923;0
924;2
925;1
926;0
927;0
928;2
929;0
930;2
931;2
932;2
933;0
934;0
935;0
936;2
937;0
938;0
939;0
940;0
941;0
942;0
943;2
944;2
945;2
946;0
947;0
948;0
949;1
950;0
951;0
952;2
953;0
954;0
955;0
956;2
957;1
958;2
959;0
960;1
961;0
962;0
963;0
964;1
965;0
966;0
967;2
968;0
969;0
970;0
971;0
972;0
973;0
974;0
975;0
976;0
977;0
978;1
979;0
980;0
981;0
982;1
983;2
984;1
985;0
986;1
987;0
988;0
989;2
990;2
991;0
992;2
993;2
994;0
995;0
996;1
997;0
998;1
999;0
1000;0
1001;0
1002;0
1003;2
1004;1
1005;2
1006;2
1007;2
1008;2
1009;0
1010;2
1011;0
1012;1
1013;0
1014;0
1015;1
1016;0
1017;0
1018;0
1019;0
1020;0
1021;0
1022;0
1023;0
