0;1
1;0
2;0
3;1
4;4
5;0
6;2
7;2
8;1
9;0
10;2
11;0
12;2
13;0
14;0
15;0
16;0
17;2
18;2
19;2
20;1
21;0
22;1
23;0
24;0
25;1
26;2
27;0
28;2
29;0
30;0
31;2
32;0
33;0
34;0
35;0
36;0
37;0
38;2
39;1
40;0
41;0
42;0
43;0
44;2
45;0
46;0
47;1
48;0
49;0
50;0
51;0
52;0
53;0
54;0
55;0
56;0
57;1
58;0
59;0
60;1
61;0
62;1
63;0
64;0
65;0
66;2
67;1
68;0
69;0
70;0
71;2
72;0
73;0
74;0
75;0
76;0
77;0
78;0
79;0
80;2
81;0
82;0
83;1
84;1
85;2
86;0
87;0
88;0
89;2
90;2
91;2
92;2
93;0
94;2
95;1
96;0
97;0
98;2
99;1
100;0
101;0
102;1
103;0
104;0
105;0
106;0
107;0
108;0
109;2
110;0
111;0
112;0
113;0
114;0
115;0
116;0
117;2
118;2
119;1
120;0
121;1
122;1
123;0
124;1
125;0
126;0
127;0
128;2
129;0
130;2
131;2
132;0
133;2
134;0
135;0
136;0
137;1
138;2
139;2
140;1
141;0
142;0
143;0
144;0
145;0
146;0
147;0
148;0
149;0
150;2
151;0
152;0
153;2
154;2
155;2
156;1
157;0
158;0
159;2
160;2
161;0
162;2
163;2
164;2
165;0
166;2
167;0
168;0
169;1
170;0
171;1
172;0
173;0
174;0
175;0
176;0
177;0
178;0
179;2
180;0
181;0
182;0
183;2
184;1
185;0
186;0
187;0
188;2
189;1
190;0
191;2
192;1
193;0
194;0
195;1
196;2
197;2
198;2
199;2
200;1
201;0
202;2
203;0
204;0
205;0
206;0
207;0
208;0
209;0
210;0
211;0
212;0
213;0
214;0
215;2
216;1
217;0
218;2
219;2
220;1
221;0
222;0
223;2
224;2
225;0
226;2
227;2
228;2
229;2
230;2
231;0
232;1
233;2
234;2
235;2
236;0
237;0
238;0
239;0
240;0
241;0
242;0
243;0
244;0
245;2
246;2
247;2
248;2
249;2
250;0
251;2
252;0
253;0
254;0
255;1
256;1
257;0
258;0
259;0
260;0
261;0
262;2
263;1
264;0
265;0
266;0
267;0
268;2
269;2
270;1
271;2
272;1
273;0
274;2
275;0
276;0
277;1
278;0
279;0
280;2
281;0
282;0
283;0
284;2
285;0
286;2
287;1
288;0
289;0
290;0
291;0
292;0
293;0
294;2
295;1
296;0
297;0
298;0
299;0
300;0
301;0
302;0
303;0
304;1
305;1
306;0
307;0
308;0
309;0
310;0
311;0
312;0
313;0
314;1
315;0
316;0
317;0
318;0
319;0
320;0
321;0
322;0
323;0
324;1
325;0
326;0
327;1
328;2
329;0
330;0
331;0
332;1
333;0
334;1
335;1
336;0
337;0
338;0
339;0
340;2
341;0
342;1
343;1
344;0
345;0
346;0
347;2
348;2
349;2
350;2
351;1
352;0
353;2
354;2
355;2
356;1
357;0
358;0
359;2
360;1
361;0
362;2
363;2
364;2
365;0
366;2
367;0
368;2
369;0
370;2
371;1
372;0
373;0
374;0
375;0
376;2
377;1
378;0
379;2
380;1
381;0
382;1
383;0
384;2
385;0
386;0
387;0
388;0
389;0
390;0
391;0
392;0
393;0
394;2
395;0
396;0
397;0
398;2
399;2
400;2
401;1
402;0
403;0
404;0
405;0
406;0
407;0
408;0
409;2
410;2
411;2
412;2
413;0
414;2
415;1
416;0
417;0
418;2
419;0
420;0
421;0
422;2
423;1
424;0
425;0
426;2
427;2
428;2
429;2
430;2
431;0
432;0
433;0
434;1
435;0
436;2
437;0
438;0
439;0
440;1
441;2
442;0
443;2
444;0
445;0
446;2
447;2
448;1
449;0
450;0
451;0
452;2
453;0
454;0
455;2
456;2
457;0
458;0
459;0
460;0
461;2
462;2
463;1
464;0
465;0
466;0
467;0
468;0
469;2
470;2
471;2
472;1
473;0
474;1
475;0
476;0
477;0
478;0
479;2
480;2
481;0
482;2
483;1
484;0
485;0
486;2
487;0
488;0
489;2
490;0
491;0
492;0
493;0
494;0
495;0
496;0
497;1
498;0
499;4
500;0
501;0
502;0
503;1
504;2
505;0
506;0
507;2
508;0
509;0
510;0
511;0
512;0
513;2
514;2
515;1
516;0
517;2
518;0
519;0
520;0
521;0
522;0
523;0
524;0
525;0
526;0
527;0
528;0
529;0
530;2
531;2
532;0
533;0
534;0
535;0
536;0
537;0
538;0
539;0
540;2
541;2
542;2
543;2
544;2
545;2
546;2
547;0
548;2
549;0
550;2
551;0
552;0
553;2
554;0
555;1
556;1
557;0
558;0
559;0
560;0
561;0
562;0
563;0
564;1
565;0
566;2
567;0
568;0
569;1
570;0
571;2
572;0
573;0
574;1
575;1
576;0
577;0
578;1
579;0
580;2
581;0
582;0
583;2
584;0
585;0
586;0
587;0
588;0
589;0
590;2
591;1
592;0
593;2
594;2
595;0
596;1
597;0
598;0
599;2
600;2
601;0
602;1
603;0
604;2
605;0
606;0
607;0
608;0
609;2
610;0
611;0
612;1
613;2
614;2
615;2
616;2
617;0
618;0
619;0
620;0
621;0
622;2
623;0
624;0
625;0
626;2
627;2
628;1
629;0
630;0
631;2
632;4
633;2
634;2
635;2
636;2
637;0
638;2
639;0
640;1
641;0
642;0
643;0
644;2
645;2
646;2
647;2
648;2
649;0
650;2
651;1
652;0
653;2
654;0
655;2
656;0
657;0
658;2
659;0
660;0
661;0
662;1
663;0
664;2
665;2
666;2
667;2
668;0
669;0
670;0
671;0
672;2
673;0
674;0
675;0
676;1
677;0
678;0
679;0
680;0
681;2
682;2
683;1
684;0
685;0
686;0
687;0
688;0
689;0
690;0
691;0
692;1
693;0
694;0
695;0
696;0
697;0
698;0
699;0
700;0
701;0
702;0
703;0
704;0
705;2
706;2
707;1
708;0
709;1
710;0
711;0
712;0
713;0
714;0
715;2
716;1
717;1
718;0
719;0
720;0
721;0
722;0
723;0
724;1
725;0
726;0
727;0
728;0
729;0
730;0
731;0
732;0
733;0
734;0
735;1
736;0
737;0
738;2
739;2
740;2
741;2
742;0
743;0
744;0
745;0
746;0
747;0
748;0
749;1
750;1
751;0
752;0
753;1
754;0
755;2
756;2
757;0
758;2
759;1
760;0
761;0
762;0
763;0
764;1
765;0
766;0
767;1
768;0
769;2
770;0
771;0
772;0
773;2
774;2
775;1
776;1
777;0
778;0
779;0
780;0
781;2
782;1
783;0
784;2
785;2
786;2
787;1
788;0
789;0
790;2
791;1
792;0
793;0
794;0
795;0
796;0
797;0
798;0
799;0
800;0
801;2
802;2
803;1
804;0
805;2
806;2
807;1
808;1
809;0
810;2
811;2
812;1
813;0
814;0
815;2
816;2
817;0
818;2
819;2
820;2
821;0
822;2
823;0
824;2
825;2
826;2
827;2
828;4
829;0
830;0
831;0
832;0
833;2
834;0
835;2
836;2
837;2
838;0
839;0
840;0
841;1
842;0
843;0
844;0
845;0
846;2
847;2
848;0
849;0
850;0
851;2
852;2
853;0
854;0
855;0
856;0
857;0
858;1
859;0
860;2
861;0
862;0
863;0
864;1
865;0
866;0
867;0
868;1
869;0
870;2
871;2
872;2
873;1
874;0
875;2
876;1
877;0
878;0
879;0
880;0
881;2
882;0
883;0
884;0
885;0
886;1
887;0
888;0
889;0
890;2
891;2
892;1
893;0
894;0
895;2
896;4
897;0
898;2
899;2
900;2
901;0
902;2
903;0
904;1
905;0
906;0
907;1
908;0
909;2
910;0
911;0
912;2
913;0
914;2
915;1
916;0
917;0
918;2
919;1
920;0
921;0
922;1
923;0
924;2
925;2
926;1
927;0
928;1
929;0
930;0
931;0
932;2
933;1
934;2
935;0
936;1
937;0
938;0
939;0
940;0
941;2
942;2
943;2
944;2
945;2
946;2
947;0
948;0
949;1
950;0
951;0
952;0
953;1
954;2
955;0
956;0
957;1
958;0
959;1
960;0
961;0
962;0
963;0
964;1
965;0
966;2
967;0
968;0
969;0
970;0
971;2
972;0
973;0
974;0
975;0
976;0
977;0
978;0
979;0
980;0
981;2
982;0
983;0
984;0
985;1
986;0
987;2
988;0
989;0
990;1
991;0
992;2
993;0
994;1
995;0
996;2
997;0
998;2
999;1
1000;0
1001;0
1002;0
1003;0
1004;0
1005;0
1006;0
1007;2
1008;0
1009;2
1010;0
1011;0
1012;1
1013;0
1014;1
1015;1
1016;0
1017;0
1018;0
1019;0
1020;0
1021;0
1022;0
1023;0
