0;1
1;0
2;0
3;0
4;2
5;0
6;2
7;1
8;0
9;0
10;0
11;0
12;0
13;0
14;2
15;1
16;0
17;0
18;0
19;1
20;0
21;0
22;2
23;2
24;1
25;0
26;0
27;0
28;2
29;0
30;0
31;0
32;2
33;0
34;0
35;0
36;0
37;0
38;0
39;0
40;0
41;0
42;0
43;1
44;0
45;0
46;0
47;0
48;1
49;0
50;0
51;2
52;1
53;0
54;2
55;2
56;2
57;0
58;1
59;0
60;2
61;0
62;2
63;0
64;2
65;0
66;0
67;0
68;2
69;0
70;2
71;1
72;0
73;2
74;0
75;0
76;1
77;0
78;0
79;0
80;2
81;0
82;0
83;0
84;2
85;0
86;0
87;0
88;1
89;0
90;0
91;0
92;2
93;0
94;0
95;0
96;1
97;0
98;0
99;0
100;0
101;0
102;2
103;1
104;0
105;0
106;0
107;0
108;1
109;0
110;0
111;0
112;1
113;0
114;1
115;1
116;0
117;0
118;2
119;0
120;0
121;1
122;0
123;0
124;0
125;0
126;0
127;0
128;0
129;0
130;0
131;0
132;0
133;0
134;0
135;0
136;0
137;0
138;2
139;2
140;1
141;0
142;2
143;2
144;2
145;0
146;2
147;0
148;2
149;0
150;0
151;0
152;2
153;0
154;0
155;0
156;0
157;0
158;2
159;0
160;0
161;1
162;0
163;0
164;0
165;0
166;0
167;0
168;0
169;0
170;0
171;0
172;0
173;0
174;2
175;0
176;1
177;0
178;0
179;0
180;1
181;2
182;1
183;0
184;0
185;0
186;1
187;0
188;0
189;0
190;0
191;1
192;0
193;2
194;2
195;2
196;0
197;2
198;2
199;0
200;0
201;2
202;1
203;0
204;1
205;0
206;0
207;0
208;0
209;0
210;0
211;2
212;1
213;0
214;1
215;0
216;0
217;0
218;0
219;0
220;0
221;0
222;2
223;2
224;2
225;0
226;0
227;0
228;2
229;0
230;1
231;0
232;0
233;0
234;0
235;0
236;1
237;0
238;2
239;0
240;0
241;0
242;2
243;2
244;2
245;0
246;2
247;2
248;0
249;0
250;0
251;2
252;0
253;0
254;0
255;0
256;1
257;0
258;1
259;0
260;2
261;0
262;2
263;2
264;2
265;1
266;0
267;0
268;0
269;1
270;0
271;1
272;1
273;0
274;0
275;0
276;2
277;2
278;2
279;0
280;0
281;2
282;0
283;0
284;0
285;0
286;0
287;1
288;0
289;0
290;0
291;0
292;0
293;2
294;0
295;0
296;2
297;0
298;2
299;0
300;1
301;0
302;0
303;0
304;2
305;0
306;0
307;0
308;1
309;0
310;0
311;0
312;0
313;1
314;2
315;0
316;1
317;0
318;2
319;0
320;0
321;0
322;0
323;0
324;1
325;0
326;2
327;1
328;0
329;0
330;1
331;0
332;0
333;2
334;0
335;0
336;0
337;0
338;1
339;0
340;1
341;0
342;0
343;1
344;0
345;0
346;0
347;0
348;2
349;0
350;0
351;1
352;0
353;1
354;0
355;0
356;0
357;2
358;2
359;2
360;0
361;0
362;0
363;0
364;0
365;0
366;2
367;2
368;0
369;0
370;2
371;2
372;0
373;2
374;1
375;0
376;0
377;0
378;2
379;2
380;1
381;0
382;0
383;1
384;0
385;0
386;0
387;0
388;0
389;0
390;0
391;0
392;2
393;1
394;0
395;2
396;2
397;0
398;0
399;0
400;2
401;0
402;0
403;0
404;0
405;0
406;0
407;0
408;0
409;1
410;1
411;0
412;1
413;0
414;2
415;0
416;1
417;0
418;0
419;0
420;2
421;0
422;2
423;2
424;2
425;0
426;2
427;0
428;2
429;0
430;0
431;0
432;2
433;2
434;2
435;0
436;0
437;0
438;0
439;0
440;2
441;0
442;2
443;1
444;0
445;0
446;1
447;0
448;0
449;0
450;0
451;0
452;1
453;2
454;0
455;0
456;2
457;1
458;0
459;0
460;1
461;0
462;1
463;0
464;0
465;0
466;0
467;2
468;2
469;2
470;0
471;0
472;0
473;1
474;0
475;0
476;1
477;0
478;0
479;0
480;2
481;1
482;0
483;0
484;0
485;0
486;0
487;2
488;0
489;2
490;0
491;1
492;0
493;2
494;1
495;0
496;2
497;0
498;0
499;0
500;0
501;0
502;2
503;0
504;2
505;1
506;0
507;0
508;2
509;0
510;2
511;1
512;0
513;0
514;1
515;0
516;0
517;0
518;2
519;0
520;0
521;0
522;2
523;2
524;1
525;0
526;0
527;0
528;0
529;1
530;0
531;0
532;1
533;0
534;1
535;0
536;2
537;0
538;1
539;0
540;2
541;0
542;2
543;0
544;1
545;0
546;0
547;2
548;0
549;0
550;0
551;0
552;0
553;2
554;1
555;0
556;1
557;0
558;0
559;0
560;1
561;1
562;0
563;0
564;2
565;0
566;0
567;0
568;2
569;0
570;0
571;2
572;1
573;0
574;0
575;0
576;2
577;1
578;0
579;2
580;0
581;0
582;2
583;2
584;1
585;0
586;0
587;0
588;1
589;0
590;0
591;0
592;1
593;0
594;0
595;0
596;1
597;2
598;0
599;1
600;0
601;0
602;1
603;0
604;0
605;0
606;2
607;2
608;1
609;0
610;0
611;0
612;0
613;2
614;2
615;2
616;2
617;0
618;2
619;0
620;1
621;0
622;1
623;0
624;1
625;2
626;0
627;0
628;0
629;0
630;0
631;0
632;0
633;0
634;1
635;1
636;0
637;0
638;1
639;0
640;2
641;2
642;0
643;0
644;2
645;2
646;2
647;0
648;0
649;0
650;0
651;0
652;0
653;2
654;0
655;0
656;1
657;0
658;1
659;2
660;2
661;2
662;0
663;0
664;0
665;0
666;2
667;2
668;0
669;0
670;2
671;1
672;0
673;1
674;2
675;0
676;0
677;0
678;0
679;0
680;0
681;2
682;2
683;2
684;0
685;0
686;0
687;0
688;1
689;0
690;1
691;0
692;1
693;0
694;1
695;0
696;0
697;0
698;0
699;0
700;1
701;0
702;0
703;2
704;0
705;0
706;2
707;1
708;0
709;0
710;2
711;0
712;0
713;0
714;0
715;2
716;0
717;2
718;2
719;2
720;0
721;0
722;0
723;2
724;0
725;0
726;0
727;1
728;0
729;1
730;1
731;0
732;1
733;0
734;0
735;0
736;2
737;2
738;1
739;0
740;0
741;0
742;0
743;1
744;0
745;0
746;1
747;0
748;2
749;0
750;2
751;0
752;0
753;0
754;0
755;0
756;0
757;0
758;0
759;0
760;1
761;1
762;0
763;0
764;0
765;2
766;2
767;2
768;2
769;0
770;2
771;1
772;2
773;0
774;4
775;2
776;1
777;0
778;2
779;0
780;2
781;0
782;2
783;2
784;1
785;0
786;0
787;0
788;0
789;0
790;2
791;0
792;0
793;1
794;1
795;0
796;0
797;0
798;2
799;2
800;0
801;2
802;0
803;0
804;0
805;0
806;0
807;1
808;2
809;0
810;0
811;1
812;0
813;2
814;0
815;2
816;0
817;2
818;0
819;0
820;0
821;1
822;0
823;2
824;2
825;0
826;0
827;2
828;0
829;0
830;0
831;0
832;0
833;1
834;0
835;0
836;0
837;0
838;0
839;1
840;0
841;0
842;0
843;2
844;0
845;1
846;0
847;0
848;0
849;0
850;1
851;0
852;0
853;0
854;0
855;0
856;0
857;0
858;0
859;0
860;0
861;0
862;2
863;0
864;0
865;0
866;0
867;0
868;2
869;0
870;0
871;2
872;0
873;1
874;0
875;0
876;0
877;0
878;0
879;1
880;0
881;0
882;0
883;0
884;0
885;1
886;0
887;0
888;2
889;0
890;0
891;0
892;0
893;1
894;2
895;0
896;2
897;2
898;2
899;0
900;2
901;2
902;2
903;0
904;1
905;0
906;2
907;0
908;0
909;0
910;0
911;2
912;0
913;2
914;0
915;0
916;0
917;0
918;1
919;0
920;0
921;0
922;2
923;0
924;2
925;0
926;0
927;2
928;0
929;0
930;0
931;2
932;1
933;0
934;0
935;0
936;2
937;0
938;2
939;2
940;2
941;0
942;2
943;0
944;2
945;0
946;0
947;0
948;0
949;0
950;2
951;1
952;0
953;0
954;0
955;0
956;2
957;1
958;0
959;0
960;0
961;0
962;0
963;1
964;0
965;1
966;1
967;0
968;0
969;0
970;0
971;0
972;0
973;0
974;2
975;0
976;0
977;2
978;2
979;0
980;0
981;0
982;0
983;0
984;1
985;0
986;1
987;0
988;2
989;2
990;2
991;0
992;2
993;0
994;2
995;0
996;0
997;0
998;0
999;2
1000;1
1001;0
1002;0
1003;0
1004;2
1005;1
1006;0
1007;0
1008;0
1009;0
1010;2
1011;0
1012;1
1013;0
1014;0
1015;0
1016;0
1017;0
1018;0
1019;0
1020;0
1021;0
1022;0
1023;0
