0;1
1;0
2;0
3;2
4;2
5;0
6;1
7;1
8;0
9;0
10;0
11;0
12;2
13;1
14;0
15;2
16;0
17;1
18;0
19;0
20;1
21;0
22;0
23;2
24;0
25;0
26;0
27;1
28;2
29;0
30;0
31;0
32;0
33;0
34;0
35;0
36;0
37;0
38;0
39;0
40;1
41;0
42;0
43;0
44;2
45;0
46;1
47;2
48;2
49;0
50;0
51;2
52;1
53;0
54;0
55;0
56;1
57;0
58;0
59;0
60;1
61;2
62;1
63;0
64;0
65;0
66;2
67;0
68;0
69;0
70;2
71;2
72;1
73;0
74;0
75;2
76;4
77;0
78;2
79;0
80;0
81;0
82;2
83;0
84;1
85;0
86;2
87;2
88;2
89;0
90;0
91;0
92;2
93;2
94;2
95;0
96;2
97;0
98;0
99;2
100;0
101;0
102;0
103;0
104;1
105;0
106;2
107;2
108;1
109;0
110;0
111;0
112;1
113;0
114;1
115;0
116;2
117;0
118;2
119;0
120;2
121;0
122;0
123;1
124;0
125;0
126;0
127;0
128;2
129;0
130;0
131;2
132;1
133;0
134;2
135;2
136;2
137;2
138;2
139;0
140;1
141;0
142;0
143;0
144;2
145;0
146;0
147;0
148;0
149;1
150;0
151;0
152;0
153;2
154;0
155;0
156;1
157;0
158;0
159;0
160;0
161;0
162;0
163;2
164;0
165;0
166;2
167;2
168;2
169;0
170;0
171;2
172;2
173;0
174;1
175;0
176;0
177;0
178;0
179;0
180;0
181;0
182;0
183;0
184;0
185;0
186;0
187;2
188;1
189;1
190;0
191;0
192;0
193;1
194;0
195;0
196;2
197;0
198;0
199;1
200;0
201;0
202;0
203;2
204;1
205;0
206;0
207;2
208;2
209;0
210;2
211;2
212;2
213;0
214;2
215;0
216;1
217;1
218;0
219;1
220;0
221;2
222;0
223;0
224;0
225;0
226;2
227;2
228;1
229;0
230;0
231;0
232;2
233;0
234;0
235;2
236;0
237;2
238;1
239;0
240;0
241;0
242;1
243;0
244;1
245;0
246;0
247;1
248;4
249;0
250;2
251;1
252;1
253;0
254;2
255;0
256;1
257;0
258;0
259;2
260;1
261;0
262;0
263;0
264;2
265;0
266;2
267;2
268;2
269;0
270;2
271;0
272;1
273;0
274;0
275;0
276;0
277;1
278;0
279;0
280;0
281;0
282;0
283;0
284;0
285;0
286;0
287;0
288;1
289;0
290;0
291;0
292;1
293;0
294;0
295;2
296;4
297;2
298;2
299;1
300;0
301;0
302;2
303;0
304;1
305;2
306;1
307;0
308;1
309;0
310;1
311;2
312;2
313;0
314;0
315;1
316;0
317;0
318;2
319;0
320;0
321;2
322;1
323;0
324;2
325;0
326;2
327;2
328;1
329;0
330;1
331;0
332;1
333;1
334;0
335;1
336;1
337;2
338;1
339;2
340;2
341;0
342;2
343;0
344;1
345;0
346;0
347;0
348;0
349;0
350;2
351;2
352;2
353;0
354;0
355;2
356;0
357;0
358;0
359;0
360;2
361;0
362;0
363;2
364;1
365;0
366;0
367;0
368;1
369;0
370;0
371;0
372;1
373;0
374;1
375;0
376;1
377;1
378;0
379;2
380;2
381;0
382;2
383;2
384;2
385;0
386;2
387;0
388;2
389;0
390;0
391;2
392;2
393;1
394;0
395;0
396;0
397;2
398;1
399;0
400;0
401;1
402;0
403;0
404;0
405;0
406;0
407;2
408;1
409;0
410;0
411;0
412;2
413;2
414;0
415;2
416;0
417;0
418;0
419;0
420;1
421;0
422;2
423;0
424;2
425;0
426;0
427;2
428;4
429;0
430;2
431;2
432;2
433;0
434;2
435;0
436;1
437;0
438;1
439;0
440;0
441;0
442;2
443;2
444;1
445;0
446;0
447;0
448;1
449;0
450;0
451;0
452;2
453;0
454;2
455;1
456;0
457;0
458;0
459;0
460;2
461;0
462;0
463;1
464;0
465;0
466;0
467;0
468;1
469;0
470;0
471;1
472;0
473;0
474;0
475;2
476;1
477;0
478;0
479;2
480;2
481;0
482;2
483;2
484;2
485;0
486;2
487;2
488;0
489;1
490;0
491;0
492;0
493;0
494;0
495;0
496;2
497;2
498;1
499;0
500;2
501;2
502;2
503;2
504;0
505;0
506;0
507;2
508;2
509;0
510;2
511;2
512;2
513;0
514;2
515;0
516;2
517;0
518;0
519;0
520;0
521;0
522;0
523;0
524;2
525;0
526;1
527;0
528;0
529;0
530;0
531;0
532;0
533;0
534;2
535;2
536;1
537;0
538;0
539;2
540;4
541;0
542;2
543;2
544;2
545;0
546;0
547;0
548;2
549;0
550;0
551;0
552;0
553;0
554;0
555;0
556;0
557;0
558;2
559;2
560;1
561;0
562;0
563;2
564;4
565;0
566;1
567;0
568;2
569;0
570;0
571;0
572;2
573;1
574;1
575;0
576;2
577;0
578;0
579;0
580;0
581;0
582;1
583;1
584;0
585;1
586;0
587;2
588;0
589;0
590;2
591;1
592;0
593;0
594;0
595;2
596;2
597;0
598;2
599;2
600;2
601;0
602;0
603;0
604;2
605;0
606;0
607;2
608;0
609;0
610;0
611;2
612;0
613;0
614;2
615;0
616;1
617;0
618;0
619;0
620;1
621;1
622;0
623;0
624;2
625;0
626;0
627;1
628;0
629;0
630;2
631;0
632;0
633;2
634;0
635;0
636;0
637;0
638;0
639;2
640;1
641;0
642;2
643;2
644;1
645;0
646;0
647;0
648;0
649;2
650;2
651;0
652;2
653;0
654;1
655;0
656;0
657;0
658;0
659;2
660;1
661;0
662;0
663;0
664;2
665;0
666;2
667;2
668;2
669;2
670;2
671;0
672;2
673;0
674;0
675;0
676;0
677;0
678;0
679;0
680;1
681;0
682;0
683;2
684;1
685;0
686;2
687;0
688;0
689;0
690;0
691;0
692;0
693;0
694;0
695;0
696;0
697;0
698;0
699;1
700;0
701;0
702;2
703;0
704;0
705;0
706;2
707;2
708;1
709;0
710;0
711;2
712;1
713;0
714;2
715;0
716;0
717;0
718;2
719;0
720;2
721;0
722;2
723;2
724;1
725;0
726;1
727;2
728;1
729;1
730;0
731;4
732;1
733;1
734;2
735;2
736;2
737;0
738;2
739;2
740;2
741;0
742;1
743;0
744;2
745;2
746;0
747;0
748;0
749;1
750;0
751;0
752;1
753;0
754;1
755;0
756;2
757;0
758;1
759;0
760;0
761;0
762;2
763;2
764;2
765;1
766;0
767;0
768;0
769;0
770;0
771;0
772;0
773;0
774;2
775;1
776;0
777;0
778;0
779;2
780;0
781;2
782;0
783;1
784;0
785;0
786;0
787;1
788;0
789;0
790;1
791;0
792;0
793;0
794;0
795;2
796;2
797;0
798;0
799;0
800;0
801;0
802;2
803;0
804;1
805;0
806;0
807;2
808;1
809;0
810;2
811;2
812;1
813;0
814;0
815;2
816;1
817;0
818;2
819;0
820;2
821;0
822;2
823;0
824;2
825;0
826;0
827;2
828;0
829;2
830;2
831;2
832;1
833;1
834;0
835;0
836;0
837;0
838;0
839;0
840;0
841;2
842;2
843;2
844;2
845;0
846;2
847;0
848;0
849;0
850;0
851;0
852;0
853;0
854;2
855;0
856;0
857;0
858;0
859;2
860;2
861;0
862;2
863;2
864;2
865;0
866;2
867;0
868;0
869;0
870;0
871;0
872;0
873;2
874;0
875;0
876;0
877;1
878;0
879;0
880;0
881;0
882;0
883;0
884;0
885;0
886;1
887;0
888;0
889;0
890;0
891;0
892;0
893;0
894;0
895;1
896;0
897;0
898;2
899;2
900;1
901;0
902;1
903;2
904;1
905;0
906;0
907;2
908;2
909;0
910;2
911;2
912;0
913;0
914;0
915;2
916;2
917;0
918;1
919;0
920;0
921;1
922;0
923;0
924;0
925;1
926;0
927;1
928;0
929;0
930;2
931;1
932;0
933;0
934;0
935;0
936;0
937;0
938;0
939;2
940;1
941;0
942;0
943;2
944;2
945;0
946;2
947;2
948;2
949;0
950;0
951;0
952;2
953;1
954;0
955;2
956;0
957;1
958;0
959;0
960;2
961;1
962;0
963;0
964;0
965;0
966;0
967;0
968;0
969;1
970;0
971;0
972;1
973;0
974;0
975;0
976;0
977;2
978;0
979;0
980;1
981;0
982;0
983;0
984;1
985;0
986;0
987;2
988;2
989;0
990;0
991;2
992;2
993;0
994;0
995;0
996;2
997;0
998;0
999;0
1000;0
1001;0
1002;0
1003;1
1004;0
1005;0
1006;0
1007;2
1008;0
1009;0
1010;2
1011;2
1012;1
1013;0
1014;0
1015;1
1016;0
1017;0
1018;0
1019;0
1020;0
1021;0
1022;0
1023;0
