0;0
1;0
2;0
3;2
4;4
5;0
6;0
7;0
8;0
9;0
10;2
11;0
12;2
13;0
14;0
15;0
16;0
17;1
18;0
19;1
20;0
21;2
22;1
23;0
24;1
25;2
26;0
27;0
28;2
29;0
30;1
31;2
32;0
33;0
34;0
35;0
36;0
37;0
38;0
39;0
40;0
41;0
42;0
43;0
44;2
45;0
46;0
47;0
48;1
49;0
50;0
51;0
52;0
53;0
54;0
55;0
56;0
57;0
58;0
59;2
60;1
61;0
62;0
63;0
64;0
65;0
66;0
67;0
68;2
69;2
70;1
71;0
72;0
73;0
74;0
75;0
76;0
77;0
78;0
79;0
80;0
81;0
82;2
83;1
84;1
85;1
86;0
87;0
88;1
89;2
90;2
91;1
92;1
93;0
94;0
95;0
96;2
97;0
98;1
99;0
100;1
101;0
102;0
103;2
104;1
105;0
106;0
107;0
108;0
109;0
110;2
111;1
112;2
113;0
114;2
115;0
116;0
117;0
118;0
119;0
120;1
121;0
122;0
123;0
124;1
125;0
126;0
127;1
128;2
129;0
130;2
131;1
132;0
133;0
134;0
135;0
136;1
137;0
138;0
139;0
140;1
141;0
142;0
143;1
144;1
145;0
146;0
147;0
148;0
149;0
150;0
151;2
152;2
153;1
154;1
155;0
156;1
157;0
158;0
159;0
160;0
161;0
162;2
163;0
164;2
165;0
166;0
167;0
168;0
169;2
170;2
171;2
172;1
173;0
174;0
175;0
176;0
177;0
178;0
179;0
180;0
181;0
182;2
183;0
184;0
185;0
186;1
187;0
188;0
189;0
190;0
191;0
192;0
193;2
194;0
195;0
196;0
197;1
198;0
199;0
200;0
201;0
202;0
203;0
204;2
205;0
206;0
207;0
208;2
209;0
210;1
211;0
212;0
213;0
214;0
215;1
216;2
217;2
218;1
219;0
220;0
221;0
222;2
223;0
224;2
225;0
226;0
227;0
228;0
229;0
230;0
231;0
232;0
233;0
234;2
235;2
236;0
237;0
238;0
239;2
240;4
241;0
242;2
243;2
244;2
245;0
246;2
247;0
248;2
249;2
250;2
251;0
252;0
253;1
254;2
255;2
256;0
257;0
258;0
259;0
260;0
261;0
262;0
263;0
264;0
265;2
266;1
267;0
268;0
269;0
270;2
271;2
272;0
273;0
274;0
275;0
276;1
277;0
278;0
279;0
280;1
281;0
282;0
283;1
284;0
285;0
286;0
287;0
288;0
289;0
290;1
291;2
292;1
293;0
294;0
295;0
296;2
297;1
298;0
299;0
300;2
301;0
302;0
303;0
304;1
305;0
306;2
307;2
308;1
309;0
310;0
311;2
312;4
313;2
314;2
315;1
316;0
317;2
318;2
319;0
320;2
321;0
322;0
323;0
324;0
325;0
326;0
327;0
328;2
329;0
330;0
331;0
332;0
333;0
334;0
335;0
336;0
337;1
338;1
339;0
340;0
341;0
342;0
343;0
344;1
345;0
346;0
347;2
348;1
349;0
350;0
351;0
352;0
353;0
354;0
355;0
356;2
357;1
358;0
359;0
360;1
361;0
362;0
363;0
364;0
365;0
366;0
367;1
368;1
369;0
370;0
371;2
372;0
373;0
374;0
375;0
376;2
377;0
378;0
379;0
380;0
381;0
382;0
383;0
384;0
385;0
386;0
387;0
388;0
389;0
390;1
391;0
392;1
393;0
394;0
395;0
396;2
397;1
398;0
399;2
400;0
401;0
402;0
403;0
404;0
405;0
406;0
407;0
408;0
409;1
410;0
411;0
412;0
413;1
414;0
415;0
416;2
417;2
418;0
419;0
420;1
421;2
422;2
423;2
424;2
425;0
426;2
427;0
428;2
429;0
430;0
431;0
432;0
433;0
434;0
435;0
436;1
437;0
438;0
439;0
440;0
441;0
442;0
443;2
444;2
445;2
446;2
447;0
448;2
449;2
450;0
451;0
452;2
453;1
454;0
455;0
456;2
457;0
458;2
459;0
460;2
461;0
462;0
463;0
464;0
465;2
466;0
467;2
468;0
469;2
470;0
471;2
472;0
473;0
474;2
475;2
476;1
477;0
478;0
479;1
480;0
481;0
482;2
483;1
484;0
485;0
486;2
487;0
488;0
489;0
490;2
491;2
492;0
493;0
494;0
495;0
496;2
497;0
498;0
499;0
500;0
501;0
502;0
503;0
504;1
505;0
506;0
507;0
508;4
509;0
510;2
511;1
512;0
513;0
514;0
515;0
516;4
517;2
518;2
519;0
520;0
521;0
522;0
523;0
524;4
525;1
526;0
527;2
528;2
529;0
530;0
531;0
532;1
533;0
534;0
535;2
536;0
537;0
538;2
539;2
540;2
541;0
542;0
543;1
544;1
545;1
546;0
547;0
548;0
549;0
550;0
551;0
552;1
553;1
554;0
555;1
556;0
557;0
558;2
559;0
560;0
561;2
562;2
563;1
564;0
565;2
566;2
567;0
568;0
569;0
570;0
571;1
572;0
573;2
574;2
575;2
576;1
577;0
578;0
579;2
580;4
581;0
582;1
583;0
584;2
585;0
586;2
587;0
588;2
589;0
590;2
591;0
592;1
593;0
594;0
595;0
596;1
597;0
598;0
599;2
600;2
601;0
602;0
603;0
604;2
605;2
606;0
607;2
608;2
609;2
610;2
611;0
612;2
613;0
614;1
615;0
616;0
617;2
618;0
619;1
620;1
621;0
622;1
623;0
624;0
625;0
626;0
627;0
628;1
629;0
630;0
631;0
632;2
633;1
634;0
635;2
636;0
637;0
638;0
639;0
640;1
641;0
642;0
643;2
644;2
645;0
646;2
647;2
648;2
649;0
650;2
651;0
652;0
653;0
654;2
655;2
656;0
657;0
658;2
659;2
660;1
661;0
662;0
663;2
664;2
665;0
666;2
667;2
668;2
669;0
670;2
671;0
672;1
673;0
674;0
675;0
676;2
677;0
678;0
679;0
680;1
681;0
682;0
683;0
684;2
685;0
686;2
687;0
688;0
689;0
690;2
691;0
692;0
693;2
694;1
695;0
696;0
697;0
698;0
699;0
700;1
701;0
702;0
703;1
704;0
705;0
706;0
707;2
708;1
709;0
710;2
711;2
712;2
713;0
714;2
715;0
716;0
717;0
718;0
719;0
720;2
721;0
722;2
723;1
724;0
725;0
726;0
727;0
728;2
729;0
730;2
731;2
732;0
733;0
734;0
735;0
736;0
737;0
738;0
739;0
740;0
741;0
742;0
743;0
744;0
745;1
746;2
747;0
748;0
749;0
750;0
751;0
752;1
753;0
754;1
755;2
756;2
757;0
758;2
759;2
760;4
761;0
762;2
763;1
764;0
765;0
766;0
767;0
768;2
769;0
770;0
771;0
772;2
773;0
774;0
775;0
776;0
777;0
778;2
779;1
780;0
781;0
782;0
783;0
784;1
785;0
786;0
787;0
788;1
789;0
790;0
791;0
792;0
793;1
794;0
795;0
796;0
797;0
798;0
799;0
800;0
801;0
802;1
803;0
804;2
805;0
806;0
807;0
808;0
809;0
810;0
811;2
812;1
813;0
814;0
815;0
816;1
817;2
818;0
819;2
820;0
821;0
822;0
823;2
824;0
825;0
826;0
827;1
828;1
829;0
830;2
831;1
832;0
833;0
834;2
835;0
836;0
837;2
838;0
839;0
840;0
841;0
842;0
843;0
844;2
845;0
846;1
847;0
848;1
849;1
850;0
851;2
852;1
853;0
854;0
855;0
856;1
857;0
858;0
859;0
860;0
861;0
862;0
863;0
864;0
865;0
866;0
867;0
868;0
869;2
870;2
871;1
872;0
873;0
874;0
875;1
876;0
877;0
878;0
879;0
880;1
881;0
882;0
883;2
884;4
885;0
886;2
887;0
888;0
889;0
890;0
891;0
892;1
893;0
894;0
895;2
896;2
897;1
898;0
899;0
900;0
901;1
902;0
903;0
904;0
905;1
906;0
907;0
908;0
909;1
910;0
911;2
912;0
913;0
914;2
915;2
916;0
917;0
918;0
919;0
920;2
921;0
922;2
923;2
924;2
925;0
926;2
927;0
928;1
929;0
930;2
931;1
932;0
933;0
934;2
935;0
936;2
937;0
938;0
939;0
940;0
941;0
942;0
943;0
944;0
945;0
946;0
947;0
948;0
949;0
950;1
951;0
952;0
953;1
954;1
955;0
956;1
957;0
958;0
959;0
960;0
961;0
962;1
963;0
964;2
965;0
966;0
967;1
968;0
969;1
970;0
971;0
972;0
973;1
974;0
975;1
976;0
977;0
978;0
979;0
980;1
981;0
982;0
983;0
984;0
985;2
986;0
987;0
988;0
989;2
990;1
991;2
992;2
993;0
994;2
995;1
996;0
997;2
998;0
999;0
1000;1
1001;0
1002;2
1003;1
1004;0
1005;0
1006;0
1007;0
1008;1
1009;0
1010;0
1011;0
1012;1
1013;0
1014;1
1015;0
1016;0
1017;0
1018;0
1019;0
1020;0
1021;0
1022;0
1023;0
