0;1
1;0
2;0
3;2
4;4
5;0
6;2
7;0
8;2
9;0
10;2
11;0
12;2
13;0
14;0
15;0
16;1
17;0
18;2
19;0
20;2
21;2
22;2
23;2
24;2
25;0
26;2
27;2
28;2
29;0
30;0
31;2
32;0
33;0
34;0
35;0
36;0
37;0
38;2
39;1
40;0
41;0
42;0
43;0
44;2
45;0
46;2
47;1
48;0
49;0
50;1
51;0
52;0
53;0
54;0
55;0
56;0
57;1
58;0
59;2
60;1
61;0
62;0
63;1
64;0
65;0
66;0
67;1
68;0
69;0
70;2
71;2
72;1
73;0
74;0
75;0
76;0
77;0
78;0
79;0
80;2
81;0
82;2
83;0
84;0
85;2
86;0
87;0
88;0
89;2
90;2
91;2
92;2
93;0
94;2
95;2
96;2
97;0
98;2
99;1
100;0
101;0
102;0
103;0
104;0
105;0
106;0
107;2
108;0
109;0
110;0
111;0
112;0
113;0
114;0
115;0
116;0
117;0
118;2
119;1
120;0
121;1
122;2
123;2
124;1
125;0
126;0
127;0
128;2
129;2
130;0
131;0
132;2
133;0
134;0
135;0
136;0
137;2
138;1
139;0
140;1
141;0
142;2
143;0
144;0
145;0
146;0
147;0
148;0
149;0
150;2
151;0
152;0
153;0
154;0
155;0
156;1
157;1
158;0
159;1
160;2
161;0
162;2
163;2
164;2
165;0
166;0
167;0
168;2
169;1
170;0
171;0
172;0
173;0
174;0
175;0
176;0
177;2
178;0
179;0
180;0
181;0
182;0
183;2
184;1
185;0
186;0
187;0
188;2
189;1
190;0
191;2
192;1
193;0
194;0
195;1
196;1
197;0
198;2
199;1
200;0
201;0
202;2
203;0
204;0
205;0
206;0
207;0
208;0
209;0
210;0
211;0
212;0
213;0
214;2
215;2
216;1
217;0
218;0
219;2
220;1
221;0
222;0
223;2
224;4
225;0
226;2
227;2
228;2
229;0
230;0
231;0
232;1
233;2
234;2
235;2
236;2
237;0
238;0
239;2
240;0
241;0
242;0
243;0
244;0
245;2
246;1
247;0
248;2
249;4
250;0
251;0
252;0
253;0
254;2
255;2
256;2
257;2
258;0
259;0
260;0
261;0
262;2
263;1
264;0
265;0
266;0
267;0
268;2
269;2
270;1
271;1
272;1
273;0
274;0
275;0
276;0
277;1
278;0
279;0
280;2
281;0
282;0
283;0
284;2
285;0
286;2
287;1
288;0
289;0
290;0
291;0
292;2
293;0
294;2
295;1
296;0
297;0
298;0
299;0
300;0
301;0
302;0
303;0
304;2
305;0
306;0
307;0
308;1
309;0
310;0
311;0
312;0
313;1
314;1
315;0
316;0
317;0
318;0
319;0
320;0
321;0
322;0
323;0
324;1
325;2
326;0
327;1
328;2
329;0
330;0
331;0
332;2
333;0
334;2
335;1
336;0
337;0
338;0
339;0
340;2
341;0
342;2
343;1
344;0
345;0
346;0
347;2
348;4
349;2
350;2
351;1
352;0
353;0
354;2
355;2
356;1
357;0
358;0
359;2
360;4
361;0
362;2
363;1
364;0
365;0
366;2
367;0
368;2
369;0
370;4
371;1
372;1
373;0
374;2
375;0
376;2
377;2
378;2
379;2
380;1
381;0
382;0
383;0
384;0
385;1
386;0
387;0
388;0
389;0
390;0
391;0
392;1
393;0
394;2
395;0
396;0
397;1
398;0
399;2
400;2
401;1
402;0
403;0
404;0
405;0
406;2
407;0
408;0
409;0
410;2
411;2
412;2
413;0
414;2
415;1
416;0
417;0
418;2
419;1
420;0
421;0
422;0
423;1
424;0
425;0
426;1
427;0
428;2
429;2
430;1
431;0
432;2
433;0
434;2
435;0
436;2
437;0
438;0
439;0
440;1
441;2
442;1
443;0
444;0
445;0
446;2
447;2
448;1
449;0
450;2
451;0
452;2
453;0
454;0
455;1
456;2
457;0
458;0
459;0
460;0
461;0
462;2
463;1
464;0
465;0
466;0
467;0
468;0
469;2
470;0
471;0
472;1
473;0
474;2
475;2
476;1
477;0
478;0
479;2
480;4
481;0
482;2
483;2
484;2
485;0
486;0
487;0
488;1
489;1
490;0
491;0
492;0
493;2
494;0
495;2
496;0
497;0
498;0
499;0
500;2
501;0
502;0
503;2
504;2
505;0
506;2
507;1
508;0
509;0
510;0
511;0
512;0
513;2
514;2
515;2
516;2
517;2
518;0
519;0
520;0
521;0
522;0
523;0
524;0
525;0
526;0
527;0
528;0
529;0
530;0
531;0
532;0
533;0
534;0
535;0
536;0
537;0
538;0
539;0
540;2
541;2
542;2
543;2
544;2
545;2
546;2
547;0
548;2
549;0
550;2
551;0
552;0
553;2
554;0
555;1
556;0
557;0
558;0
559;0
560;0
561;0
562;0
563;0
564;1
565;0
566;2
567;0
568;0
569;1
570;0
571;2
572;0
573;0
574;2
575;1
576;0
577;0
578;0
579;0
580;2
581;0
582;0
583;2
584;0
585;0
586;0
587;0
588;0
589;2
590;2
591;1
592;0
593;2
594;2
595;0
596;1
597;0
598;2
599;0
600;0
601;0
602;2
603;2
604;2
605;0
606;1
607;0
608;0
609;2
610;0
611;0
612;2
613;2
614;2
615;2
616;1
617;0
618;0
619;0
620;2
621;0
622;2
623;0
624;0
625;0
626;2
627;2
628;0
629;0
630;0
631;2
632;4
633;0
634;2
635;2
636;2
637;0
638;2
639;0
640;1
641;0
642;0
643;0
644;2
645;1
646;0
647;1
648;2
649;0
650;2
651;1
652;0
653;2
654;0
655;2
656;0
657;0
658;2
659;0
660;0
661;2
662;0
663;0
664;2
665;0
666;2
667;1
668;0
669;0
670;0
671;0
672;2
673;0
674;0
675;0
676;4
677;0
678;0
679;0
680;0
681;2
682;2
683;2
684;2
685;2
686;0
687;0
688;1
689;0
690;0
691;0
692;1
693;0
694;0
695;0
696;0
697;1
698;0
699;0
700;0
701;0
702;0
703;0
704;0
705;0
706;1
707;0
708;2
709;1
710;0
711;0
712;0
713;0
714;0
715;2
716;1
717;1
718;0
719;0
720;0
721;0
722;0
723;0
724;1
725;0
726;0
727;0
728;0
729;0
730;0
731;0
732;0
733;0
734;0
735;1
736;0
737;0
738;2
739;2
740;2
741;2
742;0
743;0
744;0
745;0
746;0
747;0
748;2
749;0
750;1
751;0
752;0
753;0
754;2
755;2
756;1
757;0
758;2
759;1
760;0
761;0
762;0
763;0
764;1
765;0
766;0
767;0
768;0
769;2
770;0
771;0
772;0
773;0
774;2
775;2
776;4
777;1
778;0
779;0
780;0
781;2
782;0
783;2
784;2
785;0
786;2
787;1
788;0
789;0
790;2
791;1
792;0
793;0
794;0
795;0
796;2
797;0
798;0
799;0
800;1
801;2
802;2
803;1
804;0
805;2
806;2
807;2
808;1
809;0
810;2
811;1
812;0
813;0
814;0
815;2
816;4
817;2
818;2
819;2
820;0
821;0
822;2
823;0
824;2
825;1
826;0
827;2
828;4
829;0
830;0
831;0
832;0
833;2
834;2
835;2
836;1
837;0
838;0
839;0
840;0
841;0
842;0
843;0
844;0
845;0
846;2
847;2
848;2
849;0
850;0
851;0
852;0
853;0
854;0
855;0
856;1
857;0
858;1
859;0
860;2
861;2
862;0
863;1
864;0
865;0
866;0
867;0
868;1
869;0
870;0
871;2
872;0
873;0
874;0
875;0
876;1
877;0
878;0
879;0
880;0
881;2
882;0
883;0
884;2
885;0
886;1
887;2
888;0
889;0
890;2
891;2
892;1
893;0
894;0
895;2
896;2
897;0
898;2
899;2
900;0
901;0
902;2
903;0
904;1
905;2
906;0
907;1
908;0
909;2
910;0
911;0
912;0
913;0
914;2
915;0
916;0
917;0
918;1
919;1
920;0
921;0
922;1
923;0
924;1
925;0
926;1
927;0
928;1
929;0
930;0
931;0
932;2
933;1
934;2
935;0
936;2
937;0
938;0
939;0
940;0
941;1
942;2
943;2
944;2
945;1
946;4
947;2
948;1
949;1
950;1
951;0
952;2
953;2
954;2
955;1
956;0
957;1
958;0
959;0
960;0
961;0
962;0
963;2
964;2
965;0
966;2
967;0
968;0
969;0
970;0
971;2
972;2
973;0
974;0
975;0
976;0
977;0
978;0
979;0
980;0
981;1
982;0
983;0
984;2
985;1
986;0
987;2
988;0
989;0
990;1
991;0
992;2
993;2
994;2
995;2
996;2
997;2
998;1
999;1
1000;0
1001;0
1002;0
1003;0
1004;1
1005;0
1006;0
1007;0
1008;0
1009;2
1010;0
1011;0
1012;0
1013;0
1014;1
1015;1
1016;0
1017;0
1018;0
1019;0
1020;0
1021;0
1022;0
1023;0
