0;1
1;0
2;0
3;1
4;1
5;0
6;0
7;0
8;0
9;0
10;2
11;0
12;2
13;0
14;0
15;0
16;0
17;1
18;0
19;2
20;2
21;1
22;0
23;1
24;0
25;0
26;2
27;2
28;1
29;0
30;0
31;1
32;0
33;0
34;0
35;0
36;0
37;0
38;0
39;2
40;1
41;0
42;0
43;0
44;2
45;2
46;0
47;0
48;0
49;0
50;0
51;1
52;2
53;0
54;1
55;0
56;1
57;1
58;0
59;0
60;1
61;0
62;0
63;0
64;0
65;2
66;0
67;0
68;1
69;0
70;0
71;2
72;1
73;0
74;0
75;0
76;0
77;2
78;0
79;0
80;2
81;0
82;2
83;0
84;1
85;2
86;0
87;0
88;0
89;2
90;1
91;0
92;1
93;1
94;0
95;0
96;2
97;0
98;0
99;0
100;1
101;0
102;1
103;0
104;0
105;0
106;0
107;0
108;0
109;1
110;0
111;0
112;1
113;0
114;0
115;0
116;0
117;0
118;0
119;0
120;2
121;1
122;1
123;0
124;1
125;0
126;0
127;0
128;2
129;0
130;1
131;0
132;2
133;0
134;0
135;0
136;0
137;2
138;2
139;2
140;1
141;0
142;2
143;0
144;0
145;0
146;0
147;0
148;0
149;0
150;2
151;0
152;1
153;0
154;1
155;0
156;0
157;0
158;2
159;0
160;2
161;0
162;0
163;0
164;0
165;1
166;0
167;0
168;0
169;0
170;2
171;1
172;0
173;0
174;0
175;2
176;2
177;0
178;2
179;2
180;2
181;0
182;0
183;0
184;1
185;0
186;0
187;0
188;0
189;0
190;0
191;0
192;0
193;0
194;0
195;0
196;2
197;1
198;0
199;0
200;2
201;2
202;0
203;0
204;2
205;0
206;2
207;0
208;0
209;0
210;0
211;0
212;0
213;0
214;0
215;0
216;0
217;2
218;0
219;2
220;0
221;0
222;1
223;0
224;0
225;0
226;0
227;2
228;0
229;1
230;0
231;2
232;0
233;0
234;0
235;0
236;0
237;2
238;2
239;0
240;2
241;2
242;0
243;2
244;0
245;0
246;0
247;2
248;2
249;0
250;0
251;2
252;1
253;0
254;0
255;2
256;2
257;0
258;0
259;0
260;2
261;0
262;0
263;0
264;0
265;0
266;2
267;1
268;0
269;0
270;0
271;0
272;0
273;2
274;1
275;0
276;0
277;0
278;0
279;0
280;0
281;0
282;0
283;0
284;1
285;0
286;0
287;0
288;2
289;0
290;0
291;0
292;4
293;0
294;0
295;0
296;2
297;0
298;0
299;0
300;2
301;0
302;0
303;0
304;0
305;0
306;0
307;0
308;0
309;0
310;0
311;0
312;0
313;0
314;0
315;0
316;0
317;1
318;1
319;0
320;0
321;0
322;0
323;0
324;0
325;0
326;0
327;0
328;1
329;0
330;0
331;1
332;2
333;0
334;0
335;0
336;2
337;1
338;0
339;0
340;0
341;0
342;0
343;0
344;2
345;1
346;0
347;0
348;4
349;0
350;0
351;0
352;2
353;0
354;0
355;0
356;2
357;0
358;0
359;0
360;0
361;0
362;2
363;0
364;1
365;0
366;0
367;0
368;2
369;0
370;2
371;2
372;1
373;0
374;2
375;0
376;0
377;1
378;0
379;0
380;0
381;0
382;0
383;0
384;1
385;0
386;0
387;2
388;2
389;1
390;0
391;2
392;2
393;0
394;0
395;0
396;0
397;0
398;0
399;0
400;2
401;2
402;0
403;1
404;2
405;0
406;2
407;0
408;0
409;0
410;0
411;0
412;0
413;0
414;0
415;0
416;2
417;2
418;2
419;2
420;2
421;2
422;2
423;0
424;2
425;0
426;2
427;0
428;2
429;0
430;0
431;0
432;1
433;1
434;0
435;0
436;2
437;2
438;0
439;1
440;0
441;0
442;2
443;1
444;0
445;0
446;0
447;0
448;1
449;0
450;2
451;1
452;0
453;0
454;0
455;2
456;2
457;0
458;2
459;2
460;2
461;2
462;0
463;0
464;2
465;0
466;0
467;2
468;1
469;0
470;2
471;1
472;0
473;0
474;0
475;2
476;2
477;1
478;0
479;0
480;2
481;0
482;0
483;0
484;0
485;1
486;0
487;0
488;2
489;2
490;2
491;2
492;1
493;0
494;0
495;2
496;2
497;2
498;1
499;0
500;0
501;0
502;0
503;0
504;0
505;0
506;0
507;1
508;0
509;0
510;0
511;0
512;0
513;2
514;2
515;2
516;2
517;0
518;0
519;0
520;0
521;0
522;0
523;2
524;0
525;0
526;0
527;0
528;0
529;0
530;2
531;2
532;0
533;0
534;0
535;2
536;0
537;0
538;2
539;0
540;2
541;2
542;2
543;2
544;2
545;2
546;2
547;0
548;2
549;0
550;1
551;0
552;0
553;2
554;0
555;1
556;1
557;0
558;0
559;0
560;0
561;0
562;0
563;0
564;1
565;0
566;2
567;0
568;0
569;0
570;1
571;1
572;0
573;0
574;0
575;0
576;1
577;0
578;2
579;2
580;1
581;0
582;0
583;2
584;4
585;0
586;1
587;1
588;2
589;0
590;2
591;0
592;2
593;2
594;0
595;0
596;0
597;0
598;0
599;1
600;0
601;0
602;0
603;2
604;2
605;2
606;2
607;0
608;2
609;2
610;0
611;0
612;2
613;0
614;2
615;0
616;2
617;0
618;1
619;0
620;0
621;0
622;0
623;0
624;0
625;2
626;0
627;1
628;0
629;0
630;0
631;0
632;0
633;0
634;2
635;0
636;0
637;0
638;0
639;1
640;1
641;0
642;0
643;1
644;0
645;0
646;0
647;2
648;2
649;0
650;2
651;0
652;0
653;0
654;0
655;0
656;2
657;1
658;0
659;0
660;2
661;1
662;0
663;0
664;0
665;0
666;0
667;0
668;0
669;0
670;0
671;0
672;0
673;0
674;0
675;0
676;1
677;0
678;0
679;0
680;2
681;0
682;0
683;0
684;4
685;0
686;2
687;0
688;0
689;1
690;0
691;0
692;2
693;0
694;0
695;0
696;1
697;0
698;0
699;2
700;0
701;0
702;0
703;0
704;0
705;0
706;1
707;2
708;2
709;0
710;0
711;0
712;0
713;0
714;2
715;1
716;0
717;1
718;0
719;0
720;0
721;0
722;0
723;2
724;0
725;2
726;0
727;0
728;0
729;0
730;0
731;0
732;0
733;0
734;0
735;0
736;0
737;0
738;0
739;1
740;0
741;0
742;0
743;1
744;0
745;0
746;0
747;1
748;0
749;2
750;0
751;0
752;0
753;0
754;0
755;0
756;1
757;0
758;2
759;1
760;0
761;0
762;0
763;2
764;2
765;0
766;2
767;2
768;2
769;0
770;0
771;0
772;0
773;0
774;0
775;0
776;0
777;0
778;2
779;0
780;2
781;1
782;0
783;2
784;1
785;0
786;0
787;0
788;1
789;0
790;0
791;1
792;0
793;2
794;0
795;0
796;2
797;2
798;2
799;2
800;0
801;0
802;0
803;0
804;1
805;0
806;0
807;0
808;0
809;0
810;0
811;2
812;2
813;2
814;0
815;0
816;2
817;0
818;0
819;0
820;0
821;0
822;1
823;0
824;2
825;1
826;0
827;0
828;1
829;0
830;1
831;0
832;2
833;0
834;2
835;0
836;2
837;0
838;1
839;0
840;0
841;0
842;2
843;0
844;0
845;2
846;1
847;0
848;0
849;0
850;2
851;0
852;0
853;1
854;0
855;1
856;1
857;0
858;2
859;0
860;2
861;0
862;2
863;0
864;2
865;0
866;0
867;1
868;2
869;0
870;0
871;0
872;2
873;0
874;0
875;0
876;0
877;0
878;0
879;0
880;1
881;0
882;0
883;0
884;0
885;0
886;0
887;0
888;1
889;0
890;1
891;2
892;1
893;0
894;0
895;2
896;1
897;0
898;1
899;0
900;0
901;0
902;0
903;0
904;0
905;0
906;0
907;2
908;0
909;2
910;1
911;0
912;2
913;0
914;0
915;0
916;1
917;0
918;1
919;2
920;0
921;0
922;0
923;2
924;4
925;0
926;2
927;1
928;0
929;2
930;2
931;0
932;1
933;0
934;0
935;2
936;0
937;0
938;2
939;0
940;0
941;0
942;1
943;0
944;1
945;0
946;0
947;0
948;0
949;1
950;2
951;0
952;1
953;0
954;0
955;0
956;0
957;1
958;0
959;1
960;2
961;1
962;0
963;0
964;0
965;1
966;1
967;0
968;2
969;0
970;2
971;2
972;1
973;0
974;0
975;0
976;2
977;2
978;2
979;2
980;1
981;0
982;0
983;2
984;4
985;0
986;2
987;0
988;2
989;0
990;2
991;0
992;1
993;1
994;0
995;0
996;1
997;2
998;0
999;0
1000;0
1001;0
1002;0
1003;2
1004;0
1005;0
1006;0
1007;0
1008;0
1009;0
1010;0
1011;0
1012;0
1013;1
1014;0
1015;0
1016;0
1017;0
1018;0
1019;0
1020;0
1021;0
1022;0
1023;0
