0;1
1;0
2;0
3;0
4;1
5;0
6;2
7;1
8;2
9;0
10;2
11;0
12;2
13;0
14;2
15;1
16;0
17;0
18;0
19;2
20;2
21;1
22;1
23;0
24;1
25;0
26;0
27;0
28;2
29;0
30;0
31;0
32;0
33;0
34;0
35;0
36;0
37;0
38;0
39;0
40;0
41;0
42;0
43;1
44;0
45;1
46;0
47;0
48;0
49;0
50;1
51;1
52;0
53;2
54;0
55;1
56;0
57;2
58;1
59;0
60;2
61;1
62;0
63;0
64;0
65;0
66;0
67;0
68;0
69;0
70;2
71;0
72;0
73;0
74;0
75;2
76;2
77;1
78;0
79;0
80;1
81;0
82;0
83;0
84;0
85;2
86;0
87;1
88;0
89;0
90;1
91;0
92;1
93;0
94;0
95;2
96;2
97;1
98;0
99;1
100;0
101;0
102;0
103;0
104;1
105;0
106;0
107;0
108;0
109;0
110;0
111;0
112;0
113;0
114;0
115;0
116;0
117;2
118;0
119;0
120;0
121;0
122;0
123;0
124;0
125;2
126;0
127;2
128;2
129;0
130;0
131;0
132;2
133;0
134;0
135;0
136;0
137;0
138;0
139;0
140;0
141;0
142;0
143;0
144;2
145;1
146;0
147;0
148;1
149;2
150;0
151;0
152;2
153;0
154;0
155;0
156;0
157;0
158;0
159;1
160;0
161;0
162;0
163;2
164;2
165;0
166;0
167;1
168;0
169;2
170;0
171;0
172;0
173;0
174;2
175;1
176;1
177;0
178;0
179;2
180;2
181;0
182;0
183;1
184;0
185;0
186;0
187;2
188;2
189;0
190;2
191;1
192;0
193;0
194;0
195;0
196;2
197;0
198;1
199;0
200;0
201;0
202;0
203;0
204;1
205;0
206;2
207;1
208;0
209;0
210;2
211;2
212;1
213;0
214;0
215;1
216;0
217;0
218;0
219;2
220;0
221;0
222;0
223;2
224;1
225;0
226;1
227;0
228;0
229;0
230;2
231;1
232;0
233;1
234;0
235;0
236;0
237;0
238;1
239;1
240;1
241;0
242;0
243;0
244;0
245;0
246;0
247;1
248;0
249;2
250;0
251;0
252;0
253;0
254;0
255;1
256;0
257;0
258;0
259;2
260;1
261;0
262;0
263;0
264;2
265;1
266;0
267;0
268;0
269;0
270;0
271;0
272;2
273;0
274;0
275;0
276;1
277;0
278;0
279;0
280;1
281;0
282;1
283;0
284;0
285;0
286;2
287;2
288;0
289;2
290;0
291;0
292;0
293;0
294;0
295;1
296;1
297;0
298;0
299;2
300;0
301;0
302;2
303;1
304;0
305;0
306;2
307;0
308;0
309;0
310;0
311;0
312;1
313;0
314;2
315;0
316;1
317;0
318;2
319;0
320;1
321;0
322;0
323;0
324;2
325;0
326;2
327;0
328;0
329;2
330;0
331;1
332;0
333;0
334;0
335;1
336;0
337;2
338;2
339;2
340;2
341;0
342;0
343;0
344;0
345;0
346;0
347;1
348;0
349;0
350;2
351;2
352;1
353;2
354;0
355;0
356;0
357;0
358;2
359;2
360;0
361;0
362;2
363;1
364;0
365;0
366;0
367;0
368;0
369;0
370;0
371;1
372;0
373;0
374;0
375;2
376;1
377;2
378;0
379;0
380;0
381;0
382;0
383;1
384;0
385;0
386;2
387;0
388;0
389;0
390;1
391;0
392;1
393;0
394;2
395;0
396;2
397;0
398;2
399;0
400;0
401;0
402;0
403;0
404;2
405;2
406;0
407;1
408;0
409;0
410;0
411;0
412;0
413;0
414;0
415;0
416;0
417;2
418;0
419;0
420;2
421;0
422;0
423;0
424;0
425;2
426;1
427;0
428;0
429;0
430;0
431;2
432;2
433;1
434;1
435;0
436;0
437;0
438;0
439;0
440;1
441;1
442;0
443;0
444;0
445;2
446;0
447;1
448;2
449;0
450;0
451;2
452;0
453;0
454;2
455;1
456;0
457;0
458;0
459;2
460;1
461;0
462;2
463;2
464;2
465;0
466;2
467;0
468;2
469;0
470;2
471;0
472;2
473;0
474;2
475;1
476;0
477;0
478;0
479;1
480;0
481;0
482;0
483;0
484;2
485;2
486;1
487;2
488;2
489;0
490;0
491;0
492;0
493;0
494;0
495;2
496;2
497;2
498;0
499;0
500;0
501;1
502;0
503;2
504;0
505;0
506;1
507;0
508;0
509;1
510;0
511;0
512;2
513;0
514;2
515;0
516;0
517;0
518;0
519;0
520;0
521;0
522;0
523;0
524;0
525;0
526;0
527;1
528;0
529;0
530;0
531;0
532;0
533;2
534;2
535;0
536;1
537;0
538;0
539;0
540;1
541;1
542;0
543;0
544;0
545;0
546;1
547;0
548;2
549;0
550;0
551;0
552;1
553;0
554;1
555;0
556;0
557;1
558;1
559;0
560;2
561;2
562;2
563;1
564;0
565;0
566;0
567;0
568;0
569;0
570;0
571;0
572;1
573;0
574;0
575;0
576;1
577;1
578;0
579;0
580;0
581;2
582;2
583;0
584;0
585;0
586;0
587;0
588;1
589;0
590;2
591;0
592;0
593;2
594;0
595;2
596;1
597;0
598;0
599;1
600;0
601;0
602;2
603;0
604;2
605;0
606;0
607;0
608;0
609;0
610;0
611;0
612;1
613;2
614;0
615;0
616;0
617;0
618;0
619;2
620;2
621;0
622;0
623;0
624;2
625;0
626;2
627;0
628;0
629;0
630;0
631;1
632;0
633;0
634;1
635;2
636;2
637;0
638;1
639;0
640;2
641;0
642;0
643;0
644;0
645;0
646;0
647;2
648;0
649;0
650;0
651;0
652;0
653;1
654;0
655;2
656;0
657;0
658;0
659;0
660;0
661;2
662;2
663;0
664;0
665;0
666;1
667;0
668;2
669;1
670;0
671;0
672;1
673;0
674;2
675;0
676;0
677;0
678;0
679;0
680;2
681;2
682;0
683;0
684;0
685;2
686;2
687;0
688;2
689;0
690;0
691;0
692;0
693;0
694;0
695;1
696;0
697;1
698;1
699;0
700;1
701;0
702;0
703;0
704;1
705;0
706;2
707;0
708;0
709;1
710;0
711;2
712;0
713;0
714;2
715;2
716;2
717;0
718;2
719;0
720;0
721;0
722;0
723;0
724;0
725;0
726;1
727;0
728;1
729;0
730;0
731;0
732;0
733;0
734;2
735;0
736;0
737;2
738;0
739;2
740;0
741;0
742;0
743;0
744;0
745;1
746;0
747;1
748;2
749;1
750;0
751;0
752;1
753;0
754;0
755;1
756;0
757;0
758;0
759;0
760;0
761;1
762;2
763;0
764;0
765;2
766;1
767;2
768;0
769;0
770;0
771;0
772;1
773;0
774;2
775;2
776;1
777;0
778;0
779;2
780;2
781;0
782;2
783;2
784;2
785;0
786;0
787;2
788;1
789;1
790;0
791;0
792;0
793;0
794;0
795;0
796;0
797;0
798;1
799;0
800;2
801;0
802;2
803;2
804;0
805;2
806;1
807;0
808;1
809;0
810;1
811;0
812;1
813;0
814;0
815;0
816;0
817;1
818;0
819;0
820;0
821;0
822;0
823;1
824;0
825;0
826;0
827;0
828;0
829;0
830;2
831;2
832;1
833;1
834;0
835;1
836;4
837;0
838;2
839;1
840;2
841;0
842;2
843;0
844;2
845;0
846;2
847;0
848;2
849;0
850;0
851;2
852;0
853;0
854;0
855;0
856;0
857;0
858;0
859;1
860;0
861;0
862;0
863;0
864;2
865;0
866;0
867;2
868;0
869;0
870;0
871;0
872;0
873;0
874;0
875;1
876;0
877;0
878;0
879;0
880;0
881;0
882;0
883;0
884;2
885;0
886;0
887;0
888;0
889;2
890;0
891;0
892;0
893;2
894;2
895;0
896;2
897;0
898;0
899;2
900;0
901;0
902;2
903;0
904;2
905;0
906;0
907;1
908;0
909;2
910;0
911;0
912;0
913;0
914;0
915;0
916;2
917;0
918;0
919;1
920;0
921;0
922;0
923;2
924;0
925;2
926;0
927;0
928;0
929;0
930;2
931;0
932;0
933;2
934;2
935;1
936;0
937;0
938;0
939;0
940;1
941;0
942;2
943;0
944;0
945;0
946;0
947;0
948;0
949;2
950;0
951;2
952;0
953;0
954;0
955;2
956;2
957;0
958;0
959;0
960;0
961;0
962;2
963;0
964;1
965;1
966;0
967;2
968;1
969;0
970;2
971;1
972;0
973;2
974;2
975;2
976;1
977;0
978;2
979;0
980;2
981;0
982;2
983;2
984;1
985;2
986;2
987;2
988;2
989;0
990;0
991;0
992;0
993;2
994;0
995;2
996;0
997;0
998;0
999;0
1000;2
1001;2
1002;2
1003;0
1004;2
1005;2
1006;1
1007;0
1008;1
1009;0
1010;0
1011;0
1012;0
1013;0
1014;0
1015;0
1016;0
1017;0
1018;0
1019;0
1020;0
1021;0
1022;0
1023;0
