0;1
1;0
2;0
3;2
4;4
5;0
6;2
7;1
8;0
9;0
10;0
11;0
12;2
13;0
14;0
15;0
16;0
17;1
18;0
19;1
20;0
21;0
22;0
23;0
24;1
25;2
26;2
27;2
28;2
29;0
30;0
31;2
32;0
33;0
34;0
35;0
36;0
37;2
38;0
39;0
40;1
41;0
42;0
43;0
44;0
45;0
46;1
47;0
48;0
49;0
50;0
51;0
52;2
53;0
54;0
55;0
56;0
57;1
58;2
59;0
60;1
61;0
62;0
63;0
64;0
65;0
66;1
67;0
68;0
69;0
70;1
71;0
72;0
73;0
74;0
75;0
76;0
77;0
78;0
79;0
80;2
81;1
82;2
83;0
84;1
85;0
86;1
87;0
88;0
89;1
90;0
91;0
92;2
93;2
94;2
95;0
96;0
97;2
98;0
99;0
100;0
101;0
102;0
103;2
104;0
105;0
106;2
107;0
108;1
109;0
110;0
111;1
112;2
113;0
114;1
115;1
116;0
117;0
118;2
119;0
120;0
121;2
122;0
123;0
124;2
125;0
126;0
127;0
128;0
129;0
130;0
131;0
132;2
133;0
134;1
135;0
136;0
137;1
138;1
139;0
140;2
141;0
142;0
143;0
144;2
145;0
146;2
147;0
148;2
149;2
150;0
151;0
152;0
153;1
154;0
155;2
156;1
157;0
158;2
159;0
160;0
161;1
162;0
163;0
164;0
165;0
166;2
167;0
168;0
169;2
170;0
171;0
172;0
173;0
174;1
175;0
176;0
177;0
178;0
179;0
180;0
181;0
182;0
183;0
184;1
185;0
186;2
187;0
188;0
189;0
190;0
191;2
192;2
193;0
194;2
195;1
196;0
197;0
198;2
199;0
200;0
201;1
202;0
203;0
204;0
205;0
206;0
207;0
208;0
209;0
210;1
211;0
212;0
213;0
214;0
215;1
216;2
217;1
218;0
219;2
220;2
221;0
222;2
223;0
224;0
225;0
226;0
227;0
228;0
229;0
230;0
231;0
232;0
233;0
234;0
235;2
236;1
237;0
238;0
239;0
240;0
241;2
242;1
243;0
244;0
245;0
246;0
247;0
248;0
249;0
250;0
251;0
252;1
253;0
254;0
255;0
256;0
257;0
258;0
259;1
260;2
261;1
262;0
263;2
264;1
265;0
266;0
267;0
268;1
269;0
270;2
271;1
272;0
273;0
274;0
275;2
276;2
277;0
278;0
279;0
280;4
281;0
282;1
283;0
284;2
285;0
286;0
287;0
288;2
289;1
290;0
291;0
292;2
293;2
294;2
295;2
296;2
297;2
298;1
299;0
300;1
301;0
302;0
303;2
304;1
305;0
306;2
307;0
308;0
309;2
310;2
311;0
312;2
313;0
314;0
315;0
316;0
317;0
318;0
319;0
320;0
321;0
322;0
323;2
324;0
325;0
326;1
327;0
328;0
329;0
330;0
331;0
332;0
333;0
334;0
335;0
336;0
337;0
338;0
339;0
340;0
341;1
342;1
343;0
344;1
345;0
346;0
347;0
348;0
349;0
350;0
351;0
352;1
353;0
354;0
355;1
356;2
357;0
358;2
359;0
360;2
361;0
362;1
363;0
364;2
365;0
366;0
367;0
368;2
369;2
370;1
371;0
372;0
373;0
374;0
375;2
376;2
377;2
378;1
379;0
380;2
381;0
382;1
383;0
384;0
385;0
386;0
387;1
388;0
389;0
390;0
391;2
392;4
393;0
394;2
395;1
396;2
397;0
398;2
399;0
400;2
401;0
402;1
403;0
404;2
405;1
406;1
407;0
408;0
409;1
410;0
411;0
412;0
413;0
414;0
415;0
416;1
417;0
418;1
419;0
420;0
421;0
422;0
423;2
424;2
425;1
426;0
427;0
428;0
429;0
430;0
431;0
432;0
433;1
434;0
435;0
436;2
437;2
438;1
439;0
440;0
441;0
442;1
443;0
444;0
445;0
446;1
447;0
448;0
449;0
450;2
451;0
452;0
453;2
454;2
455;2
456;2
457;0
458;2
459;0
460;2
461;0
462;0
463;0
464;1
465;0
466;2
467;2
468;1
469;0
470;0
471;2
472;2
473;0
474;2
475;1
476;0
477;0
478;0
479;0
480;1
481;0
482;0
483;2
484;1
485;0
486;1
487;1
488;0
489;0
490;1
491;0
492;0
493;0
494;0
495;0
496;0
497;0
498;0
499;0
500;0
501;0
502;2
503;2
504;1
505;0
506;0
507;0
508;0
509;0
510;0
511;0
512;0
513;2
514;0
515;0
516;0
517;2
518;0
519;1
520;0
521;2
522;0
523;0
524;0
525;0
526;1
527;1
528;0
529;0
530;0
531;0
532;0
533;0
534;0
535;1
536;0
537;2
538;2
539;2
540;2
541;2
542;0
543;2
544;0
545;0
546;0
547;0
548;0
549;0
550;0
551;2
552;0
553;0
554;0
555;2
556;0
557;0
558;0
559;1
560;0
561;2
562;2
563;0
564;0
565;0
566;0
567;1
568;1
569;1
570;0
571;1
572;0
573;0
574;2
575;0
576;1
577;1
578;0
579;0
580;0
581;2
582;2
583;0
584;2
585;0
586;0
587;0
588;0
589;0
590;0
591;0
592;0
593;0
594;0
595;0
596;0
597;0
598;0
599;0
600;0
601;2
602;2
603;1
604;0
605;1
606;0
607;1
608;0
609;0
610;1
611;0
612;0
613;0
614;0
615;0
616;0
617;0
618;0
619;2
620;2
621;2
622;2
623;2
624;2
625;0
626;2
627;0
628;2
629;2
630;0
631;0
632;0
633;0
634;0
635;0
636;0
637;0
638;0
639;0
640;2
641;2
642;2
643;0
644;1
645;0
646;0
647;2
648;0
649;0
650;2
651;1
652;0
653;0
654;0
655;0
656;0
657;1
658;1
659;0
660;2
661;1
662;0
663;0
664;2
665;0
666;0
667;0
668;1
669;0
670;2
671;0
672;0
673;0
674;0
675;1
676;2
677;2
678;1
679;0
680;2
681;0
682;0
683;0
684;0
685;0
686;0
687;0
688;0
689;0
690;1
691;0
692;0
693;2
694;0
695;0
696;2
697;0
698;1
699;0
700;0
701;0
702;0
703;0
704;2
705;0
706;0
707;2
708;2
709;0
710;0
711;0
712;0
713;2
714;2
715;2
716;0
717;0
718;2
719;0
720;1
721;0
722;1
723;0
724;1
725;0
726;0
727;0
728;0
729;0
730;0
731;0
732;0
733;0
734;0
735;0
736;0
737;0
738;2
739;0
740;2
741;1
742;0
743;0
744;0
745;0
746;0
747;2
748;0
749;0
750;1
751;1
752;0
753;0
754;0
755;0
756;1
757;0
758;0
759;0
760;0
761;0
762;0
763;2
764;2
765;0
766;2
767;1
768;0
769;0
770;2
771;0
772;2
773;0
774;0
775;0
776;0
777;0
778;0
779;0
780;0
781;0
782;2
783;1
784;0
785;0
786;0
787;2
788;2
789;0
790;2
791;2
792;2
793;0
794;0
795;0
796;1
797;0
798;2
799;2
800;2
801;0
802;0
803;0
804;0
805;0
806;0
807;0
808;0
809;1
810;0
811;0
812;2
813;0
814;1
815;0
816;0
817;2
818;2
819;1
820;1
821;1
822;0
823;0
824;1
825;0
826;0
827;0
828;1
829;0
830;0
831;0
832;2
833;0
834;0
835;2
836;2
837;2
838;2
839;0
840;2
841;0
842;0
843;0
844;0
845;0
846;2
847;0
848;1
849;0
850;0
851;0
852;0
853;2
854;2
855;0
856;0
857;0
858;0
859;0
860;0
861;2
862;1
863;0
864;0
865;0
866;0
867;0
868;0
869;1
870;1
871;1
872;0
873;1
874;0
875;2
876;2
877;2
878;2
879;2
880;0
881;0
882;1
883;0
884;2
885;2
886;2
887;2
888;0
889;0
890;0
891;0
892;0
893;0
894;0
895;1
896;0
897;2
898;1
899;0
900;0
901;0
902;1
903;0
904;0
905;0
906;0
907;0
908;0
909;0
910;0
911;0
912;2
913;0
914;0
915;0
916;1
917;1
918;1
919;0
920;0
921;2
922;2
923;2
924;1
925;0
926;1
927;0
928;1
929;0
930;0
931;2
932;1
933;2
934;2
935;1
936;0
937;0
938;2
939;0
940;2
941;0
942;1
943;0
944;0
945;1
946;0
947;0
948;2
949;0
950;1
951;0
952;2
953;0
954;0
955;2
956;2
957;0
958;2
959;0
960;2
961;0
962;1
963;0
964;0
965;0
966;1
967;0
968;0
969;0
970;1
971;2
972;0
973;1
974;0
975;0
976;1
977;0
978;0
979;0
980;2
981;0
982;2
983;0
984;2
985;0
986;0
987;2
988;0
989;1
990;0
991;2
992;2
993;1
994;4
995;0
996;0
997;1
998;0
999;0
1000;0
1001;2
1002;2
1003;1
1004;0
1005;1
1006;0
1007;0
1008;0
1009;0
1010;0
1011;0
1012;1
1013;0
1014;0
1015;0
1016;0
1017;0
1018;0
1019;0
1020;0
1021;0
1022;0
1023;0
