0;0
1;0
2;2
3;0
4;1
5;2
6;2
7;1
8;2
9;0
10;0
11;0
12;2
13;0
14;0
15;0
16;1
17;2
18;1
19;0
20;2
21;2
22;2
23;2
24;1
25;1
26;2
27;2
28;0
29;0
30;0
31;2
32;0
33;2
34;0
35;0
36;0
37;0
38;0
39;0
40;0
41;0
42;0
43;0
44;0
45;2
46;0
47;1
48;0
49;1
50;0
51;0
52;1
53;0
54;0
55;0
56;0
57;1
58;0
59;2
60;1
61;0
62;0
63;1
64;0
65;0
66;0
67;0
68;0
69;0
70;2
71;2
72;1
73;0
74;0
75;0
76;0
77;0
78;2
79;0
80;1
81;1
82;2
83;0
84;1
85;2
86;0
87;0
88;0
89;2
90;0
91;2
92;2
93;0
94;0
95;1
96;0
97;0
98;2
99;2
100;1
101;0
102;0
103;2
104;4
105;2
106;0
107;1
108;0
109;0
110;0
111;0
112;2
113;1
114;0
115;0
116;0
117;0
118;0
119;0
120;0
121;2
122;1
123;0
124;2
125;1
126;0
127;2
128;0
129;0
130;0
131;0
132;0
133;0
134;0
135;0
136;0
137;2
138;0
139;1
140;0
141;1
142;1
143;0
144;1
145;0
146;0
147;0
148;1
149;0
150;2
151;2
152;1
153;0
154;0
155;0
156;2
157;0
158;2
159;2
160;2
161;0
162;2
163;0
164;1
165;0
166;0
167;2
168;1
169;0
170;0
171;2
172;2
173;0
174;2
175;2
176;0
177;2
178;0
179;0
180;0
181;0
182;0
183;0
184;0
185;0
186;0
187;0
188;0
189;0
190;1
191;0
192;0
193;0
194;0
195;0
196;0
197;0
198;0
199;0
200;0
201;0
202;0
203;0
204;0
205;0
206;0
207;0
208;2
209;0
210;0
211;0
212;2
213;0
214;0
215;1
216;0
217;0
218;2
219;1
220;2
221;0
222;0
223;0
224;0
225;0
226;2
227;0
228;0
229;0
230;0
231;0
232;0
233;2
234;0
235;0
236;0
237;0
238;0
239;2
240;1
241;0
242;0
243;0
244;0
245;2
246;2
247;2
248;2
249;0
250;0
251;0
252;0
253;0
254;0
255;0
256;0
257;1
258;0
259;1
260;0
261;2
262;0
263;2
264;0
265;0
266;0
267;2
268;0
269;0
270;0
271;0
272;1
273;0
274;2
275;1
276;0
277;0
278;0
279;0
280;2
281;2
282;1
283;2
284;1
285;0
286;0
287;0
288;0
289;0
290;0
291;0
292;1
293;0
294;2
295;2
296;1
297;1
298;0
299;2
300;2
301;0
302;2
303;1
304;0
305;0
306;0
307;0
308;0
309;2
310;0
311;0
312;1
313;1
314;0
315;0
316;0
317;0
318;0
319;0
320;2
321;0
322;0
323;0
324;0
325;0
326;0
327;0
328;0
329;2
330;2
331;0
332;0
333;0
334;0
335;0
336;0
337;0
338;0
339;0
340;1
341;0
342;0
343;0
344;1
345;0
346;0
347;0
348;2
349;0
350;0
351;0
352;0
353;0
354;0
355;0
356;2
357;0
358;0
359;1
360;0
361;0
362;0
363;2
364;2
365;0
366;0
367;1
368;0
369;0
370;0
371;1
372;0
373;0
374;0
375;0
376;2
377;1
378;0
379;0
380;2
381;2
382;0
383;0
384;2
385;1
386;0
387;0
388;2
389;1
390;0
391;0
392;1
393;2
394;0
395;0
396;1
397;0
398;0
399;1
400;0
401;2
402;0
403;2
404;2
405;1
406;0
407;0
408;0
409;0
410;0
411;0
412;0
413;2
414;2
415;2
416;1
417;0
418;0
419;1
420;0
421;0
422;0
423;0
424;0
425;2
426;0
427;1
428;0
429;0
430;0
431;2
432;2
433;2
434;0
435;0
436;2
437;0
438;2
439;0
440;2
441;0
442;0
443;0
444;1
445;1
446;0
447;1
448;0
449;0
450;2
451;2
452;1
453;0
454;2
455;2
456;0
457;0
458;0
459;2
460;4
461;0
462;2
463;2
464;2
465;0
466;0
467;0
468;2
469;0
470;0
471;2
472;1
473;1
474;0
475;0
476;4
477;0
478;0
479;0
480;0
481;0
482;0
483;2
484;2
485;0
486;0
487;1
488;2
489;0
490;2
491;1
492;0
493;0
494;2
495;0
496;0
497;2
498;2
499;0
500;0
501;0
502;0
503;1
504;0
505;2
506;1
507;0
508;2
509;0
510;0
511;1
512;0
513;1
514;0
515;0
516;0
517;2
518;2
519;2
520;2
521;0
522;0
523;1
524;0
525;0
526;2
527;0
528;2
529;0
530;0
531;1
532;0
533;0
534;0
535;1
536;0
537;0
538;1
539;1
540;0
541;0
542;0
543;0
544;2
545;0
546;2
547;2
548;2
549;0
550;0
551;0
552;0
553;0
554;0
555;0
556;0
557;2
558;0
559;2
560;2
561;2
562;0
563;0
564;0
565;0
566;0
567;0
568;0
569;0
570;0
571;2
572;0
573;0
574;2
575;0
576;0
577;0
578;0
579;0
580;0
581;0
582;0
583;0
584;1
585;0
586;0
587;0
588;1
589;0
590;0
591;2
592;4
593;0
594;2
595;2
596;2
597;0
598;2
599;0
600;2
601;2
602;2
603;0
604;2
605;0
606;2
607;0
608;0
609;0
610;0
611;1
612;0
613;0
614;0
615;0
616;0
617;0
618;0
619;0
620;1
621;0
622;0
623;0
624;0
625;1
626;0
627;1
628;0
629;0
630;0
631;1
632;0
633;0
634;0
635;0
636;0
637;1
638;0
639;2
640;0
641;2
642;0
643;0
644;0
645;0
646;0
647;2
648;0
649;2
650;2
651;0
652;1
653;0
654;0
655;2
656;2
657;0
658;2
659;2
660;2
661;0
662;1
663;0
664;0
665;1
666;0
667;0
668;2
669;2
670;2
671;2
672;2
673;0
674;0
675;1
676;2
677;0
678;2
679;0
680;1
681;0
682;0
683;0
684;2
685;2
686;1
687;0
688;0
689;0
690;2
691;0
692;2
693;1
694;0
695;0
696;0
697;0
698;0
699;1
700;0
701;2
702;0
703;0
704;0
705;0
706;0
707;0
708;0
709;0
710;0
711;0
712;2
713;0
714;0
715;0
716;4
717;0
718;1
719;0
720;0
721;0
722;2
723;2
724;2
725;1
726;0
727;0
728;1
729;0
730;0
731;0
732;0
733;0
734;0
735;0
736;0
737;0
738;0
739;0
740;0
741;1
742;0
743;1
744;0
745;0
746;0
747;0
748;2
749;0
750;2
751;2
752;2
753;0
754;2
755;0
756;1
757;0
758;0
759;0
760;0
761;1
762;0
763;2
764;2
765;0
766;0
767;0
768;0
769;1
770;0
771;1
772;0
773;2
774;0
775;0
776;0
777;0
778;0
779;0
780;2
781;0
782;0
783;0
784;1
785;0
786;0
787;1
788;0
789;1
790;0
791;0
792;2
793;2
794;0
795;0
796;0
797;0
798;0
799;0
800;2
801;1
802;1
803;0
804;0
805;2
806;2
807;0
808;0
809;0
810;0
811;1
812;0
813;1
814;0
815;0
816;1
817;0
818;0
819;0
820;0
821;0
822;0
823;0
824;0
825;0
826;0
827;0
828;0
829;0
830;1
831;0
832;0
833;2
834;2
835;2
836;2
837;0
838;0
839;1
840;0
841;0
842;0
843;0
844;0
845;0
846;1
847;0
848;0
849;0
850;0
851;0
852;0
853;0
854;2
855;2
856;0
857;2
858;2
859;2
860;1
861;0
862;1
863;0
864;2
865;0
866;1
867;0
868;0
869;0
870;0
871;0
872;0
873;0
874;0
875;0
876;0
877;2
878;0
879;0
880;2
881;0
882;0
883;1
884;0
885;0
886;0
887;0
888;0
889;0
890;0
891;0
892;2
893;0
894;2
895;0
896;0
897;1
898;0
899;2
900;2
901;0
902;0
903;0
904;0
905;0
906;2
907;2
908;0
909;0
910;2
911;0
912;0
913;2
914;2
915;2
916;2
917;0
918;0
919;1
920;0
921;0
922;0
923;1
924;0
925;0
926;0
927;0
928;2
929;0
930;0
931;2
932;2
933;0
934;2
935;0
936;2
937;2
938;0
939;0
940;2
941;0
942;0
943;0
944;0
945;0
946;0
947;1
948;0
949;0
950;1
951;0
952;2
953;1
954;0
955;0
956;1
957;0
958;0
959;0
960;2
961;1
962;0
963;0
964;1
965;0
966;0
967;0
968;0
969;1
970;0
971;2
972;2
973;1
974;2
975;0
976;0
977;0
978;1
979;0
980;1
981;0
982;1
983;0
984;1
985;1
986;2
987;1
988;0
989;0
990;0
991;0
992;0
993;0
994;2
995;0
996;0
997;0
998;0
999;2
1000;0
1001;0
1002;0
1003;0
1004;0
1005;0
1006;0
1007;0
1008;1
1009;1
1010;1
1011;0
1012;0
1013;0
1014;0
1015;0
1016;0
1017;0
1018;0
1019;0
1020;0
1021;0
1022;0
1023;0
