0;1
1;0
2;0
3;2
4;2
5;0
6;2
7;1
8;0
9;0
10;0
11;0
12;1
13;0
14;1
15;0
16;0
17;2
18;0
19;0
20;2
21;2
22;0
23;2
24;1
25;0
26;0
27;0
28;0
29;2
30;1
31;0
32;0
33;2
34;2
35;0
36;0
37;0
38;1
39;0
40;0
41;0
42;1
43;0
44;2
45;0
46;0
47;1
48;0
49;1
50;0
51;0
52;2
53;0
54;0
55;0
56;0
57;0
58;0
59;0
60;0
61;2
62;0
63;0
64;0
65;0
66;0
67;0
68;0
69;0
70;0
71;0
72;0
73;0
74;0
75;0
76;2
77;1
78;0
79;0
80;0
81;0
82;2
83;0
84;0
85;0
86;0
87;0
88;0
89;0
90;1
91;2
92;2
93;2
94;0
95;1
96;0
97;0
98;0
99;0
100;0
101;0
102;0
103;0
104;0
105;0
106;0
107;1
108;1
109;0
110;0
111;0
112;0
113;1
114;0
115;0
116;0
117;2
118;0
119;0
120;0
121;2
122;1
123;0
124;2
125;0
126;2
127;0
128;0
129;2
130;2
131;1
132;2
133;0
134;0
135;0
136;0
137;0
138;0
139;2
140;2
141;0
142;2
143;0
144;1
145;0
146;0
147;0
148;0
149;2
150;2
151;0
152;2
153;0
154;0
155;0
156;0
157;0
158;0
159;2
160;0
161;0
162;0
163;0
164;1
165;0
166;0
167;0
168;0
169;2
170;2
171;0
172;1
173;0
174;2
175;0
176;0
177;2
178;2
179;0
180;0
181;2
182;0
183;2
184;0
185;0
186;0
187;1
188;0
189;0
190;0
191;2
192;2
193;0
194;2
195;0
196;2
197;1
198;2
199;0
200;1
201;0
202;1
203;0
204;0
205;2
206;1
207;0
208;2
209;0
210;0
211;0
212;0
213;0
214;2
215;1
216;0
217;0
218;0
219;1
220;0
221;0
222;0
223;0
224;2
225;0
226;0
227;0
228;0
229;0
230;0
231;0
232;0
233;1
234;0
235;2
236;2
237;2
238;0
239;0
240;0
241;2
242;1
243;2
244;1
245;2
246;1
247;0
248;0
249;0
250;0
251;0
252;0
253;0
254;1
255;0
256;0
257;0
258;2
259;0
260;1
261;2
262;0
263;0
264;2
265;2
266;0
267;2
268;1
269;0
270;0
271;1
272;0
273;0
274;0
275;0
276;0
277;0
278;0
279;0
280;2
281;0
282;0
283;0
284;0
285;0
286;0
287;0
288;2
289;0
290;0
291;1
292;0
293;1
294;0
295;0
296;0
297;2
298;0
299;0
300;0
301;0
302;2
303;0
304;0
305;2
306;1
307;0
308;0
309;0
310;0
311;0
312;0
313;0
314;0
315;0
316;0
317;0
318;0
319;2
320;2
321;2
322;2
323;2
324;1
325;0
326;1
327;2
328;1
329;0
330;0
331;0
332;2
333;0
334;1
335;0
336;2
337;0
338;0
339;0
340;0
341;0
342;0
343;2
344;0
345;1
346;0
347;1
348;2
349;2
350;2
351;0
352;0
353;0
354;0
355;1
356;2
357;2
358;0
359;0
360;0
361;0
362;0
363;1
364;0
365;2
366;2
367;2
368;1
369;2
370;0
371;0
372;0
373;0
374;0
375;0
376;0
377;0
378;1
379;0
380;0
381;0
382;0
383;0
384;2
385;2
386;1
387;0
388;2
389;2
390;0
391;0
392;0
393;1
394;0
395;0
396;2
397;0
398;0
399;1
400;0
401;0
402;2
403;0
404;2
405;1
406;0
407;2
408;1
409;0
410;0
411;0
412;2
413;2
414;0
415;2
416;1
417;0
418;0
419;1
420;0
421;1
422;2
423;0
424;0
425;2
426;0
427;2
428;2
429;2
430;2
431;2
432;2
433;2
434;0
435;0
436;0
437;0
438;2
439;0
440;1
441;0
442;0
443;0
444;1
445;0
446;0
447;2
448;2
449;0
450;2
451;4
452;1
453;0
454;2
455;2
456;2
457;2
458;2
459;2
460;0
461;0
462;0
463;1
464;0
465;2
466;2
467;2
468;0
469;2
470;1
471;0
472;2
473;0
474;0
475;0
476;0
477;0
478;2
479;2
480;1
481;0
482;2
483;2
484;4
485;0
486;2
487;2
488;2
489;2
490;2
491;0
492;1
493;1
494;0
495;0
496;1
497;1
498;0
499;1
500;0
501;2
502;0
503;0
504;0
505;0
506;0
507;0
508;0
509;2
510;0
511;0
512;1
513;0
514;0
515;0
516;0
517;2
518;2
519;0
520;0
521;0
522;2
523;2
524;0
525;2
526;0
527;0
528;0
529;0
530;0
531;1
532;1
533;2
534;0
535;0
536;0
537;2
538;1
539;1
540;0
541;0
542;1
543;0
544;1
545;0
546;0
547;0
548;0
549;1
550;2
551;2
552;1
553;0
554;0
555;0
556;0
557;0
558;0
559;1
560;0
561;0
562;2
563;2
564;2
565;0
566;0
567;0
568;1
569;0
570;0
571;0
572;0
573;0
574;0
575;0
576;2
577;2
578;0
579;0
580;2
581;0
582;0
583;0
584;0
585;0
586;0
587;0
588;1
589;0
590;0
591;0
592;0
593;0
594;0
595;0
596;2
597;0
598;0
599;0
600;2
601;0
602;1
603;0
604;0
605;0
606;0
607;0
608;2
609;0
610;2
611;1
612;0
613;0
614;0
615;0
616;0
617;0
618;0
619;0
620;2
621;2
622;0
623;0
624;2
625;1
626;1
627;0
628;1
629;1
630;0
631;0
632;0
633;0
634;0
635;0
636;0
637;0
638;0
639;0
640;0
641;2
642;0
643;2
644;0
645;0
646;0
647;0
648;0
649;0
650;0
651;1
652;0
653;0
654;2
655;0
656;0
657;0
658;0
659;0
660;0
661;0
662;2
663;0
664;0
665;0
666;0
667;2
668;0
669;0
670;0
671;2
672;1
673;0
674;1
675;2
676;1
677;0
678;2
679;1
680;0
681;1
682;0
683;0
684;2
685;0
686;2
687;2
688;0
689;0
690;2
691;0
692;1
693;0
694;0
695;2
696;1
697;2
698;0
699;0
700;0
701;0
702;0
703;0
704;0
705;0
706;0
707;0
708;1
709;1
710;1
711;0
712;0
713;0
714;0
715;0
716;0
717;0
718;0
719;0
720;0
721;0
722;0
723;2
724;0
725;1
726;0
727;0
728;2
729;0
730;0
731;2
732;0
733;0
734;1
735;0
736;2
737;0
738;2
739;0
740;0
741;0
742;2
743;0
744;0
745;0
746;1
747;0
748;0
749;0
750;0
751;0
752;1
753;1
754;0
755;0
756;0
757;2
758;0
759;0
760;0
761;0
762;0
763;0
764;2
765;2
766;4
767;2
768;1
769;1
770;0
771;0
772;0
773;2
774;2
775;0
776;1
777;0
778;1
779;0
780;2
781;0
782;0
783;0
784;0
785;0
786;0
787;1
788;0
789;1
790;0
791;0
792;0
793;2
794;2
795;0
796;0
797;1
798;1
799;0
800;0
801;1
802;0
803;0
804;1
805;2
806;0
807;0
808;0
809;0
810;2
811;0
812;0
813;0
814;0
815;0
816;0
817;0
818;0
819;2
820;2
821;0
822;0
823;2
824;0
825;0
826;1
827;2
828;1
829;0
830;1
831;2
832;2
833;0
834;0
835;1
836;0
837;0
838;1
839;0
840;0
841;0
842;0
843;1
844;0
845;0
846;0
847;0
848;0
849;2
850;0
851;0
852;0
853;0
854;2
855;0
856;1
857;0
858;0
859;0
860;0
861;0
862;2
863;0
864;0
865;0
866;0
867;0
868;0
869;0
870;0
871;0
872;2
873;0
874;0
875;0
876;0
877;0
878;1
879;0
880;1
881;1
882;0
883;1
884;0
885;0
886;0
887;2
888;0
889;0
890;2
891;0
892;0
893;0
894;0
895;0
896;2
897;2
898;0
899;0
900;0
901;2
902;0
903;1
904;0
905;0
906;0
907;1
908;0
909;0
910;1
911;0
912;2
913;0
914;0
915;0
916;0
917;1
918;0
919;0
920;0
921;0
922;0
923;0
924;1
925;0
926;0
927;0
928;2
929;0
930;0
931;2
932;2
933;0
934;0
935;1
936;0
937;2
938;1
939;0
940;2
941;0
942;0
943;1
944;0
945;0
946;0
947;0
948;0
949;0
950;0
951;0
952;0
953;0
954;0
955;1
956;0
957;0
958;0
959;0
960;1
961;0
962;2
963;2
964;1
965;0
966;2
967;1
968;0
969;0
970;0
971;0
972;0
973;0
974;0
975;2
976;1
977;0
978;0
979;2
980;0
981;0
982;0
983;0
984;0
985;1
986;0
987;2
988;0
989;1
990;0
991;0
992;0
993;0
994;0
995;0
996;0
997;0
998;2
999;1
1000;0
1001;2
1002;0
1003;0
1004;2
1005;0
1006;0
1007;2
1008;0
1009;0
1010;1
1011;0
1012;1
1013;1
1014;1
1015;1
1016;0
1017;0
1018;0
1019;0
1020;0
1021;0
1022;0
1023;0
