0;1
1;0
2;2
3;2
4;4
5;0
6;2
7;1
8;2
9;0
10;2
11;0
12;2
13;0
14;0
15;0
16;0
17;0
18;0
19;0
20;0
21;1
22;0
23;0
24;1
25;0
26;2
27;2
28;2
29;0
30;0
31;2
32;0
33;0
34;0
35;0
36;0
37;0
38;0
39;0
40;0
41;2
42;0
43;0
44;2
45;0
46;0
47;0
48;0
49;0
50;0
51;0
52;2
53;0
54;1
55;0
56;0
57;0
58;2
59;2
60;0
61;0
62;0
63;2
64;4
65;0
66;2
67;2
68;2
69;0
70;2
71;0
72;1
73;0
74;2
75;0
76;0
77;0
78;2
79;0
80;2
81;0
82;0
83;1
84;0
85;0
86;0
87;2
88;2
89;0
90;2
91;0
92;1
93;2
94;0
95;0
96;0
97;0
98;1
99;0
100;1
101;0
102;0
103;2
104;4
105;0
106;0
107;2
108;2
109;0
110;2
111;0
112;2
113;0
114;0
115;0
116;2
117;0
118;2
119;0
120;0
121;0
122;1
123;0
124;0
125;0
126;0
127;0
128;0
129;1
130;0
131;0
132;0
133;0
134;0
135;0
136;0
137;0
138;0
139;0
140;0
141;1
142;1
143;0
144;1
145;0
146;0
147;0
148;2
149;0
150;2
151;0
152;1
153;0
154;0
155;0
156;0
157;2
158;2
159;1
160;0
161;0
162;2
163;1
164;0
165;1
166;1
167;0
168;0
169;0
170;2
171;0
172;0
173;0
174;0
175;0
176;0
177;0
178;0
179;0
180;0
181;0
182;2
183;2
184;1
185;0
186;0
187;1
188;1
189;2
190;2
191;2
192;0
193;0
194;0
195;0
196;2
197;0
198;0
199;0
200;0
201;0
202;0
203;0
204;0
205;0
206;0
207;2
208;0
209;0
210;0
211;2
212;1
213;0
214;0
215;0
216;2
217;1
218;0
219;2
220;2
221;0
222;2
223;1
224;0
225;2
226;2
227;2
228;2
229;0
230;2
231;0
232;0
233;0
234;0
235;0
236;0
237;0
238;0
239;0
240;0
241;0
242;0
243;2
244;1
245;0
246;0
247;0
248;0
249;2
250;2
251;2
252;0
253;0
254;0
255;0
256;0
257;0
258;0
259;0
260;0
261;2
262;1
263;0
264;2
265;2
266;0
267;2
268;0
269;0
270;1
271;0
272;2
273;0
274;0
275;0
276;0
277;0
278;2
279;1
280;0
281;0
282;2
283;0
284;1
285;0
286;1
287;2
288;1
289;0
290;0
291;0
292;0
293;1
294;0
295;0
296;2
297;2
298;2
299;2
300;1
301;0
302;0
303;1
304;0
305;0
306;2
307;0
308;0
309;0
310;2
311;0
312;0
313;2
314;0
315;0
316;2
317;0
318;1
319;0
320;0
321;0
322;0
323;0
324;2
325;0
326;0
327;0
328;0
329;0
330;0
331;0
332;0
333;1
334;1
335;0
336;0
337;0
338;2
339;1
340;1
341;0
342;0
343;2
344;2
345;0
346;2
347;2
348;2
349;0
350;2
351;2
352;2
353;2
354;0
355;1
356;0
357;1
358;0
359;2
360;2
361;2
362;0
363;0
364;0
365;0
366;0
367;0
368;2
369;0
370;2
371;0
372;0
373;2
374;0
375;0
376;2
377;0
378;0
379;0
380;0
381;0
382;0
383;0
384;0
385;0
386;0
387;0
388;1
389;0
390;0
391;0
392;2
393;0
394;1
395;0
396;1
397;0
398;0
399;0
400;2
401;1
402;0
403;0
404;0
405;0
406;0
407;0
408;0
409;0
410;2
411;0
412;0
413;0
414;2
415;1
416;0
417;1
418;0
419;0
420;0
421;0
422;0
423;0
424;0
425;2
426;2
427;2
428;1
429;0
430;2
431;2
432;1
433;0
434;0
435;2
436;2
437;0
438;2
439;1
440;0
441;2
442;4
443;2
444;1
445;0
446;0
447;0
448;0
449;0
450;2
451;2
452;2
453;2
454;2
455;0
456;2
457;0
458;2
459;0
460;2
461;0
462;0
463;0
464;1
465;1
466;0
467;0
468;0
469;0
470;2
471;1
472;0
473;0
474;1
475;0
476;1
477;2
478;0
479;0
480;2
481;0
482;0
483;0
484;0
485;0
486;0
487;0
488;0
489;0
490;0
491;0
492;0
493;2
494;2
495;0
496;2
497;0
498;0
499;0
500;0
501;0
502;0
503;0
504;0
505;2
506;2
507;2
508;2
509;0
510;0
511;0
512;0
513;2
514;0
515;0
516;0
517;0
518;0
519;0
520;0
521;0
522;0
523;1
524;1
525;0
526;0
527;0
528;0
529;0
530;2
531;2
532;1
533;2
534;0
535;0
536;0
537;0
538;0
539;1
540;0
541;0
542;0
543;0
544;0
545;0
546;0
547;2
548;0
549;0
550;0
551;0
552;0
553;0
554;0
555;0
556;0
557;0
558;0
559;1
560;0
561;0
562;0
563;2
564;1
565;0
566;2
567;2
568;2
569;0
570;0
571;0
572;1
573;2
574;2
575;0
576;2
577;0
578;2
579;0
580;0
581;2
582;0
583;1
584;1
585;0
586;2
587;2
588;0
589;0
590;0
591;0
592;1
593;0
594;2
595;0
596;0
597;1
598;0
599;2
600;0
601;0
602;0
603;0
604;0
605;0
606;1
607;0
608;0
609;0
610;0
611;2
612;0
613;0
614;0
615;2
616;0
617;0
618;0
619;0
620;0
621;2
622;2
623;0
624;1
625;0
626;0
627;2
628;2
629;0
630;2
631;2
632;1
633;0
634;1
635;0
636;0
637;2
638;0
639;0
640;1
641;0
642;2
643;1
644;1
645;0
646;0
647;2
648;4
649;0
650;2
651;1
652;0
653;0
654;2
655;0
656;2
657;0
658;0
659;0
660;2
661;0
662;2
663;0
664;0
665;0
666;0
667;0
668;0
669;2
670;2
671;1
672;0
673;0
674;0
675;0
676;2
677;0
678;0
679;0
680;0
681;0
682;0
683;0
684;0
685;2
686;0
687;0
688;2
689;0
690;0
691;0
692;0
693;0
694;0
695;0
696;2
697;0
698;0
699;0
700;2
701;0
702;0
703;0
704;0
705;0
706;0
707;0
708;2
709;0
710;0
711;0
712;1
713;0
714;0
715;0
716;1
717;2
718;0
719;0
720;0
721;0
722;0
723;0
724;0
725;0
726;2
727;2
728;1
729;0
730;0
731;2
732;2
733;0
734;2
735;1
736;2
737;2
738;2
739;0
740;2
741;0
742;2
743;2
744;2
745;0
746;0
747;0
748;1
749;0
750;0
751;2
752;1
753;1
754;0
755;0
756;0
757;0
758;0
759;0
760;1
761;0
762;0
763;0
764;0
765;0
766;0
767;0
768;0
769;0
770;0
771;1
772;0
773;0
774;1
775;2
776;2
777;2
778;0
779;0
780;0
781;0
782;0
783;0
784;2
785;1
786;1
787;0
788;0
789;2
790;1
791;0
792;0
793;0
794;0
795;1
796;0
797;0
798;0
799;0
800;1
801;0
802;0
803;1
804;0
805;2
806;0
807;0
808;0
809;2
810;2
811;2
812;1
813;0
814;0
815;0
816;0
817;2
818;2
819;2
820;1
821;0
822;2
823;2
824;1
825;0
826;0
827;2
828;2
829;0
830;2
831;2
832;2
833;0
834;2
835;2
836;2
837;0
838;0
839;0
840;0
841;1
842;0
843;0
844;0
845;2
846;1
847;0
848;1
849;0
850;2
851;2
852;1
853;0
854;2
855;0
856;2
857;1
858;0
859;2
860;0
861;0
862;2
863;0
864;0
865;0
866;0
867;0
868;0
869;2
870;1
871;0
872;2
873;0
874;0
875;0
876;0
877;0
878;0
879;0
880;0
881;0
882;0
883;0
884;2
885;0
886;0
887;0
888;0
889;0
890;2
891;2
892;1
893;0
894;0
895;2
896;4
897;0
898;2
899;2
900;2
901;0
902;2
903;0
904;2
905;2
906;2
907;2
908;2
909;0
910;0
911;0
912;1
913;0
914;0
915;0
916;0
917;2
918;0
919;0
920;0
921;0
922;1
923;2
924;0
925;0
926;2
927;2
928;1
929;0
930;0
931;0
932;2
933;0
934;2
935;1
936;0
937;0
938;0
939;0
940;0
941;0
942;1
943;0
944;1
945;0
946;1
947;0
948;1
949;0
950;0
951;0
952;2
953;1
954;1
955;0
956;1
957;0
958;0
959;0
960;0
961;1
962;0
963;2
964;2
965;1
966;2
967;0
968;0
969;1
970;1
971;0
972;2
973;2
974;2
975;2
976;1
977;1
978;1
979;0
980;0
981;0
982;0
983;0
984;2
985;0
986;2
987;0
988;1
989;0
990;0
991;2
992;0
993;0
994;0
995;0
996;0
997;0
998;0
999;0
1000;0
1001;0
1002;0
1003;0
1004;0
1005;0
1006;1
1007;0
1008;0
1009;0
1010;0
1011;2
1012;1
1013;0
1014;1
1015;1
1016;0
1017;0
1018;0
1019;0
1020;0
1021;0
1022;0
1023;0
