0;1
1;0
2;0
3;2
4;4
5;0
6;2
7;2
8;0
9;0
10;0
11;1
12;4
13;0
14;1
15;0
16;0
17;2
18;2
19;2
20;1
21;0
22;0
23;2
24;1
25;0
26;0
27;0
28;2
29;0
30;0
31;0
32;1
33;2
34;0
35;0
36;2
37;1
38;1
39;0
40;2
41;1
42;1
43;0
44;2
45;0
46;1
47;0
48;1
49;2
50;0
51;0
52;2
53;0
54;0
55;0
56;0
57;0
58;0
59;0
60;0
61;0
62;1
63;0
64;0
65;0
66;0
67;0
68;0
69;0
70;0
71;0
72;1
73;0
74;0
75;0
76;1
77;2
78;2
79;2
80;2
81;0
82;0
83;2
84;2
85;0
86;0
87;0
88;1
89;0
90;0
91;2
92;0
93;1
94;1
95;0
96;4
97;0
98;0
99;0
100;0
101;0
102;1
103;0
104;2
105;0
106;0
107;1
108;0
109;1
110;0
111;0
112;0
113;2
114;0
115;2
116;2
117;2
118;0
119;0
120;2
121;2
122;1
123;0
124;2
125;0
126;0
127;0
128;2
129;2
130;2
131;2
132;2
133;0
134;0
135;0
136;0
137;0
138;0
139;0
140;2
141;0
142;0
143;0
144;0
145;0
146;0
147;0
148;0
149;0
150;1
151;0
152;2
153;0
154;1
155;0
156;2
157;0
158;1
159;0
160;0
161;0
162;0
163;0
164;0
165;0
166;0
167;0
168;4
169;0
170;0
171;0
172;2
173;1
174;1
175;0
176;4
177;2
178;0
179;0
180;1
181;0
182;1
183;2
184;1
185;0
186;0
187;0
188;0
189;1
190;1
191;0
192;0
193;2
194;1
195;0
196;0
197;0
198;1
199;0
200;1
201;0
202;0
203;2
204;4
205;0
206;2
207;2
208;2
209;0
210;2
211;0
212;2
213;0
214;2
215;0
216;0
217;0
218;0
219;0
220;2
221;0
222;1
223;2
224;2
225;2
226;1
227;0
228;0
229;0
230;0
231;0
232;0
233;0
234;0
235;0
236;0
237;2
238;0
239;0
240;0
241;2
242;0
243;0
244;1
245;0
246;1
247;0
248;0
249;2
250;0
251;2
252;1
253;1
254;0
255;0
256;0
257;0
258;2
259;0
260;0
261;0
262;1
263;0
264;0
265;0
266;2
267;0
268;0
269;2
270;2
271;0
272;0
273;0
274;1
275;0
276;2
277;0
278;1
279;2
280;2
281;0
282;0
283;2
284;0
285;0
286;0
287;0
288;2
289;0
290;0
291;0
292;0
293;0
294;0
295;0
296;0
297;0
298;0
299;1
300;0
301;1
302;0
303;0
304;2
305;0
306;0
307;1
308;1
309;0
310;0
311;0
312;2
313;0
314;2
315;2
316;1
317;0
318;0
319;1
320;2
321;1
322;0
323;0
324;1
325;1
326;1
327;2
328;2
329;1
330;0
331;2
332;1
333;0
334;2
335;2
336;1
337;0
338;0
339;0
340;2
341;0
342;1
343;0
344;2
345;2
346;0
347;0
348;0
349;0
350;0
351;2
352;0
353;1
354;0
355;2
356;4
357;1
358;0
359;2
360;2
361;0
362;1
363;0
364;4
365;0
366;0
367;0
368;0
369;0
370;0
371;0
372;2
373;0
374;2
375;2
376;0
377;0
378;0
379;0
380;0
381;0
382;0
383;0
384;1
385;0
386;1
387;0
388;0
389;0
390;2
391;0
392;0
393;0
394;2
395;0
396;2
397;2
398;0
399;0
400;2
401;0
402;0
403;0
404;2
405;1
406;1
407;0
408;2
409;0
410;0
411;2
412;1
413;0
414;0
415;0
416;1
417;0
418;0
419;0
420;2
421;2
422;0
423;2
424;2
425;0
426;1
427;0
428;0
429;0
430;1
431;0
432;0
433;2
434;0
435;0
436;0
437;0
438;1
439;0
440;0
441;0
442;0
443;0
444;0
445;0
446;0
447;0
448;1
449;1
450;0
451;1
452;0
453;1
454;0
455;0
456;1
457;0
458;2
459;2
460;1
461;0
462;1
463;0
464;1
465;0
466;0
467;0
468;0
469;1
470;1
471;0
472;2
473;0
474;0
475;2
476;2
477;0
478;0
479;0
480;1
481;0
482;0
483;0
484;2
485;0
486;0
487;0
488;0
489;0
490;2
491;0
492;0
493;0
494;0
495;0
496;2
497;0
498;0
499;2
500;2
501;2
502;0
503;0
504;0
505;0
506;2
507;2
508;1
509;0
510;0
511;1
512;1
513;0
514;2
515;2
516;2
517;0
518;0
519;0
520;2
521;2
522;0
523;0
524;0
525;0
526;0
527;0
528;1
529;0
530;0
531;0
532;0
533;0
534;1
535;1
536;0
537;0
538;0
539;0
540;1
541;0
542;0
543;0
544;0
545;0
546;2
547;1
548;0
549;0
550;1
551;0
552;0
553;1
554;1
555;0
556;1
557;2
558;2
559;0
560;2
561;0
562;0
563;0
564;1
565;0
566;0
567;1
568;0
569;0
570;0
571;0
572;0
573;2
574;0
575;0
576;1
577;0
578;0
579;0
580;0
581;0
582;0
583;1
584;4
585;0
586;0
587;0
588;1
589;0
590;0
591;0
592;2
593;0
594;0
595;0
596;2
597;0
598;0
599;0
600;2
601;2
602;0
603;0
604;2
605;1
606;1
607;2
608;2
609;1
610;1
611;0
612;1
613;0
614;0
615;2
616;2
617;2
618;0
619;0
620;2
621;1
622;1
623;0
624;1
625;1
626;0
627;0
628;0
629;0
630;0
631;0
632;0
633;0
634;0
635;0
636;0
637;0
638;0
639;2
640;1
641;0
642;0
643;0
644;0
645;0
646;0
647;0
648;2
649;0
650;2
651;0
652;0
653;0
654;1
655;0
656;0
657;0
658;1
659;0
660;0
661;0
662;0
663;0
664;1
665;0
666;0
667;2
668;1
669;0
670;0
671;1
672;0
673;0
674;0
675;0
676;0
677;0
678;0
679;1
680;0
681;1
682;0
683;0
684;0
685;0
686;2
687;0
688;0
689;0
690;0
691;0
692;1
693;0
694;2
695;0
696;0
697;0
698;0
699;0
700;0
701;1
702;0
703;0
704;0
705;0
706;0
707;0
708;0
709;2
710;1
711;0
712;2
713;2
714;0
715;1
716;0
717;0
718;1
719;0
720;0
721;0
722;0
723;0
724;1
725;0
726;2
727;0
728;0
729;0
730;2
731;2
732;0
733;0
734;0
735;0
736;1
737;0
738;0
739;0
740;0
741;2
742;0
743;0
744;0
745;0
746;0
747;0
748;0
749;1
750;4
751;2
752;0
753;0
754;1
755;0
756;0
757;0
758;2
759;0
760;0
761;2
762;0
763;0
764;0
765;0
766;0
767;1
768;0
769;0
770;0
771;0
772;0
773;0
774;0
775;0
776;0
777;0
778;0
779;0
780;0
781;2
782;0
783;0
784;0
785;1
786;0
787;2
788;1
789;0
790;2
791;2
792;1
793;0
794;0
795;2
796;2
797;0
798;1
799;2
800;2
801;0
802;2
803;0
804;0
805;0
806;1
807;0
808;0
809;0
810;0
811;0
812;0
813;0
814;0
815;0
816;0
817;0
818;2
819;0
820;0
821;0
822;2
823;2
824;2
825;0
826;0
827;0
828;0
829;2
830;1
831;2
832;0
833;0
834;0
835;2
836;1
837;0
838;1
839;0
840;0
841;0
842;1
843;2
844;2
845;0
846;1
847;0
848;0
849;0
850;0
851;1
852;0
853;2
854;2
855;0
856;0
857;0
858;0
859;0
860;1
861;1
862;1
863;1
864;0
865;0
866;2
867;0
868;0
869;1
870;0
871;0
872;0
873;1
874;0
875;0
876;1
877;0
878;2
879;2
880;0
881;0
882;2
883;0
884;0
885;2
886;0
887;1
888;0
889;2
890;0
891;2
892;0
893;0
894;1
895;0
896;0
897;0
898;0
899;0
900;4
901;2
902;0
903;0
904;0
905;0
906;1
907;0
908;2
909;0
910;0
911;0
912;0
913;0
914;1
915;0
916;2
917;0
918;1
919;0
920;1
921;0
922;2
923;1
924;0
925;0
926;1
927;2
928;2
929;2
930;2
931;2
932;0
933;2
934;0
935;0
936;1
937;0
938;0
939;0
940;0
941;0
942;0
943;0
944;1
945;1
946;0
947;0
948;0
949;1
950;0
951;2
952;0
953;1
954;2
955;2
956;2
957;0
958;0
959;0
960;0
961;0
962;0
963;2
964;1
965;0
966;0
967;2
968;0
969;0
970;0
971;0
972;0
973;0
974;0
975;2
976;0
977;0
978;2
979;0
980;0
981;0
982;0
983;0
984;0
985;0
986;2
987;2
988;1
989;0
990;0
991;2
992;1
993;0
994;1
995;0
996;0
997;0
998;2
999;0
1000;2
1001;0
1002;0
1003;0
1004;1
1005;0
1006;0
1007;1
1008;1
1009;0
1010;0
1011;0
1012;0
1013;0
1014;0
1015;0
1016;0
1017;0
1018;0
1019;0
1020;0
1021;0
1022;0
1023;0
