0;0
1;0
2;0
3;2
4;2
5;0
6;2
7;2
8;0
9;0
10;2
11;0
12;4
13;0
14;1
15;0
16;0
17;0
18;2
19;2
20;2
21;2
22;0
23;2
24;2
25;0
26;0
27;0
28;0
29;0
30;0
31;0
32;2
33;1
34;0
35;0
36;0
37;0
38;1
39;0
40;2
41;1
42;1
43;0
44;2
45;0
46;2
47;0
48;1
49;2
50;0
51;0
52;2
53;0
54;0
55;0
56;0
57;0
58;0
59;0
60;1
61;2
62;2
63;2
64;0
65;0
66;0
67;0
68;0
69;0
70;0
71;1
72;0
73;0
74;0
75;0
76;2
77;2
78;2
79;1
80;0
81;0
82;0
83;0
84;0
85;0
86;0
87;0
88;0
89;0
90;0
91;2
92;2
93;0
94;0
95;0
96;2
97;0
98;0
99;0
100;0
101;0
102;2
103;0
104;0
105;0
106;0
107;1
108;0
109;0
110;0
111;0
112;0
113;0
114;2
115;1
116;0
117;1
118;0
119;0
120;0
121;0
122;0
123;2
124;2
125;0
126;0
127;0
128;0
129;1
130;0
131;2
132;2
133;0
134;0
135;0
136;0
137;0
138;0
139;0
140;0
141;0
142;2
143;0
144;1
145;0
146;0
147;0
148;0
149;1
150;2
151;0
152;2
153;1
154;2
155;0
156;0
157;1
158;2
159;2
160;2
161;0
162;0
163;0
164;0
165;0
166;0
167;0
168;1
169;0
170;1
171;0
172;0
173;0
174;0
175;0
176;4
177;2
178;0
179;0
180;2
181;0
182;0
183;0
184;2
185;0
186;0
187;1
188;2
189;1
190;1
191;0
192;2
193;2
194;0
195;0
196;2
197;0
198;2
199;0
200;0
201;0
202;0
203;1
204;0
205;0
206;0
207;0
208;0
209;0
210;0
211;0
212;2
213;0
214;0
215;0
216;0
217;2
218;0
219;0
220;0
221;2
222;0
223;2
224;2
225;1
226;0
227;2
228;1
229;2
230;0
231;2
232;0
233;0
234;2
235;1
236;0
237;0
238;0
239;2
240;2
241;0
242;2
243;2
244;0
245;0
246;2
247;0
248;2
249;0
250;0
251;0
252;0
253;0
254;1
255;0
256;1
257;0
258;1
259;0
260;1
261;0
262;2
263;0
264;0
265;1
266;0
267;0
268;2
269;1
270;2
271;0
272;0
273;0
274;0
275;2
276;0
277;0
278;0
279;0
280;2
281;0
282;0
283;0
284;0
285;0
286;0
287;0
288;0
289;0
290;0
291;1
292;0
293;1
294;0
295;0
296;2
297;0
298;2
299;2
300;1
301;0
302;0
303;0
304;2
305;2
306;1
307;0
308;0
309;0
310;0
311;0
312;0
313;0
314;2
315;2
316;1
317;1
318;0
319;2
320;0
321;1
322;0
323;2
324;0
325;0
326;0
327;0
328;1
329;0
330;0
331;0
332;0
333;1
334;2
335;0
336;1
337;0
338;0
339;0
340;0
341;0
342;2
343;2
344;0
345;1
346;0
347;2
348;4
349;2
350;1
351;0
352;0
353;0
354;2
355;0
356;4
357;2
358;0
359;0
360;0
361;0
362;2
363;0
364;2
365;0
366;2
367;2
368;1
369;0
370;0
371;0
372;2
373;0
374;0
375;0
376;0
377;0
378;1
379;0
380;0
381;0
382;0
383;0
384;0
385;0
386;0
387;0
388;2
389;2
390;0
391;0
392;4
393;0
394;0
395;0
396;2
397;0
398;0
399;0
400;2
401;0
402;2
403;0
404;2
405;1
406;0
407;2
408;1
409;1
410;0
411;2
412;4
413;1
414;0
415;2
416;2
417;0
418;2
419;0
420;1
421;0
422;0
423;0
424;0
425;2
426;0
427;0
428;0
429;0
430;2
431;1
432;1
433;0
434;0
435;0
436;0
437;0
438;1
439;0
440;1
441;2
442;0
443;2
444;0
445;0
446;0
447;0
448;1
449;0
450;2
451;2
452;2
453;0
454;0
455;0
456;2
457;2
458;0
459;0
460;0
461;0
462;0
463;0
464;0
465;0
466;0
467;0
468;0
469;0
470;0
471;0
472;0
473;0
474;0
475;0
476;1
477;1
478;0
479;0
480;0
481;0
482;0
483;0
484;0
485;0
486;0
487;0
488;2
489;2
490;1
491;0
492;2
493;2
494;0
495;0
496;0
497;2
498;2
499;0
500;0
501;0
502;2
503;0
504;0
505;0
506;2
507;0
508;2
509;0
510;0
511;0
512;1
513;0
514;0
515;0
516;0
517;0
518;1
519;1
520;0
521;0
522;0
523;0
524;1
525;0
526;0
527;0
528;0
529;2
530;0
531;1
532;1
533;2
534;2
535;2
536;0
537;0
538;2
539;0
540;2
541;2
542;1
543;0
544;1
545;0
546;0
547;1
548;0
549;0
550;0
551;0
552;4
553;0
554;2
555;2
556;2
557;0
558;2
559;0
560;2
561;0
562;2
563;0
564;0
565;0
566;2
567;2
568;2
569;0
570;0
571;1
572;0
573;0
574;0
575;2
576;0
577;0
578;0
579;2
580;2
581;2
582;2
583;0
584;1
585;0
586;0
587;0
588;1
589;0
590;0
591;0
592;2
593;0
594;1
595;0
596;2
597;0
598;0
599;0
600;2
601;0
602;0
603;2
604;2
605;0
606;2
607;0
608;0
609;0
610;2
611;0
612;2
613;0
614;0
615;0
616;0
617;0
618;0
619;0
620;2
621;0
622;2
623;0
624;2
625;0
626;2
627;0
628;0
629;0
630;0
631;0
632;1
633;0
634;0
635;0
636;2
637;1
638;0
639;0
640;0
641;0
642;0
643;0
644;0
645;0
646;0
647;0
648;1
649;0
650;0
651;2
652;0
653;0
654;0
655;0
656;0
657;0
658;2
659;0
660;0
661;0
662;2
663;0
664;2
665;0
666;0
667;0
668;0
669;0
670;2
671;0
672;0
673;0
674;0
675;0
676;0
677;0
678;0
679;0
680;2
681;0
682;1
683;2
684;1
685;0
686;0
687;0
688;0
689;0
690;0
691;2
692;0
693;0
694;1
695;1
696;0
697;0
698;0
699;0
700;0
701;2
702;0
703;0
704;1
705;0
706;0
707;0
708;1
709;0
710;0
711;0
712;1
713;0
714;0
715;0
716;0
717;0
718;0
719;0
720;0
721;0
722;2
723;0
724;2
725;0
726;0
727;2
728;2
729;0
730;2
731;0
732;0
733;0
734;0
735;0
736;1
737;2
738;2
739;0
740;0
741;0
742;1
743;0
744;0
745;2
746;0
747;0
748;1
749;0
750;0
751;2
752;0
753;2
754;0
755;2
756;0
757;0
758;0
759;0
760;0
761;2
762;2
763;2
764;1
765;0
766;1
767;0
768;0
769;2
770;2
771;0
772;1
773;2
774;0
775;0
776;0
777;0
778;0
779;1
780;0
781;0
782;0
783;0
784;0
785;0
786;0
787;1
788;2
789;0
790;1
791;0
792;0
793;1
794;1
795;0
796;0
797;2
798;2
799;0
800;2
801;0
802;1
803;2
804;2
805;0
806;0
807;0
808;2
809;0
810;2
811;1
812;0
813;0
814;0
815;1
816;2
817;2
818;0
819;0
820;0
821;0
822;0
823;0
824;0
825;0
826;0
827;0
828;0
829;0
830;2
831;2
832;0
833;2
834;2
835;2
836;2
837;0
838;0
839;0
840;0
841;1
842;0
843;2
844;1
845;0
846;1
847;1
848;4
849;0
850;2
851;0
852;0
853;1
854;2
855;0
856;2
857;0
858;2
859;0
860;1
861;0
862;0
863;0
864;0
865;1
866;0
867;0
868;1
869;0
870;0
871;0
872;2
873;1
874;0
875;0
876;0
877;0
878;2
879;0
880;0
881;1
882;0
883;1
884;0
885;1
886;0
887;0
888;1
889;0
890;0
891;0
892;0
893;0
894;0
895;0
896;1
897;1
898;0
899;0
900;1
901;2
902;0
903;2
904;0
905;0
906;2
907;0
908;2
909;0
910;0
911;0
912;1
913;0
914;0
915;0
916;0
917;0
918;0
919;0
920;2
921;0
922;2
923;0
924;0
925;0
926;1
927;0
928;2
929;0
930;2
931;0
932;0
933;0
934;0
935;0
936;0
937;0
938;1
939;2
940;2
941;2
942;2
943;0
944;0
945;1
946;0
947;0
948;0
949;0
950;0
951;0
952;0
953;1
954;2
955;0
956;1
957;2
958;1
959;1
960;0
961;0
962;0
963;0
964;2
965;0
966;2
967;2
968;1
969;0
970;0
971;0
972;2
973;0
974;0
975;1
976;0
977;0
978;0
979;0
980;0
981;0
982;0
983;0
984;0
985;0
986;0
987;2
988;0
989;0
990;0
991;0
992;0
993;1
994;0
995;2
996;0
997;0
998;0
999;1
1000;0
1001;0
1002;0
1003;0
1004;2
1005;0
1006;0
1007;2
1008;0
1009;2
1010;0
1011;0
1012;1
1013;1
1014;1
1015;1
1016;0
1017;0
1018;0
1019;0
1020;0
1021;0
1022;0
1023;0
