0;1
1;0
2;0
3;2
4;2
5;0
6;2
7;2
8;0
9;0
10;2
11;0
12;2
13;0
14;0
15;0
16;0
17;2
18;2
19;1
20;0
21;1
22;0
23;2
24;1
25;1
26;2
27;2
28;2
29;0
30;0
31;0
32;0
33;0
34;0
35;0
36;0
37;0
38;0
39;0
40;0
41;0
42;1
43;0
44;0
45;0
46;2
47;1
48;0
49;0
50;0
51;0
52;0
53;0
54;0
55;0
56;0
57;1
58;0
59;0
60;0
61;0
62;0
63;0
64;0
65;2
66;0
67;1
68;0
69;0
70;2
71;0
72;0
73;0
74;0
75;0
76;0
77;0
78;0
79;1
80;2
81;0
82;2
83;0
84;1
85;2
86;0
87;0
88;0
89;0
90;0
91;2
92;2
93;0
94;0
95;1
96;0
97;1
98;0
99;0
100;1
101;0
102;0
103;1
104;2
105;0
106;0
107;1
108;0
109;0
110;2
111;0
112;2
113;1
114;0
115;0
116;0
117;0
118;0
119;1
120;0
121;1
122;0
123;0
124;2
125;2
126;1
127;1
128;0
129;0
130;2
131;0
132;0
133;1
134;0
135;0
136;2
137;0
138;0
139;1
140;0
141;1
142;0
143;0
144;0
145;0
146;0
147;0
148;1
149;0
150;2
151;2
152;1
153;0
154;0
155;2
156;2
157;0
158;2
159;2
160;2
161;0
162;0
163;0
164;0
165;0
166;1
167;0
168;0
169;0
170;0
171;0
172;0
173;2
174;2
175;0
176;0
177;0
178;0
179;0
180;1
181;0
182;0
183;0
184;0
185;0
186;1
187;0
188;0
189;0
190;1
191;0
192;0
193;0
194;0
195;1
196;0
197;0
198;0
199;0
200;0
201;0
202;0
203;2
204;0
205;0
206;0
207;0
208;1
209;1
210;0
211;0
212;2
213;0
214;1
215;1
216;0
217;0
218;0
219;0
220;2
221;2
222;2
223;2
224;1
225;0
226;1
227;0
228;0
229;0
230;2
231;0
232;0
233;0
234;0
235;0
236;0
237;0
238;0
239;0
240;1
241;2
242;0
243;0
244;0
245;2
246;2
247;2
248;0
249;0
250;0
251;0
252;1
253;1
254;1
255;2
256;0
257;2
258;2
259;2
260;2
261;0
262;0
263;1
264;1
265;0
266;0
267;2
268;0
269;0
270;0
271;0
272;1
273;0
274;2
275;0
276;0
277;0
278;0
279;0
280;2
281;1
282;0
283;2
284;0
285;0
286;1
287;2
288;1
289;0
290;0
291;0
292;0
293;0
294;0
295;2
296;0
297;0
298;0
299;2
300;2
301;0
302;0
303;2
304;2
305;0
306;0
307;0
308;1
309;2
310;0
311;1
312;0
313;0
314;0
315;0
316;0
317;0
318;0
319;0
320;2
321;0
322;0
323;0
324;0
325;1
326;0
327;0
328;0
329;1
330;1
331;0
332;0
333;0
334;0
335;0
336;0
337;0
338;0
339;2
340;1
341;0
342;0
343;0
344;0
345;0
346;0
347;2
348;0
349;0
350;0
351;1
352;0
353;0
354;0
355;0
356;0
357;0
358;0
359;0
360;0
361;1
362;0
363;2
364;2
365;0
366;0
367;0
368;0
369;0
370;0
371;1
372;0
373;0
374;0
375;0
376;2
377;0
378;0
379;0
380;0
381;2
382;2
383;2
384;1
385;0
386;0
387;0
388;1
389;0
390;0
391;0
392;0
393;0
394;0
395;0
396;0
397;1
398;2
399;1
400;0
401;0
402;0
403;0
404;0
405;1
406;0
407;0
408;0
409;0
410;0
411;1
412;0
413;2
414;0
415;2
416;4
417;0
418;0
419;1
420;0
421;0
422;0
423;2
424;2
425;0
426;0
427;0
428;0
429;2
430;1
431;0
432;2
433;2
434;2
435;0
436;2
437;0
438;2
439;0
440;0
441;0
442;0
443;0
444;1
445;2
446;2
447;0
448;0
449;0
450;2
451;1
452;0
453;0
454;2
455;2
456;1
457;0
458;0
459;2
460;2
461;0
462;2
463;1
464;0
465;1
466;0
467;0
468;2
469;0
470;2
471;2
472;1
473;1
474;0
475;0
476;2
477;0
478;0
479;0
480;0
481;0
482;2
483;0
484;0
485;0
486;0
487;2
488;4
489;0
490;2
491;2
492;2
493;0
494;2
495;0
496;2
497;0
498;0
499;0
500;0
501;2
502;0
503;2
504;0
505;0
506;1
507;2
508;2
509;0
510;0
511;1
512;0
513;1
514;0
515;0
516;0
517;2
518;2
519;2
520;0
521;2
522;0
523;0
524;0
525;1
526;0
527;0
528;0
529;0
530;0
531;1
532;0
533;0
534;0
535;1
536;0
537;0
538;2
539;2
540;1
541;0
542;0
543;0
544;4
545;0
546;2
547;2
548;0
549;1
550;0
551;0
552;2
553;2
554;0
555;1
556;0
557;2
558;0
559;2
560;1
561;0
562;0
563;0
564;0
565;0
566;2
567;0
568;0
569;0
570;0
571;2
572;0
573;1
574;0
575;2
576;0
577;1
578;0
579;0
580;2
581;0
582;0
583;2
584;0
585;0
586;0
587;0
588;0
589;0
590;0
591;2
592;2
593;0
594;2
595;1
596;0
597;0
598;2
599;0
600;0
601;2
602;0
603;0
604;1
605;2
606;2
607;0
608;0
609;2
610;0
611;1
612;1
613;0
614;0
615;0
616;0
617;0
618;0
619;0
620;0
621;0
622;0
623;0
624;0
625;1
626;0
627;2
628;0
629;0
630;0
631;1
632;0
633;0
634;0
635;0
636;2
637;0
638;0
639;2
640;0
641;0
642;2
643;0
644;0
645;0
646;0
647;0
648;0
649;2
650;0
651;0
652;1
653;0
654;2
655;2
656;2
657;0
658;2
659;2
660;2
661;0
662;0
663;0
664;0
665;1
666;0
667;0
668;1
669;0
670;1
671;0
672;1
673;0
674;0
675;0
676;2
677;0
678;2
679;1
680;0
681;0
682;0
683;1
684;0
685;2
686;2
687;1
688;0
689;0
690;0
691;0
692;0
693;0
694;0
695;0
696;0
697;0
698;2
699;1
700;0
701;2
702;0
703;0
704;0
705;2
706;0
707;1
708;0
709;1
710;0
711;0
712;2
713;0
714;0
715;0
716;1
717;1
718;0
719;0
720;1
721;0
722;2
723;2
724;2
725;0
726;0
727;2
728;1
729;0
730;0
731;0
732;1
733;0
734;0
735;0
736;0
737;0
738;0
739;0
740;0
741;0
742;0
743;1
744;0
745;1
746;0
747;0
748;2
749;0
750;2
751;2
752;2
753;2
754;2
755;0
756;2
757;0
758;2
759;2
760;2
761;0
762;0
763;0
764;0
765;0
766;0
767;2
768;0
769;1
770;0
771;0
772;0
773;0
774;0
775;0
776;1
777;0
778;0
779;0
780;0
781;0
782;0
783;2
784;0
785;0
786;0
787;1
788;0
789;0
790;2
791;2
792;0
793;2
794;0
795;0
796;0
797;0
798;0
799;0
800;2
801;1
802;0
803;0
804;0
805;2
806;2
807;0
808;2
809;0
810;0
811;0
812;0
813;0
814;0
815;0
816;0
817;1
818;0
819;0
820;0
821;0
822;0
823;0
824;0
825;0
826;2
827;2
828;1
829;0
830;0
831;0
832;0
833;2
834;2
835;2
836;2
837;0
838;0
839;1
840;0
841;2
842;0
843;1
844;0
845;0
846;0
847;0
848;0
849;1
850;0
851;1
852;0
853;2
854;0
855;1
856;0
857;0
858;0
859;1
860;0
861;0
862;2
863;0
864;2
865;0
866;1
867;0
868;0
869;0
870;2
871;0
872;0
873;0
874;0
875;0
876;0
877;2
878;1
879;0
880;0
881;1
882;0
883;1
884;0
885;0
886;0
887;0
888;0
889;0
890;0
891;0
892;1
893;0
894;2
895;0
896;0
897;0
898;0
899;2
900;2
901;0
902;2
903;2
904;2
905;0
906;0
907;2
908;1
909;0
910;0
911;0
912;0
913;2
914;0
915;2
916;2
917;0
918;0
919;1
920;0
921;0
922;0
923;0
924;0
925;0
926;0
927;0
928;0
929;0
930;0
931;0
932;0
933;0
934;1
935;0
936;2
937;2
938;0
939;0
940;2
941;0
942;0
943;0
944;0
945;2
946;0
947;1
948;0
949;0
950;1
951;0
952;2
953;2
954;2
955;0
956;1
957;0
958;0
959;0
960;1
961;0
962;2
963;0
964;1
965;0
966;0
967;0
968;0
969;0
970;0
971;2
972;2
973;1
974;2
975;0
976;1
977;1
978;1
979;0
980;1
981;0
982;2
983;2
984;0
985;1
986;0
987;0
988;0
989;0
990;0
991;0
992;2
993;0
994;2
995;0
996;0
997;0
998;0
999;0
1000;0
1001;0
1002;0
1003;0
1004;0
1005;0
1006;0
1007;2
1008;0
1009;1
1010;0
1011;0
1012;0
1013;0
1014;0
1015;1
1016;0
1017;0
1018;0
1019;0
1020;0
1021;0
1022;0
1023;0
