0;1
1;1
2;0
3;2
4;4
5;0
6;0
7;2
8;2
9;0
10;2
11;0
12;2
13;0
14;0
15;0
16;0
17;0
18;0
19;2
20;0
21;0
22;2
23;2
24;2
25;0
26;0
27;2
28;2
29;2
30;0
31;2
32;1
33;0
34;0
35;0
36;2
37;0
38;1
39;0
40;0
41;0
42;0
43;0
44;2
45;0
46;1
47;0
48;0
49;1
50;1
51;0
52;0
53;0
54;1
55;0
56;0
57;2
58;0
59;0
60;1
61;0
62;0
63;0
64;0
65;0
66;0
67;0
68;0
69;0
70;2
71;0
72;1
73;0
74;0
75;0
76;0
77;0
78;0
79;0
80;2
81;0
82;2
83;0
84;0
85;2
86;0
87;0
88;0
89;2
90;2
91;1
92;0
93;2
94;1
95;0
96;0
97;0
98;0
99;0
100;0
101;2
102;1
103;0
104;0
105;0
106;0
107;0
108;0
109;2
110;0
111;0
112;0
113;0
114;0
115;0
116;0
117;0
118;1
119;0
120;0
121;1
122;0
123;0
124;2
125;2
126;0
127;0
128;0
129;0
130;2
131;0
132;2
133;0
134;0
135;0
136;2
137;2
138;2
139;2
140;1
141;0
142;0
143;0
144;0
145;0
146;0
147;1
148;0
149;0
150;0
151;0
152;1
153;0
154;2
155;2
156;0
157;0
158;0
159;2
160;2
161;0
162;2
163;1
164;0
165;0
166;2
167;0
168;1
169;1
170;0
171;1
172;0
173;0
174;0
175;0
176;0
177;0
178;0
179;0
180;0
181;0
182;0
183;2
184;2
185;0
186;0
187;0
188;2
189;1
190;0
191;2
192;1
193;0
194;0
195;1
196;2
197;0
198;2
199;2
200;2
201;0
202;2
203;0
204;0
205;0
206;0
207;2
208;1
209;0
210;0
211;0
212;0
213;0
214;0
215;2
216;1
217;0
218;0
219;0
220;0
221;0
222;2
223;2
224;0
225;0
226;0
227;2
228;0
229;0
230;0
231;0
232;0
233;2
234;2
235;1
236;0
237;0
238;1
239;0
240;0
241;0
242;2
243;2
244;2
245;2
246;0
247;1
248;1
249;0
250;2
251;0
252;0
253;0
254;0
255;0
256;2
257;0
258;1
259;2
260;1
261;0
262;0
263;0
264;0
265;1
266;0
267;0
268;0
269;0
270;0
271;0
272;2
273;0
274;1
275;0
276;0
277;0
278;0
279;0
280;2
281;0
282;2
283;0
284;0
285;0
286;0
287;0
288;0
289;0
290;0
291;2
292;1
293;0
294;1
295;0
296;1
297;0
298;0
299;2
300;4
301;0
302;1
303;0
304;2
305;0
306;2
307;0
308;1
309;0
310;0
311;0
312;0
313;1
314;2
315;0
316;0
317;0
318;1
319;0
320;0
321;0
322;0
323;0
324;1
325;0
326;0
327;2
328;0
329;2
330;0
331;0
332;0
333;0
334;1
335;0
336;0
337;0
338;0
339;0
340;0
341;0
342;1
343;0
344;0
345;0
346;2
347;1
348;2
349;1
350;1
351;0
352;0
353;0
354;1
355;0
356;0
357;0
358;0
359;0
360;0
361;0
362;0
363;0
364;1
365;0
366;0
367;0
368;1
369;0
370;0
371;0
372;2
373;1
374;0
375;0
376;0
377;2
378;0
379;0
380;0
381;0
382;1
383;0
384;0
385;0
386;2
387;2
388;0
389;1
390;0
391;0
392;1
393;0
394;2
395;2
396;1
397;2
398;0
399;2
400;2
401;0
402;0
403;2
404;2
405;0
406;0
407;0
408;2
409;0
410;0
411;0
412;0
413;0
414;0
415;0
416;0
417;1
418;1
419;0
420;2
421;0
422;0
423;1
424;0
425;2
426;0
427;2
428;2
429;0
430;0
431;0
432;2
433;0
434;0
435;0
436;1
437;2
438;1
439;0
440;0
441;0
442;0
443;2
444;0
445;0
446;2
447;2
448;2
449;0
450;0
451;2
452;0
453;0
454;2
455;2
456;0
457;0
458;1
459;0
460;0
461;0
462;0
463;0
464;0
465;1
466;0
467;1
468;0
469;0
470;0
471;0
472;0
473;0
474;0
475;0
476;2
477;2
478;0
479;2
480;2
481;0
482;0
483;1
484;0
485;2
486;0
487;0
488;0
489;0
490;2
491;1
492;0
493;0
494;0
495;1
496;0
497;1
498;0
499;0
500;0
501;1
502;0
503;0
504;2
505;2
506;0
507;0
508;0
509;0
510;0
511;1
512;0
513;0
514;0
515;2
516;0
517;0
518;2
519;2
520;0
521;0
522;0
523;0
524;2
525;2
526;0
527;0
528;2
529;0
530;2
531;1
532;0
533;0
534;0
535;0
536;0
537;0
538;2
539;0
540;2
541;2
542;2
543;2
544;2
545;0
546;2
547;0
548;2
549;0
550;0
551;0
552;0
553;0
554;0
555;1
556;0
557;0
558;1
559;0
560;2
561;0
562;0
563;0
564;1
565;0
566;2
567;0
568;0
569;1
570;0
571;0
572;0
573;0
574;1
575;0
576;0
577;0
578;0
579;0
580;1
581;0
582;0
583;2
584;0
585;2
586;0
587;0
588;0
589;0
590;2
591;1
592;0
593;2
594;2
595;0
596;1
597;0
598;2
599;2
600;2
601;0
602;2
603;2
604;2
605;0
606;1
607;0
608;0
609;1
610;2
611;0
612;2
613;2
614;2
615;1
616;0
617;0
618;2
619;0
620;0
621;2
622;1
623;1
624;0
625;0
626;0
627;1
628;2
629;2
630;2
631;2
632;0
633;0
634;0
635;0
636;2
637;0
638;0
639;0
640;0
641;2
642;1
643;0
644;0
645;2
646;0
647;0
648;2
649;0
650;1
651;0
652;0
653;0
654;0
655;0
656;2
657;0
658;0
659;0
660;2
661;0
662;0
663;0
664;0
665;2
666;1
667;0
668;0
669;2
670;0
671;0
672;1
673;0
674;0
675;0
676;1
677;0
678;0
679;0
680;0
681;0
682;0
683;1
684;0
685;0
686;0
687;0
688;0
689;0
690;2
691;2
692;1
693;0
694;0
695;0
696;1
697;0
698;0
699;2
700;4
701;0
702;2
703;2
704;2
705;0
706;0
707;0
708;1
709;0
710;0
711;0
712;0
713;0
714;0
715;0
716;2
717;2
718;0
719;2
720;1
721;0
722;0
723;0
724;0
725;0
726;0
727;2
728;2
729;0
730;2
731;0
732;0
733;2
734;2
735;0
736;2
737;0
738;2
739;0
740;0
741;0
742;0
743;0
744;0
745;1
746;0
747;1
748;2
749;0
750;1
751;0
752;0
753;0
754;2
755;2
756;1
757;0
758;0
759;0
760;1
761;0
762;2
763;0
764;0
765;2
766;0
767;0
768;0
769;2
770;2
771;2
772;0
773;0
774;0
775;0
776;0
777;0
778;1
779;2
780;2
781;0
782;1
783;0
784;0
785;0
786;1
787;0
788;0
789;0
790;0
791;0
792;0
793;1
794;2
795;0
796;0
797;2
798;2
799;2
800;2
801;1
802;0
803;2
804;0
805;0
806;0
807;0
808;2
809;0
810;2
811;2
812;2
813;2
814;2
815;0
816;0
817;1
818;0
819;0
820;1
821;2
822;0
823;0
824;2
825;2
826;1
827;0
828;0
829;0
830;0
831;0
832;0
833;0
834;0
835;0
836;0
837;0
838;1
839;0
840;0
841;1
842;0
843;0
844;0
845;0
846;2
847;2
848;2
849;0
850;1
851;1
852;0
853;0
854;0
855;0
856;0
857;1
858;2
859;0
860;0
861;0
862;0
863;0
864;0
865;2
866;0
867;0
868;2
869;1
870;0
871;0
872;0
873;0
874;0
875;0
876;0
877;0
878;2
879;2
880;2
881;0
882;0
883;2
884;4
885;0
886;2
887;2
888;2
889;0
890;0
891;0
892;4
893;0
894;0
895;0
896;0
897;0
898;1
899;2
900;1
901;0
902;0
903;0
904;1
905;0
906;2
907;0
908;1
909;0
910;1
911;0
912;1
913;0
914;0
915;2
916;4
917;2
918;2
919;2
920;2
921;0
922;2
923;0
924;1
925;2
926;2
927;1
928;2
929;1
930;2
931;0
932;1
933;1
934;1
935;0
936;2
937;0
938;2
939;2
940;1
941;1
942;0
943;1
944;0
945;0
946;0
947;0
948;2
949;0
950;2
951;0
952;0
953;0
954;0
955;2
956;0
957;0
958;0
959;0
960;0
961;0
962;0
963;0
964;0
965;1
966;0
967;0
968;0
969;1
970;0
971;2
972;2
973;0
974;0
975;0
976;2
977;2
978;1
979;0
980;0
981;0
982;1
983;0
984;0
985;0
986;0
987;0
988;0
989;0
990;1
991;0
992;2
993;1
994;0
995;0
996;2
997;0
998;2
999;1
1000;0
1001;0
1002;0
1003;2
1004;0
1005;2
1006;2
1007;2
1008;2
1009;0
1010;1
1011;0
1012;0
1013;1
1014;1
1015;0
1016;0
1017;0
1018;0
1019;0
1020;0
1021;0
1022;0
1023;0
