0;0
1;0
2;0
3;2
4;1
5;0
6;2
7;2
8;0
9;1
10;2
11;0
12;1
13;0
14;1
15;0
16;0
17;1
18;2
19;2
20;2
21;2
22;0
23;2
24;1
25;0
26;0
27;0
28;2
29;0
30;0
31;0
32;1
33;0
34;0
35;0
36;2
37;1
38;1
39;0
40;2
41;1
42;1
43;0
44;2
45;0
46;0
47;0
48;0
49;2
50;0
51;0
52;0
53;0
54;0
55;0
56;0
57;0
58;0
59;2
60;1
61;2
62;1
63;0
64;0
65;0
66;2
67;0
68;0
69;0
70;0
71;0
72;0
73;0
74;0
75;0
76;2
77;2
78;2
79;0
80;0
81;0
82;0
83;2
84;0
85;0
86;0
87;0
88;1
89;0
90;0
91;1
92;2
93;0
94;2
95;1
96;0
97;0
98;0
99;0
100;0
101;0
102;2
103;2
104;1
105;0
106;0
107;2
108;1
109;0
110;0
111;2
112;2
113;0
114;0
115;0
116;0
117;2
118;2
119;0
120;2
121;0
122;0
123;0
124;1
125;0
126;0
127;2
128;0
129;0
130;0
131;0
132;0
133;2
134;2
135;1
136;0
137;0
138;0
139;0
140;0
141;0
142;0
143;0
144;0
145;0
146;0
147;0
148;2
149;0
150;2
151;0
152;1
153;0
154;0
155;0
156;0
157;0
158;2
159;2
160;1
161;0
162;0
163;0
164;1
165;2
166;2
167;2
168;2
169;2
170;2
171;0
172;2
173;2
174;2
175;0
176;0
177;0
178;2
179;0
180;0
181;0
182;1
183;0
184;0
185;0
186;0
187;0
188;2
189;0
190;0
191;0
192;0
193;0
194;0
195;0
196;0
197;0
198;0
199;0
200;0
201;0
202;0
203;0
204;0
205;0
206;1
207;0
208;0
209;0
210;0
211;0
212;0
213;0
214;0
215;2
216;1
217;0
218;2
219;2
220;1
221;0
222;0
223;0
224;2
225;0
226;2
227;2
228;0
229;2
230;2
231;0
232;0
233;0
234;0
235;0
236;0
237;0
238;1
239;2
240;1
241;0
242;2
243;0
244;2
245;0
246;2
247;0
248;0
249;0
250;2
251;2
252;2
253;0
254;0
255;0
256;0
257;2
258;0
259;0
260;0
261;2
262;0
263;0
264;0
265;0
266;0
267;0
268;0
269;2
270;1
271;0
272;0
273;2
274;0
275;2
276;1
277;0
278;0
279;0
280;0
281;0
282;0
283;0
284;0
285;0
286;1
287;0
288;0
289;0
290;2
291;0
292;2
293;2
294;2
295;2
296;0
297;2
298;0
299;0
300;2
301;0
302;2
303;0
304;0
305;0
306;2
307;0
308;1
309;2
310;0
311;0
312;2
313;0
314;0
315;1
316;0
317;0
318;0
319;0
320;0
321;0
322;0
323;2
324;0
325;1
326;0
327;0
328;0
329;2
330;2
331;0
332;0
333;0
334;2
335;0
336;2
337;2
338;2
339;1
340;0
341;0
342;0
343;2
344;0
345;2
346;2
347;1
348;0
349;1
350;0
351;2
352;1
353;0
354;2
355;2
356;1
357;0
358;0
359;0
360;0
361;0
362;0
363;2
364;1
365;0
366;2
367;0
368;2
369;0
370;0
371;0
372;0
373;0
374;0
375;2
376;2
377;1
378;0
379;0
380;1
381;2
382;2
383;2
384;2
385;0
386;2
387;0
388;2
389;2
390;0
391;0
392;0
393;2
394;2
395;0
396;0
397;0
398;0
399;0
400;2
401;2
402;0
403;0
404;1
405;1
406;0
407;0
408;0
409;1
410;0
411;2
412;1
413;0
414;0
415;2
416;2
417;0
418;2
419;0
420;2
421;0
422;2
423;0
424;0
425;0
426;0
427;0
428;0
429;2
430;2
431;0
432;2
433;2
434;0
435;0
436;2
437;0
438;0
439;0
440;2
441;0
442;2
443;0
444;0
445;0
446;2
447;1
448;2
449;2
450;0
451;2
452;0
453;1
454;0
455;0
456;2
457;2
458;0
459;2
460;2
461;0
462;0
463;0
464;0
465;0
466;1
467;0
468;0
469;2
470;0
471;0
472;0
473;0
474;2
475;2
476;1
477;0
478;0
479;0
480;0
481;0
482;2
483;2
484;1
485;0
486;0
487;0
488;0
489;1
490;0
491;2
492;2
493;0
494;0
495;2
496;2
497;0
498;2
499;2
500;2
501;0
502;2
503;0
504;2
505;1
506;1
507;2
508;2
509;1
510;0
511;0
512;0
513;0
514;1
515;0
516;1
517;0
518;0
519;2
520;2
521;0
522;2
523;2
524;0
525;0
526;0
527;0
528;2
529;0
530;0
531;1
532;0
533;0
534;2
535;0
536;2
537;0
538;0
539;0
540;2
541;0
542;0
543;0
544;1
545;0
546;0
547;2
548;1
549;0
550;0
551;0
552;0
553;0
554;0
555;0
556;0
557;0
558;0
559;1
560;2
561;2
562;2
563;2
564;1
565;0
566;0
567;0
568;0
569;2
570;2
571;0
572;1
573;0
574;1
575;0
576;0
577;0
578;2
579;0
580;0
581;0
582;0
583;0
584;0
585;0
586;0
587;1
588;0
589;0
590;1
591;1
592;0
593;0
594;0
595;0
596;1
597;0
598;2
599;0
600;0
601;0
602;0
603;0
604;1
605;0
606;0
607;2
608;2
609;0
610;0
611;0
612;2
613;0
614;0
615;2
616;2
617;1
618;0
619;0
620;0
621;0
622;2
623;0
624;0
625;0
626;1
627;2
628;1
629;0
630;0
631;1
632;0
633;0
634;0
635;0
636;0
637;0
638;0
639;0
640;2
641;0
642;0
643;0
644;1
645;0
646;0
647;0
648;0
649;0
650;0
651;0
652;0
653;0
654;0
655;0
656;1
657;0
658;0
659;0
660;1
661;0
662;0
663;2
664;2
665;0
666;0
667;0
668;2
669;2
670;0
671;0
672;0
673;0
674;1
675;0
676;0
677;0
678;2
679;0
680;0
681;0
682;2
683;1
684;2
685;0
686;2
687;0
688;0
689;1
690;1
691;0
692;2
693;0
694;0
695;0
696;0
697;0
698;0
699;0
700;0
701;0
702;0
703;0
704;0
705;0
706;0
707;2
708;0
709;0
710;0
711;0
712;2
713;2
714;1
715;0
716;0
717;0
718;2
719;0
720;0
721;0
722;0
723;0
724;0
725;0
726;0
727;2
728;0
729;0
730;0
731;0
732;0
733;0
734;0
735;2
736;1
737;0
738;1
739;2
740;2
741;0
742;0
743;0
744;0
745;0
746;0
747;1
748;0
749;2
750;0
751;0
752;1
753;0
754;0
755;0
756;2
757;0
758;0
759;1
760;1
761;0
762;0
763;0
764;0
765;0
766;0
767;0
768;0
769;0
770;0
771;0
772;0
773;1
774;0
775;0
776;2
777;1
778;0
779;0
780;4
781;0
782;0
783;2
784;0
785;0
786;2
787;0
788;1
789;0
790;0
791;2
792;0
793;2
794;2
795;0
796;2
797;0
798;2
799;2
800;0
801;2
802;0
803;0
804;0
805;0
806;0
807;2
808;0
809;2
810;0
811;2
812;0
813;0
814;0
815;0
816;0
817;0
818;2
819;2
820;1
821;0
822;2
823;2
824;1
825;0
826;0
827;0
828;4
829;0
830;0
831;2
832;2
833;0
834;0
835;0
836;1
837;1
838;0
839;0
840;0
841;1
842;0
843;0
844;2
845;0
846;0
847;1
848;0
849;0
850;0
851;0
852;0
853;0
854;0
855;0
856;0
857;0
858;1
859;0
860;0
861;0
862;0
863;0
864;0
865;1
866;0
867;0
868;0
869;1
870;0
871;0
872;2
873;1
874;0
875;0
876;0
877;0
878;0
879;0
880;2
881;2
882;2
883;2
884;1
885;0
886;1
887;0
888;0
889;0
890;0
891;2
892;2
893;2
894;0
895;2
896;2
897;0
898;0
899;1
900;0
901;2
902;0
903;2
904;0
905;0
906;1
907;2
908;1
909;0
910;2
911;0
912;0
913;2
914;0
915;0
916;0
917;0
918;2
919;0
920;0
921;0
922;0
923;0
924;2
925;2
926;2
927;2
928;0
929;2
930;0
931;0
932;1
933;1
934;0
935;0
936;0
937;0
938;0
939;0
940;0
941;1
942;0
943;0
944;0
945;2
946;0
947;0
948;1
949;0
950;0
951;1
952;0
953;0
954;0
955;0
956;0
957;1
958;0
959;0
960;0
961;0
962;0
963;2
964;0
965;2
966;2
967;0
968;0
969;0
970;0
971;0
972;2
973;2
974;0
975;0
976;0
977;0
978;2
979;1
980;0
981;0
982;1
983;1
984;0
985;0
986;0
987;0
988;2
989;0
990;1
991;0
992;0
993;0
994;2
995;2
996;2
997;0
998;2
999;0
1000;0
1001;0
1002;2
1003;1
1004;0
1005;0
1006;0
1007;2
1008;0
1009;0
1010;2
1011;0
1012;0
1013;1
1014;1
1015;0
1016;0
1017;0
1018;0
1019;0
1020;0
1021;0
1022;0
1023;0
