0;1
1;0
2;0
3;2
4;4
5;0
6;2
7;0
8;2
9;0
10;2
11;0
12;2
13;0
14;2
15;1
16;0
17;0
18;0
19;1
20;0
21;0
22;1
23;1
24;1
25;0
26;0
27;0
28;0
29;0
30;1
31;0
32;0
33;0
34;0
35;0
36;2
37;0
38;0
39;0
40;0
41;0
42;0
43;1
44;0
45;0
46;0
47;0
48;0
49;0
50;1
51;1
52;0
53;0
54;0
55;0
56;0
57;0
58;0
59;2
60;0
61;0
62;0
63;0
64;2
65;0
66;0
67;0
68;0
69;0
70;2
71;0
72;1
73;0
74;0
75;0
76;0
77;0
78;0
79;0
80;0
81;1
82;0
83;0
84;2
85;2
86;0
87;2
88;2
89;0
90;1
91;0
92;2
93;0
94;0
95;0
96;2
97;1
98;0
99;1
100;0
101;0
102;1
103;0
104;0
105;0
106;0
107;0
108;0
109;0
110;0
111;1
112;0
113;0
114;0
115;0
116;0
117;0
118;0
119;0
120;0
121;0
122;0
123;0
124;2
125;2
126;0
127;1
128;2
129;0
130;0
131;1
132;2
133;0
134;0
135;0
136;1
137;0
138;0
139;0
140;0
141;2
142;0
143;0
144;2
145;1
146;0
147;1
148;1
149;2
150;0
151;0
152;2
153;0
154;0
155;0
156;0
157;0
158;0
159;1
160;0
161;2
162;2
163;2
164;2
165;0
166;0
167;1
168;0
169;1
170;1
171;0
172;0
173;0
174;2
175;0
176;1
177;0
178;0
179;2
180;2
181;0
182;0
183;1
184;0
185;0
186;0
187;0
188;0
189;0
190;0
191;0
192;2
193;0
194;0
195;0
196;2
197;0
198;0
199;0
200;0
201;1
202;0
203;0
204;2
205;0
206;2
207;0
208;1
209;0
210;2
211;1
212;1
213;0
214;0
215;1
216;0
217;0
218;0
219;2
220;0
221;0
222;2
223;2
224;1
225;0
226;2
227;1
228;0
229;0
230;0
231;2
232;2
233;0
234;0
235;0
236;0
237;0
238;0
239;1
240;1
241;0
242;0
243;0
244;0
245;0
246;1
247;0
248;0
249;0
250;0
251;0
252;0
253;0
254;0
255;1
256;0
257;0
258;0
259;0
260;1
261;1
262;0
263;1
264;1
265;0
266;0
267;0
268;0
269;0
270;0
271;1
272;0
273;0
274;0
275;0
276;1
277;0
278;0
279;0
280;1
281;1
282;0
283;0
284;0
285;0
286;2
287;1
288;0
289;2
290;0
291;0
292;0
293;0
294;2
295;1
296;0
297;0
298;0
299;2
300;2
301;0
302;1
303;0
304;2
305;0
306;0
307;0
308;0
309;0
310;0
311;0
312;2
313;0
314;0
315;0
316;2
317;0
318;2
319;2
320;1
321;0
322;2
323;2
324;0
325;2
326;0
327;0
328;0
329;0
330;0
331;1
332;0
333;0
334;0
335;1
336;0
337;0
338;2
339;2
340;1
341;0
342;0
343;0
344;0
345;0
346;0
347;0
348;0
349;0
350;1
351;0
352;1
353;0
354;0
355;1
356;4
357;2
358;2
359;2
360;2
361;0
362;2
363;0
364;1
365;0
366;0
367;0
368;0
369;0
370;0
371;1
372;0
373;0
374;0
375;1
376;0
377;0
378;0
379;0
380;0
381;0
382;0
383;1
384;1
385;0
386;2
387;1
388;0
389;0
390;1
391;0
392;2
393;0
394;0
395;0
396;0
397;0
398;0
399;0
400;0
401;0
402;2
403;0
404;2
405;0
406;2
407;0
408;2
409;2
410;2
411;0
412;0
413;0
414;0
415;0
416;2
417;0
418;0
419;0
420;0
421;2
422;0
423;1
424;0
425;0
426;0
427;0
428;0
429;0
430;0
431;0
432;2
433;0
434;0
435;0
436;0
437;1
438;0
439;0
440;1
441;2
442;0
443;2
444;2
445;2
446;1
447;0
448;0
449;1
450;0
451;2
452;1
453;1
454;0
455;0
456;2
457;1
458;2
459;0
460;1
461;0
462;0
463;2
464;0
465;2
466;0
467;2
468;0
469;2
470;2
471;0
472;2
473;2
474;0
475;2
476;1
477;0
478;2
479;0
480;2
481;2
482;1
483;2
484;2
485;0
486;0
487;1
488;0
489;0
490;0
491;2
492;0
493;0
494;0
495;2
496;2
497;1
498;0
499;2
500;1
501;0
502;0
503;0
504;0
505;1
506;1
507;0
508;2
509;0
510;1
511;0
512;2
513;0
514;0
515;0
516;2
517;0
518;0
519;0
520;2
521;0
522;0
523;2
524;0
525;0
526;1
527;1
528;0
529;0
530;0
531;2
532;1
533;0
534;0
535;2
536;1
537;1
538;0
539;0
540;0
541;0
542;0
543;1
544;0
545;0
546;0
547;2
548;0
549;0
550;0
551;0
552;0
553;2
554;1
555;0
556;2
557;0
558;2
559;0
560;1
561;0
562;0
563;0
564;0
565;0
566;2
567;0
568;1
569;0
570;0
571;0
572;2
573;0
574;0
575;0
576;0
577;0
578;0
579;0
580;0
581;0
582;2
583;2
584;1
585;0
586;0
587;0
588;0
589;1
590;0
591;1
592;0
593;0
594;1
595;1
596;0
597;0
598;2
599;0
600;2
601;0
602;0
603;1
604;0
605;0
606;0
607;0
608;1
609;0
610;2
611;0
612;0
613;1
614;0
615;2
616;2
617;0
618;0
619;0
620;0
621;0
622;2
623;0
624;0
625;0
626;0
627;0
628;0
629;2
630;0
631;0
632;0
633;0
634;0
635;0
636;2
637;0
638;0
639;0
640;0
641;0
642;0
643;0
644;0
645;0
646;0
647;0
648;0
649;1
650;0
651;0
652;0
653;0
654;0
655;0
656;0
657;2
658;2
659;0
660;0
661;0
662;1
663;0
664;2
665;1
666;1
667;0
668;1
669;0
670;2
671;0
672;0
673;0
674;0
675;0
676;2
677;0
678;1
679;0
680;0
681;0
682;2
683;0
684;0
685;2
686;0
687;0
688;0
689;0
690;0
691;1
692;0
693;2
694;0
695;0
696;1
697;0
698;0
699;0
700;0
701;0
702;0
703;0
704;0
705;2
706;0
707;1
708;1
709;0
710;0
711;2
712;1
713;0
714;1
715;0
716;1
717;0
718;1
719;2
720;0
721;0
722;2
723;1
724;0
725;0
726;2
727;0
728;2
729;0
730;2
731;2
732;0
733;0
734;1
735;0
736;0
737;0
738;2
739;2
740;0
741;2
742;0
743;0
744;0
745;0
746;0
747;0
748;0
749;0
750;0
751;0
752;1
753;0
754;1
755;0
756;2
757;2
758;1
759;0
760;2
761;0
762;0
763;0
764;0
765;1
766;0
767;0
768;0
769;2
770;1
771;0
772;0
773;2
774;0
775;0
776;0
777;0
778;0
779;1
780;1
781;2
782;2
783;1
784;0
785;0
786;0
787;2
788;0
789;2
790;0
791;0
792;0
793;0
794;0
795;2
796;0
797;0
798;0
799;2
800;0
801;0
802;1
803;0
804;0
805;0
806;0
807;0
808;0
809;0
810;0
811;1
812;0
813;0
814;0
815;2
816;0
817;0
818;0
819;1
820;0
821;0
822;0
823;0
824;2
825;2
826;2
827;2
828;2
829;0
830;2
831;0
832;1
833;0
834;0
835;0
836;0
837;0
838;0
839;2
840;2
841;1
842;0
843;0
844;0
845;0
846;0
847;1
848;0
849;0
850;0
851;0
852;2
853;0
854;0
855;2
856;0
857;0
858;0
859;0
860;0
861;0
862;0
863;0
864;0
865;0
866;0
867;0
868;0
869;0
870;0
871;0
872;2
873;0
874;0
875;0
876;0
877;1
878;0
879;0
880;0
881;0
882;0
883;0
884;2
885;0
886;2
887;2
888;1
889;0
890;2
891;0
892;2
893;0
894;0
895;0
896;0
897;1
898;0
899;0
900;0
901;0
902;0
903;0
904;0
905;0
906;0
907;0
908;0
909;2
910;0
911;0
912;0
913;0
914;0
915;1
916;1
917;0
918;2
919;0
920;0
921;0
922;1
923;0
924;2
925;0
926;0
927;0
928;1
929;0
930;2
931;0
932;0
933;0
934;0
935;0
936;0
937;1
938;1
939;0
940;0
941;0
942;0
943;0
944;0
945;2
946;1
947;0
948;0
949;2
950;0
951;0
952;0
953;2
954;1
955;0
956;0
957;0
958;2
959;2
960;2
961;0
962;1
963;0
964;2
965;2
966;2
967;1
968;0
969;0
970;0
971;1
972;0
973;2
974;1
975;0
976;0
977;2
978;2
979;0
980;1
981;0
982;0
983;0
984;1
985;0
986;0
987;0
988;0
989;0
990;0
991;0
992;0
993;0
994;0
995;2
996;0
997;0
998;0
999;0
1000;0
1001;2
1002;2
1003;0
1004;1
1005;0
1006;2
1007;1
1008;0
1009;2
1010;1
1011;1
1012;1
1013;1
1014;0
1015;0
1016;0
1017;0
1018;0
1019;0
1020;0
1021;0
1022;0
1023;0
