0;1
1;0
2;0
3;2
4;2
5;0
6;2
7;2
8;0
9;0
10;2
11;0
12;0
13;0
14;1
15;0
16;0
17;0
18;0
19;2
20;2
21;2
22;0
23;2
24;1
25;0
26;0
27;0
28;2
29;0
30;0
31;0
32;1
33;2
34;0
35;0
36;1
37;0
38;1
39;0
40;1
41;0
42;1
43;0
44;2
45;0
46;2
47;1
48;0
49;2
50;0
51;0
52;0
53;0
54;0
55;0
56;0
57;0
58;0
59;0
60;2
61;0
62;0
63;2
64;0
65;0
66;0
67;0
68;0
69;0
70;0
71;0
72;0
73;0
74;0
75;0
76;2
77;1
78;0
79;0
80;2
81;0
82;0
83;2
84;0
85;0
86;0
87;0
88;1
89;0
90;0
91;2
92;2
93;1
94;0
95;0
96;0
97;0
98;0
99;0
100;0
101;1
102;0
103;0
104;0
105;0
106;0
107;1
108;0
109;0
110;0
111;0
112;0
113;0
114;2
115;0
116;0
117;0
118;0
119;0
120;0
121;0
122;2
123;2
124;2
125;0
126;0
127;0
128;0
129;2
130;2
131;0
132;1
133;0
134;0
135;2
136;0
137;0
138;0
139;0
140;2
141;0
142;2
143;0
144;4
145;0
146;0
147;1
148;0
149;0
150;2
151;0
152;2
153;0
154;0
155;0
156;0
157;0
158;0
159;1
160;0
161;0
162;0
163;0
164;1
165;0
166;0
167;0
168;2
169;0
170;0
171;0
172;2
173;0
174;0
175;0
176;0
177;0
178;0
179;0
180;2
181;0
182;0
183;1
184;0
185;1
186;0
187;0
188;0
189;1
190;1
191;0
192;0
193;0
194;0
195;0
196;2
197;0
198;0
199;0
200;0
201;0
202;2
203;1
204;0
205;0
206;1
207;0
208;0
209;0
210;0
211;0
212;2
213;0
214;0
215;0
216;0
217;2
218;0
219;0
220;0
221;2
222;0
223;0
224;2
225;0
226;0
227;0
228;0
229;0
230;0
231;2
232;1
233;1
234;1
235;0
236;0
237;0
238;2
239;0
240;0
241;0
242;1
243;0
244;0
245;0
246;2
247;0
248;2
249;1
250;0
251;0
252;0
253;2
254;2
255;2
256;0
257;1
258;0
259;0
260;0
261;0
262;2
263;2
264;0
265;0
266;0
267;0
268;1
269;0
270;2
271;2
272;2
273;0
274;0
275;2
276;4
277;0
278;2
279;1
280;0
281;0
282;1
283;0
284;2
285;0
286;0
287;0
288;0
289;0
290;2
291;0
292;0
293;1
294;0
295;0
296;0
297;0
298;0
299;0
300;0
301;0
302;0
303;0
304;2
305;2
306;1
307;0
308;0
309;0
310;0
311;0
312;0
313;0
314;0
315;1
316;0
317;1
318;0
319;1
320;1
321;2
322;2
323;2
324;2
325;1
326;2
327;2
328;1
329;0
330;0
331;0
332;2
333;0
334;1
335;0
336;2
337;0
338;0
339;0
340;0
341;0
342;0
343;2
344;0
345;1
346;0
347;2
348;1
349;0
350;0
351;2
352;2
353;1
354;0
355;0
356;0
357;2
358;0
359;2
360;0
361;0
362;0
363;0
364;0
365;0
366;1
367;2
368;0
369;0
370;0
371;0
372;0
373;0
374;0
375;0
376;0
377;0
378;1
379;0
380;0
381;0
382;0
383;0
384;0
385;0
386;2
387;0
388;2
389;0
390;2
391;0
392;2
393;0
394;0
395;0
396;2
397;0
398;0
399;0
400;0
401;0
402;2
403;1
404;0
405;1
406;2
407;0
408;1
409;1
410;0
411;0
412;2
413;1
414;0
415;2
416;2
417;0
418;0
419;1
420;0
421;0
422;0
423;0
424;0
425;2
426;0
427;1
428;0
429;0
430;2
431;2
432;1
433;0
434;1
435;0
436;0
437;0
438;0
439;0
440;1
441;0
442;0
443;0
444;0
445;0
446;0
447;0
448;0
449;0
450;2
451;2
452;2
453;0
454;0
455;0
456;0
457;0
458;0
459;0
460;0
461;0
462;0
463;0
464;0
465;0
466;0
467;0
468;2
469;0
470;0
471;0
472;1
473;0
474;0
475;0
476;1
477;1
478;0
479;0
480;0
481;0
482;0
483;0
484;0
485;0
486;0
487;1
488;0
489;2
490;2
491;1
492;2
493;2
494;0
495;0
496;0
497;2
498;2
499;0
500;0
501;0
502;0
503;2
504;0
505;0
506;0
507;0
508;0
509;0
510;0
511;0
512;1
513;0
514;0
515;0
516;0
517;2
518;1
519;2
520;0
521;0
522;0
523;0
524;0
525;0
526;1
527;0
528;0
529;2
530;2
531;2
532;1
533;0
534;2
535;1
536;0
537;0
538;0
539;0
540;2
541;2
542;2
543;2
544;2
545;0
546;0
547;2
548;2
549;0
550;0
551;0
552;2
553;0
554;0
555;0
556;2
557;0
558;0
559;1
560;0
561;0
562;0
563;2
564;1
565;0
566;0
567;0
568;0
569;0
570;1
571;2
572;0
573;0
574;2
575;1
576;2
577;2
578;1
579;0
580;1
581;2
582;0
583;0
584;1
585;0
586;2
587;0
588;0
589;2
590;0
591;0
592;2
593;0
594;0
595;0
596;0
597;0
598;0
599;0
600;2
601;0
602;0
603;0
604;1
605;0
606;0
607;0
608;0
609;0
610;2
611;2
612;1
613;0
614;0
615;0
616;2
617;1
618;1
619;0
620;1
621;1
622;1
623;0
624;1
625;0
626;2
627;1
628;0
629;0
630;0
631;2
632;2
633;1
634;0
635;2
636;2
637;0
638;0
639;0
640;2
641;1
642;0
643;0
644;0
645;2
646;0
647;0
648;0
649;0
650;0
651;0
652;0
653;0
654;0
655;0
656;2
657;0
658;0
659;0
660;0
661;0
662;0
663;0
664;0
665;0
666;0
667;2
668;0
669;0
670;0
671;2
672;0
673;0
674;0
675;0
676;1
677;2
678;0
679;2
680;1
681;0
682;2
683;0
684;1
685;0
686;0
687;0
688;0
689;0
690;0
691;2
692;1
693;1
694;0
695;1
696;0
697;0
698;0
699;0
700;0
701;0
702;0
703;0
704;0
705;0
706;0
707;0
708;2
709;1
710;0
711;0
712;0
713;1
714;0
715;0
716;0
717;0
718;0
719;0
720;0
721;2
722;1
723;0
724;2
725;0
726;0
727;2
728;0
729;0
730;0
731;0
732;0
733;0
734;0
735;0
736;2
737;0
738;0
739;0
740;0
741;0
742;2
743;2
744;0
745;0
746;0
747;0
748;1
749;0
750;0
751;0
752;1
753;2
754;0
755;2
756;0
757;0
758;0
759;0
760;0
761;2
762;1
763;0
764;0
765;0
766;1
767;0
768;0
769;0
770;2
771;1
772;0
773;0
774;0
775;2
776;4
777;0
778;0
779;2
780;2
781;0
782;0
783;0
784;1
785;0
786;0
787;0
788;2
789;0
790;0
791;1
792;0
793;0
794;0
795;0
796;0
797;0
798;0
799;0
800;0
801;0
802;1
803;0
804;0
805;1
806;1
807;0
808;0
809;2
810;1
811;0
812;1
813;1
814;0
815;0
816;2
817;0
818;0
819;0
820;0
821;0
822;1
823;0
824;0
825;2
826;0
827;2
828;1
829;1
830;0
831;0
832;0
833;2
834;1
835;2
836;1
837;0
838;0
839;2
840;2
841;0
842;0
843;0
844;2
845;0
846;0
847;0
848;0
849;0
850;0
851;0
852;0
853;0
854;0
855;0
856;2
857;2
858;2
859;0
860;0
861;0
862;0
863;0
864;0
865;0
866;1
867;0
868;0
869;0
870;2
871;0
872;0
873;2
874;0
875;0
876;0
877;0
878;0
879;1
880;1
881;0
882;0
883;2
884;0
885;0
886;2
887;2
888;1
889;1
890;1
891;1
892;0
893;0
894;0
895;0
896;0
897;0
898;0
899;0
900;0
901;0
902;0
903;2
904;2
905;0
906;2
907;2
908;2
909;0
910;2
911;0
912;1
913;0
914;2
915;0
916;0
917;0
918;0
919;2
920;0
921;2
922;0
923;0
924;1
925;0
926;2
927;2
928;0
929;0
930;0
931;2
932;2
933;0
934;2
935;0
936;2
937;2
938;2
939;2
940;2
941;0
942;1
943;0
944;0
945;1
946;0
947;0
948;2
949;1
950;0
951;0
952;0
953;2
954;0
955;2
956;1
957;0
958;0
959;0
960;0
961;0
962;0
963;0
964;0
965;1
966;0
967;0
968;0
969;1
970;0
971;0
972;1
973;2
974;0
975;2
976;2
977;0
978;0
979;0
980;1
981;0
982;0
983;0
984;0
985;0
986;0
987;2
988;1
989;0
990;0
991;2
992;0
993;0
994;0
995;0
996;0
997;0
998;0
999;2
1000;0
1001;0
1002;0
1003;2
1004;1
1005;0
1006;0
1007;0
1008;0
1009;0
1010;2
1011;1
1012;0
1013;0
1014;0
1015;0
1016;0
1017;0
1018;0
1019;0
1020;0
1021;0
1022;0
1023;0
