0;1
1;0
2;0
3;2
4;2
5;0
6;2
7;2
8;2
9;0
10;0
11;0
12;2
13;1
14;0
15;0
16;0
17;1
18;0
19;0
20;0
21;0
22;0
23;2
24;1
25;0
26;0
27;2
28;0
29;0
30;2
31;0
32;0
33;0
34;4
35;0
36;2
37;1
38;0
39;0
40;0
41;2
42;1
43;0
44;2
45;2
46;1
47;0
48;0
49;0
50;0
51;2
52;0
53;1
54;0
55;1
56;0
57;0
58;0
59;0
60;0
61;0
62;2
63;2
64;1
65;0
66;0
67;2
68;2
69;0
70;0
71;2
72;2
73;0
74;2
75;0
76;2
77;2
78;2
79;0
80;2
81;0
82;2
83;0
84;0
85;0
86;0
87;0
88;0
89;1
90;0
91;0
92;0
93;0
94;0
95;2
96;2
97;2
98;2
99;2
100;0
101;1
102;0
103;0
104;1
105;0
106;2
107;2
108;0
109;0
110;0
111;0
112;2
113;0
114;0
115;2
116;0
117;0
118;0
119;2
120;0
121;0
122;2
123;2
124;1
125;2
126;0
127;2
128;1
129;1
130;0
131;0
132;0
133;0
134;0
135;2
136;0
137;0
138;2
139;2
140;1
141;0
142;0
143;2
144;4
145;0
146;2
147;2
148;2
149;0
150;2
151;0
152;2
153;0
154;0
155;0
156;0
157;0
158;0
159;1
160;1
161;0
162;0
163;0
164;2
165;2
166;2
167;1
168;0
169;0
170;0
171;1
172;2
173;0
174;2
175;2
176;2
177;0
178;0
179;2
180;0
181;2
182;1
183;2
184;2
185;2
186;0
187;0
188;1
189;2
190;0
191;0
192;0
193;0
194;2
195;2
196;1
197;0
198;0
199;2
200;1
201;0
202;2
203;2
204;2
205;0
206;2
207;0
208;2
209;0
210;2
211;0
212;1
213;0
214;0
215;1
216;2
217;0
218;0
219;2
220;1
221;0
222;2
223;2
224;1
225;0
226;0
227;2
228;1
229;2
230;2
231;2
232;2
233;0
234;0
235;0
236;1
237;2
238;1
239;0
240;0
241;2
242;2
243;0
244;1
245;0
246;0
247;0
248;1
249;0
250;2
251;2
252;2
253;0
254;2
255;0
256;2
257;0
258;0
259;0
260;0
261;0
262;0
263;0
264;0
265;0
266;0
267;0
268;1
269;0
270;0
271;0
272;1
273;0
274;2
275;2
276;1
277;0
278;0
279;2
280;2
281;0
282;2
283;0
284;0
285;0
286;2
287;2
288;2
289;0
290;0
291;1
292;1
293;0
294;2
295;0
296;2
297;0
298;0
299;0
300;1
301;0
302;0
303;0
304;0
305;0
306;0
307;1
308;0
309;0
310;0
311;0
312;0
313;0
314;2
315;2
316;1
317;0
318;0
319;1
320;0
321;0
322;2
323;1
324;0
325;0
326;2
327;0
328;2
329;0
330;0
331;1
332;0
333;0
334;0
335;0
336;0
337;0
338;2
339;0
340;1
341;0
342;0
343;2
344;2
345;0
346;2
347;2
348;2
349;0
350;2
351;0
352;1
353;0
354;0
355;0
356;2
357;0
358;0
359;0
360;2
361;0
362;1
363;0
364;0
365;0
366;0
367;2
368;2
369;0
370;0
371;2
372;4
373;0
374;2
375;1
376;0
377;2
378;2
379;0
380;1
381;0
382;1
383;1
384;2
385;1
386;0
387;2
388;2
389;0
390;0
391;2
392;1
393;0
394;1
395;0
396;0
397;0
398;0
399;2
400;4
401;0
402;2
403;0
404;2
405;0
406;0
407;1
408;2
409;0
410;1
411;0
412;1
413;0
414;2
415;2
416;2
417;0
418;1
419;0
420;0
421;0
422;0
423;0
424;0
425;0
426;2
427;1
428;0
429;0
430;0
431;2
432;2
433;0
434;2
435;2
436;2
437;0
438;2
439;0
440;0
441;0
442;0
443;1
444;0
445;0
446;2
447;1
448;1
449;0
450;0
451;2
452;2
453;0
454;2
455;1
456;0
457;0
458;2
459;2
460;0
461;1
462;0
463;0
464;0
465;1
466;0
467;0
468;0
469;2
470;1
471;0
472;2
473;1
474;1
475;0
476;0
477;0
478;0
479;2
480;2
481;0
482;2
483;0
484;2
485;0
486;0
487;0
488;1
489;0
490;0
491;2
492;4
493;0
494;2
495;1
496;0
497;0
498;2
499;0
500;1
501;1
502;1
503;0
504;0
505;0
506;0
507;0
508;0
509;0
510;0
511;0
512;0
513;0
514;0
515;2
516;1
517;0
518;2
519;2
520;1
521;0
522;0
523;1
524;0
525;0
526;2
527;0
528;2
529;0
530;2
531;2
532;2
533;0
534;0
535;1
536;0
537;0
538;0
539;0
540;1
541;0
542;0
543;0
544;0
545;0
546;2
547;0
548;0
549;0
550;2
551;2
552;0
553;0
554;0
555;0
556;1
557;0
558;0
559;2
560;2
561;0
562;2
563;2
564;2
565;0
566;0
567;0
568;2
569;0
570;0
571;0
572;0
573;0
574;1
575;0
576;0
577;0
578;0
579;2
580;1
581;1
582;2
583;0
584;1
585;0
586;0
587;2
588;1
589;0
590;0
591;2
592;4
593;0
594;2
595;2
596;4
597;0
598;2
599;0
600;1
601;0
602;0
603;0
604;1
605;0
606;1
607;0
608;0
609;0
610;0
611;0
612;0
613;0
614;0
615;0
616;1
617;0
618;0
619;1
620;0
621;2
622;0
623;2
624;0
625;0
626;0
627;2
628;1
629;0
630;0
631;0
632;4
633;0
634;2
635;1
636;0
637;0
638;2
639;0
640;2
641;0
642;0
643;0
644;1
645;0
646;1
647;0
648;0
649;0
650;0
651;0
652;0
653;0
654;2
655;0
656;0
657;0
658;0
659;0
660;2
661;0
662;1
663;0
664;0
665;1
666;2
667;0
668;0
669;0
670;0
671;2
672;1
673;0
674;0
675;2
676;2
677;0
678;0
679;0
680;0
681;0
682;2
683;0
684;0
685;0
686;0
687;0
688;0
689;0
690;0
691;2
692;2
693;0
694;2
695;2
696;2
697;0
698;2
699;1
700;2
701;0
702;0
703;0
704;0
705;2
706;2
707;2
708;1
709;0
710;0
711;2
712;1
713;0
714;2
715;0
716;0
717;0
718;0
719;0
720;0
721;0
722;0
723;0
724;0
725;0
726;1
727;0
728;0
729;0
730;0
731;2
732;4
733;0
734;0
735;2
736;2
737;0
738;0
739;0
740;4
741;0
742;2
743;2
744;2
745;0
746;0
747;2
748;1
749;1
750;0
751;0
752;1
753;0
754;2
755;1
756;0
757;0
758;0
759;2
760;4
761;0
762;2
763;2
764;2
765;0
766;2
767;0
768;2
769;2
770;2
771;0
772;1
773;0
774;0
775;0
776;1
777;0
778;0
779;0
780;0
781;0
782;2
783;2
784;1
785;0
786;0
787;2
788;1
789;0
790;2
791;2
792;2
793;0
794;2
795;0
796;2
797;2
798;2
799;1
800;0
801;0
802;0
803;0
804;0
805;0
806;2
807;1
808;0
809;0
810;0
811;2
812;2
813;0
814;2
815;2
816;2
817;0
818;2
819;0
820;2
821;0
822;0
823;0
824;0
825;0
826;0
827;2
828;0
829;0
830;0
831;2
832;2
833;2
834;2
835;1
836;2
837;0
838;2
839;0
840;2
841;0
842;0
843;0
844;0
845;2
846;0
847;0
848;0
849;1
850;0
851;0
852;1
853;0
854;2
855;2
856;1
857;0
858;0
859;2
860;1
861;0
862;2
863;2
864;2
865;0
866;2
867;2
868;2
869;2
870;1
871;0
872;2
873;0
874;0
875;2
876;1
877;0
878;2
879;0
880;0
881;0
882;0
883;0
884;2
885;0
886;2
887;2
888;2
889;0
890;2
891;0
892;2
893;0
894;2
895;2
896;2
897;2
898;1
899;0
900;1
901;2
902;0
903;0
904;0
905;2
906;0
907;0
908;0
909;1
910;0
911;2
912;1
913;0
914;0
915;1
916;0
917;0
918;2
919;2
920;2
921;0
922;0
923;0
924;1
925;1
926;0
927;2
928;0
929;0
930;2
931;0
932;0
933;0
934;0
935;0
936;0
937;0
938;0
939;0
940;1
941;0
942;2
943;2
944;0
945;0
946;2
947;2
948;1
949;1
950;0
951;2
952;0
953;2
954;2
955;2
956;2
957;0
958;0
959;2
960;2
961;0
962;0
963;0
964;0
965;0
966;2
967;0
968;0
969;2
970;0
971;0
972;0
973;1
974;1
975;0
976;0
977;0
978;2
979;2
980;1
981;0
982;0
983;2
984;4
985;0
986;0
987;2
988;2
989;0
990;2
991;0
992;1
993;1
994;0
995;0
996;2
997;0
998;1
999;0
1000;1
1001;0
1002;0
1003;1
1004;0
1005;0
1006;0
1007;2
1008;2
1009;0
1010;2
1011;2
1012;1
1013;0
1014;1
1015;0
1016;0
1017;0
1018;0
1019;0
1020;0
1021;0
1022;0
1023;0
