0;1
1;0
2;0
3;1
4;1
5;0
6;2
7;1
8;0
9;0
10;0
11;2
12;2
13;0
14;0
15;0
16;0
17;0
18;2
19;0
20;1
21;0
22;2
23;2
24;1
25;0
26;0
27;2
28;2
29;0
30;0
31;2
32;0
33;0
34;0
35;2
36;0
37;0
38;0
39;2
40;1
41;0
42;0
43;0
44;2
45;0
46;0
47;1
48;0
49;0
50;0
51;0
52;2
53;0
54;0
55;0
56;0
57;2
58;0
59;0
60;0
61;0
62;1
63;0
64;0
65;1
66;2
67;1
68;0
69;0
70;2
71;1
72;0
73;0
74;1
75;0
76;1
77;0
78;2
79;0
80;2
81;0
82;2
83;0
84;1
85;1
86;0
87;0
88;0
89;1
90;0
91;2
92;2
93;2
94;0
95;2
96;1
97;0
98;0
99;0
100;0
101;0
102;0
103;0
104;2
105;0
106;2
107;1
108;0
109;0
110;2
111;0
112;2
113;1
114;1
115;0
116;0
117;0
118;0
119;0
120;0
121;2
122;1
123;0
124;2
125;2
126;1
127;1
128;1
129;0
130;0
131;0
132;0
133;0
134;0
135;0
136;0
137;2
138;0
139;1
140;0
141;1
142;0
143;0
144;1
145;0
146;0
147;2
148;0
149;0
150;0
151;1
152;0
153;0
154;0
155;0
156;4
157;0
158;0
159;1
160;0
161;2
162;0
163;0
164;2
165;0
166;1
167;0
168;1
169;0
170;0
171;0
172;2
173;0
174;2
175;2
176;0
177;0
178;0
179;0
180;1
181;0
182;0
183;0
184;0
185;2
186;2
187;0
188;0
189;0
190;0
191;0
192;1
193;0
194;0
195;1
196;0
197;0
198;0
199;0
200;0
201;0
202;0
203;0
204;0
205;0
206;1
207;0
208;2
209;1
210;0
211;2
212;2
213;0
214;0
215;1
216;0
217;0
218;0
219;1
220;0
221;0
222;2
223;0
224;1
225;0
226;2
227;0
228;0
229;0
230;0
231;0
232;0
233;0
234;0
235;1
236;0
237;0
238;0
239;2
240;1
241;0
242;0
243;0
244;0
245;0
246;2
247;2
248;2
249;0
250;0
251;0
252;0
253;0
254;0
255;0
256;0
257;0
258;0
259;2
260;1
261;0
262;0
263;2
264;0
265;0
266;0
267;2
268;2
269;0
270;1
271;0
272;1
273;0
274;2
275;0
276;0
277;0
278;0
279;0
280;2
281;0
282;1
283;2
284;1
285;0
286;0
287;0
288;0
289;1
290;0
291;0
292;0
293;0
294;2
295;1
296;0
297;0
298;0
299;2
300;0
301;0
302;1
303;1
304;0
305;0
306;0
307;0
308;1
309;2
310;0
311;0
312;2
313;0
314;0
315;0
316;0
317;0
318;0
319;0
320;2
321;0
322;1
323;0
324;0
325;0
326;0
327;0
328;0
329;1
330;1
331;0
332;0
333;0
334;0
335;0
336;0
337;0
338;1
339;0
340;1
341;0
342;0
343;1
344;0
345;0
346;2
347;0
348;2
349;0
350;0
351;1
352;0
353;0
354;0
355;2
356;0
357;0
358;0
359;1
360;0
361;0
362;0
363;2
364;2
365;0
366;0
367;1
368;0
369;0
370;0
371;1
372;0
373;0
374;0
375;0
376;2
377;2
378;0
379;0
380;2
381;1
382;0
383;0
384;1
385;0
386;0
387;0
388;1
389;0
390;0
391;0
392;0
393;0
394;0
395;0
396;0
397;0
398;0
399;1
400;0
401;2
402;2
403;1
404;0
405;2
406;0
407;0
408;0
409;0
410;0
411;0
412;0
413;2
414;2
415;1
416;1
417;2
418;0
419;0
420;0
421;1
422;2
423;1
424;0
425;2
426;0
427;1
428;0
429;0
430;2
431;0
432;0
433;2
434;2
435;2
436;2
437;0
438;2
439;0
440;0
441;0
442;0
443;0
444;0
445;0
446;0
447;0
448;1
449;0
450;0
451;0
452;1
453;0
454;1
455;0
456;1
457;0
458;0
459;2
460;4
461;0
462;0
463;0
464;0
465;0
466;0
467;0
468;2
469;0
470;0
471;2
472;1
473;0
474;0
475;0
476;2
477;0
478;0
479;0
480;0
481;0
482;0
483;1
484;0
485;0
486;0
487;2
488;2
489;0
490;2
491;1
492;2
493;0
494;0
495;0
496;0
497;0
498;2
499;0
500;0
501;0
502;0
503;1
504;0
505;1
506;0
507;0
508;0
509;0
510;0
511;1
512;0
513;0
514;1
515;0
516;2
517;0
518;2
519;0
520;2
521;0
522;0
523;1
524;0
525;2
526;0
527;0
528;2
529;0
530;0
531;1
532;0
533;0
534;0
535;1
536;0
537;0
538;1
539;0
540;1
541;0
542;0
543;2
544;4
545;2
546;2
547;1
548;0
549;2
550;0
551;1
552;2
553;0
554;0
555;1
556;0
557;2
558;2
559;2
560;1
561;0
562;0
563;0
564;2
565;0
566;2
567;1
568;0
569;0
570;0
571;0
572;1
573;0
574;1
575;0
576;0
577;0
578;0
579;0
580;0
581;0
582;0
583;0
584;1
585;0
586;0
587;1
588;0
589;0
590;0
591;2
592;2
593;2
594;2
595;2
596;2
597;0
598;2
599;0
600;2
601;1
602;0
603;0
604;2
605;0
606;2
607;0
608;0
609;1
610;0
611;1
612;1
613;0
614;0
615;0
616;0
617;0
618;0
619;0
620;0
621;0
622;0
623;0
624;0
625;0
626;0
627;2
628;0
629;0
630;0
631;1
632;0
633;0
634;1
635;0
636;2
637;0
638;0
639;2
640;0
641;0
642;0
643;0
644;0
645;0
646;0
647;1
648;0
649;1
650;0
651;0
652;1
653;0
654;0
655;2
656;2
657;0
658;0
659;0
660;2
661;0
662;1
663;0
664;0
665;2
666;0
667;0
668;2
669;1
670;0
671;0
672;2
673;0
674;0
675;1
676;0
677;0
678;0
679;0
680;0
681;0
682;0
683;2
684;2
685;2
686;0
687;0
688;0
689;0
690;2
691;0
692;2
693;0
694;0
695;2
696;0
697;0
698;0
699;1
700;0
701;0
702;0
703;0
704;2
705;2
706;0
707;0
708;0
709;0
710;0
711;0
712;2
713;0
714;0
715;0
716;2
717;0
718;0
719;1
720;0
721;1
722;2
723;1
724;0
725;0
726;0
727;0
728;1
729;0
730;0
731;0
732;1
733;0
734;0
735;0
736;0
737;0
738;0
739;0
740;0
741;0
742;1
743;0
744;1
745;0
746;0
747;2
748;2
749;0
750;2
751;2
752;2
753;0
754;0
755;2
756;2
757;0
758;1
759;0
760;2
761;0
762;0
763;0
764;0
765;0
766;0
767;2
768;1
769;1
770;0
771;1
772;0
773;0
774;0
775;0
776;0
777;0
778;0
779;0
780;2
781;0
782;0
783;0
784;0
785;0
786;0
787;1
788;0
789;0
790;2
791;0
792;0
793;2
794;0
795;2
796;0
797;0
798;0
799;0
800;2
801;1
802;0
803;0
804;0
805;0
806;2
807;1
808;0
809;2
810;0
811;0
812;1
813;0
814;0
815;0
816;1
817;0
818;0
819;0
820;0
821;2
822;2
823;0
824;0
825;2
826;2
827;2
828;1
829;0
830;1
831;0
832;0
833;0
834;0
835;2
836;0
837;0
838;0
839;1
840;0
841;0
842;0
843;1
844;0
845;0
846;0
847;0
848;0
849;1
850;0
851;0
852;2
853;2
854;2
855;2
856;2
857;1
858;0
859;1
860;0
861;0
862;0
863;0
864;2
865;0
866;0
867;2
868;0
869;0
870;0
871;0
872;0
873;0
874;0
875;0
876;0
877;2
878;1
879;0
880;2
881;0
882;0
883;1
884;0
885;0
886;0
887;0
888;0
889;0
890;0
891;0
892;0
893;1
894;2
895;1
896;0
897;0
898;0
899;2
900;1
901;0
902;2
903;2
904;2
905;0
906;0
907;0
908;0
909;0
910;2
911;0
912;0
913;2
914;2
915;2
916;2
917;0
918;0
919;1
920;0
921;0
922;0
923;0
924;0
925;2
926;0
927;0
928;0
929;0
930;1
931;0
932;0
933;0
934;0
935;2
936;2
937;2
938;0
939;0
940;0
941;0
942;1
943;1
944;0
945;0
946;0
947;0
948;0
949;0
950;1
951;0
952;0
953;2
954;1
955;2
956;1
957;2
958;0
959;0
960;2
961;0
962;1
963;0
964;1
965;0
966;0
967;1
968;0
969;0
970;0
971;2
972;0
973;0
974;2
975;1
976;0
977;1
978;1
979;0
980;1
981;0
982;1
983;0
984;0
985;1
986;0
987;0
988;0
989;0
990;0
991;0
992;2
993;0
994;2
995;0
996;0
997;0
998;0
999;0
1000;0
1001;0
1002;0
1003;0
1004;0
1005;0
1006;0
1007;0
1008;0
1009;1
1010;0
1011;1
1012;0
1013;0
1014;0
1015;1
1016;0
1017;0
1018;0
1019;0
1020;0
1021;0
1022;0
1023;0
