0;1
1;0
2;0
3;2
4;2
5;0
6;0
7;2
8;0
9;1
10;2
11;2
12;1
13;0
14;1
15;0
16;0
17;2
18;0
19;1
20;0
21;2
22;0
23;2
24;1
25;0
26;0
27;0
28;0
29;0
30;0
31;0
32;1
33;1
34;1
35;0
36;0
37;1
38;1
39;0
40;1
41;0
42;0
43;0
44;2
45;0
46;0
47;0
48;0
49;2
50;0
51;0
52;0
53;2
54;0
55;0
56;0
57;0
58;0
59;0
60;0
61;1
62;0
63;0
64;0
65;0
66;0
67;0
68;0
69;2
70;1
71;0
72;0
73;0
74;0
75;0
76;1
77;0
78;2
79;2
80;2
81;0
82;0
83;0
84;0
85;0
86;0
87;0
88;1
89;0
90;0
91;0
92;1
93;0
94;0
95;2
96;1
97;0
98;0
99;2
100;0
101;1
102;0
103;1
104;0
105;0
106;0
107;1
108;0
109;0
110;0
111;0
112;0
113;0
114;0
115;1
116;0
117;0
118;0
119;0
120;1
121;0
122;2
123;2
124;2
125;0
126;0
127;0
128;0
129;2
130;0
131;0
132;0
133;0
134;0
135;0
136;1
137;0
138;0
139;0
140;0
141;2
142;2
143;2
144;2
145;0
146;0
147;2
148;1
149;0
150;0
151;0
152;2
153;0
154;2
155;0
156;2
157;0
158;0
159;0
160;0
161;0
162;2
163;0
164;2
165;0
166;0
167;1
168;0
169;1
170;0
171;1
172;0
173;0
174;0
175;0
176;0
177;0
178;0
179;0
180;0
181;2
182;2
183;1
184;1
185;1
186;0
187;0
188;0
189;2
190;2
191;2
192;2
193;0
194;0
195;0
196;0
197;0
198;0
199;0
200;2
201;1
202;0
203;0
204;1
205;0
206;1
207;0
208;2
209;0
210;0
211;0
212;0
213;0
214;2
215;1
216;0
217;0
218;0
219;0
220;0
221;0
222;0
223;0
224;2
225;0
226;0
227;0
228;0
229;0
230;0
231;0
232;0
233;2
234;0
235;0
236;1
237;0
238;0
239;1
240;0
241;0
242;0
243;0
244;1
245;1
246;1
247;0
248;0
249;0
250;1
251;0
252;0
253;0
254;1
255;0
256;0
257;0
258;0
259;0
260;0
261;0
262;2
263;1
264;0
265;1
266;0
267;2
268;2
269;0
270;2
271;1
272;0
273;0
274;2
275;0
276;0
277;0
278;0
279;1
280;0
281;2
282;1
283;0
284;0
285;0
286;0
287;0
288;0
289;0
290;0
291;2
292;2
293;0
294;2
295;2
296;0
297;0
298;2
299;0
300;2
301;0
302;0
303;0
304;0
305;1
306;0
307;0
308;2
309;0
310;0
311;0
312;0
313;0
314;0
315;0
316;0
317;0
318;0
319;1
320;0
321;0
322;1
323;0
324;0
325;0
326;2
327;1
328;0
329;0
330;0
331;0
332;2
333;1
334;0
335;2
336;1
337;0
338;0
339;0
340;0
341;0
342;0
343;1
344;0
345;1
346;0
347;2
348;2
349;0
350;2
351;0
352;0
353;2
354;2
355;0
356;1
357;0
358;0
359;0
360;2
361;1
362;1
363;0
364;0
365;2
366;0
367;0
368;0
369;0
370;0
371;2
372;0
373;1
374;0
375;1
376;0
377;2
378;2
379;1
380;0
381;1
382;2
383;0
384;0
385;1
386;0
387;0
388;0
389;0
390;0
391;0
392;0
393;0
394;2
395;2
396;1
397;0
398;0
399;0
400;2
401;0
402;0
403;0
404;0
405;0
406;1
407;0
408;0
409;0
410;2
411;0
412;0
413;0
414;0
415;0
416;1
417;0
418;0
419;0
420;2
421;0
422;0
423;0
424;0
425;0
426;0
427;1
428;0
429;0
430;2
431;2
432;2
433;1
434;0
435;1
436;1
437;0
438;0
439;0
440;2
441;1
442;0
443;0
444;2
445;0
446;2
447;2
448;1
449;0
450;0
451;2
452;0
453;0
454;2
455;0
456;2
457;0
458;2
459;1
460;0
461;1
462;0
463;0
464;1
465;0
466;1
467;0
468;0
469;0
470;0
471;0
472;0
473;1
474;0
475;2
476;2
477;0
478;0
479;0
480;0
481;1
482;0
483;0
484;0
485;2
486;2
487;0
488;1
489;0
490;0
491;0
492;0
493;2
494;2
495;0
496;0
497;0
498;0
499;0
500;2
501;0
502;2
503;0
504;2
505;0
506;0
507;0
508;1
509;0
510;0
511;0
512;0
513;0
514;0
515;0
516;0
517;0
518;0
519;0
520;2
521;0
522;2
523;0
524;1
525;0
526;0
527;2
528;4
529;0
530;1
531;0
532;0
533;2
534;2
535;0
536;2
537;0
538;0
539;0
540;0
541;0
542;0
543;2
544;1
545;0
546;2
547;2
548;1
549;0
550;0
551;0
552;0
553;2
554;0
555;2
556;0
557;0
558;0
559;2
560;0
561;0
562;0
563;1
564;0
565;0
566;0
567;0
568;0
569;0
570;0
571;1
572;0
573;0
574;0
575;2
576;0
577;0
578;0
579;0
580;1
581;0
582;0
583;0
584;0
585;0
586;0
587;0
588;2
589;0
590;0
591;0
592;0
593;0
594;0
595;0
596;0
597;2
598;2
599;2
600;1
601;0
602;0
603;1
604;0
605;0
606;0
607;0
608;0
609;0
610;0
611;0
612;2
613;2
614;0
615;0
616;2
617;1
618;0
619;0
620;0
621;0
622;0
623;0
624;0
625;0
626;0
627;0
628;1
629;0
630;0
631;0
632;0
633;0
634;0
635;0
636;2
637;0
638;0
639;0
640;2
641;0
642;0
643;0
644;2
645;0
646;0
647;1
648;0
649;0
650;0
651;1
652;2
653;0
654;2
655;0
656;2
657;2
658;0
659;0
660;2
661;1
662;1
663;0
664;0
665;0
666;0
667;0
668;0
669;0
670;2
671;0
672;0
673;2
674;0
675;0
676;2
677;0
678;0
679;2
680;0
681;0
682;2
683;0
684;0
685;1
686;0
687;1
688;0
689;0
690;2
691;0
692;0
693;1
694;2
695;0
696;0
697;0
698;0
699;2
700;0
701;0
702;0
703;0
704;0
705;0
706;0
707;1
708;0
709;0
710;1
711;2
712;1
713;0
714;0
715;0
716;0
717;0
718;2
719;0
720;1
721;1
722;0
723;0
724;0
725;1
726;0
727;2
728;0
729;0
730;0
731;0
732;1
733;0
734;0
735;0
736;0
737;0
738;0
739;0
740;0
741;0
742;0
743;0
744;0
745;0
746;0
747;0
748;0
749;0
750;0
751;0
752;2
753;0
754;0
755;2
756;0
757;0
758;0
759;1
760;0
761;0
762;0
763;0
764;1
765;0
766;1
767;0
768;0
769;0
770;0
771;2
772;2
773;0
774;2
775;1
776;0
777;0
778;2
779;0
780;1
781;0
782;0
783;0
784;0
785;0
786;0
787;0
788;0
789;2
790;1
791;0
792;1
793;2
794;0
795;0
796;0
797;0
798;0
799;0
800;0
801;0
802;2
803;1
804;1
805;0
806;1
807;0
808;1
809;0
810;0
811;2
812;1
813;0
814;0
815;2
816;2
817;2
818;2
819;2
820;2
821;0
822;2
823;0
824;0
825;2
826;2
827;2
828;0
829;0
830;1
831;0
832;0
833;0
834;0
835;0
836;0
837;0
838;0
839;0
840;2
841;0
842;0
843;0
844;0
845;0
846;0
847;0
848;0
849;0
850;0
851;0
852;0
853;0
854;1
855;0
856;0
857;1
858;2
859;0
860;0
861;1
862;0
863;0
864;0
865;1
866;0
867;0
868;0
869;0
870;0
871;0
872;0
873;0
874;0
875;0
876;2
877;1
878;2
879;2
880;1
881;1
882;0
883;0
884;0
885;0
886;0
887;2
888;0
889;0
890;1
891;0
892;1
893;0
894;0
895;0
896;0
897;0
898;0
899;1
900;0
901;0
902;0
903;0
904;2
905;2
906;2
907;2
908;2
909;0
910;0
911;0
912;1
913;0
914;0
915;0
916;0
917;2
918;2
919;2
920;1
921;0
922;0
923;0
924;0
925;2
926;0
927;0
928;0
929;2
930;2
931;0
932;0
933;1
934;0
935;0
936;0
937;0
938;1
939;1
940;1
941;0
942;0
943;1
944;2
945;0
946;2
947;1
948;1
949;1
950;2
951;0
952;0
953;0
954;0
955;2
956;2
957;0
958;0
959;2
960;2
961;0
962;0
963;0
964;2
965;0
966;0
967;0
968;0
969;0
970;2
971;1
972;0
973;0
974;0
975;1
976;0
977;0
978;1
979;0
980;2
981;0
982;0
983;1
984;0
985;0
986;0
987;0
988;2
989;1
990;0
991;1
992;0
993;2
994;2
995;2
996;1
997;0
998;0
999;0
1000;0
1001;0
1002;0
1003;1
1004;2
1005;0
1006;0
1007;1
1008;0
1009;2
1010;0
1011;0
1012;0
1013;1
1014;1
1015;1
1016;0
1017;0
1018;0
1019;0
1020;0
1021;0
1022;0
1023;0
