0;1
1;0
2;0
3;2
4;1
5;1
6;0
7;2
8;1
9;0
10;2
11;0
12;2
13;0
14;0
15;2
16;0
17;1
18;0
19;0
20;2
21;0
22;0
23;2
24;0
25;0
26;0
27;0
28;1
29;0
30;2
31;2
32;2
33;0
34;2
35;2
36;2
37;0
38;2
39;0
40;2
41;0
42;0
43;0
44;2
45;0
46;0
47;0
48;0
49;0
50;0
51;1
52;0
53;0
54;0
55;2
56;2
57;0
58;0
59;0
60;0
61;2
62;1
63;0
64;0
65;1
66;0
67;0
68;0
69;0
70;0
71;0
72;1
73;0
74;0
75;0
76;1
77;0
78;0
79;0
80;0
81;0
82;1
83;0
84;2
85;1
86;0
87;0
88;0
89;2
90;0
91;2
92;0
93;0
94;0
95;2
96;1
97;0
98;2
99;2
100;1
101;0
102;0
103;2
104;1
105;0
106;1
107;1
108;0
109;0
110;2
111;0
112;2
113;0
114;0
115;0
116;0
117;0
118;2
119;2
120;0
121;0
122;0
123;0
124;0
125;2
126;0
127;0
128;0
129;0
130;1
131;0
132;2
133;0
134;1
135;0
136;2
137;2
138;0
139;0
140;0
141;0
142;0
143;0
144;0
145;2
146;0
147;0
148;1
149;0
150;1
151;0
152;0
153;0
154;2
155;2
156;0
157;0
158;1
159;0
160;2
161;0
162;0
163;0
164;1
165;0
166;2
167;0
168;2
169;0
170;0
171;2
172;0
173;0
174;0
175;0
176;0
177;0
178;0
179;2
180;0
181;1
182;0
183;2
184;0
185;0
186;0
187;2
188;2
189;0
190;2
191;2
192;2
193;0
194;0
195;0
196;2
197;0
198;0
199;0
200;0
201;0
202;1
203;2
204;2
205;2
206;1
207;0
208;0
209;0
210;1
211;0
212;0
213;0
214;0
215;0
216;0
217;0
218;0
219;0
220;0
221;2
222;0
223;0
224;0
225;0
226;1
227;0
228;1
229;0
230;1
231;0
232;1
233;0
234;0
235;0
236;2
237;0
238;0
239;2
240;2
241;1
242;0
243;2
244;1
245;0
246;0
247;1
248;0
249;2
250;1
251;0
252;0
253;0
254;2
255;2
256;2
257;0
258;0
259;0
260;0
261;0
262;0
263;0
264;0
265;0
266;0
267;2
268;1
269;0
270;2
271;1
272;0
273;0
274;2
275;2
276;4
277;0
278;2
279;2
280;0
281;2
282;2
283;0
284;1
285;0
286;0
287;0
288;2
289;0
290;0
291;0
292;0
293;0
294;0
295;0
296;1
297;0
298;0
299;2
300;1
301;0
302;0
303;0
304;4
305;0
306;2
307;1
308;0
309;0
310;2
311;0
312;2
313;0
314;2
315;0
316;0
317;0
318;0
319;0
320;0
321;0
322;0
323;0
324;0
325;0
326;0
327;1
328;0
329;0
330;0
331;0
332;4
333;0
334;0
335;0
336;2
337;0
338;1
339;2
340;2
341;2
342;1
343;0
344;1
345;0
346;0
347;0
348;2
349;2
350;1
351;0
352;1
353;2
354;2
355;2
356;2
357;0
358;1
359;0
360;1
361;0
362;1
363;0
364;0
365;0
366;1
367;0
368;0
369;0
370;0
371;2
372;4
373;0
374;2
375;2
376;2
377;0
378;0
379;0
380;2
381;2
382;1
383;0
384;2
385;0
386;0
387;0
388;2
389;0
390;2
391;0
392;2
393;2
394;1
395;0
396;0
397;1
398;0
399;0
400;0
401;0
402;0
403;0
404;0
405;0
406;2
407;2
408;2
409;0
410;0
411;0
412;2
413;1
414;0
415;2
416;0
417;0
418;2
419;0
420;1
421;0
422;0
423;0
424;0
425;2
426;1
427;0
428;1
429;0
430;2
431;1
432;1
433;0
434;1
435;2
436;2
437;0
438;2
439;2
440;2
441;0
442;2
443;0
444;1
445;0
446;0
447;0
448;0
449;2
450;0
451;0
452;0
453;0
454;0
455;2
456;1
457;0
458;0
459;0
460;1
461;0
462;1
463;0
464;1
465;0
466;0
467;1
468;4
469;2
470;2
471;2
472;2
473;0
474;0
475;0
476;2
477;2
478;0
479;1
480;0
481;0
482;0
483;0
484;0
485;0
486;2
487;0
488;2
489;0
490;2
491;2
492;0
493;0
494;2
495;0
496;0
497;0
498;0
499;2
500;0
501;0
502;1
503;0
504;2
505;2
506;1
507;0
508;2
509;1
510;0
511;0
512;0
513;1
514;1
515;0
516;0
517;0
518;1
519;0
520;1
521;0
522;0
523;2
524;1
525;0
526;2
527;0
528;0
529;0
530;2
531;2
532;1
533;0
534;0
535;2
536;1
537;0
538;2
539;2
540;2
541;0
542;2
543;0
544;0
545;0
546;0
547;0
548;1
549;0
550;2
551;2
552;1
553;1
554;0
555;2
556;2
557;0
558;2
559;1
560;0
561;0
562;0
563;0
564;0
565;0
566;0
567;1
568;0
569;2
570;1
571;0
572;1
573;0
574;0
575;2
576;0
577;0
578;0
579;1
580;0
581;0
582;2
583;0
584;1
585;0
586;0
587;0
588;0
589;0
590;0
591;0
592;0
593;2
594;2
595;0
596;1
597;0
598;0
599;1
600;0
601;0
602;0
603;0
604;1
605;2
606;2
607;2
608;2
609;0
610;2
611;0
612;1
613;0
614;0
615;0
616;1
617;0
618;0
619;0
620;0
621;0
622;0
623;2
624;4
625;0
626;2
627;2
628;2
629;0
630;0
631;0
632;2
633;0
634;1
635;0
636;2
637;2
638;2
639;0
640;0
641;1
642;0
643;0
644;2
645;0
646;0
647;0
648;0
649;1
650;0
651;0
652;0
653;0
654;0
655;0
656;0
657;0
658;2
659;2
660;2
661;0
662;0
663;0
664;2
665;0
666;0
667;0
668;1
669;0
670;0
671;2
672;1
673;0
674;1
675;0
676;1
677;0
678;2
679;2
680;1
681;2
682;2
683;2
684;2
685;0
686;2
687;1
688;0
689;0
690;2
691;0
692;1
693;0
694;0
695;0
696;0
697;1
698;0
699;0
700;0
701;0
702;1
703;0
704;0
705;0
706;0
707;0
708;0
709;0
710;2
711;2
712;1
713;0
714;0
715;2
716;2
717;0
718;2
719;2
720;2
721;0
722;2
723;0
724;2
725;0
726;0
727;0
728;0
729;2
730;2
731;0
732;0
733;2
734;0
735;0
736;0
737;2
738;0
739;0
740;0
741;2
742;1
743;0
744;1
745;0
746;0
747;0
748;0
749;0
750;0
751;0
752;0
753;0
754;0
755;0
756;0
757;0
758;2
759;2
760;0
761;0
762;0
763;0
764;2
765;1
766;0
767;0
768;0
769;0
770;1
771;0
772;0
773;0
774;2
775;0
776;1
777;0
778;2
779;0
780;0
781;0
782;2
783;1
784;0
785;0
786;0
787;2
788;4
789;0
790;2
791;2
792;1
793;0
794;0
795;0
796;1
797;1
798;1
799;0
800;0
801;1
802;0
803;0
804;0
805;0
806;0
807;0
808;1
809;0
810;0
811;0
812;0
813;2
814;2
815;2
816;0
817;0
818;0
819;0
820;0
821;0
822;0
823;0
824;0
825;2
826;0
827;0
828;0
829;0
830;0
831;2
832;1
833;0
834;0
835;0
836;0
837;2
838;0
839;0
840;0
841;0
842;1
843;0
844;2
845;0
846;0
847;0
848;0
849;0
850;1
851;2
852;2
853;1
854;1
855;0
856;0
857;0
858;0
859;0
860;2
861;0
862;0
863;2
864;1
865;0
866;2
867;2
868;1
869;0
870;0
871;2
872;4
873;2
874;2
875;2
876;0
877;0
878;0
879;0
880;2
881;0
882;0
883;0
884;1
885;0
886;0
887;1
888;0
889;0
890;0
891;0
892;1
893;0
894;2
895;2
896;1
897;2
898;2
899;0
900;2
901;2
902;2
903;2
904;2
905;0
906;0
907;0
908;0
909;2
910;2
911;0
912;0
913;0
914;0
915;1
916;0
917;0
918;0
919;2
920;1
921;0
922;2
923;1
924;0
925;0
926;0
927;2
928;1
929;0
930;2
931;2
932;0
933;0
934;0
935;0
936;2
937;0
938;2
939;0
940;0
941;0
942;0
943;0
944;0
945;1
946;2
947;2
948;2
949;0
950;1
951;0
952;1
953;0
954;0
955;0
956;0
957;1
958;0
959;0
960;0
961;0
962;0
963;0
964;0
965;0
966;2
967;0
968;0
969;2
970;2
971;1
972;0
973;1
974;0
975;0
976;0
977;2
978;2
979;2
980;1
981;1
982;0
983;0
984;2
985;0
986;0
987;0
988;0
989;0
990;0
991;0
992;2
993;2
994;0
995;2
996;1
997;0
998;0
999;0
1000;0
1001;0
1002;0
1003;2
1004;1
1005;0
1006;2
1007;1
1008;0
1009;0
1010;2
1011;0
1012;1
1013;0
1014;1
1015;0
1016;0
1017;0
1018;0
1019;0
1020;0
1021;0
1022;0
1023;0
