0;1
1;0
2;0
3;2
4;2
5;0
6;2
7;2
8;2
9;0
10;2
11;0
12;2
13;0
14;0
15;0
16;0
17;2
18;1
19;0
20;1
21;0
22;2
23;2
24;1
25;0
26;2
27;2
28;2
29;0
30;0
31;2
32;0
33;0
34;0
35;0
36;0
37;0
38;0
39;1
40;0
41;0
42;0
43;0
44;2
45;0
46;0
47;1
48;0
49;0
50;0
51;0
52;0
53;0
54;0
55;0
56;1
57;1
58;0
59;2
60;1
61;0
62;0
63;0
64;0
65;0
66;0
67;2
68;1
69;0
70;0
71;2
72;0
73;0
74;0
75;0
76;0
77;0
78;0
79;0
80;2
81;0
82;2
83;0
84;1
85;0
86;0
87;0
88;0
89;2
90;2
91;2
92;1
93;0
94;0
95;1
96;0
97;0
98;0
99;1
100;0
101;0
102;1
103;0
104;0
105;0
106;0
107;0
108;0
109;1
110;1
111;0
112;0
113;0
114;2
115;2
116;1
117;0
118;0
119;0
120;2
121;0
122;2
123;2
124;2
125;0
126;0
127;0
128;0
129;0
130;0
131;1
132;0
133;2
134;1
135;0
136;1
137;0
138;0
139;0
140;2
141;0
142;2
143;0
144;2
145;0
146;0
147;0
148;0
149;2
150;2
151;2
152;0
153;0
154;0
155;0
156;0
157;1
158;0
159;0
160;0
161;0
162;2
163;0
164;0
165;0
166;0
167;1
168;0
169;0
170;0
171;1
172;0
173;0
174;0
175;0
176;0
177;0
178;0
179;0
180;0
181;0
182;0
183;0
184;2
185;1
186;0
187;0
188;2
189;0
190;0
191;1
192;0
193;0
194;0
195;1
196;2
197;1
198;0
199;0
200;2
201;0
202;2
203;0
204;0
205;0
206;0
207;0
208;0
209;0
210;0
211;0
212;0
213;2
214;2
215;1
216;0
217;0
218;0
219;2
220;4
221;0
222;2
223;0
224;2
225;0
226;2
227;0
228;2
229;2
230;2
231;2
232;0
233;2
234;2
235;1
236;0
237;0
238;0
239;0
240;0
241;0
242;0
243;0
244;0
245;2
246;1
247;0
248;2
249;2
250;0
251;2
252;0
253;0
254;2
255;2
256;2
257;0
258;0
259;0
260;1
261;0
262;2
263;1
264;0
265;0
266;0
267;2
268;2
269;2
270;1
271;0
272;1
273;0
274;0
275;0
276;0
277;1
278;0
279;0
280;0
281;0
282;0
283;0
284;2
285;0
286;0
287;0
288;0
289;0
290;0
291;0
292;1
293;0
294;2
295;2
296;1
297;0
298;0
299;2
300;4
301;0
302;2
303;2
304;0
305;0
306;2
307;0
308;2
309;0
310;0
311;1
312;0
313;0
314;0
315;0
316;2
317;0
318;0
319;0
320;0
321;0
322;0
323;0
324;0
325;1
326;1
327;0
328;0
329;0
330;0
331;0
332;0
333;0
334;0
335;0
336;1
337;0
338;0
339;1
340;2
341;0
342;0
343;2
344;0
345;2
346;0
347;1
348;0
349;0
350;0
351;0
352;2
353;2
354;0
355;1
356;0
357;0
358;0
359;2
360;2
361;0
362;0
363;1
364;0
365;0
366;0
367;1
368;0
369;0
370;0
371;0
372;4
373;0
374;0
375;0
376;2
377;2
378;1
379;0
380;1
381;0
382;0
383;0
384;0
385;1
386;0
387;0
388;0
389;0
390;0
391;1
392;0
393;0
394;0
395;1
396;0
397;2
398;2
399;2
400;2
401;0
402;0
403;0
404;0
405;0
406;0
407;0
408;0
409;2
410;2
411;2
412;2
413;0
414;0
415;0
416;0
417;0
418;1
419;1
420;0
421;0
422;0
423;1
424;0
425;0
426;0
427;1
428;0
429;2
430;2
431;0
432;2
433;0
434;2
435;0
436;2
437;0
438;0
439;0
440;1
441;2
442;0
443;0
444;0
445;0
446;0
447;0
448;1
449;0
450;0
451;0
452;2
453;0
454;0
455;0
456;2
457;0
458;0
459;0
460;0
461;0
462;0
463;1
464;0
465;2
466;0
467;0
468;0
469;1
470;0
471;0
472;2
473;0
474;0
475;2
476;1
477;1
478;0
479;2
480;2
481;2
482;2
483;1
484;0
485;0
486;0
487;2
488;0
489;2
490;0
491;0
492;0
493;2
494;0
495;1
496;0
497;0
498;0
499;1
500;0
501;0
502;0
503;0
504;0
505;2
506;2
507;2
508;1
509;0
510;2
511;2
512;1
513;0
514;0
515;2
516;2
517;0
518;2
519;2
520;2
521;0
522;0
523;2
524;1
525;2
526;0
527;1
528;0
529;0
530;0
531;1
532;0
533;1
534;2
535;0
536;0
537;0
538;0
539;0
540;0
541;2
542;0
543;0
544;0
545;0
546;0
547;0
548;0
549;0
550;0
551;2
552;0
553;2
554;2
555;2
556;1
557;2
558;2
559;0
560;2
561;0
562;0
563;1
564;1
565;0
566;0
567;0
568;0
569;0
570;0
571;0
572;1
573;0
574;2
575;0
576;0
577;1
578;0
579;0
580;0
581;2
582;0
583;1
584;0
585;0
586;1
587;0
588;2
589;0
590;0
591;0
592;0
593;0
594;0
595;0
596;0
597;0
598;0
599;1
600;0
601;0
602;2
603;0
604;1
605;0
606;0
607;2
608;0
609;0
610;2
611;2
612;2
613;0
614;2
615;0
616;1
617;2
618;0
619;2
620;2
621;1
622;0
623;0
624;0
625;0
626;0
627;0
628;0
629;0
630;0
631;0
632;1
633;0
634;0
635;0
636;0
637;0
638;0
639;0
640;2
641;0
642;2
643;1
644;0
645;0
646;0
647;2
648;0
649;2
650;2
651;2
652;2
653;0
654;0
655;0
656;0
657;0
658;0
659;0
660;0
661;0
662;0
663;1
664;0
665;2
666;0
667;0
668;2
669;0
670;0
671;1
672;0
673;0
674;0
675;0
676;0
677;1
678;0
679;0
680;1
681;0
682;0
683;0
684;0
685;0
686;0
687;0
688;1
689;2
690;0
691;0
692;1
693;0
694;0
695;0
696;1
697;0
698;0
699;0
700;0
701;0
702;0
703;0
704;0
705;0
706;0
707;2
708;1
709;0
710;0
711;2
712;4
713;0
714;2
715;2
716;2
717;2
718;0
719;0
720;2
721;0
722;2
723;1
724;0
725;1
726;0
727;0
728;0
729;0
730;0
731;2
732;1
733;1
734;0
735;0
736;0
737;0
738;0
739;0
740;1
741;0
742;0
743;0
744;0
745;0
746;0
747;0
748;0
749;0
750;2
751;1
752;0
753;0
754;2
755;2
756;1
757;0
758;2
759;2
760;1
761;0
762;0
763;2
764;4
765;0
766;2
767;1
768;2
769;0
770;2
771;0
772;2
773;0
774;0
775;0
776;2
777;0
778;0
779;0
780;2
781;1
782;1
783;0
784;0
785;1
786;0
787;2
788;2
789;0
790;0
791;1
792;0
793;0
794;0
795;0
796;0
797;0
798;0
799;1
800;0
801;2
802;0
803;0
804;0
805;2
806;2
807;1
808;0
809;0
810;0
811;0
812;0
813;2
814;0
815;2
816;1
817;0
818;0
819;1
820;0
821;0
822;1
823;2
824;2
825;0
826;0
827;0
828;0
829;1
830;0
831;0
832;4
833;2
834;4
835;2
836;2
837;2
838;2
839;2
840;1
841;0
842;2
843;0
844;2
845;0
846;2
847;2
848;0
849;0
850;2
851;0
852;0
853;0
854;0
855;0
856;0
857;2
858;0
859;0
860;0
861;0
862;0
863;0
864;1
865;0
866;0
867;0
868;0
869;0
870;0
871;0
872;2
873;0
874;0
875;0
876;0
877;0
878;0
879;0
880;0
881;0
882;2
883;2
884;1
885;0
886;0
887;1
888;0
889;0
890;0
891;0
892;2
893;2
894;0
895;0
896;2
897;0
898;1
899;0
900;0
901;0
902;0
903;1
904;0
905;2
906;0
907;0
908;2
909;0
910;2
911;1
912;0
913;0
914;0
915;2
916;1
917;0
918;0
919;0
920;0
921;2
922;1
923;0
924;1
925;0
926;0
927;0
928;2
929;1
930;2
931;1
932;1
933;0
934;0
935;0
936;0
937;0
938;2
939;2
940;1
941;0
942;0
943;1
944;2
945;2
946;2
947;1
948;0
949;0
950;2
951;0
952;2
953;0
954;0
955;1
956;0
957;1
958;2
959;0
960;0
961;1
962;0
963;0
964;1
965;0
966;2
967;2
968;0
969;2
970;0
971;0
972;0
973;0
974;0
975;0
976;2
977;0
978;2
979;0
980;1
981;0
982;0
983;2
984;0
985;0
986;0
987;0
988;0
989;0
990;0
991;0
992;0
993;1
994;0
995;0
996;0
997;1
998;0
999;2
1000;0
1001;0
1002;1
1003;0
1004;2
1005;0
1006;1
1007;0
1008;0
1009;0
1010;0
1011;1
1012;0
1013;0
1014;1
1015;0
1016;0
1017;0
1018;0
1019;0
1020;0
1021;0
1022;0
1023;0
