0;2
1;0
2;0
3;1
4;2
5;0
6;2
7;1
8;2
9;0
10;0
11;2
12;2
13;0
14;0
15;0
16;4
17;2
18;2
19;2
20;1
21;0
22;1
23;2
24;1
25;0
26;0
27;2
28;2
29;0
30;0
31;2
32;0
33;2
34;0
35;0
36;0
37;0
38;0
39;0
40;1
41;0
42;1
43;0
44;0
45;0
46;0
47;0
48;0
49;0
50;0
51;0
52;0
53;0
54;0
55;0
56;0
57;1
58;0
59;2
60;1
61;0
62;0
63;0
64;0
65;0
66;0
67;0
68;0
69;0
70;1
71;0
72;0
73;0
74;0
75;0
76;0
77;0
78;0
79;0
80;1
81;0
82;2
83;0
84;1
85;2
86;0
87;0
88;0
89;0
90;2
91;2
92;2
93;0
94;0
95;0
96;0
97;0
98;2
99;0
100;0
101;0
102;1
103;0
104;0
105;0
106;0
107;2
108;0
109;2
110;0
111;0
112;0
113;1
114;0
115;2
116;0
117;0
118;0
119;0
120;0
121;1
122;1
123;0
124;1
125;0
126;0
127;0
128;0
129;2
130;2
131;0
132;1
133;0
134;0
135;0
136;0
137;0
138;2
139;2
140;1
141;0
142;0
143;0
144;0
145;0
146;0
147;0
148;0
149;0
150;2
151;0
152;2
153;0
154;0
155;0
156;0
157;0
158;0
159;0
160;0
161;0
162;2
163;2
164;1
165;0
166;0
167;2
168;1
169;0
170;2
171;2
172;2
173;0
174;0
175;0
176;2
177;1
178;0
179;0
180;0
181;0
182;2
183;0
184;1
185;0
186;0
187;2
188;0
189;0
190;2
191;2
192;1
193;0
194;0
195;0
196;1
197;0
198;0
199;0
200;2
201;0
202;0
203;1
204;2
205;2
206;2
207;2
208;0
209;0
210;2
211;0
212;0
213;0
214;0
215;0
216;0
217;0
218;0
219;0
220;0
221;0
222;0
223;2
224;1
225;0
226;0
227;0
228;0
229;2
230;2
231;2
232;0
233;0
234;0
235;0
236;0
237;0
238;0
239;0
240;0
241;2
242;2
243;1
244;0
245;0
246;0
247;2
248;0
249;0
250;1
251;0
252;0
253;0
254;0
255;0
256;2
257;0
258;2
259;1
260;0
261;0
262;0
263;0
264;2
265;0
266;0
267;2
268;0
269;0
270;0
271;0
272;0
273;1
274;0
275;0
276;0
277;0
278;0
279;0
280;1
281;0
282;2
283;2
284;1
285;0
286;0
287;2
288;2
289;0
290;2
291;2
292;2
293;0
294;2
295;0
296;1
297;0
298;2
299;0
300;0
301;0
302;0
303;0
304;2
305;0
306;0
307;0
308;0
309;0
310;0
311;0
312;0
313;1
314;2
315;0
316;0
317;0
318;0
319;0
320;0
321;0
322;1
323;0
324;2
325;0
326;0
327;1
328;1
329;0
330;0
331;0
332;2
333;0
334;0
335;0
336;0
337;0
338;0
339;0
340;2
341;2
342;0
343;0
344;2
345;0
346;0
347;1
348;2
349;0
350;0
351;0
352;0
353;0
354;0
355;0
356;0
357;0
358;1
359;0
360;4
361;0
362;0
363;0
364;2
365;2
366;2
367;2
368;1
369;0
370;0
371;0
372;2
373;1
374;0
375;0
376;0
377;0
378;0
379;0
380;0
381;0
382;0
383;0
384;0
385;0
386;2
387;0
388;0
389;0
390;0
391;2
392;2
393;0
394;2
395;2
396;2
397;0
398;2
399;0
400;0
401;2
402;1
403;0
404;0
405;0
406;2
407;0
408;2
409;0
410;2
411;0
412;2
413;0
414;0
415;0
416;0
417;0
418;2
419;0
420;0
421;0
422;2
423;2
424;0
425;2
426;2
427;0
428;0
429;0
430;2
431;0
432;0
433;0
434;0
435;0
436;1
437;0
438;0
439;0
440;0
441;0
442;2
443;2
444;0
445;0
446;2
447;0
448;2
449;0
450;2
451;2
452;0
453;0
454;0
455;0
456;0
457;0
458;0
459;0
460;0
461;0
462;0
463;0
464;0
465;2
466;2
467;2
468;2
469;0
470;2
471;0
472;0
473;0
474;0
475;0
476;2
477;2
478;0
479;2
480;0
481;2
482;1
483;0
484;0
485;2
486;0
487;0
488;0
489;0
490;0
491;0
492;0
493;0
494;2
495;2
496;1
497;2
498;0
499;2
500;2
501;0
502;2
503;2
504;2
505;0
506;2
507;0
508;0
509;2
510;2
511;1
512;0
513;0
514;0
515;0
516;2
517;0
518;0
519;0
520;0
521;0
522;0
523;0
524;0
525;0
526;0
527;0
528;0
529;0
530;0
531;0
532;0
533;0
534;0
535;0
536;0
537;0
538;0
539;0
540;0
541;2
542;0
543;0
544;0
545;0
546;0
547;0
548;0
549;0
550;0
551;0
552;0
553;2
554;2
555;0
556;2
557;0
558;2
559;0
560;0
561;2
562;0
563;1
564;0
565;0
566;0
567;0
568;0
569;0
570;0
571;0
572;1
573;0
574;0
575;0
576;0
577;1
578;0
579;0
580;2
581;0
582;0
583;0
584;0
585;0
586;0
587;0
588;0
589;0
590;0
591;0
592;0
593;0
594;0
595;0
596;0
597;1
598;0
599;0
600;0
601;1
602;0
603;0
604;1
605;0
606;0
607;2
608;2
609;0
610;2
611;2
612;2
613;0
614;1
615;0
616;0
617;2
618;0
619;0
620;2
621;2
622;1
623;0
624;0
625;0
626;0
627;0
628;0
629;0
630;0
631;2
632;0
633;0
634;0
635;0
636;1
637;1
638;0
639;0
640;0
641;0
642;0
643;0
644;1
645;0
646;0
647;0
648;0
649;0
650;0
651;0
652;0
653;2
654;0
655;0
656;0
657;0
658;0
659;0
660;1
661;0
662;0
663;0
664;2
665;1
666;0
667;0
668;4
669;0
670;0
671;0
672;0
673;2
674;2
675;2
676;2
677;0
678;0
679;0
680;0
681;0
682;0
683;0
684;1
685;0
686;0
687;0
688;0
689;0
690;0
691;0
692;0
693;0
694;1
695;0
696;0
697;0
698;2
699;2
700;2
701;1
702;0
703;0
704;0
705;0
706;0
707;2
708;1
709;0
710;2
711;1
712;0
713;0
714;0
715;2
716;4
717;0
718;2
719;0
720;0
721;0
722;0
723;0
724;2
725;0
726;1
727;0
728;0
729;0
730;2
731;0
732;0
733;0
734;0
735;0
736;0
737;0
738;0
739;0
740;0
741;0
742;0
743;1
744;0
745;0
746;2
747;1
748;0
749;2
750;0
751;0
752;0
753;0
754;0
755;2
756;2
757;1
758;1
759;0
760;0
761;2
762;2
763;2
764;2
765;0
766;0
767;0
768;0
769;0
770;0
771;0
772;1
773;0
774;0
775;0
776;0
777;2
778;0
779;2
780;0
781;0
782;2
783;2
784;1
785;0
786;0
787;0
788;0
789;2
790;0
791;2
792;2
793;2
794;0
795;0
796;0
797;0
798;0
799;0
800;0
801;0
802;0
803;1
804;0
805;0
806;0
807;0
808;0
809;1
810;0
811;1
812;0
813;0
814;1
815;0
816;1
817;0
818;1
819;0
820;2
821;0
822;2
823;2
824;0
825;0
826;1
827;0
828;0
829;0
830;0
831;0
832;0
833;2
834;1
835;0
836;1
837;0
838;0
839;0
840;0
841;0
842;0
843;0
844;0
845;0
846;0
847;0
848;2
849;0
850;0
851;0
852;0
853;1
854;0
855;0
856;0
857;2
858;2
859;2
860;2
861;0
862;2
863;0
864;0
865;0
866;0
867;0
868;0
869;2
870;0
871;0
872;0
873;0
874;1
875;2
876;0
877;2
878;2
879;2
880;2
881;0
882;0
883;0
884;2
885;0
886;2
887;1
888;0
889;0
890;0
891;0
892;0
893;0
894;1
895;0
896;2
897;2
898;1
899;0
900;2
901;0
902;0
903;0
904;2
905;1
906;1
907;0
908;1
909;0
910;0
911;1
912;0
913;1
914;0
915;2
916;1
917;0
918;2
919;2
920;1
921;0
922;0
923;2
924;4
925;0
926;2
927;2
928;2
929;0
930;2
931;0
932;2
933;0
934;0
935;0
936;2
937;0
938;0
939;0
940;0
941;0
942;0
943;0
944;0
945;0
946;2
947;0
948;1
949;0
950;0
951;2
952;2
953;0
954;2
955;2
956;2
957;0
958;2
959;0
960;2
961;0
962;0
963;0
964;0
965;0
966;0
967;0
968;0
969;0
970;2
971;2
972;2
973;0
974;0
975;0
976;2
977;1
978;0
979;1
980;0
981;0
982;0
983;0
984;0
985;0
986;0
987;2
988;0
989;0
990;0
991;0
992;2
993;2
994;1
995;0
996;2
997;0
998;0
999;0
1000;0
1001;0
1002;0
1003;0
1004;0
1005;0
1006;0
1007;0
1008;0
1009;0
1010;0
1011;0
1012;0
1013;0
1014;0
1015;0
1016;0
1017;0
1018;0
1019;0
1020;0
1021;0
1022;0
1023;0
