0;0
1;0
2;0
3;2
4;4
5;0
6;0
7;2
8;2
9;1
10;2
11;0
12;1
13;0
14;0
15;0
16;0
17;1
18;0
19;2
20;0
21;2
22;0
23;2
24;1
25;0
26;0
27;0
28;2
29;0
30;0
31;0
32;1
33;2
34;2
35;0
36;1
37;0
38;2
39;2
40;2
41;0
42;0
43;2
44;4
45;0
46;2
47;2
48;2
49;0
50;2
51;0
52;2
53;2
54;0
55;0
56;2
57;0
58;0
59;0
60;0
61;2
62;0
63;0
64;0
65;0
66;0
67;0
68;0
69;0
70;0
71;0
72;1
73;1
74;0
75;2
76;0
77;0
78;0
79;0
80;0
81;0
82;0
83;0
84;4
85;0
86;0
87;0
88;2
89;2
90;2
91;2
92;2
93;0
94;0
95;0
96;0
97;0
98;1
99;2
100;1
101;0
102;0
103;2
104;1
105;0
106;1
107;0
108;0
109;0
110;0
111;0
112;0
113;0
114;1
115;0
116;0
117;0
118;1
119;0
120;0
121;0
122;0
123;0
124;0
125;2
126;1
127;0
128;2
129;2
130;0
131;0
132;0
133;0
134;1
135;0
136;2
137;0
138;2
139;0
140;0
141;2
142;2
143;1
144;2
145;0
146;0
147;0
148;0
149;0
150;0
151;0
152;1
153;0
154;0
155;0
156;1
157;0
158;0
159;0
160;0
161;2
162;2
163;0
164;0
165;1
166;0
167;0
168;0
169;2
170;1
171;0
172;0
173;0
174;0
175;2
176;0
177;0
178;0
179;0
180;0
181;0
182;2
183;2
184;2
185;0
186;0
187;0
188;0
189;0
190;2
191;2
192;0
193;0
194;0
195;0
196;2
197;0
198;2
199;2
200;2
201;0
202;0
203;0
204;0
205;0
206;0
207;2
208;0
209;0
210;0
211;0
212;0
213;0
214;0
215;0
216;0
217;0
218;0
219;0
220;0
221;0
222;0
223;1
224;0
225;0
226;0
227;0
228;0
229;0
230;2
231;0
232;2
233;0
234;0
235;0
236;0
237;2
238;0
239;0
240;0
241;2
242;0
243;0
244;2
245;0
246;0
247;0
248;0
249;2
250;0
251;2
252;1
253;0
254;0
255;1
256;0
257;0
258;2
259;0
260;0
261;0
262;0
263;2
264;0
265;0
266;0
267;2
268;2
269;0
270;0
271;2
272;2
273;0
274;2
275;0
276;1
277;0
278;0
279;0
280;0
281;0
282;0
283;0
284;0
285;2
286;2
287;2
288;0
289;2
290;1
291;0
292;2
293;0
294;0
295;0
296;0
297;0
298;0
299;0
300;2
301;0
302;0
303;1
304;0
305;1
306;0
307;0
308;0
309;0
310;0
311;0
312;0
313;0
314;2
315;0
316;1
317;0
318;2
319;0
320;1
321;0
322;0
323;0
324;2
325;2
326;2
327;1
328;0
329;1
330;0
331;2
332;4
333;2
334;2
335;0
336;2
337;2
338;2
339;2
340;1
341;0
342;0
343;0
344;1
345;0
346;1
347;0
348;2
349;2
350;0
351;0
352;2
353;0
354;0
355;2
356;0
357;1
358;0
359;0
360;2
361;2
362;1
363;0
364;0
365;2
366;1
367;0
368;0
369;2
370;2
371;0
372;0
373;0
374;1
375;0
376;0
377;0
378;0
379;2
380;0
381;0
382;0
383;0
384;2
385;0
386;0
387;0
388;0
389;0
390;0
391;0
392;0
393;0
394;0
395;0
396;0
397;2
398;2
399;0
400;1
401;0
402;0
403;0
404;2
405;0
406;0
407;0
408;2
409;0
410;0
411;0
412;0
413;0
414;2
415;2
416;0
417;1
418;0
419;2
420;2
421;0
422;0
423;0
424;2
425;1
426;0
427;0
428;2
429;0
430;1
431;0
432;0
433;0
434;0
435;0
436;0
437;2
438;0
439;1
440;0
441;1
442;2
443;2
444;1
445;0
446;0
447;0
448;0
449;0
450;0
451;0
452;1
453;0
454;0
455;0
456;1
457;1
458;0
459;1
460;0
461;0
462;2
463;1
464;0
465;0
466;0
467;0
468;2
469;2
470;1
471;2
472;1
473;0
474;0
475;0
476;0
477;2
478;2
479;2
480;0
481;0
482;0
483;0
484;1
485;1
486;0
487;0
488;2
489;0
490;0
491;0
492;1
493;0
494;0
495;0
496;1
497;1
498;0
499;0
500;0
501;0
502;2
503;0
504;0
505;0
506;0
507;1
508;2
509;0
510;2
511;1
512;2
513;2
514;0
515;1
516;0
517;2
518;2
519;0
520;0
521;0
522;2
523;2
524;0
525;0
526;1
527;0
528;0
529;0
530;0
531;0
532;0
533;0
534;0
535;0
536;0
537;0
538;1
539;2
540;0
541;0
542;0
543;2
544;1
545;0
546;2
547;0
548;0
549;0
550;0
551;0
552;2
553;0
554;2
555;0
556;0
557;0
558;1
559;0
560;0
561;2
562;2
563;1
564;0
565;2
566;1
567;0
568;0
569;0
570;0
571;0
572;2
573;0
574;0
575;0
576;2
577;2
578;0
579;0
580;1
581;0
582;0
583;0
584;0
585;0
586;0
587;0
588;1
589;0
590;0
591;0
592;0
593;0
594;1
595;0
596;2
597;0
598;0
599;0
600;2
601;0
602;0
603;0
604;2
605;0
606;0
607;1
608;0
609;0
610;2
611;1
612;0
613;0
614;0
615;2
616;1
617;2
618;2
619;2
620;0
621;0
622;0
623;0
624;1
625;0
626;0
627;2
628;1
629;0
630;2
631;0
632;1
633;0
634;0
635;0
636;1
637;1
638;0
639;0
640;0
641;0
642;0
643;0
644;0
645;0
646;0
647;0
648;2
649;0
650;0
651;2
652;0
653;0
654;0
655;0
656;0
657;0
658;1
659;0
660;0
661;0
662;0
663;0
664;0
665;0
666;0
667;0
668;0
669;0
670;2
671;2
672;1
673;0
674;0
675;2
676;2
677;0
678;2
679;2
680;2
681;0
682;2
683;0
684;1
685;2
686;1
687;0
688;1
689;0
690;2
691;1
692;1
693;0
694;0
695;2
696;1
697;2
698;2
699;2
700;1
701;1
702;0
703;0
704;2
705;0
706;0
707;0
708;0
709;2
710;2
711;0
712;0
713;2
714;0
715;0
716;2
717;0
718;1
719;0
720;0
721;0
722;0
723;0
724;0
725;0
726;0
727;0
728;1
729;0
730;0
731;0
732;0
733;0
734;0
735;0
736;0
737;0
738;0
739;0
740;0
741;2
742;0
743;0
744;0
745;2
746;2
747;0
748;0
749;0
750;1
751;2
752;0
753;0
754;1
755;0
756;0
757;0
758;1
759;0
760;1
761;0
762;2
763;0
764;0
765;0
766;2
767;0
768;0
769;2
770;0
771;0
772;1
773;0
774;2
775;2
776;0
777;2
778;0
779;2
780;0
781;1
782;0
783;0
784;0
785;2
786;4
787;2
788;0
789;0
790;1
791;0
792;0
793;2
794;2
795;0
796;0
797;0
798;0
799;0
800;2
801;0
802;0
803;1
804;0
805;1
806;0
807;0
808;0
809;0
810;0
811;0
812;0
813;0
814;1
815;0
816;0
817;1
818;0
819;0
820;0
821;2
822;2
823;0
824;1
825;1
826;2
827;0
828;1
829;2
830;1
831;1
832;0
833;0
834;0
835;0
836;2
837;2
838;2
839;2
840;2
841;0
842;2
843;0
844;0
845;2
846;2
847;2
848;1
849;0
850;1
851;0
852;2
853;0
854;2
855;0
856;0
857;0
858;2
859;1
860;0
861;0
862;1
863;0
864;0
865;0
866;0
867;0
868;0
869;2
870;2
871;0
872;0
873;0
874;0
875;0
876;1
877;1
878;0
879;1
880;0
881;0
882;2
883;0
884;0
885;0
886;1
887;0
888;0
889;0
890;2
891;0
892;1
893;0
894;0
895;0
896;0
897;0
898;0
899;1
900;0
901;2
902;0
903;1
904;0
905;0
906;2
907;2
908;2
909;0
910;0
911;2
912;2
913;0
914;2
915;2
916;2
917;0
918;2
919;0
920;0
921;2
922;0
923;0
924;0
925;0
926;0
927;0
928;1
929;1
930;2
931;0
932;0
933;0
934;0
935;2
936;0
937;2
938;0
939;0
940;2
941;0
942;2
943;2
944;2
945;1
946;0
947;0
948;2
949;2
950;1
951;0
952;0
953;2
954;2
955;2
956;2
957;2
958;1
959;0
960;0
961;2
962;2
963;2
964;2
965;0
966;2
967;2
968;0
969;0
970;0
971;0
972;1
973;0
974;0
975;0
976;0
977;1
978;0
979;0
980;2
981;2
982;1
983;0
984;2
985;0
986;0
987;0
988;0
989;0
990;0
991;0
992;2
993;0
994;2
995;2
996;1
997;0
998;0
999;2
1000;0
1001;0
1002;0
1003;0
1004;0
1005;0
1006;0
1007;1
1008;0
1009;0
1010;0
1011;0
1012;1
1013;0
1014;0
1015;0
1016;0
1017;0
1018;0
1019;0
1020;0
1021;0
1022;0
1023;0
