0;0
1;0
2;0
3;2
4;2
5;2
6;2
7;2
8;2
9;0
10;0
11;2
12;0
13;0
14;0
15;0
16;1
17;2
18;0
19;1
20;0
21;2
22;2
23;2
24;1
25;1
26;2
27;2
28;2
29;0
30;0
31;2
32;0
33;0
34;1
35;0
36;0
37;0
38;1
39;0
40;0
41;0
42;0
43;0
44;2
45;0
46;2
47;2
48;1
49;0
50;0
51;1
52;2
53;0
54;0
55;0
56;0
57;1
58;1
59;1
60;1
61;0
62;0
63;0
64;2
65;0
66;2
67;1
68;0
69;0
70;2
71;2
72;1
73;0
74;0
75;0
76;0
77;0
78;0
79;0
80;2
81;0
82;0
83;0
84;1
85;2
86;0
87;0
88;0
89;0
90;2
91;2
92;0
93;0
94;2
95;2
96;1
97;0
98;0
99;0
100;2
101;0
102;0
103;2
104;2
105;0
106;2
107;0
108;1
109;2
110;1
111;0
112;0
113;2
114;0
115;0
116;0
117;0
118;0
119;0
120;0
121;0
122;0
123;0
124;0
125;0
126;2
127;0
128;1
129;0
130;0
131;1
132;0
133;0
134;2
135;2
136;1
137;0
138;2
139;0
140;2
141;2
142;1
143;0
144;1
145;0
146;1
147;0
148;0
149;0
150;0
151;0
152;0
153;0
154;2
155;0
156;2
157;0
158;0
159;0
160;0
161;2
162;2
163;2
164;1
165;0
166;0
167;0
168;0
169;0
170;0
171;0
172;2
173;0
174;2
175;1
176;0
177;0
178;2
179;0
180;2
181;2
182;0
183;2
184;2
185;0
186;0
187;1
188;2
189;0
190;1
191;0
192;0
193;0
194;1
195;0
196;0
197;0
198;2
199;1
200;0
201;0
202;1
203;0
204;1
205;0
206;0
207;2
208;2
209;0
210;2
211;2
212;2
213;0
214;2
215;0
216;1
217;0
218;2
219;1
220;0
221;0
222;1
223;1
224;0
225;2
226;0
227;2
228;1
229;0
230;0
231;2
232;1
233;1
234;0
235;2
236;1
237;0
238;0
239;0
240;2
241;0
242;0
243;1
244;1
245;0
246;2
247;0
248;1
249;0
250;0
251;2
252;4
253;0
254;2
255;2
256;2
257;0
258;2
259;0
260;1
261;1
262;0
263;1
264;0
265;0
266;0
267;1
268;2
269;1
270;0
271;2
272;2
273;0
274;2
275;0
276;0
277;0
278;0
279;0
280;0
281;0
282;0
283;0
284;0
285;0
286;0
287;2
288;0
289;0
290;1
291;0
292;0
293;2
294;2
295;1
296;0
297;0
298;0
299;2
300;0
301;0
302;2
303;0
304;1
305;0
306;0
307;2
308;2
309;0
310;2
311;2
312;2
313;0
314;0
315;0
316;0
317;0
318;0
319;2
320;2
321;2
322;0
323;0
324;0
325;0
326;2
327;1
328;0
329;0
330;0
331;0
332;2
333;0
334;1
335;0
336;0
337;0
338;0
339;0
340;2
341;1
342;0
343;0
344;1
345;0
346;0
347;0
348;0
349;1
350;0
351;0
352;2
353;0
354;0
355;0
356;2
357;0
358;0
359;0
360;2
361;0
362;0
363;0
364;2
365;0
366;2
367;1
368;0
369;0
370;0
371;2
372;1
373;0
374;0
375;2
376;2
377;1
378;0
379;2
380;2
381;0
382;0
383;0
384;0
385;0
386;0
387;0
388;2
389;0
390;2
391;0
392;0
393;0
394;0
395;0
396;0
397;1
398;1
399;0
400;0
401;1
402;0
403;0
404;0
405;0
406;0
407;0
408;1
409;0
410;0
411;0
412;1
413;0
414;0
415;0
416;0
417;0
418;2
419;0
420;4
421;0
422;1
423;0
424;0
425;0
426;2
427;0
428;1
429;0
430;2
431;0
432;0
433;0
434;0
435;0
436;0
437;0
438;2
439;2
440;0
441;0
442;0
443;2
444;2
445;2
446;2
447;1
448;0
449;0
450;2
451;1
452;0
453;0
454;0
455;0
456;2
457;2
458;0
459;0
460;0
461;2
462;0
463;1
464;0
465;0
466;0
467;0
468;2
469;1
470;0
471;0
472;0
473;0
474;0
475;0
476;0
477;0
478;0
479;1
480;0
481;2
482;0
483;2
484;2
485;1
486;0
487;0
488;0
489;0
490;0
491;0
492;0
493;2
494;2
495;2
496;2
497;0
498;2
499;1
500;0
501;0
502;2
503;1
504;0
505;0
506;0
507;2
508;4
509;0
510;0
511;2
512;2
513;0
514;0
515;0
516;1
517;0
518;1
519;0
520;0
521;2
522;2
523;0
524;2
525;0
526;2
527;0
528;2
529;0
530;0
531;0
532;1
533;2
534;0
535;0
536;0
537;0
538;0
539;0
540;0
541;0
542;0
543;0
544;2
545;0
546;0
547;2
548;2
549;0
550;0
551;0
552;0
553;2
554;2
555;1
556;0
557;0
558;0
559;0
560;2
561;1
562;0
563;2
564;2
565;0
566;2
567;1
568;0
569;0
570;0
571;0
572;0
573;0
574;2
575;2
576;2
577;0
578;0
579;1
580;0
581;2
582;1
583;0
584;2
585;0
586;0
587;1
588;0
589;1
590;0
591;1
592;0
593;0
594;0
595;0
596;0
597;0
598;0
599;2
600;1
601;0
602;0
603;2
604;2
605;2
606;1
607;1
608;2
609;0
610;2
611;2
612;1
613;0
614;0
615;0
616;2
617;0
618;0
619;2
620;0
621;0
622;0
623;0
624;0
625;0
626;2
627;2
628;0
629;0
630;0
631;0
632;0
633;0
634;0
635;0
636;0
637;2
638;0
639;0
640;2
641;2
642;1
643;0
644;2
645;0
646;2
647;0
648;0
649;2
650;0
651;1
652;1
653;0
654;0
655;0
656;0
657;0
658;0
659;0
660;0
661;0
662;0
663;0
664;0
665;0
666;0
667;0
668;4
669;0
670;1
671;0
672;0
673;0
674;0
675;0
676;2
677;0
678;2
679;1
680;0
681;0
682;2
683;2
684;0
685;1
686;0
687;2
688;2
689;2
690;1
691;0
692;0
693;0
694;0
695;0
696;1
697;0
698;0
699;2
700;0
701;0
702;0
703;0
704;0
705;0
706;2
707;1
708;0
709;0
710;0
711;2
712;2
713;0
714;2
715;0
716;2
717;0
718;0
719;0
720;0
721;0
722;1
723;0
724;2
725;1
726;0
727;0
728;0
729;2
730;0
731;1
732;1
733;0
734;0
735;0
736;1
737;0
738;0
739;0
740;0
741;0
742;0
743;0
744;2
745;0
746;2
747;0
748;0
749;0
750;2
751;0
752;0
753;0
754;0
755;2
756;2
757;0
758;0
759;2
760;2
761;0
762;2
763;0
764;1
765;0
766;0
767;2
768;1
769;0
770;0
771;2
772;1
773;0
774;2
775;0
776;0
777;2
778;1
779;2
780;0
781;0
782;2
783;0
784;0
785;2
786;0
787;0
788;4
789;2
790;2
791;1
792;0
793;0
794;0
795;2
796;1
797;0
798;0
799;2
800;1
801;2
802;2
803;1
804;0
805;0
806;2
807;0
808;2
809;0
810;0
811;2
812;2
813;0
814;0
815;0
816;2
817;2
818;1
819;0
820;2
821;0
822;0
823;0
824;0
825;0
826;0
827;0
828;0
829;0
830;0
831;0
832;1
833;0
834;0
835;0
836;0
837;0
838;0
839;0
840;0
841;0
842;0
843;2
844;2
845;1
846;0
847;0
848;0
849;0
850;0
851;0
852;0
853;1
854;0
855;0
856;0
857;2
858;0
859;0
860;0
861;0
862;0
863;2
864;0
865;0
866;1
867;0
868;0
869;0
870;0
871;1
872;0
873;0
874;0
875;2
876;2
877;1
878;0
879;0
880;0
881;2
882;0
883;0
884;0
885;1
886;0
887;0
888;0
889;0
890;2
891;1
892;0
893;0
894;0
895;2
896;1
897;0
898;2
899;1
900;0
901;0
902;2
903;1
904;4
905;0
906;2
907;2
908;2
909;0
910;2
911;0
912;2
913;1
914;0
915;0
916;2
917;2
918;0
919;0
920;0
921;2
922;1
923;0
924;1
925;0
926;0
927;0
928;0
929;0
930;1
931;1
932;2
933;2
934;1
935;0
936;0
937;0
938;0
939;1
940;0
941;0
942;0
943;0
944;0
945;1
946;0
947;0
948;0
949;2
950;2
951;2
952;1
953;0
954;2
955;2
956;1
957;0
958;0
959;0
960;0
961;0
962;2
963;2
964;0
965;0
966;2
967;0
968;0
969;0
970;0
971;0
972;1
973;2
974;0
975;2
976;2
977;2
978;2
979;1
980;0
981;0
982;0
983;0
984;0
985;0
986;2
987;1
988;0
989;0
990;0
991;2
992;4
993;0
994;2
995;2
996;2
997;0
998;2
999;0
1000;2
1001;0
1002;1
1003;0
1004;0
1005;0
1006;0
1007;0
1008;0
1009;0
1010;0
1011;2
1012;1
1013;0
1014;0
1015;0
1016;0
1017;0
1018;0
1019;0
1020;0
1021;0
1022;0
1023;0
