0;0
1;0
2;0
3;2
4;0
5;2
6;1
7;0
8;2
9;0
10;2
11;0
12;0
13;1
14;0
15;0
16;0
17;0
18;0
19;0
20;2
21;0
22;0
23;2
24;0
25;1
26;0
27;1
28;1
29;0
30;0
31;0
32;1
33;0
34;0
35;0
36;0
37;0
38;1
39;0
40;1
41;0
42;0
43;1
44;2
45;0
46;0
47;1
48;0
49;0
50;2
51;0
52;0
53;0
54;0
55;0
56;1
57;0
58;0
59;0
60;1
61;1
62;0
63;0
64;2
65;0
66;0
67;0
68;1
69;0
70;0
71;0
72;1
73;0
74;0
75;1
76;1
77;0
78;1
79;2
80;0
81;0
82;0
83;0
84;1
85;0
86;0
87;0
88;2
89;0
90;0
91;0
92;0
93;1
94;0
95;2
96;2
97;0
98;2
99;2
100;0
101;0
102;0
103;0
104;0
105;0
106;1
107;0
108;1
109;0
110;0
111;2
112;4
113;1
114;0
115;2
116;2
117;0
118;2
119;0
120;2
121;0
122;2
123;0
124;0
125;0
126;0
127;2
128;1
129;0
130;0
131;0
132;2
133;0
134;2
135;1
136;2
137;0
138;0
139;0
140;1
141;0
142;0
143;0
144;2
145;0
146;2
147;0
148;0
149;0
150;0
151;0
152;0
153;0
154;0
155;0
156;1
157;0
158;1
159;0
160;0
161;0
162;0
163;0
164;1
165;0
166;2
167;0
168;2
169;0
170;0
171;0
172;2
173;0
174;0
175;0
176;0
177;2
178;0
179;0
180;0
181;0
182;2
183;1
184;0
185;0
186;1
187;0
188;1
189;1
190;0
191;0
192;0
193;2
194;2
195;0
196;2
197;1
198;0
199;0
200;0
201;0
202;0
203;2
204;0
205;0
206;0
207;0
208;4
209;0
210;2
211;2
212;2
213;0
214;0
215;0
216;1
217;1
218;0
219;0
220;0
221;0
222;0
223;1
224;0
225;0
226;0
227;2
228;1
229;0
230;0
231;0
232;0
233;0
234;0
235;0
236;0
237;2
238;1
239;0
240;1
241;2
242;0
243;1
244;0
245;0
246;0
247;0
248;0
249;0
250;1
251;0
252;0
253;0
254;2
255;0
256;1
257;0
258;0
259;2
260;1
261;0
262;0
263;2
264;2
265;2
266;1
267;2
268;2
269;0
270;2
271;0
272;2
273;0
274;0
275;0
276;0
277;0
278;0
279;0
280;0
281;0
282;0
283;0
284;0
285;0
286;0
287;0
288;0
289;0
290;1
291;0
292;0
293;0
294;0
295;0
296;2
297;0
298;2
299;2
300;2
301;0
302;2
303;2
304;1
305;2
306;1
307;0
308;2
309;2
310;1
311;0
312;0
313;0
314;0
315;0
316;0
317;0
318;0
319;0
320;0
321;0
322;2
323;2
324;2
325;1
326;0
327;2
328;1
329;0
330;2
331;2
332;1
333;0
334;0
335;2
336;1
337;0
338;2
339;2
340;2
341;0
342;0
343;0
344;2
345;1
346;0
347;1
348;0
349;2
350;1
351;0
352;0
353;0
354;0
355;2
356;0
357;0
358;0
359;0
360;0
361;0
362;2
363;0
364;1
365;0
366;0
367;0
368;1
369;0
370;0
371;0
372;0
373;0
374;0
375;1
376;0
377;0
378;0
379;0
380;2
381;0
382;1
383;0
384;0
385;0
386;0
387;0
388;2
389;0
390;1
391;2
392;0
393;1
394;0
395;0
396;0
397;2
398;1
399;0
400;2
401;0
402;0
403;0
404;0
405;0
406;0
407;2
408;1
409;0
410;2
411;0
412;2
413;2
414;2
415;2
416;1
417;0
418;0
419;0
420;0
421;0
422;0
423;2
424;1
425;0
426;0
427;2
428;0
429;0
430;0
431;2
432;2
433;0
434;2
435;0
436;1
437;0
438;1
439;0
440;0
441;0
442;2
443;2
444;1
445;0
446;1
447;0
448;0
449;0
450;0
451;2
452;2
453;2
454;2
455;2
456;2
457;0
458;2
459;0
460;2
461;0
462;2
463;1
464;0
465;0
466;0
467;0
468;1
469;0
470;0
471;0
472;0
473;0
474;1
475;0
476;0
477;0
478;0
479;0
480;2
481;0
482;2
483;2
484;2
485;0
486;2
487;0
488;2
489;0
490;0
491;0
492;0
493;0
494;0
495;0
496;0
497;1
498;0
499;0
500;1
501;0
502;0
503;0
504;0
505;0
506;0
507;0
508;2
509;0
510;2
511;2
512;2
513;0
514;2
515;0
516;2
517;0
518;0
519;1
520;0
521;0
522;0
523;0
524;0
525;0
526;1
527;0
528;0
529;0
530;0
531;0
532;1
533;0
534;2
535;2
536;1
537;0
538;0
539;1
540;1
541;2
542;1
543;0
544;0
545;0
546;0
547;2
548;2
549;0
550;0
551;0
552;0
553;0
554;0
555;0
556;1
557;0
558;0
559;0
560;1
561;0
562;0
563;2
564;4
565;0
566;2
567;2
568;2
569;0
570;0
571;0
572;2
573;2
574;2
575;1
576;0
577;2
578;0
579;0
580;0
581;0
582;1
583;0
584;2
585;1
586;0
587;2
588;0
589;0
590;0
591;0
592;1
593;0
594;0
595;2
596;2
597;0
598;0
599;2
600;2
601;0
602;0
603;0
604;1
605;0
606;0
607;0
608;2
609;0
610;0
611;0
612;0
613;0
614;2
615;0
616;1
617;0
618;2
619;2
620;1
621;0
622;0
623;1
624;0
625;0
626;0
627;2
628;2
629;0
630;0
631;0
632;2
633;1
634;0
635;0
636;1
637;0
638;0
639;2
640;1
641;0
642;0
643;2
644;1
645;0
646;0
647;0
648;0
649;0
650;0
651;0
652;0
653;2
654;1
655;2
656;0
657;0
658;0
659;0
660;2
661;1
662;0
663;2
664;1
665;1
666;0
667;2
668;0
669;2
670;0
671;0
672;2
673;1
674;0
675;0
676;0
677;0
678;1
679;0
680;0
681;0
682;0
683;0
684;1
685;0
686;1
687;1
688;0
689;0
690;0
691;0
692;0
693;0
694;1
695;0
696;0
697;1
698;0
699;0
700;0
701;2
702;2
703;0
704;1
705;0
706;2
707;1
708;1
709;0
710;0
711;2
712;2
713;0
714;2
715;1
716;0
717;0
718;0
719;0
720;0
721;1
722;2
723;0
724;1
725;0
726;1
727;0
728;1
729;0
730;0
731;2
732;2
733;0
734;0
735;2
736;2
737;0
738;2
739;0
740;1
741;0
742;0
743;0
744;1
745;0
746;0
747;0
748;0
749;0
750;0
751;0
752;0
753;0
754;2
755;2
756;1
757;0
758;0
759;0
760;0
761;0
762;2
763;2
764;2
765;1
766;1
767;0
768;0
769;0
770;0
771;0
772;0
773;0
774;1
775;0
776;0
777;0
778;0
779;2
780;2
781;0
782;0
783;2
784;2
785;0
786;2
787;0
788;2
789;0
790;1
791;0
792;2
793;0
794;0
795;2
796;2
797;0
798;0
799;2
800;0
801;0
802;0
803;2
804;1
805;0
806;0
807;2
808;2
809;2
810;2
811;1
812;0
813;0
814;0
815;2
816;0
817;2
818;1
819;0
820;0
821;0
822;0
823;2
824;1
825;0
826;0
827;0
828;0
829;2
830;0
831;0
832;1
833;2
834;0
835;0
836;2
837;0
838;0
839;0
840;1
841;0
842;0
843;2
844;1
845;0
846;0
847;1
848;0
849;0
850;0
851;0
852;0
853;0
854;0
855;2
856;0
857;0
858;0
859;2
860;2
861;0
862;2
863;0
864;2
865;0
866;2
867;0
868;2
869;0
870;1
871;0
872;0
873;0
874;0
875;2
876;0
877;0
878;0
879;0
880;0
881;0
882;0
883;0
884;0
885;0
886;2
887;0
888;0
889;0
890;0
891;0
892;0
893;2
894;0
895;1
896;0
897;1
898;0
899;2
900;1
901;0
902;2
903;2
904;1
905;0
906;0
907;0
908;2
909;0
910;2
911;2
912;0
913;0
914;0
915;0
916;2
917;0
918;0
919;0
920;0
921;0
922;0
923;0
924;0
925;0
926;0
927;0
928;0
929;0
930;2
931;0
932;0
933;0
934;0
935;0
936;2
937;2
938;2
939;2
940;1
941;0
942;0
943;1
944;0
945;0
946;1
947;1
948;0
949;0
950;2
951;0
952;0
953;0
954;0
955;0
956;2
957;1
958;0
959;0
960;1
961;0
962;0
963;0
964;0
965;2
966;2
967;2
968;0
969;0
970;0
971;0
972;0
973;0
974;0
975;0
976;0
977;0
978;0
979;2
980;0
981;1
982;0
983;2
984;2
985;0
986;0
987;1
988;2
989;0
990;2
991;2
992;2
993;0
994;0
995;0
996;2
997;0
998;0
999;0
1000;0
1001;0
1002;0
1003;1
1004;0
1005;0
1006;0
1007;1
1008;0
1009;0
1010;2
1011;1
1012;0
1013;1
1014;0
1015;1
1016;0
1017;0
1018;0
1019;0
1020;0
1021;0
1022;0
1023;0
