0;1
1;0
2;0
3;1
4;4
5;0
6;2
7;2
8;2
9;0
10;2
11;0
12;2
13;0
14;1
15;0
16;0
17;0
18;0
19;2
20;2
21;2
22;0
23;2
24;1
25;0
26;0
27;2
28;2
29;0
30;0
31;0
32;1
33;2
34;1
35;0
36;1
37;0
38;1
39;0
40;1
41;0
42;1
43;0
44;2
45;1
46;1
47;0
48;1
49;0
50;0
51;0
52;1
53;0
54;0
55;0
56;0
57;0
58;0
59;0
60;1
61;1
62;0
63;2
64;0
65;0
66;2
67;0
68;0
69;0
70;0
71;0
72;0
73;0
74;0
75;0
76;2
77;2
78;1
79;0
80;2
81;2
82;0
83;2
84;0
85;0
86;0
87;0
88;2
89;0
90;0
91;2
92;1
93;0
94;0
95;0
96;4
97;0
98;0
99;0
100;0
101;0
102;0
103;0
104;2
105;0
106;0
107;1
108;0
109;0
110;0
111;0
112;0
113;0
114;2
115;0
116;2
117;0
118;0
119;0
120;0
121;2
122;1
123;0
124;0
125;2
126;0
127;0
128;1
129;2
130;0
131;2
132;0
133;0
134;0
135;0
136;0
137;0
138;2
139;0
140;0
141;0
142;2
143;0
144;0
145;0
146;0
147;0
148;0
149;1
150;0
151;0
152;2
153;1
154;0
155;0
156;0
157;0
158;0
159;0
160;0
161;1
162;2
163;1
164;1
165;0
166;0
167;0
168;1
169;2
170;2
171;2
172;2
173;0
174;0
175;0
176;4
177;2
178;1
179;0
180;0
181;0
182;0
183;0
184;1
185;0
186;0
187;0
188;0
189;2
190;2
191;2
192;1
193;0
194;0
195;0
196;2
197;0
198;2
199;4
200;2
201;0
202;0
203;0
204;2
205;1
206;0
207;2
208;2
209;0
210;0
211;0
212;0
213;1
214;2
215;0
216;2
217;0
218;0
219;0
220;2
221;1
222;0
223;0
224;0
225;2
226;2
227;2
228;1
229;0
230;0
231;0
232;0
233;0
234;0
235;0
236;0
237;2
238;0
239;0
240;0
241;2
242;0
243;0
244;0
245;0
246;0
247;0
248;0
249;2
250;0
251;0
252;0
253;0
254;1
255;2
256;0
257;1
258;2
259;0
260;0
261;0
262;1
263;0
264;0
265;0
266;1
267;2
268;0
269;2
270;0
271;0
272;1
273;2
274;2
275;1
276;0
277;0
278;0
279;0
280;2
281;0
282;2
283;0
284;0
285;0
286;0
287;1
288;0
289;0
290;0
291;0
292;0
293;2
294;0
295;0
296;2
297;0
298;0
299;1
300;0
301;1
302;0
303;0
304;0
305;0
306;0
307;0
308;1
309;0
310;0
311;0
312;1
313;0
314;2
315;1
316;0
317;0
318;0
319;0
320;0
321;0
322;0
323;0
324;2
325;1
326;0
327;2
328;2
329;0
330;2
331;0
332;2
333;2
334;0
335;0
336;1
337;0
338;1
339;0
340;1
341;0
342;2
343;0
344;1
345;0
346;0
347;2
348;0
349;2
350;0
351;2
352;0
353;1
354;0
355;0
356;1
357;2
358;2
359;2
360;2
361;0
362;0
363;2
364;1
365;0
366;2
367;0
368;0
369;0
370;0
371;0
372;0
373;0
374;2
375;2
376;0
377;0
378;0
379;0
380;0
381;0
382;0
383;0
384;0
385;0
386;1
387;0
388;0
389;0
390;0
391;0
392;0
393;0
394;2
395;0
396;2
397;2
398;0
399;2
400;1
401;1
402;0
403;0
404;0
405;0
406;0
407;0
408;2
409;0
410;2
411;1
412;2
413;1
414;0
415;0
416;0
417;1
418;0
419;0
420;2
421;1
422;0
423;0
424;2
425;0
426;0
427;0
428;1
429;0
430;1
431;0
432;0
433;2
434;0
435;0
436;0
437;0
438;1
439;0
440;1
441;0
442;0
443;0
444;0
445;0
446;0
447;2
448;1
449;1
450;0
451;2
452;0
453;0
454;2
455;2
456;1
457;0
458;0
459;2
460;2
461;0
462;0
463;2
464;2
465;2
466;2
467;0
468;4
469;0
470;2
471;0
472;1
473;0
474;0
475;0
476;1
477;0
478;0
479;0
480;0
481;0
482;0
483;0
484;2
485;0
486;0
487;0
488;2
489;0
490;0
491;0
492;1
493;0
494;0
495;1
496;0
497;1
498;0
499;0
500;0
501;0
502;0
503;0
504;0
505;0
506;0
507;0
508;0
509;0
510;2
511;2
512;2
513;2
514;0
515;1
516;0
517;2
518;2
519;0
520;1
521;0
522;2
523;2
524;0
525;0
526;0
527;0
528;0
529;0
530;0
531;0
532;0
533;0
534;0
535;0
536;0
537;0
538;1
539;2
540;0
541;0
542;0
543;0
544;1
545;0
546;0
547;1
548;0
549;2
550;1
551;0
552;0
553;2
554;2
555;0
556;0
557;0
558;2
559;1
560;1
561;0
562;0
563;0
564;2
565;0
566;1
567;0
568;0
569;0
570;0
571;0
572;4
573;0
574;0
575;0
576;1
577;0
578;0
579;0
580;2
581;0
582;2
583;2
584;0
585;0
586;0
587;0
588;0
589;0
590;0
591;2
592;0
593;2
594;2
595;2
596;2
597;2
598;2
599;1
600;1
601;0
602;0
603;0
604;1
605;0
606;0
607;0
608;1
609;2
610;0
611;0
612;0
613;0
614;0
615;0
616;2
617;0
618;0
619;0
620;2
621;1
622;0
623;2
624;2
625;0
626;0
627;0
628;1
629;0
630;0
631;2
632;1
633;0
634;0
635;0
636;1
637;0
638;1
639;0
640;1
641;2
642;0
643;0
644;0
645;1
646;0
647;0
648;0
649;0
650;0
651;0
652;2
653;0
654;0
655;2
656;0
657;0
658;2
659;0
660;0
661;0
662;1
663;0
664;0
665;0
666;2
667;0
668;0
669;0
670;0
671;2
672;0
673;0
674;2
675;1
676;0
677;0
678;0
679;0
680;0
681;2
682;0
683;2
684;1
685;0
686;1
687;2
688;0
689;0
690;0
691;0
692;0
693;0
694;0
695;0
696;2
697;1
698;1
699;1
700;1
701;0
702;0
703;0
704;0
705;0
706;0
707;0
708;1
709;0
710;0
711;0
712;0
713;0
714;0
715;0
716;1
717;0
718;0
719;0
720;0
721;2
722;0
723;0
724;2
725;2
726;1
727;0
728;1
729;0
730;0
731;2
732;1
733;0
734;0
735;2
736;4
737;0
738;2
739;2
740;2
741;0
742;2
743;0
744;1
745;0
746;0
747;0
748;0
749;0
750;0
751;0
752;1
753;0
754;0
755;0
756;1
757;0
758;2
759;0
760;0
761;0
762;2
763;2
764;0
765;2
766;0
767;0
768;1
769;0
770;0
771;0
772;0
773;2
774;0
775;0
776;0
777;0
778;0
779;0
780;0
781;2
782;0
783;2
784;0
785;0
786;1
787;0
788;0
789;0
790;2
791;0
792;0
793;0
794;0
795;0
796;0
797;0
798;0
799;0
800;0
801;0
802;0
803;0
804;0
805;0
806;0
807;0
808;0
809;0
810;2
811;0
812;0
813;1
814;0
815;0
816;0
817;0
818;2
819;0
820;1
821;1
822;2
823;0
824;2
825;0
826;1
827;0
828;0
829;0
830;0
831;0
832;1
833;2
834;2
835;2
836;2
837;0
838;0
839;0
840;0
841;1
842;0
843;0
844;1
845;0
846;0
847;0
848;4
849;2
850;2
851;2
852;1
853;0
854;2
855;0
856;1
857;0
858;0
859;0
860;0
861;0
862;1
863;0
864;0
865;0
866;2
867;1
868;1
869;0
870;0
871;2
872;2
873;0
874;0
875;0
876;4
877;0
878;0
879;0
880;0
881;0
882;0
883;0
884;2
885;0
886;0
887;0
888;0
889;0
890;0
891;1
892;0
893;2
894;1
895;0
896;1
897;0
898;0
899;0
900;1
901;0
902;0
903;0
904;0
905;0
906;0
907;0
908;2
909;1
910;1
911;0
912;0
913;1
914;0
915;0
916;1
917;0
918;0
919;0
920;0
921;0
922;0
923;2
924;1
925;1
926;2
927;0
928;0
929;0
930;0
931;2
932;0
933;0
934;0
935;0
936;2
937;0
938;0
939;0
940;2
941;1
942;0
943;0
944;0
945;0
946;0
947;0
948;0
949;0
950;0
951;0
952;0
953;0
954;1
955;0
956;2
957;0
958;1
959;0
960;1
961;2
962;2
963;1
964;0
965;0
966;0
967;0
968;2
969;2
970;0
971;0
972;1
973;0
974;0
975;0
976;0
977;0
978;2
979;0
980;0
981;0
982;0
983;1
984;0
985;2
986;0
987;0
988;0
989;0
990;2
991;2
992;2
993;0
994;0
995;0
996;1
997;0
998;2
999;0
1000;2
1001;0
1002;0
1003;2
1004;1
1005;0
1006;0
1007;0
1008;0
1009;0
1010;0
1011;0
1012;0
1013;0
1014;0
1015;1
1016;0
1017;0
1018;0
1019;0
1020;0
1021;0
1022;0
1023;0
