0;1
1;0
2;0
3;2
4;1
5;0
6;2
7;0
8;2
9;1
10;0
11;2
12;0
13;0
14;0
15;0
16;0
17;2
18;1
19;0
20;2
21;0
22;0
23;0
24;0
25;1
26;0
27;2
28;2
29;0
30;0
31;2
32;0
33;0
34;0
35;0
36;0
37;0
38;0
39;0
40;0
41;0
42;0
43;0
44;2
45;0
46;0
47;0
48;1
49;0
50;0
51;1
52;2
53;0
54;0
55;0
56;0
57;1
58;1
59;1
60;0
61;0
62;2
63;1
64;0
65;0
66;0
67;2
68;4
69;2
70;0
71;1
72;2
73;0
74;2
75;0
76;1
77;1
78;0
79;0
80;0
81;0
82;2
83;1
84;0
85;0
86;1
87;0
88;0
89;0
90;0
91;1
92;0
93;0
94;0
95;2
96;4
97;0
98;2
99;2
100;2
101;0
102;0
103;0
104;2
105;0
106;2
107;1
108;2
109;2
110;0
111;0
112;0
113;2
114;2
115;2
116;2
117;0
118;0
119;0
120;2
121;0
122;0
123;0
124;0
125;0
126;0
127;0
128;1
129;0
130;0
131;0
132;0
133;2
134;0
135;0
136;0
137;0
138;0
139;0
140;0
141;0
142;0
143;0
144;0
145;1
146;0
147;0
148;1
149;0
150;0
151;0
152;0
153;0
154;2
155;0
156;2
157;0
158;0
159;0
160;2
161;2
162;2
163;2
164;1
165;0
166;2
167;1
168;1
169;0
170;0
171;2
172;1
173;2
174;2
175;2
176;2
177;0
178;2
179;0
180;2
181;2
182;2
183;0
184;0
185;0
186;0
187;0
188;0
189;0
190;0
191;0
192;0
193;0
194;0
195;0
196;0
197;0
198;1
199;0
200;0
201;0
202;0
203;0
204;0
205;0
206;0
207;0
208;0
209;1
210;0
211;0
212;1
213;0
214;2
215;2
216;1
217;0
218;0
219;1
220;2
221;0
222;2
223;1
224;0
225;0
226;0
227;0
228;1
229;0
230;0
231;0
232;0
233;0
234;0
235;0
236;0
237;1
238;0
239;0
240;2
241;2
242;1
243;0
244;2
245;0
246;2
247;0
248;0
249;1
250;0
251;0
252;0
253;0
254;0
255;0
256;0
257;0
258;0
259;2
260;1
261;0
262;0
263;0
264;0
265;0
266;2
267;2
268;0
269;0
270;0
271;0
272;0
273;0
274;0
275;0
276;0
277;2
278;2
279;2
280;2
281;2
282;2
283;2
284;0
285;0
286;2
287;4
288;0
289;0
290;0
291;0
292;1
293;0
294;2
295;2
296;1
297;0
298;0
299;2
300;2
301;0
302;2
303;2
304;2
305;0
306;2
307;0
308;0
309;0
310;0
311;0
312;0
313;0
314;0
315;0
316;2
317;2
318;1
319;0
320;0
321;0
322;0
323;2
324;0
325;1
326;0
327;0
328;2
329;0
330;0
331;0
332;0
333;0
334;0
335;0
336;0
337;0
338;2
339;2
340;1
341;0
342;0
343;2
344;4
345;0
346;0
347;2
348;2
349;0
350;2
351;0
352;2
353;0
354;0
355;2
356;0
357;0
358;0
359;1
360;0
361;1
362;0
363;0
364;0
365;0
366;0
367;0
368;0
369;0
370;0
371;0
372;0
373;1
374;2
375;0
376;0
377;0
378;0
379;0
380;0
381;0
382;1
383;0
384;1
385;0
386;0
387;1
388;2
389;0
390;0
391;0
392;2
393;0
394;0
395;0
396;0
397;0
398;0
399;0
400;2
401;2
402;1
403;0
404;0
405;0
406;0
407;2
408;2
409;0
410;1
411;0
412;0
413;2
414;2
415;2
416;1
417;0
418;0
419;0
420;2
421;0
422;0
423;2
424;2
425;0
426;0
427;2
428;2
429;0
430;1
431;0
432;0
433;0
434;0
435;0
436;1
437;0
438;1
439;0
440;1
441;0
442;0
443;0
444;0
445;1
446;0
447;0
448;0
449;0
450;1
451;0
452;0
453;0
454;0
455;0
456;0
457;2
458;2
459;1
460;0
461;1
462;0
463;0
464;0
465;0
466;0
467;0
468;0
469;0
470;2
471;1
472;0
473;0
474;0
475;2
476;2
477;0
478;2
479;2
480;2
481;2
482;2
483;0
484;2
485;0
486;0
487;0
488;0
489;0
490;0
491;0
492;0
493;0
494;2
495;2
496;2
497;1
498;0
499;0
500;2
501;0
502;2
503;0
504;2
505;0
506;0
507;0
508;1
509;2
510;0
511;0
512;0
513;0
514;2
515;2
516;1
517;0
518;2
519;0
520;2
521;0
522;2
523;2
524;1
525;0
526;0
527;2
528;4
529;0
530;2
531;2
532;2
533;0
534;2
535;0
536;2
537;0
538;0
539;0
540;2
541;0
542;0
543;0
544;0
545;0
546;0
547;0
548;2
549;0
550;0
551;0
552;0
553;0
554;2
555;2
556;2
557;0
558;0
559;0
560;1
561;0
562;0
563;0
564;0
565;0
566;0
567;0
568;0
569;0
570;0
571;0
572;0
573;0
574;0
575;0
576;2
577;0
578;0
579;0
580;2
581;0
582;0
583;1
584;0
585;0
586;0
587;0
588;0
589;2
590;2
591;2
592;2
593;2
594;0
595;0
596;0
597;0
598;0
599;0
600;0
601;0
602;0
603;0
604;0
605;0
606;2
607;2
608;2
609;0
610;0
611;1
612;0
613;0
614;0
615;0
616;1
617;0
618;0
619;2
620;1
621;0
622;0
623;2
624;2
625;0
626;0
627;1
628;0
629;0
630;2
631;0
632;0
633;2
634;2
635;0
636;2
637;0
638;0
639;0
640;0
641;2
642;0
643;1
644;1
645;0
646;0
647;0
648;0
649;0
650;0
651;0
652;1
653;0
654;0
655;0
656;0
657;0
658;0
659;4
660;1
661;0
662;2
663;2
664;1
665;0
666;0
667;2
668;2
669;0
670;2
671;2
672;2
673;0
674;2
675;0
676;2
677;0
678;1
679;0
680;0
681;0
682;2
683;0
684;1
685;0
686;0
687;0
688;2
689;1
690;0
691;0
692;1
693;0
694;1
695;0
696;2
697;0
698;0
699;1
700;2
701;2
702;1
703;0
704;0
705;2
706;0
707;0
708;1
709;0
710;0
711;2
712;1
713;0
714;1
715;0
716;0
717;1
718;0
719;2
720;2
721;0
722;2
723;2
724;2
725;0
726;2
727;0
728;0
729;2
730;0
731;0
732;2
733;0
734;2
735;0
736;0
737;0
738;0
739;2
740;1
741;1
742;0
743;0
744;0
745;1
746;0
747;0
748;2
749;0
750;1
751;0
752;0
753;0
754;0
755;0
756;0
757;1
758;0
759;2
760;2
761;2
762;0
763;0
764;0
765;0
766;0
767;0
768;2
769;0
770;0
771;0
772;2
773;0
774;0
775;0
776;0
777;2
778;1
779;0
780;2
781;0
782;0
783;0
784;1
785;0
786;2
787;1
788;1
789;1
790;0
791;1
792;4
793;0
794;2
795;2
796;4
797;0
798;2
799;0
800;2
801;2
802;2
803;2
804;1
805;0
806;0
807;1
808;0
809;0
810;0
811;0
812;0
813;0
814;0
815;0
816;2
817;1
818;0
819;1
820;0
821;0
822;0
823;2
824;1
825;1
826;0
827;0
828;0
829;2
830;0
831;0
832;1
833;0
834;0
835;0
836;0
837;0
838;1
839;2
840;1
841;0
842;0
843;1
844;4
845;0
846;2
847;0
848;0
849;0
850;2
851;0
852;1
853;0
854;0
855;0
856;0
857;0
858;0
859;2
860;2
861;1
862;0
863;0
864;0
865;0
866;0
867;0
868;1
869;0
870;1
871;0
872;0
873;2
874;2
875;2
876;2
877;0
878;0
879;0
880;0
881;1
882;0
883;0
884;1
885;0
886;0
887;0
888;0
889;2
890;0
891;0
892;0
893;0
894;2
895;1
896;0
897;0
898;0
899;2
900;2
901;0
902;2
903;2
904;0
905;0
906;2
907;0
908;2
909;0
910;2
911;0
912;0
913;0
914;1
915;0
916;0
917;0
918;0
919;0
920;0
921;0
922;0
923;0
924;0
925;0
926;0
927;0
928;1
929;2
930;2
931;1
932;0
933;0
934;2
935;2
936;1
937;0
938;2
939;0
940;2
941;0
942;2
943;2
944;0
945;0
946;2
947;0
948;0
949;0
950;1
951;0
952;0
953;0
954;1
955;0
956;2
957;0
958;0
959;0
960;0
961;0
962;0
963;0
964;1
965;0
966;0
967;0
968;1
969;0
970;1
971;0
972;0
973;1
974;0
975;1
976;0
977;2
978;0
979;2
980;0
981;0
982;1
983;0
984;0
985;2
986;1
987;0
988;0
989;0
990;0
991;2
992;4
993;2
994;2
995;2
996;2
997;0
998;2
999;0
1000;2
1001;2
1002;0
1003;0
1004;0
1005;0
1006;1
1007;1
1008;0
1009;0
1010;2
1011;2
1012;1
1013;0
1014;0
1015;0
1016;0
1017;0
1018;0
1019;0
1020;0
1021;0
1022;0
1023;0
