0;1
1;0
2;0
3;1
4;1
5;0
6;2
7;2
8;2
9;0
10;0
11;0
12;2
13;1
14;0
15;0
16;2
17;1
18;0
19;0
20;2
21;0
22;0
23;2
24;0
25;2
26;1
27;1
28;1
29;0
30;0
31;0
32;1
33;0
34;2
35;2
36;1
37;0
38;1
39;0
40;1
41;1
42;0
43;2
44;2
45;2
46;2
47;2
48;2
49;0
50;2
51;0
52;1
53;0
54;0
55;0
56;0
57;0
58;0
59;0
60;1
61;0
62;0
63;0
64;4
65;0
66;0
67;0
68;0
69;0
70;2
71;2
72;1
73;0
74;0
75;2
76;2
77;2
78;2
79;2
80;2
81;0
82;0
83;0
84;0
85;0
86;2
87;2
88;0
89;0
90;0
91;0
92;0
93;2
94;2
95;0
96;2
97;0
98;0
99;2
100;0
101;0
102;0
103;2
104;1
105;0
106;0
107;1
108;0
109;0
110;0
111;2
112;2
113;0
114;2
115;1
116;0
117;0
118;0
119;0
120;0
121;0
122;0
123;1
124;0
125;0
126;2
127;2
128;1
129;0
130;0
131;2
132;2
133;0
134;2
135;1
136;0
137;0
138;2
139;0
140;0
141;0
142;0
143;2
144;2
145;0
146;0
147;0
148;0
149;0
150;0
151;0
152;0
153;0
154;0
155;0
156;1
157;0
158;1
159;0
160;1
161;0
162;0
163;2
164;2
165;0
166;0
167;2
168;0
169;0
170;2
171;0
172;0
173;0
174;0
175;0
176;2
177;2
178;0
179;2
180;0
181;0
182;0
183;0
184;0
185;0
186;2
187;2
188;1
189;1
190;0
191;0
192;0
193;0
194;2
195;2
196;2
197;0
198;0
199;0
200;0
201;0
202;2
203;2
204;1
205;0
206;0
207;2
208;4
209;0
210;2
211;2
212;2
213;0
214;0
215;0
216;1
217;2
218;2
219;0
220;0
221;0
222;0
223;1
224;0
225;0
226;2
227;2
228;0
229;2
230;0
231;2
232;2
233;0
234;0
235;0
236;0
237;0
238;0
239;0
240;0
241;0
242;2
243;2
244;0
245;0
246;0
247;2
248;4
249;0
250;1
251;0
252;2
253;0
254;2
255;0
256;1
257;0
258;0
259;1
260;0
261;0
262;0
263;2
264;2
265;0
266;0
267;2
268;2
269;0
270;0
271;0
272;1
273;0
274;0
275;0
276;0
277;0
278;0
279;0
280;0
281;0
282;0
283;0
284;0
285;0
286;0
287;0
288;0
289;0
290;2
291;1
292;0
293;0
294;0
295;0
296;1
297;0
298;2
299;2
300;2
301;0
302;2
303;0
304;2
305;0
306;0
307;0
308;0
309;2
310;2
311;2
312;2
313;0
314;0
315;0
316;0
317;0
318;1
319;0
320;0
321;0
322;0
323;2
324;2
325;0
326;2
327;2
328;2
329;0
330;2
331;2
332;1
333;0
334;0
335;2
336;4
337;0
338;2
339;2
340;2
341;0
342;2
343;0
344;1
345;0
346;0
347;0
348;0
349;2
350;2
351;2
352;2
353;0
354;0
355;2
356;2
357;0
358;0
359;0
360;0
361;0
362;0
363;2
364;2
365;1
366;0
367;0
368;2
369;1
370;0
371;0
372;0
373;0
374;2
375;2
376;1
377;0
378;0
379;2
380;2
381;0
382;2
383;1
384;0
385;0
386;0
387;0
388;0
389;0
390;1
391;2
392;2
393;1
394;0
395;0
396;0
397;1
398;0
399;0
400;0
401;0
402;0
403;0
404;0
405;0
406;0
407;1
408;1
409;0
410;0
411;1
412;2
413;2
414;0
415;2
416;2
417;0
418;0
419;0
420;0
421;0
422;0
423;1
424;0
425;0
426;0
427;2
428;2
429;0
430;2
431;2
432;2
433;0
434;0
435;0
436;0
437;0
438;1
439;0
440;2
441;0
442;2
443;0
444;1
445;0
446;2
447;2
448;1
449;0
450;0
451;2
452;4
453;0
454;2
455;2
456;2
457;0
458;2
459;0
460;2
461;0
462;0
463;1
464;0
465;0
466;0
467;0
468;0
469;0
470;0
471;0
472;0
473;0
474;1
475;2
476;1
477;0
478;0
479;2
480;4
481;0
482;0
483;1
484;0
485;0
486;2
487;0
488;2
489;0
490;0
491;0
492;0
493;1
494;0
495;0
496;0
497;2
498;0
499;0
500;1
501;0
502;0
503;2
504;1
505;0
506;0
507;2
508;2
509;0
510;0
511;2
512;2
513;0
514;0
515;0
516;0
517;0
518;0
519;0
520;0
521;0
522;0
523;0
524;0
525;2
526;1
527;0
528;0
529;0
530;2
531;0
532;1
533;0
534;2
535;2
536;1
537;0
538;0
539;2
540;1
541;2
542;2
543;2
544;2
545;0
546;2
547;0
548;2
549;0
550;0
551;0
552;0
553;0
554;0
555;0
556;1
557;0
558;1
559;0
560;0
561;0
562;0
563;2
564;2
565;0
566;2
567;2
568;2
569;0
570;2
571;0
572;0
573;2
574;1
575;0
576;2
577;2
578;0
579;1
580;0
581;0
582;1
583;0
584;0
585;1
586;0
587;2
588;0
589;0
590;2
591;2
592;1
593;0
594;0
595;2
596;4
597;0
598;2
599;2
600;2
601;0
602;0
603;0
604;2
605;0
606;0
607;2
608;0
609;0
610;0
611;0
612;0
613;1
614;2
615;0
616;1
617;0
618;0
619;1
620;0
621;0
622;0
623;2
624;2
625;0
626;1
627;1
628;2
629;0
630;2
631;0
632;1
633;0
634;0
635;1
636;0
637;0
638;0
639;0
640;2
641;2
642;2
643;1
644;0
645;1
646;0
647;0
648;0
649;0
650;1
651;1
652;0
653;0
654;1
655;0
656;0
657;0
658;2
659;1
660;0
661;0
662;0
663;1
664;4
665;0
666;2
667;2
668;2
669;0
670;2
671;0
672;1
673;0
674;0
675;0
676;0
677;0
678;2
679;1
680;1
681;0
682;0
683;2
684;1
685;0
686;2
687;0
688;0
689;2
690;0
691;0
692;0
693;0
694;0
695;0
696;0
697;0
698;0
699;1
700;0
701;0
702;0
703;2
704;2
705;2
706;2
707;2
708;0
709;0
710;0
711;2
712;4
713;0
714;2
715;2
716;2
717;2
718;2
719;0
720;2
721;1
722;2
723;2
724;1
725;0
726;0
727;2
728;1
729;0
730;0
731;2
732;2
733;0
734;2
735;2
736;2
737;0
738;2
739;0
740;0
741;0
742;0
743;0
744;1
745;0
746;0
747;0
748;0
749;0
750;0
751;0
752;2
753;2
754;0
755;0
756;2
757;0
758;1
759;0
760;0
761;0
762;1
763;0
764;1
765;0
766;0
767;0
768;0
769;0
770;0
771;0
772;0
773;0
774;2
775;2
776;1
777;0
778;0
779;2
780;2
781;2
782;2
783;2
784;2
785;0
786;2
787;0
788;2
789;0
790;0
791;0
792;0
793;0
794;0
795;2
796;2
797;0
798;0
799;0
800;2
801;0
802;0
803;0
804;2
805;1
806;0
807;2
808;1
809;0
810;2
811;1
812;0
813;0
814;0
815;2
816;2
817;0
818;2
819;1
820;0
821;0
822;0
823;2
824;2
825;0
826;0
827;0
828;0
829;2
830;2
831;2
832;1
833;1
834;0
835;0
836;0
837;0
838;0
839;0
840;0
841;2
842;2
843;2
844;2
845;0
846;2
847;2
848;2
849;0
850;0
851;0
852;0
853;0
854;2
855;2
856;1
857;0
858;0
859;0
860;2
861;0
862;2
863;1
864;0
865;0
866;2
867;0
868;0
869;0
870;0
871;0
872;0
873;2
874;0
875;0
876;0
877;0
878;0
879;0
880;0
881;0
882;0
883;0
884;0
885;0
886;0
887;0
888;0
889;0
890;0
891;0
892;0
893;0
894;0
895;0
896;0
897;0
898;2
899;0
900;0
901;0
902;2
903;2
904;1
905;0
906;0
907;0
908;2
909;0
910;2
911;1
912;2
913;0
914;2
915;0
916;0
917;0
918;0
919;0
920;0
921;0
922;0
923;0
924;0
925;0
926;0
927;0
928;0
929;0
930;2
931;0
932;0
933;0
934;0
935;0
936;2
937;0
938;2
939;2
940;1
941;0
942;0
943;2
944;2
945;0
946;2
947;1
948;0
949;0
950;2
951;2
952;2
953;1
954;0
955;0
956;0
957;1
958;0
959;0
960;1
961;0
962;0
963;0
964;0
965;2
966;2
967;2
968;0
969;0
970;0
971;0
972;0
973;0
974;0
975;0
976;0
977;2
978;0
979;0
980;0
981;0
982;2
983;2
984;1
985;0
986;0
987;0
988;2
989;0
990;2
991;2
992;2
993;0
994;0
995;2
996;2
997;0
998;0
999;0
1000;0
1001;0
1002;0
1003;0
1004;2
1005;0
1006;0
1007;2
1008;0
1009;0
1010;1
1011;1
1012;0
1013;0
1014;0
1015;1
1016;0
1017;0
1018;0
1019;0
1020;0
1021;0
1022;0
1023;0
