0;1
1;0
2;0
3;2
4;4
5;0
6;2
7;2
8;2
9;0
10;2
11;0
12;1
13;1
14;0
15;0
16;0
17;0
18;0
19;0
20;2
21;0
22;2
23;2
24;0
25;2
26;1
27;0
28;1
29;0
30;0
31;0
32;0
33;0
34;1
35;0
36;2
37;0
38;2
39;2
40;2
41;0
42;0
43;1
44;0
45;0
46;2
47;2
48;2
49;0
50;2
51;1
52;0
53;0
54;0
55;0
56;1
57;0
58;1
59;0
60;0
61;1
62;0
63;2
64;0
65;2
66;0
67;0
68;0
69;0
70;1
71;0
72;0
73;0
74;0
75;2
76;2
77;0
78;2
79;2
80;0
81;0
82;2
83;0
84;1
85;0
86;0
87;1
88;0
89;0
90;0
91;0
92;0
93;2
94;2
95;0
96;2
97;0
98;0
99;2
100;0
101;0
102;0
103;0
104;1
105;0
106;2
107;1
108;0
109;0
110;0
111;2
112;1
113;0
114;2
115;1
116;0
117;0
118;2
119;0
120;0
121;0
122;0
123;0
124;0
125;0
126;2
127;1
128;0
129;0
130;0
131;2
132;2
133;2
134;2
135;2
136;2
137;0
138;0
139;0
140;1
141;0
142;0
143;0
144;2
145;0
146;1
147;0
148;0
149;0
150;0
151;0
152;0
153;0
154;0
155;0
156;0
157;2
158;2
159;2
160;2
161;0
162;0
163;0
164;4
165;0
166;2
167;2
168;2
169;0
170;2
171;0
172;2
173;0
174;0
175;0
176;2
177;2
178;0
179;0
180;0
181;0
182;0
183;0
184;0
185;1
186;2
187;2
188;1
189;0
190;0
191;1
192;0
193;0
194;2
195;1
196;0
197;0
198;0
199;0
200;0
201;2
202;1
203;0
204;1
205;0
206;0
207;2
208;4
209;0
210;2
211;1
212;0
213;0
214;2
215;0
216;1
217;2
218;2
219;0
220;0
221;0
222;0
223;1
224;0
225;0
226;2
227;0
228;2
229;2
230;0
231;2
232;2
233;0
234;0
235;0
236;1
237;2
238;0
239;0
240;1
241;0
242;2
243;1
244;0
245;0
246;0
247;1
248;1
249;0
250;2
251;2
252;2
253;0
254;0
255;0
256;1
257;0
258;0
259;0
260;1
261;0
262;0
263;0
264;2
265;0
266;2
267;2
268;0
269;1
270;2
271;0
272;0
273;0
274;0
275;2
276;0
277;0
278;0
279;0
280;0
281;0
282;0
283;2
284;0
285;0
286;0
287;0
288;0
289;0
290;2
291;2
292;1
293;0
294;0
295;0
296;0
297;0
298;2
299;1
300;0
301;0
302;2
303;0
304;1
305;2
306;1
307;0
308;0
309;0
310;1
311;0
312;0
313;0
314;0
315;0
316;0
317;0
318;1
319;0
320;0
321;0
322;0
323;0
324;2
325;0
326;0
327;2
328;1
329;0
330;2
331;2
332;1
333;0
334;0
335;2
336;2
337;0
338;2
339;2
340;2
341;2
342;2
343;0
344;2
345;0
346;0
347;0
348;0
349;2
350;1
351;0
352;0
353;0
354;0
355;0
356;0
357;0
358;0
359;0
360;0
361;0
362;0
363;2
364;0
365;0
366;0
367;0
368;1
369;0
370;0
371;0
372;0
373;0
374;1
375;0
376;0
377;0
378;0
379;2
380;2
381;0
382;2
383;1
384;0
385;2
386;0
387;0
388;0
389;1
390;1
391;2
392;2
393;1
394;0
395;0
396;0
397;2
398;1
399;0
400;0
401;0
402;0
403;0
404;0
405;2
406;2
407;2
408;1
409;0
410;0
411;0
412;1
413;0
414;0
415;2
416;2
417;1
418;1
419;0
420;0
421;0
422;2
423;1
424;0
425;0
426;0
427;2
428;2
429;0
430;2
431;2
432;2
433;2
434;2
435;0
436;1
437;2
438;1
439;0
440;1
441;2
442;2
443;2
444;0
445;0
446;2
447;2
448;0
449;0
450;0
451;2
452;2
453;1
454;0
455;2
456;0
457;2
458;2
459;2
460;1
461;0
462;0
463;1
464;0
465;0
466;0
467;0
468;0
469;0
470;0
471;0
472;0
473;0
474;1
475;0
476;1
477;0
478;0
479;1
480;2
481;0
482;2
483;2
484;2
485;0
486;2
487;0
488;0
489;1
490;0
491;0
492;0
493;0
494;0
495;0
496;0
497;2
498;2
499;2
500;1
501;0
502;2
503;1
504;0
505;0
506;0
507;2
508;2
509;0
510;2
511;2
512;2
513;0
514;2
515;2
516;2
517;1
518;1
519;0
520;0
521;0
522;0
523;0
524;0
525;0
526;2
527;1
528;0
529;0
530;0
531;0
532;1
533;0
534;2
535;2
536;1
537;0
538;0
539;2
540;1
541;0
542;2
543;0
544;0
545;0
546;2
547;0
548;1
549;0
550;0
551;0
552;2
553;0
554;0
555;0
556;1
557;0
558;0
559;2
560;0
561;0
562;0
563;0
564;2
565;0
566;2
567;2
568;2
569;0
570;2
571;0
572;0
573;2
574;1
575;0
576;0
577;2
578;0
579;0
580;0
581;2
582;1
583;1
584;2
585;1
586;0
587;1
588;0
589;0
590;2
591;1
592;0
593;0
594;0
595;2
596;1
597;0
598;1
599;0
600;2
601;0
602;2
603;0
604;2
605;2
606;0
607;2
608;0
609;0
610;0
611;0
612;2
613;0
614;2
615;2
616;1
617;0
618;2
619;0
620;0
621;0
622;0
623;2
624;1
625;2
626;2
627;0
628;2
629;0
630;2
631;0
632;2
633;1
634;0
635;0
636;0
637;0
638;0
639;2
640;1
641;0
642;0
643;2
644;2
645;0
646;2
647;0
648;0
649;0
650;2
651;0
652;1
653;2
654;1
655;0
656;2
657;2
658;0
659;2
660;1
661;0
662;0
663;1
664;1
665;0
666;2
667;2
668;2
669;2
670;0
671;0
672;1
673;0
674;0
675;0
676;0
677;0
678;2
679;2
680;1
681;0
682;0
683;2
684;1
685;0
686;2
687;0
688;0
689;0
690;0
691;2
692;0
693;0
694;0
695;2
696;2
697;0
698;0
699;0
700;0
701;2
702;2
703;2
704;0
705;0
706;0
707;2
708;1
709;0
710;0
711;2
712;4
713;0
714;2
715;1
716;0
717;0
718;0
719;0
720;2
721;1
722;0
723;0
724;0
725;0
726;2
727;2
728;1
729;0
730;0
731;2
732;2
733;0
734;0
735;2
736;2
737;0
738;2
739;0
740;0
741;0
742;0
743;0
744;1
745;0
746;0
747;0
748;0
749;2
750;2
751;0
752;2
753;2
754;0
755;1
756;2
757;0
758;1
759;0
760;0
761;0
762;2
763;2
764;0
765;0
766;0
767;0
768;2
769;0
770;0
771;0
772;1
773;0
774;1
775;0
776;0
777;0
778;0
779;2
780;4
781;0
782;2
783;0
784;0
785;0
786;0
787;0
788;2
789;0
790;1
791;0
792;0
793;0
794;0
795;0
796;2
797;0
798;0
799;0
800;0
801;0
802;0
803;0
804;0
805;0
806;2
807;2
808;1
809;0
810;2
811;1
812;0
813;0
814;0
815;2
816;2
817;0
818;2
819;2
820;2
821;1
822;0
823;0
824;2
825;0
826;0
827;0
828;0
829;0
830;2
831;2
832;1
833;2
834;0
835;0
836;2
837;0
838;0
839;0
840;2
841;2
842;2
843;2
844;2
845;0
846;2
847;1
848;0
849;0
850;0
851;0
852;0
853;0
854;2
855;1
856;0
857;0
858;0
859;2
860;2
861;2
862;2
863;1
864;0
865;0
866;2
867;0
868;0
869;2
870;0
871;0
872;0
873;0
874;0
875;0
876;0
877;0
878;0
879;0
880;0
881;0
882;0
883;0
884;0
885;0
886;2
887;0
888;0
889;0
890;0
891;0
892;0
893;0
894;0
895;0
896;0
897;0
898;0
899;2
900;1
901;0
902;2
903;2
904;2
905;0
906;0
907;2
908;2
909;0
910;2
911;2
912;0
913;2
914;2
915;0
916;1
917;1
918;0
919;0
920;0
921;0
922;1
923;0
924;0
925;0
926;0
927;0
928;0
929;0
930;1
931;0
932;0
933;0
934;0
935;0
936;2
937;2
938;2
939;2
940;0
941;0
942;0
943;2
944;2
945;0
946;2
947;2
948;2
949;0
950;0
951;0
952;2
953;0
954;2
955;0
956;0
957;1
958;0
959;0
960;1
961;0
962;1
963;0
964;0
965;2
966;0
967;2
968;0
969;0
970;0
971;0
972;0
973;0
974;0
975;0
976;0
977;2
978;0
979;0
980;0
981;0
982;0
983;2
984;1
985;0
986;0
987;2
988;4
989;0
990;2
991;2
992;0
993;0
994;2
995;0
996;2
997;0
998;0
999;0
1000;0
1001;0
1002;0
1003;0
1004;0
1005;0
1006;0
1007;2
1008;0
1009;0
1010;0
1011;1
1012;0
1013;0
1014;0
1015;0
1016;0
1017;0
1018;0
1019;0
1020;0
1021;0
1022;0
1023;0
