0;1
1;0
2;0
3;0
4;4
5;0
6;2
7;2
8;2
9;0
10;0
11;0
12;2
13;0
14;2
15;0
16;0
17;1
18;0
19;1
20;0
21;1
22;1
23;0
24;1
25;0
26;0
27;0
28;2
29;2
30;0
31;0
32;0
33;0
34;0
35;0
36;0
37;0
38;0
39;0
40;0
41;0
42;2
43;2
44;1
45;0
46;0
47;2
48;4
49;0
50;2
51;1
52;0
53;0
54;0
55;0
56;1
57;0
58;0
59;0
60;0
61;0
62;2
63;2
64;1
65;0
66;0
67;0
68;2
69;2
70;0
71;0
72;0
73;2
74;0
75;0
76;1
77;0
78;1
79;0
80;0
81;2
82;0
83;0
84;2
85;0
86;0
87;0
88;1
89;0
90;0
91;0
92;2
93;1
94;0
95;0
96;0
97;0
98;0
99;0
100;0
101;0
102;0
103;0
104;0
105;0
106;1
107;0
108;1
109;0
110;0
111;2
112;2
113;2
114;0
115;2
116;0
117;0
118;0
119;0
120;2
121;0
122;0
123;0
124;0
125;0
126;0
127;1
128;0
129;0
130;0
131;0
132;2
133;1
134;0
135;0
136;0
137;0
138;0
139;0
140;0
141;2
142;2
143;2
144;2
145;0
146;0
147;0
148;0
149;0
150;0
151;0
152;0
153;0
154;0
155;0
156;0
157;0
158;0
159;0
160;2
161;1
162;0
163;0
164;1
165;2
166;0
167;0
168;2
169;0
170;2
171;0
172;0
173;0
174;0
175;1
176;0
177;2
178;2
179;0
180;2
181;0
182;0
183;1
184;0
185;1
186;0
187;0
188;0
189;0
190;2
191;1
192;1
193;0
194;0
195;2
196;2
197;0
198;0
199;1
200;1
201;0
202;0
203;1
204;0
205;0
206;0
207;0
208;0
209;0
210;0
211;0
212;2
213;0
214;0
215;0
216;0
217;0
218;0
219;0
220;1
221;0
222;1
223;0
224;1
225;0
226;1
227;0
228;1
229;1
230;0
231;2
232;0
233;0
234;0
235;2
236;0
237;0
238;2
239;2
240;1
241;0
242;0
243;0
244;0
245;0
246;0
247;2
248;2
249;1
250;0
251;0
252;0
253;0
254;1
255;0
256;1
257;0
258;0
259;0
260;0
261;2
262;2
263;1
264;0
265;0
266;2
267;2
268;2
269;0
270;0
271;1
272;0
273;0
274;0
275;2
276;2
277;0
278;0
279;0
280;2
281;0
282;0
283;0
284;0
285;0
286;2
287;2
288;1
289;0
290;0
291;2
292;1
293;0
294;0
295;2
296;2
297;0
298;2
299;0
300;1
301;0
302;2
303;0
304;0
305;0
306;0
307;0
308;0
309;2
310;0
311;0
312;0
313;0
314;2
315;0
316;0
317;0
318;0
319;0
320;0
321;0
322;0
323;0
324;0
325;0
326;2
327;0
328;0
329;1
330;0
331;0
332;0
333;0
334;2
335;0
336;0
337;0
338;1
339;0
340;1
341;1
342;0
343;0
344;0
345;0
346;1
347;0
348;1
349;0
350;0
351;1
352;0
353;0
354;0
355;0
356;0
357;0
358;0
359;1
360;0
361;0
362;0
363;0
364;2
365;2
366;0
367;2
368;2
369;0
370;0
371;1
372;0
373;0
374;0
375;2
376;1
377;0
378;1
379;0
380;0
381;0
382;0
383;0
384;0
385;0
386;2
387;2
388;0
389;1
390;2
391;1
392;0
393;1
394;0
395;0
396;0
397;0
398;0
399;1
400;2
401;2
402;2
403;2
404;2
405;2
406;0
407;0
408;2
409;0
410;0
411;0
412;0
413;0
414;0
415;0
416;0
417;1
418;1
419;0
420;2
421;2
422;2
423;0
424;0
425;2
426;2
427;0
428;0
429;0
430;0
431;0
432;2
433;0
434;0
435;2
436;2
437;0
438;0
439;0
440;0
441;0
442;0
443;2
444;1
445;2
446;0
447;0
448;0
449;0
450;0
451;0
452;0
453;0
454;1
455;0
456;0
457;0
458;1
459;1
460;0
461;2
462;0
463;0
464;0
465;0
466;0
467;0
468;2
469;0
470;2
471;0
472;2
473;1
474;2
475;0
476;2
477;0
478;0
479;2
480;0
481;2
482;0
483;1
484;0
485;0
486;2
487;0
488;2
489;0
490;2
491;1
492;0
493;0
494;2
495;0
496;2
497;2
498;1
499;2
500;2
501;0
502;0
503;1
504;0
505;1
506;2
507;1
508;2
509;0
510;1
511;0
512;0
513;2
514;2
515;2
516;1
517;0
518;1
519;0
520;0
521;0
522;1
523;0
524;2
525;0
526;1
527;0
528;2
529;0
530;0
531;0
532;2
533;0
534;0
535;0
536;2
537;0
538;0
539;2
540;0
541;0
542;0
543;1
544;0
545;2
546;2
547;0
548;1
549;0
550;0
551;0
552;1
553;1
554;0
555;0
556;0
557;0
558;0
559;0
560;2
561;0
562;0
563;0
564;0
565;0
566;0
567;0
568;0
569;1
570;0
571;2
572;1
573;0
574;2
575;2
576;1
577;0
578;0
579;0
580;0
581;0
582;0
583;2
584;1
585;0
586;0
587;0
588;1
589;1
590;0
591;0
592;0
593;0
594;1
595;0
596;0
597;0
598;1
599;0
600;1
601;0
602;0
603;0
604;0
605;0
606;0
607;1
608;0
609;0
610;0
611;2
612;4
613;0
614;2
615;2
616;2
617;0
618;2
619;0
620;2
621;0
622;0
623;2
624;0
625;0
626;0
627;1
628;0
629;0
630;0
631;0
632;0
633;0
634;2
635;0
636;1
637;0
638;1
639;0
640;2
641;0
642;2
643;0
644;2
645;0
646;2
647;0
648;0
649;0
650;0
651;0
652;0
653;2
654;0
655;0
656;2
657;0
658;2
659;1
660;2
661;0
662;0
663;0
664;0
665;0
666;0
667;1
668;0
669;0
670;0
671;0
672;0
673;2
674;2
675;0
676;0
677;0
678;1
679;0
680;0
681;0
682;2
683;0
684;0
685;0
686;0
687;1
688;2
689;1
690;2
691;2
692;1
693;0
694;2
695;0
696;0
697;0
698;0
699;0
700;0
701;0
702;0
703;1
704;0
705;1
706;0
707;0
708;0
709;2
710;0
711;0
712;0
713;0
714;2
715;2
716;0
717;0
718;0
719;0
720;0
721;0
722;2
723;0
724;0
725;0
726;2
727;0
728;1
729;0
730;2
731;0
732;0
733;0
734;1
735;0
736;2
737;0
738;2
739;0
740;0
741;0
742;0
743;0
744;0
745;0
746;1
747;0
748;1
749;0
750;0
751;0
752;0
753;0
754;2
755;2
756;0
757;1
758;0
759;1
760;0
761;0
762;0
763;1
764;0
765;0
766;1
767;1
768;1
769;0
770;2
771;2
772;2
773;2
774;2
775;2
776;2
777;0
778;0
779;0
780;0
781;2
782;0
783;0
784;0
785;2
786;1
787;0
788;2
789;2
790;0
791;0
792;0
793;0
794;0
795;1
796;0
797;0
798;0
799;0
800;0
801;0
802;0
803;2
804;0
805;2
806;2
807;0
808;0
809;0
810;0
811;0
812;0
813;0
814;2
815;2
816;0
817;0
818;0
819;1
820;0
821;1
822;0
823;0
824;0
825;1
826;0
827;1
828;0
829;0
830;0
831;0
832;0
833;1
834;0
835;0
836;0
837;0
838;1
839;0
840;0
841;0
842;0
843;0
844;2
845;0
846;2
847;0
848;0
849;0
850;0
851;0
852;0
853;1
854;0
855;0
856;0
857;0
858;0
859;2
860;1
861;0
862;0
863;0
864;0
865;0
866;0
867;1
868;0
869;0
870;0
871;0
872;0
873;1
874;1
875;0
876;1
877;0
878;0
879;0
880;0
881;1
882;0
883;0
884;0
885;2
886;2
887;0
888;2
889;0
890;0
891;1
892;0
893;0
894;2
895;0
896;0
897;0
898;0
899;1
900;0
901;0
902;0
903;0
904;0
905;0
906;0
907;0
908;0
909;0
910;0
911;1
912;0
913;0
914;0
915;2
916;0
917;0
918;0
919;0
920;2
921;0
922;0
923;2
924;2
925;0
926;0
927;1
928;0
929;0
930;0
931;2
932;1
933;0
934;0
935;0
936;0
937;0
938;0
939;0
940;0
941;1
942;1
943;0
944;0
945;1
946;0
947;0
948;0
949;0
950;2
951;0
952;0
953;2
954;2
955;0
956;1
957;1
958;0
959;0
960;0
961;0
962;0
963;2
964;1
965;0
966;0
967;0
968;0
969;2
970;2
971;0
972;2
973;0
974;0
975;1
976;0
977;2
978;2
979;0
980;1
981;0
982;2
983;2
984;1
985;0
986;2
987;0
988;2
989;0
990;2
991;2
992;2
993;0
994;0
995;0
996;1
997;0
998;0
999;0
1000;1
1001;0
1002;0
1003;0
1004;0
1005;0
1006;0
1007;2
1008;0
1009;0
1010;0
1011;1
1012;0
1013;0
1014;0
1015;1
1016;0
1017;0
1018;0
1019;0
1020;0
1021;0
1022;0
1023;0
