0;1
1;0
2;0
3;2
4;4
5;0
6;0
7;0
8;0
9;0
10;2
11;0
12;2
13;0
14;0
15;0
16;0
17;0
18;0
19;1
20;0
21;1
22;2
23;1
24;0
25;1
26;2
27;2
28;2
29;0
30;0
31;0
32;0
33;0
34;0
35;0
36;0
37;0
38;0
39;1
40;0
41;0
42;0
43;0
44;0
45;0
46;0
47;2
48;1
49;0
50;0
51;0
52;0
53;0
54;0
55;0
56;0
57;1
58;0
59;2
60;1
61;0
62;0
63;0
64;0
65;0
66;1
67;2
68;1
69;0
70;2
71;1
72;2
73;0
74;0
75;0
76;0
77;0
78;0
79;0
80;2
81;0
82;2
83;0
84;1
85;0
86;0
87;0
88;0
89;2
90;2
91;2
92;1
93;0
94;0
95;2
96;2
97;0
98;0
99;2
100;2
101;0
102;0
103;2
104;0
105;2
106;2
107;0
108;0
109;2
110;0
111;0
112;0
113;2
114;2
115;2
116;1
117;0
118;0
119;0
120;2
121;0
122;0
123;1
124;0
125;0
126;2
127;2
128;2
129;2
130;0
131;2
132;0
133;1
134;1
135;0
136;0
137;0
138;0
139;0
140;2
141;0
142;2
143;0
144;1
145;0
146;0
147;2
148;0
149;2
150;2
151;2
152;1
153;0
154;2
155;0
156;0
157;0
158;0
159;0
160;0
161;0
162;2
163;0
164;0
165;0
166;1
167;0
168;0
169;2
170;0
171;0
172;0
173;0
174;0
175;0
176;0
177;0
178;0
179;0
180;0
181;0
182;0
183;0
184;2
185;0
186;0
187;0
188;0
189;0
190;1
191;2
192;2
193;0
194;0
195;1
196;2
197;2
198;0
199;1
200;0
201;0
202;2
203;0
204;2
205;0
206;0
207;0
208;0
209;0
210;0
211;0
212;0
213;0
214;2
215;2
216;1
217;0
218;0
219;2
220;1
221;0
222;2
223;0
224;2
225;0
226;0
227;0
228;2
229;2
230;0
231;1
232;0
233;2
234;2
235;1
236;0
237;0
238;0
239;0
240;1
241;2
242;0
243;2
244;1
245;0
246;2
247;2
248;2
249;0
250;0
251;2
252;0
253;0
254;1
255;2
256;2
257;0
258;0
259;0
260;1
261;0
262;0
263;1
264;0
265;1
266;0
267;0
268;2
269;2
270;1
271;0
272;1
273;0
274;0
275;0
276;0
277;1
278;0
279;0
280;2
281;0
282;0
283;1
284;2
285;2
286;0
287;2
288;0
289;0
290;0
291;2
292;1
293;2
294;2
295;2
296;1
297;0
298;0
299;2
300;2
301;2
302;2
303;0
304;0
305;0
306;2
307;0
308;2
309;0
310;0
311;1
312;0
313;2
314;0
315;0
316;2
317;0
318;0
319;0
320;0
321;0
322;0
323;0
324;0
325;0
326;1
327;0
328;0
329;0
330;0
331;0
332;0
333;0
334;0
335;0
336;1
337;0
338;0
339;1
340;1
341;0
342;0
343;0
344;0
345;2
346;0
347;1
348;0
349;0
350;0
351;0
352;2
353;0
354;0
355;2
356;0
357;0
358;0
359;2
360;0
361;0
362;0
363;1
364;0
365;0
366;0
367;1
368;0
369;0
370;0
371;0
372;1
373;0
374;0
375;0
376;2
377;0
378;2
379;2
380;1
381;0
382;0
383;0
384;0
385;1
386;0
387;0
388;0
389;0
390;0
391;0
392;0
393;0
394;0
395;1
396;0
397;0
398;2
399;0
400;2
401;0
402;0
403;0
404;0
405;0
406;1
407;0
408;0
409;2
410;2
411;2
412;2
413;0
414;0
415;2
416;0
417;0
418;0
419;1
420;0
421;0
422;0
423;0
424;0
425;0
426;1
427;0
428;0
429;2
430;2
431;0
432;2
433;0
434;2
435;0
436;2
437;0
438;0
439;0
440;1
441;2
442;1
443;0
444;0
445;0
446;0
447;1
448;0
449;0
450;2
451;0
452;2
453;0
454;0
455;1
456;0
457;0
458;1
459;0
460;0
461;0
462;0
463;0
464;0
465;0
466;0
467;0
468;0
469;0
470;1
471;0
472;2
473;0
474;0
475;1
476;0
477;1
478;0
479;2
480;2
481;2
482;2
483;2
484;2
485;0
486;2
487;1
488;0
489;0
490;0
491;1
492;0
493;0
494;0
495;0
496;0
497;0
498;0
499;2
500;0
501;0
502;0
503;0
504;0
505;1
506;0
507;0
508;0
509;0
510;2
511;2
512;2
513;0
514;0
515;2
516;2
517;0
518;2
519;0
520;0
521;0
522;2
523;0
524;1
525;2
526;0
527;0
528;0
529;0
530;0
531;1
532;0
533;0
534;2
535;0
536;0
537;0
538;0
539;0
540;0
541;2
542;0
543;0
544;0
545;0
546;0
547;0
548;0
549;0
550;0
551;1
552;0
553;2
554;2
555;0
556;0
557;0
558;2
559;0
560;0
561;0
562;0
563;0
564;0
565;0
566;0
567;0
568;0
569;0
570;0
571;0
572;0
573;0
574;0
575;0
576;0
577;2
578;0
579;0
580;0
581;0
582;0
583;1
584;0
585;0
586;0
587;0
588;2
589;0
590;0
591;2
592;0
593;0
594;0
595;0
596;0
597;0
598;0
599;1
600;0
601;0
602;0
603;2
604;1
605;0
606;0
607;2
608;4
609;0
610;2
611;2
612;2
613;0
614;2
615;0
616;1
617;2
618;0
619;0
620;2
621;1
622;0
623;0
624;0
625;2
626;0
627;0
628;0
629;0
630;0
631;0
632;1
633;2
634;0
635;0
636;0
637;0
638;0
639;0
640;2
641;0
642;0
643;0
644;0
645;0
646;0
647;1
648;2
649;2
650;2
651;2
652;2
653;0
654;0
655;0
656;2
657;1
658;0
659;0
660;2
661;0
662;0
663;0
664;0
665;2
666;0
667;0
668;2
669;0
670;0
671;1
672;0
673;0
674;0
675;0
676;2
677;0
678;0
679;0
680;2
681;0
682;0
683;0
684;0
685;0
686;2
687;1
688;0
689;0
690;0
691;0
692;0
693;0
694;0
695;0
696;1
697;0
698;0
699;0
700;0
701;0
702;1
703;0
704;0
705;0
706;1
707;0
708;0
709;0
710;0
711;2
712;2
713;0
714;0
715;2
716;2
717;2
718;2
719;2
720;2
721;0
722;1
723;1
724;0
725;2
726;1
727;0
728;0
729;0
730;0
731;0
732;1
733;0
734;1
735;0
736;0
737;2
738;0
739;0
740;0
741;0
742;0
743;0
744;0
745;0
746;0
747;0
748;0
749;2
750;0
751;1
752;0
753;0
754;2
755;2
756;0
757;0
758;2
759;1
760;0
761;1
762;0
763;2
764;4
765;0
766;2
767;0
768;2
769;0
770;2
771;0
772;2
773;0
774;0
775;0
776;2
777;0
778;0
779;0
780;1
781;1
782;1
783;0
784;0
785;2
786;2
787;2
788;1
789;0
790;1
791;2
792;1
793;0
794;0
795;0
796;1
797;0
798;0
799;0
800;2
801;2
802;0
803;0
804;0
805;0
806;1
807;0
808;1
809;0
810;0
811;0
812;0
813;0
814;2
815;2
816;2
817;2
818;0
819;1
820;0
821;0
822;0
823;1
824;0
825;0
826;0
827;0
828;0
829;1
830;0
831;0
832;0
833;2
834;2
835;2
836;1
837;0
838;2
839;0
840;1
841;0
842;0
843;0
844;2
845;2
846;2
847;2
848;0
849;2
850;2
851;0
852;0
853;0
854;0
855;0
856;0
857;2
858;1
859;0
860;2
861;0
862;0
863;0
864;0
865;0
866;0
867;0
868;0
869;0
870;0
871;0
872;2
873;0
874;0
875;0
876;0
877;2
878;0
879;0
880;0
881;2
882;2
883;2
884;2
885;2
886;0
887;2
888;1
889;0
890;0
891;0
892;0
893;2
894;0
895;0
896;2
897;2
898;1
899;2
900;0
901;0
902;2
903;2
904;0
905;2
906;0
907;0
908;2
909;0
910;0
911;1
912;1
913;0
914;0
915;1
916;0
917;0
918;1
919;0
920;2
921;2
922;1
923;0
924;1
925;0
926;0
927;0
928;1
929;0
930;2
931;0
932;0
933;0
934;0
935;0
936;0
937;0
938;2
939;1
940;0
941;0
942;0
943;1
944;1
945;0
946;2
947;0
948;0
949;0
950;0
951;0
952;2
953;0
954;0
955;1
956;0
957;1
958;2
959;0
960;0
961;1
962;1
963;0
964;2
965;2
966;0
967;2
968;1
969;1
970;0
971;0
972;0
973;0
974;0
975;0
976;1
977;0
978;2
979;0
980;0
981;1
982;0
983;2
984;0
985;0
986;0
987;0
988;0
989;2
990;0
991;1
992;0
993;1
994;0
995;1
996;0
997;2
998;0
999;2
1000;0
1001;1
1002;2
1003;0
1004;2
1005;1
1006;1
1007;0
1008;2
1009;0
1010;0
1011;1
1012;0
1013;0
1014;0
1015;0
1016;0
1017;0
1018;0
1019;0
1020;0
1021;0
1022;0
1023;0
