0;1
1;0
2;0
3;0
4;1
5;0
6;2
7;1
8;0
9;0
10;2
11;0
12;2
13;1
14;0
15;0
16;0
17;0
18;2
19;2
20;1
21;0
22;0
23;1
24;0
25;2
26;1
27;2
28;2
29;0
30;2
31;2
32;0
33;0
34;0
35;0
36;0
37;0
38;0
39;2
40;0
41;0
42;0
43;0
44;2
45;2
46;0
47;1
48;0
49;0
50;0
51;0
52;2
53;0
54;0
55;0
56;0
57;2
58;0
59;0
60;1
61;0
62;0
63;0
64;0
65;0
66;2
67;0
68;0
69;0
70;2
71;2
72;1
73;2
74;0
75;0
76;0
77;0
78;0
79;0
80;1
81;0
82;0
83;0
84;2
85;2
86;0
87;0
88;0
89;1
90;0
91;2
92;2
93;0
94;0
95;2
96;0
97;0
98;0
99;1
100;0
101;0
102;1
103;0
104;0
105;2
106;0
107;0
108;0
109;1
110;0
111;0
112;0
113;0
114;0
115;2
116;1
117;0
118;0
119;2
120;2
121;0
122;0
123;0
124;2
125;0
126;2
127;0
128;0
129;0
130;0
131;2
132;4
133;1
134;0
135;0
136;2
137;0
138;0
139;0
140;2
141;0
142;2
143;0
144;1
145;0
146;0
147;0
148;0
149;0
150;2
151;2
152;1
153;0
154;2
155;0
156;0
157;0
158;0
159;0
160;0
161;0
162;2
163;0
164;0
165;0
166;0
167;1
168;2
169;2
170;1
171;0
172;0
173;0
174;0
175;0
176;0
177;0
178;0
179;0
180;0
181;0
182;1
183;0
184;0
185;0
186;0
187;0
188;0
189;0
190;0
191;2
192;0
193;0
194;0
195;1
196;1
197;0
198;1
199;0
200;2
201;0
202;2
203;0
204;0
205;0
206;0
207;0
208;0
209;0
210;0
211;0
212;0
213;0
214;1
215;0
216;0
217;0
218;0
219;1
220;0
221;0
222;2
223;2
224;2
225;0
226;0
227;0
228;0
229;0
230;2
231;2
232;0
233;2
234;2
235;2
236;0
237;0
238;0
239;0
240;0
241;0
242;0
243;0
244;2
245;2
246;2
247;2
248;2
249;2
250;0
251;2
252;0
253;0
254;2
255;2
256;2
257;0
258;0
259;0
260;2
261;0
262;2
263;1
264;0
265;0
266;0
267;0
268;2
269;2
270;1
271;2
272;1
273;0
274;0
275;0
276;0
277;1
278;0
279;0
280;0
281;0
282;0
283;0
284;1
285;0
286;0
287;0
288;0
289;0
290;0
291;0
292;2
293;2
294;2
295;2
296;1
297;0
298;0
299;2
300;1
301;0
302;2
303;2
304;2
305;0
306;2
307;0
308;2
309;0
310;1
311;1
312;0
313;0
314;0
315;0
316;2
317;0
318;0
319;0
320;0
321;0
322;0
323;0
324;0
325;2
326;0
327;0
328;0
329;0
330;0
331;0
332;0
333;0
334;0
335;0
336;1
337;0
338;0
339;1
340;1
341;0
342;0
343;0
344;0
345;2
346;0
347;1
348;0
349;0
350;0
351;1
352;2
353;0
354;0
355;2
356;0
357;0
358;0
359;2
360;2
361;1
362;1
363;1
364;0
365;2
366;0
367;1
368;0
369;2
370;0
371;0
372;0
373;0
374;0
375;0
376;2
377;1
378;0
379;2
380;1
381;0
382;2
383;2
384;2
385;1
386;0
387;0
388;0
389;0
390;0
391;0
392;0
393;0
394;0
395;1
396;0
397;0
398;2
399;1
400;0
401;1
402;0
403;0
404;0
405;0
406;0
407;0
408;0
409;1
410;0
411;0
412;0
413;0
414;0
415;0
416;0
417;0
418;0
419;0
420;0
421;0
422;1
423;0
424;0
425;0
426;2
427;2
428;2
429;0
430;1
431;0
432;2
433;0
434;2
435;2
436;2
437;0
438;1
439;0
440;1
441;2
442;0
443;0
444;0
445;0
446;0
447;1
448;0
449;0
450;0
451;0
452;2
453;0
454;0
455;1
456;1
457;0
458;0
459;0
460;0
461;0
462;0
463;1
464;0
465;0
466;0
467;0
468;0
469;1
470;2
471;2
472;2
473;2
474;0
475;1
476;0
477;0
478;0
479;0
480;2
481;2
482;2
483;0
484;2
485;0
486;0
487;1
488;0
489;2
490;1
491;0
492;0
493;0
494;0
495;1
496;0
497;0
498;0
499;1
500;0
501;0
502;0
503;0
504;0
505;2
506;2
507;1
508;0
509;0
510;2
511;2
512;1
513;0
514;0
515;0
516;4
517;0
518;2
519;2
520;2
521;0
522;2
523;0
524;1
525;1
526;0
527;0
528;0
529;2
530;0
531;2
532;2
533;0
534;1
535;0
536;0
537;0
538;0
539;2
540;0
541;2
542;2
543;0
544;0
545;0
546;0
547;0
548;0
549;0
550;0
551;1
552;0
553;2
554;2
555;0
556;2
557;0
558;1
559;1
560;0
561;2
562;0
563;1
564;1
565;0
566;0
567;0
568;0
569;0
570;2
571;0
572;0
573;0
574;2
575;0
576;0
577;2
578;0
579;1
580;0
581;2
582;0
583;1
584;0
585;0
586;0
587;0
588;0
589;0
590;0
591;2
592;2
593;2
594;0
595;0
596;0
597;0
598;2
599;1
600;0
601;0
602;2
603;1
604;0
605;0
606;0
607;2
608;2
609;2
610;2
611;2
612;2
613;0
614;2
615;0
616;0
617;2
618;0
619;0
620;2
621;1
622;0
623;0
624;0
625;2
626;1
627;0
628;0
629;1
630;0
631;0
632;1
633;0
634;0
635;0
636;0
637;0
638;0
639;0
640;2
641;0
642;2
643;0
644;0
645;0
646;0
647;1
648;0
649;1
650;0
651;2
652;2
653;0
654;2
655;0
656;2
657;0
658;0
659;0
660;0
661;2
662;0
663;1
664;0
665;2
666;0
667;0
668;2
669;2
670;1
671;2
672;0
673;0
674;0
675;2
676;2
677;0
678;0
679;0
680;0
681;0
682;0
683;0
684;0
685;2
686;2
687;1
688;0
689;0
690;0
691;0
692;1
693;0
694;0
695;0
696;1
697;0
698;0
699;0
700;0
701;1
702;1
703;0
704;0
705;0
706;1
707;0
708;1
709;2
710;0
711;2
712;4
713;0
714;2
715;1
716;0
717;2
718;2
719;0
720;2
721;0
722;2
723;2
724;0
725;1
726;0
727;0
728;0
729;0
730;0
731;0
732;1
733;0
734;0
735;0
736;0
737;0
738;0
739;0
740;2
741;0
742;0
743;0
744;2
745;0
746;0
747;0
748;0
749;0
750;0
751;1
752;2
753;0
754;0
755;2
756;1
757;0
758;0
759;0
760;0
761;0
762;0
763;2
764;1
765;0
766;0
767;2
768;2
769;0
770;2
771;0
772;2
773;0
774;0
775;0
776;2
777;0
778;0
779;2
780;2
781;0
782;1
783;0
784;0
785;0
786;2
787;2
788;2
789;0
790;0
791;1
792;0
793;0
794;0
795;0
796;1
797;0
798;0
799;1
800;0
801;2
802;0
803;0
804;1
805;0
806;2
807;2
808;1
809;0
810;0
811;0
812;0
813;0
814;0
815;0
816;2
817;0
818;0
819;1
820;0
821;2
822;0
823;1
824;0
825;0
826;0
827;0
828;0
829;1
830;1
831;1
832;2
833;1
834;0
835;2
836;0
837;2
838;2
839;2
840;1
841;0
842;0
843;0
844;2
845;0
846;2
847;2
848;0
849;0
850;2
851;0
852;0
853;0
854;0
855;0
856;0
857;2
858;1
859;0
860;2
861;0
862;0
863;0
864;0
865;0
866;0
867;0
868;0
869;0
870;1
871;0
872;0
873;0
874;0
875;0
876;0
877;1
878;0
879;0
880;0
881;2
882;2
883;0
884;2
885;0
886;1
887;1
888;0
889;0
890;0
891;0
892;0
893;2
894;0
895;0
896;0
897;0
898;1
899;0
900;0
901;0
902;2
903;2
904;2
905;2
906;0
907;0
908;2
909;0
910;2
911;1
912;0
913;0
914;0
915;1
916;0
917;0
918;1
919;0
920;1
921;0
922;0
923;0
924;1
925;0
926;1
927;0
928;2
929;0
930;2
931;0
932;2
933;0
934;0
935;0
936;0
937;0
938;1
939;2
940;1
941;0
942;0
943;2
944;0
945;2
946;2
947;0
948;0
949;0
950;2
951;0
952;2
953;0
954;0
955;1
956;0
957;0
958;2
959;0
960;0
961;1
962;1
963;0
964;0
965;2
966;1
967;0
968;0
969;0
970;0
971;1
972;0
973;0
974;0
975;0
976;2
977;2
978;2
979;0
980;0
981;0
982;0
983;2
984;0
985;0
986;0
987;0
988;0
989;0
990;1
991;0
992;0
993;1
994;0
995;1
996;2
997;1
998;0
999;2
1000;2
1001;0
1002;0
1003;0
1004;2
1005;2
1006;1
1007;0
1008;2
1009;0
1010;0
1011;0
1012;0
1013;0
1014;0
1015;0
1016;0
1017;0
1018;0
1019;0
1020;0
1021;0
1022;0
1023;0
