0;1
1;0
2;0
3;2
4;2
5;0
6;2
7;2
8;2
9;0
10;2
11;0
12;2
13;0
14;2
15;1
16;0
17;0
18;0
19;1
20;0
21;0
22;1
23;0
24;1
25;0
26;0
27;0
28;2
29;0
30;0
31;0
32;0
33;0
34;0
35;0
36;0
37;0
38;2
39;2
40;0
41;0
42;0
43;1
44;0
45;0
46;0
47;0
48;0
49;0
50;1
51;1
52;0
53;2
54;0
55;0
56;0
57;2
58;0
59;0
60;1
61;0
62;0
63;0
64;2
65;0
66;0
67;0
68;2
69;0
70;2
71;0
72;2
73;0
74;0
75;2
76;2
77;0
78;0
79;0
80;1
81;2
82;0
83;0
84;0
85;0
86;1
87;1
88;0
89;0
90;2
91;0
92;1
93;0
94;0
95;2
96;0
97;2
98;1
99;1
100;0
101;0
102;1
103;2
104;2
105;0
106;0
107;0
108;0
109;0
110;0
111;1
112;0
113;0
114;0
115;0
116;0
117;1
118;0
119;0
120;0
121;0
122;0
123;0
124;0
125;2
126;0
127;2
128;0
129;0
130;0
131;0
132;0
133;0
134;0
135;0
136;0
137;0
138;0
139;0
140;1
141;0
142;0
143;0
144;2
145;1
146;0
147;0
148;0
149;2
150;1
151;0
152;2
153;0
154;0
155;0
156;0
157;0
158;0
159;1
160;0
161;0
162;0
163;2
164;2
165;0
166;0
167;1
168;0
169;1
170;0
171;0
172;0
173;0
174;2
175;1
176;1
177;0
178;0
179;2
180;2
181;0
182;0
183;0
184;0
185;0
186;0
187;2
188;0
189;0
190;1
191;0
192;1
193;0
194;0
195;0
196;0
197;0
198;2
199;2
200;0
201;0
202;0
203;1
204;1
205;0
206;1
207;0
208;0
209;0
210;2
211;2
212;0
213;0
214;0
215;0
216;0
217;0
218;1
219;2
220;0
221;0
222;2
223;2
224;1
225;0
226;2
227;1
228;0
229;2
230;2
231;1
232;0
233;0
234;0
235;0
236;0
237;0
238;1
239;1
240;0
241;0
242;0
243;0
244;0
245;2
246;0
247;0
248;0
249;2
250;0
251;0
252;0
253;0
254;0
255;1
256;2
257;0
258;2
259;2
260;1
261;0
262;0
263;0
264;2
265;2
266;0
267;0
268;0
269;2
270;0
271;0
272;2
273;0
274;0
275;0
276;1
277;0
278;1
279;0
280;0
281;1
282;0
283;0
284;0
285;0
286;1
287;0
288;2
289;2
290;0
291;0
292;0
293;0
294;0
295;2
296;0
297;0
298;0
299;2
300;1
301;0
302;2
303;1
304;0
305;0
306;2
307;0
308;0
309;0
310;2
311;0
312;2
313;2
314;2
315;0
316;2
317;2
318;2
319;2
320;0
321;0
322;2
323;2
324;2
325;0
326;0
327;2
328;1
329;0
330;1
331;1
332;0
333;0
334;0
335;0
336;0
337;1
338;0
339;2
340;2
341;0
342;0
343;2
344;2
345;0
346;0
347;0
348;0
349;0
350;0
351;2
352;2
353;0
354;0
355;2
356;2
357;0
358;2
359;1
360;2
361;2
362;0
363;0
364;1
365;0
366;0
367;0
368;0
369;0
370;0
371;2
372;0
373;0
374;2
375;1
376;0
377;0
378;0
379;0
380;0
381;0
382;0
383;1
384;2
385;2
386;0
387;0
388;0
389;2
390;0
391;0
392;0
393;1
394;0
395;0
396;0
397;0
398;2
399;0
400;0
401;1
402;1
403;0
404;2
405;0
406;0
407;0
408;0
409;1
410;1
411;0
412;2
413;0
414;0
415;0
416;2
417;0
418;0
419;0
420;0
421;0
422;1
423;0
424;0
425;0
426;0
427;0
428;1
429;0
430;0
431;0
432;0
433;0
434;0
435;0
436;0
437;2
438;1
439;0
440;1
441;0
442;0
443;2
444;0
445;0
446;2
447;2
448;0
449;1
450;0
451;2
452;1
453;1
454;0
455;0
456;2
457;0
458;2
459;0
460;2
461;0
462;0
463;2
464;0
465;2
466;0
467;2
468;2
469;2
470;2
471;0
472;2
473;2
474;0
475;0
476;0
477;0
478;0
479;0
480;2
481;0
482;1
483;2
484;2
485;0
486;0
487;1
488;0
489;0
490;2
491;4
492;2
493;0
494;1
495;0
496;2
497;4
498;2
499;2
500;1
501;0
502;0
503;0
504;0
505;1
506;1
507;0
508;2
509;0
510;0
511;0
512;0
513;0
514;0
515;0
516;0
517;0
518;0
519;0
520;1
521;0
522;0
523;2
524;0
525;2
526;0
527;2
528;2
529;2
530;2
531;2
532;2
533;0
534;1
535;2
536;1
537;1
538;0
539;0
540;0
541;0
542;0
543;0
544;2
545;0
546;0
547;0
548;0
549;0
550;0
551;0
552;0
553;0
554;2
555;2
556;1
557;0
558;2
559;2
560;0
561;0
562;0
563;0
564;0
565;0
566;0
567;0
568;1
569;0
570;0
571;0
572;2
573;2
574;0
575;0
576;2
577;0
578;0
579;0
580;0
581;0
582;0
583;2
584;1
585;0
586;0
587;1
588;2
589;2
590;2
591;1
592;0
593;0
594;0
595;0
596;0
597;0
598;0
599;0
600;0
601;0
602;0
603;1
604;0
605;2
606;0
607;0
608;0
609;0
610;0
611;0
612;0
613;1
614;0
615;2
616;2
617;0
618;0
619;2
620;0
621;0
622;0
623;0
624;0
625;0
626;0
627;1
628;0
629;2
630;0
631;0
632;1
633;0
634;0
635;0
636;2
637;0
638;1
639;0
640;0
641;0
642;0
643;0
644;0
645;0
646;0
647;0
648;0
649;1
650;0
651;0
652;0
653;0
654;0
655;0
656;0
657;0
658;2
659;0
660;0
661;0
662;0
663;0
664;2
665;1
666;1
667;0
668;1
669;0
670;1
671;0
672;1
673;0
674;0
675;0
676;0
677;0
678;1
679;2
680;2
681;2
682;2
683;0
684;2
685;0
686;0
687;0
688;0
689;0
690;0
691;0
692;0
693;1
694;0
695;0
696;1
697;0
698;0
699;0
700;2
701;0
702;0
703;0
704;0
705;2
706;2
707;1
708;0
709;0
710;0
711;2
712;1
713;0
714;0
715;1
716;0
717;1
718;0
719;2
720;2
721;0
722;2
723;2
724;2
725;0
726;2
727;0
728;2
729;0
730;1
731;0
732;1
733;0
734;1
735;1
736;0
737;0
738;2
739;0
740;0
741;0
742;0
743;2
744;0
745;0
746;0
747;0
748;0
749;0
750;0
751;0
752;1
753;0
754;2
755;0
756;0
757;2
758;1
759;0
760;2
761;0
762;0
763;0
764;0
765;1
766;0
767;0
768;1
769;1
770;0
771;2
772;2
773;0
774;0
775;0
776;0
777;0
778;0
779;1
780;0
781;2
782;2
783;1
784;0
785;0
786;1
787;1
788;2
789;1
790;0
791;0
792;0
793;0
794;0
795;2
796;0
797;0
798;2
799;0
800;0
801;0
802;1
803;0
804;0
805;1
806;0
807;0
808;2
809;0
810;0
811;1
812;0
813;0
814;0
815;1
816;0
817;0
818;2
819;0
820;1
821;0
822;0
823;0
824;4
825;2
826;2
827;1
828;0
829;0
830;0
831;0
832;1
833;0
834;0
835;1
836;0
837;0
838;0
839;2
840;0
841;2
842;0
843;0
844;0
845;0
846;0
847;1
848;0
849;0
850;0
851;0
852;2
853;0
854;0
855;2
856;0
857;0
858;0
859;0
860;0
861;0
862;0
863;1
864;0
865;0
866;0
867;0
868;0
869;1
870;0
871;0
872;0
873;1
874;0
875;0
876;0
877;0
878;0
879;0
880;0
881;2
882;0
883;0
884;2
885;0
886;2
887;1
888;0
889;1
890;2
891;0
892;2
893;0
894;0
895;0
896;0
897;0
898;0
899;0
900;2
901;0
902;0
903;0
904;0
905;0
906;0
907;0
908;0
909;0
910;0
911;2
912;0
913;1
914;0
915;0
916;0
917;0
918;0
919;0
920;0
921;0
922;0
923;0
924;0
925;0
926;0
927;0
928;1
929;0
930;0
931;0
932;0
933;0
934;0
935;0
936;0
937;1
938;1
939;0
940;0
941;1
942;0
943;0
944;0
945;2
946;2
947;0
948;0
949;1
950;0
951;0
952;1
953;1
954;0
955;0
956;0
957;1
958;0
959;2
960;2
961;0
962;0
963;0
964;2
965;2
966;2
967;0
968;0
969;2
970;0
971;2
972;2
973;1
974;0
975;2
976;2
977;1
978;0
979;2
980;1
981;0
982;0
983;0
984;0
985;0
986;2
987;0
988;0
989;2
990;0
991;0
992;0
993;0
994;0
995;1
996;0
997;0
998;0
999;0
1000;2
1001;2
1002;0
1003;0
1004;0
1005;0
1006;2
1007;0
1008;0
1009;2
1010;1
1011;2
1012;1
1013;0
1014;0
1015;0
1016;0
1017;0
1018;0
1019;0
1020;0
1021;0
1022;0
1023;0
