0;1
1;0
2;0
3;2
4;2
5;2
6;2
7;2
8;2
9;0
10;2
11;2
12;2
13;0
14;2
15;1
16;0
17;0
18;0
19;1
20;0
21;2
22;1
23;0
24;1
25;0
26;1
27;0
28;0
29;0
30;0
31;0
32;0
33;0
34;0
35;0
36;0
37;0
38;0
39;0
40;1
41;0
42;0
43;0
44;0
45;0
46;2
47;2
48;1
49;0
50;0
51;2
52;0
53;0
54;2
55;0
56;1
57;0
58;0
59;0
60;0
61;2
62;2
63;1
64;0
65;0
66;0
67;1
68;2
69;1
70;0
71;2
72;1
73;0
74;0
75;0
76;0
77;2
78;0
79;0
80;1
81;0
82;0
83;0
84;2
85;2
86;0
87;0
88;2
89;0
90;0
91;0
92;2
93;2
94;0
95;0
96;2
97;1
98;0
99;0
100;1
101;1
102;0
103;0
104;0
105;0
106;1
107;0
108;0
109;0
110;1
111;0
112;1
113;0
114;1
115;2
116;2
117;0
118;0
119;1
120;0
121;0
122;2
123;0
124;2
125;0
126;0
127;0
128;1
129;0
130;0
131;2
132;0
133;0
134;0
135;0
136;0
137;0
138;0
139;0
140;0
141;0
142;0
143;1
144;2
145;2
146;0
147;0
148;2
149;0
150;0
151;0
152;0
153;0
154;0
155;0
156;0
157;0
158;0
159;0
160;0
161;0
162;0
163;1
164;2
165;1
166;0
167;0
168;1
169;2
170;0
171;0
172;2
173;0
174;0
175;0
176;0
177;0
178;0
179;1
180;0
181;0
182;2
183;2
184;2
185;1
186;0
187;0
188;0
189;0
190;0
191;0
192;0
193;0
194;2
195;1
196;1
197;0
198;0
199;0
200;2
201;0
202;0
203;0
204;2
205;0
206;0
207;1
208;0
209;0
210;1
211;0
212;2
213;0
214;0
215;0
216;2
217;0
218;1
219;0
220;0
221;0
222;0
223;0
224;0
225;0
226;0
227;2
228;1
229;0
230;2
231;2
232;0
233;1
234;0
235;1
236;0
237;2
238;0
239;2
240;0
241;0
242;0
243;0
244;0
245;0
246;0
247;0
248;0
249;0
250;2
251;2
252;2
253;1
254;0
255;0
256;0
257;0
258;1
259;1
260;1
261;0
262;1
263;0
264;0
265;0
266;0
267;0
268;0
269;0
270;0
271;2
272;0
273;0
274;0
275;1
276;0
277;0
278;0
279;0
280;1
281;0
282;0
283;0
284;2
285;0
286;0
287;0
288;0
289;0
290;0
291;0
292;0
293;0
294;0
295;0
296;1
297;0
298;0
299;0
300;1
301;0
302;0
303;0
304;0
305;0
306;2
307;2
308;0
309;2
310;0
311;0
312;0
313;0
314;0
315;0
316;2
317;0
318;1
319;0
320;0
321;1
322;0
323;0
324;0
325;0
326;0
327;0
328;0
329;0
330;0
331;1
332;0
333;0
334;0
335;0
336;0
337;0
338;0
339;0
340;0
341;0
342;0
343;0
344;0
345;2
346;2
347;2
348;4
349;0
350;0
351;0
352;0
353;0
354;2
355;2
356;1
357;0
358;0
359;0
360;4
361;0
362;2
363;2
364;0
365;0
366;2
367;0
368;2
369;2
370;2
371;2
372;0
373;2
374;2
375;2
376;0
377;0
378;0
379;0
380;0
381;0
382;0
383;0
384;0
385;0
386;0
387;0
388;2
389;2
390;0
391;0
392;2
393;2
394;0
395;0
396;2
397;0
398;0
399;0
400;0
401;0
402;0
403;0
404;0
405;0
406;0
407;0
408;0
409;0
410;0
411;0
412;0
413;2
414;1
415;0
416;0
417;0
418;0
419;0
420;0
421;2
422;0
423;0
424;0
425;2
426;1
427;0
428;0
429;0
430;0
431;0
432;1
433;2
434;0
435;0
436;2
437;1
438;0
439;0
440;1
441;0
442;1
443;0
444;1
445;0
446;0
447;0
448;0
449;2
450;0
451;0
452;0
453;0
454;0
455;0
456;1
457;0
458;0
459;0
460;0
461;1
462;2
463;0
464;2
465;2
466;2
467;2
468;0
469;0
470;0
471;0
472;0
473;0
474;2
475;0
476;2
477;0
478;0
479;0
480;0
481;0
482;2
483;0
484;0
485;2
486;1
487;0
488;2
489;0
490;0
491;0
492;0
493;1
494;0
495;1
496;0
497;0
498;0
499;0
500;0
501;0
502;0
503;1
504;0
505;0
506;0
507;0
508;0
509;0
510;0
511;0
512;0
513;0
514;1
515;0
516;2
517;0
518;0
519;0
520;2
521;0
522;0
523;0
524;0
525;0
526;0
527;2
528;0
529;0
530;1
531;0
532;0
533;0
534;0
535;2
536;1
537;0
538;0
539;2
540;1
541;1
542;0
543;0
544;0
545;0
546;0
547;0
548;2
549;0
550;0
551;0
552;0
553;0
554;0
555;0
556;0
557;1
558;0
559;0
560;2
561;2
562;1
563;0
564;0
565;0
566;0
567;0
568;0
569;0
570;0
571;0
572;1
573;0
574;0
575;0
576;0
577;1
578;0
579;1
580;0
581;2
582;1
583;0
584;0
585;0
586;2
587;2
588;1
589;0
590;0
591;1
592;0
593;1
594;0
595;0
596;0
597;0
598;0
599;0
600;0
601;0
602;1
603;0
604;0
605;0
606;0
607;1
608;0
609;0
610;0
611;0
612;0
613;0
614;0
615;0
616;0
617;2
618;0
619;0
620;2
621;0
622;0
623;0
624;2
625;0
626;2
627;0
628;1
629;0
630;0
631;0
632;0
633;2
634;0
635;0
636;1
637;0
638;1
639;1
640;2
641;0
642;0
643;1
644;0
645;2
646;0
647;0
648;0
649;2
650;0
651;0
652;1
653;1
654;0
655;0
656;0
657;0
658;0
659;0
660;0
661;0
662;0
663;0
664;0
665;0
666;2
667;2
668;1
669;0
670;2
671;2
672;2
673;0
674;2
675;1
676;2
677;0
678;2
679;0
680;2
681;2
682;2
683;2
684;2
685;2
686;1
687;0
688;0
689;0
690;0
691;0
692;2
693;0
694;0
695;0
696;0
697;1
698;0
699;0
700;0
701;1
702;0
703;0
704;0
705;0
706;0
707;0
708;0
709;2
710;0
711;0
712;1
713;0
714;0
715;0
716;2
717;0
718;2
719;0
720;0
721;0
722;2
723;2
724;1
725;0
726;0
727;2
728;2
729;0
730;2
731;0
732;0
733;0
734;0
735;1
736;2
737;0
738;0
739;0
740;1
741;0
742;0
743;0
744;0
745;0
746;2
747;2
748;0
749;0
750;0
751;2
752;0
753;0
754;0
755;0
756;0
757;0
758;1
759;0
760;2
761;2
762;2
763;2
764;0
765;2
766;1
767;0
768;2
769;0
770;2
771;0
772;0
773;2
774;0
775;0
776;0
777;2
778;2
779;2
780;2
781;0
782;0
783;0
784;0
785;0
786;0
787;0
788;2
789;0
790;2
791;0
792;0
793;0
794;0
795;2
796;0
797;0
798;0
799;0
800;0
801;0
802;1
803;1
804;0
805;0
806;2
807;2
808;0
809;0
810;0
811;1
812;0
813;2
814;2
815;0
816;0
817;0
818;0
819;2
820;2
821;0
822;0
823;2
824;0
825;0
826;0
827;0
828;0
829;0
830;0
831;0
832;0
833;0
834;0
835;0
836;2
837;2
838;0
839;2
840;0
841;0
842;1
843;0
844;0
845;0
846;0
847;0
848;0
849;0
850;0
851;2
852;0
853;0
854;2
855;2
856;1
857;0
858;0
859;0
860;2
861;0
862;2
863;1
864;0
865;0
866;2
867;0
868;2
869;0
870;0
871;1
872;0
873;0
874;2
875;2
876;1
877;0
878;0
879;0
880;1
881;0
882;0
883;0
884;1
885;0
886;0
887;0
888;1
889;2
890;0
891;0
892;0
893;0
894;2
895;0
896;2
897;1
898;0
899;2
900;1
901;0
902;2
903;0
904;2
905;0
906;0
907;1
908;0
909;0
910;0
911;0
912;0
913;0
914;0
915;0
916;0
917;0
918;1
919;0
920;0
921;0
922;0
923;2
924;0
925;0
926;0
927;0
928;0
929;2
930;2
931;0
932;0
933;0
934;0
935;0
936;0
937;0
938;0
939;0
940;1
941;0
942;0
943;0
944;0
945;0
946;0
947;0
948;0
949;1
950;1
951;0
952;0
953;2
954;0
955;0
956;0
957;0
958;2
959;0
960;0
961;0
962;4
963;0
964;0
965;1
966;0
967;0
968;2
969;2
970;2
971;0
972;0
973;2
974;2
975;2
976;2
977;2
978;2
979;1
980;0
981;0
982;0
983;1
984;0
985;2
986;1
987;0
988;2
989;2
990;1
991;0
992;1
993;0
994;0
995;0
996;0
997;0
998;0
999;0
1000;0
1001;0
1002;0
1003;0
1004;0
1005;0
1006;0
1007;2
1008;0
1009;0
1010;0
1011;0
1012;1
1013;1
1014;1
1015;0
1016;0
1017;0
1018;0
1019;0
1020;0
1021;0
1022;0
1023;0
