0;1
1;0
2;0
3;0
4;2
5;2
6;2
7;1
8;2
9;1
10;1
11;0
12;1
13;0
14;1
15;0
16;0
17;1
18;0
19;1
20;2
21;2
22;0
23;0
24;1
25;0
26;0
27;0
28;2
29;0
30;0
31;0
32;1
33;2
34;2
35;0
36;1
37;1
38;1
39;0
40;1
41;0
42;0
43;0
44;1
45;0
46;0
47;0
48;0
49;0
50;1
51;0
52;0
53;0
54;0
55;0
56;0
57;0
58;0
59;0
60;1
61;1
62;0
63;0
64;0
65;2
66;0
67;0
68;0
69;0
70;0
71;0
72;0
73;0
74;0
75;0
76;1
77;0
78;0
79;2
80;2
81;0
82;0
83;2
84;0
85;0
86;0
87;0
88;1
89;0
90;0
91;2
92;2
93;0
94;0
95;0
96;0
97;0
98;0
99;0
100;0
101;0
102;0
103;0
104;0
105;0
106;0
107;0
108;0
109;0
110;0
111;0
112;2
113;0
114;2
115;2
116;2
117;2
118;0
119;0
120;2
121;2
122;2
123;2
124;2
125;0
126;0
127;0
128;0
129;0
130;2
131;2
132;2
133;0
134;0
135;0
136;0
137;0
138;0
139;0
140;2
141;0
142;1
143;1
144;1
145;0
146;0
147;0
148;0
149;0
150;0
151;0
152;2
153;1
154;0
155;0
156;0
157;0
158;0
159;0
160;0
161;0
162;0
163;1
164;1
165;0
166;0
167;0
168;0
169;0
170;2
171;2
172;2
173;0
174;1
175;0
176;0
177;1
178;0
179;0
180;2
181;0
182;0
183;0
184;0
185;1
186;1
187;0
188;0
189;1
190;0
191;0
192;2
193;1
194;0
195;0
196;1
197;0
198;0
199;0
200;0
201;0
202;0
203;2
204;0
205;0
206;1
207;0
208;0
209;0
210;0
211;0
212;2
213;0
214;0
215;0
216;2
217;2
218;0
219;0
220;0
221;0
222;0
223;0
224;2
225;0
226;0
227;0
228;0
229;2
230;0
231;0
232;1
233;0
234;1
235;0
236;0
237;0
238;2
239;0
240;0
241;0
242;1
243;0
244;0
245;0
246;2
247;0
248;0
249;0
250;0
251;0
252;0
253;2
254;0
255;0
256;0
257;0
258;0
259;0
260;0
261;0
262;0
263;2
264;1
265;0
266;2
267;0
268;1
269;2
270;2
271;1
272;1
273;0
274;2
275;0
276;2
277;2
278;2
279;2
280;1
281;0
282;0
283;0
284;1
285;0
286;0
287;0
288;2
289;0
290;1
291;1
292;0
293;0
294;0
295;0
296;0
297;1
298;0
299;0
300;0
301;1
302;0
303;0
304;0
305;2
306;2
307;2
308;0
309;2
310;0
311;0
312;0
313;0
314;0
315;1
316;0
317;0
318;0
319;2
320;4
321;0
322;2
323;2
324;2
325;1
326;0
327;2
328;1
329;0
330;1
331;0
332;1
333;0
334;1
335;2
336;2
337;0
338;0
339;0
340;0
341;0
342;0
343;2
344;0
345;1
346;0
347;1
348;2
349;0
350;0
351;2
352;2
353;0
354;0
355;0
356;0
357;0
358;0
359;0
360;0
361;0
362;0
363;0
364;0
365;0
366;2
367;2
368;0
369;2
370;0
371;0
372;0
373;0
374;0
375;0
376;0
377;0
378;1
379;0
380;0
381;0
382;0
383;0
384;0
385;0
386;2
387;0
388;2
389;2
390;0
391;0
392;2
393;0
394;0
395;0
396;2
397;1
398;0
399;0
400;0
401;0
402;2
403;1
404;0
405;1
406;0
407;0
408;1
409;0
410;0
411;0
412;1
413;0
414;0
415;0
416;2
417;0
418;0
419;0
420;0
421;0
422;0
423;0
424;0
425;0
426;0
427;2
428;0
429;0
430;0
431;0
432;0
433;0
434;1
435;0
436;0
437;0
438;0
439;0
440;0
441;1
442;0
443;2
444;0
445;0
446;0
447;0
448;0
449;0
450;0
451;2
452;2
453;0
454;0
455;0
456;0
457;0
458;0
459;0
460;0
461;0
462;0
463;2
464;0
465;0
466;0
467;0
468;0
469;0
470;0
471;0
472;2
473;0
474;0
475;2
476;0
477;1
478;1
479;0
480;0
481;0
482;0
483;0
484;1
485;0
486;0
487;0
488;2
489;2
490;2
491;2
492;2
493;2
494;0
495;0
496;0
497;0
498;2
499;0
500;0
501;2
502;2
503;1
504;0
505;0
506;0
507;0
508;0
509;0
510;0
511;0
512;1
513;0
514;0
515;0
516;1
517;0
518;0
519;0
520;0
521;0
522;0
523;0
524;0
525;0
526;2
527;0
528;0
529;1
530;0
531;2
532;2
533;2
534;2
535;2
536;0
537;0
538;0
539;0
540;2
541;1
542;0
543;0
544;2
545;0
546;0
547;0
548;0
549;0
550;0
551;0
552;0
553;0
554;0
555;0
556;1
557;0
558;0
559;2
560;2
561;0
562;1
563;2
564;2
565;2
566;2
567;0
568;1
569;0
570;2
571;2
572;0
573;0
574;0
575;1
576;1
577;0
578;0
579;0
580;0
581;0
582;0
583;0
584;1
585;0
586;0
587;0
588;1
589;0
590;0
591;0
592;2
593;0
594;0
595;0
596;2
597;0
598;0
599;0
600;2
601;0
602;0
603;0
604;2
605;0
606;0
607;0
608;0
609;0
610;0
611;0
612;1
613;0
614;1
615;0
616;0
617;2
618;0
619;0
620;2
621;1
622;0
623;0
624;1
625;1
626;0
627;0
628;0
629;0
630;0
631;0
632;0
633;0
634;0
635;0
636;2
637;0
638;0
639;2
640;0
641;0
642;0
643;0
644;0
645;1
646;0
647;0
648;2
649;0
650;2
651;0
652;0
653;0
654;0
655;0
656;0
657;0
658;0
659;2
660;0
661;0
662;0
663;0
664;0
665;2
666;0
667;2
668;2
669;2
670;1
671;2
672;1
673;0
674;0
675;0
676;0
677;0
678;0
679;2
680;0
681;0
682;0
683;0
684;0
685;0
686;0
687;0
688;0
689;0
690;0
691;0
692;1
693;0
694;0
695;0
696;0
697;0
698;0
699;0
700;2
701;0
702;0
703;2
704;0
705;0
706;2
707;1
708;0
709;0
710;0
711;2
712;2
713;0
714;2
715;2
716;2
717;0
718;0
719;0
720;0
721;0
722;0
723;0
724;0
725;0
726;1
727;0
728;0
729;0
730;0
731;2
732;2
733;0
734;0
735;0
736;0
737;0
738;0
739;0
740;1
741;0
742;2
743;0
744;0
745;0
746;2
747;2
748;0
749;1
750;0
751;0
752;1
753;0
754;0
755;0
756;0
757;2
758;0
759;2
760;0
761;0
762;2
763;0
764;0
765;2
766;2
767;2
768;0
769;0
770;1
771;0
772;0
773;0
774;2
775;0
776;0
777;0
778;1
779;0
780;0
781;0
782;0
783;1
784;0
785;0
786;0
787;0
788;0
789;0
790;0
791;0
792;0
793;0
794;1
795;0
796;0
797;1
798;0
799;0
800;0
801;2
802;2
803;0
804;1
805;1
806;0
807;0
808;0
809;0
810;0
811;0
812;0
813;0
814;0
815;0
816;0
817;2
818;2
819;2
820;1
821;0
822;0
823;0
824;2
825;1
826;0
827;1
828;0
829;0
830;1
831;1
832;2
833;1
834;0
835;0
836;0
837;0
838;0
839;0
840;0
841;0
842;0
843;0
844;0
845;0
846;0
847;0
848;0
849;2
850;2
851;0
852;0
853;2
854;0
855;0
856;1
857;1
858;0
859;1
860;0
861;0
862;2
863;0
864;0
865;2
866;1
867;0
868;0
869;1
870;0
871;0
872;2
873;0
874;0
875;2
876;0
877;0
878;1
879;0
880;2
881;0
882;1
883;1
884;0
885;0
886;0
887;2
888;0
889;0
890;1
891;0
892;0
893;0
894;0
895;1
896;2
897;2
898;2
899;0
900;0
901;0
902;0
903;1
904;0
905;0
906;0
907;2
908;0
909;0
910;1
911;0
912;2
913;0
914;1
915;0
916;0
917;2
918;2
919;1
920;0
921;0
922;0
923;0
924;0
925;2
926;2
927;2
928;2
929;2
930;0
931;0
932;0
933;0
934;0
935;0
936;0
937;0
938;0
939;1
940;0
941;1
942;0
943;0
944;0
945;2
946;2
947;2
948;0
949;0
950;0
951;1
952;0
953;0
954;0
955;0
956;0
957;0
958;2
959;2
960;1
961;0
962;0
963;2
964;0
965;0
966;0
967;0
968;0
969;0
970;0
971;2
972;0
973;1
974;0
975;0
976;1
977;0
978;0
979;2
980;0
981;0
982;2
983;1
984;0
985;0
986;0
987;0
988;2
989;0
990;0
991;2
992;0
993;0
994;0
995;0
996;0
997;2
998;2
999;2
1000;2
1001;1
1002;0
1003;0
1004;0
1005;0
1006;2
1007;2
1008;0
1009;0
1010;0
1011;2
1012;1
1013;0
1014;1
1015;1
1016;0
1017;0
1018;0
1019;0
1020;0
1021;0
1022;0
1023;0
