0;1
1;0
2;0
3;2
4;0
5;0
6;2
7;2
8;2
9;0
10;0
11;0
12;0
13;0
14;0
15;0
16;1
17;2
18;2
19;2
20;1
21;0
22;0
23;2
24;1
25;1
26;2
27;2
28;2
29;0
30;2
31;2
32;0
33;0
34;0
35;0
36;0
37;0
38;0
39;0
40;1
41;0
42;0
43;0
44;1
45;0
46;1
47;0
48;1
49;0
50;0
51;0
52;0
53;0
54;0
55;0
56;1
57;0
58;0
59;2
60;1
61;0
62;0
63;0
64;0
65;0
66;0
67;0
68;0
69;0
70;2
71;2
72;1
73;0
74;0
75;0
76;0
77;0
78;2
79;2
80;2
81;0
82;2
83;1
84;1
85;2
86;0
87;0
88;0
89;2
90;2
91;2
92;2
93;0
94;0
95;0
96;0
97;0
98;0
99;0
100;2
101;0
102;2
103;0
104;0
105;0
106;0
107;0
108;0
109;2
110;0
111;0
112;0
113;0
114;0
115;2
116;0
117;0
118;0
119;0
120;0
121;0
122;1
123;0
124;1
125;0
126;0
127;0
128;2
129;0
130;1
131;0
132;1
133;2
134;0
135;0
136;0
137;2
138;2
139;0
140;1
141;0
142;2
143;0
144;0
145;0
146;0
147;0
148;0
149;0
150;0
151;0
152;1
153;0
154;1
155;0
156;0
157;1
158;0
159;0
160;2
161;0
162;0
163;0
164;0
165;0
166;0
167;0
168;0
169;0
170;0
171;0
172;2
173;0
174;0
175;0
176;0
177;0
178;2
179;2
180;0
181;0
182;0
183;2
184;2
185;0
186;1
187;2
188;2
189;0
190;2
191;0
192;2
193;0
194;0
195;0
196;0
197;1
198;0
199;2
200;0
201;0
202;1
203;0
204;2
205;0
206;0
207;0
208;0
209;0
210;0
211;0
212;0
213;0
214;0
215;2
216;0
217;0
218;1
219;0
220;0
221;2
222;1
223;2
224;0
225;0
226;0
227;0
228;0
229;0
230;0
231;0
232;0
233;2
234;2
235;2
236;2
237;0
238;0
239;2
240;1
241;0
242;2
243;2
244;2
245;0
246;0
247;0
248;2
249;0
250;2
251;0
252;2
253;0
254;0
255;0
256;1
257;0
258;2
259;1
260;0
261;0
262;0
263;0
264;2
265;0
266;2
267;1
268;0
269;0
270;0
271;0
272;2
273;2
274;2
275;2
276;1
277;0
278;0
279;0
280;0
281;1
282;0
283;0
284;0
285;0
286;0
287;2
288;0
289;1
290;0
291;0
292;2
293;0
294;0
295;2
296;1
297;0
298;2
299;2
300;1
301;0
302;0
303;2
304;4
305;0
306;2
307;2
308;2
309;0
310;2
311;0
312;1
313;0
314;0
315;0
316;0
317;1
318;1
319;0
320;0
321;0
322;0
323;0
324;0
325;0
326;1
327;0
328;1
329;0
330;0
331;1
332;1
333;0
334;0
335;0
336;2
337;0
338;0
339;0
340;1
341;0
342;0
343;0
344;0
345;0
346;0
347;0
348;2
349;0
350;0
351;2
352;2
353;0
354;0
355;0
356;0
357;0
358;0
359;0
360;0
361;0
362;0
363;0
364;2
365;0
366;0
367;1
368;1
369;0
370;0
371;2
372;1
373;0
374;0
375;2
376;1
377;0
378;0
379;1
380;2
381;0
382;2
383;2
384;2
385;0
386;0
387;0
388;1
389;0
390;1
391;2
392;0
393;0
394;0
395;1
396;0
397;0
398;0
399;0
400;0
401;2
402;2
403;1
404;0
405;1
406;0
407;0
408;0
409;0
410;0
411;0
412;0
413;2
414;2
415;1
416;2
417;0
418;0
419;0
420;4
421;1
422;0
423;2
424;1
425;1
426;0
427;0
428;2
429;0
430;1
431;0
432;2
433;0
434;2
435;2
436;2
437;0
438;0
439;2
440;2
441;1
442;0
443;0
444;0
445;0
446;0
447;2
448;2
449;0
450;0
451;0
452;1
453;1
454;0
455;0
456;0
457;0
458;2
459;2
460;1
461;0
462;2
463;0
464;0
465;0
466;0
467;1
468;0
469;0
470;0
471;2
472;0
473;1
474;0
475;0
476;0
477;0
478;0
479;0
480;0
481;0
482;2
483;2
484;2
485;0
486;0
487;0
488;1
489;0
490;0
491;0
492;2
493;2
494;2
495;2
496;2
497;0
498;0
499;1
500;0
501;0
502;0
503;0
504;0
505;1
506;0
507;0
508;2
509;0
510;0
511;1
512;0
513;0
514;0
515;0
516;0
517;0
518;2
519;2
520;2
521;2
522;0
523;0
524;0
525;0
526;0
527;1
528;0
529;0
530;0
531;2
532;0
533;0
534;2
535;2
536;0
537;0
538;0
539;0
540;0
541;0
542;0
543;0
544;2
545;2
546;2
547;2
548;2
549;2
550;2
551;0
552;2
553;0
554;2
555;0
556;0
557;0
558;0
559;1
560;1
561;0
562;0
563;2
564;1
565;1
566;0
567;0
568;2
569;0
570;0
571;2
572;2
573;0
574;2
575;0
576;2
577;0
578;1
579;2
580;1
581;1
582;0
583;2
584;0
585;0
586;0
587;0
588;1
589;0
590;2
591;1
592;0
593;0
594;0
595;0
596;0
597;0
598;2
599;0
600;0
601;0
602;0
603;0
604;2
605;2
606;2
607;0
608;2
609;0
610;0
611;2
612;2
613;0
614;2
615;2
616;2
617;0
618;1
619;0
620;2
621;1
622;0
623;0
624;2
625;1
626;0
627;2
628;1
629;0
630;0
631;0
632;0
633;1
634;0
635;1
636;0
637;0
638;0
639;1
640;2
641;2
642;2
643;2
644;2
645;0
646;0
647;0
648;2
649;0
650;0
651;0
652;0
653;1
654;0
655;0
656;0
657;0
658;0
659;0
660;2
661;0
662;0
663;0
664;2
665;0
666;2
667;0
668;1
669;1
670;0
671;0
672;2
673;0
674;0
675;1
676;0
677;0
678;0
679;0
680;0
681;0
682;0
683;0
684;4
685;0
686;0
687;0
688;0
689;2
690;2
691;2
692;2
693;0
694;0
695;0
696;1
697;0
698;0
699;0
700;1
701;0
702;0
703;0
704;0
705;0
706;0
707;0
708;0
709;0
710;0
711;0
712;0
713;0
714;2
715;1
716;0
717;0
718;0
719;2
720;4
721;0
722;2
723;2
724;2
725;0
726;2
727;0
728;2
729;1
730;0
731;0
732;0
733;0
734;0
735;1
736;0
737;0
738;1
739;0
740;1
741;0
742;0
743;2
744;2
745;0
746;2
747;2
748;2
749;0
750;0
751;2
752;0
753;0
754;0
755;0
756;0
757;0
758;0
759;0
760;1
761;0
762;2
763;0
764;2
765;0
766;0
767;1
768;0
769;0
770;0
771;0
772;0
773;0
774;0
775;0
776;1
777;0
778;0
779;2
780;2
781;2
782;2
783;2
784;2
785;0
786;0
787;0
788;1
789;0
790;0
791;0
792;0
793;0
794;0
795;2
796;2
797;0
798;0
799;0
800;0
801;1
802;0
803;2
804;2
805;0
806;0
807;0
808;1
809;0
810;0
811;0
812;1
813;0
814;0
815;0
816;0
817;2
818;0
819;0
820;0
821;2
822;2
823;2
824;1
825;0
826;0
827;0
828;0
829;1
830;0
831;0
832;2
833;0
834;0
835;0
836;0
837;0
838;0
839;0
840;2
841;0
842;0
843;0
844;0
845;2
846;1
847;0
848;2
849;2
850;2
851;1
852;0
853;2
854;1
855;0
856;1
857;0
858;2
859;0
860;2
861;0
862;2
863;2
864;0
865;0
866;1
867;0
868;0
869;0
870;0
871;0
872;0
873;0
874;1
875;2
876;0
877;0
878;0
879;0
880;1
881;0
882;0
883;0
884;0
885;0
886;1
887;0
888;0
889;0
890;0
891;0
892;0
893;2
894;0
895;2
896;1
897;0
898;0
899;2
900;4
901;0
902;2
903;0
904;2
905;0
906;0
907;0
908;1
909;2
910;2
911;2
912;2
913;0
914;0
915;0
916;0
917;0
918;0
919;0
920;0
921;2
922;0
923;0
924;0
925;0
926;0
927;1
928;0
929;0
930;0
931;2
932;2
933;2
934;0
935;0
936;2
937;1
938;2
939;0
940;1
941;0
942;0
943;0
944;0
945;0
946;1
947;0
948;1
949;0
950;0
951;0
952;1
953;0
954;0
955;0
956;0
957;0
958;2
959;0
960;2
961;0
962;0
963;0
964;0
965;1
966;0
967;1
968;0
969;0
970;0
971;0
972;0
973;1
974;0
975;2
976;1
977;2
978;2
979;2
980;2
981;2
982;0
983;0
984;2
985;0
986;0
987;2
988;2
989;0
990;0
991;0
992;0
993;0
994;0
995;1
996;2
997;0
998;0
999;0
1000;1
1001;1
1002;0
1003;0
1004;0
1005;0
1006;0
1007;0
1008;2
1009;0
1010;0
1011;0
1012;0
1013;0
1014;0
1015;1
1016;0
1017;0
1018;0
1019;0
1020;0
1021;0
1022;0
1023;0
