0;0
1;0
2;0
3;2
4;1
5;2
6;2
7;1
8;0
9;0
10;2
11;1
12;4
13;0
14;1
15;0
16;0
17;0
18;2
19;2
20;2
21;2
22;0
23;2
24;1
25;0
26;0
27;0
28;2
29;2
30;0
31;0
32;1
33;2
34;0
35;0
36;2
37;1
38;1
39;0
40;1
41;0
42;1
43;0
44;2
45;0
46;0
47;0
48;0
49;0
50;0
51;0
52;2
53;0
54;0
55;0
56;0
57;0
58;0
59;0
60;1
61;1
62;0
63;2
64;0
65;0
66;0
67;0
68;0
69;1
70;0
71;0
72;0
73;0
74;0
75;0
76;2
77;1
78;0
79;2
80;2
81;0
82;2
83;0
84;0
85;0
86;0
87;0
88;1
89;0
90;0
91;2
92;2
93;0
94;1
95;2
96;2
97;0
98;0
99;0
100;0
101;0
102;1
103;2
104;2
105;0
106;0
107;1
108;0
109;0
110;2
111;1
112;0
113;1
114;2
115;2
116;2
117;2
118;0
119;0
120;0
121;0
122;2
123;2
124;2
125;0
126;0
127;0
128;0
129;2
130;1
131;0
132;2
133;0
134;0
135;0
136;0
137;0
138;2
139;0
140;2
141;1
142;2
143;1
144;2
145;0
146;0
147;0
148;0
149;1
150;0
151;0
152;0
153;0
154;1
155;1
156;0
157;0
158;2
159;1
160;0
161;2
162;0
163;0
164;0
165;0
166;0
167;0
168;0
169;0
170;0
171;2
172;2
173;1
174;1
175;0
176;2
177;2
178;2
179;0
180;2
181;1
182;1
183;0
184;1
185;0
186;0
187;0
188;0
189;0
190;1
191;0
192;2
193;2
194;2
195;0
196;2
197;0
198;0
199;0
200;0
201;0
202;2
203;1
204;0
205;0
206;0
207;0
208;0
209;0
210;0
211;0
212;2
213;0
214;0
215;0
216;0
217;1
218;0
219;0
220;0
221;0
222;0
223;0
224;2
225;0
226;1
227;2
228;1
229;2
230;0
231;2
232;2
233;1
234;0
235;0
236;2
237;0
238;2
239;0
240;0
241;0
242;1
243;0
244;1
245;0
246;2
247;0
248;0
249;2
250;4
251;1
252;0
253;0
254;2
255;1
256;0
257;0
258;2
259;1
260;1
261;0
262;0
263;2
264;4
265;0
266;2
267;2
268;2
269;0
270;2
271;0
272;2
273;1
274;0
275;2
276;0
277;0
278;0
279;0
280;2
281;0
282;0
283;1
284;0
285;0
286;0
287;0
288;2
289;0
290;0
291;0
292;0
293;2
294;0
295;0
296;0
297;0
298;2
299;2
300;1
301;0
302;0
303;2
304;1
305;1
306;0
307;2
308;2
309;0
310;0
311;0
312;0
313;0
314;1
315;1
316;0
317;1
318;1
319;2
320;1
321;2
322;2
323;2
324;0
325;2
326;2
327;2
328;1
329;0
330;0
331;0
332;1
333;0
334;1
335;0
336;0
337;0
338;0
339;0
340;0
341;0
342;0
343;1
344;0
345;1
346;0
347;2
348;2
349;2
350;2
351;1
352;0
353;1
354;1
355;2
356;4
357;0
358;0
359;2
360;0
361;0
362;1
363;2
364;2
365;0
366;2
367;2
368;0
369;0
370;0
371;0
372;0
373;0
374;0
375;0
376;0
377;0
378;1
379;0
380;0
381;0
382;0
383;0
384;0
385;0
386;0
387;0
388;2
389;0
390;0
391;0
392;2
393;0
394;0
395;0
396;1
397;0
398;1
399;2
400;1
401;0
402;2
403;2
404;2
405;1
406;0
407;2
408;0
409;0
410;0
411;0
412;4
413;1
414;0
415;2
416;2
417;0
418;2
419;0
420;1
421;0
422;0
423;0
424;0
425;2
426;0
427;1
428;0
429;0
430;0
431;2
432;1
433;0
434;0
435;0
436;0
437;0
438;1
439;0
440;1
441;1
442;0
443;2
444;0
445;0
446;0
447;0
448;0
449;0
450;0
451;2
452;2
453;1
454;1
455;1
456;0
457;0
458;0
459;0
460;0
461;0
462;1
463;2
464;2
465;0
466;0
467;1
468;2
469;0
470;0
471;0
472;1
473;0
474;0
475;0
476;1
477;0
478;0
479;1
480;0
481;0
482;0
483;0
484;0
485;0
486;0
487;1
488;2
489;2
490;2
491;2
492;2
493;0
494;0
495;0
496;0
497;2
498;2
499;0
500;0
501;0
502;2
503;0
504;0
505;0
506;1
507;2
508;2
509;0
510;0
511;0
512;1
513;0
514;0
515;0
516;0
517;2
518;0
519;2
520;0
521;0
522;1
523;2
524;1
525;0
526;2
527;0
528;0
529;2
530;2
531;2
532;4
533;2
534;2
535;2
536;0
537;0
538;1
539;0
540;2
541;1
542;1
543;2
544;2
545;0
546;2
547;0
548;1
549;0
550;0
551;0
552;0
553;2
554;0
555;0
556;2
557;2
558;2
559;0
560;0
561;0
562;0
563;0
564;0
565;0
566;0
567;0
568;0
569;0
570;0
571;0
572;1
573;0
574;0
575;0
576;0
577;0
578;0
579;0
580;0
581;0
582;1
583;0
584;2
585;0
586;0
587;0
588;2
589;0
590;1
591;2
592;1
593;0
594;2
595;2
596;1
597;0
598;0
599;2
600;2
601;2
602;2
603;1
604;0
605;0
606;2
607;0
608;1
609;0
610;0
611;0
612;1
613;1
614;0
615;0
616;0
617;1
618;0
619;0
620;0
621;0
622;1
623;0
624;0
625;0
626;2
627;0
628;2
629;2
630;0
631;0
632;2
633;0
634;0
635;0
636;0
637;1
638;1
639;0
640;1
641;0
642;2
643;0
644;0
645;0
646;0
647;0
648;0
649;0
650;1
651;0
652;0
653;0
654;0
655;0
656;0
657;0
658;2
659;0
660;1
661;0
662;1
663;2
664;1
665;0
666;0
667;0
668;0
669;0
670;0
671;2
672;0
673;1
674;0
675;1
676;1
677;0
678;0
679;2
680;0
681;0
682;0
683;0
684;0
685;0
686;0
687;0
688;0
689;0
690;0
691;0
692;0
693;0
694;0
695;0
696;0
697;0
698;0
699;0
700;0
701;2
702;2
703;0
704;2
705;0
706;0
707;2
708;0
709;0
710;1
711;1
712;0
713;0
714;0
715;0
716;1
717;2
718;1
719;0
720;0
721;0
722;0
723;2
724;1
725;2
726;0
727;0
728;1
729;0
730;0
731;0
732;0
733;2
734;0
735;2
736;0
737;0
738;0
739;0
740;0
741;2
742;1
743;0
744;0
745;0
746;1
747;0
748;0
749;0
750;2
751;0
752;0
753;0
754;0
755;2
756;0
757;0
758;0
759;1
760;0
761;0
762;0
763;0
764;1
765;0
766;0
767;0
768;0
769;0
770;1
771;0
772;0
773;0
774;0
775;0
776;0
777;2
778;2
779;0
780;1
781;1
782;2
783;0
784;2
785;0
786;0
787;1
788;0
789;0
790;0
791;2
792;2
793;2
794;2
795;1
796;0
797;0
798;0
799;0
800;0
801;2
802;1
803;2
804;0
805;2
806;0
807;0
808;2
809;0
810;1
811;0
812;2
813;0
814;1
815;2
816;1
817;0
818;1
819;0
820;1
821;0
822;0
823;2
824;0
825;0
826;0
827;2
828;2
829;0
830;2
831;0
832;2
833;0
834;2
835;1
836;0
837;0
838;2
839;0
840;0
841;2
842;1
843;0
844;1
845;0
846;0
847;0
848;0
849;1
850;0
851;0
852;0
853;0
854;2
855;1
856;0
857;0
858;0
859;0
860;2
861;0
862;0
863;0
864;1
865;0
866;0
867;2
868;2
869;0
870;2
871;2
872;1
873;0
874;1
875;1
876;0
877;2
878;0
879;0
880;0
881;0
882;1
883;2
884;2
885;0
886;0
887;1
888;0
889;2
890;0
891;2
892;1
893;0
894;1
895;2
896;2
897;0
898;0
899;0
900;1
901;2
902;1
903;0
904;4
905;0
906;1
907;0
908;0
909;2
910;2
911;2
912;2
913;0
914;1
915;2
916;2
917;2
918;2
919;2
920;2
921;0
922;0
923;0
924;0
925;0
926;0
927;0
928;0
929;1
930;1
931;1
932;0
933;1
934;0
935;0
936;0
937;2
938;2
939;2
940;0
941;0
942;1
943;2
944;2
945;0
946;0
947;0
948;0
949;0
950;0
951;0
952;1
953;0
954;0
955;0
956;0
957;0
958;0
959;0
960;0
961;0
962;0
963;2
964;0
965;1
966;0
967;0
968;1
969;0
970;0
971;0
972;0
973;0
974;2
975;1
976;0
977;2
978;0
979;0
980;2
981;0
982;0
983;4
984;1
985;0
986;0
987;0
988;0
989;2
990;2
991;2
992;1
993;0
994;0
995;0
996;0
997;2
998;0
999;0
1000;2
1001;1
1002;0
1003;2
1004;2
1005;2
1006;0
1007;0
1008;0
1009;0
1010;0
1011;0
1012;0
1013;0
1014;0
1015;0
1016;0
1017;0
1018;0
1019;0
1020;0
1021;0
1022;0
1023;0
