0;0
1;0
2;0
3;2
4;4
5;0
6;0
7;1
8;0
9;0
10;2
11;0
12;2
13;0
14;0
15;0
16;0
17;2
18;0
19;0
20;2
21;0
22;0
23;2
24;0
25;2
26;1
27;0
28;1
29;0
30;0
31;0
32;1
33;0
34;1
35;0
36;0
37;0
38;0
39;2
40;1
41;0
42;0
43;1
44;0
45;0
46;0
47;0
48;2
49;0
50;0
51;0
52;0
53;0
54;0
55;0
56;0
57;0
58;1
59;0
60;1
61;0
62;0
63;2
64;4
65;0
66;2
67;2
68;2
69;0
70;2
71;0
72;2
73;2
74;0
75;1
76;0
77;0
78;2
79;2
80;1
81;0
82;0
83;2
84;2
85;0
86;0
87;1
88;0
89;0
90;2
91;0
92;2
93;0
94;0
95;2
96;0
97;0
98;0
99;0
100;2
101;1
102;0
103;1
104;2
105;0
106;1
107;0
108;0
109;0
110;2
111;0
112;0
113;0
114;0
115;0
116;0
117;0
118;0
119;0
120;1
121;0
122;0
123;0
124;2
125;0
126;0
127;0
128;0
129;0
130;0
131;2
132;1
133;0
134;0
135;2
136;1
137;0
138;1
139;2
140;2
141;0
142;2
143;0
144;2
145;2
146;0
147;0
148;0
149;0
150;0
151;0
152;0
153;0
154;2
155;2
156;0
157;2
158;0
159;0
160;0
161;0
162;1
163;0
164;2
165;0
166;0
167;0
168;0
169;2
170;2
171;0
172;1
173;0
174;2
175;0
176;2
177;0
178;0
179;0
180;0
181;1
182;0
183;0
184;2
185;0
186;0
187;2
188;2
189;0
190;0
191;1
192;0
193;0
194;2
195;0
196;0
197;0
198;0
199;2
200;4
201;0
202;2
203;2
204;0
205;0
206;2
207;0
208;2
209;0
210;0
211;0
212;0
213;0
214;1
215;2
216;1
217;0
218;0
219;2
220;2
221;0
222;2
223;1
224;0
225;0
226;2
227;0
228;1
229;0
230;0
231;0
232;0
233;0
234;0
235;1
236;0
237;0
238;0
239;0
240;0
241;0
242;0
243;0
244;0
245;0
246;0
247;0
248;0
249;0
250;1
251;0
252;0
253;0
254;0
255;1
256;1
257;0
258;2
259;0
260;0
261;2
262;1
263;0
264;2
265;0
266;2
267;2
268;1
269;0
270;0
271;1
272;1
273;0
274;0
275;2
276;4
277;0
278;2
279;1
280;2
281;0
282;2
283;0
284;2
285;0
286;0
287;1
288;0
289;2
290;1
291;0
292;0
293;0
294;0
295;2
296;0
297;0
298;0
299;0
300;0
301;0
302;0
303;2
304;1
305;0
306;0
307;0
308;1
309;0
310;0
311;0
312;0
313;0
314;0
315;0
316;2
317;0
318;1
319;1
320;0
321;1
322;0
323;0
324;0
325;2
326;1
327;0
328;0
329;0
330;2
331;0
332;2
333;0
334;0
335;0
336;4
337;0
338;2
339;2
340;2
341;0
342;2
343;0
344;1
345;2
346;0
347;2
348;1
349;0
350;0
351;0
352;2
353;2
354;0
355;2
356;0
357;0
358;0
359;1
360;0
361;0
362;0
363;1
364;0
365;1
366;0
367;0
368;0
369;0
370;0
371;0
372;2
373;0
374;1
375;0
376;2
377;2
378;2
379;2
380;1
381;0
382;0
383;0
384;0
385;0
386;1
387;0
388;1
389;0
390;0
391;2
392;1
393;0
394;2
395;1
396;0
397;0
398;0
399;0
400;4
401;0
402;2
403;2
404;2
405;0
406;2
407;0
408;2
409;0
410;0
411;2
412;2
413;0
414;0
415;1
416;0
417;2
418;1
419;0
420;0
421;0
422;0
423;0
424;2
425;0
426;0
427;0
428;0
429;2
430;2
431;2
432;2
433;0
434;2
435;0
436;2
437;0
438;0
439;0
440;2
441;0
442;0
443;0
444;1
445;0
446;0
447;1
448;0
449;0
450;1
451;0
452;1
453;0
454;2
455;2
456;1
457;0
458;0
459;2
460;2
461;0
462;2
463;2
464;2
465;0
466;2
467;0
468;1
469;0
470;0
471;0
472;0
473;0
474;2
475;2
476;1
477;0
478;0
479;0
480;4
481;0
482;2
483;2
484;2
485;0
486;2
487;0
488;1
489;0
490;0
491;0
492;0
493;1
494;0
495;2
496;2
497;2
498;0
499;2
500;0
501;2
502;2
503;1
504;0
505;0
506;1
507;0
508;0
509;0
510;2
511;0
512;1
513;2
514;2
515;2
516;0
517;0
518;2
519;0
520;0
521;0
522;0
523;0
524;0
525;0
526;1
527;0
528;0
529;2
530;0
531;0
532;0
533;0
534;2
535;2
536;1
537;0
538;0
539;2
540;4
541;2
542;2
543;2
544;2
545;0
546;2
547;0
548;1
549;0
550;0
551;0
552;0
553;0
554;0
555;2
556;1
557;0
558;0
559;0
560;0
561;0
562;2
563;0
564;0
565;0
566;0
567;0
568;0
569;0
570;2
571;2
572;1
573;0
574;0
575;2
576;4
577;0
578;0
579;2
580;2
581;0
582;0
583;0
584;2
585;0
586;2
587;1
588;0
589;0
590;0
591;1
592;0
593;0
594;0
595;1
596;0
597;0
598;0
599;0
600;2
601;0
602;0
603;0
604;0
605;0
606;2
607;2
608;1
609;0
610;2
611;2
612;1
613;0
614;0
615;2
616;4
617;0
618;2
619;2
620;2
621;0
622;2
623;0
624;1
625;0
626;0
627;0
628;0
629;2
630;1
631;0
632;2
633;2
634;0
635;0
636;2
637;0
638;1
639;0
640;0
641;0
642;0
643;2
644;2
645;1
646;0
647;0
648;2
649;0
650;0
651;2
652;0
653;0
654;1
655;0
656;0
657;0
658;1
659;0
660;0
661;0
662;0
663;2
664;1
665;0
666;2
667;2
668;1
669;0
670;0
671;2
672;1
673;2
674;2
675;2
676;2
677;0
678;2
679;0
680;2
681;0
682;2
683;0
684;1
685;2
686;0
687;0
688;0
689;2
690;0
691;2
692;0
693;2
694;1
695;0
696;2
697;2
698;2
699;2
700;1
701;1
702;0
703;0
704;0
705;0
706;0
707;1
708;0
709;2
710;2
711;0
712;0
713;0
714;2
715;2
716;0
717;0
718;0
719;0
720;4
721;0
722;2
723;2
724;2
725;0
726;0
727;0
728;2
729;0
730;0
731;0
732;0
733;2
734;2
735;0
736;0
737;2
738;0
739;0
740;0
741;1
742;0
743;0
744;0
745;1
746;0
747;1
748;0
749;0
750;2
751;0
752;0
753;0
754;0
755;0
756;0
757;0
758;2
759;2
760;1
761;0
762;0
763;0
764;1
765;0
766;0
767;2
768;2
769;0
770;0
771;0
772;2
773;1
774;0
775;1
776;0
777;0
778;0
779;2
780;1
781;0
782;0
783;0
784;0
785;0
786;0
787;0
788;0
789;2
790;2
791;1
792;0
793;0
794;2
795;0
796;0
797;1
798;0
799;0
800;0
801;0
802;2
803;0
804;2
805;0
806;0
807;0
808;2
809;1
810;0
811;0
812;2
813;0
814;0
815;0
816;0
817;2
818;2
819;2
820;0
821;0
822;2
823;1
824;0
825;0
826;0
827;2
828;4
829;0
830;2
831;2
832;2
833;0
834;0
835;0
836;2
837;0
838;2
839;0
840;0
841;2
842;0
843;0
844;2
845;0
846;0
847;2
848;4
849;0
850;2
851;2
852;2
853;0
854;2
855;0
856;2
857;0
858;0
859;1
860;0
861;0
862;0
863;0
864;2
865;2
866;0
867;0
868;0
869;0
870;0
871;2
872;0
873;0
874;0
875;0
876;0
877;0
878;0
879;2
880;1
881;1
882;0
883;2
884;4
885;0
886;2
887;2
888;2
889;0
890;0
891;0
892;2
893;2
894;2
895;2
896;2
897;0
898;0
899;0
900;0
901;0
902;2
903;2
904;1
905;0
906;0
907;2
908;2
909;0
910;2
911;2
912;2
913;0
914;0
915;0
916;2
917;0
918;2
919;0
920;2
921;0
922;2
923;2
924;0
925;0
926;0
927;1
928;0
929;0
930;0
931;0
932;2
933;2
934;0
935;0
936;0
937;2
938;2
939;0
940;2
941;0
942;0
943;0
944;2
945;1
946;2
947;2
948;1
949;0
950;0
951;2
952;2
953;0
954;0
955;2
956;4
957;0
958;2
959;2
960;2
961;0
962;0
963;0
964;2
965;1
966;0
967;0
968;2
969;0
970;0
971;0
972;0
973;0
974;2
975;0
976;0
977;0
978;0
979;0
980;0
981;2
982;1
983;2
984;1
985;0
986;1
987;0
988;0
989;2
990;0
991;0
992;1
993;0
994;0
995;0
996;1
997;0
998;0
999;2
1000;0
1001;1
1002;0
1003;0
1004;0
1005;0
1006;0
1007;1
1008;0
1009;2
1010;2
1011;0
1012;0
1013;1
1014;1
1015;0
1016;0
1017;0
1018;0
1019;0
1020;0
1021;0
1022;0
1023;0
