0;1
1;0
2;0
3;0
4;1
5;0
6;2
7;1
8;2
9;0
10;0
11;0
12;2
13;0
14;0
15;0
16;0
17;0
18;0
19;0
20;1
21;0
22;0
23;0
24;1
25;0
26;2
27;2
28;0
29;0
30;0
31;0
32;0
33;0
34;0
35;0
36;0
37;0
38;1
39;0
40;1
41;0
42;0
43;0
44;0
45;0
46;1
47;0
48;0
49;0
50;0
51;0
52;0
53;0
54;1
55;0
56;0
57;0
58;0
59;1
60;0
61;0
62;0
63;2
64;4
65;0
66;2
67;2
68;0
69;0
70;2
71;0
72;2
73;2
74;2
75;2
76;1
77;0
78;0
79;1
80;2
81;2
82;0
83;0
84;0
85;0
86;0
87;0
88;2
89;0
90;0
91;0
92;1
93;2
94;0
95;1
96;0
97;0
98;0
99;2
100;1
101;2
102;1
103;0
104;0
105;0
106;0
107;0
108;0
109;0
110;0
111;0
112;0
113;2
114;0
115;0
116;0
117;2
118;0
119;0
120;1
121;1
122;0
123;0
124;0
125;0
126;1
127;0
128;0
129;1
130;0
131;0
132;2
133;2
134;0
135;0
136;2
137;0
138;2
139;0
140;0
141;0
142;0
143;0
144;0
145;2
146;1
147;0
148;1
149;2
150;0
151;0
152;0
153;1
154;0
155;0
156;0
157;0
158;2
159;2
160;1
161;0
162;0
163;2
164;2
165;2
166;2
167;0
168;0
169;0
170;2
171;2
172;2
173;1
174;2
175;2
176;2
177;0
178;1
179;0
180;0
181;0
182;2
183;0
184;0
185;0
186;0
187;0
188;0
189;1
190;0
191;0
192;0
193;0
194;0
195;0
196;2
197;1
198;0
199;0
200;2
201;0
202;1
203;0
204;0
205;0
206;0
207;0
208;0
209;1
210;0
211;2
212;2
213;0
214;2
215;0
216;0
217;0
218;0
219;0
220;1
221;0
222;0
223;2
224;0
225;0
226;0
227;2
228;1
229;0
230;0
231;0
232;0
233;2
234;0
235;2
236;2
237;0
238;0
239;1
240;1
241;0
242;0
243;0
244;0
245;1
246;0
247;0
248;2
249;0
250;0
251;2
252;1
253;0
254;2
255;1
256;0
257;0
258;1
259;0
260;1
261;0
262;1
263;0
264;0
265;0
266;0
267;2
268;1
269;0
270;0
271;0
272;2
273;0
274;0
275;2
276;2
277;0
278;2
279;0
280;1
281;0
282;0
283;0
284;2
285;2
286;2
287;2
288;1
289;0
290;0
291;1
292;0
293;0
294;0
295;0
296;0
297;0
298;0
299;2
300;0
301;0
302;0
303;0
304;0
305;0
306;2
307;2
308;0
309;0
310;0
311;2
312;4
313;0
314;2
315;2
316;0
317;0
318;0
319;0
320;2
321;0
322;0
323;0
324;0
325;0
326;0
327;0
328;0
329;0
330;1
331;0
332;0
333;0
334;0
335;0
336;0
337;0
338;2
339;2
340;1
341;0
342;0
343;0
344;2
345;0
346;2
347;2
348;0
349;0
350;2
351;0
352;0
353;2
354;2
355;2
356;2
357;1
358;0
359;0
360;0
361;0
362;0
363;0
364;2
365;2
366;0
367;0
368;0
369;0
370;0
371;1
372;0
373;0
374;0
375;0
376;2
377;2
378;0
379;0
380;0
381;0
382;0
383;0
384;2
385;0
386;0
387;0
388;1
389;0
390;1
391;0
392;1
393;0
394;1
395;0
396;2
397;1
398;0
399;0
400;0
401;0
402;0
403;0
404;0
405;1
406;0
407;0
408;0
409;0
410;0
411;0
412;0
413;0
414;0
415;0
416;0
417;0
418;0
419;0
420;0
421;0
422;0
423;2
424;2
425;0
426;1
427;0
428;0
429;2
430;1
431;0
432;0
433;2
434;0
435;0
436;0
437;0
438;2
439;0
440;0
441;0
442;1
443;0
444;2
445;0
446;2
447;0
448;2
449;0
450;0
451;0
452;1
453;2
454;0
455;0
456;0
457;0
458;1
459;0
460;1
461;0
462;2
463;0
464;0
465;0
466;0
467;0
468;2
469;0
470;0
471;0
472;2
473;0
474;1
475;0
476;0
477;0
478;0
479;1
480;0
481;0
482;0
483;0
484;0
485;0
486;2
487;2
488;2
489;2
490;2
491;2
492;2
493;0
494;0
495;0
496;0
497;1
498;0
499;1
500;0
501;0
502;2
503;1
504;0
505;0
506;0
507;2
508;2
509;2
510;2
511;2
512;2
513;0
514;1
515;0
516;0
517;0
518;0
519;1
520;0
521;1
522;0
523;2
524;2
525;0
526;2
527;0
528;0
529;0
530;2
531;0
532;0
533;0
534;0
535;1
536;0
537;0
538;1
539;0
540;0
541;0
542;0
543;1
544;1
545;0
546;0
547;1
548;0
549;0
550;0
551;2
552;2
553;0
554;2
555;0
556;0
557;2
558;0
559;0
560;0
561;0
562;2
563;2
564;1
565;2
566;0
567;2
568;2
569;2
570;2
571;2
572;2
573;0
574;0
575;0
576;2
577;1
578;0
579;2
580;1
581;1
582;0
583;0
584;1
585;1
586;0
587;0
588;2
589;0
590;0
591;0
592;2
593;1
594;0
595;1
596;0
597;0
598;2
599;1
600;0
601;0
602;0
603;2
604;4
605;0
606;2
607;1
608;2
609;0
610;0
611;0
612;1
613;0
614;0
615;0
616;0
617;0
618;0
619;2
620;0
621;0
622;0
623;1
624;0
625;0
626;2
627;0
628;0
629;0
630;1
631;0
632;2
633;0
634;0
635;2
636;0
637;0
638;1
639;0
640;0
641;0
642;0
643;0
644;2
645;0
646;0
647;0
648;0
649;0
650;2
651;0
652;0
653;0
654;0
655;0
656;0
657;0
658;2
659;0
660;1
661;0
662;0
663;2
664;2
665;0
666;2
667;1
668;0
669;0
670;1
671;0
672;0
673;2
674;0
675;0
676;2
677;2
678;2
679;2
680;2
681;0
682;0
683;0
684;2
685;0
686;2
687;1
688;0
689;0
690;1
691;1
692;2
693;2
694;2
695;2
696;2
697;0
698;0
699;0
700;1
701;0
702;0
703;0
704;1
705;0
706;1
707;0
708;0
709;2
710;0
711;0
712;2
713;0
714;2
715;1
716;0
717;0
718;0
719;0
720;2
721;0
722;0
723;2
724;2
725;0
726;0
727;1
728;0
729;2
730;1
731;0
732;2
733;0
734;2
735;0
736;1
737;0
738;2
739;1
740;0
741;0
742;0
743;2
744;0
745;2
746;2
747;0
748;0
749;2
750;2
751;0
752;0
753;2
754;2
755;0
756;0
757;0
758;0
759;0
760;0
761;0
762;0
763;0
764;0
765;0
766;0
767;2
768;0
769;1
770;0
771;0
772;0
773;0
774;0
775;2
776;1
777;1
778;1
779;0
780;2
781;0
782;0
783;0
784;2
785;1
786;0
787;0
788;0
789;0
790;1
791;0
792;0
793;0
794;0
795;1
796;0
797;0
798;2
799;0
800;0
801;2
802;0
803;0
804;0
805;0
806;0
807;0
808;2
809;1
810;1
811;0
812;0
813;2
814;2
815;0
816;2
817;0
818;1
819;0
820;0
821;2
822;1
823;0
824;1
825;0
826;0
827;0
828;0
829;0
830;0
831;2
832;0
833;1
834;0
835;0
836;1
837;0
838;0
839;0
840;0
841;2
842;2
843;1
844;0
845;0
846;0
847;0
848;0
849;0
850;1
851;0
852;2
853;0
854;0
855;0
856;1
857;1
858;1
859;0
860;0
861;0
862;2
863;2
864;2
865;2
866;1
867;0
868;1
869;0
870;0
871;0
872;2
873;0
874;2
875;2
876;1
877;2
878;2
879;0
880;0
881;0
882;0
883;2
884;2
885;0
886;0
887;0
888;1
889;2
890;0
891;2
892;1
893;1
894;0
895;0
896;2
897;0
898;0
899;0
900;0
901;0
902;2
903;2
904;1
905;0
906;0
907;0
908;0
909;0
910;0
911;0
912;2
913;0
914;2
915;2
916;2
917;0
918;2
919;0
920;0
921;0
922;0
923;0
924;0
925;0
926;0
927;0
928;2
929;0
930;0
931;0
932;0
933;0
934;2
935;0
936;0
937;2
938;1
939;1
940;2
941;0
942;1
943;0
944;0
945;1
946;0
947;0
948;2
949;2
950;0
951;0
952;0
953;0
954;1
955;1
956;0
957;0
958;2
959;1
960;0
961;0
962;0
963;0
964;1
965;0
966;0
967;0
968;1
969;0
970;0
971;2
972;2
973;2
974;0
975;0
976;2
977;0
978;2
979;0
980;0
981;0
982;0
983;2
984;2
985;0
986;0
987;0
988;0
989;0
990;0
991;1
992;2
993;0
994;0
995;0
996;2
997;0
998;2
999;0
1000;1
1001;0
1002;2
1003;2
1004;1
1005;0
1006;0
1007;2
1008;1
1009;2
1010;2
1011;2
1012;1
1013;0
1014;1
1015;0
1016;0
1017;0
1018;0
1019;0
1020;0
1021;0
1022;0
1023;0
