0;1
1;0
2;0
3;2
4;1
5;2
6;2
7;2
8;1
9;0
10;2
11;0
12;1
13;0
14;1
15;0
16;0
17;0
18;0
19;1
20;0
21;1
22;0
23;2
24;2
25;0
26;0
27;0
28;2
29;0
30;1
31;0
32;1
33;2
34;2
35;0
36;0
37;0
38;0
39;0
40;2
41;1
42;1
43;0
44;2
45;0
46;2
47;0
48;0
49;2
50;0
51;0
52;2
53;0
54;0
55;0
56;0
57;0
58;0
59;0
60;1
61;0
62;0
63;2
64;0
65;0
66;0
67;0
68;0
69;1
70;0
71;0
72;1
73;0
74;0
75;0
76;0
77;0
78;2
79;2
80;2
81;0
82;0
83;2
84;0
85;0
86;0
87;2
88;1
89;0
90;0
91;2
92;2
93;0
94;2
95;0
96;0
97;0
98;2
99;0
100;0
101;0
102;2
103;2
104;1
105;0
106;0
107;2
108;2
109;0
110;2
111;2
112;2
113;0
114;2
115;0
116;2
117;2
118;2
119;0
120;2
121;0
122;0
123;0
124;0
125;0
126;0
127;0
128;0
129;0
130;0
131;0
132;0
133;2
134;2
135;2
136;1
137;0
138;0
139;0
140;2
141;0
142;0
143;0
144;0
145;0
146;0
147;0
148;2
149;0
150;2
151;0
152;1
153;0
154;0
155;0
156;0
157;0
158;2
159;2
160;1
161;0
162;0
163;2
164;2
165;0
166;0
167;2
168;2
169;0
170;2
171;0
172;4
173;0
174;2
175;0
176;0
177;0
178;2
179;0
180;2
181;0
182;0
183;0
184;0
185;0
186;0
187;0
188;1
189;1
190;0
191;0
192;0
193;0
194;0
195;1
196;0
197;0
198;2
199;0
200;0
201;2
202;0
203;0
204;2
205;0
206;2
207;1
208;0
209;0
210;0
211;0
212;0
213;0
214;1
215;0
216;1
217;0
218;0
219;0
220;1
221;0
222;0
223;2
224;4
225;0
226;2
227;1
228;0
229;0
230;2
231;0
232;2
233;0
234;0
235;0
236;0
237;1
238;2
239;0
240;1
241;0
242;0
243;1
244;0
245;2
246;1
247;0
248;0
249;2
250;2
251;2
252;0
253;0
254;0
255;1
256;0
257;0
258;0
259;0
260;0
261;0
262;0
263;0
264;0
265;0
266;0
267;0
268;2
269;0
270;0
271;0
272;0
273;2
274;0
275;2
276;0
277;1
278;1
279;0
280;0
281;0
282;0
283;0
284;0
285;0
286;1
287;0
288;0
289;0
290;2
291;0
292;0
293;2
294;2
295;0
296;0
297;2
298;0
299;0
300;1
301;0
302;2
303;0
304;0
305;0
306;0
307;0
308;0
309;0
310;0
311;0
312;2
313;0
314;0
315;0
316;0
317;0
318;0
319;0
320;2
321;0
322;0
323;1
324;0
325;1
326;0
327;0
328;0
329;2
330;2
331;0
332;0
333;0
334;0
335;0
336;2
337;2
338;2
339;2
340;1
341;0
342;0
343;0
344;0
345;0
346;2
347;0
348;0
349;1
350;0
351;2
352;2
353;2
354;2
355;0
356;0
357;2
358;2
359;2
360;0
361;0
362;0
363;0
364;2
365;1
366;2
367;0
368;2
369;0
370;0
371;0
372;0
373;0
374;2
375;2
376;0
377;1
378;0
379;2
380;2
381;0
382;0
383;2
384;2
385;0
386;2
387;0
388;0
389;2
390;0
391;0
392;0
393;2
394;2
395;0
396;0
397;0
398;2
399;2
400;0
401;0
402;0
403;0
404;0
405;0
406;0
407;0
408;0
409;0
410;0
411;1
412;0
413;0
414;0
415;2
416;4
417;0
418;2
419;2
420;2
421;0
422;2
423;0
424;2
425;0
426;0
427;0
428;0
429;0
430;2
431;0
432;1
433;0
434;0
435;0
436;0
437;0
438;0
439;0
440;2
441;2
442;2
443;0
444;0
445;0
446;2
447;2
448;2
449;1
450;1
451;2
452;0
453;2
454;0
455;0
456;1
457;0
458;0
459;0
460;2
461;0
462;2
463;0
464;0
465;0
466;0
467;0
468;0
469;0
470;1
471;2
472;2
473;0
474;2
475;2
476;0
477;0
478;0
479;0
480;0
481;0
482;0
483;0
484;1
485;1
486;0
487;2
488;0
489;0
490;1
491;0
492;1
493;0
494;0
495;2
496;4
497;0
498;0
499;0
500;2
501;0
502;2
503;0
504;2
505;0
506;0
507;1
508;0
509;0
510;2
511;0
512;0
513;0
514;2
515;1
516;0
517;0
518;0
519;0
520;0
521;0
522;2
523;2
524;2
525;0
526;2
527;0
528;2
529;0
530;2
531;0
532;0
533;0
534;0
535;0
536;0
537;0
538;0
539;0
540;1
541;0
542;0
543;0
544;1
545;0
546;0
547;0
548;1
549;1
550;1
551;0
552;0
553;0
554;0
555;0
556;0
557;0
558;0
559;1
560;2
561;2
562;1
563;0
564;2
565;2
566;0
567;0
568;0
569;2
570;2
571;0
572;0
573;2
574;2
575;2
576;0
577;2
578;2
579;0
580;0
581;0
582;0
583;0
584;1
585;0
586;0
587;1
588;1
589;0
590;1
591;2
592;0
593;0
594;0
595;2
596;1
597;0
598;2
599;0
600;0
601;0
602;2
603;2
604;0
605;0
606;0
607;2
608;1
609;2
610;1
611;2
612;2
613;0
614;2
615;0
616;1
617;0
618;2
619;0
620;0
621;1
622;2
623;0
624;2
625;0
626;2
627;2
628;2
629;0
630;2
631;0
632;0
633;0
634;0
635;1
636;0
637;0
638;0
639;0
640;2
641;2
642;0
643;0
644;1
645;0
646;0
647;0
648;0
649;0
650;0
651;0
652;0
653;0
654;0
655;0
656;1
657;0
658;0
659;0
660;2
661;0
662;0
663;0
664;2
665;0
666;0
667;0
668;2
669;2
670;0
671;2
672;2
673;0
674;2
675;0
676;0
677;0
678;0
679;0
680;0
681;0
682;0
683;0
684;0
685;2
686;0
687;0
688;0
689;1
690;0
691;0
692;1
693;1
694;0
695;0
696;0
697;0
698;0
699;0
700;1
701;0
702;0
703;0
704;0
705;0
706;0
707;0
708;0
709;0
710;0
711;0
712;0
713;0
714;2
715;0
716;0
717;2
718;2
719;1
720;0
721;0
722;0
723;2
724;0
725;0
726;0
727;2
728;0
729;0
730;0
731;0
732;0
733;0
734;0
735;2
736;2
737;2
738;1
739;2
740;1
741;0
742;0
743;0
744;0
745;0
746;0
747;2
748;1
749;1
750;2
751;0
752;0
753;0
754;0
755;0
756;0
757;0
758;0
759;0
760;0
761;0
762;0
763;0
764;0
765;0
766;1
767;2
768;1
769;1
770;0
771;0
772;0
773;2
774;0
775;0
776;0
777;2
778;1
779;0
780;2
781;0
782;0
783;2
784;1
785;0
786;2
787;0
788;0
789;0
790;0
791;0
792;0
793;0
794;2
795;1
796;0
797;0
798;2
799;2
800;0
801;2
802;0
803;0
804;1
805;0
806;0
807;0
808;0
809;1
810;1
811;2
812;0
813;0
814;0
815;0
816;0
817;2
818;0
819;0
820;0
821;0
822;2
823;0
824;2
825;0
826;0
827;2
828;0
829;0
830;2
831;0
832;0
833;2
834;2
835;0
836;1
837;1
838;0
839;0
840;0
841;2
842;0
843;0
844;2
845;0
846;0
847;1
848;0
849;0
850;0
851;0
852;0
853;0
854;0
855;0
856;0
857;0
858;0
859;0
860;0
861;1
862;0
863;0
864;0
865;2
866;2
867;0
868;1
869;1
870;2
871;0
872;2
873;0
874;0
875;0
876;0
877;0
878;0
879;0
880;0
881;2
882;2
883;2
884;1
885;0
886;2
887;1
888;0
889;0
890;0
891;2
892;1
893;2
894;2
895;1
896;0
897;0
898;2
899;0
900;2
901;0
902;1
903;1
904;0
905;0
906;1
907;2
908;0
909;2
910;2
911;0
912;0
913;0
914;2
915;0
916;0
917;0
918;2
919;0
920;0
921;0
922;0
923;0
924;0
925;2
926;1
927;2
928;0
929;2
930;0
931;0
932;2
933;0
934;0
935;0
936;1
937;0
938;0
939;0
940;0
941;0
942;1
943;0
944;0
945;1
946;1
947;1
948;1
949;0
950;0
951;2
952;0
953;0
954;2
955;2
956;0
957;1
958;1
959;1
960;0
961;0
962;0
963;2
964;0
965;2
966;2
967;0
968;0
969;0
970;0
971;0
972;1
973;0
974;0
975;0
976;0
977;2
978;1
979;0
980;2
981;0
982;0
983;1
984;0
985;1
986;0
987;0
988;2
989;0
990;1
991;0
992;2
993;2
994;1
995;0
996;2
997;2
998;2
999;0
1000;0
1001;0
1002;2
1003;2
1004;2
1005;0
1006;0
1007;0
1008;0
1009;0
1010;0
1011;2
1012;0
1013;0
1014;1
1015;0
1016;0
1017;0
1018;0
1019;0
1020;0
1021;0
1022;0
1023;0
