0;1
1;0
2;0
3;2
4;2
5;0
6;2
7;1
8;0
9;0
10;0
11;0
12;1
13;0
14;1
15;0
16;0
17;2
18;2
19;1
20;0
21;2
22;0
23;0
24;2
25;0
26;0
27;0
28;2
29;0
30;0
31;0
32;0
33;2
34;2
35;0
36;2
37;1
38;1
39;0
40;2
41;1
42;2
43;0
44;2
45;0
46;0
47;0
48;0
49;2
50;0
51;0
52;2
53;0
54;0
55;0
56;1
57;0
58;0
59;0
60;0
61;0
62;0
63;2
64;0
65;0
66;0
67;0
68;0
69;0
70;0
71;0
72;0
73;0
74;2
75;0
76;2
77;2
78;1
79;0
80;0
81;0
82;0
83;0
84;0
85;0
86;0
87;0
88;2
89;0
90;0
91;2
92;0
93;0
94;1
95;0
96;0
97;0
98;0
99;0
100;0
101;0
102;1
103;0
104;0
105;0
106;0
107;1
108;0
109;0
110;0
111;1
112;0
113;2
114;1
115;2
116;2
117;2
118;0
119;0
120;0
121;2
122;2
123;1
124;0
125;0
126;0
127;0
128;0
129;0
130;2
131;2
132;2
133;0
134;0
135;2
136;0
137;2
138;0
139;0
140;2
141;0
142;1
143;0
144;1
145;0
146;0
147;0
148;0
149;2
150;2
151;0
152;2
153;2
154;1
155;0
156;0
157;0
158;1
159;0
160;0
161;0
162;0
163;0
164;1
165;0
166;0
167;0
168;0
169;2
170;2
171;1
172;2
173;0
174;1
175;0
176;0
177;2
178;2
179;0
180;2
181;2
182;0
183;0
184;0
185;0
186;1
187;1
188;1
189;0
190;2
191;2
192;1
193;0
194;0
195;2
196;4
197;0
198;2
199;2
200;4
201;0
202;2
203;0
204;1
205;0
206;2
207;2
208;2
209;0
210;0
211;0
212;1
213;0
214;2
215;0
216;1
217;0
218;0
219;0
220;2
221;1
222;0
223;0
224;0
225;1
226;0
227;2
228;0
229;0
230;0
231;1
232;0
233;0
234;0
235;0
236;0
237;2
238;0
239;0
240;0
241;0
242;0
243;0
244;2
245;0
246;0
247;0
248;0
249;2
250;0
251;2
252;0
253;1
254;1
255;0
256;0
257;0
258;2
259;0
260;0
261;0
262;1
263;0
264;0
265;0
266;2
267;0
268;1
269;2
270;2
271;0
272;1
273;2
274;2
275;2
276;2
277;0
278;1
279;0
280;2
281;0
282;0
283;0
284;0
285;0
286;0
287;0
288;2
289;0
290;2
291;0
292;0
293;0
294;0
295;0
296;2
297;0
298;0
299;0
300;0
301;1
302;0
303;0
304;2
305;0
306;1
307;0
308;0
309;0
310;0
311;0
312;2
313;2
314;2
315;0
316;0
317;0
318;0
319;0
320;0
321;0
322;1
323;0
324;0
325;0
326;0
327;2
328;4
329;1
330;0
331;2
332;2
333;2
334;0
335;2
336;1
337;0
338;0
339;0
340;0
341;1
342;1
343;0
344;2
345;0
346;2
347;0
348;0
349;0
350;0
351;2
352;0
353;0
354;0
355;0
356;0
357;1
358;0
359;2
360;1
361;0
362;1
363;0
364;0
365;2
366;0
367;0
368;0
369;0
370;0
371;0
372;0
373;0
374;2
375;2
376;0
377;0
378;0
379;0
380;0
381;0
382;0
383;0
384;0
385;0
386;0
387;0
388;0
389;0
390;0
391;2
392;0
393;0
394;2
395;2
396;2
397;2
398;0
399;0
400;2
401;0
402;0
403;0
404;2
405;0
406;1
407;0
408;0
409;0
410;2
411;0
412;2
413;2
414;0
415;1
416;0
417;1
418;0
419;0
420;2
421;1
422;0
423;2
424;2
425;0
426;1
427;0
428;0
429;2
430;0
431;0
432;0
433;0
434;0
435;0
436;0
437;0
438;1
439;2
440;1
441;0
442;0
443;0
444;0
445;0
446;0
447;0
448;2
449;0
450;0
451;2
452;0
453;0
454;0
455;0
456;1
457;0
458;0
459;2
460;2
461;0
462;1
463;0
464;1
465;0
466;0
467;0
468;0
469;0
470;1
471;2
472;1
473;0
474;0
475;2
476;2
477;0
478;2
479;1
480;2
481;0
482;0
483;0
484;1
485;0
486;0
487;0
488;0
489;0
490;0
491;0
492;0
493;0
494;0
495;0
496;2
497;0
498;0
499;0
500;0
501;0
502;0
503;2
504;2
505;2
506;2
507;0
508;1
509;0
510;0
511;0
512;0
513;2
514;2
515;0
516;0
517;0
518;2
519;2
520;0
521;0
522;0
523;0
524;0
525;0
526;2
527;0
528;1
529;0
530;0
531;0
532;0
533;0
534;0
535;2
536;2
537;0
538;0
539;0
540;1
541;0
542;0
543;0
544;0
545;2
546;2
547;2
548;2
549;2
550;0
551;0
552;0
553;0
554;1
555;0
556;0
557;2
558;2
559;0
560;0
561;0
562;0
563;0
564;0
565;0
566;0
567;0
568;2
569;0
570;0
571;0
572;2
573;2
574;0
575;0
576;2
577;1
578;0
579;0
580;0
581;0
582;0
583;0
584;2
585;0
586;0
587;0
588;1
589;0
590;0
591;0
592;2
593;0
594;0
595;0
596;2
597;0
598;0
599;0
600;1
601;0
602;0
603;2
604;4
605;0
606;0
607;0
608;0
609;0
610;0
611;0
612;1
613;0
614;0
615;0
616;2
617;2
618;0
619;0
620;1
621;0
622;1
623;0
624;0
625;1
626;0
627;0
628;0
629;0
630;0
631;0
632;0
633;0
634;0
635;0
636;0
637;0
638;0
639;2
640;0
641;0
642;0
643;0
644;0
645;0
646;0
647;0
648;0
649;0
650;2
651;0
652;0
653;0
654;0
655;0
656;2
657;0
658;2
659;2
660;0
661;0
662;0
663;0
664;0
665;0
666;0
667;2
668;2
669;2
670;1
671;2
672;1
673;0
674;0
675;0
676;0
677;0
678;0
679;4
680;0
681;2
682;0
683;1
684;1
685;0
686;2
687;2
688;1
689;0
690;0
691;2
692;4
693;0
694;1
695;1
696;2
697;0
698;2
699;0
700;2
701;1
702;1
703;2
704;0
705;0
706;0
707;0
708;2
709;0
710;1
711;1
712;0
713;0
714;0
715;2
716;0
717;1
718;0
719;0
720;0
721;2
722;1
723;0
724;2
725;0
726;0
727;2
728;2
729;0
730;1
731;0
732;0
733;0
734;0
735;0
736;1
737;2
738;2
739;0
740;0
741;0
742;2
743;2
744;0
745;2
746;0
747;0
748;1
749;1
750;0
751;2
752;0
753;2
754;0
755;2
756;0
757;0
758;0
759;0
760;0
761;2
762;1
763;2
764;0
765;0
766;1
767;0
768;0
769;0
770;2
771;0
772;0
773;0
774;0
775;0
776;0
777;0
778;0
779;1
780;0
781;0
782;0
783;0
784;0
785;0
786;0
787;0
788;0
789;0
790;1
791;0
792;0
793;0
794;0
795;0
796;0
797;0
798;2
799;0
800;2
801;1
802;0
803;0
804;2
805;0
806;0
807;0
808;0
809;0
810;0
811;0
812;2
813;2
814;2
815;1
816;2
817;0
818;0
819;0
820;0
821;2
822;1
823;0
824;1
825;0
826;2
827;2
828;2
829;2
830;0
831;0
832;0
833;0
834;1
835;0
836;0
837;0
838;1
839;0
840;1
841;0
842;0
843;0
844;0
845;1
846;2
847;0
848;0
849;2
850;0
851;0
852;1
853;2
854;0
855;0
856;0
857;0
858;2
859;0
860;0
861;1
862;0
863;0
864;0
865;1
866;0
867;0
868;1
869;0
870;0
871;2
872;0
873;0
874;1
875;0
876;0
877;0
878;1
879;1
880;0
881;0
882;0
883;1
884;0
885;2
886;2
887;0
888;0
889;0
890;0
891;0
892;2
893;2
894;0
895;0
896;0
897;0
898;1
899;0
900;0
901;0
902;0
903;1
904;0
905;0
906;1
907;0
908;2
909;1
910;0
911;0
912;0
913;0
914;1
915;0
916;2
917;0
918;1
919;0
920;0
921;2
922;2
923;2
924;2
925;0
926;0
927;0
928;0
929;0
930;0
931;0
932;0
933;0
934;1
935;0
936;0
937;1
938;0
939;0
940;2
941;1
942;0
943;1
944;2
945;0
946;0
947;0
948;0
949;0
950;0
951;0
952;0
953;0
954;0
955;2
956;1
957;0
958;0
959;2
960;0
961;0
962;0
963;0
964;0
965;1
966;0
967;2
968;0
969;0
970;0
971;0
972;1
973;0
974;0
975;0
976;0
977;0
978;0
979;1
980;0
981;2
982;0
983;0
984;2
985;0
986;0
987;1
988;0
989;2
990;0
991;0
992;2
993;2
994;2
995;2
996;2
997;1
998;0
999;0
1000;0
1001;0
1002;0
1003;0
1004;2
1005;2
1006;1
1007;2
1008;2
1009;0
1010;0
1011;0
1012;0
1013;0
1014;0
1015;1
1016;0
1017;0
1018;0
1019;0
1020;0
1021;0
1022;0
1023;0
