0;0
1;0
2;0
3;2
4;2
5;0
6;2
7;2
8;2
9;0
10;0
11;0
12;2
13;0
14;0
15;0
16;0
17;2
18;1
19;0
20;0
21;0
22;2
23;0
24;2
25;0
26;2
27;2
28;2
29;2
30;0
31;0
32;0
33;0
34;0
35;2
36;0
37;2
38;1
39;0
40;0
41;2
42;1
43;0
44;0
45;2
46;1
47;0
48;0
49;0
50;0
51;0
52;0
53;0
54;0
55;0
56;0
57;1
58;1
59;2
60;0
61;0
62;0
63;0
64;0
65;0
66;2
67;0
68;0
69;0
70;0
71;0
72;1
73;0
74;0
75;1
76;0
77;0
78;0
79;2
80;0
81;0
82;2
83;0
84;1
85;2
86;0
87;0
88;0
89;1
90;0
91;2
92;2
93;2
94;0
95;1
96;0
97;0
98;0
99;0
100;0
101;0
102;2
103;2
104;0
105;0
106;2
107;1
108;0
109;0
110;0
111;1
112;0
113;0
114;0
115;2
116;2
117;0
118;2
119;1
120;1
121;2
122;0
123;0
124;0
125;2
126;0
127;0
128;0
129;0
130;0
131;0
132;0
133;0
134;1
135;0
136;0
137;1
138;1
139;0
140;1
141;0
142;0
143;2
144;2
145;0
146;2
147;0
148;2
149;0
150;0
151;0
152;0
153;0
154;1
155;0
156;1
157;2
158;2
159;0
160;0
161;0
162;0
163;0
164;0
165;0
166;0
167;0
168;0
169;2
170;1
171;1
172;0
173;0
174;0
175;0
176;0
177;0
178;0
179;0
180;1
181;0
182;0
183;0
184;0
185;0
186;0
187;2
188;1
189;0
190;0
191;0
192;4
193;0
194;1
195;0
196;2
197;0
198;2
199;0
200;1
201;0
202;0
203;0
204;0
205;0
206;0
207;0
208;0
209;2
210;1
211;0
212;0
213;0
214;0
215;1
216;2
217;0
218;2
219;0
220;2
221;0
222;2
223;0
224;0
225;1
226;0
227;0
228;0
229;0
230;0
231;0
232;0
233;0
234;0
235;2
236;1
237;1
238;0
239;0
240;0
241;2
242;1
243;2
244;0
245;0
246;0
247;2
248;0
249;0
250;0
251;0
252;0
253;2
254;1
255;0
256;0
257;0
258;0
259;2
260;0
261;0
262;0
263;0
264;0
265;0
266;1
267;0
268;1
269;0
270;2
271;0
272;0
273;0
274;0
275;1
276;0
277;1
278;0
279;0
280;2
281;0
282;2
283;1
284;2
285;0
286;2
287;0
288;1
289;0
290;0
291;0
292;2
293;2
294;2
295;1
296;0
297;0
298;2
299;2
300;1
301;0
302;0
303;2
304;2
305;1
306;0
307;0
308;2
309;0
310;2
311;0
312;0
313;0
314;0
315;0
316;0
317;0
318;0
319;0
320;0
321;0
322;0
323;2
324;0
325;0
326;0
327;0
328;0
329;0
330;0
331;0
332;2
333;0
334;0
335;0
336;0
337;0
338;0
339;0
340;0
341;0
342;1
343;2
344;0
345;1
346;0
347;0
348;1
349;0
350;0
351;1
352;0
353;0
354;0
355;1
356;0
357;0
358;0
359;0
360;2
361;0
362;2
363;0
364;0
365;0
366;0
367;0
368;2
369;2
370;2
371;0
372;2
373;0
374;0
375;2
376;2
377;0
378;2
379;0
380;0
381;0
382;2
383;0
384;0
385;0
386;2
387;2
388;2
389;0
390;0
391;2
392;2
393;2
394;2
395;1
396;0
397;0
398;2
399;0
400;0
401;1
402;1
403;0
404;0
405;1
406;2
407;0
408;0
409;1
410;0
411;0
412;0
413;0
414;0
415;0
416;0
417;0
418;1
419;0
420;1
421;2
422;2
423;2
424;1
425;0
426;0
427;0
428;0
429;0
430;0
431;0
432;0
433;0
434;2
435;2
436;2
437;0
438;1
439;0
440;0
441;0
442;1
443;0
444;0
445;0
446;0
447;0
448;0
449;0
450;1
451;0
452;0
453;2
454;1
455;0
456;2
457;0
458;0
459;0
460;2
461;0
462;0
463;0
464;0
465;0
466;1
467;0
468;0
469;0
470;2
471;2
472;4
473;0
474;2
475;0
476;0
477;0
478;2
479;0
480;2
481;0
482;1
483;0
484;1
485;0
486;0
487;0
488;0
489;1
490;1
491;0
492;0
493;0
494;0
495;0
496;0
497;1
498;0
499;0
500;0
501;0
502;2
503;0
504;1
505;0
506;1
507;0
508;0
509;0
510;0
511;0
512;0
513;2
514;2
515;2
516;2
517;2
518;0
519;0
520;0
521;2
522;0
523;0
524;0
525;2
526;2
527;0
528;0
529;0
530;0
531;0
532;0
533;1
534;0
535;0
536;0
537;0
538;1
539;0
540;2
541;2
542;2
543;0
544;0
545;0
546;0
547;1
548;0
549;0
550;0
551;2
552;0
553;0
554;0
555;2
556;0
557;0
558;1
559;0
560;0
561;0
562;2
563;2
564;0
565;0
566;0
567;0
568;2
569;2
570;1
571;1
572;0
573;0
574;0
575;0
576;2
577;2
578;2
579;2
580;2
581;2
582;0
583;0
584;0
585;0
586;0
587;0
588;0
589;2
590;0
591;1
592;0
593;0
594;0
595;0
596;0
597;0
598;0
599;0
600;1
601;0
602;2
603;0
604;0
605;1
606;1
607;2
608;0
609;2
610;0
611;0
612;0
613;0
614;2
615;2
616;1
617;0
618;0
619;1
620;1
621;0
622;2
623;2
624;0
625;0
626;0
627;0
628;2
629;2
630;0
631;0
632;0
633;0
634;2
635;1
636;0
637;0
638;0
639;0
640;0
641;0
642;2
643;0
644;1
645;0
646;0
647;2
648;2
649;0
650;2
651;2
652;0
653;0
654;1
655;0
656;0
657;2
658;0
659;0
660;2
661;2
662;2
663;2
664;2
665;0
666;0
667;0
668;2
669;0
670;2
671;0
672;0
673;0
674;2
675;1
676;0
677;2
678;1
679;0
680;0
681;0
682;0
683;0
684;2
685;0
686;0
687;0
688;0
689;0
690;0
691;1
692;0
693;0
694;0
695;0
696;2
697;0
698;1
699;0
700;0
701;0
702;0
703;0
704;2
705;0
706;0
707;0
708;0
709;0
710;0
711;0
712;0
713;2
714;1
715;0
716;0
717;2
718;2
719;0
720;1
721;0
722;0
723;2
724;1
725;0
726;0
727;0
728;0
729;0
730;0
731;0
732;0
733;0
734;0
735;0
736;0
737;0
738;1
739;0
740;0
741;1
742;0
743;0
744;0
745;0
746;0
747;2
748;1
749;0
750;0
751;0
752;1
753;0
754;0
755;0
756;0
757;0
758;2
759;1
760;1
761;0
762;0
763;2
764;2
765;0
766;2
767;0
768;2
769;0
770;2
771;0
772;2
773;0
774;2
775;0
776;0
777;0
778;0
779;1
780;0
781;0
782;2
783;2
784;1
785;0
786;0
787;2
788;1
789;0
790;2
791;1
792;0
793;0
794;0
795;0
796;1
797;0
798;1
799;2
800;2
801;0
802;2
803;0
804;0
805;2
806;0
807;0
808;0
809;1
810;0
811;2
812;2
813;0
814;1
815;0
816;0
817;0
818;2
819;2
820;0
821;0
822;0
823;0
824;1
825;0
826;0
827;2
828;1
829;0
830;0
831;1
832;1
833;0
834;0
835;1
836;2
837;0
838;2
839;0
840;1
841;0
842;0
843;0
844;0
845;2
846;2
847;2
848;1
849;0
850;0
851;0
852;1
853;1
854;1
855;0
856;2
857;0
858;0
859;0
860;2
861;0
862;1
863;0
864;0
865;0
866;0
867;0
868;0
869;1
870;0
871;0
872;0
873;1
874;0
875;1
876;0
877;0
878;0
879;2
880;1
881;0
882;0
883;0
884;2
885;0
886;1
887;0
888;0
889;2
890;2
891;0
892;1
893;0
894;0
895;0
896;0
897;2
898;2
899;2
900;2
901;0
902;1
903;0
904;0
905;0
906;0
907;0
908;0
909;0
910;2
911;0
912;2
913;0
914;0
915;0
916;0
917;1
918;0
919;0
920;0
921;0
922;2
923;2
924;1
925;0
926;2
927;1
928;1
929;0
930;0
931;2
932;2
933;0
934;1
935;2
936;2
937;0
938;2
939;0
940;0
941;0
942;0
943;0
944;0
945;2
946;0
947;0
948;2
949;0
950;0
951;2
952;0
953;0
954;2
955;1
956;0
957;1
958;0
959;0
960;2
961;0
962;2
963;0
964;0
965;0
966;1
967;0
968;0
969;0
970;1
971;0
972;2
973;1
974;0
975;2
976;2
977;1
978;0
979;0
980;0
981;1
982;2
983;0
984;2
985;0
986;0
987;0
988;0
989;1
990;0
991;2
992;2
993;1
994;2
995;0
996;0
997;1
998;0
999;0
1000;0
1001;0
1002;2
1003;2
1004;1
1005;2
1006;0
1007;1
1008;0
1009;0
1010;0
1011;0
1012;1
1013;0
1014;1
1015;0
1016;0
1017;0
1018;0
1019;0
1020;0
1021;0
1022;0
1023;0
