0;1
1;0
2;0
3;2
4;4
5;0
6;2
7;1
8;0
9;1
10;2
11;1
12;1
13;0
14;1
15;0
16;0
17;2
18;2
19;2
20;2
21;2
22;0
23;0
24;1
25;0
26;0
27;0
28;2
29;0
30;0
31;0
32;1
33;2
34;2
35;0
36;2
37;1
38;1
39;0
40;1
41;0
42;1
43;0
44;2
45;0
46;2
47;0
48;0
49;2
50;0
51;0
52;0
53;0
54;0
55;0
56;0
57;0
58;0
59;0
60;1
61;1
62;0
63;2
64;0
65;0
66;0
67;0
68;0
69;0
70;0
71;0
72;1
73;0
74;0
75;1
76;2
77;2
78;2
79;2
80;2
81;0
82;0
83;2
84;0
85;0
86;0
87;0
88;1
89;0
90;0
91;2
92;2
93;0
94;2
95;0
96;1
97;0
98;0
99;0
100;0
101;0
102;2
103;0
104;2
105;0
106;0
107;1
108;0
109;0
110;0
111;0
112;0
113;1
114;0
115;2
116;2
117;0
118;0
119;0
120;0
121;2
122;2
123;2
124;0
125;0
126;0
127;0
128;0
129;2
130;2
131;2
132;4
133;0
134;0
135;0
136;0
137;0
138;0
139;0
140;2
141;0
142;2
143;0
144;2
145;0
146;0
147;0
148;1
149;2
150;2
151;0
152;4
153;0
154;2
155;0
156;1
157;0
158;2
159;0
160;2
161;0
162;0
163;0
164;1
165;0
166;1
167;0
168;0
169;2
170;2
171;2
172;2
173;0
174;2
175;0
176;2
177;2
178;2
179;0
180;2
181;0
182;2
183;0
184;0
185;0
186;0
187;0
188;0
189;0
190;1
191;0
192;2
193;2
194;1
195;0
196;2
197;0
198;0
199;2
200;0
201;0
202;2
203;1
204;0
205;1
206;0
207;0
208;0
209;0
210;0
211;0
212;2
213;0
214;0
215;0
216;0
217;0
218;0
219;0
220;0
221;2
222;0
223;0
224;0
225;0
226;0
227;0
228;1
229;2
230;2
231;0
232;1
233;0
234;2
235;2
236;1
237;0
238;0
239;2
240;2
241;0
242;2
243;1
244;0
245;0
246;2
247;0
248;2
249;0
250;2
251;0
252;0
253;0
254;1
255;0
256;0
257;0
258;1
259;0
260;0
261;2
262;2
263;2
264;0
265;2
266;1
267;0
268;2
269;1
270;2
271;0
272;2
273;0
274;0
275;0
276;0
277;0
278;1
279;0
280;0
281;0
282;0
283;0
284;0
285;0
286;0
287;0
288;2
289;0
290;0
291;0
292;0
293;1
294;0
295;0
296;0
297;1
298;0
299;1
300;4
301;0
302;0
303;0
304;2
305;2
306;2
307;2
308;1
309;0
310;0
311;0
312;0
313;0
314;2
315;0
316;1
317;0
318;0
319;2
320;4
321;2
322;2
323;2
324;2
325;2
326;2
327;2
328;1
329;0
330;0
331;0
332;2
333;1
334;1
335;0
336;2
337;0
338;0
339;0
340;0
341;0
342;2
343;2
344;0
345;1
346;0
347;2
348;1
349;0
350;2
351;2
352;2
353;0
354;2
355;0
356;4
357;2
358;0
359;0
360;0
361;0
362;2
363;0
364;2
365;0
366;2
367;2
368;0
369;0
370;0
371;0
372;0
373;0
374;0
375;0
376;0
377;0
378;1
379;0
380;0
381;0
382;0
383;0
384;0
385;0
386;2
387;0
388;0
389;2
390;0
391;0
392;0
393;0
394;0
395;0
396;2
397;0
398;2
399;0
400;2
401;0
402;2
403;2
404;2
405;1
406;0
407;2
408;1
409;1
410;0
411;0
412;2
413;2
414;0
415;2
416;2
417;0
418;2
419;0
420;0
421;0
422;0
423;0
424;0
425;0
426;0
427;0
428;0
429;0
430;2
431;2
432;1
433;0
434;0
435;0
436;0
437;0
438;0
439;0
440;1
441;1
442;0
443;2
444;0
445;1
446;0
447;0
448;1
449;2
450;2
451;2
452;1
453;0
454;2
455;0
456;1
457;0
458;0
459;0
460;0
461;0
462;2
463;0
464;2
465;0
466;0
467;0
468;2
469;0
470;0
471;0
472;1
473;0
474;0
475;0
476;1
477;1
478;1
479;0
480;0
481;0
482;0
483;0
484;0
485;0
486;0
487;0
488;0
489;2
490;2
491;2
492;2
493;2
494;0
495;0
496;0
497;2
498;2
499;0
500;0
501;0
502;2
503;2
504;0
505;0
506;2
507;0
508;2
509;0
510;0
511;0
512;1
513;0
514;0
515;0
516;0
517;0
518;1
519;1
520;0
521;0
522;0
523;1
524;1
525;0
526;2
527;0
528;0
529;2
530;2
531;2
532;4
533;2
534;2
535;0
536;0
537;0
538;0
539;0
540;2
541;2
542;1
543;2
544;1
545;0
546;0
547;0
548;1
549;0
550;0
551;2
552;4
553;0
554;2
555;0
556;0
557;0
558;2
559;0
560;1
561;0
562;2
563;0
564;1
565;0
566;2
567;1
568;0
569;0
570;0
571;0
572;0
573;0
574;0
575;2
576;0
577;0
578;2
579;2
580;2
581;2
582;1
583;0
584;4
585;0
586;0
587;0
588;1
589;0
590;0
591;0
592;2
593;0
594;0
595;0
596;2
597;0
598;0
599;0
600;1
601;0
602;0
603;0
604;4
605;0
606;2
607;1
608;2
609;0
610;2
611;0
612;1
613;0
614;2
615;2
616;1
617;0
618;0
619;2
620;4
621;2
622;2
623;1
624;0
625;0
626;0
627;0
628;2
629;2
630;0
631;0
632;2
633;1
634;1
635;0
636;1
637;1
638;0
639;0
640;0
641;0
642;0
643;0
644;0
645;0
646;0
647;0
648;2
649;0
650;0
651;2
652;4
653;0
654;0
655;0
656;0
657;0
658;2
659;0
660;1
661;0
662;2
663;0
664;0
665;0
666;0
667;0
668;0
669;0
670;2
671;1
672;0
673;0
674;0
675;0
676;0
677;0
678;0
679;2
680;1
681;0
682;1
683;2
684;1
685;0
686;0
687;0
688;0
689;0
690;0
691;2
692;1
693;1
694;1
695;1
696;0
697;0
698;0
699;0
700;0
701;0
702;0
703;0
704;2
705;0
706;0
707;0
708;0
709;0
710;0
711;0
712;0
713;0
714;0
715;0
716;0
717;2
718;0
719;0
720;0
721;0
722;2
723;0
724;4
725;0
726;2
727;2
728;0
729;0
730;0
731;0
732;1
733;0
734;0
735;0
736;2
737;0
738;2
739;0
740;0
741;0
742;2
743;2
744;0
745;2
746;0
747;1
748;1
749;0
750;0
751;0
752;0
753;2
754;0
755;2
756;0
757;0
758;0
759;0
760;0
761;2
762;2
763;2
764;0
765;0
766;1
767;0
768;0
769;2
770;2
771;0
772;0
773;2
774;0
775;0
776;0
777;0
778;0
779;1
780;0
781;0
782;0
783;0
784;0
785;0
786;0
787;0
788;0
789;0
790;1
791;0
792;0
793;1
794;0
795;0
796;0
797;2
798;2
799;0
800;0
801;0
802;1
803;2
804;1
805;0
806;0
807;0
808;2
809;2
810;2
811;2
812;2
813;0
814;0
815;0
816;2
817;0
818;0
819;0
820;0
821;1
822;0
823;2
824;0
825;0
826;0
827;0
828;0
829;0
830;2
831;2
832;0
833;2
834;2
835;2
836;1
837;1
838;0
839;0
840;0
841;2
842;1
843;2
844;1
845;0
846;0
847;2
848;4
849;0
850;0
851;0
852;1
853;0
854;2
855;0
856;2
857;1
858;0
859;0
860;1
861;0
862;0
863;0
864;0
865;2
866;2
867;2
868;0
869;0
870;0
871;0
872;2
873;2
874;0
875;0
876;0
877;0
878;0
879;0
880;0
881;1
882;1
883;0
884;0
885;1
886;0
887;0
888;1
889;0
890;0
891;2
892;0
893;0
894;1
895;0
896;0
897;1
898;1
899;1
900;0
901;0
902;0
903;2
904;0
905;0
906;2
907;2
908;2
909;0
910;0
911;0
912;2
913;2
914;0
915;0
916;0
917;1
918;2
919;0
920;0
921;0
922;1
923;1
924;0
925;0
926;1
927;0
928;1
929;0
930;1
931;0
932;0
933;2
934;2
935;2
936;2
937;0
938;2
939;0
940;0
941;2
942;2
943;2
944;2
945;0
946;0
947;0
948;1
949;0
950;0
951;0
952;0
953;0
954;2
955;0
956;1
957;0
958;0
959;0
960;1
961;2
962;0
963;0
964;2
965;0
966;2
967;0
968;1
969;0
970;0
971;0
972;2
973;0
974;2
975;1
976;0
977;0
978;0
979;2
980;0
981;0
982;0
983;0
984;0
985;0
986;0
987;2
988;0
989;0
990;0
991;0
992;1
993;0
994;0
995;0
996;0
997;0
998;2
999;1
1000;0
1001;2
1002;0
1003;0
1004;2
1005;0
1006;0
1007;2
1008;2
1009;0
1010;0
1011;0
1012;1
1013;1
1014;1
1015;1
1016;0
1017;0
1018;0
1019;0
1020;0
1021;0
1022;0
1023;0
