0;1
1;0
2;0
3;0
4;4
5;2
6;2
7;2
8;1
9;1
10;2
11;1
12;1
13;0
14;1
15;0
16;0
17;1
18;2
19;2
20;2
21;2
22;0
23;0
24;1
25;0
26;0
27;0
28;2
29;0
30;0
31;0
32;1
33;2
34;2
35;0
36;2
37;1
38;0
39;0
40;1
41;0
42;2
43;2
44;2
45;0
46;0
47;2
48;0
49;2
50;0
51;0
52;0
53;0
54;0
55;0
56;0
57;0
58;1
59;0
60;1
61;2
62;2
63;2
64;0
65;0
66;0
67;0
68;0
69;0
70;0
71;0
72;0
73;0
74;0
75;0
76;0
77;2
78;2
79;0
80;2
81;0
82;1
83;0
84;0
85;0
86;0
87;0
88;1
89;0
90;0
91;2
92;2
93;0
94;2
95;0
96;0
97;0
98;0
99;0
100;0
101;2
102;0
103;0
104;0
105;0
106;0
107;1
108;0
109;0
110;0
111;0
112;0
113;2
114;2
115;2
116;1
117;0
118;0
119;0
120;1
121;0
122;0
123;2
124;2
125;0
126;2
127;0
128;0
129;2
130;2
131;2
132;2
133;0
134;0
135;2
136;0
137;0
138;0
139;2
140;2
141;0
142;2
143;0
144;0
145;0
146;0
147;0
148;0
149;0
150;0
151;0
152;1
153;0
154;0
155;1
156;0
157;0
158;0
159;1
160;0
161;0
162;0
163;0
164;1
165;0
166;0
167;0
168;0
169;0
170;0
171;0
172;0
173;0
174;0
175;0
176;0
177;2
178;2
179;0
180;0
181;0
182;2
183;0
184;0
185;0
186;1
187;0
188;0
189;0
190;1
191;0
192;1
193;0
194;1
195;0
196;2
197;0
198;0
199;0
200;0
201;0
202;2
203;2
204;0
205;0
206;1
207;0
208;0
209;0
210;0
211;0
212;0
213;0
214;0
215;0
216;0
217;2
218;0
219;0
220;0
221;1
222;0
223;0
224;1
225;0
226;0
227;2
228;0
229;2
230;0
231;0
232;1
233;2
234;2
235;0
236;0
237;0
238;0
239;0
240;0
241;0
242;1
243;0
244;0
245;0
246;0
247;2
248;4
249;0
250;0
251;2
252;2
253;0
254;2
255;0
256;1
257;0
258;0
259;0
260;0
261;2
262;0
263;0
264;0
265;2
266;2
267;2
268;0
269;2
270;0
271;1
272;0
273;0
274;0
275;0
276;0
277;0
278;0
279;0
280;0
281;0
282;0
283;2
284;0
285;1
286;0
287;0
288;0
289;0
290;0
291;1
292;0
293;0
294;2
295;0
296;2
297;1
298;1
299;0
300;1
301;0
302;0
303;0
304;0
305;0
306;0
307;0
308;0
309;0
310;0
311;1
312;4
313;2
314;2
315;2
316;0
317;2
318;2
319;2
320;2
321;0
322;0
323;0
324;1
325;1
326;1
327;0
328;2
329;0
330;0
331;0
332;2
333;2
334;0
335;2
336;0
337;1
338;0
339;0
340;0
341;0
342;0
343;0
344;2
345;0
346;0
347;0
348;0
349;2
350;0
351;0
352;0
353;2
354;0
355;0
356;0
357;0
358;2
359;2
360;0
361;0
362;0
363;0
364;2
365;0
366;0
367;0
368;0
369;0
370;1
371;0
372;2
373;0
374;0
375;2
376;0
377;0
378;0
379;1
380;2
381;0
382;0
383;0
384;2
385;0
386;0
387;0
388;0
389;2
390;0
391;2
392;2
393;0
394;1
395;2
396;0
397;2
398;0
399;2
400;2
401;0
402;0
403;2
404;2
405;1
406;0
407;2
408;2
409;0
410;0
411;0
412;0
413;0
414;0
415;0
416;0
417;0
418;0
419;0
420;1
421;0
422;0
423;0
424;2
425;0
426;1
427;1
428;0
429;0
430;0
431;0
432;0
433;0
434;2
435;2
436;1
437;0
438;0
439;0
440;0
441;0
442;0
443;0
444;0
445;1
446;0
447;2
448;0
449;0
450;0
451;0
452;0
453;0
454;0
455;2
456;2
457;2
458;0
459;1
460;0
461;0
462;0
463;1
464;0
465;0
466;0
467;0
468;0
469;0
470;0
471;2
472;1
473;0
474;0
475;0
476;1
477;0
478;0
479;2
480;1
481;1
482;0
483;0
484;0
485;0
486;2
487;0
488;0
489;0
490;0
491;0
492;2
493;2
494;1
495;0
496;2
497;0
498;1
499;0
500;0
501;2
502;0
503;2
504;1
505;0
506;1
507;0
508;0
509;0
510;1
511;0
512;1
513;0
514;0
515;2
516;4
517;0
518;2
519;2
520;0
521;0
522;2
523;0
524;2
525;0
526;0
527;0
528;0
529;2
530;0
531;0
532;0
533;0
534;2
535;2
536;1
537;0
538;0
539;0
540;1
541;0
542;2
543;0
544;0
545;1
546;2
547;2
548;2
549;2
550;2
551;0
552;0
553;2
554;0
555;2
556;2
557;2
558;0
559;0
560;0
561;2
562;0
563;1
564;0
565;0
566;0
567;0
568;0
569;0
570;0
571;0
572;2
573;0
574;0
575;0
576;0
577;0
578;0
579;0
580;0
581;0
582;0
583;0
584;0
585;0
586;0
587;0
588;0
589;0
590;0
591;0
592;0
593;0
594;0
595;0
596;2
597;0
598;0
599;2
600;2
601;2
602;0
603;0
604;0
605;0
606;0
607;1
608;0
609;0
610;0
611;1
612;0
613;0
614;0
615;1
616;1
617;0
618;0
619;0
620;2
621;1
622;1
623;0
624;1
625;1
626;0
627;0
628;0
629;1
630;0
631;0
632;0
633;0
634;0
635;0
636;2
637;0
638;0
639;0
640;0
641;0
642;0
643;0
644;0
645;0
646;0
647;1
648;0
649;0
650;2
651;0
652;0
653;0
654;0
655;0
656;2
657;0
658;2
659;0
660;0
661;0
662;0
663;2
664;0
665;2
666;2
667;2
668;2
669;0
670;1
671;2
672;2
673;1
674;0
675;0
676;0
677;0
678;2
679;2
680;1
681;1
682;0
683;1
684;0
685;1
686;0
687;0
688;0
689;0
690;0
691;0
692;0
693;0
694;0
695;2
696;1
697;0
698;0
699;1
700;0
701;0
702;0
703;0
704;0
705;0
706;0
707;1
708;0
709;0
710;0
711;1
712;0
713;0
714;0
715;0
716;0
717;0
718;0
719;0
720;0
721;0
722;2
723;0
724;2
725;0
726;0
727;0
728;0
729;1
730;2
731;0
732;0
733;0
734;0
735;0
736;0
737;0
738;2
739;0
740;0
741;0
742;2
743;2
744;0
745;2
746;0
747;0
748;1
749;0
750;0
751;0
752;0
753;2
754;0
755;0
756;0
757;0
758;0
759;0
760;0
761;0
762;1
763;2
764;0
765;0
766;1
767;0
768;0
769;0
770;2
771;0
772;0
773;0
774;0
775;0
776;0
777;0
778;2
779;1
780;0
781;0
782;0
783;0
784;0
785;0
786;0
787;0
788;0
789;0
790;1
791;0
792;0
793;1
794;0
795;0
796;0
797;2
798;2
799;0
800;1
801;0
802;0
803;0
804;2
805;0
806;0
807;0
808;0
809;0
810;0
811;0
812;0
813;2
814;2
815;2
816;2
817;0
818;0
819;0
820;0
821;2
822;1
823;2
824;1
825;0
826;1
827;2
828;1
829;0
830;0
831;0
832;0
833;0
834;0
835;1
836;0
837;2
838;0
839;0
840;0
841;0
842;0
843;0
844;0
845;1
846;1
847;2
848;0
849;2
850;0
851;0
852;1
853;1
854;0
855;1
856;0
857;0
858;2
859;0
860;0
861;1
862;1
863;0
864;0
865;0
866;1
867;0
868;0
869;0
870;0
871;2
872;0
873;0
874;2
875;0
876;1
877;1
878;1
879;1
880;0
881;0
882;2
883;2
884;2
885;2
886;0
887;1
888;0
889;0
890;0
891;0
892;0
893;2
894;0
895;2
896;0
897;0
898;2
899;2
900;0
901;0
902;0
903;1
904;0
905;2
906;1
907;0
908;2
909;0
910;1
911;0
912;0
913;0
914;2
915;2
916;2
917;2
918;0
919;1
920;0
921;2
922;2
923;2
924;2
925;0
926;0
927;0
928;0
929;0
930;0
931;0
932;0
933;2
934;0
935;2
936;0
937;2
938;0
939;1
940;0
941;0
942;0
943;2
944;4
945;0
946;0
947;0
948;2
949;0
950;0
951;0
952;2
953;1
954;0
955;2
956;0
957;1
958;0
959;1
960;0
961;0
962;0
963;0
964;0
965;0
966;2
967;1
968;1
969;0
970;0
971;2
972;0
973;0
974;0
975;0
976;0
977;1
978;0
979;1
980;1
981;2
982;0
983;0
984;1
985;0
986;0
987;2
988;0
989;0
990;2
991;1
992;0
993;0
994;0
995;0
996;2
997;2
998;0
999;2
1000;0
1001;2
1002;0
1003;0
1004;2
1005;2
1006;1
1007;0
1008;2
1009;1
1010;0
1011;0
1012;0
1013;0
1014;0
1015;0
1016;0
1017;0
1018;0
1019;0
1020;0
1021;0
1022;0
1023;0
