0;0
1;0
2;0
3;2
4;2
5;0
6;2
7;1
8;0
9;0
10;0
11;0
12;1
13;0
14;1
15;0
16;0
17;2
18;2
19;2
20;1
21;0
22;0
23;2
24;1
25;1
26;0
27;0
28;2
29;0
30;0
31;0
32;1
33;2
34;2
35;0
36;0
37;0
38;1
39;0
40;1
41;0
42;0
43;0
44;0
45;2
46;0
47;0
48;0
49;2
50;0
51;2
52;2
53;0
54;0
55;0
56;0
57;0
58;1
59;0
60;0
61;1
62;0
63;2
64;0
65;0
66;0
67;0
68;0
69;0
70;0
71;1
72;4
73;0
74;0
75;0
76;1
77;0
78;2
79;2
80;2
81;0
82;0
83;2
84;0
85;0
86;0
87;0
88;2
89;0
90;0
91;2
92;2
93;0
94;2
95;0
96;0
97;0
98;0
99;0
100;0
101;0
102;2
103;0
104;2
105;0
106;0
107;1
108;0
109;0
110;0
111;0
112;0
113;1
114;2
115;2
116;2
117;2
118;0
119;0
120;0
121;1
122;1
123;0
124;2
125;0
126;0
127;0
128;0
129;1
130;0
131;1
132;0
133;0
134;0
135;2
136;0
137;0
138;0
139;0
140;2
141;0
142;2
143;0
144;1
145;0
146;0
147;0
148;0
149;0
150;0
151;2
152;1
153;0
154;0
155;2
156;4
157;2
158;0
159;1
160;2
161;0
162;2
163;0
164;2
165;0
166;2
167;0
168;0
169;2
170;2
171;0
172;0
173;0
174;2
175;0
176;0
177;0
178;0
179;0
180;1
181;0
182;0
183;0
184;0
185;0
186;2
187;2
188;1
189;0
190;2
191;1
192;0
193;0
194;0
195;2
196;2
197;0
198;2
199;2
200;2
201;0
202;2
203;2
204;1
205;0
206;1
207;0
208;0
209;2
210;0
211;0
212;0
213;1
214;1
215;0
216;2
217;2
218;1
219;0
220;2
221;0
222;0
223;0
224;0
225;0
226;2
227;2
228;1
229;0
230;0
231;0
232;2
233;0
234;0
235;0
236;1
237;0
238;0
239;0
240;0
241;2
242;0
243;0
244;0
245;0
246;0
247;0
248;2
249;0
250;2
251;0
252;0
253;0
254;0
255;2
256;1
257;1
258;1
259;0
260;0
261;0
262;2
263;0
264;0
265;0
266;1
267;0
268;0
269;2
270;2
271;0
272;4
273;2
274;2
275;0
276;0
277;0
278;2
279;2
280;2
281;0
282;2
283;0
284;0
285;0
286;0
287;0
288;0
289;0
290;0
291;0
292;2
293;0
294;0
295;0
296;0
297;0
298;0
299;0
300;2
301;0
302;0
303;1
304;0
305;0
306;0
307;0
308;0
309;0
310;0
311;0
312;0
313;0
314;0
315;0
316;1
317;0
318;0
319;2
320;1
321;2
322;0
323;0
324;0
325;0
326;0
327;0
328;0
329;2
330;1
331;2
332;2
333;2
334;2
335;2
336;2
337;2
338;1
339;0
340;1
341;0
342;0
343;0
344;2
345;1
346;1
347;0
348;2
349;0
350;0
351;0
352;0
353;0
354;0
355;2
356;0
357;1
358;0
359;1
360;2
361;2
362;0
363;0
364;0
365;2
366;0
367;0
368;0
369;1
370;0
371;0
372;0
373;0
374;2
375;0
376;0
377;0
378;2
379;2
380;0
381;2
382;1
383;0
384;0
385;0
386;0
387;0
388;0
389;0
390;1
391;0
392;0
393;2
394;0
395;0
396;0
397;0
398;0
399;0
400;2
401;0
402;0
403;0
404;0
405;0
406;0
407;0
408;2
409;0
410;0
411;0
412;0
413;0
414;2
415;1
416;1
417;0
418;2
419;2
420;1
421;0
422;0
423;2
424;2
425;0
426;1
427;2
428;2
429;0
430;2
431;0
432;0
433;2
434;2
435;2
436;2
437;0
438;2
439;0
440;1
441;0
442;0
443;0
444;0
445;0
446;0
447;0
448;0
449;1
450;2
451;0
452;0
453;0
454;2
455;1
456;0
457;0
458;0
459;2
460;0
461;0
462;0
463;0
464;0
465;1
466;0
467;2
468;0
469;0
470;1
471;0
472;0
473;0
474;2
475;2
476;0
477;0
478;2
479;0
480;0
481;0
482;0
483;0
484;0
485;0
486;2
487;0
488;2
489;0
490;0
491;0
492;1
493;2
494;0
495;2
496;1
497;0
498;0
499;2
500;1
501;2
502;0
503;0
504;0
505;0
506;0
507;0
508;0
509;0
510;0
511;1
512;0
513;2
514;0
515;2
516;2
517;2
518;0
519;0
520;0
521;2
522;2
523;0
524;0
525;0
526;0
527;2
528;0
529;0
530;0
531;0
532;1
533;0
534;0
535;2
536;2
537;2
538;0
539;2
540;2
541;0
542;2
543;0
544;0
545;0
546;0
547;0
548;0
549;0
550;1
551;0
552;0
553;0
554;0
555;2
556;2
557;0
558;0
559;0
560;1
561;0
562;2
563;0
564;0
565;2
566;2
567;2
568;2
569;2
570;2
571;0
572;0
573;0
574;0
575;0
576;0
577;2
578;2
579;2
580;2
581;0
582;0
583;0
584;0
585;0
586;1
587;0
588;0
589;0
590;0
591;0
592;0
593;2
594;0
595;0
596;1
597;0
598;0
599;0
600;0
601;0
602;0
603;0
604;0
605;0
606;0
607;0
608;1
609;0
610;0
611;0
612;0
613;0
614;0
615;1
616;2
617;0
618;0
619;0
620;0
621;0
622;0
623;0
624;0
625;2
626;2
627;0
628;0
629;2
630;2
631;0
632;0
633;0
634;2
635;2
636;0
637;2
638;0
639;0
640;0
641;1
642;0
643;0
644;1
645;1
646;0
647;0
648;0
649;0
650;0
651;0
652;1
653;0
654;0
655;0
656;2
657;0
658;0
659;2
660;0
661;0
662;0
663;0
664;0
665;2
666;2
667;0
668;0
669;0
670;2
671;0
672;2
673;0
674;0
675;0
676;0
677;0
678;1
679;1
680;0
681;0
682;0
683;0
684;0
685;0
686;0
687;2
688;1
689;0
690;1
691;2
692;1
693;0
694;0
695;0
696;0
697;0
698;0
699;2
700;1
701;0
702;0
703;0
704;1
705;0
706;0
707;0
708;0
709;0
710;0
711;0
712;1
713;0
714;0
715;0
716;1
717;0
718;0
719;0
720;1
721;0
722;0
723;0
724;0
725;2
726;0
727;2
728;0
729;0
730;1
731;0
732;2
733;0
734;0
735;2
736;2
737;0
738;2
739;1
740;0
741;0
742;0
743;0
744;1
745;0
746;0
747;1
748;0
749;0
750;0
751;2
752;0
753;2
754;0
755;0
756;1
757;0
758;0
759;2
760;0
761;2
762;0
763;2
764;0
765;0
766;0
767;0
768;0
769;2
770;2
771;2
772;0
773;0
774;0
775;0
776;1
777;0
778;0
779;2
780;1
781;2
782;2
783;2
784;2
785;0
786;2
787;0
788;0
789;0
790;0
791;0
792;0
793;0
794;0
795;0
796;0
797;0
798;0
799;1
800;0
801;0
802;0
803;2
804;0
805;0
806;0
807;0
808;0
809;0
810;0
811;0
812;0
813;1
814;0
815;0
816;0
817;0
818;2
819;0
820;0
821;1
822;0
823;0
824;2
825;0
826;0
827;0
828;0
829;0
830;0
831;0
832;2
833;2
834;2
835;2
836;2
837;0
838;1
839;0
840;0
841;2
842;1
843;2
844;1
845;0
846;0
847;2
848;2
849;0
850;0
851;0
852;0
853;0
854;2
855;0
856;0
857;0
858;2
859;0
860;0
861;0
862;0
863;0
864;0
865;2
866;1
867;0
868;0
869;0
870;0
871;0
872;1
873;1
874;0
875;0
876;0
877;0
878;0
879;0
880;0
881;1
882;0
883;0
884;0
885;1
886;0
887;0
888;1
889;0
890;0
891;2
892;0
893;0
894;0
895;2
896;0
897;1
898;2
899;1
900;0
901;0
902;0
903;0
904;0
905;0
906;2
907;0
908;0
909;0
910;0
911;0
912;2
913;2
914;0
915;0
916;0
917;0
918;0
919;0
920;0
921;0
922;0
923;1
924;2
925;0
926;1
927;0
928;2
929;0
930;0
931;0
932;0
933;2
934;1
935;0
936;1
937;0
938;2
939;0
940;0
941;0
942;0
943;2
944;1
945;2
946;0
947;0
948;0
949;0
950;0
951;0
952;0
953;0
954;0
955;0
956;0
957;1
958;0
959;0
960;0
961;2
962;2
963;1
964;0
965;0
966;2
967;0
968;0
969;0
970;0
971;0
972;0
973;0
974;0
975;2
976;1
977;0
978;0
979;2
980;0
981;0
982;0
983;0
984;0
985;1
986;0
987;2
988;0
989;0
990;0
991;0
992;2
993;0
994;0
995;0
996;0
997;0
998;2
999;2
1000;0
1001;0
1002;0
1003;2
1004;2
1005;0
1006;1
1007;2
1008;0
1009;0
1010;0
1011;0
1012;1
1013;0
1014;0
1015;0
1016;0
1017;0
1018;0
1019;0
1020;0
1021;0
1022;0
1023;0
