0;1
1;0
2;0
3;2
4;4
5;0
6;2
7;2
8;2
9;0
10;2
11;0
12;2
13;1
14;0
15;0
16;0
17;1
18;0
19;0
20;2
21;0
22;2
23;2
24;2
25;0
26;1
27;2
28;0
29;0
30;0
31;0
32;1
33;0
34;1
35;0
36;1
37;0
38;2
39;2
40;1
41;0
42;0
43;2
44;2
45;0
46;2
47;2
48;2
49;0
50;2
51;0
52;1
53;0
54;0
55;0
56;1
57;0
58;0
59;0
60;0
61;1
62;0
63;0
64;0
65;0
66;0
67;0
68;1
69;0
70;2
71;2
72;1
73;0
74;0
75;2
76;4
77;0
78;0
79;2
80;2
81;0
82;2
83;0
84;1
85;0
86;0
87;2
88;2
89;0
90;0
91;0
92;0
93;2
94;2
95;0
96;2
97;0
98;0
99;2
100;0
101;0
102;0
103;0
104;2
105;0
106;1
107;0
108;0
109;0
110;0
111;2
112;2
113;0
114;2
115;2
116;2
117;0
118;2
119;0
120;0
121;0
122;0
123;0
124;0
125;2
126;0
127;1
128;0
129;0
130;0
131;2
132;2
133;0
134;2
135;1
136;0
137;0
138;2
139;0
140;1
141;0
142;0
143;0
144;2
145;0
146;2
147;0
148;0
149;0
150;0
151;0
152;0
153;0
154;0
155;0
156;1
157;0
158;1
159;0
160;1
161;0
162;0
163;2
164;4
165;0
166;2
167;2
168;2
169;0
170;2
171;0
172;2
173;0
174;0
175;0
176;2
177;2
178;0
179;0
180;0
181;2
182;0
183;0
184;0
185;1
186;0
187;2
188;1
189;0
190;0
191;0
192;0
193;2
194;2
195;2
196;2
197;0
198;0
199;0
200;0
201;0
202;2
203;2
204;1
205;0
206;0
207;2
208;4
209;0
210;2
211;2
212;2
213;0
214;2
215;0
216;1
217;2
218;2
219;0
220;0
221;0
222;0
223;1
224;0
225;0
226;2
227;1
228;0
229;2
230;0
231;2
232;2
233;0
234;0
235;2
236;0
237;0
238;0
239;0
240;2
241;0
242;2
243;2
244;1
245;0
246;0
247;2
248;4
249;0
250;2
251;2
252;4
253;0
254;2
255;0
256;1
257;0
258;2
259;2
260;1
261;0
262;0
263;0
264;4
265;0
266;2
267;1
268;0
269;0
270;2
271;0
272;1
273;0
274;0
275;0
276;0
277;0
278;0
279;0
280;0
281;0
282;0
283;1
284;0
285;0
286;0
287;0
288;0
289;0
290;0
291;1
292;0
293;0
294;0
295;2
296;1
297;0
298;2
299;2
300;2
301;0
302;2
303;0
304;1
305;1
306;0
307;0
308;2
309;0
310;1
311;0
312;2
313;0
314;0
315;0
316;0
317;0
318;0
319;0
320;0
321;0
322;2
323;2
324;2
325;0
326;2
327;2
328;1
329;0
330;1
331;0
332;1
333;0
334;0
335;2
336;4
337;0
338;2
339;2
340;2
341;0
342;2
343;0
344;2
345;0
346;0
347;0
348;0
349;0
350;2
351;0
352;1
353;0
354;0
355;2
356;0
357;0
358;0
359;0
360;0
361;0
362;0
363;2
364;2
365;0
366;1
367;0
368;1
369;0
370;0
371;0
372;0
373;0
374;2
375;2
376;2
377;0
378;0
379;2
380;4
381;0
382;2
383;2
384;0
385;0
386;2
387;0
388;2
389;0
390;2
391;0
392;2
393;1
394;2
395;0
396;0
397;2
398;1
399;0
400;2
401;0
402;0
403;0
404;0
405;0
406;0
407;0
408;1
409;0
410;0
411;0
412;0
413;2
414;0
415;2
416;2
417;0
418;0
419;0
420;0
421;0
422;2
423;2
424;1
425;0
426;0
427;2
428;4
429;0
430;2
431;2
432;0
433;0
434;2
435;0
436;1
437;0
438;1
439;0
440;0
441;0
442;2
443;2
444;1
445;0
446;2
447;0
448;1
449;0
450;0
451;0
452;2
453;0
454;2
455;2
456;2
457;0
458;2
459;0
460;2
461;0
462;0
463;0
464;0
465;0
466;0
467;0
468;1
469;0
470;0
471;0
472;0
473;0
474;2
475;1
476;0
477;0
478;0
479;2
480;2
481;0
482;2
483;2
484;2
485;0
486;2
487;0
488;2
489;0
490;0
491;0
492;0
493;0
494;0
495;0
496;0
497;1
498;1
499;0
500;1
501;0
502;2
503;2
504;1
505;0
506;0
507;2
508;2
509;0
510;2
511;2
512;2
513;0
514;2
515;0
516;2
517;0
518;0
519;0
520;0
521;0
522;0
523;0
524;0
525;0
526;2
527;2
528;2
529;0
530;0
531;0
532;1
533;0
534;2
535;2
536;1
537;0
538;0
539;0
540;2
541;0
542;2
543;2
544;2
545;0
546;0
547;0
548;2
549;0
550;0
551;0
552;2
553;0
554;0
555;2
556;1
557;0
558;2
559;1
560;0
561;0
562;0
563;2
564;4
565;0
566;2
567;1
568;2
569;0
570;0
571;0
572;2
573;2
574;1
575;0
576;2
577;2
578;0
579;0
580;0
581;0
582;1
583;0
584;0
585;1
586;0
587;2
588;0
589;0
590;1
591;0
592;1
593;0
594;0
595;0
596;4
597;0
598;2
599;2
600;0
601;0
602;2
603;0
604;2
605;2
606;0
607;2
608;0
609;0
610;0
611;0
612;0
613;0
614;2
615;0
616;2
617;0
618;1
619;0
620;1
621;1
622;0
623;2
624;2
625;0
626;2
627;2
628;2
629;0
630;0
631;0
632;2
633;1
634;0
635;0
636;0
637;0
638;0
639;2
640;1
641;0
642;2
643;1
644;0
645;0
646;0
647;0
648;2
649;0
650;0
651;0
652;0
653;2
654;1
655;0
656;0
657;0
658;2
659;2
660;1
661;0
662;0
663;2
664;4
665;0
666;2
667;1
668;0
669;0
670;2
671;0
672;1
673;0
674;0
675;2
676;0
677;0
678;0
679;1
680;0
681;0
682;0
683;2
684;1
685;0
686;2
687;0
688;0
689;0
690;0
691;0
692;0
693;0
694;0
695;0
696;2
697;1
698;0
699;0
700;0
701;2
702;2
703;1
704;0
705;0
706;2
707;0
708;1
709;0
710;0
711;2
712;4
713;0
714;2
715;2
716;2
717;0
718;2
719;0
720;2
721;1
722;2
723;0
724;1
725;0
726;1
727;0
728;1
729;0
730;0
731;2
732;4
733;0
734;2
735;2
736;2
737;0
738;2
739;0
740;1
741;0
742;0
743;0
744;1
745;0
746;1
747;0
748;0
749;2
750;2
751;0
752;2
753;2
754;0
755;2
756;2
757;0
758;1
759;0
760;0
761;0
762;2
763;2
764;2
765;1
766;0
767;0
768;0
769;0
770;0
771;0
772;1
773;0
774;2
775;2
776;1
777;0
778;0
779;2
780;4
781;0
782;2
783;2
784;2
785;0
786;2
787;0
788;2
789;0
790;1
791;0
792;0
793;0
794;2
795;2
796;2
797;0
798;0
799;0
800;0
801;0
802;0
803;0
804;1
805;0
806;0
807;2
808;1
809;0
810;2
811;2
812;0
813;0
814;0
815;2
816;4
817;0
818;2
819;2
820;2
821;0
822;0
823;0
824;2
825;0
826;0
827;0
828;0
829;2
830;2
831;2
832;1
833;1
834;0
835;0
836;0
837;0
838;0
839;0
840;0
841;2
842;0
843;2
844;2
845;0
846;2
847;2
848;2
849;0
850;0
851;0
852;0
853;0
854;2
855;2
856;1
857;0
858;0
859;2
860;4
861;0
862;2
863;1
864;2
865;0
866;2
867;0
868;2
869;0
870;0
871;0
872;0
873;2
874;0
875;0
876;0
877;1
878;0
879;0
880;0
881;0
882;0
883;0
884;0
885;0
886;2
887;0
888;0
889;0
890;0
891;0
892;0
893;1
894;0
895;0
896;0
897;0
898;0
899;0
900;0
901;0
902;2
903;2
904;1
905;0
906;0
907;2
908;1
909;0
910;2
911;2
912;2
913;0
914;0
915;0
916;1
917;1
918;0
919;0
920;0
921;0
922;0
923;0
924;0
925;0
926;0
927;0
928;0
929;0
930;2
931;0
932;0
933;0
934;0
935;0
936;1
937;0
938;0
939;2
940;1
941;0
942;0
943;0
944;1
945;2
946;2
947;1
948;0
949;0
950;2
951;0
952;2
953;1
954;0
955;0
956;0
957;1
958;0
959;0
960;1
961;1
962;0
963;0
964;0
965;2
966;2
967;2
968;0
969;0
970;0
971;0
972;0
973;0
974;0
975;0
976;0
977;2
978;0
979;0
980;0
981;0
982;2
983;2
984;1
985;0
986;0
987;2
988;2
989;0
990;2
991;1
992;0
993;0
994;0
995;0
996;0
997;0
998;0
999;0
1000;0
1001;0
1002;0
1003;2
1004;0
1005;0
1006;0
1007;0
1008;0
1009;2
1010;0
1011;0
1012;1
1013;0
1014;0
1015;1
1016;0
1017;0
1018;0
1019;0
1020;0
1021;0
1022;0
1023;0
