0;2
1;0
2;0
3;2
4;0
5;0
6;2
7;1
8;0
9;0
10;0
11;0
12;0
13;0
14;0
15;0
16;0
17;2
18;2
19;1
20;0
21;2
22;2
23;0
24;1
25;0
26;2
27;0
28;0
29;0
30;1
31;0
32;0
33;0
34;0
35;0
36;0
37;0
38;2
39;0
40;1
41;0
42;0
43;0
44;2
45;0
46;2
47;2
48;2
49;0
50;0
51;2
52;1
53;0
54;2
55;0
56;0
57;0
58;2
59;2
60;0
61;0
62;0
63;0
64;0
65;0
66;1
67;0
68;0
69;0
70;0
71;2
72;2
73;2
74;2
75;2
76;0
77;2
78;2
79;0
80;1
81;0
82;1
83;2
84;2
85;0
86;0
87;0
88;0
89;0
90;0
91;0
92;0
93;0
94;0
95;0
96;1
97;0
98;1
99;0
100;1
101;0
102;0
103;2
104;1
105;0
106;2
107;2
108;2
109;0
110;0
111;0
112;1
113;0
114;0
115;1
116;1
117;0
118;0
119;0
120;1
121;0
122;0
123;0
124;1
125;2
126;0
127;0
128;0
129;2
130;2
131;1
132;2
133;0
134;2
135;0
136;0
137;0
138;0
139;0
140;2
141;0
142;1
143;2
144;0
145;0
146;0
147;0
148;1
149;2
150;0
151;0
152;0
153;0
154;0
155;0
156;0
157;0
158;2
159;0
160;0
161;1
162;0
163;0
164;0
165;0
166;2
167;0
168;2
169;0
170;2
171;0
172;2
173;0
174;0
175;0
176;0
177;2
178;2
179;0
180;1
181;0
182;0
183;1
184;0
185;0
186;0
187;0
188;0
189;2
190;2
191;2
192;0
193;0
194;1
195;1
196;0
197;0
198;2
199;1
200;0
201;0
202;0
203;0
204;0
205;0
206;0
207;1
208;0
209;0
210;0
211;0
212;2
213;0
214;0
215;0
216;2
217;0
218;1
219;0
220;0
221;0
222;2
223;1
224;1
225;0
226;2
227;2
228;1
229;0
230;0
231;2
232;1
233;0
234;2
235;0
236;0
237;0
238;2
239;0
240;2
241;0
242;0
243;2
244;0
245;1
246;0
247;2
248;0
249;0
250;0
251;0
252;0
253;0
254;0
255;2
256;1
257;0
258;0
259;0
260;0
261;1
262;2
263;2
264;0
265;0
266;0
267;0
268;0
269;1
270;0
271;0
272;0
273;1
274;0
275;2
276;2
277;2
278;0
279;0
280;0
281;0
282;0
283;1
284;0
285;2
286;0
287;0
288;0
289;0
290;1
291;0
292;0
293;0
294;0
295;0
296;1
297;0
298;2
299;0
300;1
301;0
302;0
303;0
304;0
305;0
306;0
307;0
308;1
309;0
310;0
311;0
312;0
313;0
314;2
315;1
316;0
317;0
318;0
319;0
320;1
321;0
322;0
323;0
324;0
325;2
326;0
327;0
328;1
329;0
330;0
331;2
332;0
333;0
334;0
335;0
336;0
337;0
338;0
339;0
340;0
341;0
342;0
343;0
344;1
345;0
346;0
347;1
348;2
349;0
350;2
351;1
352;0
353;0
354;2
355;1
356;0
357;0
358;0
359;2
360;0
361;0
362;0
363;0
364;2
365;0
366;0
367;1
368;1
369;0
370;0
371;0
372;0
373;0
374;1
375;0
376;1
377;0
378;0
379;0
380;2
381;0
382;0
383;0
384;0
385;0
386;0
387;2
388;2
389;0
390;0
391;0
392;0
393;0
394;2
395;1
396;0
397;0
398;0
399;0
400;4
401;0
402;2
403;0
404;2
405;2
406;2
407;2
408;2
409;0
410;2
411;0
412;0
413;0
414;0
415;2
416;0
417;0
418;0
419;0
420;1
421;2
422;2
423;2
424;2
425;0
426;2
427;0
428;2
429;0
430;0
431;0
432;0
433;1
434;2
435;2
436;0
437;2
438;0
439;1
440;2
441;1
442;0
443;0
444;0
445;0
446;0
447;0
448;0
449;2
450;2
451;4
452;1
453;0
454;2
455;0
456;0
457;0
458;2
459;2
460;1
461;0
462;0
463;0
464;4
465;0
466;2
467;0
468;2
469;0
470;0
471;0
472;2
473;0
474;1
475;2
476;1
477;0
478;2
479;0
480;2
481;0
482;2
483;0
484;2
485;0
486;0
487;0
488;2
489;0
490;0
491;0
492;0
493;1
494;0
495;2
496;1
497;0
498;2
499;0
500;2
501;2
502;2
503;1
504;2
505;0
506;0
507;1
508;0
509;0
510;1
511;0
512;0
513;0
514;0
515;0
516;0
517;2
518;1
519;0
520;2
521;1
522;0
523;0
524;0
525;0
526;0
527;1
528;0
529;0
530;0
531;2
532;2
533;0
534;1
535;2
536;2
537;0
538;2
539;0
540;0
541;0
542;0
543;0
544;0
545;0
546;2
547;0
548;0
549;0
550;0
551;0
552;0
553;0
554;0
555;0
556;2
557;0
558;2
559;0
560;1
561;0
562;0
563;0
564;0
565;0
566;2
567;0
568;0
569;0
570;0
571;1
572;0
573;0
574;0
575;0
576;0
577;2
578;0
579;0
580;2
581;2
582;0
583;0
584;2
585;2
586;0
587;1
588;0
589;0
590;0
591;0
592;2
593;0
594;2
595;0
596;0
597;0
598;0
599;0
600;0
601;0
602;0
603;2
604;4
605;0
606;2
607;2
608;0
609;0
610;2
611;0
612;2
613;0
614;0
615;0
616;1
617;0
618;1
619;0
620;1
621;2
622;0
623;0
624;0
625;0
626;2
627;0
628;0
629;2
630;0
631;1
632;1
633;0
634;0
635;0
636;0
637;0
638;2
639;0
640;1
641;0
642;2
643;0
644;0
645;1
646;0
647;0
648;2
649;0
650;0
651;0
652;0
653;0
654;0
655;0
656;1
657;0
658;0
659;0
660;0
661;0
662;0
663;0
664;0
665;1
666;2
667;0
668;0
669;2
670;2
671;0
672;1
673;0
674;0
675;2
676;2
677;0
678;0
679;2
680;0
681;0
682;0
683;0
684;0
685;1
686;1
687;0
688;2
689;2
690;2
691;1
692;0
693;0
694;0
695;0
696;0
697;1
698;0
699;0
700;0
701;0
702;0
703;1
704;0
705;0
706;0
707;0
708;1
709;1
710;1
711;0
712;0
713;2
714;2
715;0
716;0
717;0
718;1
719;1
720;1
721;0
722;0
723;2
724;0
725;0
726;0
727;0
728;2
729;0
730;0
731;0
732;0
733;0
734;2
735;0
736;0
737;2
738;0
739;0
740;2
741;0
742;0
743;0
744;1
745;0
746;0
747;0
748;2
749;0
750;2
751;0
752;1
753;0
754;0
755;2
756;1
757;2
758;1
759;2
760;2
761;0
762;0
763;0
764;1
765;0
766;0
767;2
768;1
769;0
770;2
771;0
772;0
773;2
774;1
775;0
776;1
777;0
778;2
779;0
780;0
781;0
782;0
783;0
784;1
785;2
786;0
787;0
788;0
789;0
790;0
791;0
792;0
793;0
794;0
795;0
796;1
797;0
798;0
799;0
800;1
801;0
802;0
803;2
804;1
805;2
806;2
807;2
808;2
809;0
810;0
811;0
812;2
813;1
814;0
815;0
816;0
817;0
818;0
819;0
820;1
821;0
822;1
823;1
824;0
825;0
826;0
827;0
828;0
829;1
830;0
831;0
832;0
833;0
834;0
835;0
836;0
837;0
838;0
839;1
840;0
841;0
842;1
843;0
844;2
845;1
846;0
847;0
848;1
849;0
850;0
851;2
852;2
853;0
854;0
855;1
856;0
857;0
858;2
859;0
860;1
861;1
862;1
863;0
864;2
865;0
866;0
867;0
868;2
869;1
870;1
871;0
872;0
873;1
874;0
875;0
876;1
877;0
878;2
879;0
880;0
881;0
882;2
883;0
884;0
885;0
886;0
887;0
888;0
889;2
890;0
891;2
892;0
893;0
894;2
895;0
896;0
897;1
898;0
899;0
900;0
901;1
902;0
903;0
904;2
905;0
906;2
907;0
908;0
909;0
910;0
911;0
912;0
913;0
914;0
915;0
916;1
917;1
918;0
919;0
920;0
921;2
922;2
923;2
924;2
925;2
926;2
927;2
928;0
929;0
930;1
931;0
932;2
933;0
934;0
935;2
936;0
937;0
938;1
939;1
940;0
941;0
942;0
943;0
944;4
945;0
946;2
947;2
948;0
949;0
950;2
951;0
952;1
953;0
954;0
955;0
956;0
957;0
958;0
959;0
960;2
961;1
962;2
963;0
964;0
965;0
966;0
967;0
968;0
969;0
970;2
971;0
972;2
973;0
974;0
975;1
976;0
977;1
978;0
979;0
980;0
981;2
982;2
983;2
984;0
985;0
986;1
987;0
988;0
989;0
990;0
991;0
992;0
993;2
994;0
995;0
996;0
997;0
998;2
999;1
1000;0
1001;0
1002;0
1003;0
1004;2
1005;0
1006;2
1007;1
1008;0
1009;0
1010;0
1011;0
1012;1
1013;0
1014;0
1015;1
1016;0
1017;0
1018;0
1019;0
1020;0
1021;0
1022;0
1023;0
