0;0
1;0
2;0
3;2
4;2
5;2
6;1
7;2
8;2
9;0
10;2
11;0
12;2
13;0
14;2
15;0
16;0
17;0
18;0
19;1
20;0
21;1
22;1
23;2
24;1
25;2
26;0
27;0
28;2
29;0
30;0
31;1
32;0
33;0
34;0
35;0
36;0
37;0
38;0
39;0
40;0
41;0
42;0
43;2
44;0
45;0
46;0
47;0
48;0
49;0
50;1
51;1
52;0
53;2
54;0
55;0
56;0
57;0
58;0
59;2
60;0
61;0
62;0
63;0
64;2
65;2
66;0
67;0
68;2
69;0
70;0
71;2
72;1
73;0
74;0
75;1
76;0
77;0
78;0
79;0
80;0
81;1
82;0
83;0
84;0
85;0
86;1
87;0
88;2
89;0
90;0
91;0
92;2
93;0
94;0
95;0
96;2
97;1
98;0
99;1
100;0
101;0
102;0
103;1
104;1
105;0
106;0
107;0
108;0
109;0
110;2
111;2
112;1
113;0
114;0
115;0
116;4
117;0
118;2
119;1
120;0
121;0
122;0
123;0
124;2
125;0
126;2
127;0
128;0
129;0
130;0
131;0
132;0
133;0
134;2
135;0
136;0
137;0
138;0
139;0
140;0
141;0
142;0
143;0
144;0
145;0
146;0
147;0
148;0
149;0
150;0
151;0
152;2
153;2
154;0
155;0
156;2
157;0
158;0
159;0
160;2
161;0
162;0
163;1
164;0
165;0
166;0
167;0
168;0
169;0
170;2
171;0
172;0
173;1
174;2
175;0
176;1
177;1
178;1
179;1
180;1
181;0
182;0
183;0
184;1
185;0
186;0
187;2
188;1
189;0
190;1
191;0
192;1
193;0
194;0
195;2
196;0
197;0
198;2
199;1
200;0
201;0
202;0
203;0
204;2
205;0
206;1
207;2
208;0
209;0
210;0
211;0
212;1
213;0
214;2
215;1
216;0
217;0
218;2
219;0
220;1
221;0
222;0
223;1
224;0
225;2
226;0
227;2
228;0
229;2
230;2
231;1
232;1
233;0
234;1
235;0
236;0
237;0
238;0
239;2
240;2
241;1
242;0
243;0
244;0
245;1
246;1
247;1
248;1
249;0
250;0
251;0
252;0
253;0
254;1
255;0
256;0
257;0
258;2
259;0
260;0
261;0
262;0
263;1
264;0
265;0
266;0
267;1
268;1
269;0
270;0
271;0
272;0
273;0
274;2
275;2
276;0
277;0
278;0
279;0
280;2
281;0
282;0
283;0
284;1
285;0
286;0
287;0
288;1
289;1
290;0
291;0
292;0
293;0
294;2
295;0
296;0
297;2
298;0
299;0
300;0
301;0
302;1
303;0
304;2
305;0
306;1
307;0
308;0
309;0
310;0
311;0
312;0
313;0
314;2
315;0
316;1
317;0
318;0
319;2
320;2
321;0
322;0
323;2
324;0
325;0
326;0
327;1
328;0
329;0
330;0
331;0
332;0
333;0
334;2
335;2
336;4
337;0
338;0
339;1
340;2
341;0
342;0
343;0
344;1
345;0
346;2
347;2
348;0
349;2
350;0
351;0
352;0
353;0
354;2
355;2
356;0
357;0
358;2
359;0
360;1
361;0
362;0
363;2
364;2
365;0
366;2
367;1
368;0
369;0
370;0
371;0
372;2
373;0
374;0
375;0
376;0
377;0
378;0
379;0
380;1
381;0
382;0
383;1
384;2
385;2
386;2
387;2
388;1
389;0
390;0
391;0
392;2
393;0
394;0
395;0
396;0
397;0
398;0
399;1
400;0
401;1
402;1
403;2
404;2
405;0
406;0
407;2
408;0
409;2
410;2
411;0
412;0
413;0
414;0
415;0
416;2
417;0
418;0
419;0
420;0
421;2
422;0
423;0
424;0
425;0
426;0
427;0
428;2
429;2
430;0
431;0
432;2
433;0
434;0
435;0
436;0
437;0
438;1
439;0
440;1
441;0
442;0
443;2
444;2
445;2
446;0
447;0
448;0
449;1
450;0
451;2
452;0
453;2
454;2
455;0
456;1
457;0
458;2
459;2
460;2
461;0
462;0
463;1
464;0
465;2
466;2
467;2
468;4
469;0
470;2
471;0
472;2
473;0
474;1
475;0
476;2
477;1
478;2
479;0
480;2
481;2
482;1
483;2
484;1
485;0
486;2
487;0
488;0
489;1
490;2
491;2
492;2
493;0
494;0
495;0
496;1
497;0
498;0
499;0
500;0
501;0
502;0
503;0
504;0
505;1
506;0
507;0
508;2
509;0
510;1
511;0
512;0
513;0
514;0
515;0
516;0
517;0
518;0
519;0
520;0
521;0
522;0
523;4
524;0
525;1
526;0
527;0
528;2
529;0
530;2
531;2
532;0
533;0
534;0
535;1
536;0
537;0
538;0
539;0
540;0
541;0
542;0
543;0
544;2
545;0
546;0
547;0
548;0
549;0
550;0
551;0
552;0
553;0
554;0
555;0
556;0
557;2
558;1
559;0
560;1
561;0
562;0
563;0
564;0
565;0
566;0
567;0
568;0
569;0
570;0
571;0
572;0
573;1
574;0
575;0
576;0
577;0
578;1
579;0
580;0
581;0
582;0
583;1
584;0
585;0
586;0
587;0
588;0
589;2
590;1
591;0
592;2
593;0
594;1
595;0
596;1
597;0
598;1
599;0
600;2
601;0
602;0
603;0
604;0
605;0
606;0
607;2
608;0
609;2
610;2
611;0
612;0
613;0
614;1
615;0
616;0
617;0
618;0
619;0
620;2
621;0
622;2
623;0
624;0
625;0
626;0
627;0
628;0
629;0
630;0
631;0
632;2
633;0
634;1
635;0
636;2
637;2
638;0
639;0
640;0
641;0
642;1
643;0
644;0
645;0
646;1
647;2
648;1
649;1
650;0
651;0
652;1
653;0
654;0
655;0
656;0
657;0
658;2
659;0
660;0
661;1
662;0
663;0
664;2
665;0
666;1
667;0
668;1
669;0
670;0
671;0
672;0
673;0
674;0
675;0
676;2
677;0
678;1
679;2
680;1
681;0
682;2
683;0
684;0
685;1
686;0
687;0
688;0
689;0
690;0
691;2
692;1
693;0
694;0
695;0
696;0
697;0
698;2
699;2
700;2
701;2
702;2
703;0
704;2
705;0
706;0
707;0
708;0
709;0
710;0
711;0
712;2
713;0
714;0
715;0
716;0
717;0
718;0
719;2
720;1
721;0
722;0
723;0
724;2
725;0
726;0
727;0
728;0
729;0
730;0
731;0
732;0
733;2
734;2
735;2
736;2
737;0
738;1
739;1
740;0
741;0
742;2
743;0
744;0
745;0
746;0
747;0
748;2
749;2
750;1
751;0
752;1
753;0
754;0
755;0
756;2
757;0
758;0
759;0
760;0
761;2
762;0
763;1
764;0
765;0
766;0
767;0
768;0
769;0
770;0
771;1
772;2
773;1
774;0
775;2
776;1
777;0
778;2
779;1
780;0
781;0
782;0
783;0
784;0
785;1
786;0
787;0
788;2
789;2
790;0
791;2
792;0
793;2
794;0
795;0
796;0
797;0
798;0
799;1
800;2
801;0
802;0
803;1
804;0
805;0
806;0
807;2
808;0
809;2
810;0
811;0
812;0
813;0
814;0
815;2
816;0
817;0
818;2
819;2
820;0
821;0
822;0
823;0
824;0
825;0
826;0
827;0
828;0
829;0
830;1
831;0
832;0
833;0
834;1
835;2
836;0
837;0
838;0
839;0
840;0
841;0
842;1
843;0
844;0
845;0
846;0
847;0
848;0
849;1
850;0
851;0
852;0
853;0
854;2
855;0
856;0
857;1
858;0
859;0
860;2
861;2
862;0
863;2
864;0
865;0
866;0
867;0
868;0
869;0
870;0
871;0
872;0
873;0
874;0
875;0
876;0
877;1
878;0
879;0
880;2
881;0
882;1
883;0
884;0
885;1
886;0
887;0
888;2
889;2
890;2
891;0
892;2
893;0
894;1
895;0
896;1
897;0
898;0
899;0
900;1
901;0
902;1
903;0
904;0
905;1
906;0
907;0
908;0
909;0
910;0
911;0
912;0
913;1
914;0
915;0
916;0
917;0
918;0
919;2
920;2
921;1
922;0
923;0
924;0
925;0
926;0
927;0
928;0
929;0
930;1
931;1
932;0
933;0
934;0
935;0
936;2
937;0
938;0
939;0
940;0
941;0
942;0
943;0
944;0
945;1
946;1
947;0
948;0
949;0
950;0
951;0
952;0
953;0
954;0
955;0
956;0
957;0
958;2
959;0
960;0
961;1
962;0
963;0
964;2
965;2
966;2
967;2
968;2
969;2
970;0
971;0
972;2
973;0
974;2
975;2
976;0
977;0
978;0
979;0
980;0
981;0
982;0
983;0
984;2
985;0
986;0
987;1
988;2
989;0
990;2
991;2
992;4
993;0
994;2
995;0
996;2
997;2
998;1
999;0
1000;2
1001;1
1002;0
1003;0
1004;1
1005;0
1006;0
1007;0
1008;0
1009;0
1010;0
1011;0
1012;0
1013;1
1014;0
1015;0
1016;0
1017;0
1018;0
1019;0
1020;0
1021;0
1022;0
1023;0
