0;1
1;0
2;0
3;2
4;4
5;2
6;2
7;2
8;2
9;0
10;0
11;0
12;2
13;1
14;1
15;0
16;1
17;0
18;1
19;2
20;2
21;2
22;2
23;2
24;1
25;1
26;2
27;0
28;1
29;0
30;0
31;2
32;0
33;0
34;0
35;0
36;0
37;0
38;2
39;1
40;0
41;1
42;0
43;0
44;2
45;0
46;2
47;0
48;0
49;0
50;0
51;0
52;0
53;0
54;0
55;1
56;0
57;0
58;0
59;2
60;1
61;0
62;0
63;0
64;0
65;0
66;1
67;1
68;0
69;0
70;0
71;0
72;0
73;0
74;1
75;0
76;0
77;0
78;0
79;0
80;2
81;0
82;2
83;0
84;0
85;2
86;0
87;0
88;0
89;0
90;2
91;2
92;1
93;0
94;0
95;1
96;0
97;0
98;0
99;1
100;1
101;1
102;0
103;0
104;2
105;0
106;0
107;0
108;1
109;0
110;1
111;0
112;0
113;0
114;0
115;0
116;0
117;2
118;0
119;0
120;0
121;0
122;0
123;0
124;0
125;0
126;0
127;2
128;0
129;0
130;0
131;2
132;2
133;0
134;2
135;1
136;0
137;0
138;2
139;0
140;0
141;0
142;0
143;2
144;0
145;0
146;2
147;1
148;0
149;1
150;0
151;1
152;0
153;0
154;2
155;0
156;2
157;0
158;0
159;0
160;1
161;2
162;2
163;2
164;0
165;0
166;2
167;2
168;1
169;0
170;1
171;0
172;4
173;2
174;0
175;2
176;2
177;0
178;0
179;0
180;2
181;0
182;0
183;0
184;1
185;0
186;0
187;0
188;0
189;0
190;2
191;2
192;0
193;0
194;1
195;0
196;0
197;2
198;2
199;1
200;0
201;0
202;0
203;0
204;0
205;0
206;0
207;2
208;2
209;0
210;0
211;2
212;0
213;0
214;2
215;0
216;0
217;0
218;2
219;1
220;0
221;0
222;2
223;0
224;0
225;0
226;2
227;1
228;0
229;0
230;0
231;2
232;4
233;0
234;2
235;2
236;2
237;0
238;0
239;0
240;1
241;0
242;0
243;2
244;1
245;0
246;1
247;0
248;0
249;0
250;0
251;1
252;1
253;0
254;2
255;2
256;2
257;0
258;2
259;0
260;2
261;1
262;0
263;2
264;2
265;1
266;0
267;1
268;2
269;1
270;0
271;2
272;2
273;0
274;0
275;0
276;0
277;0
278;2
279;2
280;0
281;0
282;0
283;0
284;0
285;0
286;0
287;2
288;1
289;1
290;0
291;0
292;0
293;0
294;0
295;2
296;0
297;0
298;0
299;0
300;0
301;0
302;2
303;2
304;0
305;0
306;0
307;2
308;4
309;0
310;2
311;1
312;2
313;0
314;2
315;0
316;2
317;2
318;0
319;1
320;0
321;2
322;0
323;0
324;0
325;0
326;0
327;0
328;0
329;0
330;0
331;0
332;2
333;0
334;2
335;1
336;0
337;0
338;0
339;0
340;0
341;0
342;1
343;0
344;1
345;0
346;0
347;0
348;0
349;0
350;1
351;0
352;1
353;0
354;0
355;2
356;0
357;2
358;2
359;1
360;0
361;0
362;0
363;0
364;2
365;0
366;2
367;1
368;0
369;0
370;2
371;2
372;1
373;0
374;0
375;0
376;0
377;0
378;2
379;2
380;2
381;0
382;0
383;0
384;0
385;0
386;0
387;0
388;0
389;0
390;0
391;0
392;0
393;0
394;0
395;0
396;0
397;1
398;1
399;0
400;0
401;0
402;0
403;1
404;0
405;0
406;0
407;0
408;0
409;2
410;0
411;1
412;1
413;0
414;2
415;1
416;0
417;0
418;0
419;2
420;1
421;0
422;2
423;2
424;2
425;0
426;2
427;0
428;1
429;0
430;2
431;1
432;0
433;0
434;0
435;0
436;2
437;0
438;0
439;1
440;0
441;0
442;0
443;2
444;2
445;0
446;2
447;1
448;0
449;0
450;2
451;1
452;0
453;2
454;0
455;0
456;2
457;0
458;0
459;0
460;0
461;0
462;2
463;2
464;1
465;0
466;0
467;0
468;2
469;0
470;0
471;0
472;0
473;0
474;0
475;0
476;0
477;2
478;2
479;1
480;0
481;2
482;2
483;0
484;0
485;1
486;0
487;0
488;0
489;0
490;0
491;2
492;2
493;2
494;2
495;2
496;2
497;0
498;2
499;1
500;0
501;0
502;0
503;2
504;1
505;0
506;0
507;2
508;2
509;2
510;1
511;0
512;2
513;0
514;2
515;0
516;2
517;0
518;2
519;2
520;2
521;2
522;1
523;0
524;0
525;0
526;2
527;0
528;0
529;0
530;0
531;0
532;1
533;2
534;0
535;0
536;0
537;0
538;1
539;2
540;1
541;0
542;0
543;0
544;2
545;0
546;0
547;0
548;2
549;0
550;0
551;2
552;0
553;0
554;0
555;1
556;0
557;1
558;0
559;0
560;0
561;0
562;0
563;2
564;2
565;0
566;2
567;1
568;0
569;0
570;0
571;0
572;2
573;2
574;2
575;0
576;2
577;0
578;0
579;1
580;0
581;2
582;2
583;1
584;0
585;2
586;2
587;1
588;0
589;0
590;0
591;1
592;0
593;0
594;0
595;0
596;0
597;0
598;1
599;0
600;0
601;0
602;0
603;2
604;4
605;0
606;2
607;1
608;0
609;0
610;2
611;0
612;2
613;2
614;0
615;0
616;0
617;0
618;0
619;1
620;0
621;0
622;0
623;0
624;2
625;0
626;2
627;0
628;0
629;0
630;0
631;1
632;0
633;0
634;0
635;0
636;0
637;2
638;2
639;2
640;2
641;2
642;2
643;0
644;2
645;0
646;2
647;0
648;0
649;2
650;0
651;0
652;1
653;0
654;0
655;0
656;2
657;0
658;0
659;0
660;0
661;0
662;2
663;2
664;1
665;0
666;0
667;2
668;1
669;2
670;2
671;1
672;0
673;0
674;2
675;0
676;2
677;2
678;2
679;1
680;0
681;0
682;2
683;2
684;2
685;0
686;0
687;2
688;1
689;0
690;2
691;1
692;0
693;0
694;0
695;2
696;2
697;0
698;0
699;0
700;1
701;0
702;0
703;0
704;0
705;0
706;2
707;2
708;1
709;0
710;0
711;0
712;2
713;0
714;2
715;2
716;2
717;0
718;0
719;0
720;1
721;0
722;0
723;2
724;2
725;1
726;0
727;1
728;0
729;2
730;0
731;0
732;0
733;0
734;0
735;0
736;1
737;2
738;0
739;0
740;0
741;0
742;0
743;0
744;0
745;0
746;2
747;0
748;1
749;0
750;2
751;2
752;1
753;0
754;0
755;2
756;4
757;0
758;2
759;2
760;2
761;2
762;2
763;0
764;1
765;0
766;0
767;2
768;2
769;2
770;0
771;1
772;0
773;0
774;2
775;1
776;0
777;2
778;0
779;2
780;0
781;0
782;0
783;0
784;0
785;0
786;0
787;0
788;0
789;0
790;0
791;1
792;0
793;0
794;2
795;2
796;1
797;0
798;0
799;2
800;4
801;2
802;2
803;2
804;2
805;0
806;2
807;0
808;2
809;0
810;0
811;0
812;0
813;1
814;0
815;0
816;0
817;2
818;2
819;2
820;2
821;0
822;0
823;0
824;1
825;0
826;0
827;0
828;1
829;0
830;0
831;0
832;0
833;0
834;1
835;0
836;0
837;0
838;0
839;0
840;0
841;0
842;0
843;0
844;2
845;1
846;0
847;0
848;0
849;0
850;0
851;2
852;1
853;0
854;1
855;0
856;0
857;0
858;0
859;0
860;1
861;0
862;0
863;0
864;0
865;0
866;0
867;0
868;0
869;0
870;0
871;1
872;0
873;0
874;2
875;0
876;2
877;2
878;0
879;0
880;0
881;0
882;0
883;0
884;2
885;1
886;1
887;0
888;0
889;2
890;2
891;2
892;2
893;0
894;2
895;1
896;0
897;0
898;2
899;1
900;1
901;0
902;0
903;2
904;4
905;2
906;2
907;1
908;0
909;0
910;0
911;0
912;2
913;2
914;2
915;0
916;2
917;2
918;0
919;0
920;0
921;2
922;2
923;2
924;1
925;0
926;0
927;2
928;0
929;1
930;0
931;0
932;2
933;0
934;0
935;1
936;0
937;0
938;2
939;1
940;0
941;0
942;0
943;0
944;0
945;2
946;0
947;0
948;0
949;1
950;0
951;2
952;1
953;2
954;2
955;1
956;0
957;0
958;1
959;0
960;2
961;0
962;2
963;2
964;0
965;0
966;2
967;0
968;0
969;0
970;0
971;0
972;2
973;2
974;1
975;0
976;2
977;0
978;0
979;0
980;0
981;0
982;0
983;0
984;0
985;0
986;0
987;1
988;1
989;0
990;0
991;0
992;2
993;0
994;2
995;1
996;0
997;0
998;2
999;0
1000;2
1001;0
1002;0
1003;0
1004;1
1005;0
1006;0
1007;0
1008;0
1009;0
1010;0
1011;0
1012;1
1013;0
1014;1
1015;0
1016;0
1017;0
1018;0
1019;0
1020;0
1021;0
1022;0
1023;0
