0;0
1;0
2;0
3;2
4;2
5;0
6;2
7;1
8;0
9;0
10;2
11;0
12;2
13;0
14;2
15;1
16;0
17;0
18;0
19;1
20;0
21;0
22;1
23;0
24;1
25;0
26;0
27;0
28;2
29;0
30;0
31;0
32;0
33;0
34;0
35;0
36;0
37;0
38;0
39;0
40;0
41;0
42;1
43;1
44;0
45;0
46;0
47;0
48;0
49;0
50;1
51;0
52;0
53;2
54;0
55;0
56;0
57;2
58;0
59;0
60;0
61;0
62;0
63;0
64;2
65;0
66;0
67;0
68;2
69;0
70;0
71;0
72;1
73;0
74;0
75;0
76;2
77;1
78;0
79;0
80;1
81;2
82;0
83;0
84;0
85;0
86;0
87;2
88;2
89;0
90;1
91;0
92;0
93;0
94;1
95;2
96;2
97;0
98;1
99;2
100;0
101;0
102;0
103;0
104;1
105;0
106;0
107;0
108;0
109;0
110;0
111;0
112;0
113;0
114;2
115;0
116;0
117;1
118;2
119;0
120;0
121;0
122;0
123;0
124;1
125;0
126;0
127;2
128;2
129;0
130;0
131;0
132;0
133;0
134;0
135;0
136;0
137;0
138;0
139;0
140;0
141;0
142;0
143;0
144;1
145;1
146;0
147;0
148;0
149;0
150;0
151;1
152;1
153;0
154;1
155;0
156;0
157;1
158;0
159;1
160;1
161;2
162;1
163;2
164;2
165;1
166;0
167;0
168;2
169;0
170;1
171;0
172;0
173;0
174;0
175;0
176;0
177;0
178;0
179;2
180;0
181;1
182;0
183;0
184;0
185;0
186;2
187;1
188;0
189;0
190;0
191;0
192;0
193;0
194;0
195;0
196;2
197;0
198;1
199;0
200;0
201;0
202;0
203;0
204;1
205;0
206;2
207;2
208;1
209;0
210;2
211;2
212;1
213;0
214;1
215;0
216;0
217;0
218;0
219;1
220;0
221;2
222;1
223;0
224;1
225;0
226;1
227;0
228;0
229;0
230;2
231;2
232;2
233;1
234;0
235;0
236;0
237;0
238;1
239;1
240;1
241;0
242;0
243;0
244;0
245;1
246;0
247;0
248;0
249;0
250;0
251;0
252;0
253;0
254;0
255;1
256;0
257;0
258;0
259;2
260;0
261;0
262;0
263;0
264;2
265;2
266;0
267;0
268;0
269;0
270;0
271;2
272;2
273;0
274;0
275;0
276;1
277;1
278;0
279;0
280;1
281;0
282;0
283;0
284;0
285;2
286;2
287;0
288;0
289;0
290;0
291;0
292;0
293;0
294;0
295;1
296;0
297;0
298;1
299;0
300;1
301;1
302;1
303;0
304;0
305;0
306;1
307;0
308;2
309;0
310;0
311;2
312;2
313;0
314;2
315;2
316;0
317;0
318;2
319;0
320;2
321;2
322;2
323;2
324;1
325;0
326;0
327;0
328;0
329;0
330;0
331;2
332;0
333;0
334;0
335;0
336;0
337;0
338;0
339;0
340;2
341;2
342;2
343;2
344;2
345;0
346;2
347;1
348;0
349;0
350;0
351;0
352;0
353;0
354;0
355;0
356;1
357;0
358;0
359;0
360;0
361;0
362;0
363;2
364;1
365;0
366;2
367;0
368;0
369;0
370;0
371;0
372;0
373;0
374;2
375;1
376;2
377;0
378;2
379;1
380;0
381;0
382;0
383;0
384;2
385;0
386;0
387;0
388;0
389;0
390;0
391;0
392;0
393;1
394;2
395;2
396;2
397;0
398;2
399;0
400;0
401;2
402;2
403;0
404;0
405;2
406;0
407;0
408;2
409;0
410;2
411;0
412;1
413;0
414;0
415;0
416;0
417;0
418;0
419;0
420;1
421;2
422;0
423;0
424;1
425;0
426;0
427;0
428;0
429;0
430;0
431;0
432;1
433;0
434;0
435;2
436;2
437;2
438;0
439;2
440;0
441;1
442;0
443;0
444;1
445;1
446;0
447;0
448;1
449;0
450;2
451;0
452;2
453;0
454;0
455;2
456;2
457;2
458;0
459;2
460;0
461;0
462;0
463;0
464;2
465;0
466;2
467;0
468;0
469;0
470;0
471;0
472;1
473;0
474;0
475;2
476;0
477;0
478;0
479;1
480;0
481;1
482;0
483;2
484;2
485;2
486;2
487;1
488;0
489;2
490;1
491;0
492;1
493;0
494;0
495;0
496;0
497;0
498;1
499;0
500;2
501;0
502;1
503;0
504;0
505;0
506;0
507;0
508;2
509;0
510;0
511;0
512;0
513;0
514;0
515;2
516;1
517;0
518;2
519;0
520;0
521;0
522;1
523;0
524;1
525;0
526;0
527;2
528;2
529;0
530;0
531;0
532;0
533;0
534;1
535;0
536;2
537;0
538;0
539;2
540;0
541;2
542;0
543;0
544;0
545;2
546;2
547;0
548;2
549;1
550;0
551;2
552;1
553;0
554;0
555;0
556;0
557;0
558;0
559;0
560;1
561;0
562;1
563;0
564;1
565;0
566;0
567;0
568;0
569;0
570;1
571;0
572;0
573;0
574;2
575;2
576;1
577;0
578;0
579;0
580;0
581;1
582;0
583;1
584;2
585;0
586;0
587;0
588;1
589;0
590;2
591;0
592;2
593;0
594;0
595;0
596;0
597;0
598;0
599;0
600;0
601;0
602;0
603;0
604;1
605;0
606;0
607;0
608;2
609;0
610;2
611;1
612;0
613;0
614;1
615;0
616;1
617;0
618;2
619;2
620;2
621;0
622;0
623;0
624;2
625;0
626;2
627;0
628;0
629;0
630;0
631;1
632;0
633;0
634;0
635;0
636;1
637;0
638;1
639;0
640;2
641;2
642;0
643;0
644;0
645;0
646;0
647;0
648;2
649;1
650;0
651;0
652;0
653;1
654;0
655;0
656;0
657;0
658;1
659;0
660;0
661;0
662;2
663;0
664;0
665;0
666;0
667;0
668;1
669;0
670;1
671;0
672;1
673;0
674;1
675;1
676;0
677;0
678;0
679;0
680;2
681;0
682;0
683;1
684;0
685;2
686;2
687;0
688;2
689;0
690;0
691;0
692;0
693;1
694;0
695;0
696;1
697;0
698;1
699;0
700;1
701;0
702;0
703;0
704;1
705;2
706;0
707;0
708;0
709;0
710;2
711;1
712;1
713;0
714;1
715;0
716;0
717;0
718;2
719;0
720;0
721;0
722;0
723;0
724;0
725;0
726;1
727;0
728;0
729;0
730;0
731;0
732;0
733;0
734;2
735;2
736;0
737;0
738;0
739;0
740;0
741;0
742;1
743;0
744;0
745;0
746;1
747;0
748;0
749;2
750;1
751;0
752;1
753;0
754;1
755;0
756;2
757;0
758;2
759;0
760;0
761;1
762;0
763;0
764;0
765;2
766;2
767;2
768;0
769;1
770;0
771;0
772;0
773;0
774;0
775;1
776;2
777;0
778;0
779;0
780;0
781;0
782;0
783;2
784;0
785;2
786;2
787;1
788;0
789;0
790;1
791;0
792;1
793;0
794;0
795;0
796;2
797;0
798;1
799;1
800;0
801;0
802;2
803;0
804;0
805;0
806;2
807;2
808;0
809;0
810;0
811;0
812;0
813;1
814;0
815;0
816;0
817;1
818;0
819;0
820;0
821;0
822;0
823;0
824;0
825;1
826;0
827;0
828;0
829;0
830;0
831;0
832;2
833;0
834;0
835;0
836;2
837;1
838;0
839;0
840;0
841;0
842;0
843;0
844;0
845;2
846;0
847;0
848;2
849;0
850;1
851;2
852;0
853;0
854;0
855;0
856;0
857;0
858;0
859;0
860;0
861;0
862;0
863;0
864;0
865;0
866;0
867;0
868;2
869;0
870;0
871;0
872;0
873;1
874;1
875;2
876;0
877;2
878;2
879;2
880;2
881;0
882;0
883;2
884;1
885;0
886;2
887;0
888;2
889;0
890;0
891;0
892;0
893;2
894;2
895;0
896;0
897;0
898;0
899;0
900;0
901;0
902;0
903;1
904;0
905;0
906;0
907;2
908;0
909;1
910;0
911;0
912;0
913;0
914;0
915;0
916;2
917;1
918;0
919;2
920;2
921;0
922;0
923;0
924;1
925;0
926;0
927;0
928;0
929;0
930;1
931;1
932;0
933;1
934;2
935;0
936;0
937;0
938;2
939;0
940;1
941;0
942;0
943;0
944;4
945;0
946;2
947;1
948;2
949;0
950;2
951;0
952;2
953;0
954;1
955;2
956;0
957;1
958;0
959;0
960;0
961;1
962;0
963;0
964;2
965;0
966;0
967;1
968;0
969;2
970;0
971;2
972;1
973;0
974;2
975;2
976;2
977;0
978;0
979;0
980;0
981;2
982;0
983;0
984;2
985;0
986;2
987;2
988;1
989;0
990;0
991;0
992;1
993;1
994;0
995;0
996;0
997;2
998;0
999;0
1000;2
1001;0
1002;0
1003;1
1004;0
1005;0
1006;0
1007;0
1008;2
1009;0
1010;2
1011;0
1012;0
1013;0
1014;0
1015;0
1016;0
1017;0
1018;0
1019;0
1020;0
1021;0
1022;0
1023;0
