0;1
1;0
2;0
3;0
4;2
5;2
6;0
7;0
8;2
9;0
10;0
11;2
12;2
13;1
14;0
15;0
16;0
17;0
18;0
19;1
20;2
21;0
22;0
23;2
24;1
25;0
26;1
27;2
28;0
29;0
30;0
31;0
32;1
33;2
34;1
35;0
36;1
37;0
38;0
39;2
40;1
41;0
42;0
43;0
44;1
45;1
46;0
47;1
48;2
49;2
50;1
51;0
52;1
53;1
54;0
55;2
56;0
57;0
58;2
59;2
60;2
61;2
62;2
63;0
64;0
65;0
66;2
67;1
68;0
69;0
70;2
71;2
72;2
73;2
74;1
75;0
76;0
77;2
78;2
79;0
80;1
81;0
82;0
83;0
84;0
85;0
86;0
87;0
88;0
89;1
90;2
91;2
92;1
93;0
94;1
95;0
96;0
97;0
98;2
99;0
100;2
101;0
102;0
103;0
104;0
105;0
106;0
107;0
108;0
109;0
110;0
111;0
112;1
113;0
114;0
115;2
116;1
117;0
118;0
119;1
120;4
121;0
122;2
123;2
124;2
125;0
126;2
127;0
128;1
129;1
130;0
131;0
132;0
133;0
134;0
135;0
136;0
137;0
138;1
139;0
140;1
141;0
142;0
143;1
144;0
145;0
146;0
147;1
148;0
149;2
150;0
151;2
152;2
153;0
154;2
155;0
156;0
157;0
158;0
159;0
160;0
161;0
162;2
163;0
164;1
165;0
166;0
167;2
168;2
169;0
170;2
171;0
172;2
173;0
174;0
175;0
176;0
177;0
178;2
179;0
180;1
181;0
182;0
183;0
184;0
185;2
186;0
187;0
188;0
189;0
190;0
191;0
192;0
193;0
194;0
195;0
196;0
197;0
198;0
199;1
200;0
201;0
202;0
203;0
204;0
205;0
206;1
207;0
208;0
209;0
210;0
211;1
212;0
213;0
214;0
215;0
216;0
217;2
218;0
219;0
220;0
221;0
222;0
223;0
224;0
225;0
226;0
227;0
228;0
229;0
230;1
231;2
232;1
233;0
234;0
235;2
236;2
237;2
238;2
239;2
240;0
241;0
242;0
243;0
244;1
245;2
246;1
247;0
248;2
249;2
250;1
251;0
252;0
253;0
254;0
255;0
256;0
257;0
258;1
259;0
260;2
261;2
262;0
263;0
264;2
265;0
266;2
267;2
268;1
269;0
270;0
271;0
272;0
273;0
274;1
275;0
276;1
277;0
278;0
279;2
280;1
281;0
282;0
283;2
284;2
285;0
286;0
287;2
288;2
289;2
290;2
291;0
292;0
293;0
294;0
295;2
296;0
297;0
298;0
299;0
300;0
301;0
302;0
303;2
304;2
305;0
306;0
307;0
308;1
309;0
310;0
311;0
312;0
313;0
314;0
315;0
316;1
317;0
318;1
319;2
320;2
321;1
322;0
323;0
324;0
325;2
326;1
327;0
328;2
329;1
330;0
331;0
332;0
333;0
334;0
335;2
336;1
337;0
338;0
339;0
340;0
341;2
342;0
343;2
344;1
345;0
346;0
347;2
348;1
349;0
350;0
351;0
352;2
353;0
354;2
355;2
356;2
357;0
358;2
359;0
360;2
361;1
362;0
363;0
364;0
365;0
366;0
367;0
368;2
369;2
370;1
371;0
372;0
373;2
374;2
375;1
376;0
377;0
378;1
379;0
380;0
381;0
382;2
383;2
384;2
385;0
386;0
387;1
388;1
389;0
390;0
391;2
392;2
393;0
394;2
395;0
396;2
397;0
398;1
399;0
400;2
401;2
402;2
403;0
404;1
405;0
406;2
407;0
408;0
409;0
410;1
411;0
412;0
413;1
414;1
415;0
416;1
417;0
418;0
419;0
420;0
421;0
422;0
423;0
424;0
425;0
426;1
427;0
428;2
429;0
430;0
431;0
432;2
433;1
434;1
435;0
436;2
437;0
438;0
439;2
440;1
441;0
442;0
443;0
444;0
445;2
446;1
447;0
448;1
449;0
450;2
451;1
452;0
453;0
454;0
455;2
456;4
457;0
458;2
459;1
460;0
461;0
462;2
463;0
464;1
465;0
466;1
467;0
468;1
469;0
470;2
471;2
472;4
473;0
474;2
475;2
476;2
477;0
478;2
479;0
480;2
481;2
482;0
483;0
484;0
485;0
486;2
487;2
488;2
489;0
490;0
491;0
492;1
493;0
494;1
495;0
496;1
497;0
498;2
499;2
500;2
501;0
502;1
503;2
504;2
505;0
506;2
507;0
508;2
509;2
510;2
511;2
512;1
513;0
514;0
515;0
516;0
517;0
518;2
519;0
520;0
521;0
522;2
523;2
524;0
525;0
526;2
527;0
528;0
529;0
530;0
531;2
532;0
533;0
534;1
535;0
536;0
537;2
538;1
539;0
540;0
541;0
542;0
543;0
544;0
545;0
546;0
547;0
548;0
549;0
550;2
551;1
552;0
553;0
554;0
555;2
556;0
557;2
558;2
559;0
560;0
561;0
562;0
563;0
564;0
565;0
566;0
567;0
568;2
569;0
570;0
571;0
572;0
573;0
574;0
575;2
576;1
577;0
578;0
579;2
580;0
581;0
582;2
583;2
584;2
585;0
586;2
587;0
588;2
589;0
590;1
591;0
592;0
593;0
594;0
595;2
596;0
597;0
598;0
599;1
600;0
601;0
602;0
603;0
604;0
605;0
606;0
607;0
608;1
609;0
610;0
611;0
612;0
613;1
614;0
615;0
616;1
617;0
618;0
619;1
620;0
621;2
622;2
623;2
624;2
625;2
626;0
627;0
628;0
629;2
630;2
631;2
632;0
633;0
634;0
635;0
636;0
637;2
638;0
639;0
640;1
641;0
642;0
643;0
644;1
645;0
646;0
647;1
648;2
649;0
650;2
651;1
652;2
653;2
654;0
655;0
656;0
657;0
658;2
659;2
660;2
661;1
662;1
663;1
664;0
665;0
666;0
667;0
668;0
669;2
670;1
671;0
672;0
673;0
674;1
675;0
676;0
677;0
678;0
679;2
680;2
681;0
682;0
683;0
684;0
685;0
686;0
687;0
688;1
689;0
690;0
691;0
692;4
693;1
694;1
695;0
696;1
697;0
698;0
699;2
700;1
701;1
702;0
703;2
704;4
705;0
706;2
707;0
708;0
709;0
710;2
711;0
712;2
713;1
714;0
715;0
716;0
717;0
718;0
719;0
720;0
721;0
722;1
723;0
724;0
725;2
726;2
727;0
728;2
729;0
730;2
731;2
732;2
733;0
734;0
735;1
736;0
737;2
738;2
739;0
740;0
741;2
742;0
743;0
744;0
745;1
746;0
747;0
748;0
749;0
750;1
751;0
752;0
753;0
754;0
755;0
756;0
757;0
758;0
759;0
760;0
761;0
762;0
763;0
764;0
765;0
766;2
767;2
768;2
769;0
770;0
771;0
772;1
773;1
774;0
775;0
776;0
777;0
778;0
779;2
780;1
781;0
782;0
783;2
784;4
785;0
786;2
787;2
788;2
789;0
790;2
791;0
792;2
793;0
794;1
795;0
796;0
797;0
798;2
799;0
800;0
801;0
802;2
803;2
804;1
805;0
806;0
807;2
808;4
809;0
810;2
811;2
812;2
813;0
814;0
815;0
816;1
817;0
818;1
819;0
820;0
821;0
822;0
823;0
824;1
825;0
826;0
827;2
828;0
829;0
830;0
831;0
832;1
833;0
834;2
835;2
836;2
837;0
838;2
839;0
840;2
841;0
842;0
843;0
844;1
845;0
846;2
847;0
848;2
849;0
850;0
851;0
852;0
853;0
854;0
855;1
856;0
857;0
858;1
859;0
860;2
861;0
862;0
863;0
864;2
865;0
866;2
867;2
868;2
869;0
870;2
871;0
872;2
873;0
874;0
875;1
876;1
877;1
878;0
879;0
880;0
881;2
882;0
883;0
884;2
885;0
886;2
887;0
888;0
889;0
890;2
891;0
892;0
893;0
894;0
895;2
896;1
897;0
898;0
899;2
900;4
901;0
902;2
903;2
904;2
905;0
906;2
907;0
908;2
909;0
910;0
911;0
912;2
913;0
914;1
915;2
916;0
917;0
918;1
919;0
920;0
921;0
922;0
923;0
924;2
925;2
926;0
927;0
928;0
929;2
930;2
931;0
932;2
933;0
934;0
935;0
936;2
937;1
938;2
939;0
940;2
941;2
942;2
943;0
944;2
945;0
946;0
947;2
948;2
949;0
950;0
951;0
952;0
953;0
954;2
955;0
956;1
957;0
958;0
959;0
960;0
961;0
962;2
963;2
964;1
965;0
966;0
967;2
968;4
969;0
970;2
971;2
972;0
973;0
974;2
975;0
976;2
977;0
978;2
979;2
980;1
981;0
982;0
983;0
984;2
985;2
986;2
987;0
988;2
989;0
990;0
991;0
992;2
993;0
994;0
995;0
996;0
997;1
998;0
999;0
1000;0
1001;0
1002;0
1003;0
1004;0
1005;0
1006;1
1007;0
1008;0
1009;0
1010;0
1011;0
1012;0
1013;0
1014;1
1015;0
1016;0
1017;0
1018;0
1019;0
1020;0
1021;0
1022;0
1023;0
