0;1
1;1
2;0
3;2
4;2
5;0
6;2
7;1
8;0
9;0
10;2
11;2
12;2
13;0
14;0
15;0
16;0
17;1
18;2
19;2
20;2
21;2
22;0
23;2
24;1
25;1
26;2
27;2
28;2
29;0
30;2
31;2
32;0
33;0
34;1
35;0
36;0
37;2
38;0
39;0
40;1
41;0
42;0
43;0
44;0
45;0
46;2
47;0
48;0
49;0
50;1
51;0
52;0
53;0
54;0
55;0
56;0
57;0
58;1
59;2
60;1
61;0
62;0
63;0
64;2
65;0
66;0
67;0
68;2
69;0
70;2
71;2
72;0
73;0
74;0
75;0
76;0
77;0
78;0
79;0
80;2
81;0
82;2
83;0
84;0
85;0
86;0
87;0
88;0
89;0
90;1
91;0
92;1
93;0
94;0
95;2
96;4
97;0
98;2
99;1
100;0
101;0
102;2
103;0
104;2
105;0
106;2
107;0
108;0
109;0
110;2
111;0
112;2
113;0
114;0
115;0
116;0
117;0
118;0
119;0
120;0
121;0
122;2
123;2
124;1
125;0
126;0
127;2
128;2
129;0
130;1
131;2
132;2
133;0
134;0
135;0
136;1
137;0
138;0
139;1
140;0
141;1
142;0
143;0
144;0
145;0
146;2
147;0
148;2
149;1
150;1
151;0
152;1
153;0
154;0
155;0
156;0
157;0
158;2
159;0
160;2
161;0
162;0
163;0
164;0
165;0
166;2
167;0
168;1
169;0
170;0
171;0
172;0
173;0
174;0
175;0
176;0
177;0
178;2
179;0
180;0
181;0
182;1
183;0
184;0
185;2
186;1
187;0
188;2
189;0
190;0
191;0
192;0
193;0
194;0
195;0
196;0
197;0
198;1
199;0
200;0
201;0
202;0
203;0
204;2
205;0
206;0
207;0
208;2
209;0
210;0
211;1
212;2
213;2
214;2
215;0
216;0
217;2
218;2
219;0
220;0
221;0
222;0
223;0
224;0
225;0
226;0
227;0
228;0
229;0
230;2
231;1
232;0
233;0
234;0
235;2
236;4
237;0
238;0
239;2
240;2
241;0
242;2
243;0
244;2
245;2
246;2
247;0
248;0
249;0
250;0
251;2
252;0
253;0
254;0
255;2
256;0
257;0
258;0
259;0
260;0
261;2
262;1
263;0
264;0
265;1
266;2
267;1
268;1
269;0
270;0
271;1
272;0
273;0
274;0
275;0
276;1
277;0
278;2
279;1
280;0
281;0
282;0
283;0
284;1
285;0
286;1
287;2
288;1
289;0
290;0
291;0
292;0
293;0
294;0
295;0
296;1
297;0
298;0
299;0
300;2
301;0
302;0
303;0
304;0
305;0
306;0
307;0
308;0
309;0
310;2
311;1
312;1
313;0
314;0
315;2
316;2
317;0
318;2
319;2
320;2
321;0
322;2
323;0
324;0
325;0
326;2
327;0
328;2
329;0
330;0
331;0
332;0
333;0
334;0
335;0
336;0
337;0
338;0
339;0
340;0
341;1
342;1
343;2
344;0
345;0
346;1
347;0
348;0
349;0
350;0
351;0
352;2
353;0
354;0
355;1
356;2
357;0
358;0
359;2
360;0
361;2
362;1
363;2
364;1
365;0
366;0
367;0
368;1
369;0
370;0
371;1
372;0
373;0
374;0
375;0
376;4
377;0
378;2
379;1
380;2
381;0
382;0
383;0
384;2
385;0
386;0
387;0
388;0
389;0
390;1
391;1
392;0
393;0
394;0
395;0
396;1
397;2
398;0
399;0
400;2
401;1
402;0
403;2
404;1
405;0
406;0
407;0
408;2
409;1
410;0
411;0
412;0
413;0
414;0
415;0
416;0
417;1
418;2
419;0
420;0
421;0
422;0
423;2
424;2
425;1
426;0
427;0
428;0
429;2
430;0
431;0
432;0
433;2
434;2
435;2
436;2
437;1
438;2
439;0
440;0
441;0
442;2
443;0
444;0
445;2
446;2
447;0
448;2
449;0
450;2
451;2
452;2
453;2
454;0
455;0
456;2
457;0
458;2
459;2
460;2
461;0
462;0
463;0
464;1
465;2
466;0
467;0
468;0
469;0
470;2
471;0
472;0
473;0
474;0
475;0
476;2
477;0
478;0
479;0
480;2
481;0
482;0
483;0
484;0
485;0
486;2
487;0
488;0
489;0
490;0
491;0
492;0
493;2
494;2
495;0
496;2
497;0
498;0
499;0
500;1
501;0
502;0
503;0
504;2
505;1
506;0
507;2
508;2
509;0
510;0
511;1
512;0
513;2
514;0
515;0
516;0
517;0
518;0
519;0
520;2
521;0
522;0
523;0
524;1
525;0
526;0
527;0
528;0
529;0
530;1
531;0
532;1
533;0
534;0
535;0
536;4
537;0
538;1
539;0
540;2
541;0
542;2
543;0
544;1
545;0
546;0
547;0
548;0
549;0
550;0
551;1
552;0
553;0
554;0
555;2
556;0
557;0
558;2
559;1
560;1
561;0
562;0
563;1
564;0
565;0
566;0
567;0
568;1
569;1
570;2
571;0
572;0
573;0
574;2
575;2
576;1
577;0
578;0
579;2
580;1
581;0
582;1
583;2
584;0
585;0
586;0
587;1
588;0
589;0
590;0
591;0
592;0
593;2
594;2
595;2
596;0
597;0
598;0
599;2
600;0
601;0
602;2
603;0
604;0
605;0
606;2
607;2
608;2
609;2
610;0
611;2
612;0
613;0
614;2
615;0
616;1
617;0
618;0
619;0
620;0
621;0
622;2
623;2
624;1
625;0
626;0
627;0
628;2
629;0
630;0
631;2
632;2
633;0
634;2
635;0
636;0
637;0
638;0
639;0
640;0
641;0
642;0
643;1
644;0
645;2
646;2
647;0
648;1
649;0
650;0
651;2
652;2
653;0
654;1
655;2
656;2
657;2
658;1
659;0
660;0
661;2
662;0
663;0
664;1
665;0
666;2
667;1
668;1
669;0
670;0
671;1
672;0
673;0
674;0
675;2
676;0
677;1
678;0
679;0
680;2
681;0
682;2
683;0
684;2
685;0
686;2
687;0
688;0
689;0
690;0
691;1
692;2
693;2
694;1
695;0
696;0
697;0
698;0
699;0
700;1
701;0
702;0
703;0
704;0
705;0
706;2
707;0
708;2
709;2
710;0
711;0
712;2
713;0
714;1
715;1
716;0
717;0
718;0
719;0
720;2
721;0
722;0
723;0
724;2
725;0
726;0
727;0
728;0
729;0
730;2
731;2
732;2
733;0
734;0
735;0
736;1
737;0
738;0
739;0
740;0
741;0
742;1
743;0
744;0
745;0
746;0
747;0
748;0
749;0
750;0
751;1
752;0
753;0
754;0
755;1
756;0
757;0
758;2
759;2
760;1
761;0
762;0
763;2
764;0
765;0
766;2
767;2
768;2
769;0
770;2
771;0
772;0
773;0
774;0
775;0
776;0
777;0
778;1
779;0
780;0
781;0
782;0
783;2
784;1
785;0
786;0
787;0
788;1
789;0
790;0
791;0
792;0
793;0
794;0
795;0
796;0
797;2
798;2
799;0
800;2
801;0
802;0
803;0
804;0
805;0
806;0
807;0
808;0
809;2
810;1
811;0
812;0
813;0
814;0
815;0
816;2
817;2
818;2
819;0
820;0
821;0
822;0
823;0
824;1
825;0
826;0
827;0
828;0
829;2
830;0
831;0
832;0
833;2
834;2
835;2
836;1
837;0
838;0
839;0
840;0
841;2
842;2
843;2
844;4
845;0
846;2
847;0
848;1
849;0
850;2
851;0
852;2
853;2
854;0
855;0
856;0
857;0
858;1
859;0
860;1
861;2
862;1
863;0
864;2
865;1
866;0
867;2
868;1
869;0
870;0
871;0
872;2
873;0
874;0
875;2
876;0
877;0
878;1
879;2
880;1
881;0
882;0
883;2
884;4
885;0
886;2
887;2
888;0
889;0
890;2
891;0
892;1
893;1
894;0
895;0
896;1
897;2
898;1
899;0
900;2
901;0
902;1
903;0
904;1
905;0
906;0
907;0
908;0
909;0
910;0
911;0
912;2
913;0
914;0
915;0
916;0
917;0
918;0
919;0
920;0
921;2
922;2
923;2
924;0
925;2
926;2
927;0
928;2
929;0
930;0
931;2
932;0
933;2
934;2
935;0
936;0
937;0
938;1
939;1
940;0
941;0
942;0
943;2
944;1
945;0
946;0
947;0
948;2
949;0
950;0
951;0
952;0
953;2
954;0
955;0
956;1
957;0
958;0
959;0
960;2
961;1
962;0
963;0
964;1
965;1
966;0
967;0
968;0
969;0
970;2
971;2
972;1
973;0
974;0
975;0
976;0
977;0
978;0
979;2
980;2
981;0
982;2
983;2
984;0
985;1
986;1
987;2
988;2
989;2
990;1
991;0
992;1
993;2
994;0
995;0
996;1
997;0
998;0
999;0
1000;2
1001;0
1002;2
1003;0
1004;0
1005;0
1006;0
1007;0
1008;0
1009;0
1010;0
1011;0
1012;0
1013;0
1014;0
1015;0
1016;0
1017;0
1018;0
1019;0
1020;0
1021;0
1022;0
1023;0
