0;1
1;0
2;0
3;0
4;2
5;0
6;2
7;2
8;2
9;0
10;1
11;0
12;1
13;0
14;1
15;0
16;0
17;0
18;0
19;0
20;2
21;2
22;0
23;1
24;1
25;0
26;0
27;0
28;2
29;0
30;0
31;0
32;1
33;2
34;0
35;0
36;2
37;0
38;1
39;0
40;1
41;0
42;1
43;0
44;2
45;1
46;0
47;0
48;1
49;2
50;0
51;0
52;0
53;0
54;0
55;0
56;0
57;0
58;0
59;0
60;1
61;0
62;0
63;2
64;0
65;0
66;0
67;2
68;0
69;0
70;0
71;0
72;0
73;0
74;2
75;0
76;2
77;2
78;2
79;2
80;2
81;0
82;0
83;0
84;0
85;0
86;0
87;0
88;1
89;0
90;0
91;2
92;2
93;0
94;0
95;0
96;4
97;2
98;0
99;0
100;0
101;0
102;0
103;0
104;2
105;0
106;0
107;1
108;0
109;0
110;0
111;0
112;0
113;0
114;2
115;1
116;0
117;2
118;0
119;0
120;0
121;2
122;2
123;2
124;2
125;0
126;2
127;0
128;0
129;2
130;2
131;2
132;2
133;0
134;0
135;0
136;0
137;0
138;0
139;2
140;2
141;0
142;2
143;0
144;2
145;0
146;0
147;0
148;0
149;2
150;2
151;0
152;2
153;0
154;0
155;0
156;0
157;0
158;0
159;0
160;0
161;0
162;0
163;0
164;2
165;2
166;0
167;0
168;0
169;0
170;1
171;0
172;0
173;1
174;2
175;0
176;0
177;2
178;2
179;0
180;0
181;0
182;0
183;0
184;1
185;0
186;0
187;0
188;0
189;0
190;1
191;0
192;2
193;2
194;1
195;0
196;2
197;0
198;0
199;0
200;0
201;0
202;0
203;0
204;0
205;0
206;0
207;0
208;0
209;0
210;1
211;0
212;0
213;0
214;0
215;0
216;2
217;0
218;2
219;2
220;0
221;0
222;2
223;0
224;1
225;1
226;0
227;2
228;0
229;2
230;0
231;0
232;2
233;2
234;0
235;0
236;0
237;2
238;0
239;0
240;2
241;0
242;0
243;0
244;1
245;2
246;0
247;0
248;1
249;1
250;1
251;0
252;0
253;0
254;2
255;0
256;0
257;0
258;1
259;0
260;0
261;0
262;0
263;0
264;0
265;1
266;0
267;0
268;0
269;2
270;1
271;0
272;2
273;0
274;0
275;0
276;2
277;0
278;0
279;0
280;0
281;0
282;0
283;0
284;0
285;0
286;0
287;0
288;0
289;0
290;0
291;0
292;0
293;0
294;0
295;2
296;1
297;0
298;0
299;0
300;0
301;0
302;0
303;4
304;1
305;0
306;0
307;0
308;2
309;2
310;2
311;1
312;0
313;0
314;0
315;0
316;0
317;0
318;0
319;0
320;0
321;1
322;0
323;2
324;2
325;2
326;2
327;2
328;1
329;0
330;2
331;2
332;1
333;0
334;0
335;0
336;2
337;1
338;0
339;0
340;0
341;0
342;0
343;0
344;1
345;0
346;2
347;1
348;0
349;1
350;0
351;2
352;2
353;1
354;0
355;0
356;2
357;0
358;0
359;0
360;0
361;0
362;2
363;0
364;0
365;0
366;0
367;1
368;0
369;0
370;2
371;0
372;0
373;0
374;0
375;0
376;0
377;0
378;0
379;0
380;0
381;0
382;1
383;0
384;0
385;2
386;0
387;0
388;1
389;0
390;2
391;0
392;2
393;2
394;0
395;0
396;4
397;0
398;0
399;0
400;2
401;0
402;0
403;0
404;2
405;0
406;1
407;2
408;2
409;1
410;1
411;2
412;1
413;0
414;0
415;0
416;0
417;1
418;0
419;2
420;2
421;0
422;0
423;0
424;1
425;0
426;0
427;0
428;0
429;0
430;0
431;0
432;0
433;0
434;2
435;2
436;1
437;0
438;0
439;0
440;0
441;0
442;0
443;0
444;1
445;1
446;0
447;2
448;0
449;0
450;0
451;0
452;0
453;2
454;2
455;2
456;2
457;1
458;0
459;0
460;0
461;0
462;0
463;0
464;2
465;0
466;0
467;0
468;0
469;0
470;1
471;1
472;0
473;1
474;0
475;2
476;2
477;0
478;2
479;2
480;2
481;0
482;2
483;0
484;2
485;0
486;0
487;0
488;1
489;0
490;0
491;0
492;1
493;0
494;0
495;0
496;0
497;2
498;0
499;2
500;0
501;0
502;0
503;1
504;2
505;2
506;2
507;0
508;0
509;2
510;0
511;0
512;0
513;1
514;2
515;0
516;0
517;0
518;1
519;0
520;0
521;1
522;0
523;0
524;2
525;0
526;0
527;2
528;1
529;0
530;0
531;0
532;0
533;0
534;0
535;1
536;0
537;0
538;0
539;0
540;1
541;0
542;2
543;0
544;0
545;2
546;1
547;0
548;2
549;0
550;2
551;0
552;0
553;1
554;0
555;0
556;2
557;2
558;1
559;0
560;0
561;1
562;0
563;0
564;0
565;0
566;0
567;0
568;0
569;0
570;0
571;0
572;2
573;2
574;0
575;0
576;1
577;0
578;0
579;0
580;0
581;0
582;0
583;1
584;0
585;0
586;0
587;0
588;0
589;0
590;0
591;0
592;2
593;0
594;1
595;0
596;2
597;0
598;0
599;2
600;2
601;0
602;0
603;0
604;1
605;0
606;0
607;0
608;0
609;0
610;0
611;0
612;1
613;0
614;2
615;0
616;0
617;2
618;0
619;0
620;0
621;2
622;1
623;0
624;1
625;1
626;0
627;0
628;0
629;0
630;0
631;2
632;0
633;0
634;0
635;0
636;0
637;0
638;0
639;2
640;0
641;0
642;0
643;0
644;0
645;0
646;0
647;0
648;0
649;0
650;2
651;0
652;0
653;0
654;0
655;0
656;0
657;0
658;2
659;1
660;0
661;0
662;0
663;0
664;0
665;0
666;0
667;2
668;2
669;0
670;1
671;2
672;2
673;0
674;0
675;0
676;0
677;0
678;0
679;2
680;0
681;0
682;0
683;0
684;0
685;0
686;0
687;2
688;0
689;0
690;0
691;0
692;2
693;0
694;0
695;0
696;0
697;0
698;0
699;0
700;0
701;1
702;0
703;0
704;2
705;2
706;2
707;0
708;2
709;2
710;1
711;0
712;2
713;0
714;0
715;2
716;0
717;1
718;0
719;0
720;1
721;0
722;0
723;0
724;0
725;0
726;2
727;0
728;0
729;2
730;2
731;2
732;0
733;0
734;0
735;0
736;1
737;1
738;0
739;0
740;0
741;0
742;0
743;2
744;0
745;0
746;0
747;2
748;0
749;2
750;2
751;2
752;0
753;0
754;1
755;0
756;0
757;2
758;2
759;2
760;0
761;0
762;0
763;0
764;0
765;0
766;0
767;1
768;0
769;0
770;0
771;0
772;0
773;1
774;0
775;0
776;0
777;0
778;2
779;0
780;0
781;0
782;0
783;0
784;0
785;0
786;0
787;2
788;0
789;0
790;2
791;1
792;0
793;0
794;2
795;0
796;1
797;2
798;2
799;2
800;1
801;1
802;2
803;0
804;2
805;0
806;0
807;0
808;0
809;0
810;0
811;0
812;2
813;0
814;1
815;2
816;2
817;0
818;0
819;0
820;0
821;2
822;1
823;0
824;0
825;0
826;1
827;2
828;2
829;1
830;0
831;0
832;2
833;1
834;0
835;0
836;1
837;0
838;0
839;2
840;1
841;0
842;1
843;1
844;0
845;0
846;2
847;0
848;0
849;2
850;0
851;0
852;2
853;2
854;0
855;0
856;0
857;0
858;0
859;1
860;0
861;1
862;1
863;0
864;0
865;1
866;0
867;0
868;1
869;0
870;0
871;2
872;0
873;0
874;0
875;2
876;1
877;1
878;1
879;1
880;0
881;0
882;0
883;2
884;1
885;0
886;1
887;0
888;0
889;0
890;0
891;0
892;2
893;0
894;2
895;0
896;2
897;0
898;0
899;0
900;1
901;1
902;2
903;0
904;0
905;0
906;0
907;1
908;0
909;2
910;0
911;0
912;2
913;2
914;2
915;2
916;4
917;2
918;1
919;2
920;4
921;0
922;0
923;0
924;2
925;1
926;0
927;2
928;1
929;0
930;0
931;0
932;0
933;2
934;0
935;2
936;0
937;0
938;0
939;0
940;0
941;0
942;0
943;2
944;0
945;0
946;0
947;0
948;1
949;0
950;0
951;0
952;0
953;2
954;2
955;0
956;2
957;0
958;0
959;0
960;0
961;0
962;0
963;0
964;0
965;0
966;1
967;0
968;1
969;0
970;0
971;2
972;0
973;0
974;0
975;0
976;2
977;0
978;0
979;2
980;0
981;0
982;0
983;0
984;0
985;0
986;0
987;0
988;0
989;1
990;0
991;1
992;0
993;0
994;0
995;0
996;2
997;0
998;0
999;2
1000;0
1001;0
1002;0
1003;0
1004;2
1005;2
1006;0
1007;2
1008;1
1009;0
1010;0
1011;0
1012;0
1013;0
1014;0
1015;1
1016;0
1017;0
1018;0
1019;0
1020;0
1021;0
1022;0
1023;0
