0;0
1;0
2;0
3;2
4;2
5;2
6;2
7;2
8;1
9;1
10;2
11;0
12;0
13;0
14;1
15;0
16;0
17;2
18;0
19;2
20;0
21;2
22;0
23;1
24;1
25;0
26;2
27;1
28;0
29;0
30;0
31;0
32;1
33;2
34;2
35;0
36;2
37;1
38;1
39;0
40;1
41;0
42;1
43;0
44;2
45;0
46;0
47;0
48;0
49;2
50;0
51;0
52;2
53;0
54;0
55;0
56;0
57;0
58;0
59;0
60;1
61;0
62;0
63;2
64;0
65;0
66;0
67;0
68;1
69;0
70;1
71;0
72;1
73;0
74;0
75;0
76;2
77;2
78;0
79;2
80;2
81;0
82;0
83;0
84;0
85;0
86;0
87;0
88;1
89;0
90;0
91;2
92;2
93;0
94;1
95;0
96;0
97;0
98;0
99;0
100;0
101;0
102;1
103;0
104;0
105;1
106;0
107;1
108;0
109;0
110;0
111;0
112;0
113;1
114;0
115;1
116;0
117;0
118;0
119;0
120;0
121;1
122;0
123;2
124;0
125;0
126;0
127;0
128;0
129;1
130;1
131;0
132;1
133;0
134;0
135;0
136;0
137;0
138;0
139;0
140;1
141;0
142;2
143;1
144;0
145;0
146;2
147;0
148;1
149;0
150;1
151;0
152;0
153;0
154;2
155;0
156;0
157;0
158;0
159;0
160;0
161;0
162;0
163;2
164;0
165;0
166;2
167;0
168;0
169;0
170;0
171;0
172;0
173;0
174;1
175;0
176;0
177;0
178;0
179;0
180;2
181;0
182;0
183;0
184;0
185;0
186;1
187;0
188;0
189;0
190;0
191;0
192;0
193;2
194;1
195;0
196;2
197;1
198;2
199;0
200;1
201;1
202;0
203;0
204;2
205;1
206;1
207;0
208;0
209;2
210;1
211;0
212;1
213;0
214;0
215;0
216;0
217;0
218;1
219;1
220;0
221;0
222;0
223;0
224;0
225;0
226;0
227;0
228;2
229;0
230;0
231;2
232;0
233;0
234;0
235;0
236;0
237;2
238;0
239;0
240;2
241;0
242;2
243;0
244;0
245;2
246;0
247;0
248;0
249;1
250;1
251;0
252;0
253;0
254;2
255;0
256;0
257;0
258;1
259;0
260;1
261;0
262;0
263;0
264;1
265;2
266;2
267;0
268;0
269;1
270;0
271;2
272;2
273;0
274;1
275;0
276;0
277;0
278;0
279;0
280;0
281;0
282;0
283;0
284;0
285;0
286;0
287;1
288;0
289;0
290;2
291;0
292;2
293;0
294;0
295;1
296;0
297;0
298;0
299;0
300;0
301;0
302;0
303;0
304;0
305;0
306;2
307;0
308;2
309;2
310;2
311;1
312;0
313;0
314;0
315;0
316;0
317;0
318;0
319;0
320;0
321;1
322;0
323;2
324;2
325;0
326;0
327;0
328;0
329;2
330;2
331;2
332;0
333;0
334;0
335;0
336;2
337;1
338;0
339;2
340;0
341;0
342;0
343;0
344;2
345;0
346;0
347;2
348;0
349;2
350;2
351;2
352;0
353;0
354;0
355;2
356;0
357;0
358;0
359;0
360;2
361;0
362;1
363;2
364;0
365;0
366;1
367;0
368;0
369;0
370;0
371;0
372;2
373;1
374;0
375;0
376;0
377;0
378;1
379;0
380;0
381;0
382;2
383;2
384;0
385;2
386;0
387;0
388;0
389;0
390;0
391;0
392;0
393;0
394;1
395;0
396;0
397;0
398;0
399;0
400;1
401;0
402;2
403;0
404;0
405;2
406;0
407;0
408;0
409;0
410;2
411;0
412;2
413;0
414;1
415;0
416;0
417;0
418;2
419;2
420;2
421;1
422;0
423;0
424;2
425;0
426;0
427;0
428;2
429;1
430;0
431;2
432;2
433;1
434;1
435;0
436;0
437;0
438;0
439;0
440;0
441;0
442;0
443;0
444;2
445;0
446;1
447;0
448;1
449;0
450;0
451;0
452;2
453;1
454;0
455;0
456;1
457;0
458;1
459;2
460;0
461;0
462;0
463;2
464;4
465;0
466;2
467;2
468;2
469;0
470;2
471;0
472;2
473;2
474;0
475;0
476;1
477;0
478;2
479;0
480;0
481;2
482;2
483;0
484;0
485;0
486;0
487;0
488;1
489;1
490;0
491;2
492;0
493;0
494;0
495;0
496;0
497;0
498;0
499;0
500;1
501;1
502;0
503;1
504;2
505;0
506;0
507;2
508;0
509;0
510;0
511;0
512;2
513;0
514;2
515;0
516;1
517;0
518;0
519;0
520;0
521;1
522;0
523;0
524;0
525;0
526;2
527;0
528;0
529;0
530;1
531;0
532;2
533;2
534;0
535;0
536;2
537;0
538;0
539;1
540;1
541;0
542;1
543;1
544;0
545;1
546;0
547;0
548;1
549;0
550;2
551;0
552;0
553;2
554;2
555;1
556;0
557;0
558;2
559;0
560;0
561;0
562;1
563;0
564;0
565;2
566;0
567;2
568;2
569;0
570;1
571;0
572;0
573;2
574;0
575;0
576;0
577;0
578;0
579;0
580;0
581;2
582;0
583;0
584;1
585;0
586;0
587;0
588;1
589;0
590;0
591;1
592;2
593;0
594;0
595;2
596;1
597;0
598;1
599;0
600;0
601;0
602;0
603;0
604;0
605;0
606;0
607;0
608;2
609;0
610;0
611;0
612;2
613;0
614;0
615;0
616;0
617;2
618;1
619;0
620;0
621;1
622;0
623;1
624;0
625;2
626;0
627;0
628;2
629;1
630;0
631;0
632;1
633;1
634;0
635;0
636;1
637;0
638;0
639;2
640;0
641;0
642;0
643;0
644;0
645;0
646;0
647;0
648;0
649;0
650;1
651;0
652;0
653;0
654;2
655;1
656;0
657;0
658;0
659;0
660;0
661;0
662;0
663;0
664;0
665;0
666;2
667;2
668;0
669;0
670;0
671;0
672;0
673;2
674;0
675;2
676;2
677;0
678;2
679;0
680;1
681;0
682;0
683;0
684;0
685;0
686;0
687;2
688;0
689;0
690;1
691;0
692;0
693;0
694;0
695;0
696;0
697;0
698;0
699;0
700;2
701;2
702;1
703;0
704;1
705;0
706;0
707;2
708;2
709;2
710;0
711;1
712;0
713;0
714;0
715;0
716;0
717;0
718;1
719;1
720;0
721;0
722;0
723;0
724;0
725;2
726;0
727;0
728;0
729;1
730;0
731;0
732;2
733;0
734;0
735;2
736;0
737;0
738;1
739;0
740;1
741;0
742;2
743;2
744;2
745;0
746;0
747;0
748;0
749;2
750;2
751;2
752;0
753;0
754;0
755;0
756;1
757;1
758;0
759;0
760;0
761;2
762;0
763;2
764;0
765;0
766;2
767;0
768;0
769;2
770;2
771;2
772;0
773;0
774;1
775;0
776;0
777;0
778;2
779;0
780;0
781;0
782;0
783;0
784;2
785;0
786;0
787;0
788;0
789;0
790;0
791;0
792;0
793;0
794;1
795;0
796;0
797;0
798;1
799;0
800;0
801;2
802;1
803;0
804;0
805;0
806;0
807;0
808;1
809;1
810;0
811;0
812;1
813;0
814;0
815;2
816;1
817;0
818;0
819;2
820;1
821;2
822;2
823;0
824;2
825;0
826;2
827;0
828;0
829;0
830;0
831;0
832;0
833;0
834;0
835;0
836;0
837;0
838;1
839;2
840;0
841;2
842;2
843;2
844;2
845;0
846;1
847;0
848;0
849;0
850;1
851;0
852;0
853;0
854;1
855;2
856;2
857;1
858;2
859;0
860;0
861;0
862;1
863;0
864;0
865;0
866;2
867;2
868;1
869;0
870;1
871;0
872;0
873;0
874;2
875;0
876;0
877;0
878;0
879;0
880;1
881;1
882;0
883;0
884;1
885;0
886;0
887;0
888;0
889;1
890;1
891;0
892;0
893;1
894;0
895;0
896;4
897;2
898;0
899;4
900;0
901;0
902;0
903;2
904;1
905;0
906;2
907;2
908;0
909;0
910;0
911;2
912;4
913;0
914;2
915;1
916;0
917;0
918;0
919;0
920;1
921;0
922;0
923;2
924;0
925;0
926;0
927;0
928;0
929;0
930;0
931;0
932;2
933;2
934;0
935;0
936;0
937;0
938;2
939;0
940;0
941;0
942;1
943;0
944;0
945;0
946;0
947;0
948;2
949;0
950;1
951;0
952;1
953;0
954;0
955;1
956;0
957;0
958;1
959;0
960;0
961;2
962;2
963;0
964;0
965;0
966;0
967;0
968;1
969;0
970;0
971;0
972;0
973;0
974;1
975;0
976;1
977;0
978;0
979;0
980;0
981;1
982;0
983;2
984;2
985;0
986;0
987;0
988;0
989;0
990;0
991;0
992;0
993;0
994;2
995;2
996;1
997;0
998;0
999;2
1000;0
1001;0
1002;0
1003;0
1004;0
1005;0
1006;0
1007;2
1008;0
1009;0
1010;0
1011;0
1012;0
1013;0
1014;0
1015;0
1016;0
1017;0
1018;0
1019;0
1020;0
1021;0
1022;0
1023;0
