0;1
1;0
2;0
3;2
4;4
5;0
6;2
7;2
8;2
9;0
10;2
11;0
12;2
13;1
14;0
15;0
16;0
17;1
18;0
19;0
20;2
21;0
22;0
23;2
24;0
25;1
26;1
27;2
28;1
29;0
30;2
31;0
32;1
33;1
34;0
35;2
36;4
37;0
38;2
39;2
40;2
41;0
42;2
43;0
44;1
45;0
46;0
47;0
48;0
49;0
50;0
51;0
52;0
53;0
54;0
55;2
56;4
57;0
58;2
59;2
60;2
61;0
62;2
63;0
64;1
65;0
66;2
67;0
68;0
69;0
70;0
71;2
72;2
73;0
74;0
75;0
76;0
77;2
78;1
79;2
80;1
81;0
82;2
83;0
84;0
85;0
86;0
87;0
88;0
89;0
90;0
91;0
92;0
93;0
94;0
95;2
96;2
97;2
98;0
99;1
100;0
101;0
102;2
103;2
104;0
105;0
106;0
107;2
108;2
109;0
110;2
111;2
112;2
113;0
114;0
115;2
116;2
117;0
118;0
119;1
120;0
121;0
122;0
123;2
124;2
125;0
126;0
127;2
128;0
129;0
130;0
131;2
132;2
133;1
134;0
135;1
136;1
137;0
138;1
139;0
140;0
141;0
142;2
143;1
144;1
145;0
146;0
147;2
148;2
149;0
150;2
151;2
152;4
153;0
154;2
155;2
156;2
157;0
158;0
159;2
160;2
161;0
162;0
163;0
164;0
165;0
166;0
167;0
168;1
169;0
170;0
171;0
172;2
173;0
174;1
175;0
176;2
177;2
178;1
179;0
180;0
181;0
182;0
183;0
184;0
185;0
186;0
187;0
188;1
189;0
190;0
191;2
192;4
193;0
194;2
195;2
196;2
197;0
198;2
199;0
200;2
201;0
202;0
203;0
204;0
205;1
206;0
207;0
208;0
209;0
210;2
211;2
212;2
213;0
214;0
215;0
216;0
217;2
218;2
219;0
220;1
221;0
222;2
223;0
224;1
225;0
226;2
227;0
228;1
229;0
230;0
231;2
232;2
233;2
234;2
235;2
236;1
237;0
238;2
239;1
240;0
241;0
242;0
243;2
244;1
245;0
246;2
247;2
248;2
249;2
250;0
251;2
252;1
253;2
254;0
255;0
256;0
257;2
258;0
259;1
260;1
261;0
262;1
263;0
264;1
265;2
266;0
267;2
268;4
269;0
270;2
271;2
272;2
273;0
274;2
275;0
276;2
277;0
278;2
279;2
280;1
281;0
282;0
283;0
284;0
285;0
286;0
287;0
288;0
289;2
290;0
291;0
292;0
293;0
294;0
295;0
296;0
297;2
298;0
299;0
300;0
301;2
302;1
303;0
304;1
305;0
306;2
307;2
308;1
309;0
310;0
311;2
312;4
313;0
314;2
315;2
316;2
317;0
318;2
319;1
320;2
321;0
322;2
323;0
324;0
325;2
326;2
327;2
328;1
329;0
330;0
331;2
332;4
333;0
334;0
335;2
336;2
337;0
338;2
339;0
340;2
341;0
342;2
343;2
344;1
345;0
346;0
347;0
348;0
349;0
350;2
351;2
352;2
353;0
354;0
355;2
356;4
357;0
358;2
359;2
360;4
361;0
362;2
363;0
364;2
365;0
366;0
367;2
368;2
369;0
370;0
371;0
372;0
373;0
374;0
375;2
376;0
377;0
378;0
379;2
380;1
381;0
382;2
383;2
384;1
385;0
386;0
387;2
388;1
389;2
390;2
391;1
392;0
393;0
394;2
395;0
396;1
397;1
398;0
399;0
400;1
401;0
402;0
403;0
404;0
405;0
406;0
407;0
408;2
409;0
410;1
411;2
412;2
413;1
414;0
415;0
416;0
417;2
418;1
419;0
420;0
421;0
422;0
423;0
424;0
425;0
426;0
427;0
428;0
429;0
430;0
431;2
432;4
433;0
434;0
435;2
436;1
437;0
438;2
439;0
440;1
441;0
442;0
443;0
444;2
445;2
446;0
447;2
448;0
449;0
450;0
451;1
452;0
453;0
454;0
455;1
456;0
457;1
458;0
459;0
460;0
461;0
462;0
463;0
464;2
465;2
466;1
467;0
468;2
469;2
470;2
471;2
472;1
473;0
474;0
475;1
476;0
477;0
478;0
479;2
480;2
481;0
482;2
483;2
484;2
485;0
486;2
487;0
488;1
489;0
490;0
491;0
492;1
493;0
494;0
495;0
496;0
497;0
498;2
499;0
500;2
501;2
502;2
503;0
504;0
505;0
506;0
507;0
508;0
509;0
510;0
511;0
512;0
513;0
514;0
515;0
516;2
517;1
518;0
519;2
520;2
521;0
522;0
523;0
524;1
525;0
526;2
527;2
528;0
529;0
530;0
531;2
532;4
533;0
534;0
535;2
536;2
537;0
538;2
539;0
540;2
541;2
542;0
543;0
544;2
545;2
546;0
547;0
548;0
549;0
550;1
551;0
552;2
553;1
554;0
555;2
556;0
557;2
558;0
559;2
560;0
561;2
562;2
563;2
564;0
565;0
566;0
567;0
568;0
569;0
570;2
571;0
572;2
573;0
574;2
575;2
576;1
577;0
578;0
579;2
580;4
581;0
582;2
583;2
584;2
585;0
586;0
587;0
588;2
589;0
590;0
591;0
592;0
593;0
594;0
595;2
596;1
597;0
598;2
599;2
600;0
601;1
602;0
603;0
604;0
605;0
606;2
607;2
608;0
609;0
610;0
611;2
612;2
613;0
614;2
615;2
616;2
617;0
618;0
619;0
620;0
621;0
622;2
623;2
624;1
625;0
626;0
627;2
628;2
629;0
630;2
631;1
632;0
633;0
634;2
635;0
636;1
637;0
638;0
639;0
640;1
641;0
642;1
643;0
644;0
645;0
646;0
647;0
648;0
649;0
650;2
651;2
652;1
653;0
654;0
655;2
656;1
657;0
658;2
659;0
660;0
661;0
662;0
663;0
664;0
665;0
666;0
667;0
668;1
669;0
670;1
671;0
672;2
673;0
674;0
675;2
676;2
677;0
678;0
679;2
680;2
681;0
682;2
683;2
684;2
685;2
686;1
687;0
688;2
689;0
690;0
691;1
692;0
693;2
694;2
695;0
696;2
697;0
698;0
699;1
700;0
701;1
702;0
703;2
704;1
705;0
706;2
707;1
708;0
709;0
710;0
711;2
712;2
713;0
714;2
715;2
716;2
717;0
718;0
719;0
720;0
721;0
722;0
723;0
724;0
725;2
726;2
727;0
728;2
729;2
730;0
731;2
732;2
733;0
734;1
735;0
736;0
737;0
738;2
739;1
740;0
741;0
742;0
743;2
744;1
745;0
746;2
747;0
748;2
749;0
750;2
751;0
752;1
753;0
754;0
755;1
756;0
757;0
758;1
759;2
760;1
761;0
762;0
763;2
764;4
765;0
766;2
767;2
768;2
769;0
770;2
771;0
772;1
773;0
774;0
775;0
776;2
777;0
778;0
779;0
780;0
781;0
782;0
783;0
784;0
785;0
786;1
787;0
788;0
789;2
790;0
791;2
792;2
793;2
794;0
795;0
796;0
797;1
798;0
799;0
800;1
801;0
802;0
803;2
804;0
805;1
806;0
807;0
808;1
809;1
810;0
811;1
812;0
813;0
814;0
815;2
816;1
817;0
818;0
819;2
820;4
821;0
822;2
823;2
824;2
825;2
826;0
827;0
828;2
829;0
830;0
831;0
832;0
833;2
834;0
835;1
836;0
837;0
838;0
839;2
840;2
841;0
842;0
843;2
844;1
845;0
846;2
847;2
848;1
849;0
850;0
851;2
852;2
853;0
854;0
855;2
856;2
857;0
858;2
859;0
860;0
861;2
862;2
863;0
864;0
865;2
866;0
867;0
868;0
869;0
870;0
871;0
872;0
873;0
874;0
875;2
876;1
877;0
878;2
879;0
880;0
881;0
882;2
883;2
884;1
885;0
886;0
887;2
888;2
889;0
890;0
891;1
892;0
893;0
894;2
895;1
896;2
897;0
898;0
899;0
900;1
901;0
902;2
903;1
904;0
905;0
906;0
907;0
908;4
909;0
910;2
911;2
912;2
913;0
914;2
915;0
916;1
917;1
918;0
919;0
920;1
921;0
922;0
923;0
924;0
925;0
926;0
927;0
928;0
929;0
930;1
931;0
932;0
933;0
934;2
935;1
936;0
937;0
938;0
939;2
940;4
941;0
942;2
943;2
944;2
945;0
946;2
947;0
948;1
949;0
950;1
951;0
952;0
953;1
954;0
955;0
956;0
957;1
958;0
959;0
960;1
961;0
962;0
963;0
964;0
965;2
966;2
967;2
968;0
969;0
970;2
971;1
972;0
973;0
974;0
975;0
976;4
977;0
978;2
979;1
980;0
981;0
982;2
983;0
984;2
985;2
986;2
987;0
988;0
989;0
990;0
991;0
992;1
993;0
994;0
995;0
996;0
997;0
998;0
999;0
1000;0
1001;2
1002;0
1003;2
1004;0
1005;0
1006;0
1007;0
1008;0
1009;0
1010;0
1011;0
1012;0
1013;0
1014;1
1015;1
1016;0
1017;0
1018;0
1019;0
1020;0
1021;0
1022;0
1023;0
