0;2
1;0
2;0
3;2
4;1
5;0
6;2
7;2
8;0
9;0
10;0
11;0
12;2
13;0
14;2
15;1
16;0
17;0
18;0
19;0
20;0
21;0
22;1
23;0
24;1
25;0
26;0
27;0
28;2
29;0
30;0
31;0
32;0
33;0
34;0
35;0
36;0
37;0
38;0
39;0
40;0
41;0
42;0
43;0
44;0
45;1
46;0
47;0
48;0
49;0
50;2
51;1
52;0
53;1
54;0
55;2
56;4
57;0
58;2
59;1
60;0
61;0
62;0
63;0
64;1
65;1
66;0
67;0
68;2
69;2
70;2
71;1
72;0
73;2
74;0
75;0
76;1
77;0
78;0
79;0
80;1
81;0
82;0
83;0
84;2
85;0
86;0
87;0
88;1
89;0
90;0
91;2
92;2
93;2
94;0
95;0
96;0
97;1
98;0
99;0
100;0
101;0
102;2
103;0
104;0
105;0
106;1
107;0
108;0
109;0
110;0
111;1
112;2
113;2
114;1
115;1
116;0
117;2
118;2
119;0
120;1
121;0
122;0
123;0
124;1
125;0
126;0
127;0
128;0
129;0
130;0
131;0
132;0
133;1
134;0
135;0
136;0
137;2
138;1
139;2
140;1
141;0
142;0
143;1
144;4
145;2
146;0
147;2
148;2
149;1
150;0
151;0
152;1
153;0
154;0
155;2
156;0
157;0
158;0
159;0
160;0
161;0
162;0
163;1
164;0
165;0
166;0
167;0
168;0
169;0
170;0
171;0
172;0
173;0
174;0
175;0
176;2
177;1
178;0
179;1
180;1
181;2
182;0
183;0
184;0
185;0
186;0
187;0
188;0
189;0
190;0
191;0
192;0
193;2
194;1
195;0
196;1
197;0
198;2
199;1
200;0
201;0
202;0
203;0
204;0
205;0
206;0
207;1
208;1
209;0
210;2
211;1
212;0
213;0
214;2
215;1
216;0
217;0
218;0
219;0
220;2
221;0
222;0
223;1
224;0
225;0
226;0
227;0
228;2
229;0
230;0
231;0
232;0
233;0
234;0
235;0
236;2
237;1
238;0
239;0
240;1
241;0
242;0
243;1
244;0
245;0
246;0
247;1
248;1
249;0
250;0
251;0
252;0
253;0
254;2
255;1
256;0
257;0
258;0
259;0
260;0
261;0
262;0
263;1
264;0
265;1
266;0
267;0
268;2
269;0
270;1
271;1
272;0
273;0
274;0
275;0
276;0
277;0
278;2
279;2
280;0
281;0
282;2
283;0
284;2
285;0
286;0
287;1
288;0
289;0
290;0
291;0
292;0
293;0
294;0
295;0
296;2
297;0
298;0
299;0
300;0
301;0
302;0
303;2
304;2
305;2
306;0
307;0
308;0
309;0
310;0
311;0
312;1
313;0
314;2
315;0
316;0
317;0
318;2
319;1
320;0
321;0
322;0
323;0
324;0
325;0
326;2
327;1
328;0
329;0
330;1
331;0
332;0
333;2
334;0
335;0
336;0
337;0
338;2
339;0
340;1
341;0
342;0
343;2
344;0
345;0
346;0
347;2
348;0
349;0
350;2
351;1
352;0
353;1
354;0
355;0
356;0
357;1
358;0
359;0
360;1
361;0
362;0
363;0
364;0
365;0
366;2
367;1
368;0
369;0
370;0
371;2
372;1
373;2
374;0
375;0
376;0
377;0
378;0
379;0
380;0
381;0
382;2
383;1
384;0
385;0
386;1
387;0
388;0
389;0
390;0
391;1
392;1
393;0
394;0
395;0
396;0
397;2
398;0
399;0
400;2
401;0
402;1
403;0
404;1
405;0
406;0
407;0
408;0
409;1
410;0
411;0
412;1
413;0
414;0
415;2
416;2
417;0
418;0
419;2
420;2
421;0
422;0
423;0
424;0
425;0
426;0
427;0
428;0
429;2
430;1
431;0
432;0
433;0
434;2
435;0
436;0
437;2
438;0
439;0
440;2
441;0
442;2
443;2
444;2
445;0
446;0
447;0
448;0
449;0
450;0
451;0
452;0
453;2
454;0
455;0
456;0
457;0
458;0
459;0
460;0
461;0
462;0
463;0
464;2
465;0
466;0
467;2
468;1
469;0
470;0
471;2
472;0
473;0
474;0
475;0
476;1
477;0
478;1
479;0
480;2
481;1
482;2
483;0
484;2
485;0
486;0
487;2
488;0
489;2
490;0
491;0
492;2
493;0
494;0
495;0
496;2
497;0
498;2
499;0
500;0
501;2
502;0
503;0
504;0
505;0
506;0
507;2
508;2
509;0
510;2
511;0
512;0
513;1
514;0
515;2
516;0
517;0
518;2
519;1
520;0
521;2
522;1
523;2
524;1
525;0
526;0
527;0
528;0
529;2
530;1
531;0
532;2
533;0
534;0
535;0
536;2
537;0
538;0
539;0
540;2
541;0
542;0
543;0
544;0
545;0
546;0
547;0
548;0
549;0
550;0
551;1
552;0
553;2
554;0
555;2
556;1
557;1
558;0
559;2
560;1
561;1
562;0
563;0
564;0
565;0
566;0
567;0
568;2
569;0
570;0
571;0
572;1
573;1
574;0
575;1
576;0
577;2
578;1
579;0
580;2
581;0
582;2
583;1
584;1
585;2
586;0
587;0
588;0
589;0
590;0
591;0
592;1
593;0
594;0
595;0
596;0
597;1
598;1
599;1
600;0
601;0
602;1
603;0
604;0
605;0
606;0
607;2
608;1
609;0
610;0
611;0
612;0
613;0
614;0
615;0
616;0
617;0
618;2
619;0
620;0
621;0
622;2
623;0
624;2
625;0
626;0
627;0
628;0
629;0
630;0
631;0
632;0
633;0
634;0
635;0
636;2
637;2
638;1
639;2
640;2
641;0
642;0
643;0
644;2
645;0
646;2
647;0
648;0
649;0
650;0
651;0
652;0
653;0
654;0
655;0
656;0
657;0
658;1
659;0
660;2
661;0
662;0
663;0
664;0
665;0
666;0
667;0
668;0
669;0
670;2
671;1
672;0
673;0
674;0
675;0
676;1
677;0
678;0
679;0
680;0
681;1
682;0
683;0
684;0
685;0
686;1
687;1
688;0
689;1
690;1
691;0
692;0
693;0
694;0
695;0
696;0
697;0
698;1
699;0
700;2
701;0
702;0
703;2
704;2
705;0
706;0
707;1
708;0
709;0
710;0
711;0
712;2
713;0
714;1
715;0
716;0
717;2
718;2
719;0
720;0
721;1
722;0
723;0
724;2
725;0
726;2
727;1
728;0
729;2
730;1
731;0
732;1
733;0
734;0
735;1
736;0
737;0
738;0
739;0
740;0
741;2
742;1
743;0
744;0
745;0
746;0
747;0
748;2
749;2
750;1
751;0
752;1
753;0
754;0
755;0
756;0
757;0
758;1
759;0
760;1
761;0
762;0
763;0
764;0
765;0
766;2
767;0
768;1
769;0
770;0
771;1
772;0
773;0
774;4
775;1
776;0
777;1
778;0
779;1
780;1
781;2
782;2
783;0
784;2
785;1
786;2
787;2
788;2
789;0
790;0
791;0
792;0
793;1
794;0
795;0
796;0
797;2
798;2
799;1
800;0
801;0
802;0
803;0
804;0
805;0
806;0
807;1
808;2
809;0
810;0
811;1
812;0
813;0
814;0
815;2
816;0
817;2
818;0
819;0
820;0
821;0
822;0
823;2
824;0
825;2
826;2
827;2
828;0
829;2
830;0
831;0
832;0
833;2
834;2
835;0
836;0
837;0
838;2
839;2
840;1
841;0
842;0
843;1
844;2
845;0
846;0
847;0
848;0
849;0
850;2
851;0
852;0
853;0
854;0
855;0
856;2
857;2
858;0
859;0
860;0
861;0
862;2
863;1
864;0
865;0
866;0
867;0
868;2
869;0
870;0
871;2
872;0
873;0
874;0
875;0
876;0
877;0
878;0
879;1
880;0
881;0
882;0
883;0
884;1
885;0
886;0
887;0
888;0
889;0
890;0
891;0
892;0
893;0
894;1
895;0
896;0
897;2
898;2
899;0
900;2
901;0
902;2
903;0
904;0
905;0
906;2
907;0
908;2
909;0
910;0
911;0
912;0
913;2
914;2
915;0
916;0
917;0
918;0
919;0
920;0
921;2
922;2
923;0
924;0
925;0
926;0
927;2
928;0
929;0
930;1
931;0
932;1
933;0
934;0
935;2
936;2
937;0
938;2
939;2
940;2
941;0
942;2
943;0
944;2
945;0
946;0
947;0
948;0
949;0
950;2
951;1
952;0
953;0
954;0
955;0
956;1
957;0
958;0
959;0
960;0
961;0
962;0
963;0
964;0
965;0
966;0
967;0
968;0
969;0
970;0
971;2
972;0
973;0
974;0
975;0
976;0
977;0
978;2
979;0
980;1
981;0
982;2
983;0
984;0
985;0
986;1
987;0
988;2
989;2
990;1
991;0
992;2
993;2
994;2
995;2
996;4
997;0
998;0
999;1
1000;0
1001;2
1002;0
1003;2
1004;2
1005;2
1006;2
1007;2
1008;1
1009;0
1010;0
1011;0
1012;1
1013;0
1014;1
1015;0
1016;0
1017;0
1018;0
1019;0
1020;0
1021;0
1022;0
1023;0
