0;1
1;0
2;0
3;2
4;2
5;0
6;2
7;1
8;0
9;0
10;2
11;0
12;0
13;0
14;2
15;0
16;0
17;0
18;2
19;1
20;0
21;1
22;0
23;0
24;1
25;0
26;0
27;0
28;2
29;0
30;0
31;0
32;0
33;0
34;2
35;0
36;2
37;0
38;0
39;0
40;0
41;0
42;0
43;1
44;0
45;2
46;2
47;0
48;1
49;0
50;0
51;2
52;4
53;0
54;0
55;2
56;1
57;0
58;2
59;0
60;2
61;0
62;1
63;0
64;0
65;0
66;0
67;1
68;2
69;1
70;0
71;2
72;2
73;0
74;0
75;0
76;0
77;2
78;0
79;0
80;1
81;0
82;0
83;0
84;0
85;0
86;0
87;0
88;0
89;0
90;0
91;0
92;1
93;0
94;0
95;0
96;2
97;0
98;0
99;0
100;0
101;0
102;0
103;0
104;0
105;0
106;0
107;1
108;0
109;1
110;1
111;0
112;1
113;0
114;0
115;0
116;2
117;0
118;0
119;1
120;0
121;0
122;2
123;0
124;0
125;0
126;0
127;0
128;0
129;0
130;1
131;1
132;0
133;0
134;0
135;1
136;0
137;0
138;0
139;0
140;0
141;0
142;0
143;2
144;0
145;0
146;0
147;2
148;1
149;0
150;0
151;0
152;2
153;0
154;0
155;0
156;0
157;0
158;0
159;0
160;0
161;0
162;0
163;0
164;2
165;1
166;2
167;0
168;1
169;2
170;0
171;0
172;2
173;0
174;0
175;0
176;0
177;0
178;0
179;1
180;0
181;2
182;2
183;2
184;2
185;0
186;0
187;0
188;0
189;0
190;0
191;0
192;0
193;0
194;2
195;1
196;1
197;0
198;0
199;2
200;2
201;2
202;0
203;0
204;0
205;0
206;0
207;2
208;0
209;0
210;0
211;2
212;0
213;2
214;0
215;0
216;2
217;0
218;1
219;0
220;0
221;0
222;0
223;1
224;2
225;0
226;1
227;0
228;1
229;0
230;2
231;0
232;1
233;0
234;0
235;0
236;0
237;0
238;0
239;0
240;0
241;0
242;0
243;0
244;1
245;0
246;1
247;0
248;0
249;0
250;0
251;0
252;2
253;0
254;0
255;0
256;0
257;0
258;1
259;1
260;1
261;0
262;0
263;0
264;0
265;0
266;0
267;0
268;0
269;0
270;0
271;0
272;0
273;0
274;0
275;2
276;0
277;0
278;0
279;2
280;1
281;0
282;0
283;0
284;2
285;2
286;0
287;0
288;0
289;0
290;0
291;0
292;2
293;0
294;1
295;1
296;1
297;0
298;0
299;0
300;1
301;0
302;0
303;0
304;0
305;0
306;2
307;0
308;2
309;2
310;0
311;0
312;0
313;0
314;0
315;0
316;0
317;0
318;1
319;0
320;0
321;2
322;1
323;0
324;0
325;0
326;0
327;0
328;1
329;0
330;0
331;1
332;0
333;0
334;0
335;1
336;0
337;0
338;0
339;0
340;0
341;0
342;0
343;0
344;0
345;2
346;2
347;2
348;2
349;0
350;1
351;0
352;0
353;0
354;2
355;0
356;2
357;0
358;0
359;0
360;2
361;0
362;2
363;2
364;2
365;0
366;2
367;2
368;2
369;1
370;0
371;2
372;2
373;2
374;2
375;0
376;0
377;2
378;0
379;0
380;0
381;0
382;0
383;0
384;0
385;0
386;0
387;0
388;2
389;1
390;0
391;0
392;1
393;0
394;0
395;0
396;2
397;1
398;0
399;0
400;1
401;0
402;0
403;0
404;0
405;1
406;1
407;0
408;2
409;0
410;2
411;0
412;0
413;0
414;0
415;0
416;0
417;0
418;0
419;0
420;0
421;0
422;0
423;0
424;0
425;2
426;0
427;0
428;0
429;0
430;0
431;0
432;0
433;0
434;0
435;0
436;1
437;0
438;0
439;0
440;0
441;0
442;1
443;0
444;0
445;0
446;0
447;2
448;1
449;2
450;0
451;0
452;0
453;0
454;0
455;0
456;2
457;0
458;2
459;0
460;0
461;1
462;2
463;0
464;2
465;0
466;0
467;2
468;0
469;2
470;0
471;1
472;0
473;0
474;2
475;0
476;2
477;0
478;0
479;0
480;1
481;0
482;2
483;0
484;2
485;2
486;1
487;2
488;2
489;2
490;0
491;0
492;0
493;1
494;2
495;2
496;0
497;0
498;0
499;0
500;0
501;1
502;1
503;0
504;1
505;0
506;0
507;0
508;0
509;1
510;0
511;0
512;2
513;2
514;2
515;1
516;0
517;0
518;0
519;0
520;2
521;0
522;0
523;0
524;1
525;0
526;0
527;2
528;0
529;0
530;0
531;1
532;0
533;0
534;1
535;0
536;0
537;0
538;0
539;2
540;1
541;1
542;0
543;0
544;0
545;0
546;0
547;0
548;0
549;0
550;0
551;0
552;0
553;0
554;1
555;0
556;0
557;1
558;0
559;1
560;2
561;2
562;2
563;0
564;1
565;0
566;0
567;0
568;0
569;0
570;0
571;0
572;2
573;0
574;0
575;2
576;2
577;1
578;0
579;0
580;0
581;0
582;1
583;0
584;0
585;0
586;0
587;2
588;1
589;0
590;0
591;0
592;4
593;2
594;2
595;2
596;2
597;0
598;0
599;0
600;1
601;0
602;2
603;0
604;1
605;1
606;0
607;0
608;0
609;0
610;2
611;0
612;0
613;0
614;0
615;0
616;0
617;2
618;2
619;2
620;2
621;0
622;0
623;0
624;0
625;0
626;2
627;0
628;2
629;0
630;0
631;0
632;0
633;2
634;0
635;1
636;1
637;0
638;1
639;0
640;2
641;0
642;0
643;0
644;0
645;0
646;0
647;0
648;0
649;0
650;0
651;0
652;0
653;2
654;2
655;0
656;0
657;0
658;0
659;0
660;0
661;0
662;2
663;0
664;1
665;0
666;2
667;1
668;0
669;0
670;0
671;2
672;4
673;0
674;2
675;1
676;0
677;0
678;2
679;0
680;2
681;2
682;2
683;2
684;2
685;2
686;2
687;0
688;1
689;0
690;0
691;0
692;1
693;0
694;1
695;0
696;0
697;2
698;2
699;0
700;0
701;0
702;0
703;0
704;0
705;0
706;1
707;0
708;0
709;0
710;0
711;0
712;1
713;0
714;0
715;0
716;0
717;0
718;0
719;0
720;0
721;2
722;0
723;0
724;0
725;0
726;2
727;2
728;2
729;0
730;2
731;0
732;0
733;0
734;0
735;0
736;0
737;0
738;1
739;0
740;0
741;0
742;0
743;0
744;0
745;0
746;2
747;1
748;2
749;0
750;0
751;0
752;0
753;0
754;0
755;0
756;0
757;0
758;0
759;1
760;1
761;0
762;2
763;2
764;1
765;0
766;2
767;2
768;2
769;0
770;0
771;0
772;1
773;1
774;0
775;0
776;0
777;2
778;0
779;2
780;0
781;2
782;0
783;0
784;0
785;0
786;0
787;2
788;0
789;2
790;0
791;1
792;0
793;0
794;0
795;2
796;0
797;2
798;0
799;0
800;0
801;0
802;1
803;2
804;0
805;0
806;0
807;1
808;0
809;0
810;0
811;0
812;0
813;0
814;0
815;0
816;0
817;0
818;0
819;0
820;0
821;2
822;1
823;2
824;0
825;1
826;0
827;0
828;0
829;0
830;1
831;0
832;2
833;0
834;2
835;0
836;2
837;2
838;0
839;0
840;0
841;2
842;1
843;0
844;0
845;0
846;0
847;0
848;2
849;0
850;0
851;2
852;0
853;2
854;2
855;2
856;1
857;0
858;0
859;2
860;2
861;0
862;2
863;2
864;2
865;0
866;0
867;0
868;2
869;0
870;0
871;2
872;0
873;0
874;2
875;2
876;1
877;0
878;0
879;0
880;0
881;0
882;0
883;0
884;2
885;0
886;0
887;0
888;0
889;2
890;0
891;0
892;0
893;0
894;0
895;0
896;2
897;0
898;2
899;2
900;1
901;0
902;2
903;0
904;0
905;0
906;0
907;1
908;0
909;2
910;0
911;1
912;0
913;2
914;0
915;0
916;0
917;0
918;1
919;0
920;0
921;0
922;0
923;2
924;2
925;1
926;0
927;0
928;0
929;0
930;2
931;0
932;0
933;2
934;0
935;0
936;0
937;0
938;0
939;0
940;1
941;0
942;0
943;0
944;0
945;0
946;0
947;0
948;0
949;0
950;1
951;0
952;0
953;0
954;0
955;0
956;0
957;0
958;2
959;0
960;0
961;2
962;4
963;0
964;0
965;1
966;0
967;0
968;2
969;2
970;2
971;2
972;2
973;2
974;2
975;2
976;2
977;2
978;1
979;0
980;2
981;0
982;0
983;2
984;0
985;0
986;2
987;0
988;0
989;1
990;0
991;1
992;0
993;0
994;0
995;0
996;1
997;0
998;0
999;0
1000;0
1001;2
1002;0
1003;0
1004;0
1005;0
1006;0
1007;1
1008;0
1009;1
1010;0
1011;0
1012;1
1013;0
1014;1
1015;0
1016;0
1017;0
1018;0
1019;0
1020;0
1021;0
1022;0
1023;0
