0;0
1;0
2;0
3;2
4;4
5;0
6;2
7;0
8;2
9;1
10;2
11;0
12;1
13;0
14;0
15;0
16;0
17;2
18;2
19;2
20;0
21;2
22;0
23;1
24;0
25;2
26;0
27;0
28;2
29;0
30;0
31;0
32;0
33;0
34;0
35;0
36;1
37;0
38;2
39;1
40;0
41;0
42;0
43;1
44;2
45;0
46;0
47;1
48;0
49;0
50;2
51;0
52;2
53;0
54;0
55;0
56;2
57;0
58;0
59;0
60;0
61;2
62;0
63;0
64;2
65;0
66;0
67;0
68;0
69;0
70;1
71;0
72;0
73;1
74;0
75;2
76;0
77;0
78;2
79;0
80;0
81;0
82;1
83;0
84;1
85;0
86;0
87;0
88;0
89;2
90;2
91;2
92;2
93;0
94;0
95;2
96;0
97;0
98;0
99;0
100;1
101;0
102;0
103;2
104;1
105;0
106;0
107;0
108;0
109;0
110;0
111;0
112;0
113;0
114;0
115;0
116;0
117;0
118;0
119;0
120;0
121;0
122;0
123;0
124;0
125;0
126;2
127;2
128;0
129;2
130;0
131;0
132;0
133;0
134;1
135;0
136;0
137;0
138;0
139;0
140;0
141;1
142;0
143;2
144;2
145;0
146;0
147;0
148;0
149;0
150;0
151;0
152;0
153;0
154;2
155;0
156;0
157;0
158;0
159;0
160;0
161;2
162;2
163;0
164;2
165;0
166;1
167;0
168;0
169;0
170;1
171;0
172;0
173;0
174;0
175;0
176;1
177;0
178;1
179;0
180;4
181;0
182;2
183;2
184;2
185;0
186;0
187;0
188;1
189;0
190;2
191;2
192;1
193;0
194;0
195;2
196;2
197;0
198;2
199;2
200;2
201;2
202;0
203;2
204;0
205;0
206;1
207;0
208;0
209;0
210;0
211;0
212;0
213;0
214;0
215;0
216;0
217;0
218;0
219;0
220;1
221;0
222;2
223;1
224;0
225;0
226;0
227;0
228;0
229;0
230;2
231;0
232;2
233;0
234;2
235;0
236;0
237;2
238;0
239;0
240;0
241;0
242;0
243;0
244;2
245;0
246;0
247;0
248;0
249;2
250;0
251;2
252;0
253;0
254;1
255;0
256;0
257;1
258;2
259;0
260;0
261;0
262;0
263;2
264;1
265;0
266;0
267;2
268;0
269;0
270;2
271;2
272;2
273;0
274;2
275;2
276;2
277;0
278;0
279;0
280;0
281;0
282;0
283;0
284;0
285;2
286;2
287;2
288;0
289;1
290;0
291;2
292;0
293;0
294;0
295;0
296;0
297;0
298;0
299;0
300;2
301;0
302;0
303;0
304;0
305;0
306;0
307;0
308;0
309;0
310;0
311;0
312;0
313;0
314;0
315;0
316;1
317;0
318;0
319;2
320;1
321;0
322;0
323;0
324;0
325;0
326;0
327;0
328;0
329;0
330;0
331;2
332;4
333;0
334;2
335;0
336;2
337;2
338;0
339;2
340;1
341;0
342;0
343;0
344;1
345;1
346;1
347;0
348;0
349;0
350;0
351;0
352;0
353;0
354;0
355;2
356;0
357;1
358;0
359;2
360;2
361;0
362;1
363;0
364;0
365;2
366;1
367;0
368;0
369;2
370;0
371;2
372;0
373;1
374;0
375;0
376;0
377;0
378;2
379;2
380;0
381;0
382;0
383;0
384;0
385;0
386;0
387;0
388;0
389;0
390;0
391;0
392;0
393;0
394;0
395;0
396;0
397;0
398;0
399;0
400;2
401;2
402;0
403;0
404;2
405;0
406;0
407;0
408;1
409;0
410;1
411;1
412;0
413;0
414;2
415;2
416;2
417;1
418;0
419;2
420;1
421;1
422;0
423;0
424;2
425;1
426;0
427;0
428;1
429;0
430;1
431;0
432;0
433;0
434;0
435;0
436;0
437;2
438;0
439;1
440;0
441;0
442;1
443;0
444;2
445;0
446;1
447;0
448;0
449;0
450;0
451;0
452;1
453;0
454;2
455;2
456;1
457;0
458;0
459;2
460;2
461;0
462;2
463;2
464;2
465;0
466;2
467;0
468;2
469;0
470;0
471;0
472;0
473;0
474;0
475;0
476;0
477;2
478;2
479;1
480;0
481;2
482;0
483;0
484;1
485;0
486;0
487;2
488;1
489;0
490;0
491;0
492;0
493;0
494;0
495;0
496;1
497;0
498;0
499;0
500;0
501;0
502;0
503;0
504;0
505;0
506;0
507;0
508;2
509;2
510;2
511;2
512;2
513;2
514;0
515;0
516;0
517;2
518;1
519;0
520;0
521;0
522;2
523;0
524;0
525;0
526;1
527;0
528;0
529;0
530;0
531;0
532;0
533;0
534;0
535;0
536;1
537;0
538;1
539;2
540;0
541;0
542;0
543;0
544;1
545;0
546;0
547;0
548;0
549;1
550;1
551;0
552;1
553;0
554;1
555;0
556;0
557;0
558;1
559;0
560;1
561;0
562;0
563;2
564;2
565;0
566;1
567;0
568;0
569;0
570;0
571;0
572;0
573;0
574;0
575;0
576;0
577;1
578;0
579;0
580;1
581;0
582;0
583;0
584;0
585;0
586;0
587;1
588;0
589;0
590;0
591;0
592;1
593;0
594;0
595;2
596;2
597;0
598;1
599;0
600;2
601;2
602;0
603;2
604;2
605;0
606;0
607;0
608;2
609;0
610;2
611;2
612;0
613;0
614;0
615;2
616;2
617;2
618;2
619;2
620;2
621;0
622;2
623;2
624;1
625;0
626;2
627;0
628;2
629;2
630;2
631;0
632;0
633;1
634;1
635;0
636;1
637;1
638;0
639;0
640;0
641;0
642;0
643;0
644;0
645;0
646;0
647;0
648;0
649;1
650;0
651;2
652;0
653;0
654;0
655;0
656;0
657;2
658;2
659;0
660;1
661;0
662;2
663;0
664;0
665;0
666;0
667;2
668;0
669;0
670;2
671;2
672;1
673;0
674;0
675;2
676;4
677;0
678;2
679;1
680;2
681;0
682;0
683;0
684;1
685;1
686;0
687;1
688;0
689;0
690;2
691;0
692;0
693;0
694;0
695;2
696;1
697;0
698;2
699;2
700;2
701;0
702;2
703;0
704;2
705;0
706;1
707;0
708;0
709;2
710;1
711;1
712;0
713;0
714;0
715;2
716;0
717;1
718;0
719;2
720;1
721;0
722;0
723;0
724;0
725;0
726;0
727;0
728;1
729;0
730;0
731;0
732;1
733;0
734;0
735;0
736;0
737;0
738;0
739;0
740;0
741;2
742;0
743;0
744;0
745;0
746;1
747;0
748;2
749;0
750;2
751;1
752;0
753;0
754;0
755;0
756;0
757;0
758;0
759;0
760;2
761;0
762;2
763;0
764;0
765;0
766;1
767;0
768;0
769;2
770;0
771;0
772;0
773;0
774;0
775;0
776;0
777;2
778;0
779;2
780;0
781;0
782;0
783;0
784;0
785;2
786;0
787;0
788;0
789;0
790;1
791;0
792;0
793;0
794;2
795;0
796;0
797;0
798;0
799;0
800;0
801;0
802;0
803;1
804;0
805;0
806;0
807;0
808;0
809;0
810;0
811;0
812;0
813;0
814;1
815;0
816;0
817;1
818;0
819;0
820;0
821;2
822;2
823;2
824;1
825;2
826;1
827;0
828;0
829;0
830;0
831;0
832;0
833;0
834;0
835;0
836;0
837;2
838;2
839;2
840;2
841;0
842;0
843;0
844;0
845;2
846;1
847;2
848;4
849;0
850;1
851;2
852;2
853;0
854;1
855;0
856;2
857;0
858;0
859;0
860;0
861;2
862;0
863;0
864;0
865;0
866;0
867;1
868;0
869;2
870;2
871;0
872;2
873;0
874;2
875;0
876;1
877;2
878;0
879;0
880;0
881;0
882;2
883;0
884;0
885;0
886;1
887;0
888;0
889;1
890;0
891;0
892;1
893;0
894;0
895;2
896;0
897;0
898;1
899;0
900;0
901;0
902;0
903;0
904;0
905;0
906;2
907;0
908;0
909;0
910;0
911;2
912;2
913;0
914;2
915;2
916;2
917;0
918;0
919;0
920;1
921;1
922;0
923;2
924;0
925;0
926;0
927;0
928;0
929;1
930;2
931;0
932;0
933;0
934;2
935;0
936;0
937;0
938;0
939;0
940;1
941;2
942;0
943;2
944;0
945;2
946;1
947;2
948;2
949;0
950;0
951;0
952;0
953;2
954;1
955;0
956;2
957;0
958;0
959;0
960;0
961;1
962;0
963;2
964;2
965;2
966;0
967;0
968;0
969;0
970;0
971;0
972;0
973;2
974;0
975;0
976;0
977;1
978;0
979;0
980;0
981;0
982;1
983;0
984;2
985;0
986;1
987;0
988;0
989;0
990;0
991;0
992;0
993;1
994;2
995;0
996;1
997;0
998;0
999;2
1000;0
1001;0
1002;0
1003;0
1004;0
1005;0
1006;0
1007;0
1008;0
1009;0
1010;0
1011;0
1012;1
1013;0
1014;0
1015;0
1016;0
1017;0
1018;0
1019;0
1020;0
1021;0
1022;0
1023;0
