0;1
1;0
2;0
3;2
4;4
5;0
6;2
7;2
8;0
9;0
10;0
11;0
12;1
13;0
14;0
15;0
16;0
17;0
18;0
19;2
20;0
21;2
22;0
23;2
24;1
25;0
26;0
27;0
28;2
29;0
30;0
31;0
32;0
33;2
34;2
35;0
36;0
37;1
38;1
39;0
40;1
41;0
42;1
43;0
44;2
45;0
46;1
47;0
48;0
49;2
50;0
51;0
52;2
53;0
54;0
55;0
56;0
57;0
58;0
59;0
60;0
61;0
62;0
63;1
64;0
65;0
66;0
67;0
68;0
69;0
70;0
71;0
72;2
73;0
74;0
75;0
76;2
77;1
78;0
79;0
80;2
81;0
82;0
83;0
84;0
85;1
86;0
87;0
88;1
89;0
90;0
91;0
92;1
93;0
94;0
95;0
96;0
97;0
98;0
99;0
100;0
101;0
102;2
103;1
104;0
105;0
106;0
107;1
108;0
109;0
110;0
111;1
112;0
113;2
114;2
115;1
116;2
117;2
118;0
119;0
120;0
121;2
122;2
123;2
124;2
125;2
126;0
127;0
128;0
129;2
130;2
131;2
132;2
133;0
134;0
135;0
136;0
137;0
138;0
139;2
140;2
141;0
142;2
143;0
144;1
145;0
146;0
147;0
148;0
149;2
150;2
151;0
152;2
153;0
154;1
155;0
156;2
157;0
158;2
159;1
160;0
161;0
162;0
163;0
164;1
165;0
166;0
167;0
168;0
169;0
170;2
171;2
172;2
173;1
174;1
175;0
176;0
177;2
178;0
179;0
180;2
181;0
182;1
183;0
184;1
185;0
186;0
187;0
188;0
189;1
190;2
191;0
192;2
193;2
194;1
195;0
196;2
197;0
198;2
199;0
200;0
201;0
202;2
203;1
204;0
205;1
206;1
207;0
208;0
209;0
210;2
211;1
212;0
213;0
214;0
215;0
216;1
217;2
218;2
219;2
220;2
221;0
222;2
223;0
224;2
225;1
226;1
227;0
228;2
229;0
230;0
231;0
232;0
233;2
234;0
235;2
236;0
237;0
238;0
239;0
240;1
241;1
242;1
243;0
244;0
245;2
246;0
247;0
248;0
249;1
250;1
251;1
252;0
253;0
254;2
255;0
256;0
257;0
258;1
259;0
260;0
261;0
262;2
263;0
264;0
265;0
266;2
267;0
268;0
269;1
270;0
271;2
272;2
273;0
274;1
275;0
276;0
277;0
278;0
279;0
280;0
281;0
282;2
283;2
284;1
285;0
286;0
287;2
288;4
289;1
290;0
291;0
292;2
293;0
294;2
295;0
296;2
297;0
298;0
299;0
300;0
301;0
302;0
303;0
304;2
305;0
306;0
307;2
308;0
309;1
310;0
311;0
312;0
313;0
314;1
315;0
316;0
317;0
318;0
319;0
320;2
321;2
322;2
323;2
324;1
325;0
326;0
327;0
328;0
329;0
330;2
331;1
332;0
333;0
334;0
335;0
336;2
337;0
338;2
339;2
340;2
341;2
342;2
343;1
344;0
345;0
346;0
347;2
348;2
349;1
350;1
351;0
352;2
353;0
354;0
355;1
356;2
357;0
358;0
359;2
360;0
361;0
362;0
363;2
364;1
365;0
366;2
367;2
368;1
369;0
370;2
371;0
372;0
373;2
374;0
375;2
376;0
377;0
378;0
379;0
380;0
381;0
382;2
383;2
384;0
385;0
386;0
387;0
388;0
389;0
390;0
391;0
392;1
393;0
394;1
395;0
396;2
397;0
398;0
399;0
400;0
401;2
402;2
403;0
404;2
405;2
406;0
407;0
408;2
409;0
410;0
411;0
412;0
413;0
414;1
415;0
416;0
417;0
418;0
419;2
420;0
421;1
422;0
423;0
424;1
425;1
426;0
427;0
428;2
429;1
430;0
431;2
432;1
433;0
434;1
435;0
436;0
437;0
438;0
439;0
440;0
441;2
442;0
443;0
444;0
445;0
446;2
447;2
448;1
449;0
450;0
451;0
452;0
453;0
454;0
455;0
456;1
457;1
458;1
459;0
460;0
461;0
462;0
463;0
464;2
465;0
466;2
467;2
468;2
469;0
470;1
471;0
472;0
473;0
474;2
475;0
476;0
477;0
478;1
479;0
480;0
481;0
482;0
483;0
484;2
485;0
486;0
487;0
488;1
489;0
490;0
491;0
492;1
493;1
494;2
495;0
496;0
497;0
498;0
499;0
500;0
501;0
502;0
503;1
504;0
505;2
506;1
507;0
508;2
509;2
510;0
511;0
512;0
513;2
514;2
515;0
516;0
517;0
518;2
519;1
520;0
521;1
522;1
523;0
524;0
525;0
526;0
527;0
528;1
529;0
530;0
531;0
532;0
533;0
534;2
535;1
536;0
537;1
538;0
539;0
540;1
541;0
542;0
543;0
544;0
545;0
546;0
547;2
548;2
549;2
550;0
551;0
552;0
553;0
554;1
555;0
556;2
557;2
558;2
559;2
560;2
561;0
562;1
563;0
564;0
565;0
566;0
567;1
568;0
569;2
570;0
571;0
572;1
573;0
574;1
575;0
576;2
577;0
578;0
579;2
580;2
581;0
582;2
583;0
584;2
585;0
586;2
587;2
588;1
589;0
590;0
591;1
592;0
593;0
594;0
595;0
596;0
597;0
598;0
599;0
600;0
601;0
602;2
603;2
604;2
605;1
606;0
607;0
608;0
609;0
610;0
611;0
612;2
613;0
614;0
615;2
616;1
617;0
618;0
619;0
620;1
621;1
622;0
623;0
624;0
625;0
626;1
627;0
628;0
629;0
630;0
631;1
632;0
633;1
634;1
635;2
636;1
637;0
638;0
639;2
640;1
641;1
642;0
643;0
644;0
645;0
646;0
647;2
648;0
649;0
650;0
651;0
652;2
653;0
654;0
655;2
656;0
657;0
658;0
659;0
660;0
661;0
662;0
663;0
664;0
665;0
666;2
667;0
668;0
669;0
670;0
671;0
672;1
673;2
674;0
675;0
676;0
677;0
678;0
679;0
680;0
681;0
682;0
683;2
684;1
685;0
686;2
687;0
688;0
689;0
690;1
691;0
692;1
693;0
694;0
695;2
696;2
697;0
698;2
699;2
700;0
701;0
702;0
703;0
704;2
705;0
706;0
707;2
708;1
709;1
710;0
711;1
712;0
713;0
714;0
715;0
716;0
717;0
718;0
719;0
720;1
721;1
722;0
723;0
724;0
725;0
726;0
727;0
728;0
729;0
730;0
731;0
732;0
733;0
734;0
735;0
736;1
737;0
738;1
739;0
740;1
741;0
742;0
743;2
744;1
745;0
746;0
747;0
748;0
749;0
750;2
751;2
752;1
753;0
754;0
755;0
756;0
757;0
758;0
759;0
760;0
761;0
762;1
763;0
764;0
765;0
766;2
767;2
768;1
769;0
770;0
771;2
772;1
773;2
774;2
775;0
776;2
777;0
778;2
779;0
780;1
781;0
782;0
783;0
784;0
785;0
786;0
787;2
788;1
789;2
790;0
791;0
792;2
793;1
794;0
795;0
796;0
797;0
798;0
799;2
800;0
801;0
802;0
803;0
804;0
805;2
806;2
807;2
808;0
809;0
810;0
811;0
812;0
813;2
814;0
815;0
816;1
817;0
818;1
819;0
820;0
821;0
822;0
823;1
824;0
825;0
826;0
827;0
828;0
829;0
830;0
831;0
832;0
833;0
834;1
835;0
836;0
837;0
838;0
839;0
840;0
841;1
842;0
843;0
844;1
845;1
846;0
847;0
848;2
849;0
850;0
851;0
852;0
853;0
854;0
855;0
856;2
857;2
858;2
859;2
860;2
861;0
862;0
863;0
864;0
865;2
866;0
867;0
868;1
869;0
870;0
871;2
872;0
873;0
874;1
875;0
876;0
877;0
878;1
879;0
880;0
881;1
882;1
883;0
884;0
885;0
886;0
887;0
888;0
889;2
890;0
891;0
892;0
893;0
894;0
895;0
896;1
897;1
898;0
899;1
900;0
901;0
902;2
903;0
904;0
905;1
906;1
907;0
908;0
909;0
910;2
911;2
912;1
913;0
914;0
915;2
916;4
917;0
918;2
919;1
920;2
921;0
922;2
923;0
924;2
925;1
926;0
927;0
928;0
929;0
930;0
931;0
932;1
933;0
934;2
935;2
936;1
937;0
938;0
939;2
940;0
941;0
942;2
943;2
944;2
945;0
946;2
947;0
948;2
949;0
950;0
951;2
952;0
953;0
954;1
955;0
956;0
957;0
958;0
959;0
960;2
961;2
962;0
963;0
964;0
965;0
966;0
967;0
968;0
969;0
970;0
971;0
972;0
973;0
974;1
975;0
976;2
977;0
978;1
979;0
980;0
981;2
982;1
983;0
984;1
985;1
986;1
987;0
988;0
989;2
990;2
991;0
992;2
993;0
994;0
995;0
996;1
997;0
998;0
999;0
1000;0
1001;0
1002;2
1003;0
1004;1
1005;1
1006;0
1007;0
1008;0
1009;2
1010;2
1011;2
1012;1
1013;0
1014;1
1015;0
1016;0
1017;0
1018;0
1019;0
1020;0
1021;0
1022;0
1023;0
