0;1
1;0
2;0
3;2
4;1
5;0
6;2
7;2
8;2
9;0
10;2
11;0
12;1
13;0
14;0
15;0
16;0
17;0
18;0
19;2
20;2
21;0
22;0
23;2
24;0
25;0
26;0
27;1
28;0
29;0
30;2
31;0
32;1
33;0
34;0
35;0
36;1
37;0
38;0
39;0
40;1
41;0
42;0
43;1
44;1
45;0
46;0
47;0
48;2
49;0
50;0
51;0
52;0
53;0
54;0
55;0
56;1
57;0
58;0
59;1
60;0
61;0
62;0
63;0
64;0
65;2
66;2
67;0
68;0
69;0
70;2
71;2
72;1
73;0
74;0
75;2
76;2
77;0
78;2
79;2
80;2
81;0
82;0
83;0
84;2
85;2
86;0
87;0
88;0
89;0
90;0
91;0
92;2
93;1
94;0
95;1
96;1
97;0
98;1
99;0
100;0
101;0
102;2
103;2
104;0
105;0
106;0
107;0
108;0
109;0
110;0
111;0
112;1
113;0
114;2
115;2
116;0
117;0
118;0
119;1
120;0
121;2
122;0
123;0
124;2
125;0
126;0
127;0
128;2
129;0
130;0
131;1
132;2
133;2
134;0
135;0
136;0
137;2
138;0
139;0
140;0
141;0
142;0
143;1
144;0
145;1
146;0
147;2
148;0
149;0
150;2
151;0
152;2
153;0
154;0
155;0
156;0
157;0
158;2
159;0
160;0
161;0
162;0
163;2
164;2
165;0
166;2
167;2
168;2
169;0
170;0
171;0
172;1
173;2
174;2
175;0
176;0
177;0
178;0
179;1
180;0
181;0
182;0
183;1
184;1
185;1
186;0
187;0
188;0
189;0
190;2
191;2
192;1
193;0
194;2
195;2
196;4
197;0
198;2
199;2
200;2
201;0
202;2
203;0
204;1
205;1
206;0
207;0
208;0
209;0
210;2
211;1
212;0
213;0
214;0
215;2
216;2
217;0
218;0
219;0
220;2
221;0
222;0
223;2
224;2
225;0
226;0
227;0
228;0
229;0
230;1
231;2
232;2
233;0
234;0
235;0
236;0
237;0
238;0
239;0
240;0
241;0
242;1
243;0
244;0
245;0
246;0
247;0
248;0
249;2
250;0
251;0
252;0
253;2
254;1
255;0
256;2
257;2
258;0
259;0
260;0
261;0
262;0
263;0
264;0
265;0
266;2
267;2
268;2
269;0
270;2
271;2
272;1
273;0
274;0
275;0
276;0
277;2
278;0
279;0
280;0
281;2
282;1
283;0
284;0
285;0
286;0
287;2
288;2
289;0
290;2
291;1
292;0
293;0
294;2
295;0
296;1
297;0
298;0
299;2
300;0
301;0
302;0
303;2
304;0
305;0
306;1
307;0
308;1
309;0
310;0
311;0
312;4
313;2
314;2
315;1
316;0
317;0
318;2
319;0
320;2
321;2
322;2
323;0
324;0
325;0
326;2
327;0
328;1
329;0
330;0
331;0
332;0
333;0
334;0
335;0
336;2
337;2
338;2
339;2
340;1
341;0
342;0
343;2
344;1
345;0
346;0
347;2
348;2
349;0
350;2
351;0
352;2
353;0
354;0
355;0
356;0
357;0
358;0
359;0
360;0
361;0
362;0
363;2
364;1
365;0
366;0
367;0
368;2
369;2
370;0
371;2
372;0
373;0
374;0
375;0
376;1
377;0
378;0
379;0
380;2
381;1
382;0
383;0
384;0
385;0
386;2
387;1
388;2
389;0
390;0
391;2
392;2
393;0
394;2
395;1
396;2
397;0
398;2
399;2
400;2
401;0
402;2
403;0
404;2
405;0
406;0
407;0
408;0
409;0
410;2
411;2
412;0
413;1
414;0
415;0
416;0
417;0
418;1
419;0
420;0
421;1
422;0
423;0
424;0
425;0
426;2
427;0
428;0
429;0
430;0
431;1
432;1
433;0
434;0
435;2
436;2
437;0
438;2
439;2
440;2
441;0
442;2
443;0
444;2
445;0
446;0
447;0
448;0
449;0
450;0
451;0
452;0
453;0
454;2
455;0
456;2
457;0
458;2
459;0
460;0
461;1
462;0
463;0
464;2
465;0
466;0
467;0
468;1
469;1
470;0
471;0
472;0
473;0
474;0
475;0
476;2
477;2
478;0
479;0
480;0
481;0
482;0
483;4
484;2
485;2
486;2
487;2
488;0
489;0
490;2
491;2
492;0
493;0
494;0
495;2
496;4
497;0
498;2
499;2
500;2
501;2
502;2
503;0
504;2
505;1
506;0
507;2
508;2
509;0
510;0
511;0
512;0
513;0
514;2
515;0
516;2
517;0
518;0
519;2
520;0
521;0
522;0
523;0
524;0
525;0
526;0
527;0
528;0
529;0
530;2
531;0
532;0
533;0
534;2
535;0
536;0
537;0
538;0
539;0
540;0
541;0
542;0
543;0
544;0
545;0
546;2
547;1
548;0
549;0
550;0
551;2
552;1
553;0
554;2
555;0
556;0
557;0
558;0
559;2
560;0
561;0
562;0
563;0
564;2
565;1
566;0
567;0
568;0
569;2
570;2
571;1
572;0
573;0
574;0
575;0
576;0
577;0
578;0
579;2
580;0
581;0
582;2
583;0
584;0
585;0
586;0
587;0
588;1
589;0
590;2
591;2
592;2
593;0
594;2
595;0
596;2
597;2
598;2
599;2
600;0
601;0
602;0
603;0
604;1
605;0
606;0
607;0
608;0
609;2
610;1
611;0
612;2
613;2
614;0
615;2
616;2
617;0
618;0
619;0
620;0
621;0
622;2
623;0
624;0
625;1
626;0
627;0
628;0
629;0
630;0
631;0
632;0
633;0
634;2
635;2
636;1
637;0
638;0
639;2
640;4
641;0
642;2
643;2
644;2
645;0
646;2
647;0
648;2
649;0
650;0
651;0
652;0
653;0
654;0
655;2
656;2
657;0
658;0
659;0
660;0
661;0
662;1
663;0
664;4
665;1
666;0
667;0
668;1
669;0
670;2
671;2
672;1
673;0
674;0
675;2
676;4
677;0
678;2
679;1
680;2
681;0
682;0
683;0
684;2
685;0
686;0
687;0
688;0
689;1
690;0
691;2
692;1
693;0
694;0
695;0
696;0
697;0
698;0
699;0
700;0
701;2
702;0
703;2
704;2
705;0
706;2
707;0
708;2
709;0
710;0
711;0
712;0
713;2
714;2
715;0
716;0
717;0
718;0
719;0
720;0
721;2
722;0
723;0
724;0
725;1
726;0
727;1
728;0
729;0
730;2
731;0
732;0
733;0
734;0
735;0
736;0
737;0
738;1
739;0
740;1
741;0
742;2
743;1
744;2
745;0
746;0
747;0
748;1
749;2
750;0
751;0
752;0
753;0
754;0
755;0
756;0
757;0
758;0
759;2
760;0
761;0
762;0
763;2
764;2
765;0
766;2
767;1
768;2
769;0
770;2
771;0
772;2
773;0
774;0
775;0
776;0
777;0
778;1
779;0
780;1
781;0
782;0
783;1
784;4
785;0
786;0
787;1
788;0
789;0
790;2
791;0
792;1
793;2
794;0
795;0
796;0
797;0
798;0
799;0
800;0
801;1
802;0
803;0
804;1
805;0
806;2
807;2
808;0
809;0
810;0
811;1
812;1
813;0
814;2
815;2
816;0
817;0
818;0
819;0
820;0
821;2
822;2
823;2
824;0
825;0
826;0
827;0
828;0
829;0
830;0
831;0
832;1
833;1
834;0
835;0
836;0
837;0
838;0
839;0
840;2
841;1
842;2
843;0
844;2
845;2
846;1
847;0
848;0
849;0
850;2
851;0
852;2
853;0
854;0
855;0
856;0
857;0
858;1
859;0
860;1
861;0
862;0
863;1
864;0
865;0
866;0
867;0
868;2
869;0
870;0
871;0
872;2
873;0
874;0
875;0
876;0
877;2
878;2
879;0
880;0
881;0
882;0
883;0
884;1
885;0
886;0
887;0
888;0
889;0
890;0
891;0
892;2
893;0
894;2
895;2
896;2
897;0
898;2
899;0
900;2
901;0
902;0
903;0
904;2
905;0
906;1
907;0
908;2
909;0
910;2
911;2
912;1
913;1
914;0
915;0
916;2
917;2
918;0
919;2
920;0
921;0
922;1
923;0
924;0
925;0
926;2
927;1
928;1
929;0
930;2
931;0
932;0
933;1
934;0
935;2
936;0
937;1
938;0
939;0
940;0
941;0
942;0
943;2
944;0
945;2
946;0
947;0
948;0
949;0
950;0
951;2
952;1
953;0
954;0
955;2
956;4
957;0
958;0
959;0
960;2
961;0
962;0
963;0
964;4
965;1
966;0
967;2
968;0
969;2
970;2
971;2
972;1
973;0
974;0
975;2
976;2
977;1
978;1
979;0
980;0
981;0
982;0
983;2
984;1
985;0
986;2
987;2
988;0
989;0
990;2
991;2
992;1
993;0
994;0
995;2
996;2
997;0
998;2
999;0
1000;1
1001;0
1002;0
1003;0
1004;0
1005;0
1006;0
1007;0
1008;0
1009;0
1010;0
1011;0
1012;0
1013;0
1014;1
1015;0
1016;0
1017;0
1018;0
1019;0
1020;0
1021;0
1022;0
1023;0
