0;1
1;0
2;0
3;2
4;2
5;2
6;2
7;2
8;2
9;0
10;2
11;0
12;1
13;0
14;1
15;0
16;0
17;1
18;0
19;2
20;2
21;2
22;0
23;0
24;1
25;1
26;1
27;0
28;0
29;0
30;0
31;2
32;0
33;0
34;0
35;0
36;0
37;0
38;1
39;0
40;0
41;0
42;0
43;0
44;2
45;0
46;1
47;2
48;1
49;1
50;0
51;0
52;0
53;0
54;0
55;0
56;0
57;0
58;0
59;0
60;1
61;0
62;1
63;0
64;0
65;2
66;0
67;2
68;0
69;0
70;0
71;1
72;0
73;0
74;0
75;0
76;0
77;0
78;0
79;0
80;0
81;0
82;2
83;0
84;0
85;2
86;0
87;0
88;0
89;0
90;1
91;0
92;2
93;0
94;0
95;1
96;0
97;0
98;1
99;1
100;0
101;0
102;0
103;0
104;0
105;0
106;1
107;2
108;0
109;2
110;0
111;0
112;0
113;0
114;0
115;0
116;0
117;0
118;1
119;0
120;0
121;1
122;0
123;0
124;0
125;0
126;0
127;0
128;2
129;0
130;0
131;0
132;2
133;0
134;0
135;0
136;2
137;2
138;2
139;2
140;1
141;0
142;2
143;0
144;0
145;0
146;1
147;0
148;2
149;0
150;2
151;1
152;0
153;0
154;0
155;0
156;1
157;0
158;0
159;2
160;2
161;0
162;1
163;0
164;2
165;0
166;2
167;0
168;0
169;1
170;0
171;0
172;0
173;1
174;0
175;0
176;2
177;2
178;0
179;0
180;0
181;0
182;0
183;2
184;1
185;0
186;0
187;0
188;2
189;1
190;0
191;0
192;0
193;0
194;0
195;1
196;0
197;2
198;2
199;2
200;1
201;0
202;2
203;0
204;0
205;0
206;0
207;0
208;0
209;0
210;0
211;0
212;0
213;0
214;0
215;2
216;1
217;0
218;2
219;2
220;1
221;0
222;0
223;2
224;0
225;0
226;1
227;0
228;2
229;0
230;2
231;0
232;0
233;0
234;1
235;0
236;0
237;0
238;0
239;0
240;0
241;0
242;0
243;0
244;0
245;2
246;1
247;2
248;2
249;2
250;0
251;0
252;0
253;0
254;2
255;2
256;1
257;0
258;0
259;0
260;1
261;0
262;2
263;1
264;0
265;0
266;0
267;0
268;2
269;2
270;1
271;2
272;1
273;0
274;0
275;0
276;0
277;1
278;0
279;0
280;2
281;0
282;0
283;2
284;2
285;0
286;2
287;1
288;0
289;0
290;0
291;0
292;2
293;0
294;0
295;1
296;0
297;0
298;0
299;0
300;0
301;0
302;0
303;0
304;1
305;0
306;0
307;2
308;0
309;0
310;0
311;0
312;0
313;1
314;0
315;0
316;0
317;0
318;0
319;0
320;0
321;0
322;0
323;0
324;1
325;2
326;0
327;1
328;1
329;2
330;0
331;0
332;0
333;2
334;2
335;1
336;0
337;0
338;0
339;0
340;2
341;2
342;1
343;2
344;2
345;0
346;0
347;2
348;2
349;0
350;2
351;1
352;0
353;2
354;1
355;0
356;0
357;0
358;0
359;2
360;0
361;0
362;2
363;2
364;2
365;0
366;0
367;0
368;2
369;2
370;1
371;0
372;2
373;0
374;2
375;0
376;2
377;0
378;2
379;2
380;1
381;0
382;0
383;0
384;2
385;1
386;0
387;0
388;0
389;0
390;0
391;0
392;0
393;0
394;2
395;1
396;0
397;2
398;0
399;0
400;1
401;0
402;0
403;0
404;0
405;0
406;0
407;0
408;2
409;1
410;2
411;2
412;1
413;2
414;2
415;1
416;0
417;0
418;2
419;1
420;0
421;0
422;2
423;2
424;2
425;0
426;1
427;0
428;1
429;2
430;2
431;0
432;0
433;2
434;2
435;0
436;2
437;0
438;0
439;0
440;0
441;2
442;2
443;2
444;0
445;0
446;1
447;0
448;1
449;0
450;0
451;1
452;2
453;0
454;0
455;0
456;2
457;0
458;0
459;0
460;0
461;0
462;2
463;1
464;0
465;0
466;0
467;0
468;0
469;2
470;2
471;2
472;1
473;0
474;0
475;0
476;0
477;1
478;0
479;2
480;0
481;0
482;2
483;2
484;2
485;0
486;0
487;0
488;1
489;2
490;0
491;0
492;0
493;0
494;0
495;2
496;0
497;0
498;0
499;0
500;0
501;0
502;0
503;2
504;2
505;0
506;0
507;1
508;0
509;0
510;0
511;0
512;0
513;1
514;0
515;0
516;1
517;0
518;0
519;0
520;0
521;2
522;2
523;1
524;0
525;2
526;0
527;0
528;0
529;0
530;1
531;2
532;0
533;0
534;0
535;0
536;0
537;0
538;0
539;0
540;1
541;1
542;0
543;2
544;2
545;2
546;1
547;2
548;2
549;0
550;0
551;0
552;0
553;0
554;0
555;1
556;0
557;0
558;0
559;0
560;0
561;0
562;0
563;0
564;1
565;0
566;2
567;0
568;0
569;1
570;0
571;2
572;0
573;0
574;1
575;1
576;0
577;0
578;1
579;0
580;2
581;0
582;0
583;0
584;0
585;0
586;0
587;0
588;0
589;0
590;1
591;1
592;0
593;2
594;2
595;0
596;1
597;0
598;0
599;2
600;2
601;0
602;2
603;2
604;2
605;0
606;1
607;0
608;0
609;2
610;0
611;0
612;2
613;2
614;2
615;2
616;2
617;0
618;0
619;0
620;0
621;0
622;2
623;0
624;0
625;0
626;0
627;2
628;0
629;0
630;0
631;1
632;1
633;0
634;2
635;2
636;2
637;0
638;0
639;0
640;2
641;0
642;0
643;0
644;2
645;0
646;0
647;1
648;0
649;0
650;2
651;1
652;0
653;2
654;0
655;2
656;0
657;0
658;2
659;2
660;0
661;2
662;0
663;0
664;2
665;2
666;2
667;1
668;0
669;0
670;2
671;0
672;0
673;0
674;0
675;0
676;2
677;0
678;0
679;0
680;1
681;0
682;0
683;2
684;0
685;0
686;2
687;0
688;0
689;0
690;0
691;0
692;1
693;0
694;0
695;0
696;0
697;0
698;0
699;0
700;0
701;0
702;0
703;0
704;0
705;0
706;0
707;1
708;0
709;0
710;0
711;0
712;0
713;0
714;0
715;1
716;1
717;1
718;0
719;0
720;0
721;0
722;0
723;0
724;1
725;0
726;0
727;0
728;2
729;0
730;0
731;0
732;0
733;0
734;0
735;1
736;0
737;0
738;2
739;2
740;2
741;0
742;0
743;0
744;2
745;0
746;0
747;0
748;0
749;1
750;1
751;0
752;0
753;2
754;2
755;1
756;0
757;2
758;0
759;1
760;0
761;0
762;0
763;0
764;1
765;0
766;0
767;0
768;0
769;0
770;0
771;0
772;0
773;0
774;2
775;2
776;1
777;0
778;0
779;0
780;0
781;2
782;1
783;0
784;1
785;0
786;2
787;1
788;0
789;0
790;2
791;2
792;0
793;0
794;0
795;0
796;0
797;0
798;0
799;1
800;2
801;1
802;0
803;0
804;0
805;2
806;2
807;0
808;0
809;0
810;0
811;0
812;1
813;0
814;0
815;2
816;0
817;0
818;2
819;2
820;2
821;0
822;2
823;0
824;2
825;1
826;0
827;2
828;2
829;0
830;0
831;1
832;0
833;2
834;1
835;0
836;2
837;2
838;0
839;0
840;0
841;0
842;0
843;2
844;0
845;0
846;2
847;0
848;2
849;0
850;0
851;0
852;2
853;0
854;0
855;0
856;0
857;0
858;1
859;0
860;2
861;0
862;0
863;0
864;1
865;0
866;0
867;0
868;1
869;0
870;0
871;0
872;1
873;0
874;0
875;0
876;0
877;0
878;0
879;0
880;0
881;2
882;2
883;2
884;0
885;0
886;0
887;1
888;0
889;0
890;2
891;2
892;1
893;0
894;0
895;2
896;1
897;0
898;2
899;2
900;2
901;0
902;0
903;0
904;1
905;0
906;0
907;0
908;2
909;1
910;0
911;2
912;2
913;0
914;2
915;2
916;2
917;0
918;2
919;1
920;0
921;0
922;0
923;0
924;2
925;1
926;0
927;0
928;1
929;0
930;1
931;0
932;0
933;2
934;2
935;1
936;2
937;0
938;0
939;0
940;0
941;0
942;2
943;2
944;2
945;1
946;0
947;0
948;0
949;1
950;1
951;0
952;2
953;2
954;2
955;2
956;1
957;1
958;0
959;0
960;0
961;0
962;0
963;0
964;0
965;0
966;2
967;0
968;0
969;0
970;0
971;0
972;0
973;0
974;0
975;0
976;0
977;0
978;0
979;0
980;0
981;0
982;0
983;0
984;0
985;1
986;2
987;2
988;1
989;0
990;1
991;0
992;0
993;0
994;1
995;0
996;0
997;2
998;2
999;1
1000;0
1001;1
1002;1
1003;0
1004;0
1005;0
1006;0
1007;0
1008;0
1009;2
1010;0
1011;0
1012;1
1013;1
1014;1
1015;1
1016;0
1017;0
1018;0
1019;0
1020;0
1021;0
1022;0
1023;0
