0;1
1;0
2;0
3;2
4;2
5;0
6;0
7;1
8;0
9;0
10;2
11;0
12;0
13;0
14;0
15;0
16;0
17;1
18;0
19;2
20;1
21;2
22;1
23;2
24;0
25;1
26;0
27;2
28;2
29;0
30;0
31;0
32;0
33;0
34;1
35;0
36;0
37;2
38;0
39;0
40;0
41;0
42;0
43;0
44;2
45;2
46;0
47;0
48;1
49;0
50;0
51;0
52;0
53;0
54;0
55;0
56;0
57;0
58;2
59;2
60;1
61;0
62;0
63;0
64;2
65;0
66;2
67;2
68;2
69;0
70;0
71;0
72;0
73;0
74;0
75;0
76;1
77;0
78;1
79;0
80;1
81;2
82;0
83;0
84;0
85;0
86;0
87;0
88;2
89;1
90;2
91;0
92;1
93;0
94;0
95;0
96;0
97;2
98;1
99;0
100;1
101;0
102;0
103;2
104;4
105;0
106;1
107;0
108;2
109;0
110;2
111;0
112;2
113;0
114;0
115;1
116;0
117;0
118;0
119;0
120;0
121;2
122;1
123;0
124;0
125;0
126;0
127;0
128;0
129;2
130;0
131;0
132;0
133;0
134;0
135;0
136;0
137;0
138;1
139;0
140;0
141;1
142;1
143;0
144;0
145;0
146;0
147;0
148;2
149;0
150;2
151;0
152;2
153;0
154;0
155;0
156;0
157;2
158;2
159;2
160;1
161;0
162;2
163;0
164;2
165;0
166;0
167;0
168;0
169;0
170;2
171;0
172;0
173;0
174;1
175;0
176;0
177;0
178;2
179;0
180;0
181;0
182;1
183;0
184;1
185;0
186;2
187;2
188;1
189;2
190;2
191;0
192;2
193;0
194;2
195;0
196;2
197;0
198;0
199;0
200;0
201;0
202;0
203;0
204;1
205;0
206;0
207;2
208;0
209;0
210;0
211;2
212;1
213;0
214;0
215;0
216;2
217;0
218;0
219;1
220;0
221;0
222;0
223;1
224;2
225;2
226;2
227;0
228;2
229;0
230;0
231;0
232;0
233;0
234;0
235;0
236;0
237;0
238;0
239;0
240;0
241;0
242;0
243;1
244;1
245;0
246;0
247;0
248;0
249;2
250;2
251;2
252;0
253;0
254;0
255;0
256;0
257;1
258;0
259;0
260;0
261;2
262;0
263;2
264;2
265;2
266;0
267;2
268;0
269;0
270;2
271;2
272;2
273;0
274;0
275;0
276;1
277;0
278;2
279;1
280;0
281;0
282;0
283;0
284;2
285;2
286;1
287;2
288;1
289;0
290;0
291;0
292;0
293;1
294;0
295;0
296;2
297;0
298;0
299;2
300;1
301;0
302;0
303;2
304;2
305;0
306;0
307;0
308;2
309;0
310;2
311;0
312;1
313;2
314;1
315;0
316;2
317;0
318;1
319;0
320;0
321;0
322;0
323;0
324;2
325;0
326;0
327;0
328;0
329;0
330;0
331;0
332;0
333;1
334;1
335;0
336;0
337;2
338;2
339;0
340;1
341;0
342;0
343;2
344;1
345;2
346;2
347;1
348;0
349;0
350;0
351;0
352;1
353;0
354;1
355;0
356;0
357;2
358;2
359;2
360;2
361;2
362;0
363;0
364;0
365;0
366;0
367;0
368;2
369;0
370;0
371;0
372;0
373;0
374;0
375;2
376;2
377;0
378;0
379;0
380;0
381;0
382;0
383;1
384;0
385;0
386;0
387;1
388;2
389;0
390;0
391;0
392;2
393;2
394;0
395;1
396;0
397;0
398;0
399;0
400;2
401;1
402;0
403;0
404;0
405;0
406;0
407;1
408;2
409;0
410;2
411;0
412;0
413;0
414;2
415;1
416;0
417;1
418;0
419;0
420;0
421;0
422;0
423;0
424;0
425;0
426;2
427;1
428;1
429;0
430;2
431;2
432;0
433;0
434;0
435;2
436;1
437;0
438;2
439;0
440;2
441;0
442;2
443;0
444;2
445;2
446;0
447;0
448;2
449;0
450;0
451;2
452;0
453;2
454;2
455;2
456;2
457;0
458;2
459;0
460;2
461;0
462;0
463;0
464;1
465;2
466;1
467;0
468;0
469;1
470;0
471;0
472;0
473;0
474;2
475;0
476;0
477;0
478;0
479;2
480;0
481;0
482;0
483;0
484;0
485;2
486;0
487;0
488;0
489;0
490;0
491;0
492;0
493;1
494;0
495;0
496;0
497;2
498;0
499;0
500;0
501;0
502;0
503;0
504;1
505;0
506;2
507;2
508;0
509;2
510;0
511;1
512;0
513;2
514;0
515;2
516;0
517;0
518;0
519;0
520;0
521;0
522;0
523;2
524;1
525;0
526;0
527;0
528;2
529;2
530;1
531;0
532;2
533;2
534;0
535;0
536;0
537;0
538;2
539;1
540;0
541;0
542;0
543;0
544;0
545;0
546;2
547;2
548;0
549;0
550;0
551;0
552;0
553;0
554;0
555;0
556;1
557;0
558;2
559;2
560;0
561;0
562;0
563;2
564;4
565;0
566;1
567;2
568;2
569;0
570;2
571;0
572;2
573;2
574;2
575;0
576;2
577;0
578;2
579;0
580;0
581;2
582;0
583;1
584;1
585;1
586;1
587;0
588;2
589;0
590;0
591;1
592;1
593;0
594;2
595;1
596;0
597;1
598;0
599;2
600;0
601;0
602;0
603;0
604;0
605;0
606;0
607;0
608;2
609;0
610;0
611;2
612;0
613;0
614;0
615;0
616;0
617;2
618;0
619;0
620;0
621;2
622;4
623;0
624;1
625;0
626;0
627;0
628;2
629;0
630;1
631;0
632;0
633;0
634;1
635;0
636;0
637;2
638;0
639;0
640;1
641;0
642;1
643;0
644;0
645;0
646;0
647;2
648;0
649;0
650;2
651;0
652;2
653;0
654;2
655;0
656;0
657;0
658;0
659;0
660;2
661;0
662;2
663;0
664;0
665;0
666;0
667;0
668;0
669;0
670;1
671;0
672;0
673;0
674;0
675;0
676;2
677;0
678;0
679;0
680;0
681;0
682;0
683;0
684;0
685;2
686;0
687;0
688;0
689;0
690;0
691;0
692;0
693;0
694;0
695;0
696;0
697;0
698;0
699;0
700;0
701;0
702;0
703;0
704;0
705;2
706;2
707;1
708;0
709;0
710;0
711;0
712;1
713;0
714;0
715;0
716;1
717;0
718;0
719;0
720;0
721;0
722;0
723;0
724;0
725;0
726;0
727;2
728;1
729;0
730;0
731;0
732;4
733;0
734;2
735;0
736;2
737;0
738;0
739;0
740;2
741;0
742;1
743;0
744;0
745;0
746;0
747;0
748;0
749;0
750;0
751;0
752;0
753;1
754;0
755;0
756;0
757;0
758;0
759;0
760;1
761;0
762;0
763;0
764;0
765;0
766;0
767;0
768;0
769;0
770;0
771;1
772;0
773;0
774;0
775;2
776;1
777;2
778;0
779;0
780;0
781;2
782;0
783;0
784;2
785;1
786;1
787;0
788;0
789;2
790;0
791;2
792;2
793;0
794;0
795;0
796;1
797;0
798;1
799;0
800;1
801;2
802;0
803;0
804;0
805;2
806;0
807;0
808;0
809;0
810;1
811;0
812;1
813;0
814;0
815;1
816;0
817;2
818;2
819;2
820;1
821;0
822;2
823;2
824;1
825;0
826;0
827;2
828;2
829;0
830;0
831;2
832;2
833;0
834;0
835;2
836;2
837;0
838;0
839;0
840;0
841;0
842;0
843;0
844;0
845;1
846;0
847;0
848;0
849;0
850;2
851;2
852;2
853;0
854;2
855;0
856;2
857;0
858;2
859;0
860;0
861;0
862;2
863;0
864;0
865;0
866;0
867;0
868;0
869;2
870;0
871;0
872;0
873;0
874;0
875;0
876;0
877;2
878;0
879;0
880;0
881;0
882;0
883;0
884;2
885;0
886;1
887;0
888;0
889;0
890;1
891;2
892;1
893;0
894;0
895;2
896;2
897;0
898;2
899;2
900;2
901;0
902;2
903;0
904;0
905;2
906;2
907;2
908;2
909;1
910;0
911;0
912;1
913;0
914;0
915;0
916;0
917;2
918;0
919;0
920;0
921;0
922;0
923;2
924;2
925;0
926;2
927;2
928;2
929;2
930;0
931;2
932;2
933;0
934;0
935;0
936;0
937;0
938;0
939;0
940;1
941;0
942;1
943;0
944;0
945;2
946;1
947;0
948;2
949;0
950;0
951;0
952;1
953;0
954;2
955;0
956;2
957;0
958;0
959;0
960;0
961;1
962;0
963;0
964;2
965;1
966;2
967;0
968;2
969;0
970;1
971;0
972;1
973;2
974;0
975;0
976;1
977;1
978;0
979;0
980;0
981;0
982;0
983;0
984;2
985;0
986;2
987;0
988;0
989;0
990;0
991;2
992;0
993;0
994;0
995;0
996;0
997;0
998;0
999;0
1000;0
1001;1
1002;0
1003;0
1004;0
1005;0
1006;0
1007;2
1008;1
1009;0
1010;0
1011;2
1012;1
1013;0
1014;1
1015;0
1016;0
1017;0
1018;0
1019;0
1020;0
1021;0
1022;0
1023;0
