0;1
1;0
2;0
3;2
4;2
5;2
6;0
7;0
8;0
9;2
10;2
11;2
12;2
13;0
14;0
15;0
16;0
17;1
18;0
19;0
20;2
21;0
22;0
23;2
24;0
25;2
26;2
27;1
28;0
29;0
30;0
31;0
32;2
33;0
34;4
35;2
36;2
37;0
38;2
39;0
40;2
41;2
42;2
43;2
44;2
45;0
46;0
47;0
48;0
49;0
50;0
51;0
52;0
53;0
54;0
55;2
56;1
57;1
58;0
59;0
60;0
61;2
62;1
63;0
64;1
65;0
66;2
67;0
68;0
69;0
70;0
71;2
72;2
73;0
74;2
75;2
76;2
77;0
78;0
79;0
80;1
81;0
82;2
83;1
84;0
85;0
86;0
87;2
88;2
89;0
90;2
91;2
92;0
93;0
94;2
95;0
96;1
97;0
98;0
99;0
100;4
101;1
102;0
103;2
104;0
105;0
106;0
107;0
108;2
109;2
110;2
111;0
112;2
113;0
114;0
115;2
116;0
117;0
118;0
119;0
120;1
121;0
122;0
123;0
124;1
125;0
126;0
127;0
128;0
129;2
130;2
131;2
132;0
133;0
134;0
135;1
136;2
137;0
138;2
139;2
140;4
141;0
142;2
143;2
144;0
145;0
146;0
147;0
148;2
149;0
150;1
151;0
152;0
153;0
154;0
155;0
156;1
157;1
158;0
159;2
160;2
161;2
162;0
163;0
164;0
165;0
166;2
167;0
168;0
169;0
170;0
171;0
172;0
173;1
174;0
175;2
176;1
177;0
178;0
179;0
180;0
181;0
182;0
183;0
184;1
185;0
186;2
187;2
188;0
189;0
190;2
191;1
192;0
193;0
194;0
195;0
196;1
197;0
198;2
199;2
200;0
201;1
202;0
203;0
204;2
205;2
206;0
207;1
208;0
209;2
210;2
211;2
212;1
213;0
214;0
215;2
216;0
217;0
218;1
219;0
220;0
221;2
222;2
223;2
224;2
225;2
226;0
227;0
228;0
229;2
230;0
231;0
232;4
233;1
234;0
235;0
236;2
237;0
238;0
239;0
240;1
241;0
242;0
243;0
244;1
245;0
246;0
247;2
248;0
249;0
250;2
251;2
252;2
253;0
254;2
255;0
256;1
257;0
258;0
259;0
260;2
261;0
262;0
263;0
264;0
265;2
266;2
267;0
268;0
269;0
270;0
271;0
272;1
273;0
274;1
275;0
276;0
277;0
278;2
279;2
280;2
281;0
282;2
283;2
284;1
285;0
286;0
287;0
288;0
289;2
290;1
291;2
292;1
293;0
294;0
295;2
296;4
297;0
298;0
299;2
300;4
301;0
302;0
303;0
304;2
305;0
306;0
307;0
308;1
309;0
310;0
311;1
312;0
313;1
314;0
315;1
316;1
317;0
318;2
319;2
320;4
321;0
322;2
323;0
324;2
325;2
326;2
327;2
328;2
329;0
330;0
331;0
332;0
333;0
334;0
335;2
336;1
337;0
338;0
339;2
340;0
341;0
342;0
343;2
344;1
345;0
346;0
347;1
348;0
349;0
350;2
351;2
352;0
353;0
354;0
355;0
356;1
357;0
358;0
359;0
360;0
361;0
362;0
363;0
364;2
365;0
366;1
367;2
368;2
369;1
370;0
371;0
372;0
373;2
374;1
375;0
376;2
377;0
378;0
379;1
380;0
381;0
382;0
383;1
384;1
385;0
386;0
387;0
388;2
389;2
390;0
391;2
392;2
393;0
394;0
395;0
396;0
397;0
398;0
399;0
400;2
401;0
402;0
403;0
404;0
405;0
406;2
407;1
408;0
409;0
410;0
411;2
412;2
413;0
414;2
415;2
416;2
417;0
418;2
419;2
420;2
421;0
422;1
423;0
424;0
425;1
426;0
427;0
428;0
429;2
430;2
431;2
432;2
433;0
434;0
435;0
436;2
437;0
438;0
439;0
440;1
441;0
442;1
443;0
444;0
445;1
446;0
447;0
448;0
449;0
450;0
451;0
452;1
453;0
454;0
455;2
456;2
457;0
458;1
459;2
460;2
461;0
462;2
463;0
464;0
465;1
466;0
467;0
468;0
469;0
470;2
471;1
472;0
473;0
474;0
475;2
476;2
477;0
478;0
479;1
480;0
481;0
482;2
483;0
484;1
485;0
486;2
487;2
488;0
489;0
490;1
491;0
492;0
493;0
494;0
495;2
496;0
497;1
498;1
499;0
500;1
501;1
502;0
503;0
504;0
505;0
506;0
507;0
508;0
509;1
510;0
511;1
512;0
513;2
514;0
515;0
516;0
517;0
518;1
519;0
520;0
521;0
522;2
523;2
524;1
525;0
526;0
527;2
528;2
529;0
530;2
531;2
532;2
533;0
534;0
535;0
536;2
537;2
538;0
539;0
540;0
541;2
542;1
543;0
544;0
545;0
546;0
547;0
548;0
549;0
550;2
551;0
552;2
553;0
554;2
555;2
556;0
557;0
558;0
559;0
560;0
561;0
562;0
563;0
564;0
565;0
566;1
567;1
568;0
569;2
570;0
571;0
572;0
573;0
574;0
575;0
576;0
577;0
578;0
579;0
580;0
581;0
582;0
583;1
584;0
585;0
586;1
587;0
588;0
589;0
590;0
591;2
592;4
593;1
594;0
595;0
596;2
597;0
598;2
599;0
600;1
601;1
602;2
603;0
604;0
605;0
606;0
607;0
608;0
609;0
610;1
611;0
612;1
613;0
614;0
615;2
616;2
617;2
618;2
619;2
620;2
621;0
622;1
623;0
624;0
625;2
626;2
627;2
628;2
629;0
630;0
631;2
632;2
633;0
634;1
635;0
636;1
637;0
638;0
639;2
640;2
641;0
642;0
643;1
644;0
645;2
646;2
647;2
648;2
649;0
650;0
651;0
652;1
653;0
654;0
655;0
656;0
657;0
658;2
659;1
660;0
661;0
662;0
663;2
664;4
665;0
666;2
667;1
668;1
669;2
670;0
671;0
672;2
673;2
674;2
675;2
676;1
677;0
678;0
679;0
680;2
681;0
682;0
683;0
684;0
685;0
686;2
687;0
688;0
689;1
690;0
691;2
692;0
693;2
694;1
695;0
696;2
697;2
698;2
699;2
700;0
701;0
702;1
703;0
704;0
705;0
706;1
707;0
708;0
709;0
710;0
711;0
712;2
713;0
714;0
715;0
716;0
717;0
718;1
719;0
720;1
721;0
722;0
723;2
724;4
725;0
726;1
727;0
728;2
729;0
730;2
731;0
732;1
733;0
734;0
735;0
736;0
737;1
738;1
739;0
740;0
741;0
742;0
743;2
744;1
745;0
746;0
747;2
748;4
749;2
750;0
751;2
752;0
753;0
754;0
755;0
756;1
757;0
758;0
759;0
760;0
761;1
762;0
763;0
764;0
765;0
766;0
767;0
768;0
769;2
770;2
771;0
772;2
773;0
774;1
775;0
776;0
777;0
778;1
779;0
780;0
781;2
782;2
783;0
784;2
785;2
786;0
787;0
788;0
789;0
790;0
791;0
792;0
793;0
794;0
795;0
796;1
797;0
798;0
799;0
800;0
801;0
802;2
803;1
804;2
805;0
806;0
807;0
808;0
809;0
810;0
811;0
812;0
813;0
814;0
815;0
816;1
817;0
818;0
819;0
820;0
821;0
822;2
823;2
824;2
825;0
826;0
827;0
828;1
829;2
830;0
831;1
832;0
833;0
834;0
835;0
836;0
837;0
838;0
839;1
840;1
841;0
842;2
843;1
844;1
845;0
846;2
847;1
848;0
849;0
850;0
851;0
852;1
853;2
854;2
855;2
856;2
857;0
858;2
859;0
860;0
861;0
862;1
863;0
864;0
865;1
866;0
867;0
868;0
869;0
870;0
871;0
872;1
873;0
874;1
875;0
876;0
877;2
878;2
879;2
880;0
881;0
882;0
883;0
884;0
885;0
886;0
887;0
888;0
889;2
890;0
891;0
892;2
893;0
894;0
895;0
896;1
897;1
898;0
899;0
900;0
901;2
902;0
903;0
904;1
905;0
906;1
907;0
908;2
909;0
910;0
911;0
912;0
913;0
914;0
915;0
916;2
917;0
918;0
919;0
920;0
921;0
922;2
923;1
924;0
925;1
926;0
927;2
928;1
929;0
930;2
931;2
932;2
933;2
934;2
935;0
936;1
937;0
938;0
939;0
940;0
941;0
942;0
943;0
944;0
945;2
946;0
947;0
948;0
949;2
950;0
951;0
952;2
953;0
954;0
955;0
956;2
957;1
958;1
959;0
960;2
961;1
962;0
963;0
964;0
965;0
966;0
967;2
968;0
969;0
970;0
971;0
972;0
973;2
974;2
975;0
976;0
977;0
978;0
979;0
980;0
981;1
982;0
983;0
984;1
985;0
986;1
987;0
988;0
989;2
990;0
991;0
992;0
993;2
994;2
995;0
996;0
997;0
998;2
999;2
1000;1
1001;0
1002;0
1003;0
1004;4
1005;0
1006;1
1007;2
1008;2
1009;0
1010;2
1011;0
1012;1
1013;0
1014;0
1015;0
1016;0
1017;0
1018;0
1019;0
1020;0
1021;0
1022;0
1023;0
