0;1
1;0
2;0
3;0
4;1
5;0
6;2
7;1
8;0
9;0
10;2
11;0
12;2
13;0
14;0
15;0
16;1
17;2
18;0
19;2
20;2
21;1
22;0
23;2
24;1
25;1
26;2
27;2
28;2
29;0
30;0
31;0
32;0
33;0
34;0
35;0
36;1
37;0
38;0
39;0
40;1
41;0
42;0
43;0
44;0
45;0
46;2
47;0
48;0
49;0
50;1
51;1
52;2
53;0
54;0
55;0
56;0
57;1
58;0
59;2
60;1
61;0
62;0
63;0
64;0
65;0
66;2
67;0
68;0
69;0
70;0
71;2
72;1
73;0
74;0
75;0
76;0
77;0
78;0
79;0
80;2
81;0
82;2
83;0
84;0
85;2
86;0
87;0
88;0
89;0
90;0
91;2
92;1
93;0
94;0
95;2
96;4
97;0
98;0
99;2
100;1
101;0
102;0
103;0
104;2
105;0
106;0
107;0
108;2
109;0
110;1
111;0
112;0
113;0
114;1
115;2
116;0
117;0
118;0
119;0
120;0
121;0
122;2
123;2
124;1
125;0
126;0
127;0
128;4
129;0
130;2
131;2
132;2
133;0
134;2
135;0
136;1
137;0
138;0
139;0
140;0
141;0
142;0
143;0
144;0
145;2
146;2
147;0
148;2
149;1
150;1
151;0
152;1
153;0
154;0
155;0
156;2
157;0
158;0
159;0
160;2
161;0
162;0
163;0
164;0
165;2
166;0
167;0
168;1
169;0
170;2
171;0
172;0
173;0
174;0
175;0
176;0
177;0
178;2
179;0
180;0
181;0
182;0
183;0
184;2
185;0
186;0
187;0
188;0
189;0
190;0
191;2
192;0
193;0
194;0
195;0
196;0
197;0
198;0
199;0
200;2
201;0
202;0
203;0
204;2
205;2
206;2
207;0
208;2
209;1
210;0
211;1
212;2
213;2
214;2
215;1
216;0
217;0
218;1
219;0
220;0
221;0
222;0
223;0
224;1
225;0
226;0
227;0
228;0
229;0
230;1
231;2
232;1
233;0
234;0
235;0
236;2
237;0
238;2
239;2
240;2
241;0
242;2
243;2
244;0
245;1
246;2
247;2
248;0
249;2
250;2
251;2
252;0
253;2
254;0
255;0
256;0
257;0
258;0
259;0
260;0
261;2
262;2
263;0
264;2
265;2
266;2
267;2
268;0
269;0
270;0
271;2
272;2
273;0
274;0
275;0
276;1
277;0
278;2
279;1
280;0
281;0
282;0
283;0
284;2
285;1
286;0
287;2
288;1
289;0
290;0
291;0
292;0
293;1
294;0
295;0
296;2
297;0
298;2
299;2
300;0
301;2
302;2
303;0
304;0
305;0
306;0
307;0
308;0
309;0
310;2
311;2
312;0
313;0
314;0
315;2
316;2
317;2
318;2
319;2
320;2
321;0
322;2
323;1
324;1
325;0
326;2
327;0
328;2
329;0
330;0
331;2
332;2
333;0
334;0
335;0
336;0
337;0
338;0
339;0
340;0
341;1
342;0
343;0
344;1
345;0
346;0
347;0
348;0
349;0
350;0
351;2
352;2
353;0
354;2
355;1
356;4
357;0
358;0
359;0
360;0
361;0
362;0
363;0
364;1
365;0
366;0
367;0
368;1
369;0
370;2
371;2
372;1
373;0
374;0
375;2
376;4
377;0
378;2
379;2
380;2
381;0
382;2
383;0
384;1
385;0
386;0
387;0
388;0
389;0
390;0
391;0
392;1
393;0
394;0
395;1
396;4
397;2
398;2
399;0
400;1
401;0
402;0
403;0
404;1
405;0
406;0
407;0
408;2
409;1
410;0
411;0
412;0
413;0
414;0
415;1
416;1
417;2
418;2
419;0
420;2
421;2
422;2
423;2
424;2
425;1
426;0
427;0
428;2
429;0
430;0
431;0
432;0
433;2
434;2
435;1
436;0
437;2
438;2
439;0
440;2
441;0
442;0
443;0
444;0
445;0
446;2
447;0
448;2
449;0
450;2
451;2
452;2
453;2
454;2
455;2
456;2
457;0
458;2
459;0
460;0
461;0
462;0
463;0
464;0
465;1
466;0
467;0
468;0
469;0
470;0
471;2
472;1
473;0
474;0
475;2
476;2
477;0
478;0
479;2
480;2
481;2
482;0
483;0
484;0
485;0
486;2
487;0
488;2
489;0
490;0
491;0
492;0
493;1
494;0
495;2
496;0
497;0
498;2
499;0
500;0
501;0
502;0
503;0
504;2
505;2
506;2
507;1
508;0
509;0
510;1
511;0
512;0
513;2
514;0
515;1
516;2
517;2
518;2
519;0
520;1
521;0
522;0
523;1
524;0
525;0
526;0
527;0
528;0
529;0
530;2
531;2
532;1
533;0
534;0
535;1
536;1
537;2
538;2
539;1
540;0
541;0
542;2
543;0
544;2
545;2
546;0
547;2
548;0
549;0
550;0
551;2
552;0
553;0
554;0
555;0
556;2
557;0
558;2
559;2
560;0
561;0
562;0
563;0
564;0
565;0
566;2
567;1
568;2
569;1
570;0
571;2
572;1
573;0
574;0
575;2
576;1
577;0
578;0
579;2
580;4
581;0
582;2
583;2
584;2
585;0
586;0
587;0
588;2
589;0
590;0
591;0
592;0
593;0
594;0
595;2
596;0
597;0
598;0
599;2
600;2
601;0
602;2
603;0
604;0
605;0
606;0
607;2
608;2
609;1
610;1
611;2
612;0
613;2
614;2
615;0
616;2
617;0
618;1
619;0
620;1
621;0
622;2
623;2
624;1
625;0
626;0
627;0
628;2
629;0
630;2
631;1
632;2
633;0
634;0
635;0
636;0
637;0
638;2
639;1
640;0
641;0
642;0
643;0
644;2
645;2
646;2
647;0
648;2
649;2
650;0
651;2
652;2
653;0
654;2
655;1
656;2
657;2
658;1
659;0
660;0
661;2
662;0
663;0
664;0
665;0
666;0
667;2
668;1
669;0
670;0
671;2
672;4
673;0
674;2
675;1
676;0
677;0
678;2
679;0
680;2
681;0
682;0
683;0
684;0
685;0
686;2
687;1
688;0
689;2
690;0
691;1
692;2
693;2
694;2
695;2
696;1
697;1
698;2
699;0
700;1
701;0
702;0
703;0
704;0
705;0
706;0
707;0
708;0
709;1
710;1
711;2
712;2
713;0
714;2
715;0
716;2
717;2
718;0
719;0
720;2
721;0
722;0
723;0
724;2
725;0
726;0
727;0
728;0
729;2
730;2
731;2
732;0
733;0
734;0
735;0
736;1
737;0
738;1
739;0
740;1
741;0
742;0
743;0
744;0
745;0
746;0
747;0
748;0
749;1
750;0
751;0
752;0
753;0
754;2
755;2
756;1
757;0
758;0
759;0
760;1
761;0
762;0
763;2
764;2
765;0
766;2
767;1
768;0
769;0
770;0
771;0
772;1
773;2
774;0
775;0
776;0
777;0
778;1
779;0
780;2
781;0
782;0
783;2
784;1
785;0
786;0
787;0
788;0
789;0
790;0
791;0
792;0
793;0
794;2
795;0
796;0
797;2
798;2
799;0
800;2
801;0
802;2
803;0
804;1
805;0
806;0
807;0
808;0
809;0
810;2
811;4
812;2
813;0
814;2
815;0
816;2
817;2
818;2
819;2
820;2
821;1
822;0
823;0
824;1
825;0
826;0
827;0
828;0
829;1
830;0
831;0
832;0
833;2
834;4
835;2
836;1
837;0
838;0
839;0
840;0
841;2
842;2
843;2
844;1
845;0
846;1
847;0
848;0
849;0
850;2
851;0
852;0
853;0
854;0
855;0
856;0
857;1
858;0
859;0
860;0
861;1
862;0
863;2
864;2
865;1
866;0
867;1
868;0
869;0
870;0
871;0
872;2
873;0
874;2
875;2
876;0
877;1
878;0
879;2
880;1
881;0
882;0
883;1
884;4
885;0
886;2
887;2
888;2
889;0
890;2
891;0
892;1
893;0
894;0
895;0
896;0
897;0
898;1
899;0
900;2
901;0
902;1
903;0
904;0
905;0
906;0
907;0
908;0
909;0
910;0
911;0
912;2
913;0
914;0
915;0
916;0
917;1
918;0
919;1
920;0
921;2
922;2
923;2
924;2
925;0
926;2
927;0
928;0
929;0
930;0
931;0
932;0
933;2
934;0
935;0
936;2
937;0
938;1
939;0
940;0
941;0
942;0
943;1
944;2
945;2
946;0
947;0
948;0
949;0
950;0
951;0
952;0
953;0
954;1
955;0
956;2
957;0
958;1
959;0
960;2
961;2
962;1
963;0
964;0
965;0
966;0
967;0
968;1
969;0
970;2
971;0
972;1
973;0
974;0
975;2
976;0
977;1
978;0
979;0
980;2
981;2
982;2
983;0
984;0
985;1
986;2
987;2
988;0
989;2
990;2
991;2
992;1
993;1
994;0
995;0
996;1
997;0
998;0
999;1
1000;0
1001;0
1002;2
1003;0
1004;0
1005;0
1006;0
1007;1
1008;0
1009;1
1010;0
1011;0
1012;0
1013;0
1014;0
1015;0
1016;0
1017;0
1018;0
1019;0
1020;0
1021;0
1022;0
1023;0
