0;1
1;0
2;0
3;0
4;4
5;0
6;2
7;2
8;2
9;0
10;2
11;1
12;1
13;0
14;0
15;0
16;0
17;2
18;2
19;1
20;1
21;2
22;0
23;2
24;1
25;0
26;0
27;0
28;0
29;0
30;0
31;2
32;1
33;0
34;0
35;2
36;2
37;0
38;2
39;2
40;2
41;0
42;2
43;2
44;2
45;0
46;2
47;0
48;0
49;2
50;2
51;0
52;0
53;0
54;1
55;0
56;1
57;0
58;1
59;0
60;2
61;0
62;2
63;0
64;0
65;2
66;0
67;0
68;2
69;0
70;0
71;0
72;0
73;0
74;0
75;0
76;1
77;1
78;0
79;0
80;0
81;0
82;0
83;0
84;0
85;0
86;0
87;0
88;2
89;0
90;0
91;0
92;2
93;2
94;2
95;2
96;2
97;0
98;0
99;2
100;0
101;0
102;1
103;2
104;1
105;0
106;0
107;1
108;2
109;0
110;2
111;0
112;0
113;0
114;0
115;0
116;0
117;0
118;2
119;0
120;0
121;0
122;0
123;1
124;0
125;0
126;0
127;1
128;0
129;1
130;0
131;0
132;2
133;2
134;0
135;0
136;0
137;0
138;1
139;0
140;0
141;0
142;0
143;0
144;0
145;2
146;2
147;2
148;0
149;0
150;0
151;0
152;1
153;2
154;2
155;0
156;2
157;0
158;0
159;0
160;1
161;0
162;0
163;2
164;0
165;0
166;2
167;0
168;4
169;0
170;2
171;0
172;0
173;0
174;0
175;0
176;2
177;0
178;0
179;0
180;1
181;0
182;0
183;0
184;0
185;0
186;1
187;0
188;0
189;0
190;2
191;0
192;0
193;2
194;2
195;0
196;2
197;0
198;2
199;0
200;0
201;0
202;0
203;0
204;0
205;1
206;0
207;0
208;2
209;2
210;1
211;0
212;2
213;0
214;0
215;0
216;0
217;0
218;0
219;2
220;1
221;0
222;0
223;0
224;0
225;2
226;2
227;0
228;2
229;0
230;0
231;0
232;0
233;2
234;0
235;0
236;0
237;2
238;0
239;0
240;2
241;0
242;2
243;0
244;0
245;2
246;0
247;2
248;1
249;0
250;1
251;0
252;0
253;1
254;2
255;0
256;0
257;0
258;1
259;0
260;0
261;0
262;2
263;0
264;0
265;1
266;0
267;0
268;0
269;0
270;0
271;1
272;0
273;0
274;2
275;0
276;1
277;0
278;1
279;0
280;1
281;0
282;0
283;0
284;2
285;2
286;2
287;2
288;1
289;0
290;2
291;0
292;2
293;1
294;0
295;0
296;0
297;0
298;0
299;0
300;1
301;2
302;0
303;0
304;2
305;0
306;0
307;1
308;0
309;1
310;0
311;0
312;0
313;0
314;2
315;0
316;0
317;0
318;0
319;0
320;2
321;1
322;0
323;2
324;1
325;0
326;0
327;0
328;0
329;0
330;2
331;0
332;0
333;2
334;1
335;2
336;1
337;0
338;2
339;2
340;1
341;0
342;2
343;2
344;1
345;0
346;0
347;0
348;4
349;0
350;1
351;1
352;0
353;0
354;0
355;0
356;1
357;1
358;0
359;2
360;0
361;0
362;0
363;0
364;2
365;1
366;0
367;0
368;2
369;2
370;0
371;0
372;0
373;0
374;0
375;2
376;0
377;1
378;0
379;0
380;2
381;0
382;1
383;0
384;2
385;1
386;0
387;0
388;0
389;2
390;2
391;0
392;0
393;0
394;2
395;0
396;0
397;0
398;2
399;2
400;0
401;0
402;0
403;0
404;0
405;1
406;0
407;0
408;0
409;0
410;0
411;0
412;0
413;0
414;0
415;0
416;0
417;0
418;2
419;0
420;2
421;2
422;0
423;0
424;2
425;0
426;0
427;0
428;0
429;0
430;1
431;1
432;0
433;0
434;2
435;0
436;2
437;1
438;0
439;2
440;0
441;0
442;0
443;0
444;1
445;1
446;0
447;0
448;2
449;0
450;2
451;0
452;0
453;0
454;0
455;0
456;0
457;0
458;0
459;2
460;0
461;0
462;2
463;0
464;1
465;0
466;0
467;0
468;0
469;0
470;0
471;2
472;0
473;0
474;0
475;2
476;0
477;0
478;0
479;0
480;0
481;0
482;2
483;2
484;2
485;0
486;2
487;2
488;1
489;0
490;0
491;2
492;2
493;0
494;2
495;0
496;2
497;0
498;0
499;2
500;2
501;0
502;0
503;0
504;2
505;0
506;0
507;0
508;2
509;2
510;0
511;0
512;1
513;0
514;0
515;0
516;1
517;1
518;0
519;0
520;0
521;0
522;0
523;2
524;0
525;0
526;0
527;0
528;0
529;0
530;0
531;0
532;1
533;0
534;0
535;0
536;4
537;2
538;2
539;2
540;2
541;0
542;0
543;0
544;2
545;0
546;2
547;0
548;0
549;2
550;0
551;0
552;1
553;0
554;0
555;0
556;0
557;2
558;2
559;0
560;0
561;0
562;0
563;2
564;0
565;0
566;2
567;0
568;0
569;0
570;0
571;0
572;2
573;0
574;0
575;0
576;1
577;0
578;2
579;1
580;0
581;0
582;0
583;0
584;1
585;0
586;2
587;1
588;0
589;2
590;1
591;0
592;0
593;0
594;2
595;0
596;0
597;0
598;2
599;0
600;0
601;0
602;2
603;2
604;2
605;0
606;2
607;0
608;0
609;2
610;0
611;0
612;0
613;2
614;0
615;0
616;2
617;2
618;0
619;0
620;1
621;0
622;0
623;0
624;0
625;0
626;0
627;1
628;0
629;0
630;0
631;0
632;1
633;0
634;0
635;0
636;2
637;0
638;0
639;0
640;1
641;0
642;0
643;0
644;2
645;0
646;0
647;0
648;2
649;0
650;0
651;1
652;0
653;0
654;2
655;0
656;0
657;0
658;2
659;2
660;2
661;0
662;0
663;0
664;0
665;2
666;1
667;0
668;1
669;1
670;0
671;0
672;0
673;0
674;0
675;0
676;0
677;0
678;2
679;0
680;2
681;0
682;0
683;2
684;0
685;0
686;0
687;0
688;0
689;0
690;0
691;0
692;0
693;0
694;2
695;0
696;0
697;0
698;0
699;0
700;0
701;0
702;1
703;0
704;0
705;0
706;0
707;0
708;0
709;0
710;0
711;2
712;1
713;0
714;1
715;2
716;1
717;2
718;0
719;0
720;0
721;0
722;0
723;0
724;0
725;1
726;1
727;0
728;0
729;0
730;0
731;2
732;1
733;2
734;0
735;0
736;0
737;0
738;0
739;0
740;0
741;0
742;0
743;0
744;0
745;0
746;0
747;2
748;0
749;2
750;2
751;0
752;0
753;0
754;1
755;0
756;0
757;0
758;0
759;0
760;1
761;0
762;0
763;2
764;1
765;0
766;2
767;2
768;2
769;0
770;2
771;0
772;1
773;0
774;0
775;0
776;2
777;0
778;2
779;0
780;0
781;0
782;0
783;2
784;1
785;0
786;2
787;1
788;0
789;0
790;0
791;2
792;2
793;0
794;2
795;2
796;0
797;0
798;2
799;0
800;1
801;0
802;0
803;0
804;0
805;0
806;1
807;0
808;0
809;0
810;1
811;0
812;1
813;0
814;1
815;0
816;0
817;0
818;0
819;0
820;0
821;0
822;2
823;0
824;2
825;2
826;2
827;2
828;2
829;2
830;1
831;0
832;2
833;2
834;2
835;2
836;0
837;0
838;1
839;0
840;0
841;1
842;1
843;0
844;0
845;0
846;0
847;0
848;0
849;0
850;0
851;1
852;0
853;1
854;0
855;0
856;0
857;0
858;0
859;1
860;0
861;0
862;1
863;0
864;0
865;1
866;0
867;1
868;0
869;1
870;0
871;0
872;0
873;0
874;0
875;0
876;2
877;0
878;1
879;0
880;1
881;0
882;0
883;0
884;2
885;2
886;2
887;2
888;2
889;0
890;1
891;0
892;0
893;2
894;0
895;0
896;1
897;0
898;0
899;0
900;2
901;0
902;2
903;0
904;0
905;2
906;2
907;0
908;0
909;0
910;2
911;0
912;0
913;0
914;0
915;1
916;0
917;2
918;2
919;0
920;0
921;0
922;0
923;0
924;1
925;1
926;1
927;1
928;0
929;0
930;2
931;1
932;0
933;1
934;1
935;0
936;0
937;0
938;2
939;2
940;2
941;0
942;0
943;2
944;2
945;0
946;2
947;1
948;0
949;2
950;2
951;0
952;2
953;0
954;0
955;1
956;0
957;0
958;0
959;2
960;0
961;2
962;1
963;0
964;0
965;0
966;0
967;1
968;0
969;0
970;2
971;0
972;0
973;0
974;0
975;0
976;1
977;0
978;0
979;0
980;0
981;0
982;2
983;0
984;1
985;0
986;0
987;1
988;0
989;0
990;0
991;0
992;4
993;0
994;0
995;0
996;0
997;2
998;2
999;2
1000;2
1001;0
1002;2
1003;0
1004;0
1005;2
1006;2
1007;1
1008;0
1009;0
1010;0
1011;0
1012;0
1013;0
1014;0
1015;0
1016;0
1017;0
1018;0
1019;0
1020;0
1021;0
1022;0
1023;0
