0;1
1;0
2;0
3;2
4;2
5;0
6;2
7;2
8;2
9;0
10;2
11;1
12;1
13;0
14;1
15;0
16;0
17;2
18;2
19;2
20;2
21;2
22;0
23;2
24;1
25;0
26;0
27;0
28;2
29;0
30;0
31;0
32;0
33;2
34;2
35;0
36;1
37;0
38;1
39;0
40;1
41;0
42;2
43;0
44;0
45;0
46;1
47;0
48;0
49;2
50;0
51;0
52;2
53;0
54;0
55;0
56;0
57;1
58;0
59;0
60;1
61;0
62;0
63;2
64;0
65;0
66;0
67;0
68;0
69;0
70;0
71;0
72;0
73;0
74;0
75;0
76;1
77;0
78;1
79;0
80;2
81;0
82;0
83;0
84;0
85;0
86;0
87;0
88;1
89;0
90;0
91;0
92;2
93;0
94;1
95;0
96;0
97;0
98;0
99;0
100;0
101;1
102;1
103;0
104;0
105;0
106;2
107;1
108;0
109;0
110;0
111;0
112;0
113;2
114;2
115;2
116;0
117;2
118;2
119;0
120;0
121;2
122;2
123;2
124;0
125;0
126;0
127;0
128;0
129;2
130;0
131;2
132;2
133;0
134;0
135;0
136;0
137;0
138;0
139;0
140;2
141;0
142;2
143;0
144;1
145;0
146;0
147;0
148;0
149;1
150;0
151;0
152;1
153;0
154;1
155;0
156;0
157;0
158;0
159;0
160;0
161;0
162;0
163;0
164;1
165;0
166;0
167;0
168;0
169;0
170;2
171;2
172;2
173;0
174;1
175;0
176;0
177;2
178;1
179;0
180;2
181;0
182;1
183;0
184;0
185;0
186;0
187;0
188;0
189;1
190;1
191;0
192;2
193;1
194;1
195;0
196;2
197;0
198;0
199;0
200;0
201;0
202;2
203;1
204;0
205;0
206;0
207;0
208;1
209;0
210;2
211;2
212;1
213;0
214;0
215;2
216;2
217;0
218;0
219;0
220;2
221;0
222;2
223;0
224;0
225;1
226;1
227;0
228;0
229;0
230;0
231;0
232;0
233;2
234;0
235;0
236;0
237;2
238;0
239;0
240;2
241;0
242;1
243;0
244;0
245;0
246;0
247;2
248;0
249;1
250;1
251;0
252;0
253;0
254;2
255;0
256;0
257;0
258;1
259;0
260;1
261;0
262;2
263;0
264;1
265;2
266;2
267;0
268;0
269;2
270;2
271;2
272;2
273;0
274;1
275;0
276;1
277;0
278;0
279;0
280;0
281;0
282;2
283;2
284;1
285;0
286;0
287;2
288;2
289;0
290;2
291;2
292;2
293;0
294;2
295;0
296;2
297;0
298;0
299;0
300;0
301;0
302;0
303;0
304;2
305;0
306;0
307;1
308;0
309;1
310;0
311;0
312;0
313;1
314;1
315;0
316;0
317;1
318;0
319;0
320;2
321;2
322;2
323;2
324;0
325;0
326;0
327;0
328;0
329;0
330;1
331;0
332;0
333;1
334;0
335;1
336;2
337;2
338;2
339;2
340;2
341;2
342;2
343;1
344;0
345;0
346;0
347;0
348;0
349;2
350;1
351;0
352;2
353;0
354;0
355;0
356;0
357;0
358;0
359;2
360;0
361;1
362;0
363;0
364;2
365;1
366;0
367;0
368;2
369;1
370;1
371;0
372;0
373;2
374;0
375;0
376;0
377;0
378;1
379;0
380;0
381;0
382;2
383;2
384;0
385;0
386;0
387;0
388;0
389;0
390;0
391;0
392;0
393;0
394;1
395;0
396;0
397;0
398;0
399;0
400;0
401;0
402;2
403;0
404;2
405;2
406;0
407;2
408;2
409;0
410;0
411;0
412;0
413;1
414;2
415;1
416;0
417;0
418;2
419;2
420;2
421;1
422;0
423;2
424;1
425;1
426;0
427;0
428;2
429;1
430;0
431;2
432;2
433;2
434;1
435;0
436;0
437;0
438;0
439;0
440;0
441;2
442;0
443;0
444;0
445;0
446;1
447;0
448;1
449;0
450;0
451;2
452;0
453;0
454;0
455;0
456;1
457;1
458;0
459;2
460;0
461;0
462;0
463;0
464;0
465;0
466;1
467;0
468;2
469;0
470;1
471;0
472;0
473;0
474;0
475;0
476;0
477;0
478;1
479;0
480;0
481;0
482;0
483;0
484;0
485;0
486;0
487;0
488;0
489;0
490;0
491;0
492;1
493;1
494;1
495;0
496;0
497;2
498;0
499;0
500;0
501;0
502;0
503;0
504;0
505;2
506;2
507;2
508;2
509;2
510;0
511;0
512;0
513;2
514;2
515;0
516;0
517;0
518;2
519;2
520;0
521;0
522;1
523;0
524;0
525;0
526;0
527;0
528;1
529;0
530;0
531;0
532;0
533;0
534;2
535;1
536;0
537;0
538;0
539;0
540;1
541;0
542;2
543;0
544;0
545;1
546;0
547;2
548;2
549;2
550;2
551;0
552;0
553;0
554;1
555;0
556;0
557;2
558;2
559;2
560;2
561;0
562;1
563;0
564;0
565;0
566;0
567;0
568;0
569;0
570;0
571;0
572;1
573;0
574;2
575;2
576;1
577;0
578;0
579;2
580;4
581;0
582;2
583;1
584;0
585;0
586;2
587;0
588;2
589;0
590;0
591;1
592;1
593;0
594;0
595;0
596;0
597;0
598;0
599;0
600;1
601;0
602;0
603;0
604;1
605;0
606;0
607;0
608;2
609;0
610;0
611;0
612;2
613;0
614;0
615;0
616;1
617;0
618;0
619;2
620;2
621;0
622;1
623;0
624;0
625;0
626;1
627;1
628;0
629;0
630;0
631;2
632;2
633;2
634;0
635;0
636;2
637;0
638;1
639;0
640;1
641;1
642;2
643;2
644;0
645;0
646;0
647;0
648;0
649;0
650;0
651;0
652;2
653;0
654;0
655;2
656;0
657;0
658;0
659;0
660;0
661;0
662;1
663;0
664;0
665;0
666;2
667;0
668;2
669;1
670;0
671;0
672;2
673;0
674;0
675;2
676;0
677;0
678;0
679;0
680;1
681;0
682;0
683;2
684;2
685;2
686;1
687;2
688;1
689;0
690;0
691;1
692;0
693;0
694;0
695;2
696;4
697;0
698;2
699;0
700;2
701;0
702;2
703;0
704;2
705;0
706;2
707;2
708;0
709;1
710;0
711;0
712;0
713;0
714;0
715;0
716;0
717;0
718;0
719;0
720;1
721;0
722;0
723;1
724;0
725;0
726;0
727;0
728;0
729;0
730;0
731;2
732;0
733;2
734;0
735;1
736;0
737;2
738;2
739;0
740;1
741;0
742;2
743;2
744;1
745;0
746;0
747;2
748;4
749;0
750;2
751;1
752;2
753;0
754;2
755;0
756;1
757;0
758;0
759;0
760;0
761;0
762;1
763;0
764;0
765;0
766;2
767;1
768;0
769;0
770;0
771;2
772;4
773;0
774;2
775;2
776;2
777;0
778;2
779;0
780;1
781;0
782;2
783;0
784;0
785;0
786;2
787;2
788;0
789;2
790;0
791;0
792;1
793;0
794;0
795;0
796;0
797;2
798;0
799;2
800;0
801;0
802;0
803;0
804;0
805;2
806;1
807;0
808;0
809;0
810;1
811;0
812;0
813;0
814;2
815;0
816;1
817;0
818;0
819;0
820;0
821;0
822;0
823;1
824;0
825;0
826;1
827;0
828;0
829;0
830;0
831;0
832;0
833;0
834;1
835;0
836;0
837;1
838;0
839;0
840;0
841;2
842;2
843;0
844;1
845;1
846;2
847;0
848;0
849;0
850;0
851;0
852;0
853;0
854;0
855;0
856;2
857;2
858;2
859;2
860;2
861;0
862;0
863;0
864;0
865;2
866;1
867;2
868;1
869;0
870;1
871;2
872;2
873;0
874;1
875;0
876;0
877;0
878;0
879;0
880;0
881;1
882;1
883;0
884;0
885;0
886;0
887;0
888;0
889;2
890;2
891;0
892;0
893;0
894;0
895;0
896;1
897;1
898;1
899;0
900;0
901;0
902;2
903;1
904;0
905;1
906;1
907;0
908;0
909;0
910;0
911;1
912;1
913;0
914;0
915;0
916;2
917;0
918;2
919;1
920;0
921;0
922;2
923;0
924;0
925;1
926;0
927;1
928;0
929;2
930;1
931;1
932;1
933;0
934;0
935;2
936;1
937;0
938;0
939;2
940;2
941;0
942;2
943;2
944;2
945;0
946;2
947;0
948;2
949;0
950;0
951;2
952;2
953;1
954;1
955;0
956;0
957;0
958;0
959;0
960;2
961;2
962;0
963;0
964;0
965;0
966;1
967;0
968;0
969;0
970;0
971;1
972;0
973;0
974;0
975;0
976;1
977;0
978;1
979;0
980;0
981;2
982;2
983;2
984;2
985;0
986;1
987;0
988;0
989;2
990;2
991;0
992;2
993;0
994;0
995;0
996;2
997;0
998;0
999;0
1000;0
1001;1
1002;1
1003;0
1004;0
1005;0
1006;0
1007;0
1008;0
1009;2
1010;2
1011;2
1012;1
1013;1
1014;1
1015;0
1016;0
1017;0
1018;0
1019;0
1020;0
1021;0
1022;0
1023;0
