0;1
1;0
2;0
3;0
4;2
5;0
6;2
7;1
8;0
9;0
10;2
11;0
12;0
13;0
14;1
15;0
16;0
17;0
18;1
19;0
20;0
21;2
22;0
23;2
24;0
25;0
26;0
27;0
28;2
29;0
30;0
31;0
32;0
33;1
34;2
35;0
36;2
37;2
38;0
39;0
40;1
41;0
42;1
43;0
44;2
45;0
46;0
47;0
48;0
49;1
50;1
51;0
52;1
53;0
54;0
55;0
56;0
57;0
58;0
59;0
60;1
61;2
62;0
63;2
64;0
65;0
66;0
67;0
68;0
69;0
70;0
71;0
72;0
73;0
74;2
75;0
76;2
77;1
78;0
79;2
80;2
81;0
82;0
83;0
84;2
85;0
86;0
87;0
88;1
89;0
90;0
91;2
92;2
93;0
94;0
95;0
96;0
97;0
98;0
99;2
100;0
101;0
102;0
103;0
104;0
105;0
106;0
107;1
108;0
109;0
110;0
111;1
112;0
113;2
114;2
115;2
116;1
117;0
118;0
119;0
120;0
121;2
122;2
123;0
124;2
125;2
126;0
127;0
128;0
129;1
130;0
131;2
132;2
133;0
134;0
135;0
136;0
137;0
138;0
139;0
140;2
141;0
142;0
143;1
144;2
145;0
146;0
147;0
148;0
149;1
150;0
151;0
152;2
153;0
154;0
155;0
156;0
157;0
158;0
159;0
160;0
161;0
162;0
163;0
164;1
165;0
166;0
167;0
168;0
169;0
170;0
171;1
172;0
173;0
174;0
175;0
176;0
177;2
178;2
179;0
180;2
181;0
182;0
183;0
184;0
185;0
186;0
187;0
188;0
189;1
190;0
191;0
192;2
193;2
194;1
195;0
196;2
197;0
198;2
199;0
200;0
201;0
202;2
203;0
204;0
205;0
206;0
207;0
208;0
209;0
210;0
211;0
212;2
213;0
214;0
215;0
216;0
217;2
218;0
219;0
220;0
221;2
222;0
223;0
224;2
225;0
226;0
227;0
228;0
229;2
230;0
231;2
232;1
233;0
234;1
235;1
236;2
237;0
238;2
239;0
240;0
241;0
242;1
243;0
244;0
245;0
246;1
247;0
248;2
249;2
250;2
251;0
252;0
253;2
254;1
255;0
256;2
257;0
258;0
259;0
260;0
261;0
262;0
263;0
264;1
265;0
266;0
267;0
268;2
269;0
270;0
271;1
272;0
273;0
274;0
275;2
276;1
277;0
278;2
279;0
280;1
281;0
282;0
283;1
284;0
285;2
286;2
287;0
288;2
289;0
290;2
291;2
292;1
293;1
294;0
295;2
296;0
297;0
298;0
299;0
300;0
301;0
302;0
303;0
304;0
305;0
306;0
307;0
308;0
309;0
310;0
311;0
312;0
313;0
314;0
315;0
316;0
317;0
318;0
319;0
320;0
321;0
322;2
323;2
324;4
325;2
326;2
327;2
328;1
329;0
330;1
331;0
332;1
333;0
334;1
335;0
336;0
337;0
338;0
339;0
340;0
341;0
342;0
343;2
344;0
345;1
346;0
347;2
348;1
349;1
350;0
351;0
352;2
353;1
354;0
355;0
356;0
357;2
358;0
359;0
360;0
361;1
362;0
363;0
364;0
365;0
366;2
367;1
368;0
369;0
370;0
371;0
372;2
373;0
374;0
375;0
376;0
377;0
378;1
379;0
380;0
381;0
382;2
383;2
384;1
385;0
386;0
387;2
388;4
389;0
390;2
391;2
392;0
393;0
394;2
395;0
396;2
397;0
398;1
399;0
400;0
401;2
402;0
403;0
404;2
405;2
406;0
407;0
408;0
409;0
410;0
411;0
412;0
413;2
414;2
415;2
416;2
417;1
418;0
419;2
420;0
421;1
422;0
423;0
424;0
425;2
426;0
427;1
428;0
429;0
430;0
431;0
432;0
433;0
434;0
435;0
436;0
437;2
438;0
439;1
440;0
441;0
442;0
443;0
444;0
445;0
446;0
447;0
448;1
449;0
450;0
451;0
452;0
453;1
454;0
455;2
456;0
457;0
458;0
459;0
460;0
461;0
462;2
463;1
464;0
465;0
466;0
467;0
468;0
469;0
470;0
471;0
472;0
473;0
474;0
475;0
476;0
477;0
478;1
479;0
480;0
481;0
482;0
483;0
484;0
485;0
486;0
487;0
488;0
489;0
490;0
491;0
492;0
493;0
494;0
495;2
496;0
497;0
498;0
499;0
500;2
501;0
502;2
503;2
504;2
505;2
506;0
507;0
508;0
509;2
510;2
511;0
512;0
513;0
514;0
515;0
516;0
517;0
518;2
519;2
520;0
521;0
522;0
523;2
524;4
525;0
526;0
527;2
528;0
529;0
530;2
531;0
532;2
533;0
534;0
535;0
536;1
537;0
538;0
539;0
540;2
541;1
542;0
543;0
544;0
545;0
546;0
547;0
548;1
549;2
550;2
551;0
552;0
553;2
554;2
555;2
556;1
557;0
558;0
559;0
560;0
561;0
562;0
563;0
564;0
565;1
566;0
567;0
568;2
569;1
570;0
571;0
572;0
573;0
574;0
575;0
576;0
577;0
578;0
579;0
580;0
581;0
582;1
583;0
584;1
585;0
586;0
587;0
588;0
589;0
590;0
591;0
592;1
593;0
594;0
595;0
596;1
597;0
598;1
599;0
600;2
601;0
602;0
603;0
604;2
605;2
606;0
607;0
608;0
609;0
610;0
611;0
612;0
613;0
614;0
615;0
616;0
617;0
618;0
619;1
620;0
621;0
622;2
623;2
624;2
625;2
626;2
627;0
628;2
629;1
630;1
631;0
632;1
633;2
634;0
635;0
636;0
637;1
638;0
639;0
640;0
641;1
642;2
643;0
644;2
645;0
646;0
647;2
648;0
649;0
650;0
651;0
652;0
653;0
654;0
655;0
656;0
657;2
658;0
659;0
660;0
661;0
662;0
663;0
664;2
665;0
666;2
667;2
668;0
669;0
670;0
671;0
672;0
673;0
674;0
675;2
676;1
677;0
678;0
679;1
680;1
681;0
682;0
683;0
684;0
685;0
686;0
687;0
688;0
689;0
690;0
691;1
692;0
693;0
694;0
695;0
696;0
697;0
698;0
699;0
700;1
701;0
702;0
703;1
704;0
705;0
706;0
707;0
708;0
709;0
710;0
711;0
712;0
713;0
714;0
715;0
716;0
717;2
718;2
719;0
720;2
721;0
722;2
723;2
724;0
725;0
726;0
727;0
728;0
729;0
730;0
731;0
732;0
733;0
734;2
735;0
736;0
737;0
738;1
739;2
740;0
741;1
742;2
743;0
744;1
745;0
746;0
747;0
748;0
749;2
750;0
751;2
752;0
753;0
754;0
755;0
756;0
757;2
758;2
759;2
760;0
761;0
762;0
763;0
764;0
765;0
766;2
767;0
768;0
769;0
770;0
771;0
772;0
773;0
774;0
775;1
776;0
777;0
778;0
779;0
780;0
781;0
782;0
783;0
784;0
785;0
786;0
787;0
788;0
789;2
790;0
791;0
792;0
793;2
794;2
795;0
796;2
797;0
798;0
799;0
800;2
801;1
802;0
803;0
804;0
805;0
806;0
807;2
808;2
809;2
810;0
811;2
812;2
813;0
814;0
815;0
816;0
817;2
818;2
819;0
820;0
821;0
822;1
823;2
824;1
825;0
826;0
827;0
828;1
829;0
830;0
831;0
832;0
833;0
834;0
835;0
836;1
837;0
838;0
839;0
840;2
841;2
842;0
843;0
844;0
845;0
846;0
847;1
848;1
849;0
850;0
851;2
852;2
853;0
854;2
855;2
856;2
857;0
858;1
859;0
860;1
861;0
862;1
863;0
864;0
865;2
866;2
867;0
868;1
869;0
870;0
871;0
872;0
873;0
874;1
875;2
876;2
877;1
878;0
879;2
880;1
881;0
882;0
883;0
884;0
885;0
886;1
887;0
888;1
889;0
890;2
891;0
892;0
893;2
894;2
895;0
896;0
897;2
898;0
899;0
900;0
901;0
902;0
903;0
904;2
905;2
906;0
907;0
908;0
909;1
910;0
911;0
912;0
913;0
914;0
915;1
916;0
917;0
918;0
919;0
920;0
921;0
922;0
923;0
924;0
925;1
926;0
927;2
928;2
929;0
930;0
931;0
932;0
933;2
934;2
935;2
936;2
937;0
938;2
939;0
940;0
941;1
942;0
943;0
944;0
945;0
946;0
947;0
948;0
949;0
950;0
951;0
952;0
953;2
954;0
955;2
956;2
957;1
958;0
959;0
960;0
961;0
962;0
963;0
964;0
965;0
966;1
967;0
968;1
969;0
970;0
971;2
972;0
973;0
974;0
975;0
976;2
977;0
978;0
979;2
980;0
981;0
982;0
983;0
984;1
985;0
986;0
987;0
988;0
989;0
990;2
991;0
992;0
993;2
994;0
995;0
996;0
997;0
998;0
999;0
1000;2
1001;2
1002;0
1003;0
1004;0
1005;2
1006;2
1007;1
1008;0
1009;0
1010;0
1011;0
1012;1
1013;0
1014;0
1015;0
1016;0
1017;0
1018;0
1019;0
1020;0
1021;0
1022;0
1023;0
