0;1
1;0
2;0
3;2
4;4
5;0
6;2
7;2
8;2
9;0
10;2
11;0
12;2
13;0
14;2
15;1
16;0
17;0
18;0
19;1
20;0
21;1
22;1
23;0
24;1
25;0
26;0
27;0
28;2
29;0
30;0
31;0
32;0
33;0
34;0
35;0
36;0
37;0
38;0
39;0
40;0
41;0
42;0
43;1
44;0
45;0
46;0
47;0
48;0
49;0
50;1
51;1
52;0
53;2
54;0
55;0
56;0
57;2
58;0
59;0
60;1
61;0
62;0
63;0
64;2
65;0
66;0
67;0
68;2
69;0
70;0
71;0
72;1
73;0
74;0
75;0
76;2
77;1
78;0
79;0
80;1
81;1
82;0
83;0
84;0
85;0
86;0
87;0
88;0
89;0
90;1
91;0
92;1
93;0
94;0
95;2
96;2
97;2
98;1
99;1
100;0
101;0
102;2
103;0
104;1
105;0
106;0
107;0
108;0
109;0
110;0
111;1
112;0
113;0
114;0
115;0
116;0
117;1
118;0
119;0
120;0
121;0
122;0
123;0
124;0
125;2
126;0
127;2
128;2
129;0
130;0
131;0
132;0
133;0
134;0
135;0
136;0
137;0
138;0
139;0
140;0
141;0
142;0
143;0
144;2
145;1
146;0
147;0
148;1
149;2
150;0
151;0
152;2
153;0
154;0
155;0
156;0
157;0
158;0
159;1
160;0
161;2
162;1
163;0
164;2
165;0
166;0
167;0
168;0
169;1
170;0
171;0
172;0
173;0
174;2
175;1
176;1
177;0
178;0
179;2
180;1
181;0
182;0
183;0
184;0
185;0
186;0
187;1
188;0
189;0
190;2
191;2
192;2
193;0
194;0
195;0
196;2
197;0
198;1
199;0
200;0
201;0
202;0
203;0
204;1
205;0
206;2
207;2
208;1
209;0
210;2
211;2
212;1
213;0
214;0
215;1
216;0
217;0
218;0
219;1
220;2
221;0
222;2
223;2
224;1
225;0
226;1
227;0
228;0
229;0
230;2
231;2
232;2
233;1
234;0
235;0
236;0
237;0
238;1
239;1
240;0
241;1
242;0
243;0
244;0
245;0
246;0
247;0
248;0
249;0
250;2
251;0
252;0
253;0
254;0
255;1
256;0
257;0
258;0
259;2
260;1
261;0
262;0
263;0
264;2
265;2
266;0
267;0
268;0
269;0
270;0
271;2
272;2
273;0
274;0
275;0
276;0
277;1
278;0
279;0
280;1
281;2
282;1
283;0
284;0
285;0
286;2
287;0
288;0
289;2
290;0
291;0
292;0
293;0
294;0
295;0
296;0
297;0
298;1
299;0
300;0
301;1
302;0
303;0
304;0
305;0
306;2
307;2
308;1
309;0
310;0
311;2
312;2
313;0
314;2
315;2
316;2
317;0
318;2
319;0
320;2
321;2
322;2
323;2
324;1
325;0
326;0
327;1
328;0
329;0
330;0
331;0
332;0
333;0
334;0
335;0
336;0
337;0
338;0
339;0
340;0
341;2
342;2
343;2
344;2
345;0
346;1
347;0
348;0
349;0
350;0
351;0
352;0
353;0
354;2
355;2
356;1
357;0
358;0
359;0
360;0
361;0
362;2
363;2
364;0
365;0
366;2
367;1
368;0
369;0
370;0
371;0
372;0
373;0
374;0
375;1
376;2
377;2
378;2
379;2
380;1
381;2
382;0
383;0
384;2
385;0
386;0
387;0
388;0
389;0
390;0
391;0
392;0
393;1
394;1
395;0
396;2
397;0
398;2
399;0
400;0
401;2
402;2
403;0
404;0
405;0
406;0
407;0
408;2
409;0
410;0
411;1
412;0
413;0
414;0
415;0
416;0
417;0
418;0
419;0
420;1
421;2
422;0
423;0
424;2
425;0
426;0
427;0
428;0
429;0
430;1
431;0
432;1
433;0
434;0
435;2
436;2
437;2
438;0
439;0
440;0
441;1
442;0
443;0
444;1
445;1
446;0
447;0
448;2
449;1
450;2
451;0
452;2
453;0
454;0
455;2
456;0
457;2
458;0
459;2
460;0
461;0
462;2
463;0
464;2
465;0
466;0
467;0
468;0
469;0
470;2
471;0
472;2
473;2
474;1
475;2
476;2
477;0
478;0
479;0
480;0
481;1
482;2
483;2
484;2
485;0
486;0
487;0
488;0
489;4
490;2
491;2
492;1
493;0
494;0
495;0
496;0
497;1
498;0
499;0
500;2
501;0
502;1
503;0
504;2
505;0
506;0
507;0
508;2
509;0
510;0
511;0
512;1
513;0
514;0
515;2
516;0
517;0
518;0
519;1
520;0
521;2
522;2
523;2
524;1
525;0
526;0
527;2
528;1
529;1
530;0
531;2
532;0
533;0
534;0
535;0
536;2
537;0
538;0
539;0
540;0
541;0
542;0
543;0
544;0
545;2
546;2
547;2
548;2
549;2
550;2
551;2
552;1
553;0
554;0
555;0
556;0
557;0
558;0
559;0
560;1
561;0
562;0
563;0
564;1
565;1
566;0
567;1
568;0
569;0
570;1
571;0
572;0
573;0
574;2
575;2
576;1
577;0
578;0
579;0
580;0
581;2
582;2
583;2
584;2
585;0
586;0
587;0
588;0
589;0
590;2
591;0
592;2
593;0
594;0
595;0
596;0
597;0
598;0
599;0
600;0
601;0
602;2
603;2
604;1
605;0
606;0
607;2
608;2
609;0
610;2
611;2
612;0
613;0
614;2
615;0
616;2
617;2
618;1
619;0
620;2
621;0
622;2
623;0
624;0
625;0
626;2
627;0
628;0
629;0
630;0
631;0
632;0
633;2
634;0
635;0
636;1
637;0
638;1
639;0
640;2
641;0
642;0
643;0
644;0
645;0
646;0
647;0
648;0
649;0
650;0
651;0
652;1
653;1
654;0
655;0
656;0
657;0
658;0
659;0
660;0
661;0
662;2
663;0
664;0
665;0
666;0
667;0
668;2
669;1
670;1
671;0
672;1
673;0
674;2
675;0
676;0
677;0
678;0
679;0
680;2
681;0
682;0
683;0
684;0
685;2
686;2
687;0
688;0
689;1
690;0
691;0
692;0
693;1
694;0
695;0
696;0
697;1
698;0
699;0
700;1
701;0
702;0
703;0
704;4
705;0
706;0
707;1
708;0
709;0
710;2
711;2
712;1
713;0
714;2
715;2
716;2
717;0
718;2
719;0
720;0
721;0
722;0
723;0
724;2
725;0
726;1
727;0
728;1
729;0
730;0
731;0
732;0
733;0
734;2
735;2
736;0
737;0
738;0
739;0
740;0
741;0
742;1
743;0
744;0
745;0
746;1
747;1
748;4
749;2
750;2
751;2
752;2
753;2
754;2
755;2
756;2
757;0
758;0
759;0
760;0
761;1
762;0
763;0
764;0
765;2
766;2
767;2
768;0
769;2
770;0
771;0
772;0
773;0
774;0
775;1
776;1
777;2
778;0
779;0
780;0
781;0
782;0
783;2
784;0
785;2
786;0
787;0
788;0
789;0
790;2
791;2
792;1
793;0
794;0
795;2
796;2
797;0
798;2
799;2
800;2
801;0
802;0
803;0
804;0
805;2
806;2
807;2
808;0
809;0
810;0
811;0
812;0
813;1
814;0
815;0
816;0
817;0
818;0
819;0
820;0
821;0
822;0
823;2
824;0
825;1
826;0
827;0
828;0
829;0
830;1
831;0
832;0
833;0
834;0
835;0
836;2
837;2
838;0
839;0
840;0
841;0
842;0
843;0
844;0
845;0
846;0
847;0
848;2
849;0
850;0
851;2
852;0
853;0
854;0
855;0
856;0
857;0
858;0
859;1
860;0
861;0
862;0
863;0
864;0
865;0
866;0
867;0
868;2
869;0
870;0
871;0
872;0
873;1
874;0
875;0
876;0
877;2
878;2
879;0
880;2
881;2
882;2
883;2
884;1
885;0
886;2
887;0
888;2
889;0
890;0
891;0
892;0
893;2
894;0
895;0
896;0
897;0
898;0
899;0
900;0
901;0
902;0
903;0
904;0
905;0
906;0
907;2
908;0
909;1
910;0
911;0
912;0
913;0
914;0
915;0
916;0
917;0
918;0
919;0
920;0
921;0
922;0
923;0
924;1
925;0
926;0
927;0
928;0
929;0
930;0
931;0
932;0
933;0
934;1
935;0
936;0
937;0
938;2
939;2
940;1
941;0
942;0
943;2
944;4
945;0
946;2
947;2
948;2
949;0
950;2
951;0
952;2
953;0
954;2
955;0
956;0
957;2
958;4
959;0
960;0
961;1
962;0
963;0
964;2
965;2
966;2
967;2
968;2
969;2
970;2
971;2
972;2
973;2
974;2
975;2
976;2
977;0
978;0
979;1
980;0
981;2
982;1
983;0
984;2
985;2
986;2
987;2
988;0
989;0
990;0
991;0
992;1
993;0
994;0
995;0
996;0
997;2
998;0
999;0
1000;0
1001;0
1002;0
1003;2
1004;0
1005;0
1006;0
1007;0
1008;2
1009;2
1010;2
1011;0
1012;0
1013;1
1014;0
1015;0
1016;0
1017;0
1018;0
1019;0
1020;0
1021;0
1022;0
1023;0
