0;0
1;0
2;0
3;2
4;0
5;1
6;2
7;2
8;2
9;0
10;2
11;0
12;2
13;0
14;2
15;1
16;1
17;1
18;0
19;0
20;0
21;0
22;1
23;0
24;1
25;0
26;0
27;0
28;0
29;0
30;0
31;0
32;0
33;0
34;0
35;0
36;0
37;0
38;0
39;2
40;0
41;0
42;0
43;1
44;0
45;0
46;2
47;2
48;2
49;2
50;0
51;2
52;2
53;2
54;2
55;1
56;0
57;2
58;4
59;0
60;0
61;0
62;0
63;0
64;2
65;0
66;2
67;0
68;2
69;1
70;0
71;0
72;1
73;0
74;0
75;0
76;2
77;2
78;0
79;0
80;1
81;0
82;1
83;0
84;2
85;0
86;0
87;0
88;2
89;0
90;0
91;0
92;1
93;0
94;0
95;0
96;2
97;1
98;0
99;0
100;0
101;1
102;0
103;0
104;0
105;0
106;0
107;0
108;0
109;1
110;1
111;0
112;1
113;0
114;0
115;2
116;1
117;0
118;0
119;1
120;0
121;0
122;1
123;0
124;0
125;0
126;0
127;0
128;0
129;0
130;0
131;1
132;0
133;0
134;0
135;0
136;0
137;0
138;0
139;0
140;0
141;0
142;2
143;0
144;2
145;2
146;0
147;2
148;2
149;0
150;0
151;0
152;0
153;0
154;0
155;0
156;0
157;0
158;0
159;0
160;0
161;2
162;0
163;2
164;0
165;1
166;0
167;0
168;1
169;2
170;0
171;0
172;2
173;0
174;0
175;0
176;1
177;0
178;0
179;0
180;0
181;2
182;2
183;1
184;0
185;0
186;0
187;0
188;0
189;2
190;1
191;0
192;0
193;0
194;2
195;1
196;0
197;0
198;0
199;2
200;2
201;2
202;2
203;0
204;0
205;0
206;0
207;1
208;0
209;2
210;2
211;2
212;2
213;0
214;0
215;0
216;2
217;0
218;1
219;2
220;0
221;0
222;0
223;1
224;2
225;2
226;2
227;2
228;1
229;0
230;2
231;0
232;1
233;0
234;0
235;1
236;0
237;0
238;0
239;2
240;0
241;0
242;2
243;2
244;1
245;0
246;2
247;1
248;0
249;0
250;0
251;0
252;2
253;1
254;0
255;0
256;0
257;0
258;0
259;1
260;0
261;0
262;2
263;0
264;2
265;0
266;0
267;0
268;0
269;0
270;0
271;0
272;0
273;1
274;2
275;1
276;0
277;2
278;0
279;2
280;1
281;0
282;0
283;0
284;0
285;0
286;2
287;0
288;0
289;0
290;0
291;0
292;0
293;0
294;0
295;0
296;1
297;0
298;0
299;0
300;0
301;1
302;2
303;0
304;0
305;0
306;1
307;0
308;0
309;2
310;0
311;0
312;0
313;0
314;0
315;0
316;1
317;0
318;1
319;0
320;0
321;1
322;0
323;0
324;0
325;0
326;2
327;0
328;0
329;0
330;0
331;0
332;0
333;2
334;0
335;0
336;2
337;2
338;0
339;0
340;0
341;0
342;0
343;1
344;0
345;1
346;0
347;0
348;0
349;0
350;0
351;0
352;0
353;0
354;2
355;0
356;1
357;0
358;0
359;2
360;2
361;2
362;1
363;1
364;2
365;0
366;2
367;0
368;0
369;0
370;2
371;0
372;0
373;0
374;2
375;0
376;0
377;0
378;0
379;0
380;0
381;0
382;0
383;0
384;0
385;1
386;0
387;0
388;1
389;0
390;1
391;0
392;1
393;2
394;0
395;0
396;2
397;0
398;0
399;0
400;1
401;0
402;0
403;0
404;0
405;1
406;1
407;0
408;2
409;0
410;2
411;0
412;0
413;2
414;2
415;0
416;0
417;2
418;0
419;2
420;2
421;2
422;0
423;0
424;2
425;0
426;0
427;0
428;0
429;0
430;0
431;0
432;1
433;2
434;0
435;0
436;2
437;1
438;0
439;0
440;0
441;0
442;1
443;0
444;0
445;0
446;0
447;0
448;2
449;1
450;0
451;0
452;0
453;1
454;0
455;0
456;1
457;0
458;0
459;0
460;1
461;1
462;1
463;0
464;2
465;0
466;0
467;2
468;0
469;2
470;0
471;0
472;0
473;0
474;2
475;0
476;2
477;2
478;0
479;0
480;0
481;1
482;2
483;0
484;0
485;0
486;1
487;2
488;0
489;0
490;0
491;0
492;0
493;1
494;2
495;2
496;1
497;1
498;0
499;0
500;1
501;1
502;0
503;0
504;1
505;0
506;0
507;1
508;0
509;0
510;1
511;0
512;1
513;0
514;2
515;2
516;0
517;2
518;0
519;0
520;2
521;0
522;0
523;0
524;0
525;0
526;0
527;2
528;0
529;2
530;0
531;0
532;0
533;2
534;2
535;1
536;0
537;0
538;1
539;2
540;0
541;1
542;0
543;0
544;0
545;2
546;2
547;0
548;0
549;0
550;0
551;0
552;1
553;2
554;0
555;0
556;1
557;0
558;2
559;1
560;2
561;2
562;2
563;2
564;1
565;0
566;0
567;0
568;0
569;0
570;0
571;0
572;1
573;0
574;0
575;0
576;1
577;2
578;2
579;0
580;0
581;0
582;1
583;0
584;0
585;0
586;0
587;2
588;1
589;0
590;0
591;0
592;2
593;2
594;2
595;0
596;2
597;2
598;0
599;0
600;0
601;0
602;2
603;0
604;2
605;0
606;0
607;1
608;0
609;0
610;0
611;0
612;0
613;0
614;0
615;0
616;0
617;2
618;0
619;2
620;0
621;0
622;0
623;0
624;0
625;0
626;0
627;0
628;2
629;0
630;0
631;0
632;0
633;2
634;0
635;0
636;0
637;0
638;1
639;0
640;2
641;0
642;0
643;0
644;0
645;0
646;1
647;0
648;0
649;2
650;0
651;0
652;0
653;1
654;0
655;1
656;0
657;1
658;0
659;0
660;2
661;2
662;2
663;0
664;0
665;0
666;0
667;0
668;1
669;0
670;0
671;1
672;4
673;0
674;1
675;2
676;2
677;0
678;2
679;0
680;4
681;2
682;0
683;2
684;1
685;0
686;2
687;2
688;1
689;0
690;0
691;0
692;2
693;0
694;0
695;0
696;2
697;2
698;0
699;0
700;0
701;0
702;0
703;0
704;0
705;0
706;0
707;0
708;0
709;1
710;0
711;0
712;1
713;0
714;0
715;0
716;0
717;0
718;0
719;0
720;0
721;0
722;0
723;1
724;0
725;2
726;1
727;0
728;0
729;2
730;2
731;0
732;0
733;0
734;0
735;0
736;2
737;0
738;1
739;0
740;0
741;0
742;0
743;0
744;0
745;2
746;1
747;0
748;0
749;0
750;0
751;0
752;0
753;0
754;0
755;0
756;0
757;0
758;2
759;1
760;2
761;0
762;0
763;1
764;0
765;0
766;2
767;2
768;0
769;0
770;0
771;0
772;0
773;1
774;0
775;0
776;0
777;1
778;0
779;2
780;0
781;2
782;0
783;0
784;0
785;0
786;1
787;1
788;2
789;0
790;0
791;1
792;0
793;0
794;0
795;0
796;0
797;1
798;0
799;0
800;0
801;1
802;0
803;0
804;0
805;0
806;2
807;2
808;0
809;0
810;0
811;0
812;0
813;1
814;0
815;0
816;2
817;0
818;0
819;0
820;0
821;0
822;0
823;0
824;0
825;1
826;0
827;0
828;0
829;0
830;1
831;0
832;2
833;0
834;0
835;0
836;2
837;1
838;0
839;0
840;0
841;0
842;0
843;1
844;0
845;0
846;2
847;0
848;2
849;0
850;0
851;2
852;0
853;0
854;2
855;2
856;0
857;0
858;0
859;2
860;1
861;0
862;0
863;1
864;0
865;0
866;0
867;1
868;2
869;0
870;0
871;2
872;0
873;0
874;0
875;0
876;1
877;0
878;0
879;0
880;0
881;0
882;0
883;0
884;2
885;0
886;0
887;0
888;0
889;2
890;0
891;0
892;0
893;0
894;2
895;0
896;2
897;0
898;0
899;0
900;1
901;0
902;1
903;0
904;2
905;0
906;0
907;0
908;0
909;0
910;2
911;0
912;0
913;0
914;1
915;0
916;0
917;2
918;0
919;1
920;0
921;0
922;0
923;0
924;0
925;0
926;0
927;0
928;0
929;0
930;0
931;0
932;0
933;0
934;0
935;0
936;0
937;2
938;0
939;2
940;0
941;0
942;0
943;0
944;0
945;0
946;0
947;0
948;0
949;1
950;0
951;0
952;0
953;0
954;0
955;2
956;2
957;0
958;2
959;0
960;0
961;2
962;1
963;0
964;0
965;0
966;0
967;0
968;2
969;2
970;1
971;0
972;1
973;0
974;2
975;2
976;2
977;0
978;2
979;2
980;2
981;0
982;0
983;2
984;0
985;0
986;2
987;1
988;0
989;0
990;1
991;0
992;1
993;0
994;0
995;0
996;0
997;0
998;0
999;2
1000;0
1001;1
1002;0
1003;2
1004;0
1005;0
1006;0
1007;2
1008;0
1009;0
1010;0
1011;0
1012;0
1013;0
1014;1
1015;0
1016;0
1017;0
1018;0
1019;0
1020;0
1021;0
1022;0
1023;0
