0;0
1;0
2;0
3;2
4;4
5;0
6;2
7;1
8;0
9;0
10;0
11;0
12;2
13;0
14;0
15;0
16;2
17;2
18;0
19;0
20;1
21;0
22;0
23;0
24;0
25;0
26;2
27;2
28;1
29;0
30;0
31;0
32;2
33;0
34;1
35;1
36;0
37;0
38;2
39;0
40;2
41;0
42;2
43;2
44;2
45;0
46;1
47;0
48;0
49;0
50;2
51;1
52;0
53;0
54;0
55;0
56;2
57;0
58;0
59;0
60;0
61;1
62;0
63;0
64;1
65;0
66;0
67;0
68;1
69;0
70;0
71;2
72;2
73;0
74;2
75;4
76;2
77;0
78;2
79;0
80;1
81;0
82;2
83;2
84;1
85;0
86;0
87;1
88;2
89;0
90;0
91;2
92;2
93;0
94;2
95;0
96;1
97;0
98;0
99;0
100;0
101;0
102;0
103;2
104;2
105;0
106;0
107;0
108;0
109;2
110;2
111;0
112;0
113;0
114;0
115;2
116;0
117;0
118;0
119;0
120;0
121;1
122;0
123;0
124;2
125;0
126;1
127;0
128;0
129;0
130;2
131;2
132;2
133;0
134;0
135;2
136;2
137;0
138;0
139;0
140;2
141;0
142;0
143;0
144;2
145;1
146;0
147;2
148;2
149;0
150;0
151;0
152;0
153;2
154;2
155;2
156;1
157;0
158;0
159;0
160;2
161;0
162;0
163;0
164;0
165;1
166;2
167;0
168;0
169;0
170;0
171;1
172;0
173;0
174;0
175;1
176;0
177;0
178;0
179;0
180;0
181;0
182;0
183;4
184;0
185;0
186;0
187;0
188;1
189;0
190;2
191;2
192;0
193;0
194;0
195;2
196;2
197;0
198;2
199;2
200;1
201;0
202;1
203;0
204;2
205;2
206;0
207;0
208;0
209;0
210;0
211;0
212;1
213;0
214;0
215;0
216;0
217;0
218;2
219;2
220;2
221;0
222;0
223;2
224;2
225;0
226;0
227;0
228;0
229;2
230;0
231;0
232;0
233;0
234;1
235;4
236;2
237;0
238;0
239;0
240;1
241;0
242;2
243;2
244;1
245;0
246;0
247;2
248;2
249;0
250;2
251;2
252;0
253;0
254;0
255;0
256;1
257;2
258;2
259;0
260;0
261;2
262;0
263;0
264;0
265;1
266;0
267;0
268;0
269;1
270;0
271;0
272;0
273;0
274;1
275;0
276;0
277;0
278;2
279;1
280;0
281;0
282;2
283;2
284;2
285;1
286;0
287;0
288;0
289;0
290;2
291;2
292;1
293;0
294;0
295;1
296;0
297;2
298;2
299;0
300;1
301;0
302;0
303;0
304;2
305;0
306;0
307;0
308;1
309;0
310;2
311;0
312;0
313;0
314;0
315;2
316;2
317;2
318;2
319;1
320;0
321;0
322;2
323;0
324;0
325;2
326;2
327;1
328;0
329;0
330;0
331;0
332;0
333;0
334;0
335;2
336;2
337;1
338;0
339;0
340;1
341;0
342;0
343;0
344;1
345;0
346;0
347;1
348;1
349;0
350;0
351;0
352;2
353;0
354;2
355;0
356;1
357;0
358;0
359;0
360;0
361;0
362;0
363;0
364;2
365;0
366;2
367;0
368;2
369;1
370;0
371;0
372;2
373;2
374;0
375;0
376;0
377;0
378;1
379;0
380;0
381;0
382;2
383;2
384;1
385;0
386;0
387;0
388;2
389;2
390;0
391;2
392;2
393;0
394;0
395;0
396;0
397;0
398;1
399;0
400;2
401;1
402;0
403;0
404;0
405;0
406;1
407;0
408;1
409;0
410;0
411;2
412;4
413;0
414;2
415;2
416;2
417;0
418;2
419;0
420;2
421;0
422;1
423;0
424;0
425;0
426;0
427;0
428;0
429;2
430;2
431;2
432;2
433;0
434;0
435;0
436;0
437;0
438;1
439;0
440;1
441;1
442;0
443;0
444;0
445;0
446;2
447;0
448;0
449;2
450;2
451;2
452;0
453;0
454;0
455;2
456;1
457;0
458;2
459;2
460;2
461;0
462;0
463;0
464;2
465;0
466;0
467;0
468;0
469;0
470;2
471;2
472;1
473;0
474;0
475;0
476;2
477;2
478;2
479;1
480;0
481;0
482;2
483;2
484;2
485;0
486;0
487;0
488;2
489;0
490;0
491;0
492;0
493;0
494;0
495;2
496;0
497;0
498;1
499;0
500;1
501;0
502;0
503;0
504;0
505;0
506;0
507;0
508;0
509;0
510;0
511;0
512;0
513;2
514;0
515;0
516;0
517;2
518;1
519;0
520;1
521;0
522;0
523;0
524;0
525;0
526;0
527;2
528;4
529;2
530;2
531;2
532;2
533;0
534;2
535;0
536;2
537;2
538;0
539;1
540;0
541;2
542;2
543;0
544;2
545;0
546;0
547;0
548;0
549;1
550;2
551;0
552;2
553;0
554;1
555;0
556;0
557;0
558;2
559;0
560;2
561;0
562;0
563;0
564;0
565;0
566;0
567;0
568;0
569;2
570;2
571;0
572;1
573;0
574;0
575;0
576;0
577;0
578;1
579;0
580;0
581;0
582;2
583;2
584;1
585;0
586;2
587;2
588;1
589;0
590;0
591;0
592;4
593;0
594;2
595;0
596;0
597;0
598;2
599;0
600;1
601;0
602;2
603;0
604;2
605;0
606;0
607;0
608;0
609;0
610;1
611;0
612;1
613;0
614;0
615;2
616;2
617;0
618;2
619;2
620;1
621;0
622;0
623;2
624;2
625;2
626;2
627;1
628;1
629;0
630;0
631;1
632;0
633;0
634;1
635;0
636;1
637;1
638;0
639;2
640;0
641;0
642;0
643;1
644;0
645;2
646;2
647;2
648;1
649;0
650;0
651;0
652;0
653;0
654;1
655;0
656;0
657;0
658;2
659;0
660;1
661;0
662;0
663;0
664;1
665;0
666;2
667;2
668;2
669;0
670;0
671;0
672;1
673;0
674;1
675;0
676;1
677;0
678;0
679;0
680;2
681;0
682;0
683;2
684;2
685;0
686;2
687;0
688;0
689;1
690;1
691;0
692;2
693;1
694;0
695;0
696;0
697;2
698;0
699;0
700;0
701;0
702;1
703;0
704;0
705;0
706;0
707;0
708;0
709;0
710;0
711;1
712;0
713;0
714;0
715;2
716;0
717;2
718;0
719;0
720;0
721;0
722;0
723;2
724;4
725;0
726;0
727;2
728;2
729;0
730;2
731;0
732;1
733;0
734;0
735;0
736;0
737;1
738;1
739;0
740;1
741;0
742;0
743;0
744;1
745;0
746;0
747;2
748;2
749;0
750;0
751;0
752;2
753;0
754;2
755;0
756;1
757;0
758;0
759;0
760;0
761;1
762;0
763;0
764;0
765;0
766;0
767;0
768;0
769;1
770;0
771;2
772;2
773;0
774;2
775;1
776;2
777;0
778;0
779;0
780;2
781;2
782;2
783;0
784;0
785;0
786;0
787;0
788;0
789;0
790;2
791;1
792;0
793;0
794;0
795;2
796;2
797;0
798;2
799;2
800;4
801;0
802;0
803;0
804;1
805;0
806;0
807;0
808;1
809;0
810;2
811;0
812;0
813;0
814;0
815;0
816;0
817;0
818;0
819;0
820;0
821;0
822;0
823;0
824;0
825;0
826;0
827;0
828;1
829;1
830;0
831;1
832;0
833;0
834;0
835;0
836;0
837;0
838;0
839;0
840;1
841;0
842;0
843;1
844;1
845;0
846;1
847;2
848;2
849;0
850;0
851;2
852;2
853;2
854;2
855;1
856;0
857;0
858;2
859;0
860;0
861;0
862;1
863;0
864;0
865;2
866;2
867;0
868;0
869;0
870;0
871;0
872;1
873;0
874;0
875;0
876;0
877;2
878;1
879;0
880;0
881;1
882;0
883;0
884;0
885;0
886;0
887;0
888;0
889;2
890;0
891;0
892;0
893;0
894;0
895;2
896;0
897;0
898;2
899;0
900;0
901;1
902;0
903;0
904;2
905;0
906;2
907;0
908;2
909;0
910;0
911;0
912;0
913;0
914;0
915;0
916;0
917;2
918;0
919;1
920;0
921;0
922;1
923;0
924;2
925;1
926;0
927;1
928;0
929;2
930;2
931;2
932;4
933;0
934;2
935;2
936;2
937;0
938;0
939;0
940;2
941;0
942;0
943;0
944;2
945;2
946;0
947;0
948;0
949;0
950;2
951;2
952;2
953;0
954;0
955;0
956;2
957;1
958;2
959;0
960;2
961;1
962;0
963;0
964;1
965;0
966;0
967;2
968;0
969;0
970;0
971;2
972;0
973;0
974;2
975;0
976;0
977;0
978;0
979;0
980;0
981;1
982;0
983;0
984;1
985;0
986;0
987;0
988;0
989;2
990;0
991;0
992;0
993;0
994;0
995;0
996;0
997;0
998;0
999;2
1000;1
1001;0
1002;0
1003;2
1004;2
1005;0
1006;0
1007;2
1008;2
1009;0
1010;2
1011;0
1012;1
1013;0
1014;0
1015;1
1016;0
1017;0
1018;0
1019;0
1020;0
1021;0
1022;0
1023;0
