0;0
1;1
2;0
3;0
4;2
5;0
6;2
7;0
8;2
9;0
10;2
11;0
12;0
13;0
14;0
15;0
16;0
17;2
18;2
19;2
20;0
21;2
22;0
23;2
24;1
25;0
26;2
27;2
28;2
29;2
30;0
31;2
32;0
33;0
34;0
35;0
36;0
37;1
38;0
39;0
40;1
41;0
42;0
43;0
44;1
45;0
46;0
47;0
48;1
49;2
50;0
51;0
52;0
53;0
54;0
55;0
56;0
57;1
58;0
59;2
60;0
61;1
62;0
63;0
64;0
65;0
66;0
67;0
68;0
69;0
70;2
71;2
72;0
73;0
74;0
75;0
76;0
77;0
78;0
79;0
80;2
81;0
82;2
83;0
84;1
85;0
86;0
87;0
88;0
89;0
90;0
91;0
92;2
93;0
94;0
95;0
96;2
97;1
98;0
99;0
100;0
101;0
102;0
103;0
104;0
105;0
106;0
107;2
108;0
109;2
110;0
111;0
112;0
113;0
114;0
115;0
116;0
117;1
118;0
119;0
120;4
121;1
122;2
123;2
124;2
125;0
126;0
127;0
128;2
129;2
130;2
131;0
132;0
133;0
134;0
135;0
136;0
137;2
138;2
139;2
140;1
141;0
142;0
143;0
144;0
145;0
146;0
147;0
148;2
149;0
150;2
151;0
152;0
153;0
154;0
155;0
156;0
157;1
158;0
159;0
160;2
161;0
162;0
163;0
164;0
165;0
166;0
167;0
168;0
169;0
170;0
171;0
172;0
173;0
174;0
175;0
176;1
177;0
178;0
179;2
180;1
181;0
182;0
183;2
184;2
185;0
186;0
187;2
188;2
189;0
190;2
191;0
192;2
193;0
194;0
195;0
196;0
197;2
198;2
199;2
200;2
201;0
202;0
203;2
204;0
205;0
206;0
207;0
208;0
209;0
210;0
211;0
212;0
213;0
214;2
215;0
216;1
217;0
218;0
219;0
220;1
221;2
222;1
223;0
224;0
225;0
226;0
227;2
228;1
229;0
230;0
231;0
232;0
233;0
234;1
235;2
236;2
237;2
238;0
239;2
240;0
241;0
242;2
243;2
244;2
245;0
246;1
247;0
248;0
249;2
250;2
251;1
252;0
253;0
254;0
255;0
256;1
257;0
258;2
259;2
260;0
261;0
262;0
263;2
264;4
265;0
266;2
267;2
268;2
269;0
270;2
271;0
272;2
273;2
274;2
275;2
276;1
277;0
278;0
279;1
280;2
281;0
282;0
283;2
284;0
285;0
286;0
287;2
288;2
289;0
290;0
291;0
292;1
293;0
294;0
295;0
296;1
297;0
298;1
299;2
300;1
301;0
302;0
303;0
304;2
305;0
306;0
307;0
308;2
309;0
310;0
311;0
312;0
313;0
314;0
315;0
316;0
317;0
318;1
319;0
320;0
321;0
322;0
323;0
324;1
325;0
326;0
327;0
328;1
329;0
330;0
331;1
332;1
333;0
334;0
335;0
336;2
337;0
338;0
339;0
340;0
341;0
342;0
343;1
344;2
345;0
346;0
347;0
348;2
349;0
350;0
351;2
352;2
353;0
354;0
355;0
356;2
357;1
358;0
359;0
360;0
361;0
362;1
363;0
364;1
365;0
366;0
367;1
368;2
369;2
370;2
371;2
372;1
373;0
374;2
375;1
376;0
377;0
378;0
379;2
380;4
381;2
382;2
383;2
384;2
385;0
386;0
387;0
388;2
389;0
390;0
391;0
392;0
393;0
394;0
395;0
396;0
397;0
398;0
399;0
400;0
401;0
402;2
403;0
404;0
405;1
406;0
407;2
408;0
409;0
410;0
411;2
412;0
413;2
414;1
415;2
416;0
417;2
418;1
419;0
420;1
421;0
422;0
423;0
424;1
425;1
426;0
427;0
428;2
429;0
430;0
431;1
432;0
433;0
434;2
435;0
436;2
437;0
438;0
439;2
440;2
441;2
442;2
443;0
444;2
445;0
446;0
447;0
448;0
449;0
450;0
451;0
452;1
453;2
454;0
455;0
456;0
457;0
458;2
459;0
460;1
461;0
462;2
463;0
464;1
465;2
466;0
467;2
468;2
469;0
470;2
471;0
472;0
473;0
474;0
475;0
476;2
477;0
478;0
479;0
480;0
481;0
482;2
483;2
484;2
485;0
486;0
487;0
488;0
489;0
490;0
491;0
492;2
493;2
494;2
495;2
496;1
497;2
498;0
499;1
500;0
501;2
502;1
503;0
504;0
505;1
506;0
507;0
508;2
509;0
510;0
511;0
512;0
513;0
514;0
515;0
516;2
517;1
518;0
519;0
520;2
521;2
522;0
523;1
524;0
525;0
526;0
527;0
528;0
529;0
530;0
531;0
532;0
533;0
534;0
535;0
536;0
537;0
538;0
539;0
540;0
541;0
542;0
543;0
544;2
545;2
546;1
547;0
548;2
549;0
550;0
551;0
552;2
553;0
554;0
555;0
556;0
557;1
558;0
559;1
560;0
561;0
562;2
563;2
564;1
565;2
566;0
567;2
568;2
569;0
570;0
571;1
572;0
573;0
574;2
575;0
576;2
577;1
578;0
579;1
580;1
581;0
582;0
583;2
584;0
585;0
586;1
587;0
588;1
589;0
590;0
591;1
592;0
593;0
594;1
595;0
596;0
597;0
598;0
599;0
600;0
601;0
602;0
603;0
604;1
605;0
606;0
607;0
608;1
609;0
610;0
611;0
612;2
613;0
614;2
615;2
616;2
617;0
618;0
619;0
620;2
621;1
622;0
623;2
624;2
625;2
626;1
627;0
628;0
629;0
630;0
631;0
632;0
633;2
634;2
635;0
636;0
637;0
638;0
639;1
640;0
641;2
642;2
643;0
644;2
645;0
646;0
647;0
648;1
649;0
650;0
651;2
652;0
653;0
654;0
655;0
656;2
657;2
658;0
659;0
660;2
661;0
662;0
663;0
664;0
665;0
666;2
667;1
668;0
669;0
670;0
671;0
672;4
673;0
674;2
675;2
676;1
677;0
678;2
679;0
680;2
681;0
682;2
683;0
684;2
685;0
686;0
687;0
688;0
689;0
690;0
691;2
692;2
693;0
694;2
695;0
696;1
697;0
698;0
699;0
700;1
701;0
702;0
703;0
704;0
705;0
706;0
707;0
708;0
709;0
710;0
711;0
712;0
713;0
714;2
715;2
716;1
717;0
718;0
719;0
720;1
721;0
722;0
723;1
724;0
725;0
726;0
727;0
728;2
729;1
730;0
731;0
732;0
733;0
734;0
735;0
736;1
737;0
738;1
739;0
740;0
741;0
742;0
743;0
744;1
745;0
746;2
747;0
748;2
749;0
750;2
751;0
752;2
753;0
754;1
755;0
756;0
757;0
758;0
759;0
760;0
761;0
762;0
763;0
764;0
765;0
766;2
767;0
768;0
769;0
770;0
771;1
772;0
773;0
774;0
775;1
776;1
777;0
778;0
779;0
780;4
781;0
782;2
783;2
784;2
785;0
786;2
787;0
788;2
789;2
790;0
791;0
792;0
793;0
794;0
795;0
796;2
797;1
798;1
799;0
800;0
801;0
802;0
803;2
804;1
805;0
806;0
807;0
808;0
809;0
810;0
811;0
812;1
813;0
814;0
815;1
816;0
817;1
818;0
819;2
820;0
821;2
822;2
823;0
824;1
825;0
826;0
827;0
828;0
829;0
830;1
831;0
832;2
833;0
834;0
835;0
836;2
837;0
838;1
839;0
840;0
841;0
842;0
843;0
844;0
845;1
846;0
847;0
848;2
849;0
850;2
851;2
852;2
853;1
854;0
855;2
856;1
857;0
858;2
859;0
860;2
861;2
862;0
863;2
864;0
865;0
866;0
867;0
868;0
869;0
870;0
871;0
872;1
873;0
874;1
875;0
876;2
877;1
878;0
879;0
880;1
881;0
882;0
883;0
884;0
885;0
886;1
887;0
888;0
889;0
890;0
891;0
892;2
893;0
894;0
895;2
896;1
897;0
898;2
899;2
900;2
901;0
902;2
903;1
904;0
905;0
906;0
907;0
908;2
909;1
910;0
911;0
912;2
913;0
914;0
915;0
916;1
917;0
918;0
919;0
920;0
921;2
922;0
923;2
924;2
925;0
926;2
927;2
928;2
929;0
930;0
931;1
932;0
933;2
934;0
935;0
936;2
937;0
938;0
939;0
940;0
941;0
942;0
943;0
944;1
945;0
946;1
947;0
948;2
949;2
950;1
951;0
952;0
953;0
954;0
955;0
956;2
957;1
958;2
959;0
960;2
961;0
962;0
963;0
964;0
965;1
966;0
967;2
968;1
969;0
970;0
971;2
972;2
973;0
974;0
975;2
976;4
977;0
978;2
979;1
980;0
981;0
982;0
983;0
984;2
985;0
986;0
987;0
988;2
989;0
990;0
991;0
992;0
993;1
994;0
995;0
996;2
997;0
998;0
999;0
1000;1
1001;1
1002;0
1003;0
1004;0
1005;2
1006;0
1007;0
1008;0
1009;0
1010;2
1011;0
1012;1
1013;0
1014;0
1015;1
1016;0
1017;0
1018;0
1019;0
1020;0
1021;0
1022;0
1023;0
