0;1
1;0
2;0
3;2
4;2
5;0
6;2
7;2
8;0
9;0
10;2
11;0
12;2
13;0
14;2
15;1
16;0
17;0
18;0
19;1
20;0
21;1
22;1
23;0
24;1
25;0
26;0
27;0
28;2
29;0
30;0
31;0
32;2
33;0
34;0
35;0
36;0
37;0
38;0
39;0
40;0
41;0
42;0
43;1
44;0
45;0
46;0
47;0
48;0
49;0
50;2
51;0
52;0
53;2
54;0
55;0
56;0
57;2
58;0
59;0
60;1
61;0
62;0
63;0
64;2
65;0
66;0
67;2
68;2
69;0
70;0
71;0
72;1
73;0
74;1
75;0
76;2
77;0
78;0
79;0
80;2
81;0
82;0
83;0
84;0
85;1
86;0
87;1
88;0
89;0
90;2
91;0
92;1
93;0
94;0
95;0
96;0
97;1
98;0
99;2
100;0
101;1
102;0
103;0
104;1
105;0
106;0
107;0
108;0
109;0
110;0
111;1
112;0
113;0
114;0
115;0
116;0
117;1
118;0
119;0
120;0
121;0
122;0
123;0
124;0
125;2
126;0
127;2
128;1
129;0
130;0
131;0
132;0
133;0
134;0
135;0
136;0
137;0
138;2
139;0
140;0
141;0
142;0
143;0
144;2
145;1
146;0
147;0
148;2
149;2
150;0
151;0
152;2
153;0
154;2
155;0
156;0
157;0
158;0
159;0
160;0
161;0
162;2
163;2
164;1
165;0
166;0
167;2
168;2
169;2
170;2
171;0
172;1
173;0
174;2
175;0
176;2
177;1
178;0
179;2
180;1
181;0
182;1
183;0
184;0
185;0
186;2
187;1
188;1
189;0
190;0
191;2
192;2
193;1
194;0
195;1
196;0
197;0
198;0
199;0
200;0
201;0
202;2
203;2
204;2
205;0
206;0
207;0
208;2
209;0
210;1
211;0
212;0
213;0
214;0
215;0
216;1
217;0
218;0
219;0
220;1
221;0
222;2
223;2
224;1
225;0
226;0
227;1
228;0
229;0
230;0
231;0
232;0
233;2
234;2
235;1
236;0
237;0
238;1
239;0
240;0
241;0
242;2
243;2
244;1
245;0
246;0
247;0
248;2
249;0
250;1
251;0
252;2
253;2
254;0
255;0
256;0
257;0
258;0
259;1
260;0
261;0
262;0
263;0
264;0
265;0
266;0
267;1
268;2
269;0
270;0
271;2
272;0
273;0
274;0
275;0
276;0
277;2
278;0
279;0
280;0
281;0
282;0
283;0
284;0
285;0
286;0
287;0
288;1
289;0
290;1
291;0
292;0
293;1
294;0
295;0
296;0
297;0
298;2
299;1
300;1
301;2
302;0
303;0
304;0
305;0
306;0
307;1
308;0
309;0
310;0
311;0
312;0
313;0
314;0
315;0
316;0
317;2
318;0
319;0
320;1
321;0
322;0
323;0
324;0
325;0
326;0
327;0
328;0
329;0
330;0
331;2
332;1
333;0
334;0
335;1
336;0
337;1
338;0
339;2
340;0
341;0
342;0
343;1
344;0
345;0
346;0
347;1
348;0
349;0
350;2
351;0
352;1
353;2
354;0
355;0
356;0
357;0
358;0
359;2
360;0
361;0
362;2
363;2
364;0
365;0
366;0
367;0
368;0
369;0
370;0
371;0
372;0
373;1
374;0
375;2
376;1
377;0
378;0
379;0
380;0
381;1
382;1
383;0
384;0
385;0
386;0
387;0
388;0
389;2
390;1
391;0
392;2
393;0
394;2
395;0
396;2
397;2
398;2
399;0
400;0
401;0
402;0
403;0
404;2
405;0
406;0
407;1
408;0
409;0
410;1
411;0
412;0
413;2
414;0
415;0
416;1
417;2
418;0
419;0
420;1
421;0
422;1
423;0
424;1
425;0
426;0
427;2
428;2
429;0
430;2
431;2
432;2
433;0
434;2
435;0
436;0
437;0
438;1
439;0
440;0
441;0
442;0
443;1
444;0
445;2
446;0
447;0
448;0
449;0
450;0
451;0
452;1
453;1
454;0
455;0
456;2
457;1
458;2
459;0
460;2
461;0
462;0
463;2
464;0
465;0
466;0
467;2
468;0
469;0
470;2
471;0
472;1
473;0
474;2
475;1
476;1
477;0
478;2
479;0
480;1
481;2
482;1
483;2
484;1
485;0
486;0
487;1
488;0
489;1
490;2
491;2
492;1
493;1
494;0
495;1
496;0
497;2
498;2
499;2
500;1
501;0
502;0
503;0
504;0
505;1
506;1
507;0
508;2
509;0
510;2
511;0
512;2
513;0
514;0
515;0
516;1
517;0
518;0
519;0
520;1
521;0
522;0
523;2
524;2
525;0
526;0
527;1
528;0
529;0
530;2
531;1
532;0
533;0
534;0
535;2
536;1
537;1
538;0
539;0
540;0
541;0
542;0
543;0
544;1
545;1
546;2
547;0
548;0
549;0
550;0
551;0
552;0
553;2
554;0
555;0
556;2
557;2
558;2
559;2
560;1
561;0
562;0
563;0
564;0
565;0
566;0
567;0
568;1
569;0
570;0
571;0
572;0
573;1
574;0
575;0
576;0
577;0
578;1
579;0
580;0
581;0
582;0
583;2
584;1
585;0
586;0
587;0
588;0
589;2
590;1
591;0
592;1
593;0
594;0
595;1
596;0
597;0
598;2
599;0
600;2
601;0
602;0
603;0
604;0
605;0
606;0
607;0
608;0
609;0
610;0
611;0
612;0
613;0
614;2
615;0
616;2
617;0
618;0
619;0
620;2
621;2
622;2
623;2
624;0
625;0
626;0
627;0
628;0
629;0
630;0
631;0
632;1
633;0
634;1
635;0
636;0
637;0
638;0
639;1
640;0
641;0
642;0
643;1
644;0
645;0
646;0
647;1
648;0
649;1
650;0
651;1
652;0
653;0
654;0
655;0
656;0
657;0
658;2
659;0
660;0
661;0
662;0
663;0
664;0
665;1
666;1
667;0
668;1
669;0
670;2
671;0
672;0
673;0
674;0
675;0
676;2
677;0
678;0
679;1
680;0
681;2
682;2
683;0
684;0
685;0
686;0
687;0
688;0
689;0
690;0
691;0
692;0
693;0
694;1
695;0
696;0
697;0
698;2
699;0
700;2
701;0
702;2
703;1
704;0
705;0
706;0
707;0
708;2
709;0
710;0
711;2
712;1
713;0
714;0
715;2
716;4
717;0
718;0
719;0
720;0
721;2
722;2
723;2
724;1
725;0
726;1
727;0
728;2
729;0
730;2
731;0
732;0
733;0
734;0
735;0
736;1
737;0
738;0
739;0
740;1
741;0
742;0
743;0
744;0
745;0
746;2
747;2
748;0
749;0
750;0
751;1
752;0
753;0
754;0
755;1
756;0
757;0
758;2
759;0
760;2
761;2
762;0
763;2
764;2
765;0
766;2
767;0
768;2
769;0
770;0
771;0
772;0
773;0
774;0
775;0
776;0
777;1
778;2
779;2
780;0
781;0
782;0
783;0
784;1
785;0
786;1
787;2
788;1
789;0
790;0
791;1
792;0
793;0
794;0
795;2
796;0
797;1
798;0
799;0
800;0
801;0
802;0
803;2
804;0
805;0
806;0
807;2
808;1
809;0
810;0
811;1
812;0
813;1
814;0
815;0
816;0
817;0
818;0
819;1
820;0
821;0
822;2
823;2
824;0
825;0
826;0
827;2
828;2
829;2
830;2
831;2
832;2
833;0
834;0
835;2
836;2
837;0
838;0
839;0
840;0
841;0
842;2
843;0
844;0
845;0
846;0
847;0
848;2
849;2
850;0
851;0
852;0
853;0
854;0
855;1
856;0
857;0
858;0
859;2
860;2
861;0
862;0
863;2
864;0
865;0
866;0
867;0
868;0
869;0
870;0
871;0
872;0
873;1
874;1
875;0
876;0
877;0
878;0
879;0
880;1
881;0
882;0
883;0
884;1
885;2
886;0
887;0
888;0
889;2
890;2
891;0
892;2
893;0
894;0
895;1
896;0
897;2
898;0
899;0
900;2
901;1
902;0
903;1
904;0
905;0
906;0
907;0
908;0
909;0
910;0
911;0
912;0
913;0
914;0
915;1
916;0
917;0
918;0
919;2
920;0
921;1
922;0
923;0
924;0
925;0
926;0
927;0
928;2
929;0
930;2
931;1
932;0
933;0
934;0
935;0
936;1
937;0
938;0
939;0
940;0
941;0
942;0
943;0
944;2
945;0
946;2
947;0
948;0
949;0
950;0
951;0
952;0
953;0
954;2
955;2
956;0
957;2
958;2
959;0
960;0
961;1
962;0
963;0
964;2
965;0
966;2
967;2
968;2
969;1
970;0
971;0
972;2
973;1
974;0
975;2
976;2
977;0
978;0
979;0
980;0
981;1
982;0
983;2
984;0
985;1
986;1
987;0
988;0
989;0
990;0
991;0
992;2
993;0
994;0
995;1
996;0
997;0
998;0
999;0
1000;0
1001;0
1002;0
1003;0
1004;0
1005;0
1006;0
1007;0
1008;1
1009;0
1010;0
1011;0
1012;0
1013;1
1014;1
1015;0
1016;0
1017;0
1018;0
1019;0
1020;0
1021;0
1022;0
1023;0
