0;2
1;0
2;0
3;1
4;1
5;2
6;0
7;2
8;2
9;1
10;2
11;0
12;1
13;0
14;2
15;0
16;0
17;2
18;2
19;0
20;0
21;2
22;0
23;2
24;2
25;0
26;0
27;0
28;2
29;0
30;0
31;0
32;2
33;0
34;2
35;0
36;2
37;1
38;0
39;0
40;1
41;0
42;1
43;0
44;2
45;0
46;1
47;0
48;0
49;2
50;0
51;0
52;0
53;0
54;0
55;0
56;0
57;0
58;0
59;0
60;1
61;0
62;0
63;2
64;0
65;0
66;0
67;0
68;0
69;0
70;0
71;0
72;0
73;0
74;0
75;2
76;1
77;0
78;0
79;2
80;2
81;0
82;0
83;2
84;2
85;0
86;2
87;0
88;0
89;0
90;0
91;0
92;0
93;1
94;0
95;0
96;2
97;0
98;0
99;0
100;1
101;0
102;2
103;0
104;1
105;0
106;0
107;0
108;0
109;2
110;1
111;0
112;2
113;0
114;0
115;1
116;0
117;0
118;0
119;0
120;0
121;2
122;2
123;1
124;0
125;2
126;0
127;0
128;0
129;2
130;2
131;2
132;2
133;0
134;0
135;0
136;0
137;0
138;2
139;2
140;2
141;0
142;0
143;0
144;0
145;0
146;0
147;0
148;1
149;2
150;0
151;0
152;2
153;0
154;0
155;2
156;0
157;0
158;2
159;0
160;1
161;0
162;1
163;0
164;2
165;0
166;1
167;1
168;0
169;0
170;0
171;0
172;1
173;0
174;0
175;0
176;0
177;0
178;2
179;2
180;2
181;2
182;1
183;0
184;4
185;2
186;2
187;2
188;2
189;0
190;1
191;0
192;1
193;0
194;0
195;0
196;1
197;0
198;2
199;0
200;1
201;0
202;1
203;0
204;2
205;0
206;0
207;0
208;0
209;0
210;2
211;0
212;0
213;0
214;1
215;0
216;0
217;0
218;0
219;0
220;2
221;0
222;0
223;0
224;0
225;2
226;0
227;0
228;0
229;0
230;0
231;0
232;2
233;2
234;0
235;0
236;1
237;2
238;0
239;0
240;0
241;1
242;1
243;0
244;0
245;0
246;1
247;0
248;1
249;0
250;0
251;0
252;1
253;0
254;2
255;2
256;2
257;0
258;0
259;0
260;1
261;2
262;0
263;2
264;0
265;0
266;1
267;2
268;2
269;0
270;0
271;0
272;0
273;0
274;0
275;2
276;2
277;2
278;1
279;0
280;2
281;2
282;0
283;0
284;1
285;0
286;1
287;0
288;2
289;0
290;0
291;0
292;0
293;0
294;0
295;0
296;0
297;0
298;1
299;1
300;0
301;1
302;0
303;0
304;0
305;0
306;0
307;0
308;1
309;0
310;0
311;2
312;1
313;0
314;1
315;0
316;1
317;0
318;0
319;0
320;0
321;1
322;0
323;0
324;0
325;1
326;0
327;2
328;0
329;0
330;2
331;2
332;2
333;2
334;0
335;2
336;1
337;0
338;0
339;0
340;2
341;1
342;1
343;0
344;2
345;0
346;2
347;2
348;0
349;0
350;0
351;2
352;0
353;1
354;2
355;2
356;1
357;2
358;1
359;2
360;0
361;0
362;0
363;0
364;1
365;2
366;0
367;0
368;0
369;0
370;1
371;0
372;2
373;2
374;2
375;2
376;0
377;0
378;0
379;0
380;0
381;0
382;0
383;0
384;0
385;0
386;2
387;1
388;0
389;0
390;2
391;0
392;1
393;0
394;0
395;0
396;2
397;2
398;0
399;0
400;1
401;0
402;0
403;2
404;1
405;0
406;0
407;0
408;0
409;0
410;2
411;2
412;2
413;0
414;0
415;2
416;4
417;0
418;1
419;0
420;0
421;0
422;1
423;0
424;2
425;0
426;2
427;0
428;2
429;1
430;0
431;2
432;2
433;0
434;0
435;0
436;2
437;2
438;0
439;2
440;2
441;0
442;0
443;0
444;0
445;0
446;0
447;0
448;0
449;2
450;0
451;0
452;0
453;0
454;0
455;2
456;1
457;0
458;0
459;0
460;0
461;0
462;0
463;0
464;1
465;0
466;0
467;1
468;0
469;0
470;0
471;0
472;1
473;2
474;2
475;2
476;2
477;0
478;0
479;0
480;1
481;0
482;0
483;0
484;0
485;0
486;1
487;0
488;2
489;0
490;1
491;0
492;2
493;0
494;2
495;0
496;1
497;0
498;0
499;0
500;1
501;1
502;0
503;0
504;0
505;0
506;1
507;2
508;0
509;0
510;0
511;0
512;1
513;0
514;2
515;0
516;2
517;0
518;0
519;0
520;0
521;1
522;0
523;2
524;1
525;2
526;0
527;2
528;0
529;0
530;0
531;0
532;2
533;0
534;0
535;0
536;0
537;0
538;0
539;0
540;1
541;0
542;1
543;1
544;0
545;1
546;0
547;0
548;1
549;0
550;2
551;0
552;0
553;0
554;0
555;2
556;1
557;0
558;0
559;2
560;0
561;0
562;2
563;1
564;0
565;1
566;0
567;0
568;0
569;0
570;2
571;1
572;0
573;0
574;1
575;0
576;0
577;2
578;2
579;1
580;0
581;0
582;1
583;0
584;0
585;0
586;0
587;0
588;2
589;0
590;0
591;2
592;2
593;2
594;0
595;0
596;0
597;0
598;2
599;0
600;0
601;0
602;0
603;0
604;0
605;0
606;0
607;1
608;0
609;0
610;0
611;0
612;2
613;0
614;2
615;2
616;2
617;0
618;0
619;0
620;1
621;2
622;0
623;0
624;0
625;0
626;1
627;0
628;2
629;0
630;1
631;0
632;2
633;0
634;0
635;0
636;2
637;0
638;1
639;0
640;0
641;0
642;1
643;0
644;0
645;0
646;2
647;2
648;2
649;2
650;0
651;0
652;2
653;1
654;0
655;0
656;1
657;1
658;0
659;2
660;0
661;1
662;0
663;0
664;0
665;0
666;0
667;0
668;2
669;0
670;0
671;2
672;0
673;0
674;0
675;0
676;0
677;2
678;1
679;0
680;1
681;0
682;2
683;0
684;2
685;0
686;0
687;0
688;0
689;0
690;0
691;2
692;0
693;0
694;0
695;0
696;0
697;0
698;0
699;0
700;1
701;0
702;1
703;2
704;1
705;0
706;0
707;0
708;0
709;0
710;0
711;1
712;0
713;1
714;0
715;0
716;0
717;0
718;0
719;0
720;2
721;0
722;0
723;0
724;1
725;0
726;1
727;0
728;0
729;0
730;0
731;0
732;0
733;0
734;0
735;0
736;0
737;0
738;0
739;0
740;0
741;0
742;0
743;0
744;2
745;0
746;0
747;2
748;0
749;2
750;0
751;0
752;1
753;0
754;0
755;0
756;1
757;0
758;2
759;0
760;0
761;0
762;1
763;0
764;0
765;2
766;0
767;0
768;0
769;0
770;0
771;0
772;0
773;0
774;0
775;2
776;0
777;0
778;2
779;0
780;0
781;2
782;2
783;2
784;0
785;0
786;1
787;0
788;1
789;0
790;0
791;2
792;2
793;0
794;1
795;2
796;0
797;0
798;0
799;0
800;1
801;0
802;0
803;0
804;2
805;2
806;2
807;0
808;2
809;1
810;0
811;1
812;0
813;1
814;0
815;0
816;0
817;0
818;0
819;0
820;0
821;0
822;0
823;0
824;0
825;0
826;0
827;0
828;0
829;2
830;2
831;0
832;1
833;1
834;0
835;0
836;2
837;0
838;0
839;0
840;0
841;0
842;0
843;0
844;2
845;2
846;2
847;2
848;2
849;0
850;1
851;0
852;0
853;2
854;1
855;2
856;1
857;0
858;1
859;1
860;2
861;0
862;0
863;0
864;4
865;2
866;1
867;0
868;2
869;0
870;1
871;0
872;1
873;0
874;0
875;0
876;0
877;2
878;2
879;0
880;1
881;0
882;0
883;0
884;1
885;1
886;0
887;0
888;0
889;0
890;0
891;0
892;0
893;2
894;1
895;0
896;0
897;0
898;0
899;0
900;2
901;0
902;1
903;0
904;0
905;0
906;0
907;2
908;1
909;0
910;2
911;2
912;2
913;0
914;2
915;0
916;0
917;2
918;2
919;2
920;2
921;2
922;0
923;1
924;0
925;0
926;0
927;0
928;0
929;0
930;0
931;0
932;0
933;0
934;0
935;0
936;1
937;2
938;0
939;0
940;2
941;2
942;2
943;0
944;2
945;0
946;0
947;0
948;0
949;0
950;1
951;0
952;2
953;0
954;2
955;1
956;1
957;2
958;0
959;1
960;0
961;0
962;0
963;0
964;2
965;2
966;1
967;0
968;2
969;0
970;0
971;0
972;0
973;0
974;0
975;0
976;0
977;0
978;1
979;0
980;0
981;1
982;0
983;0
984;0
985;0
986;2
987;1
988;0
989;0
990;1
991;0
992;0
993;0
994;0
995;0
996;2
997;0
998;2
999;0
1000;1
1001;0
1002;0
1003;0
1004;0
1005;0
1006;0
1007;0
1008;0
1009;0
1010;0
1011;2
1012;0
1013;0
1014;0
1015;0
1016;0
1017;0
1018;0
1019;0
1020;0
1021;0
1022;0
1023;0
