0;1
1;0
2;0
3;2
4;1
5;0
6;2
7;0
8;2
9;0
10;2
11;0
12;2
13;0
14;0
15;0
16;1
17;2
18;1
19;0
20;0
21;2
22;0
23;0
24;1
25;0
26;0
27;2
28;2
29;0
30;0
31;2
32;0
33;0
34;0
35;0
36;0
37;0
38;2
39;2
40;1
41;0
42;0
43;2
44;4
45;0
46;2
47;2
48;1
49;0
50;0
51;0
52;2
53;0
54;0
55;0
56;0
57;0
58;1
59;0
60;1
61;0
62;0
63;2
64;2
65;0
66;2
67;2
68;2
69;0
70;0
71;0
72;2
73;0
74;0
75;2
76;0
77;0
78;2
79;0
80;0
81;0
82;2
83;2
84;1
85;0
86;0
87;0
88;0
89;0
90;0
91;0
92;0
93;0
94;2
95;1
96;1
97;2
98;0
99;0
100;0
101;2
102;2
103;2
104;2
105;0
106;0
107;0
108;0
109;0
110;0
111;0
112;0
113;0
114;1
115;0
116;0
117;0
118;0
119;0
120;0
121;0
122;0
123;0
124;0
125;0
126;0
127;1
128;0
129;0
130;0
131;0
132;0
133;0
134;1
135;0
136;0
137;0
138;0
139;0
140;2
141;0
142;2
143;0
144;2
145;0
146;0
147;0
148;0
149;2
150;2
151;2
152;1
153;0
154;2
155;0
156;0
157;0
158;0
159;1
160;0
161;0
162;2
163;0
164;0
165;0
166;2
167;2
168;1
169;0
170;0
171;0
172;4
173;0
174;2
175;2
176;0
177;0
178;2
179;0
180;1
181;1
182;0
183;0
184;1
185;0
186;0
187;0
188;0
189;0
190;0
191;2
192;0
193;0
194;0
195;2
196;1
197;0
198;0
199;0
200;0
201;1
202;0
203;0
204;0
205;0
206;0
207;0
208;2
209;2
210;2
211;2
212;0
213;0
214;2
215;2
216;0
217;0
218;0
219;0
220;0
221;0
222;0
223;0
224;0
225;0
226;0
227;0
228;0
229;0
230;0
231;2
232;1
233;2
234;2
235;2
236;0
237;0
238;2
239;0
240;2
241;2
242;2
243;2
244;0
245;2
246;0
247;2
248;0
249;0
250;0
251;0
252;0
253;0
254;0
255;0
256;0
257;2
258;0
259;2
260;2
261;2
262;2
263;2
264;0
265;2
266;2
267;2
268;1
269;0
270;0
271;0
272;1
273;0
274;2
275;1
276;0
277;0
278;0
279;0
280;1
281;0
282;1
283;0
284;1
285;0
286;0
287;0
288;0
289;1
290;0
291;0
292;2
293;0
294;0
295;0
296;2
297;0
298;0
299;0
300;0
301;0
302;2
303;2
304;0
305;0
306;0
307;2
308;2
309;0
310;2
311;2
312;2
313;0
314;2
315;2
316;2
317;0
318;0
319;0
320;0
321;0
322;0
323;0
324;0
325;0
326;0
327;0
328;2
329;0
330;0
331;0
332;0
333;0
334;0
335;0
336;0
337;1
338;1
339;0
340;0
341;0
342;0
343;0
344;0
345;0
346;0
347;0
348;1
349;0
350;2
351;1
352;2
353;0
354;0
355;1
356;2
357;0
358;0
359;0
360;0
361;0
362;0
363;0
364;2
365;0
366;0
367;1
368;0
369;0
370;0
371;0
372;2
373;0
374;0
375;0
376;0
377;0
378;0
379;0
380;0
381;0
382;0
383;0
384;4
385;2
386;0
387;0
388;0
389;2
390;2
391;2
392;1
393;0
394;0
395;0
396;2
397;1
398;0
399;0
400;0
401;2
402;0
403;0
404;0
405;0
406;2
407;0
408;0
409;0
410;2
411;2
412;0
413;1
414;0
415;0
416;0
417;0
418;2
419;2
420;0
421;0
422;0
423;2
424;0
425;0
426;2
427;2
428;2
429;0
430;2
431;0
432;0
433;1
434;0
435;0
436;2
437;0
438;0
439;2
440;0
441;0
442;2
443;0
444;2
445;0
446;1
447;0
448;0
449;2
450;2
451;0
452;0
453;0
454;2
455;0
456;2
457;0
458;0
459;0
460;1
461;2
462;0
463;0
464;0
465;0
466;1
467;0
468;1
469;0
470;2
471;0
472;2
473;0
474;0
475;2
476;2
477;0
478;0
479;0
480;0
481;0
482;0
483;0
484;0
485;0
486;0
487;0
488;1
489;2
490;2
491;2
492;2
493;0
494;0
495;0
496;2
497;0
498;2
499;0
500;0
501;0
502;0
503;2
504;0
505;0
506;0
507;2
508;2
509;0
510;2
511;1
512;2
513;0
514;0
515;0
516;0
517;0
518;0
519;0
520;0
521;0
522;0
523;0
524;0
525;0
526;2
527;0
528;0
529;0
530;0
531;0
532;0
533;0
534;0
535;0
536;0
537;0
538;0
539;1
540;0
541;0
542;1
543;0
544;0
545;0
546;2
547;2
548;2
549;2
550;0
551;0
552;0
553;0
554;0
555;1
556;0
557;0
558;0
559;0
560;0
561;0
562;2
563;2
564;0
565;0
566;0
567;0
568;0
569;0
570;0
571;0
572;2
573;2
574;1
575;2
576;1
577;2
578;0
579;0
580;2
581;0
582;2
583;0
584;0
585;2
586;0
587;1
588;0
589;0
590;0
591;0
592;0
593;0
594;0
595;0
596;1
597;0
598;2
599;0
600;0
601;1
602;0
603;2
604;0
605;0
606;0
607;0
608;2
609;0
610;0
611;0
612;2
613;0
614;0
615;2
616;0
617;0
618;0
619;0
620;0
621;0
622;0
623;0
624;0
625;2
626;2
627;0
628;0
629;0
630;0
631;2
632;2
633;0
634;0
635;2
636;2
637;0
638;0
639;0
640;0
641;1
642;1
643;0
644;0
645;0
646;0
647;1
648;0
649;0
650;0
651;2
652;4
653;0
654;1
655;2
656;2
657;0
658;2
659;0
660;2
661;0
662;0
663;0
664;0
665;0
666;2
667;2
668;1
669;0
670;0
671;2
672;2
673;0
674;2
675;2
676;2
677;2
678;2
679;0
680;2
681;0
682;0
683;2
684;0
685;0
686;0
687;0
688;2
689;2
690;2
691;2
692;2
693;0
694;0
695;0
696;0
697;0
698;0
699;2
700;0
701;0
702;2
703;0
704;0
705;0
706;0
707;0
708;2
709;0
710;0
711;0
712;0
713;0
714;0
715;0
716;2
717;0
718;0
719;0
720;1
721;0
722;0
723;0
724;0
725;1
726;0
727;2
728;2
729;0
730;0
731;0
732;0
733;0
734;0
735;0
736;1
737;0
738;2
739;2
740;1
741;0
742;0
743;2
744;4
745;0
746;2
747;2
748;2
749;0
750;2
751;0
752;1
753;0
754;0
755;0
756;0
757;0
758;0
759;0
760;0
761;0
762;2
763;2
764;2
765;0
766;0
767;0
768;0
769;0
770;0
771;2
772;2
773;1
774;0
775;0
776;1
777;0
778;0
779;0
780;1
781;0
782;0
783;0
784;2
785;0
786;0
787;0
788;0
789;0
790;0
791;1
792;0
793;0
794;2
795;2
796;2
797;2
798;0
799;0
800;0
801;0
802;0
803;0
804;2
805;1
806;1
807;0
808;0
809;2
810;0
811;2
812;1
813;0
814;0
815;0
816;0
817;0
818;0
819;0
820;0
821;0
822;0
823;0
824;0
825;0
826;0
827;0
828;0
829;0
830;2
831;2
832;1
833;0
834;0
835;0
836;0
837;2
838;2
839;2
840;1
841;0
842;0
843;0
844;0
845;0
846;0
847;0
848;0
849;0
850;0
851;0
852;0
853;1
854;0
855;0
856;0
857;2
858;2
859;0
860;2
861;0
862;2
863;0
864;1
865;0
866;0
867;2
868;4
869;0
870;2
871;2
872;2
873;0
874;0
875;0
876;1
877;0
878;0
879;2
880;1
881;0
882;0
883;0
884;0
885;1
886;0
887;2
888;2
889;2
890;0
891;0
892;0
893;0
894;0
895;0
896;0
897;0
898;1
899;0
900;2
901;0
902;0
903;0
904;2
905;0
906;0
907;0
908;0
909;0
910;1
911;0
912;0
913;0
914;0
915;0
916;1
917;0
918;0
919;0
920;2
921;2
922;2
923;1
924;0
925;0
926;0
927;0
928;1
929;0
930;0
931;0
932;0
933;2
934;0
935;0
936;0
937;0
938;0
939;2
940;0
941;0
942;2
943;2
944;2
945;2
946;0
947;0
948;2
949;0
950;0
951;1
952;0
953;0
954;0
955;0
956;0
957;0
958;1
959;0
960;2
961;2
962;1
963;0
964;1
965;0
966;0
967;0
968;2
969;1
970;2
971;0
972;1
973;1
974;0
975;0
976;1
977;2
978;2
979;2
980;2
981;1
982;0
983;0
984;0
985;0
986;1
987;0
988;1
989;0
990;1
991;2
992;1
993;0
994;0
995;2
996;4
997;0
998;2
999;2
1000;2
1001;0
1002;2
1003;0
1004;1
1005;0
1006;0
1007;0
1008;0
1009;0
1010;1
1011;0
1012;0
1013;0
1014;0
1015;0
1016;0
1017;0
1018;0
1019;0
1020;0
1021;0
1022;0
1023;0
