0;0
1;0
2;0
3;0
4;0
5;0
6;2
7;2
8;2
9;0
10;2
11;0
12;2
13;0
14;0
15;0
16;0
17;1
18;0
19;2
20;2
21;2
22;1
23;0
24;0
25;1
26;1
27;2
28;2
29;0
30;0
31;2
32;0
33;0
34;1
35;0
36;0
37;0
38;0
39;1
40;0
41;0
42;0
43;0
44;2
45;0
46;0
47;1
48;0
49;0
50;0
51;0
52;0
53;0
54;0
55;0
56;0
57;0
58;1
59;2
60;1
61;1
62;0
63;0
64;0
65;2
66;0
67;2
68;0
69;2
70;0
71;0
72;0
73;0
74;0
75;0
76;0
77;0
78;0
79;0
80;2
81;0
82;2
83;0
84;1
85;2
86;0
87;0
88;0
89;1
90;0
91;2
92;2
93;0
94;0
95;2
96;2
97;0
98;0
99;1
100;0
101;0
102;1
103;0
104;0
105;0
106;1
107;0
108;1
109;0
110;0
111;2
112;1
113;0
114;2
115;2
116;1
117;0
118;2
119;0
120;1
121;2
122;0
123;0
124;1
125;2
126;0
127;0
128;1
129;0
130;0
131;0
132;0
133;0
134;0
135;2
136;2
137;1
138;1
139;0
140;1
141;0
142;0
143;0
144;2
145;0
146;2
147;0
148;2
149;0
150;0
151;0
152;0
153;2
154;2
155;2
156;1
157;0
158;2
159;0
160;0
161;0
162;0
163;0
164;0
165;0
166;1
167;2
168;1
169;0
170;0
171;2
172;2
173;0
174;2
175;2
176;0
177;0
178;2
179;0
180;2
181;1
182;0
183;1
184;0
185;2
186;1
187;0
188;0
189;0
190;0
191;0
192;0
193;0
194;0
195;0
196;0
197;0
198;0
199;0
200;1
201;0
202;1
203;0
204;1
205;0
206;0
207;2
208;1
209;0
210;1
211;2
212;2
213;0
214;2
215;0
216;1
217;0
218;0
219;0
220;0
221;0
222;0
223;0
224;0
225;0
226;0
227;1
228;0
229;0
230;0
231;0
232;2
233;1
234;2
235;2
236;2
237;0
238;0
239;2
240;0
241;0
242;0
243;0
244;0
245;0
246;0
247;1
248;0
249;0
250;0
251;2
252;1
253;0
254;0
255;0
256;0
257;2
258;1
259;0
260;0
261;0
262;0
263;0
264;0
265;0
266;0
267;0
268;0
269;1
270;0
271;0
272;2
273;2
274;0
275;2
276;0
277;0
278;0
279;2
280;0
281;0
282;0
283;0
284;1
285;0
286;0
287;1
288;0
289;2
290;0
291;0
292;0
293;2
294;1
295;0
296;1
297;0
298;0
299;0
300;1
301;1
302;0
303;0
304;0
305;0
306;0
307;2
308;1
309;0
310;0
311;2
312;2
313;0
314;0
315;2
316;2
317;0
318;2
319;0
320;2
321;0
322;0
323;0
324;2
325;0
326;0
327;2
328;0
329;0
330;0
331;2
332;1
333;0
334;2
335;0
336;1
337;0
338;0
339;0
340;0
341;1
342;0
343;2
344;0
345;0
346;0
347;0
348;0
349;1
350;0
351;0
352;0
353;0
354;0
355;1
356;2
357;0
358;0
359;0
360;1
361;0
362;0
363;2
364;1
365;0
366;0
367;0
368;1
369;0
370;0
371;2
372;2
373;0
374;2
375;2
376;2
377;0
378;0
379;0
380;2
381;0
382;0
383;0
384;0
385;0
386;0
387;0
388;0
389;0
390;0
391;1
392;0
393;0
394;1
395;0
396;0
397;0
398;0
399;0
400;0
401;2
402;2
403;0
404;1
405;0
406;1
407;0
408;0
409;1
410;0
411;0
412;1
413;0
414;0
415;0
416;1
417;0
418;0
419;0
420;1
421;0
422;0
423;2
424;2
425;2
426;1
427;0
428;0
429;0
430;2
431;0
432;1
433;1
434;0
435;2
436;2
437;0
438;0
439;1
440;0
441;0
442;0
443;1
444;0
445;0
446;0
447;0
448;0
449;0
450;2
451;2
452;2
453;2
454;0
455;1
456;0
457;0
458;2
459;0
460;2
461;0
462;1
463;0
464;1
465;2
466;0
467;0
468;0
469;0
470;0
471;2
472;1
473;0
474;0
475;2
476;1
477;0
478;0
479;2
480;4
481;0
482;1
483;0
484;2
485;2
486;2
487;0
488;2
489;0
490;2
491;0
492;2
493;1
494;0
495;0
496;2
497;0
498;0
499;2
500;0
501;0
502;0
503;0
504;1
505;0
506;1
507;0
508;0
509;0
510;2
511;2
512;0
513;0
514;0
515;1
516;0
517;0
518;0
519;0
520;1
521;0
522;2
523;2
524;2
525;2
526;0
527;1
528;0
529;2
530;0
531;0
532;0
533;2
534;0
535;1
536;0
537;0
538;0
539;0
540;0
541;0
542;0
543;2
544;2
545;2
546;1
547;0
548;0
549;2
550;0
551;0
552;0
553;2
554;0
555;0
556;0
557;0
558;0
559;2
560;0
561;0
562;0
563;2
564;1
565;0
566;0
567;2
568;2
569;2
570;2
571;2
572;2
573;0
574;2
575;0
576;0
577;1
578;0
579;0
580;1
581;0
582;0
583;0
584;2
585;0
586;1
587;0
588;2
589;2
590;1
591;0
592;2
593;1
594;0
595;0
596;0
597;0
598;0
599;0
600;0
601;0
602;0
603;2
604;2
605;0
606;2
607;1
608;0
609;0
610;0
611;2
612;1
613;0
614;0
615;0
616;0
617;0
618;0
619;2
620;0
621;0
622;0
623;0
624;0
625;0
626;0
627;2
628;2
629;2
630;0
631;0
632;0
633;0
634;0
635;1
636;0
637;0
638;0
639;0
640;2
641;0
642;0
643;2
644;0
645;0
646;1
647;0
648;0
649;0
650;0
651;1
652;0
653;2
654;2
655;0
656;1
657;0
658;0
659;1
660;2
661;0
662;0
663;1
664;2
665;0
666;2
667;0
668;0
669;2
670;0
671;0
672;0
673;2
674;2
675;2
676;2
677;0
678;0
679;0
680;2
681;2
682;2
683;0
684;0
685;0
686;0
687;1
688;0
689;2
690;2
691;2
692;2
693;0
694;0
695;0
696;1
697;0
698;2
699;2
700;1
701;0
702;0
703;2
704;2
705;0
706;2
707;2
708;2
709;0
710;2
711;0
712;2
713;0
714;1
715;1
716;0
717;2
718;0
719;2
720;2
721;0
722;2
723;2
724;0
725;0
726;0
727;0
728;1
729;0
730;1
731;0
732;0
733;2
734;2
735;2
736;2
737;0
738;0
739;0
740;1
741;0
742;0
743;0
744;1
745;2
746;0
747;0
748;0
749;0
750;1
751;1
752;0
753;0
754;0
755;0
756;0
757;0
758;2
759;2
760;2
761;0
762;0
763;0
764;0
765;0
766;0
767;2
768;1
769;1
770;1
771;1
772;0
773;0
774;0
775;0
776;1
777;0
778;0
779;0
780;0
781;0
782;0
783;2
784;2
785;0
786;0
787;1
788;4
789;0
790;2
791;2
792;2
793;0
794;2
795;0
796;1
797;0
798;0
799;1
800;0
801;0
802;1
803;0
804;0
805;2
806;0
807;0
808;0
809;0
810;0
811;0
812;0
813;1
814;1
815;0
816;0
817;2
818;2
819;2
820;2
821;2
822;0
823;0
824;0
825;0
826;0
827;0
828;1
829;0
830;0
831;0
832;0
833;0
834;0
835;0
836;0
837;0
838;2
839;2
840;0
841;0
842;0
843;0
844;0
845;2
846;2
847;2
848;0
849;0
850;0
851;2
852;0
853;0
854;0
855;1
856;0
857;2
858;0
859;0
860;0
861;1
862;1
863;1
864;1
865;2
866;2
867;2
868;2
869;2
870;2
871;2
872;2
873;0
874;2
875;0
876;2
877;0
878;2
879;2
880;0
881;0
882;2
883;0
884;0
885;0
886;0
887;0
888;0
889;0
890;1
891;0
892;2
893;0
894;0
895;1
896;0
897;0
898;0
899;0
900;0
901;0
902;1
903;0
904;2
905;0
906;0
907;0
908;0
909;1
910;0
911;0
912;2
913;1
914;1
915;0
916;2
917;2
918;0
919;1
920;0
921;0
922;0
923;1
924;0
925;0
926;0
927;2
928;0
929;2
930;1
931;0
932;0
933;0
934;0
935;0
936;1
937;0
938;0
939;2
940;2
941;0
942;2
943;2
944;2
945;0
946;2
947;0
948;1
949;0
950;0
951;1
952;0
953;2
954;0
955;2
956;2
957;0
958;2
959;0
960;2
961;0
962;0
963;1
964;0
965;0
966;0
967;0
968;0
969;0
970;1
971;0
972;1
973;0
974;0
975;0
976;2
977;1
978;2
979;0
980;1
981;0
982;0
983;0
984;0
985;1
986;0
987;0
988;2
989;1
990;2
991;0
992;1
993;0
994;2
995;2
996;1
997;0
998;0
999;2
1000;4
1001;0
1002;2
1003;2
1004;2
1005;0
1006;2
1007;0
1008;2
1009;0
1010;0
1011;0
1012;0
1013;1
1014;0
1015;1
1016;0
1017;0
1018;0
1019;0
1020;0
1021;0
1022;0
1023;0
