0;1
1;0
2;0
3;2
4;4
5;0
6;2
7;2
8;2
9;0
10;0
11;0
12;2
13;1
14;0
15;0
16;0
17;1
18;0
19;0
20;2
21;2
22;0
23;2
24;0
25;2
26;0
27;1
28;1
29;0
30;0
31;0
32;1
33;0
34;1
35;0
36;1
37;0
38;0
39;0
40;1
41;0
42;0
43;0
44;1
45;1
46;0
47;0
48;2
49;0
50;1
51;0
52;1
53;0
54;0
55;2
56;2
57;2
58;2
59;2
60;1
61;0
62;2
63;0
64;2
65;2
66;0
67;1
68;0
69;0
70;0
71;0
72;2
73;2
74;1
75;0
76;2
77;2
78;2
79;0
80;2
81;2
82;0
83;0
84;0
85;0
86;0
87;0
88;0
89;0
90;0
91;1
92;1
93;0
94;0
95;0
96;2
97;0
98;2
99;0
100;0
101;0
102;0
103;0
104;2
105;0
106;0
107;0
108;1
109;0
110;0
111;0
112;0
113;2
114;2
115;1
116;1
117;0
118;0
119;2
120;2
121;0
122;2
123;2
124;2
125;0
126;2
127;0
128;1
129;2
130;1
131;0
132;1
133;0
134;0
135;0
136;0
137;0
138;2
139;1
140;0
141;0
142;0
143;2
144;0
145;0
146;0
147;0
148;2
149;0
150;0
151;1
152;0
153;0
154;2
155;0
156;4
157;0
158;0
159;0
160;0
161;0
162;2
163;2
164;1
165;0
166;0
167;0
168;2
169;0
170;2
171;1
172;0
173;2
174;0
175;0
176;2
177;2
178;2
179;0
180;1
181;2
182;2
183;0
184;2
185;2
186;0
187;0
188;1
189;0
190;0
191;0
192;2
193;0
194;0
195;2
196;0
197;0
198;0
199;1
200;0
201;0
202;0
203;0
204;0
205;0
206;1
207;0
208;0
209;0
210;2
211;2
212;1
213;0
214;0
215;0
216;0
217;2
218;1
219;1
220;0
221;0
222;0
223;0
224;0
225;0
226;0
227;0
228;1
229;0
230;0
231;0
232;1
233;0
234;0
235;2
236;0
237;1
238;0
239;2
240;2
241;0
242;2
243;0
244;1
245;2
246;1
247;0
248;2
249;1
250;1
251;0
252;2
253;0
254;1
255;0
256;0
257;0
258;1
259;0
260;0
261;0
262;0
263;2
264;2
265;0
266;0
267;0
268;1
269;0
270;0
271;0
272;0
273;0
274;1
275;0
276;0
277;1
278;0
279;2
280;1
281;0
282;0
283;2
284;2
285;0
286;2
287;1
288;0
289;0
290;2
291;0
292;2
293;0
294;0
295;2
296;0
297;0
298;2
299;0
300;0
301;0
302;0
303;2
304;1
305;0
306;1
307;0
308;1
309;0
310;0
311;0
312;0
313;0
314;0
315;0
316;2
317;0
318;0
319;0
320;2
321;1
322;0
323;0
324;0
325;0
326;1
327;0
328;0
329;1
330;0
331;0
332;0
333;2
334;0
335;2
336;1
337;0
338;0
339;0
340;0
341;0
342;0
343;2
344;0
345;0
346;2
347;1
348;0
349;1
350;0
351;0
352;4
353;1
354;0
355;2
356;2
357;0
358;0
359;0
360;2
361;1
362;0
363;0
364;0
365;0
366;0
367;0
368;2
369;2
370;1
371;0
372;2
373;2
374;2
375;1
376;0
377;2
378;1
379;0
380;0
381;0
382;0
383;2
384;1
385;0
386;0
387;0
388;2
389;0
390;2
391;1
392;0
393;1
394;2
395;0
396;0
397;2
398;1
399;0
400;2
401;1
402;0
403;0
404;2
405;0
406;2
407;1
408;0
409;2
410;1
411;0
412;0
413;0
414;1
415;0
416;0
417;0
418;0
419;0
420;0
421;0
422;0
423;0
424;2
425;0
426;2
427;2
428;2
429;0
430;1
431;2
432;0
433;1
434;0
435;0
436;0
437;0
438;0
439;0
440;1
441;0
442;0
443;0
444;0
445;2
446;1
447;0
448;1
449;0
450;0
451;2
452;1
453;0
454;0
455;0
456;2
457;2
458;2
459;2
460;2
461;0
462;2
463;0
464;1
465;0
466;1
467;0
468;1
469;0
470;0
471;2
472;4
473;0
474;2
475;1
476;2
477;0
478;2
479;0
480;2
481;0
482;2
483;0
484;0
485;0
486;1
487;0
488;0
489;0
490;0
491;0
492;1
493;0
494;1
495;0
496;0
497;0
498;0
499;2
500;1
501;0
502;2
503;1
504;0
505;0
506;2
507;0
508;2
509;2
510;1
511;0
512;2
513;0
514;0
515;0
516;0
517;0
518;2
519;2
520;0
521;0
522;2
523;2
524;2
525;0
526;0
527;0
528;0
529;0
530;0
531;0
532;0
533;0
534;0
535;0
536;0
537;2
538;1
539;0
540;0
541;0
542;0
543;0
544;1
545;0
546;0
547;0
548;0
549;0
550;2
551;2
552;2
553;2
554;0
555;2
556;1
557;0
558;2
559;0
560;0
561;0
562;0
563;0
564;2
565;0
566;0
567;0
568;2
569;2
570;0
571;0
572;0
573;0
574;2
575;2
576;1
577;0
578;0
579;1
580;4
581;0
582;2
583;2
584;2
585;0
586;2
587;0
588;2
589;0
590;1
591;0
592;0
593;0
594;0
595;0
596;1
597;0
598;0
599;1
600;0
601;2
602;2
603;1
604;0
605;0
606;0
607;0
608;1
609;0
610;0
611;0
612;0
613;0
614;2
615;2
616;1
617;0
618;0
619;0
620;4
621;0
622;2
623;2
624;2
625;0
626;2
627;0
628;2
629;2
630;1
631;0
632;1
633;0
634;0
635;0
636;2
637;2
638;1
639;0
640;0
641;0
642;0
643;2
644;1
645;0
646;0
647;2
648;4
649;0
650;2
651;2
652;2
653;0
654;0
655;0
656;2
657;2
658;0
659;2
660;2
661;1
662;0
663;0
664;0
665;0
666;0
667;0
668;0
669;0
670;0
671;0
672;0
673;1
674;0
675;0
676;0
677;2
678;0
679;2
680;2
681;0
682;0
683;0
684;2
685;0
686;0
687;0
688;1
689;0
690;0
691;2
692;0
693;1
694;1
695;0
696;0
697;0
698;1
699;0
700;0
701;0
702;0
703;2
704;0
705;0
706;2
707;1
708;0
709;0
710;2
711;0
712;1
713;0
714;0
715;0
716;0
717;1
718;0
719;0
720;0
721;0
722;2
723;0
724;0
725;0
726;0
727;2
728;1
729;0
730;0
731;0
732;2
733;0
734;0
735;0
736;0
737;2
738;0
739;2
740;0
741;2
742;0
743;0
744;0
745;1
746;0
747;0
748;0
749;0
750;2
751;0
752;0
753;0
754;2
755;0
756;2
757;1
758;0
759;0
760;0
761;0
762;0
763;0
764;0
765;0
766;1
767;2
768;1
769;0
770;0
771;0
772;0
773;0
774;0
775;0
776;1
777;0
778;1
779;0
780;0
781;1
782;0
783;2
784;4
785;0
786;2
787;2
788;2
789;0
790;0
791;0
792;1
793;0
794;1
795;0
796;0
797;0
798;2
799;0
800;0
801;1
802;2
803;2
804;1
805;1
806;0
807;2
808;4
809;0
810;0
811;2
812;2
813;0
814;2
815;0
816;1
817;0
818;0
819;0
820;0
821;0
822;0
823;0
824;0
825;2
826;2
827;0
828;1
829;0
830;0
831;2
832;4
833;0
834;2
835;2
836;2
837;0
838;2
839;0
840;2
841;2
842;0
843;0
844;0
845;0
846;2
847;2
848;2
849;0
850;0
851;0
852;1
853;0
854;0
855;0
856;0
857;0
858;2
859;2
860;1
861;0
862;0
863;0
864;4
865;0
866;2
867;1
868;0
869;0
870;0
871;0
872;2
873;0
874;0
875;2
876;1
877;0
878;2
879;0
880;2
881;2
882;0
883;0
884;2
885;0
886;0
887;0
888;2
889;0
890;0
891;0
892;0
893;0
894;1
895;0
896;1
897;0
898;0
899;2
900;2
901;0
902;2
903;2
904;2
905;0
906;2
907;0
908;0
909;2
910;0
911;2
912;2
913;0
914;2
915;2
916;0
917;0
918;1
919;0
920;0
921;0
922;0
923;0
924;2
925;2
926;0
927;0
928;0
929;0
930;2
931;0
932;2
933;0
934;0
935;0
936;1
937;0
938;2
939;2
940;1
941;0
942;0
943;0
944;2
945;0
946;0
947;0
948;0
949;0
950;0
951;0
952;1
953;2
954;1
955;0
956;0
957;0
958;0
959;0
960;0
961;0
962;0
963;2
964;1
965;0
966;0
967;2
968;2
969;2
970;2
971;2
972;2
973;0
974;2
975;0
976;0
977;0
978;0
979;2
980;0
981;0
982;0
983;0
984;2
985;1
986;0
987;2
988;0
989;0
990;1
991;0
992;0
993;0
994;0
995;0
996;0
997;0
998;0
999;0
1000;0
1001;0
1002;0
1003;0
1004;0
1005;0
1006;1
1007;0
1008;0
1009;0
1010;0
1011;1
1012;0
1013;0
1014;1
1015;1
1016;0
1017;0
1018;0
1019;0
1020;0
1021;0
1022;0
1023;0
