0;1
1;0
2;0
3;0
4;1
5;0
6;2
7;2
8;2
9;0
10;0
11;0
12;2
13;0
14;1
15;0
16;1
17;2
18;0
19;0
20;2
21;1
22;0
23;2
24;1
25;1
26;0
27;2
28;0
29;2
30;2
31;2
32;0
33;0
34;0
35;0
36;0
37;0
38;2
39;0
40;0
41;0
42;1
43;0
44;0
45;0
46;2
47;2
48;1
49;2
50;2
51;2
52;2
53;0
54;2
55;0
56;0
57;0
58;2
59;0
60;0
61;0
62;0
63;0
64;0
65;0
66;2
67;0
68;0
69;2
70;1
71;0
72;1
73;0
74;0
75;0
76;0
77;0
78;0
79;0
80;1
81;0
82;2
83;1
84;1
85;0
86;0
87;2
88;2
89;0
90;2
91;1
92;0
93;0
94;2
95;0
96;1
97;1
98;0
99;0
100;0
101;0
102;2
103;2
104;1
105;0
106;0
107;0
108;0
109;0
110;0
111;2
112;0
113;0
114;2
115;2
116;2
117;0
118;0
119;0
120;0
121;0
122;1
123;0
124;0
125;0
126;0
127;0
128;0
129;2
130;1
131;0
132;0
133;0
134;0
135;0
136;0
137;0
138;1
139;0
140;0
141;1
142;1
143;0
144;1
145;0
146;0
147;0
148;2
149;0
150;2
151;0
152;2
153;0
154;0
155;0
156;2
157;2
158;2
159;2
160;1
161;0
162;2
163;0
164;0
165;0
166;0
167;0
168;0
169;0
170;1
171;0
172;0
173;2
174;0
175;0
176;0
177;0
178;2
179;0
180;0
181;0
182;0
183;0
184;0
185;0
186;0
187;0
188;0
189;0
190;0
191;0
192;0
193;0
194;0
195;0
196;1
197;0
198;2
199;0
200;0
201;0
202;0
203;2
204;1
205;0
206;0
207;2
208;2
209;2
210;2
211;2
212;2
213;0
214;0
215;0
216;2
217;0
218;0
219;0
220;2
221;0
222;2
223;0
224;0
225;0
226;0
227;0
228;0
229;0
230;0
231;0
232;0
233;0
234;0
235;2
236;1
237;0
238;1
239;0
240;0
241;2
242;2
243;2
244;0
245;0
246;0
247;0
248;0
249;0
250;0
251;0
252;0
253;1
254;2
255;0
256;0
257;2
258;0
259;2
260;0
261;2
262;2
263;2
264;2
265;0
266;0
267;0
268;1
269;0
270;2
271;0
272;0
273;0
274;2
275;0
276;2
277;2
278;0
279;0
280;1
281;2
282;0
283;0
284;0
285;1
286;0
287;0
288;2
289;0
290;0
291;0
292;0
293;0
294;2
295;0
296;0
297;0
298;2
299;0
300;1
301;0
302;0
303;0
304;2
305;0
306;1
307;1
308;2
309;0
310;2
311;0
312;0
313;0
314;0
315;2
316;0
317;0
318;2
319;0
320;0
321;0
322;0
323;0
324;2
325;1
326;0
327;0
328;0
329;0
330;0
331;0
332;0
333;1
334;0
335;0
336;0
337;0
338;0
339;0
340;0
341;0
342;1
343;0
344;0
345;0
346;0
347;2
348;1
349;2
350;2
351;2
352;0
353;0
354;2
355;0
356;2
357;0
358;0
359;2
360;2
361;1
362;0
363;0
364;0
365;0
366;0
367;0
368;2
369;0
370;2
371;0
372;0
373;0
374;0
375;2
376;0
377;0
378;2
379;0
380;0
381;0
382;0
383;0
384;0
385;0
386;0
387;0
388;2
389;0
390;0
391;0
392;1
393;0
394;2
395;0
396;0
397;0
398;0
399;0
400;2
401;1
402;0
403;0
404;0
405;0
406;0
407;0
408;1
409;0
410;1
411;0
412;0
413;2
414;2
415;2
416;2
417;1
418;0
419;0
420;2
421;0
422;0
423;0
424;0
425;2
426;2
427;2
428;2
429;0
430;1
431;0
432;0
433;0
434;1
435;0
436;0
437;0
438;0
439;0
440;0
441;0
442;2
443;2
444;2
445;2
446;2
447;0
448;2
449;0
450;0
451;0
452;2
453;0
454;0
455;0
456;0
457;0
458;2
459;2
460;1
461;0
462;0
463;2
464;1
465;0
466;2
467;2
468;2
469;0
470;2
471;0
472;2
473;0
474;0
475;0
476;0
477;0
478;1
479;1
480;0
481;0
482;1
483;0
484;2
485;2
486;0
487;0
488;1
489;0
490;1
491;2
492;0
493;0
494;0
495;2
496;1
497;2
498;2
499;1
500;0
501;0
502;2
503;0
504;2
505;0
506;2
507;0
508;0
509;1
510;0
511;2
512;2
513;0
514;0
515;0
516;0
517;0
518;0
519;0
520;0
521;2
522;2
523;1
524;0
525;0
526;0
527;1
528;0
529;2
530;0
531;0
532;0
533;0
534;1
535;1
536;0
537;0
538;2
539;0
540;0
541;0
542;0
543;0
544;4
545;0
546;2
547;2
548;2
549;0
550;2
551;0
552;2
553;2
554;1
555;0
556;2
557;2
558;0
559;0
560;2
561;0
562;0
563;0
564;0
565;0
566;0
567;1
568;0
569;0
570;2
571;0
572;0
573;0
574;2
575;0
576;0
577;1
578;2
579;1
580;0
581;0
582;0
583;0
584;0
585;2
586;0
587;0
588;0
589;1
590;0
591;0
592;2
593;0
594;2
595;0
596;0
597;2
598;2
599;2
600;0
601;0
602;2
603;0
604;0
605;2
606;0
607;1
608;1
609;0
610;0
611;0
612;0
613;1
614;2
615;0
616;0
617;1
618;0
619;2
620;1
621;0
622;0
623;2
624;2
625;0
626;2
627;1
628;0
629;0
630;2
631;0
632;2
633;0
634;2
635;0
636;0
637;0
638;2
639;2
640;2
641;0
642;0
643;2
644;0
645;0
646;0
647;0
648;0
649;0
650;2
651;2
652;0
653;0
654;0
655;2
656;0
657;0
658;0
659;0
660;0
661;2
662;1
663;0
664;0
665;1
666;0
667;2
668;2
669;1
670;0
671;2
672;2
673;0
674;0
675;2
676;1
677;0
678;2
679;2
680;1
681;1
682;0
683;1
684;2
685;0
686;2
687;1
688;0
689;0
690;2
691;0
692;0
693;1
694;0
695;0
696;0
697;0
698;0
699;0
700;1
701;1
702;0
703;1
704;0
705;0
706;0
707;0
708;0
709;0
710;0
711;0
712;0
713;2
714;2
715;2
716;2
717;0
718;0
719;2
720;2
721;0
722;2
723;2
724;2
725;0
726;2
727;0
728;1
729;0
730;0
731;0
732;1
733;2
734;2
735;2
736;1
737;0
738;0
739;0
740;0
741;2
742;0
743;2
744;0
745;2
746;2
747;0
748;0
749;0
750;0
751;0
752;2
753;2
754;2
755;0
756;0
757;0
758;0
759;0
760;2
761;0
762;0
763;0
764;0
765;0
766;0
767;1
768;2
769;0
770;0
771;2
772;2
773;0
774;2
775;0
776;1
777;0
778;0
779;0
780;1
781;0
782;0
783;0
784;0
785;0
786;1
787;0
788;0
789;0
790;0
791;0
792;0
793;0
794;2
795;2
796;2
797;0
798;0
799;0
800;0
801;0
802;0
803;2
804;0
805;0
806;0
807;0
808;0
809;1
810;0
811;2
812;4
813;0
814;2
815;2
816;2
817;0
818;2
819;0
820;2
821;0
822;1
823;0
824;0
825;0
826;2
827;0
828;0
829;0
830;0
831;0
832;0
833;0
834;0
835;0
836;0
837;0
838;0
839;0
840;0
841;0
842;0
843;0
844;2
845;2
846;0
847;1
848;0
849;0
850;0
851;0
852;0
853;0
854;2
855;2
856;1
857;0
858;0
859;2
860;2
861;0
862;0
863;1
864;0
865;0
866;2
867;0
868;0
869;0
870;2
871;2
872;1
873;0
874;0
875;2
876;4
877;0
878;2
879;2
880;2
881;2
882;2
883;0
884;2
885;2
886;2
887;0
888;0
889;2
890;2
891;2
892;1
893;0
894;0
895;0
896;0
897;0
898;0
899;2
900;4
901;0
902;2
903;2
904;2
905;0
906;2
907;0
908;1
909;0
910;1
911;0
912;0
913;0
914;0
915;2
916;1
917;0
918;2
919;2
920;0
921;0
922;2
923;0
924;1
925;0
926;0
927;0
928;1
929;2
930;0
931;0
932;0
933;0
934;0
935;0
936;0
937;2
938;0
939;0
940;2
941;0
942;1
943;0
944;0
945;0
946;0
947;0
948;0
949;1
950;0
951;0
952;2
953;2
954;2
955;2
956;0
957;0
958;1
959;0
960;1
961;0
962;2
963;0
964;0
965;0
966;1
967;0
968;0
969;0
970;2
971;0
972;0
973;0
974;0
975;0
976;0
977;0
978;2
979;2
980;0
981;0
982;0
983;0
984;1
985;0
986;2
987;1
988;0
989;0
990;0
991;0
992;2
993;0
994;0
995;0
996;2
997;0
998;0
999;0
1000;0
1001;0
1002;0
1003;0
1004;0
1005;0
1006;0
1007;0
1008;2
1009;0
1010;0
1011;0
1012;1
1013;0
1014;0
1015;0
1016;0
1017;0
1018;0
1019;0
1020;0
1021;0
1022;0
1023;0
