0;2
1;0
2;2
3;2
4;4
5;0
6;2
7;0
8;0
9;0
10;2
11;0
12;2
13;0
14;1
15;0
16;0
17;1
18;0
19;1
20;0
21;2
22;2
23;1
24;0
25;0
26;2
27;2
28;2
29;0
30;0
31;2
32;0
33;0
34;0
35;0
36;2
37;0
38;0
39;0
40;1
41;0
42;0
43;0
44;2
45;0
46;0
47;0
48;1
49;0
50;0
51;1
52;0
53;0
54;1
55;0
56;0
57;1
58;1
59;2
60;1
61;0
62;0
63;0
64;0
65;0
66;0
67;0
68;1
69;0
70;1
71;0
72;1
73;0
74;0
75;0
76;0
77;0
78;0
79;0
80;2
81;0
82;2
83;4
84;1
85;2
86;0
87;0
88;0
89;2
90;2
91;2
92;2
93;0
94;0
95;2
96;2
97;0
98;0
99;0
100;2
101;0
102;1
103;0
104;0
105;0
106;0
107;0
108;0
109;1
110;0
111;0
112;0
113;0
114;0
115;0
116;0
117;0
118;0
119;2
120;0
121;1
122;1
123;0
124;1
125;0
126;0
127;0
128;0
129;0
130;2
131;0
132;0
133;0
134;0
135;0
136;0
137;2
138;2
139;2
140;1
141;0
142;2
143;0
144;0
145;0
146;0
147;0
148;0
149;0
150;2
151;0
152;0
153;0
154;1
155;0
156;0
157;0
158;0
159;0
160;0
161;0
162;0
163;0
164;0
165;0
166;0
167;0
168;1
169;0
170;0
171;0
172;2
173;0
174;0
175;0
176;1
177;0
178;1
179;0
180;1
181;0
182;0
183;2
184;4
185;0
186;2
187;2
188;0
189;0
190;0
191;0
192;2
193;0
194;0
195;0
196;0
197;0
198;2
199;2
200;2
201;0
202;2
203;2
204;0
205;0
206;0
207;2
208;0
209;0
210;0
211;1
212;0
213;0
214;0
215;0
216;1
217;0
218;0
219;0
220;1
221;2
222;2
223;2
224;0
225;0
226;0
227;2
228;0
229;0
230;0
231;0
232;0
233;0
234;0
235;2
236;2
237;2
238;0
239;0
240;0
241;0
242;0
243;2
244;2
245;0
246;0
247;0
248;0
249;0
250;2
251;1
252;0
253;0
254;0
255;0
256;1
257;0
258;2
259;2
260;1
261;0
262;0
263;2
264;4
265;0
266;2
267;2
268;1
269;0
270;2
271;0
272;2
273;2
274;2
275;2
276;0
277;0
278;0
279;1
280;0
281;0
282;0
283;0
284;1
285;0
286;0
287;2
288;0
289;0
290;0
291;0
292;2
293;0
294;0
295;0
296;1
297;0
298;2
299;2
300;1
301;0
302;0
303;1
304;1
305;0
306;2
307;2
308;2
309;0
310;2
311;0
312;1
313;0
314;0
315;0
316;0
317;1
318;1
319;0
320;1
321;0
322;0
323;0
324;0
325;0
326;0
327;0
328;1
329;0
330;0
331;1
332;2
333;0
334;0
335;0
336;2
337;0
338;0
339;0
340;0
341;0
342;0
343;0
344;2
345;0
346;0
347;0
348;0
349;0
350;0
351;2
352;2
353;0
354;0
355;0
356;2
357;0
358;0
359;0
360;2
361;0
362;1
363;0
364;4
365;0
366;0
367;0
368;2
369;2
370;2
371;2
372;1
373;0
374;0
375;2
376;2
377;0
378;0
379;0
380;2
381;0
382;2
383;2
384;2
385;0
386;2
387;0
388;1
389;0
390;1
391;0
392;1
393;0
394;0
395;0
396;0
397;0
398;0
399;0
400;0
401;1
402;0
403;2
404;2
405;1
406;0
407;0
408;2
409;0
410;0
411;0
412;0
413;2
414;2
415;2
416;0
417;0
418;0
419;0
420;1
421;0
422;1
423;0
424;2
425;0
426;0
427;2
428;1
429;2
430;2
431;2
432;2
433;0
434;2
435;0
436;1
437;1
438;0
439;2
440;2
441;2
442;2
443;0
444;2
445;0
446;2
447;0
448;1
449;0
450;0
451;0
452;1
453;2
454;1
455;0
456;0
457;2
458;2
459;2
460;1
461;0
462;2
463;0
464;2
465;0
466;0
467;0
468;2
469;0
470;0
471;0
472;0
473;0
474;1
475;0
476;2
477;0
478;0
479;0
480;0
481;2
482;1
483;0
484;2
485;0
486;1
487;0
488;1
489;0
490;0
491;0
492;2
493;2
494;2
495;2
496;2
497;0
498;0
499;2
500;2
501;2
502;0
503;0
504;0
505;0
506;0
507;0
508;2
509;0
510;0
511;1
512;0
513;0
514;0
515;0
516;0
517;1
518;0
519;0
520;0
521;2
522;0
523;0
524;0
525;0
526;0
527;1
528;0
529;0
530;0
531;0
532;0
533;0
534;2
535;2
536;0
537;0
538;0
539;0
540;0
541;0
542;0
543;2
544;2
545;2
546;2
547;2
548;2
549;2
550;2
551;0
552;0
553;0
554;2
555;0
556;0
557;2
558;0
559;1
560;1
561;0
562;2
563;2
564;1
565;0
566;0
567;0
568;4
569;0
570;2
571;1
572;0
573;0
574;2
575;0
576;2
577;1
578;0
579;2
580;1
581;1
582;0
583;2
584;0
585;0
586;1
587;0
588;1
589;0
590;1
591;1
592;0
593;0
594;1
595;0
596;0
597;0
598;2
599;0
600;1
601;0
602;0
603;0
604;2
605;2
606;2
607;1
608;1
609;0
610;0
611;2
612;0
613;0
614;2
615;2
616;2
617;0
618;1
619;0
620;0
621;2
622;0
623;0
624;2
625;0
626;0
627;2
628;2
629;0
630;0
631;0
632;0
633;0
634;2
635;1
636;0
637;0
638;0
639;1
640;1
641;0
642;2
643;2
644;2
645;0
646;0
647;0
648;1
649;0
650;0
651;0
652;0
653;0
654;0
655;0
656;2
657;1
658;2
659;1
660;0
661;0
662;0
663;0
664;1
665;0
666;2
667;2
668;1
669;0
670;0
671;0
672;1
673;1
674;0
675;2
676;2
677;0
678;0
679;0
680;2
681;0
682;0
683;0
684;2
685;0
686;0
687;1
688;0
689;1
690;0
691;0
692;1
693;2
694;0
695;0
696;1
697;0
698;0
699;0
700;1
701;0
702;0
703;0
704;0
705;0
706;0
707;0
708;0
709;0
710;0
711;0
712;0
713;0
714;2
715;2
716;1
717;0
718;0
719;2
720;4
721;0
722;2
723;2
724;2
725;0
726;2
727;0
728;2
729;1
730;0
731;1
732;1
733;0
734;0
735;2
736;1
737;0
738;2
739;0
740;1
741;0
742;0
743;2
744;4
745;0
746;0
747;2
748;0
749;0
750;2
751;0
752;2
753;0
754;1
755;0
756;0
757;0
758;0
759;0
760;1
761;0
762;0
763;0
764;0
765;0
766;0
767;0
768;0
769;0
770;0
771;1
772;0
773;2
774;2
775;2
776;0
777;2
778;0
779;0
780;4
781;0
782;2
783;2
784;2
785;0
786;0
787;0
788;2
789;2
790;0
791;0
792;0
793;0
794;0
795;0
796;2
797;1
798;1
799;0
800;0
801;2
802;2
803;2
804;2
805;0
806;0
807;0
808;1
809;0
810;1
811;0
812;1
813;0
814;0
815;0
816;0
817;2
818;0
819;0
820;0
821;0
822;0
823;0
824;1
825;0
826;0
827;0
828;0
829;1
830;0
831;2
832;1
833;0
834;0
835;0
836;2
837;1
838;0
839;0
840;2
841;0
842;0
843;0
844;0
845;1
846;0
847;4
848;4
849;2
850;2
851;0
852;2
853;2
854;2
855;2
856;1
857;0
858;0
859;2
860;2
861;0
862;2
863;2
864;0
865;0
866;2
867;0
868;0
869;0
870;1
871;0
872;0
873;2
874;1
875;0
876;2
877;0
878;0
879;0
880;0
881;0
882;0
883;0
884;0
885;0
886;0
887;0
888;4
889;0
890;0
891;0
892;0
893;0
894;2
895;2
896;1
897;0
898;0
899;2
900;4
901;0
902;2
903;2
904;2
905;0
906;2
907;0
908;2
909;2
910;2
911;2
912;2
913;0
914;0
915;0
916;1
917;0
918;0
919;0
920;0
921;2
922;0
923;0
924;0
925;0
926;0
927;2
928;2
929;0
930;2
931;0
932;2
933;2
934;0
935;0
936;2
937;0
938;1
939;0
940;0
941;0
942;0
943;0
944;0
945;1
946;1
947;0
948;2
949;0
950;1
951;0
952;1
953;0
954;0
955;0
956;2
957;1
958;2
959;0
960;1
961;0
962;0
963;1
964;0
965;1
966;0
967;2
968;1
969;0
970;2
971;2
972;0
973;0
974;0
975;2
976;4
977;0
978;2
979;2
980;0
981;0
982;0
983;0
984;1
985;0
986;0
987;0
988;2
989;0
990;0
991;0
992;1
993;0
994;0
995;0
996;2
997;0
998;0
999;0
1000;1
1001;1
1002;0
1003;0
1004;1
1005;2
1006;0
1007;0
1008;0
1009;0
1010;2
1011;0
1012;0
1013;0
1014;0
1015;0
1016;0
1017;0
1018;0
1019;0
1020;0
1021;0
1022;0
1023;0
