0;0
1;0
2;0
3;1
4;0
5;2
6;2
7;2
8;2
9;0
10;0
11;0
12;2
13;0
14;0
15;1
16;0
17;2
18;2
19;1
20;0
21;2
22;1
23;0
24;0
25;1
26;2
27;2
28;2
29;0
30;0
31;2
32;1
33;2
34;0
35;0
36;0
37;0
38;0
39;2
40;1
41;0
42;0
43;0
44;2
45;0
46;0
47;2
48;1
49;0
50;0
51;0
52;0
53;0
54;0
55;0
56;0
57;0
58;0
59;0
60;1
61;0
62;0
63;0
64;0
65;0
66;0
67;0
68;1
69;0
70;0
71;2
72;1
73;0
74;0
75;0
76;0
77;0
78;2
79;0
80;2
81;0
82;2
83;0
84;0
85;1
86;0
87;1
88;0
89;0
90;1
91;0
92;2
93;0
94;2
95;0
96;2
97;1
98;0
99;0
100;2
101;2
102;1
103;0
104;0
105;0
106;0
107;0
108;0
109;2
110;0
111;0
112;0
113;0
114;0
115;0
116;0
117;0
118;0
119;0
120;0
121;1
122;0
123;0
124;1
125;0
126;0
127;0
128;0
129;0
130;2
131;0
132;2
133;0
134;0
135;0
136;0
137;2
138;2
139;2
140;1
141;0
142;0
143;1
144;0
145;0
146;0
147;0
148;0
149;0
150;2
151;0
152;0
153;1
154;0
155;0
156;0
157;0
158;0
159;0
160;2
161;0
162;0
163;0
164;0
165;0
166;0
167;0
168;0
169;1
170;0
171;0
172;2
173;1
174;0
175;0
176;1
177;0
178;0
179;0
180;0
181;0
182;2
183;2
184;1
185;0
186;0
187;2
188;2
189;0
190;0
191;1
192;0
193;0
194;2
195;0
196;1
197;0
198;0
199;0
200;1
201;2
202;2
203;2
204;0
205;0
206;0
207;0
208;1
209;0
210;1
211;0
212;2
213;0
214;0
215;0
216;1
217;0
218;1
219;0
220;0
221;2
222;2
223;2
224;0
225;0
226;0
227;0
228;0
229;0
230;0
231;2
232;0
233;2
234;2
235;0
236;2
237;1
238;2
239;2
240;0
241;0
242;2
243;0
244;2
245;1
246;0
247;1
248;1
249;0
250;2
251;2
252;0
253;0
254;0
255;0
256;2
257;2
258;1
259;0
260;0
261;0
262;0
263;0
264;0
265;1
266;0
267;0
268;2
269;0
270;0
271;0
272;2
273;0
274;0
275;0
276;2
277;0
278;0
279;0
280;2
281;0
282;0
283;0
284;1
285;0
286;0
287;1
288;0
289;0
290;0
291;2
292;2
293;0
294;2
295;0
296;0
297;0
298;0
299;0
300;0
301;1
302;0
303;0
304;0
305;0
306;0
307;1
308;0
309;0
310;2
311;1
312;0
313;0
314;0
315;2
316;4
317;0
318;2
319;1
320;0
321;0
322;0
323;0
324;2
325;2
326;1
327;0
328;1
329;0
330;0
331;2
332;0
333;0
334;0
335;2
336;0
337;0
338;0
339;0
340;4
341;0
342;0
343;2
344;1
345;0
346;0
347;0
348;2
349;0
350;0
351;0
352;0
353;0
354;0
355;0
356;0
357;1
358;0
359;0
360;4
361;2
362;1
363;0
364;1
365;0
366;2
367;2
368;2
369;0
370;2
371;2
372;2
373;0
374;2
375;0
376;2
377;0
378;2
379;0
380;0
381;0
382;2
383;0
384;0
385;0
386;0
387;2
388;0
389;0
390;0
391;0
392;2
393;0
394;0
395;0
396;0
397;2
398;1
399;0
400;0
401;0
402;0
403;0
404;0
405;0
406;0
407;0
408;0
409;2
410;2
411;2
412;1
413;1
414;0
415;0
416;0
417;0
418;0
419;1
420;0
421;0
422;0
423;0
424;2
425;0
426;1
427;0
428;2
429;2
430;1
431;0
432;2
433;0
434;0
435;0
436;2
437;0
438;0
439;0
440;1
441;2
442;0
443;0
444;0
445;0
446;2
447;2
448;1
449;0
450;2
451;2
452;2
453;0
454;0
455;0
456;2
457;0
458;0
459;0
460;0
461;0
462;0
463;0
464;2
465;0
466;0
467;0
468;0
469;2
470;1
471;0
472;2
473;0
474;0
475;0
476;0
477;0
478;0
479;0
480;1
481;0
482;2
483;2
484;1
485;2
486;0
487;1
488;0
489;2
490;0
491;0
492;0
493;0
494;0
495;0
496;1
497;0
498;0
499;0
500;2
501;0
502;2
503;2
504;2
505;0
506;0
507;0
508;2
509;0
510;0
511;0
512;2
513;1
514;0
515;2
516;2
517;2
518;0
519;0
520;0
521;0
522;0
523;0
524;0
525;0
526;0
527;0
528;0
529;0
530;2
531;2
532;0
533;0
534;0
535;0
536;0
537;0
538;2
539;0
540;0
541;2
542;2
543;1
544;0
545;2
546;2
547;0
548;1
549;2
550;2
551;0
552;0
553;1
554;0
555;0
556;1
557;0
558;0
559;0
560;0
561;0
562;0
563;0
564;0
565;0
566;0
567;0
568;0
569;1
570;1
571;2
572;0
573;0
574;0
575;0
576;0
577;0
578;0
579;0
580;2
581;0
582;0
583;2
584;2
585;0
586;0
587;0
588;0
589;0
590;0
591;0
592;0
593;2
594;2
595;0
596;1
597;0
598;0
599;0
600;2
601;0
602;0
603;1
604;0
605;0
606;1
607;0
608;0
609;2
610;0
611;0
612;2
613;2
614;1
615;0
616;2
617;0
618;0
619;0
620;2
621;0
622;0
623;0
624;0
625;0
626;0
627;1
628;0
629;1
630;0
631;2
632;2
633;0
634;0
635;0
636;0
637;0
638;0
639;0
640;0
641;0
642;0
643;0
644;2
645;2
646;0
647;0
648;2
649;0
650;0
651;0
652;1
653;0
654;0
655;2
656;2
657;1
658;0
659;2
660;1
661;0
662;0
663;2
664;0
665;0
666;0
667;0
668;2
669;0
670;2
671;2
672;1
673;0
674;0
675;0
676;0
677;0
678;0
679;0
680;1
681;2
682;1
683;0
684;0
685;0
686;0
687;0
688;1
689;0
690;0
691;2
692;1
693;0
694;0
695;0
696;0
697;0
698;0
699;1
700;0
701;0
702;0
703;0
704;0
705;0
706;1
707;0
708;1
709;0
710;0
711;2
712;2
713;0
714;2
715;2
716;2
717;0
718;2
719;2
720;2
721;2
722;1
723;0
724;0
725;0
726;0
727;2
728;1
729;1
730;0
731;0
732;0
733;2
734;0
735;0
736;1
737;0
738;2
739;1
740;1
741;0
742;0
743;1
744;1
745;0
746;2
747;2
748;2
749;2
750;2
751;0
752;2
753;0
754;0
755;0
756;0
757;0
758;0
759;0
760;0
761;0
762;0
763;0
764;0
765;0
766;0
767;1
768;0
769;2
770;0
771;0
772;0
773;0
774;0
775;0
776;0
777;1
778;0
779;0
780;1
781;0
782;0
783;2
784;0
785;0
786;1
787;0
788;2
789;0
790;0
791;0
792;1
793;0
794;0
795;0
796;0
797;2
798;0
799;0
800;0
801;2
802;2
803;0
804;1
805;0
806;1
807;0
808;0
809;2
810;2
811;2
812;2
813;1
814;0
815;0
816;0
817;0
818;0
819;0
820;2
821;2
822;0
823;0
824;0
825;1
826;0
827;1
828;2
829;1
830;0
831;0
832;1
833;1
834;0
835;1
836;1
837;0
838;0
839;0
840;2
841;0
842;1
843;0
844;0
845;0
846;2
847;0
848;0
849;0
850;0
851;2
852;2
853;0
854;1
855;0
856;2
857;0
858;0
859;1
860;0
861;0
862;0
863;2
864;2
865;0
866;2
867;2
868;2
869;0
870;2
871;0
872;2
873;0
874;0
875;0
876;0
877;0
878;0
879;0
880;2
881;0
882;0
883;0
884;0
885;0
886;0
887;0
888;1
889;0
890;0
891;0
892;0
893;0
894;2
895;0
896;1
897;0
898;0
899;0
900;0
901;2
902;0
903;0
904;2
905;0
906;0
907;0
908;2
909;0
910;0
911;2
912;1
913;0
914;0
915;0
916;2
917;0
918;2
919;1
920;0
921;0
922;0
923;0
924;1
925;0
926;0
927;0
928;0
929;1
930;0
931;0
932;1
933;0
934;0
935;0
936;1
937;0
938;2
939;0
940;1
941;0
942;0
943;0
944;0
945;1
946;0
947;1
948;0
949;1
950;2
951;0
952;1
953;1
954;1
955;0
956;0
957;2
958;2
959;0
960;0
961;1
962;1
963;0
964;0
965;0
966;0
967;0
968;1
969;0
970;2
971;0
972;0
973;0
974;0
975;2
976;0
977;0
978;0
979;0
980;0
981;0
982;0
983;0
984;0
985;1
986;0
987;0
988;0
989;0
990;2
991;0
992;0
993;0
994;1
995;0
996;2
997;2
998;1
999;0
1000;1
1001;0
1002;0
1003;0
1004;1
1005;0
1006;2
1007;0
1008;2
1009;0
1010;0
1011;2
1012;1
1013;0
1014;1
1015;1
1016;0
1017;0
1018;0
1019;0
1020;0
1021;0
1022;0
1023;0
