0;1
1;0
2;0
3;0
4;2
5;0
6;2
7;2
8;2
9;0
10;0
11;0
12;1
13;0
14;1
15;0
16;0
17;0
18;2
19;0
20;2
21;1
22;0
23;0
24;0
25;0
26;0
27;0
28;2
29;0
30;0
31;0
32;1
33;2
34;2
35;0
36;1
37;1
38;0
39;0
40;1
41;0
42;1
43;0
44;0
45;0
46;2
47;0
48;0
49;0
50;0
51;0
52;2
53;0
54;0
55;0
56;0
57;0
58;0
59;0
60;2
61;0
62;0
63;2
64;0
65;0
66;0
67;0
68;0
69;0
70;0
71;0
72;0
73;0
74;0
75;0
76;2
77;2
78;2
79;1
80;0
81;0
82;0
83;0
84;0
85;0
86;0
87;0
88;2
89;1
90;0
91;2
92;2
93;0
94;2
95;0
96;0
97;0
98;0
99;2
100;0
101;0
102;2
103;2
104;1
105;0
106;0
107;2
108;4
109;2
110;2
111;2
112;2
113;0
114;0
115;0
116;2
117;2
118;2
119;0
120;2
121;0
122;0
123;0
124;0
125;0
126;0
127;1
128;1
129;0
130;0
131;0
132;2
133;2
134;0
135;1
136;0
137;0
138;0
139;0
140;4
141;0
142;0
143;2
144;0
145;0
146;0
147;0
148;2
149;0
150;2
151;0
152;1
153;0
154;0
155;0
156;0
157;0
158;0
159;0
160;1
161;0
162;0
163;1
164;1
165;0
166;2
167;2
168;2
169;0
170;2
171;0
172;2
173;0
174;2
175;1
176;0
177;2
178;2
179;0
180;0
181;0
182;2
183;0
184;0
185;0
186;0
187;0
188;1
189;0
190;0
191;0
192;0
193;0
194;2
195;2
196;0
197;2
198;2
199;0
200;0
201;1
202;0
203;0
204;2
205;2
206;2
207;0
208;0
209;0
210;0
211;0
212;0
213;0
214;0
215;0
216;0
217;0
218;2
219;2
220;1
221;0
222;0
223;2
224;4
225;0
226;2
227;1
228;0
229;0
230;2
231;0
232;2
233;0
234;0
235;0
236;0
237;0
238;2
239;0
240;1
241;0
242;0
243;0
244;0
245;0
246;2
247;0
248;0
249;2
250;0
251;0
252;0
253;0
254;0
255;1
256;0
257;0
258;0
259;0
260;0
261;0
262;0
263;0
264;0
265;2
266;0
267;0
268;2
269;0
270;1
271;0
272;0
273;2
274;0
275;1
276;0
277;1
278;0
279;0
280;0
281;1
282;2
283;0
284;0
285;0
286;0
287;0
288;0
289;0
290;2
291;0
292;0
293;2
294;2
295;0
296;4
297;2
298;2
299;0
300;2
301;0
302;0
303;0
304;2
305;0
306;0
307;2
308;0
309;0
310;0
311;0
312;0
313;0
314;0
315;0
316;0
317;0
318;0
319;0
320;2
321;0
322;1
323;2
324;0
325;1
326;0
327;0
328;0
329;0
330;0
331;0
332;0
333;0
334;0
335;0
336;0
337;2
338;2
339;1
340;1
341;0
342;0
343;0
344;1
345;0
346;2
347;0
348;0
349;0
350;0
351;1
352;2
353;0
354;0
355;1
356;0
357;0
358;0
359;2
360;1
361;0
362;0
363;2
364;2
365;1
366;0
367;0
368;2
369;0
370;0
371;0
372;0
373;0
374;0
375;2
376;0
377;1
378;0
379;2
380;2
381;2
382;2
383;2
384;2
385;2
386;2
387;0
388;0
389;2
390;0
391;0
392;0
393;2
394;0
395;0
396;0
397;1
398;0
399;2
400;0
401;0
402;0
403;0
404;2
405;0
406;0
407;0
408;1
409;0
410;2
411;2
412;1
413;0
414;0
415;2
416;2
417;0
418;0
419;2
420;1
421;0
422;0
423;0
424;0
425;0
426;0
427;0
428;0
429;0
430;2
431;0
432;2
433;2
434;0
435;0
436;2
437;0
438;0
439;0
440;2
441;0
442;2
443;0
444;0
445;2
446;2
447;2
448;0
449;1
450;0
451;2
452;2
453;0
454;0
455;0
456;2
457;1
458;0
459;2
460;2
461;0
462;2
463;0
464;0
465;0
466;0
467;0
468;0
469;0
470;1
471;1
472;0
473;2
474;2
475;1
476;0
477;0
478;0
479;0
480;1
481;0
482;1
483;0
484;1
485;1
486;0
487;2
488;0
489;0
490;2
491;2
492;1
493;0
494;0
495;2
496;4
497;0
498;2
499;0
500;2
501;0
502;2
503;0
504;2
505;0
506;2
507;0
508;2
509;0
510;2
511;0
512;0
513;0
514;0
515;1
516;0
517;0
518;0
519;2
520;4
521;0
522;2
523;2
524;2
525;0
526;0
527;0
528;2
529;2
530;0
531;1
532;0
533;0
534;0
535;0
536;2
537;0
538;0
539;0
540;0
541;2
542;0
543;0
544;1
545;0
546;1
547;0
548;1
549;1
550;0
551;0
552;0
553;0
554;0
555;0
556;0
557;0
558;0
559;0
560;2
561;1
562;2
563;1
564;0
565;2
566;0
567;0
568;0
569;2
570;2
571;0
572;0
573;2
574;2
575;2
576;0
577;0
578;2
579;2
580;2
581;0
582;0
583;0
584;1
585;0
586;0
587;0
588;0
589;0
590;0
591;1
592;0
593;0
594;0
595;0
596;1
597;0
598;2
599;0
600;0
601;0
602;2
603;1
604;0
605;0
606;0
607;1
608;1
609;2
610;2
611;0
612;0
613;0
614;2
615;0
616;2
617;2
618;2
619;0
620;0
621;0
622;0
623;0
624;0
625;1
626;0
627;2
628;2
629;2
630;2
631;0
632;0
633;0
634;0
635;0
636;0
637;0
638;0
639;0
640;2
641;2
642;0
643;0
644;1
645;0
646;0
647;0
648;0
649;0
650;0
651;0
652;1
653;0
654;0
655;0
656;1
657;0
658;0
659;0
660;2
661;0
662;0
663;2
664;2
665;0
666;0
667;0
668;1
669;0
670;0
671;0
672;2
673;0
674;0
675;0
676;0
677;2
678;2
679;0
680;0
681;0
682;0
683;2
684;2
685;2
686;0
687;0
688;2
689;1
690;1
691;0
692;2
693;0
694;0
695;0
696;0
697;0
698;0
699;0
700;0
701;0
702;2
703;0
704;2
705;0
706;0
707;0
708;0
709;0
710;0
711;0
712;0
713;0
714;1
715;0
716;0
717;0
718;0
719;0
720;0
721;0
722;0
723;0
724;0
725;0
726;1
727;0
728;0
729;0
730;0
731;0
732;0
733;0
734;0
735;2
736;2
737;2
738;1
739;1
740;0
741;0
742;0
743;0
744;0
745;0
746;2
747;2
748;0
749;1
750;0
751;0
752;1
753;0
754;0
755;0
756;0
757;0
758;0
759;0
760;1
761;0
762;1
763;0
764;0
765;0
766;0
767;1
768;0
769;1
770;0
771;0
772;0
773;0
774;0
775;0
776;1
777;0
778;0
779;0
780;2
781;0
782;2
783;2
784;0
785;2
786;2
787;0
788;0
789;2
790;0
791;0
792;1
793;0
794;2
795;0
796;0
797;1
798;2
799;1
800;0
801;2
802;0
803;0
804;1
805;0
806;0
807;0
808;0
809;0
810;0
811;2
812;0
813;0
814;2
815;0
816;0
817;1
818;0
819;2
820;0
821;0
822;1
823;0
824;1
825;0
826;0
827;0
828;2
829;0
830;2
831;1
832;1
833;0
834;2
835;0
836;0
837;0
838;0
839;0
840;0
841;1
842;0
843;0
844;0
845;2
846;0
847;1
848;0
849;0
850;0
851;0
852;0
853;0
854;1
855;0
856;0
857;0
858;1
859;0
860;1
861;1
862;0
863;0
864;0
865;0
866;2
867;0
868;1
869;1
870;0
871;0
872;2
873;0
874;0
875;1
876;0
877;0
878;0
879;0
880;2
881;2
882;2
883;2
884;1
885;0
886;1
887;0
888;1
889;0
890;0
891;0
892;4
893;0
894;2
895;2
896;2
897;0
898;2
899;0
900;2
901;0
902;1
903;2
904;1
905;0
906;1
907;1
908;2
909;0
910;2
911;0
912;0
913;0
914;2
915;0
916;0
917;2
918;2
919;0
920;0
921;0
922;0
923;0
924;0
925;2
926;2
927;0
928;0
929;0
930;0
931;0
932;1
933;1
934;0
935;0
936;0
937;0
938;2
939;0
940;0
941;2
942;0
943;0
944;1
945;2
946;1
947;1
948;1
949;0
950;0
951;0
952;0
953;0
954;2
955;2
956;1
957;1
958;2
959;0
960;0
961;0
962;0
963;0
964;0
965;0
966;2
967;0
968;0
969;0
970;0
971;0
972;0
973;2
974;0
975;0
976;0
977;0
978;2
979;0
980;0
981;0
982;0
983;1
984;0
985;0
986;2
987;0
988;0
989;0
990;2
991;0
992;0
993;0
994;2
995;2
996;1
997;0
998;2
999;0
1000;0
1001;2
1002;2
1003;2
1004;2
1005;0
1006;0
1007;0
1008;2
1009;0
1010;0
1011;1
1012;0
1013;0
1014;1
1015;0
1016;0
1017;0
1018;0
1019;0
1020;0
1021;0
1022;0
1023;0
