0;1
1;0
2;0
3;1
4;0
5;0
6;2
7;2
8;2
9;0
10;2
11;0
12;0
13;0
14;0
15;0
16;1
17;2
18;1
19;0
20;1
21;0
22;2
23;2
24;1
25;1
26;0
27;2
28;2
29;0
30;0
31;2
32;0
33;0
34;0
35;0
36;0
37;0
38;0
39;0
40;0
41;0
42;0
43;0
44;0
45;1
46;0
47;0
48;0
49;0
50;2
51;0
52;0
53;0
54;0
55;0
56;0
57;1
58;0
59;2
60;0
61;0
62;0
63;0
64;0
65;0
66;0
67;0
68;0
69;2
70;2
71;2
72;1
73;0
74;0
75;0
76;0
77;0
78;0
79;0
80;2
81;0
82;2
83;0
84;1
85;1
86;1
87;0
88;0
89;0
90;2
91;0
92;0
93;0
94;0
95;0
96;2
97;0
98;2
99;1
100;0
101;0
102;2
103;0
104;0
105;0
106;0
107;0
108;0
109;2
110;0
111;0
112;0
113;0
114;1
115;0
116;0
117;0
118;0
119;0
120;1
121;2
122;0
123;0
124;0
125;0
126;0
127;0
128;0
129;0
130;0
131;0
132;0
133;1
134;1
135;0
136;1
137;0
138;0
139;0
140;2
141;0
142;2
143;0
144;1
145;0
146;0
147;0
148;0
149;2
150;2
151;2
152;1
153;0
154;0
155;0
156;0
157;0
158;0
159;0
160;0
161;0
162;2
163;0
164;0
165;0
166;0
167;0
168;1
169;0
170;0
171;2
172;4
173;0
174;2
175;2
176;2
177;0
178;2
179;0
180;1
181;1
182;1
183;0
184;1
185;0
186;0
187;0
188;0
189;0
190;0
191;0
192;0
193;0
194;2
195;1
196;2
197;1
198;0
199;0
200;0
201;1
202;0
203;2
204;1
205;0
206;0
207;1
208;0
209;2
210;1
211;0
212;2
213;0
214;0
215;0
216;0
217;0
218;1
219;0
220;0
221;0
222;0
223;0
224;0
225;0
226;0
227;2
228;1
229;0
230;0
231;0
232;0
233;0
234;2
235;2
236;1
237;0
238;0
239;0
240;4
241;0
242;1
243;2
244;0
245;0
246;2
247;0
248;2
249;0
250;0
251;2
252;0
253;0
254;0
255;0
256;0
257;1
258;0
259;1
260;0
261;0
262;0
263;2
264;2
265;0
266;0
267;2
268;2
269;0
270;2
271;0
272;2
273;0
274;0
275;0
276;0
277;0
278;2
279;2
280;1
281;0
282;0
283;0
284;2
285;0
286;2
287;1
288;0
289;0
290;0
291;0
292;2
293;0
294;0
295;2
296;1
297;0
298;0
299;0
300;0
301;1
302;0
303;0
304;1
305;0
306;0
307;0
308;0
309;0
310;0
311;0
312;0
313;0
314;0
315;0
316;1
317;0
318;0
319;0
320;0
321;0
322;1
323;0
324;0
325;0
326;0
327;0
328;1
329;2
330;2
331;0
332;0
333;0
334;0
335;0
336;0
337;1
338;1
339;0
340;0
341;0
342;1
343;0
344;1
345;0
346;0
347;2
348;2
349;1
350;0
351;2
352;4
353;0
354;0
355;1
356;0
357;1
358;0
359;2
360;2
361;2
362;2
363;1
364;0
365;1
366;0
367;0
368;0
369;0
370;0
371;0
372;2
373;0
374;0
375;0
376;0
377;0
378;0
379;2
380;2
381;0
382;0
383;0
384;0
385;0
386;0
387;0
388;1
389;0
390;0
391;2
392;1
393;0
394;0
395;2
396;4
397;0
398;0
399;2
400;2
401;0
402;2
403;0
404;1
405;0
406;0
407;2
408;1
409;0
410;0
411;2
412;4
413;0
414;2
415;1
416;0
417;0
418;2
419;0
420;2
421;2
422;2
423;0
424;0
425;1
426;1
427;0
428;2
429;1
430;0
431;0
432;1
433;0
434;0
435;0
436;1
437;2
438;0
439;0
440;0
441;1
442;0
443;2
444;2
445;0
446;0
447;0
448;0
449;0
450;0
451;0
452;0
453;0
454;2
455;1
456;0
457;0
458;0
459;0
460;0
461;0
462;0
463;0
464;0
465;0
466;0
467;0
468;0
469;0
470;1
471;0
472;2
473;2
474;0
475;0
476;2
477;0
478;2
479;2
480;2
481;0
482;0
483;0
484;1
485;2
486;1
487;0
488;0
489;0
490;2
491;2
492;1
493;0
494;0
495;0
496;2
497;0
498;0
499;2
500;4
501;0
502;0
503;0
504;0
505;0
506;0
507;0
508;2
509;0
510;0
511;0
512;1
513;2
514;2
515;2
516;2
517;0
518;0
519;0
520;1
521;0
522;1
523;0
524;2
525;2
526;2
527;2
528;0
529;0
530;0
531;1
532;0
533;2
534;0
535;0
536;0
537;0
538;0
539;0
540;0
541;0
542;0
543;1
544;0
545;1
546;0
547;0
548;0
549;2
550;2
551;1
552;0
553;2
554;0
555;0
556;0
557;0
558;2
559;1
560;0
561;0
562;0
563;0
564;2
565;0
566;2
567;2
568;2
569;0
570;0
571;0
572;0
573;0
574;0
575;0
576;0
577;1
578;0
579;0
580;2
581;1
582;0
583;0
584;2
585;0
586;0
587;0
588;0
589;2
590;0
591;1
592;1
593;0
594;0
595;0
596;0
597;0
598;0
599;0
600;0
601;0
602;0
603;0
604;1
605;0
606;0
607;0
608;0
609;0
610;2
611;2
612;2
613;0
614;2
615;0
616;2
617;0
618;0
619;0
620;0
621;0
622;2
623;2
624;2
625;1
626;0
627;0
628;0
629;0
630;0
631;0
632;0
633;0
634;0
635;0
636;2
637;0
638;0
639;2
640;0
641;0
642;1
643;0
644;0
645;2
646;0
647;0
648;0
649;2
650;2
651;0
652;2
653;0
654;2
655;1
656;2
657;0
658;0
659;2
660;2
661;2
662;1
663;0
664;0
665;2
666;0
667;0
668;2
669;2
670;2
671;2
672;2
673;0
674;0
675;0
676;2
677;0
678;2
679;0
680;0
681;0
682;0
683;0
684;2
685;2
686;0
687;2
688;2
689;0
690;0
691;0
692;0
693;0
694;0
695;0
696;0
697;0
698;0
699;0
700;0
701;2
702;0
703;0
704;2
705;2
706;0
707;0
708;0
709;0
710;2
711;0
712;0
713;0
714;0
715;0
716;4
717;0
718;0
719;1
720;0
721;1
722;0
723;2
724;2
725;0
726;0
727;0
728;1
729;0
730;0
731;0
732;1
733;0
734;0
735;0
736;0
737;0
738;2
739;2
740;1
741;0
742;0
743;2
744;2
745;0
746;2
747;0
748;2
749;0
750;2
751;0
752;1
753;0
754;0
755;0
756;0
757;0
758;0
759;1
760;0
761;2
762;0
763;2
764;2
765;2
766;2
767;2
768;1
769;0
770;0
771;2
772;2
773;0
774;2
775;2
776;2
777;0
778;0
779;0
780;1
781;0
782;0
783;0
784;0
785;2
786;0
787;0
788;2
789;0
790;0
791;0
792;1
793;0
794;0
795;0
796;0
797;0
798;0
799;0
800;2
801;0
802;0
803;0
804;0
805;0
806;2
807;0
808;2
809;0
810;0
811;0
812;0
813;0
814;0
815;0
816;0
817;2
818;2
819;1
820;0
821;2
822;0
823;0
824;0
825;2
826;2
827;2
828;1
829;0
830;1
831;0
832;1
833;0
834;0
835;0
836;2
837;1
838;2
839;0
840;0
841;2
842;2
843;2
844;1
845;0
846;0
847;0
848;0
849;0
850;2
851;2
852;2
853;0
854;0
855;0
856;0
857;2
858;0
859;0
860;0
861;0
862;1
863;0
864;0
865;0
866;1
867;1
868;0
869;1
870;0
871;2
872;2
873;1
874;0
875;2
876;0
877;0
878;0
879;0
880;2
881;0
882;2
883;0
884;0
885;0
886;2
887;0
888;1
889;0
890;0
891;0
892;0
893;2
894;0
895;0
896;2
897;0
898;0
899;0
900;1
901;0
902;0
903;0
904;0
905;2
906;0
907;0
908;2
909;0
910;0
911;0
912;1
913;0
914;0
915;0
916;0
917;2
918;2
919;2
920;2
921;2
922;0
923;0
924;0
925;0
926;0
927;0
928;0
929;0
930;0
931;0
932;2
933;0
934;0
935;2
936;0
937;0
938;0
939;2
940;2
941;0
942;0
943;0
944;0
945;0
946;2
947;1
948;0
949;0
950;0
951;0
952;0
953;0
954;1
955;0
956;1
957;1
958;0
959;0
960;1
961;0
962;0
963;0
964;2
965;1
966;0
967;0
968;1
969;0
970;2
971;0
972;0
973;0
974;0
975;2
976;1
977;0
978;0
979;1
980;0
981;0
982;2
983;0
984;0
985;0
986;1
987;0
988;1
989;0
990;2
991;0
992;0
993;1
994;1
995;0
996;0
997;1
998;0
999;1
1000;1
1001;0
1002;0
1003;2
1004;0
1005;1
1006;1
1007;0
1008;0
1009;0
1010;0
1011;0
1012;1
1013;0
1014;1
1015;1
1016;0
1017;0
1018;0
1019;0
1020;0
1021;0
1022;0
1023;0
