0;1
1;0
2;0
3;2
4;4
5;0
6;2
7;2
8;0
9;0
10;2
11;0
12;2
13;0
14;0
15;0
16;0
17;0
18;1
19;0
20;1
21;0
22;0
23;1
24;0
25;1
26;2
27;0
28;1
29;0
30;0
31;2
32;0
33;0
34;0
35;0
36;0
37;0
38;0
39;0
40;0
41;0
42;1
43;0
44;0
45;0
46;0
47;0
48;1
49;0
50;0
51;0
52;0
53;0
54;0
55;0
56;0
57;1
58;0
59;2
60;1
61;1
62;0
63;0
64;0
65;0
66;0
67;0
68;0
69;2
70;2
71;1
72;0
73;0
74;0
75;0
76;0
77;2
78;0
79;0
80;2
81;0
82;0
83;0
84;0
85;2
86;0
87;0
88;0
89;2
90;1
91;0
92;2
93;0
94;0
95;0
96;2
97;0
98;0
99;0
100;0
101;0
102;2
103;2
104;0
105;0
106;0
107;0
108;0
109;2
110;0
111;0
112;0
113;0
114;0
115;1
116;0
117;0
118;0
119;0
120;2
121;1
122;1
123;0
124;1
125;0
126;0
127;0
128;2
129;0
130;0
131;0
132;2
133;0
134;1
135;0
136;0
137;0
138;2
139;2
140;1
141;0
142;2
143;0
144;0
145;0
146;0
147;0
148;0
149;0
150;2
151;0
152;0
153;0
154;0
155;0
156;0
157;0
158;0
159;0
160;0
161;0
162;2
163;0
164;0
165;0
166;0
167;0
168;0
169;0
170;0
171;0
172;2
173;0
174;0
175;0
176;2
177;2
178;2
179;2
180;1
181;0
182;0
183;2
184;2
185;0
186;2
187;2
188;2
189;0
190;2
191;0
192;2
193;0
194;0
195;2
196;0
197;2
198;2
199;2
200;2
201;0
202;2
203;0
204;0
205;0
206;0
207;0
208;0
209;0
210;0
211;0
212;0
213;0
214;0
215;2
216;2
217;0
218;0
219;0
220;0
221;2
222;2
223;2
224;2
225;0
226;0
227;0
228;0
229;0
230;0
231;0
232;2
233;2
234;1
235;2
236;2
237;0
238;0
239;2
240;0
241;0
242;2
243;2
244;2
245;0
246;0
247;0
248;1
249;0
250;2
251;1
252;0
253;0
254;0
255;0
256;0
257;0
258;2
259;2
260;1
261;0
262;0
263;2
264;2
265;0
266;2
267;2
268;2
269;0
270;2
271;0
272;2
273;2
274;2
275;2
276;1
277;0
278;0
279;1
280;0
281;0
282;0
283;0
284;0
285;0
286;0
287;2
288;0
289;0
290;0
291;0
292;2
293;0
294;0
295;0
296;1
297;0
298;2
299;2
300;1
301;0
302;0
303;1
304;4
305;0
306;2
307;0
308;2
309;0
310;2
311;0
312;1
313;0
314;0
315;0
316;0
317;1
318;1
319;0
320;0
321;0
322;0
323;0
324;0
325;0
326;0
327;0
328;1
329;0
330;0
331;1
332;2
333;0
334;0
335;0
336;2
337;0
338;0
339;0
340;1
341;0
342;0
343;1
344;2
345;0
346;0
347;0
348;2
349;0
350;0
351;0
352;2
353;0
354;0
355;0
356;2
357;0
358;0
359;0
360;2
361;0
362;1
363;0
364;4
365;0
366;0
367;0
368;2
369;2
370;2
371;2
372;1
373;0
374;1
375;0
376;1
377;0
378;0
379;2
380;4
381;0
382;0
383;2
384;2
385;0
386;2
387;0
388;1
389;0
390;1
391;0
392;0
393;0
394;0
395;0
396;1
397;0
398;0
399;0
400;2
401;1
402;0
403;2
404;2
405;0
406;0
407;0
408;0
409;0
410;0
411;0
412;2
413;2
414;2
415;2
416;2
417;0
418;0
419;0
420;1
421;0
422;0
423;2
424;1
425;0
426;0
427;2
428;4
429;0
430;2
431;2
432;2
433;0
434;2
435;0
436;2
437;0
438;2
439;2
440;2
441;2
442;0
443;0
444;0
445;0
446;2
447;0
448;2
449;0
450;0
451;0
452;1
453;2
454;0
455;0
456;0
457;0
458;1
459;2
460;1
461;0
462;0
463;0
464;2
465;0
466;0
467;2
468;0
469;0
470;0
471;0
472;2
473;0
474;0
475;0
476;2
477;0
478;0
479;0
480;0
481;2
482;2
483;2
484;2
485;1
486;0
487;0
488;0
489;0
490;0
491;0
492;2
493;2
494;2
495;2
496;2
497;0
498;0
499;1
500;0
501;2
502;0
503;0
504;0
505;0
506;0
507;0
508;2
509;0
510;0
511;0
512;0
513;0
514;1
515;0
516;2
517;0
518;0
519;2
520;0
521;2
522;0
523;0
524;0
525;0
526;0
527;1
528;0
529;0
530;0
531;0
532;0
533;0
534;2
535;2
536;0
537;0
538;0
539;0
540;0
541;0
542;0
543;2
544;0
545;2
546;1
547;0
548;2
549;2
550;2
551;0
552;2
553;0
554;2
555;0
556;0
557;2
558;0
559;1
560;1
561;0
562;0
563;1
564;0
565;0
566;0
567;2
568;1
569;0
570;2
571;2
572;2
573;0
574;2
575;0
576;2
577;1
578;0
579;0
580;0
581;0
582;0
583;2
584;0
585;0
586;1
587;1
588;0
589;0
590;0
591;1
592;0
593;0
594;1
595;0
596;0
597;2
598;2
599;0
600;1
601;0
602;0
603;0
604;1
605;2
606;2
607;0
608;2
609;2
610;0
611;2
612;2
613;2
614;0
615;2
616;2
617;0
618;1
619;0
620;0
621;0
622;0
623;0
624;2
625;2
626;1
627;0
628;0
629;0
630;0
631;0
632;2
633;0
634;0
635;4
636;0
637;0
638;0
639;1
640;2
641;2
642;2
643;2
644;2
645;0
646;0
647;0
648;1
649;0
650;0
651;0
652;0
653;1
654;0
655;0
656;2
657;2
658;0
659;0
660;2
661;0
662;0
663;0
664;1
665;0
666;0
667;2
668;1
669;0
670;0
671;2
672;2
673;0
674;2
675;1
676;2
677;0
678;2
679;2
680;0
681;0
682;0
683;0
684;4
685;0
686;0
687;0
688;0
689;2
690;2
691;2
692;2
693;0
694;0
695;0
696;1
697;0
698;0
699;0
700;1
701;0
702;0
703;0
704;0
705;0
706;0
707;0
708;0
709;0
710;0
711;0
712;0
713;0
714;2
715;1
716;0
717;0
718;0
719;1
720;4
721;0
722;2
723;1
724;0
725;0
726;0
727;0
728;1
729;1
730;0
731;0
732;1
733;0
734;0
735;2
736;1
737;0
738;0
739;2
740;1
741;0
742;0
743;2
744;2
745;0
746;0
747;2
748;2
749;0
750;0
751;0
752;0
753;0
754;2
755;0
756;0
757;0
758;0
759;0
760;2
761;2
762;0
763;0
764;0
765;0
766;0
767;0
768;0
769;0
770;0
771;1
772;0
773;0
774;2
775;1
776;0
777;0
778;0
779;2
780;4
781;0
782;2
783;2
784;2
785;0
786;0
787;0
788;2
789;2
790;2
791;0
792;0
793;0
794;0
795;0
796;1
797;1
798;1
799;0
800;0
801;2
802;2
803;1
804;0
805;0
806;0
807;0
808;1
809;0
810;0
811;0
812;1
813;0
814;0
815;0
816;0
817;2
818;0
819;0
820;0
821;2
822;2
823;2
824;1
825;0
826;0
827;0
828;0
829;0
830;2
831;2
832;2
833;0
834;0
835;0
836;2
837;0
838;1
839;0
840;0
841;0
842;0
843;0
844;0
845;1
846;0
847;0
848;0
849;1
850;0
851;1
852;0
853;0
854;1
855;0
856;2
857;0
858;2
859;2
860;2
861;0
862;2
863;2
864;2
865;0
866;2
867;0
868;0
869;0
870;0
871;1
872;0
873;0
874;1
875;0
876;0
877;0
878;0
879;0
880;1
881;2
882;0
883;0
884;0
885;0
886;0
887;0
888;0
889;0
890;0
891;0
892;0
893;0
894;0
895;0
896;0
897;0
898;0
899;1
900;0
901;0
902;2
903;0
904;1
905;0
906;2
907;0
908;4
909;2
910;2
911;2
912;1
913;0
914;0
915;0
916;2
917;0
918;0
919;0
920;0
921;2
922;0
923;0
924;0
925;0
926;0
927;0
928;0
929;0
930;2
931;0
932;0
933;2
934;0
935;0
936;2
937;1
938;0
939;1
940;0
941;0
942;0
943;0
944;1
945;0
946;0
947;0
948;1
949;0
950;1
951;0
952;0
953;1
954;0
955;0
956;0
957;1
958;2
959;0
960;1
961;0
962;0
963;0
964;0
965;1
966;0
967;2
968;0
969;0
970;0
971;2
972;1
973;0
974;0
975;0
976;2
977;0
978;2
979;2
980;2
981;2
982;2
983;0
984;2
985;0
986;0
987;0
988;2
989;0
990;0
991;0
992;0
993;2
994;1
995;0
996;2
997;0
998;0
999;0
1000;1
1001;2
1002;1
1003;0
1004;0
1005;0
1006;0
1007;0
1008;2
1009;0
1010;2
1011;0
1012;1
1013;0
1014;0
1015;1
1016;0
1017;0
1018;0
1019;0
1020;0
1021;0
1022;0
1023;0
