0;1
1;0
2;0
3;0
4;0
5;0
6;2
7;1
8;0
9;0
10;0
11;0
12;0
13;0
14;1
15;0
16;0
17;0
18;2
19;2
20;2
21;2
22;0
23;2
24;0
25;1
26;0
27;2
28;0
29;0
30;0
31;0
32;1
33;0
34;2
35;0
36;1
37;0
38;1
39;0
40;0
41;0
42;1
43;0
44;2
45;0
46;2
47;0
48;0
49;1
50;0
51;0
52;2
53;0
54;0
55;0
56;0
57;1
58;0
59;0
60;1
61;1
62;0
63;2
64;0
65;0
66;0
67;0
68;0
69;0
70;0
71;0
72;1
73;0
74;0
75;0
76;1
77;0
78;2
79;2
80;2
81;0
82;0
83;0
84;0
85;0
86;0
87;0
88;2
89;2
90;2
91;2
92;2
93;0
94;2
95;0
96;0
97;0
98;2
99;0
100;0
101;0
102;1
103;0
104;0
105;0
106;0
107;1
108;1
109;0
110;0
111;1
112;0
113;1
114;0
115;0
116;1
117;0
118;0
119;0
120;0
121;0
122;0
123;1
124;2
125;0
126;0
127;0
128;0
129;0
130;2
131;1
132;0
133;0
134;0
135;0
136;0
137;0
138;0
139;0
140;1
141;2
142;0
143;0
144;2
145;0
146;1
147;0
148;0
149;1
150;0
151;0
152;2
153;1
154;0
155;0
156;0
157;0
158;0
159;0
160;0
161;0
162;0
163;0
164;1
165;0
166;0
167;0
168;0
169;0
170;1
171;1
172;0
173;2
174;0
175;0
176;0
177;2
178;2
179;0
180;0
181;0
182;0
183;0
184;0
185;0
186;1
187;1
188;0
189;1
190;1
191;0
192;0
193;2
194;1
195;0
196;2
197;1
198;0
199;2
200;0
201;0
202;2
203;1
204;0
205;0
206;0
207;0
208;0
209;0
210;0
211;0
212;2
213;0
214;2
215;0
216;0
217;0
218;0
219;0
220;0
221;2
222;0
223;0
224;2
225;0
226;0
227;2
228;1
229;2
230;0
231;2
232;1
233;0
234;1
235;0
236;0
237;0
238;2
239;1
240;0
241;0
242;0
243;2
244;2
245;0
246;0
247;2
248;1
249;0
250;2
251;2
252;0
253;2
254;0
255;0
256;0
257;0
258;2
259;0
260;1
261;0
262;0
263;0
264;0
265;2
266;1
267;0
268;0
269;0
270;2
271;0
272;0
273;0
274;0
275;0
276;0
277;0
278;0
279;0
280;2
281;0
282;0
283;0
284;1
285;0
286;0
287;0
288;0
289;1
290;1
291;1
292;0
293;0
294;0
295;0
296;0
297;0
298;0
299;0
300;0
301;0
302;0
303;0
304;2
305;1
306;2
307;2
308;1
309;0
310;0
311;0
312;4
313;0
314;0
315;0
316;1
317;1
318;0
319;2
320;2
321;2
322;1
323;0
324;0
325;1
326;0
327;0
328;1
329;0
330;0
331;2
332;0
333;2
334;0
335;0
336;2
337;2
338;0
339;0
340;0
341;0
342;0
343;2
344;0
345;1
346;0
347;2
348;2
349;1
350;0
351;1
352;0
353;2
354;0
355;0
356;0
357;0
358;0
359;2
360;0
361;2
362;0
363;0
364;0
365;0
366;2
367;2
368;0
369;0
370;0
371;0
372;2
373;0
374;0
375;0
376;0
377;0
378;1
379;0
380;0
381;2
382;2
383;0
384;0
385;0
386;2
387;0
388;2
389;2
390;2
391;0
392;0
393;0
394;0
395;0
396;2
397;0
398;2
399;0
400;0
401;0
402;2
403;1
404;0
405;0
406;0
407;0
408;0
409;1
410;0
411;0
412;2
413;2
414;0
415;2
416;2
417;0
418;2
419;0
420;1
421;0
422;0
423;0
424;0
425;1
426;0
427;0
428;0
429;0
430;1
431;0
432;2
433;2
434;0
435;0
436;0
437;0
438;0
439;0
440;1
441;1
442;2
443;1
444;0
445;0
446;0
447;1
448;0
449;0
450;2
451;2
452;2
453;0
454;2
455;0
456;0
457;0
458;0
459;0
460;0
461;0
462;0
463;0
464;0
465;0
466;0
467;0
468;0
469;0
470;0
471;0
472;0
473;1
474;0
475;0
476;0
477;1
478;0
479;0
480;0
481;0
482;0
483;0
484;2
485;0
486;0
487;0
488;2
489;2
490;2
491;0
492;1
493;0
494;0
495;0
496;0
497;2
498;2
499;0
500;0
501;0
502;2
503;0
504;0
505;0
506;0
507;0
508;0
509;0
510;2
511;0
512;2
513;0
514;1
515;0
516;0
517;0
518;2
519;2
520;1
521;0
522;1
523;0
524;1
525;0
526;0
527;2
528;1
529;0
530;2
531;0
532;1
533;2
534;0
535;2
536;2
537;1
538;0
539;0
540;2
541;0
542;0
543;0
544;0
545;2
546;2
547;2
548;2
549;2
550;1
551;0
552;0
553;0
554;2
555;0
556;0
557;2
558;2
559;2
560;0
561;0
562;0
563;0
564;0
565;0
566;0
567;0
568;0
569;0
570;0
571;0
572;2
573;2
574;0
575;0
576;0
577;0
578;0
579;0
580;0
581;1
582;0
583;0
584;1
585;0
586;0
587;0
588;0
589;1
590;0
591;0
592;2
593;0
594;0
595;0
596;0
597;0
598;0
599;0
600;0
601;0
602;0
603;0
604;2
605;0
606;4
607;0
608;0
609;0
610;0
611;0
612;0
613;0
614;2
615;0
616;0
617;2
618;0
619;0
620;2
621;1
622;1
623;0
624;1
625;2
626;0
627;0
628;1
629;0
630;0
631;0
632;0
633;0
634;0
635;0
636;2
637;0
638;0
639;2
640;0
641;0
642;0
643;0
644;0
645;2
646;1
647;1
648;0
649;0
650;2
651;0
652;0
653;0
654;0
655;0
656;0
657;0
658;1
659;0
660;0
661;2
662;0
663;0
664;0
665;2
666;0
667;2
668;1
669;0
670;2
671;2
672;0
673;0
674;0
675;0
676;0
677;0
678;0
679;1
680;0
681;0
682;0
683;0
684;1
685;0
686;0
687;0
688;0
689;0
690;0
691;0
692;1
693;0
694;0
695;0
696;0
697;0
698;0
699;0
700;0
701;0
702;2
703;0
704;0
705;0
706;2
707;0
708;0
709;0
710;0
711;1
712;1
713;0
714;2
715;2
716;2
717;0
718;2
719;0
720;2
721;0
722;0
723;0
724;0
725;0
726;0
727;0
728;2
729;0
730;0
731;0
732;0
733;0
734;0
735;0
736;1
737;0
738;0
739;0
740;0
741;0
742;2
743;0
744;0
745;0
746;2
747;2
748;0
749;2
750;0
751;0
752;0
753;0
754;0
755;2
756;0
757;2
758;0
759;0
760;0
761;0
762;0
763;0
764;0
765;2
766;2
767;0
768;0
769;0
770;1
771;0
772;0
773;2
774;2
775;0
776;0
777;0
778;0
779;0
780;0
781;0
782;2
783;2
784;0
785;0
786;0
787;0
788;0
789;0
790;0
791;0
792;0
793;2
794;0
795;0
796;0
797;1
798;0
799;0
800;0
801;2
802;2
803;0
804;2
805;0
806;0
807;0
808;0
809;0
810;1
811;0
812;0
813;0
814;0
815;0
816;1
817;0
818;2
819;2
820;2
821;0
822;0
823;2
824;0
825;2
826;0
827;0
828;1
829;0
830;0
831;0
832;2
833;0
834;2
835;0
836;0
837;0
838;0
839;0
840;0
841;0
842;2
843;0
844;0
845;0
846;0
847;0
848;0
849;2
850;2
851;0
852;0
853;0
854;0
855;0
856;1
857;1
858;0
859;0
860;0
861;0
862;2
863;2
864;1
865;0
866;0
867;0
868;2
869;0
870;2
871;2
872;2
873;0
874;2
875;0
876;0
877;0
878;1
879;0
880;0
881;0
882;1
883;0
884;0
885;2
886;2
887;0
888;1
889;0
890;0
891;2
892;0
893;0
894;0
895;2
896;0
897;0
898;1
899;1
900;0
901;2
902;0
903;0
904;0
905;2
906;2
907;0
908;0
909;0
910;0
911;0
912;0
913;2
914;0
915;0
916;0
917;0
918;2
919;0
920;0
921;0
922;1
923;1
924;0
925;0
926;1
927;0
928;1
929;0
930;0
931;0
932;0
933;2
934;2
935;2
936;2
937;0
938;2
939;0
940;0
941;2
942;2
943;1
944;0
945;0
946;0
947;0
948;2
949;0
950;0
951;0
952;0
953;2
954;1
955;0
956;0
957;0
958;0
959;0
960;0
961;2
962;2
963;2
964;1
965;0
966;0
967;0
968;0
969;0
970;0
971;2
972;0
973;0
974;2
975;2
976;0
977;0
978;0
979;2
980;0
981;0
982;0
983;0
984;0
985;0
986;0
987;0
988;1
989;0
990;0
991;0
992;1
993;0
994;0
995;0
996;0
997;0
998;2
999;1
1000;0
1001;2
1002;0
1003;0
1004;2
1005;0
1006;0
1007;2
1008;0
1009;0
1010;0
1011;0
1012;1
1013;0
1014;0
1015;1
1016;0
1017;0
1018;0
1019;0
1020;0
1021;0
1022;0
1023;0
