0;0
1;0
2;0
3;2
4;4
5;0
6;2
7;0
8;2
9;0
10;2
11;0
12;2
13;0
14;0
15;0
16;1
17;1
18;0
19;2
20;2
21;2
22;2
23;2
24;1
25;1
26;2
27;2
28;0
29;0
30;0
31;2
32;0
33;0
34;0
35;0
36;0
37;2
38;0
39;0
40;1
41;0
42;0
43;0
44;2
45;0
46;0
47;0
48;0
49;0
50;0
51;0
52;2
53;0
54;0
55;0
56;0
57;1
58;1
59;2
60;2
61;0
62;1
63;2
64;1
65;0
66;0
67;2
68;4
69;0
70;0
71;2
72;2
73;0
74;2
75;0
76;1
77;1
78;0
79;0
80;0
81;0
82;1
83;0
84;1
85;0
86;0
87;0
88;0
89;0
90;0
91;2
92;1
93;0
94;0
95;2
96;4
97;0
98;0
99;0
100;0
101;0
102;2
103;0
104;1
105;0
106;0
107;0
108;1
109;0
110;0
111;0
112;2
113;2
114;1
115;0
116;1
117;0
118;0
119;0
120;0
121;4
122;0
123;0
124;0
125;0
126;1
127;0
128;0
129;2
130;0
131;0
132;0
133;0
134;0
135;0
136;0
137;0
138;0
139;1
140;0
141;2
142;0
143;0
144;2
145;1
146;2
147;2
148;1
149;0
150;0
151;0
152;2
153;0
154;2
155;0
156;1
157;0
158;0
159;0
160;0
161;2
162;1
163;0
164;1
165;0
166;0
167;1
168;0
169;0
170;0
171;2
172;2
173;0
174;2
175;2
176;2
177;2
178;2
179;0
180;2
181;0
182;0
183;0
184;1
185;0
186;0
187;0
188;0
189;0
190;0
191;0
192;0
193;2
194;1
195;0
196;0
197;0
198;0
199;0
200;0
201;0
202;0
203;0
204;0
205;0
206;0
207;0
208;0
209;0
210;0
211;0
212;1
213;0
214;2
215;2
216;1
217;0
218;0
219;0
220;4
221;0
222;2
223;1
224;1
225;2
226;2
227;0
228;1
229;0
230;0
231;0
232;0
233;0
234;0
235;0
236;0
237;0
238;0
239;1
240;2
241;2
242;2
243;2
244;2
245;0
246;0
247;0
248;0
249;0
250;0
251;0
252;0
253;0
254;1
255;0
256;2
257;0
258;0
259;2
260;1
261;0
262;0
263;0
264;0
265;2
266;2
267;2
268;2
269;0
270;0
271;0
272;0
273;0
274;0
275;0
276;0
277;2
278;1
279;2
280;2
281;0
282;2
283;0
284;0
285;0
286;2
287;2
288;2
289;0
290;0
291;0
292;0
293;0
294;0
295;0
296;1
297;0
298;0
299;2
300;1
301;0
302;2
303;0
304;2
305;0
306;2
307;0
308;2
309;0
310;0
311;0
312;0
313;0
314;0
315;0
316;0
317;0
318;0
319;0
320;0
321;0
322;0
323;0
324;0
325;1
326;0
327;0
328;2
329;0
330;0
331;0
332;2
333;0
334;0
335;0
336;0
337;2
338;1
339;0
340;0
341;0
342;0
343;2
344;4
345;0
346;2
347;2
348;0
349;0
350;2
351;0
352;2
353;0
354;0
355;2
356;0
357;0
358;0
359;0
360;0
361;0
362;0
363;0
364;2
365;0
366;0
367;0
368;0
369;0
370;0
371;0
372;0
373;1
374;1
375;0
376;0
377;0
378;0
379;0
380;0
381;0
382;0
383;0
384;1
385;0
386;0
387;1
388;2
389;0
390;0
391;0
392;2
393;0
394;0
395;0
396;1
397;0
398;0
399;0
400;0
401;2
402;0
403;0
404;0
405;0
406;2
407;2
408;2
409;0
410;0
411;0
412;0
413;0
414;2
415;0
416;1
417;0
418;0
419;2
420;2
421;0
422;2
423;2
424;2
425;0
426;2
427;2
428;2
429;0
430;2
431;2
432;2
433;0
434;0
435;2
436;2
437;0
438;1
439;0
440;2
441;0
442;0
443;0
444;1
445;0
446;0
447;0
448;0
449;0
450;0
451;0
452;1
453;0
454;0
455;0
456;0
457;1
458;0
459;2
460;2
461;1
462;0
463;0
464;0
465;0
466;0
467;2
468;0
469;0
470;2
471;2
472;0
473;0
474;0
475;2
476;2
477;0
478;0
479;2
480;2
481;0
482;2
483;0
484;0
485;0
486;0
487;0
488;0
489;0
490;0
491;0
492;0
493;0
494;0
495;0
496;2
497;2
498;2
499;0
500;2
501;0
502;2
503;0
504;2
505;0
506;0
507;0
508;1
509;2
510;1
511;0
512;0
513;0
514;0
515;2
516;0
517;0
518;2
519;2
520;1
521;0
522;0
523;2
524;1
525;0
526;0
527;2
528;4
529;0
530;2
531;2
532;2
533;0
534;2
535;0
536;1
537;0
538;0
539;0
540;2
541;0
542;0
543;0
544;0
545;0
546;0
547;0
548;2
549;0
550;0
551;0
552;0
553;2
554;2
555;2
556;2
557;0
558;0
559;0
560;0
561;0
562;0
563;2
564;2
565;2
566;2
567;2
568;2
569;0
570;0
571;1
572;0
573;2
574;1
575;0
576;0
577;0
578;0
579;0
580;0
581;0
582;0
583;1
584;0
585;0
586;0
587;0
588;0
589;0
590;2
591;1
592;0
593;2
594;0
595;0
596;0
597;0
598;0
599;1
600;0
601;0
602;0
603;0
604;0
605;0
606;2
607;2
608;0
609;0
610;0
611;0
612;0
613;0
614;0
615;0
616;1
617;0
618;2
619;2
620;0
621;0
622;0
623;2
624;2
625;0
626;2
627;2
628;0
629;0
630;2
631;0
632;2
633;2
634;2
635;0
636;0
637;0
638;2
639;0
640;0
641;2
642;0
643;1
644;1
645;0
646;0
647;0
648;0
649;0
650;0
651;0
652;0
653;0
654;0
655;1
656;0
657;1
658;0
659;0
660;0
661;0
662;1
663;0
664;0
665;0
666;0
667;2
668;2
669;0
670;2
671;2
672;2
673;0
674;2
675;2
676;1
677;0
678;1
679;0
680;0
681;0
682;2
683;0
684;1
685;0
686;0
687;0
688;2
689;0
690;2
691;0
692;1
693;0
694;0
695;2
696;2
697;2
698;1
699;0
700;0
701;0
702;0
703;0
704;0
705;2
706;0
707;0
708;2
709;2
710;2
711;2
712;1
713;0
714;0
715;2
716;0
717;0
718;0
719;0
720;2
721;0
722;2
723;2
724;2
725;0
726;2
727;0
728;2
729;2
730;0
731;0
732;2
733;2
734;2
735;0
736;0
737;0
738;0
739;1
740;0
741;0
742;2
743;2
744;1
745;0
746;0
747;0
748;2
749;0
750;0
751;0
752;2
753;0
754;0
755;0
756;0
757;2
758;0
759;0
760;2
761;0
762;0
763;0
764;0
765;0
766;0
767;0
768;0
769;0
770;0
771;1
772;2
773;0
774;0
775;0
776;0
777;2
778;1
779;0
780;2
781;0
782;2
783;0
784;1
785;0
786;0
787;2
788;0
789;0
790;0
791;2
792;2
793;0
794;2
795;2
796;4
797;0
798;0
799;0
800;2
801;2
802;2
803;2
804;1
805;0
806;0
807;0
808;0
809;1
810;0
811;0
812;0
813;2
814;2
815;2
816;2
817;1
818;0
819;0
820;0
821;0
822;2
823;0
824;2
825;1
826;0
827;0
828;0
829;0
830;0
831;0
832;1
833;0
834;0
835;0
836;0
837;0
838;1
839;0
840;1
841;0
842;0
843;2
844;1
845;2
846;0
847;2
848;2
849;2
850;2
851;0
852;1
853;0
854;0
855;1
856;0
857;0
858;0
859;2
860;2
861;2
862;2
863;0
864;0
865;0
866;0
867;0
868;2
869;1
870;1
871;0
872;0
873;2
874;2
875;2
876;0
877;0
878;0
879;0
880;0
881;0
882;0
883;0
884;1
885;0
886;0
887;0
888;2
889;2
890;0
891;0
892;0
893;0
894;0
895;2
896;1
897;0
898;0
899;2
900;2
901;0
902;2
903;2
904;2
905;0
906;0
907;0
908;2
909;0
910;2
911;0
912;0
913;2
914;0
915;0
916;0
917;0
918;0
919;0
920;0
921;0
922;0
923;0
924;0
925;1
926;1
927;1
928;0
929;0
930;2
931;2
932;2
933;2
934;2
935;2
936;2
937;0
938;0
939;0
940;2
941;0
942;2
943;2
944;0
945;0
946;2
947;0
948;0
949;0
950;1
951;0
952;0
953;1
954;2
955;0
956;0
957;0
958;0
959;0
960;0
961;0
962;0
963;0
964;0
965;0
966;1
967;0
968;0
969;0
970;0
971;0
972;0
973;1
974;0
975;0
976;0
977;2
978;2
979;2
980;4
981;2
982;0
983;0
984;0
985;0
986;0
987;2
988;1
989;0
990;0
991;1
992;4
993;0
994;2
995;2
996;2
997;0
998;2
999;0
1000;2
1001;2
1002;0
1003;0
1004;2
1005;0
1006;1
1007;2
1008;0
1009;0
1010;2
1011;0
1012;1
1013;1
1014;0
1015;0
1016;0
1017;0
1018;0
1019;0
1020;0
1021;0
1022;0
1023;0
