0;2
1;0
2;0
3;2
4;2
5;0
6;2
7;1
8;0
9;0
10;0
11;4
12;1
13;0
14;2
15;1
16;0
17;0
18;2
19;2
20;2
21;1
22;0
23;2
24;1
25;0
26;0
27;0
28;2
29;0
30;0
31;0
32;1
33;2
34;2
35;0
36;1
37;0
38;1
39;0
40;2
41;1
42;1
43;0
44;0
45;0
46;1
47;0
48;0
49;2
50;0
51;0
52;2
53;0
54;0
55;0
56;0
57;0
58;0
59;0
60;1
61;1
62;0
63;2
64;0
65;0
66;0
67;0
68;1
69;0
70;0
71;0
72;0
73;0
74;0
75;0
76;1
77;0
78;2
79;0
80;2
81;0
82;0
83;2
84;0
85;0
86;0
87;0
88;1
89;0
90;0
91;0
92;0
93;2
94;2
95;0
96;0
97;0
98;0
99;0
100;0
101;0
102;1
103;0
104;0
105;0
106;0
107;2
108;0
109;0
110;0
111;0
112;0
113;2
114;2
115;0
116;0
117;2
118;0
119;0
120;0
121;0
122;1
123;0
124;2
125;0
126;0
127;0
128;0
129;2
130;2
131;0
132;0
133;0
134;0
135;0
136;0
137;0
138;0
139;0
140;2
141;0
142;2
143;0
144;1
145;0
146;0
147;0
148;0
149;0
150;2
151;0
152;2
153;0
154;0
155;0
156;0
157;0
158;1
159;0
160;0
161;0
162;2
163;1
164;0
165;0
166;0
167;0
168;2
169;0
170;0
171;1
172;0
173;0
174;1
175;0
176;0
177;2
178;2
179;0
180;0
181;0
182;1
183;0
184;0
185;0
186;0
187;1
188;2
189;1
190;1
191;0
192;0
193;1
194;0
195;0
196;2
197;0
198;0
199;0
200;0
201;0
202;1
203;0
204;0
205;2
206;0
207;0
208;0
209;0
210;0
211;0
212;1
213;0
214;0
215;2
216;0
217;0
218;2
219;2
220;2
221;0
222;0
223;0
224;1
225;0
226;1
227;0
228;0
229;2
230;0
231;0
232;0
233;0
234;2
235;0
236;0
237;2
238;0
239;0
240;2
241;0
242;0
243;0
244;0
245;2
246;0
247;0
248;0
249;1
250;1
251;0
252;0
253;0
254;0
255;0
256;0
257;0
258;2
259;2
260;0
261;0
262;2
263;0
264;0
265;1
266;2
267;0
268;0
269;1
270;0
271;0
272;2
273;0
274;1
275;0
276;0
277;0
278;0
279;0
280;0
281;0
282;0
283;2
284;1
285;0
286;0
287;2
288;2
289;0
290;0
291;2
292;2
293;2
294;0
295;0
296;2
297;0
298;0
299;0
300;0
301;0
302;0
303;2
304;2
305;0
306;0
307;2
308;0
309;1
310;0
311;0
312;0
313;1
314;0
315;0
316;0
317;0
318;0
319;0
320;2
321;1
322;0
323;0
324;1
325;0
326;0
327;0
328;0
329;0
330;2
331;0
332;0
333;0
334;0
335;2
336;2
337;2
338;2
339;0
340;0
341;2
342;0
343;1
344;1
345;0
346;0
347;0
348;2
349;1
350;1
351;0
352;1
353;1
354;0
355;2
356;0
357;0
358;0
359;2
360;0
361;1
362;0
363;0
364;0
365;1
366;0
367;2
368;0
369;0
370;0
371;0
372;0
373;2
374;2
375;0
376;0
377;0
378;1
379;0
380;0
381;0
382;2
383;2
384;0
385;0
386;0
387;0
388;0
389;0
390;0
391;0
392;0
393;0
394;0
395;0
396;0
397;0
398;0
399;2
400;0
401;0
402;2
403;0
404;0
405;2
406;0
407;0
408;2
409;0
410;0
411;0
412;0
413;0
414;0
415;0
416;0
417;0
418;2
419;1
420;2
421;2
422;0
423;2
424;1
425;1
426;0
427;0
428;2
429;1
430;0
431;2
432;2
433;0
434;1
435;0
436;0
437;0
438;0
439;0
440;0
441;2
442;0
443;2
444;0
445;0
446;0
447;1
448;1
449;0
450;0
451;0
452;0
453;2
454;0
455;0
456;0
457;1
458;0
459;0
460;0
461;0
462;0
463;0
464;0
465;0
466;2
467;2
468;2
469;0
470;2
471;0
472;0
473;2
474;0
475;0
476;0
477;1
478;1
479;0
480;0
481;0
482;0
483;0
484;0
485;0
486;0
487;0
488;0
489;0
490;0
491;0
492;1
493;1
494;0
495;0
496;0
497;0
498;2
499;0
500;0
501;0
502;0
503;0
504;2
505;2
506;0
507;2
508;2
509;2
510;0
511;0
512;0
513;0
514;2
515;2
516;0
517;2
518;2
519;2
520;0
521;0
522;1
523;0
524;0
525;0
526;0
527;0
528;1
529;0
530;1
531;0
532;0
533;2
534;1
535;1
536;0
537;0
538;0
539;0
540;1
541;0
542;0
543;0
544;0
545;1
546;0
547;0
548;2
549;2
550;2
551;0
552;0
553;0
554;1
555;0
556;0
557;1
558;1
559;0
560;2
561;0
562;1
563;0
564;0
565;0
566;2
567;0
568;0
569;0
570;0
571;0
572;1
573;0
574;2
575;2
576;1
577;0
578;0
579;0
580;4
581;0
582;0
583;2
584;2
585;0
586;0
587;0
588;2
589;0
590;0
591;1
592;1
593;0
594;0
595;0
596;0
597;0
598;0
599;0
600;0
601;0
602;0
603;0
604;2
605;0
606;0
607;0
608;0
609;0
610;0
611;0
612;2
613;0
614;0
615;0
616;2
617;2
618;0
619;2
620;2
621;1
622;1
623;0
624;2
625;0
626;1
627;0
628;0
629;0
630;2
631;1
632;0
633;2
634;0
635;0
636;2
637;1
638;1
639;0
640;2
641;1
642;1
643;0
644;0
645;0
646;0
647;0
648;0
649;0
650;0
651;0
652;2
653;2
654;0
655;0
656;2
657;0
658;1
659;0
660;0
661;0
662;1
663;0
664;0
665;0
666;2
667;0
668;2
669;0
670;0
671;2
672;0
673;0
674;0
675;2
676;0
677;0
678;0
679;0
680;0
681;0
682;0
683;1
684;0
685;0
686;1
687;0
688;1
689;0
690;1
691;0
692;0
693;0
694;0
695;2
696;2
697;0
698;2
699;2
700;2
701;0
702;0
703;0
704;2
705;0
706;0
707;2
708;0
709;0
710;1
711;0
712;0
713;0
714;0
715;0
716;1
717;0
718;0
719;0
720;1
721;0
722;0
723;0
724;0
725;0
726;0
727;0
728;0
729;1
730;0
731;0
732;0
733;0
734;0
735;0
736;0
737;0
738;0
739;0
740;0
741;0
742;1
743;0
744;1
745;1
746;0
747;2
748;2
749;0
750;2
751;1
752;0
753;0
754;0
755;0
756;1
757;0
758;0
759;0
760;0
761;1
762;1
763;0
764;0
765;0
766;1
767;0
768;1
769;0
770;0
771;2
772;0
773;2
774;2
775;1
776;0
777;0
778;0
779;0
780;2
781;0
782;2
783;0
784;0
785;0
786;2
787;2
788;0
789;1
790;0
791;0
792;1
793;0
794;1
795;0
796;0
797;2
798;2
799;0
800;0
801;0
802;0
803;0
804;0
805;0
806;2
807;2
808;2
809;0
810;1
811;0
812;0
813;0
814;2
815;0
816;1
817;0
818;0
819;0
820;0
821;1
822;0
823;1
824;0
825;0
826;1
827;0
828;0
829;0
830;1
831;0
832;0
833;0
834;2
835;0
836;0
837;2
838;0
839;0
840;0
841;0
842;2
843;0
844;1
845;1
846;0
847;0
848;2
849;0
850;0
851;0
852;0
853;0
854;0
855;0
856;1
857;0
858;2
859;2
860;2
861;0
862;0
863;0
864;0
865;2
866;1
867;0
868;1
869;0
870;1
871;1
872;2
873;0
874;0
875;0
876;0
877;0
878;1
879;0
880;0
881;0
882;0
883;0
884;0
885;0
886;0
887;0
888;0
889;0
890;2
891;0
892;0
893;0
894;0
895;0
896;1
897;1
898;0
899;0
900;0
901;0
902;2
903;0
904;0
905;0
906;0
907;0
908;0
909;0
910;0
911;0
912;1
913;0
914;2
915;1
916;2
917;0
918;2
919;2
920;2
921;0
922;2
923;0
924;2
925;1
926;0
927;1
928;0
929;2
930;0
931;0
932;1
933;0
934;1
935;2
936;1
937;0
938;0
939;2
940;2
941;0
942;2
943;2
944;2
945;0
946;2
947;0
948;0
949;0
950;0
951;2
952;0
953;0
954;1
955;0
956;0
957;0
958;0
959;0
960;1
961;2
962;2
963;2
964;0
965;1
966;2
967;0
968;0
969;0
970;0
971;1
972;0
973;0
974;0
975;0
976;2
977;0
978;1
979;0
980;0
981;0
982;2
983;1
984;0
985;1
986;0
987;0
988;2
989;2
990;0
991;0
992;2
993;0
994;2
995;0
996;0
997;0
998;0
999;0
1000;0
1001;0
1002;1
1003;0
1004;0
1005;1
1006;0
1007;0
1008;0
1009;2
1010;2
1011;1
1012;0
1013;0
1014;1
1015;0
1016;0
1017;0
1018;0
1019;0
1020;0
1021;0
1022;0
1023;0
