0;0
1;0
2;0
3;2
4;0
5;0
6;2
7;2
8;2
9;1
10;0
11;0
12;1
13;0
14;1
15;0
16;0
17;2
18;2
19;0
20;0
21;2
22;0
23;2
24;1
25;0
26;0
27;2
28;2
29;0
30;0
31;0
32;0
33;2
34;2
35;0
36;2
37;1
38;1
39;0
40;1
41;0
42;0
43;0
44;2
45;0
46;1
47;0
48;1
49;0
50;0
51;0
52;2
53;0
54;0
55;0
56;0
57;0
58;0
59;0
60;1
61;1
62;0
63;0
64;0
65;0
66;0
67;0
68;0
69;0
70;0
71;0
72;0
73;0
74;0
75;1
76;0
77;1
78;0
79;1
80;0
81;0
82;1
83;0
84;0
85;0
86;0
87;0
88;0
89;0
90;0
91;2
92;1
93;0
94;0
95;1
96;0
97;0
98;0
99;0
100;0
101;0
102;1
103;2
104;0
105;0
106;0
107;0
108;0
109;0
110;0
111;0
112;0
113;2
114;2
115;0
116;2
117;2
118;0
119;0
120;0
121;2
122;2
123;1
124;2
125;0
126;0
127;0
128;0
129;2
130;1
131;0
132;2
133;0
134;0
135;0
136;0
137;0
138;0
139;0
140;2
141;0
142;2
143;0
144;2
145;0
146;0
147;0
148;0
149;2
150;2
151;0
152;2
153;0
154;1
155;2
156;2
157;0
158;1
159;2
160;2
161;0
162;0
163;0
164;0
165;1
166;1
167;1
168;0
169;0
170;2
171;1
172;0
173;0
174;0
175;2
176;1
177;0
178;2
179;0
180;2
181;0
182;0
183;1
184;0
185;0
186;0
187;0
188;0
189;2
190;1
191;0
192;1
193;0
194;0
195;0
196;2
197;0
198;2
199;2
200;1
201;0
202;2
203;0
204;0
205;1
206;0
207;0
208;0
209;0
210;0
211;0
212;0
213;0
214;0
215;0
216;0
217;0
218;0
219;0
220;1
221;0
222;0
223;0
224;2
225;0
226;1
227;2
228;1
229;2
230;1
231;2
232;0
233;1
234;0
235;0
236;0
237;0
238;2
239;0
240;0
241;0
242;1
243;0
244;0
245;0
246;1
247;0
248;0
249;2
250;0
251;0
252;1
253;0
254;2
255;0
256;1
257;0
258;2
259;0
260;0
261;0
262;0
263;1
264;1
265;0
266;2
267;1
268;0
269;0
270;0
271;0
272;1
273;1
274;0
275;2
276;1
277;0
278;1
279;0
280;2
281;0
282;2
283;0
284;0
285;0
286;0
287;0
288;2
289;0
290;0
291;1
292;0
293;1
294;0
295;0
296;0
297;0
298;1
299;4
300;1
301;0
302;0
303;0
304;2
305;2
306;2
307;2
308;1
309;0
310;0
311;0
312;2
313;0
314;1
315;2
316;1
317;1
318;0
319;2
320;2
321;2
322;0
323;2
324;2
325;2
326;0
327;0
328;0
329;2
330;0
331;0
332;1
333;1
334;1
335;0
336;2
337;0
338;0
339;0
340;0
341;0
342;0
343;2
344;0
345;0
346;0
347;0
348;2
349;2
350;2
351;2
352;2
353;0
354;1
355;0
356;0
357;0
358;0
359;1
360;0
361;0
362;1
363;2
364;2
365;0
366;2
367;2
368;0
369;2
370;0
371;0
372;0
373;0
374;0
375;0
376;0
377;0
378;1
379;0
380;0
381;0
382;0
383;0
384;0
385;0
386;2
387;0
388;2
389;2
390;2
391;0
392;2
393;0
394;0
395;0
396;2
397;2
398;0
399;0
400;0
401;0
402;1
403;0
404;2
405;2
406;0
407;2
408;1
409;1
410;0
411;0
412;2
413;1
414;0
415;2
416;2
417;0
418;0
419;1
420;0
421;0
422;0
423;0
424;0
425;2
426;0
427;0
428;0
429;0
430;0
431;1
432;0
433;0
434;0
435;0
436;0
437;0
438;0
439;0
440;1
441;1
442;2
443;2
444;0
445;0
446;0
447;0
448;0
449;0
450;2
451;2
452;0
453;0
454;0
455;2
456;1
457;0
458;0
459;0
460;2
461;1
462;1
463;0
464;2
465;0
466;2
467;2
468;2
469;0
470;0
471;0
472;1
473;0
474;0
475;0
476;1
477;2
478;0
479;0
480;0
481;0
482;0
483;0
484;0
485;0
486;0
487;0
488;2
489;2
490;2
491;2
492;2
493;0
494;0
495;0
496;0
497;2
498;2
499;0
500;2
501;0
502;0
503;2
504;0
505;0
506;0
507;2
508;2
509;0
510;0
511;0
512;1
513;0
514;0
515;0
516;1
517;0
518;1
519;1
520;0
521;0
522;0
523;0
524;1
525;0
526;2
527;0
528;0
529;1
530;0
531;0
532;2
533;2
534;1
535;0
536;0
537;0
538;2
539;0
540;0
541;2
542;2
543;2
544;2
545;0
546;1
547;1
548;0
549;0
550;0
551;0
552;0
553;2
554;0
555;0
556;2
557;2
558;0
559;0
560;0
561;1
562;0
563;0
564;0
565;0
566;0
567;0
568;2
569;0
570;0
571;0
572;1
573;0
574;0
575;0
576;0
577;2
578;0
579;0
580;0
581;0
582;0
583;0
584;2
585;0
586;1
587;1
588;2
589;0
590;1
591;2
592;0
593;0
594;2
595;1
596;0
597;1
598;0
599;2
600;2
601;0
602;2
603;2
604;2
605;0
606;2
607;0
608;0
609;0
610;0
611;0
612;0
613;1
614;0
615;2
616;0
617;1
618;0
619;0
620;1
621;0
622;1
623;0
624;2
625;0
626;0
627;0
628;2
629;2
630;0
631;0
632;2
633;0
634;2
635;0
636;0
637;2
638;1
639;2
640;1
641;0
642;2
643;0
644;0
645;0
646;0
647;0
648;0
649;0
650;2
651;2
652;0
653;0
654;0
655;0
656;0
657;0
658;0
659;0
660;1
661;0
662;1
663;0
664;1
665;0
666;0
667;0
668;0
669;0
670;0
671;0
672;0
673;1
674;0
675;1
676;0
677;0
678;0
679;0
680;0
681;0
682;0
683;0
684;1
685;0
686;2
687;0
688;0
689;0
690;0
691;0
692;0
693;0
694;0
695;0
696;0
697;2
698;0
699;0
700;0
701;1
702;0
703;0
704;0
705;2
706;2
707;2
708;0
709;1
710;2
711;0
712;1
713;0
714;0
715;0
716;1
717;0
718;2
719;1
720;1
721;0
722;2
723;1
724;0
725;0
726;0
727;0
728;0
729;0
730;0
731;0
732;0
733;0
734;0
735;2
736;0
737;0
738;0
739;0
740;0
741;2
742;1
743;0
744;1
745;0
746;0
747;0
748;0
749;2
750;2
751;0
752;0
753;2
754;0
755;0
756;0
757;0
758;0
759;2
760;0
761;0
762;1
763;0
764;0
765;0
766;0
767;0
768;0
769;0
770;1
771;0
772;0
773;0
774;0
775;0
776;0
777;0
778;2
779;0
780;1
781;0
782;0
783;0
784;0
785;1
786;0
787;0
788;0
789;0
790;0
791;0
792;2
793;1
794;0
795;2
796;2
797;0
798;0
799;0
800;0
801;2
802;1
803;2
804;2
805;0
806;1
807;2
808;4
809;0
810;0
811;0
812;0
813;0
814;0
815;0
816;1
817;0
818;1
819;0
820;0
821;0
822;0
823;2
824;2
825;2
826;2
827;1
828;0
829;0
830;2
831;0
832;2
833;0
834;1
835;2
836;2
837;0
838;0
839;0
840;2
841;1
842;0
843;0
844;2
845;0
846;0
847;0
848;1
849;0
850;0
851;1
852;0
853;0
854;1
855;1
856;0
857;1
858;1
859;0
860;0
861;2
862;1
863;0
864;1
865;0
866;0
867;2
868;2
869;0
870;2
871;2
872;1
873;1
874;0
875;2
876;0
877;0
878;0
879;2
880;0
881;0
882;1
883;2
884;2
885;0
886;0
887;0
888;1
889;2
890;0
891;0
892;0
893;1
894;1
895;1
896;0
897;0
898;0
899;1
900;0
901;0
902;1
903;0
904;0
905;1
906;0
907;0
908;0
909;2
910;0
911;0
912;0
913;0
914;0
915;2
916;2
917;2
918;1
919;0
920;2
921;0
922;2
923;2
924;1
925;0
926;0
927;0
928;0
929;1
930;2
931;0
932;0
933;0
934;0
935;0
936;0
937;0
938;2
939;0
940;0
941;0
942;2
943;1
944;0
945;0
946;0
947;0
948;0
949;0
950;0
951;2
952;1
953;0
954;0
955;2
956;0
957;0
958;0
959;0
960;0
961;0
962;0
963;0
964;0
965;1
966;0
967;0
968;1
969;0
970;0
971;0
972;0
973;0
974;2
975;1
976;0
977;2
978;2
979;0
980;2
981;0
982;0
983;2
984;2
985;0
986;0
987;0
988;2
989;2
990;1
991;0
992;0
993;1
994;0
995;0
996;0
997;2
998;0
999;0
1000;2
1001;0
1002;1
1003;2
1004;2
1005;0
1006;0
1007;0
1008;0
1009;0
1010;0
1011;0
1012;0
1013;0
1014;1
1015;0
1016;0
1017;0
1018;0
1019;0
1020;0
1021;0
1022;0
1023;0
