0;1
1;0
2;0
3;2
4;2
5;0
6;2
7;2
8;2
9;0
10;2
11;0
12;2
13;0
14;2
15;1
16;0
17;0
18;0
19;1
20;0
21;1
22;1
23;0
24;1
25;0
26;0
27;0
28;2
29;0
30;0
31;0
32;0
33;0
34;0
35;0
36;0
37;0
38;0
39;2
40;1
41;0
42;0
43;1
44;0
45;0
46;0
47;0
48;0
49;0
50;1
51;1
52;0
53;2
54;2
55;0
56;0
57;1
58;0
59;0
60;0
61;0
62;0
63;2
64;0
65;0
66;0
67;0
68;2
69;0
70;0
71;0
72;1
73;0
74;0
75;0
76;2
77;1
78;0
79;0
80;1
81;0
82;0
83;0
84;0
85;0
86;0
87;1
88;0
89;0
90;2
91;2
92;1
93;0
94;0
95;2
96;2
97;2
98;0
99;1
100;0
101;2
102;0
103;0
104;1
105;0
106;0
107;0
108;0
109;0
110;0
111;1
112;0
113;0
114;0
115;0
116;0
117;1
118;0
119;0
120;0
121;2
122;0
123;0
124;0
125;1
126;0
127;2
128;2
129;0
130;0
131;0
132;1
133;0
134;0
135;0
136;0
137;0
138;0
139;0
140;0
141;0
142;0
143;0
144;2
145;1
146;0
147;0
148;0
149;0
150;0
151;0
152;2
153;0
154;1
155;0
156;0
157;1
158;0
159;1
160;0
161;2
162;2
163;0
164;2
165;2
166;0
167;1
168;0
169;1
170;0
171;0
172;0
173;0
174;2
175;1
176;1
177;0
178;0
179;2
180;2
181;0
182;0
183;2
184;1
185;0
186;0
187;2
188;0
189;0
190;2
191;2
192;2
193;0
194;0
195;0
196;2
197;0
198;1
199;0
200;0
201;0
202;0
203;0
204;0
205;0
206;0
207;0
208;0
209;0
210;2
211;2
212;1
213;0
214;0
215;1
216;0
217;0
218;0
219;0
220;2
221;0
222;2
223;2
224;1
225;0
226;1
227;0
228;0
229;0
230;1
231;0
232;0
233;1
234;2
235;2
236;0
237;0
238;0
239;1
240;0
241;0
242;0
243;0
244;0
245;0
246;2
247;2
248;0
249;0
250;0
251;2
252;2
253;0
254;2
255;2
256;2
257;0
258;2
259;2
260;1
261;0
262;0
263;1
264;0
265;0
266;0
267;0
268;0
269;0
270;0
271;0
272;0
273;0
274;0
275;0
276;0
277;0
278;0
279;1
280;0
281;0
282;2
283;0
284;0
285;0
286;0
287;0
288;0
289;0
290;0
291;0
292;0
293;0
294;0
295;0
296;0
297;0
298;2
299;0
300;0
301;2
302;0
303;0
304;0
305;0
306;0
307;1
308;0
309;0
310;1
311;0
312;0
313;0
314;0
315;0
316;0
317;0
318;1
319;0
320;0
321;0
322;0
323;1
324;0
325;0
326;1
327;0
328;0
329;0
330;0
331;2
332;1
333;2
334;0
335;2
336;2
337;0
338;2
339;0
340;2
341;0
342;0
343;1
344;0
345;2
346;2
347;1
348;0
349;0
350;0
351;0
352;0
353;2
354;2
355;2
356;2
357;2
358;0
359;1
360;1
361;0
362;1
363;0
364;0
365;0
366;2
367;2
368;1
369;0
370;0
371;0
372;0
373;0
374;2
375;2
376;0
377;0
378;0
379;2
380;4
381;0
382;2
383;2
384;2
385;0
386;0
387;0
388;1
389;1
390;0
391;0
392;0
393;0
394;2
395;1
396;0
397;0
398;0
399;0
400;0
401;0
402;0
403;1
404;1
405;0
406;2
407;2
408;1
409;2
410;0
411;0
412;2
413;0
414;0
415;0
416;0
417;0
418;0
419;0
420;0
421;1
422;0
423;0
424;2
425;0
426;1
427;2
428;0
429;2
430;2
431;0
432;0
433;0
434;0
435;0
436;2
437;0
438;0
439;0
440;0
441;0
442;0
443;0
444;0
445;0
446;0
447;0
448;0
449;2
450;0
451;0
452;2
453;0
454;0
455;0
456;0
457;2
458;0
459;0
460;1
461;0
462;0
463;2
464;2
465;2
466;0
467;0
468;0
469;1
470;0
471;0
472;1
473;1
474;0
475;0
476;2
477;1
478;2
479;0
480;2
481;0
482;0
483;2
484;0
485;2
486;2
487;0
488;0
489;2
490;2
491;0
492;2
493;0
494;0
495;1
496;0
497;0
498;2
499;0
500;1
501;0
502;1
503;2
504;1
505;0
506;0
507;0
508;0
509;0
510;0
511;1
512;0
513;2
514;0
515;1
516;0
517;2
518;2
519;1
520;0
521;0
522;0
523;0
524;0
525;1
526;1
527;0
528;2
529;0
530;1
531;0
532;1
533;0
534;0
535;0
536;2
537;0
538;0
539;1
540;1
541;0
542;0
543;0
544;0
545;0
546;0
547;2
548;1
549;0
550;0
551;1
552;0
553;0
554;1
555;2
556;1
557;1
558;0
559;0
560;0
561;0
562;1
563;0
564;2
565;0
566;0
567;0
568;1
569;0
570;0
571;0
572;0
573;0
574;0
575;0
576;0
577;0
578;2
579;2
580;1
581;0
582;0
583;0
584;0
585;0
586;0
587;0
588;1
589;0
590;0
591;0
592;1
593;2
594;0
595;0
596;0
597;2
598;0
599;0
600;0
601;0
602;0
603;2
604;1
605;0
606;0
607;0
608;0
609;1
610;2
611;1
612;0
613;0
614;0
615;1
616;0
617;0
618;0
619;1
620;2
621;0
622;0
623;0
624;0
625;0
626;2
627;0
628;0
629;0
630;0
631;0
632;2
633;2
634;2
635;2
636;2
637;0
638;2
639;0
640;2
641;0
642;2
643;0
644;0
645;0
646;0
647;0
648;0
649;2
650;0
651;0
652;1
653;0
654;1
655;0
656;0
657;0
658;0
659;1
660;0
661;0
662;0
663;1
664;0
665;0
666;0
667;1
668;0
669;1
670;0
671;0
672;0
673;0
674;0
675;0
676;0
677;0
678;2
679;0
680;0
681;0
682;1
683;0
684;0
685;1
686;2
687;2
688;1
689;0
690;0
691;0
692;0
693;0
694;0
695;0
696;2
697;0
698;0
699;1
700;0
701;0
702;2
703;2
704;0
705;0
706;0
707;2
708;1
709;0
710;2
711;1
712;0
713;0
714;2
715;0
716;1
717;0
718;0
719;0
720;0
721;2
722;0
723;0
724;0
725;1
726;0
727;0
728;1
729;0
730;0
731;0
732;4
733;0
734;2
735;0
736;0
737;1
738;0
739;2
740;1
741;0
742;0
743;0
744;2
745;0
746;2
747;0
748;0
749;0
750;0
751;0
752;1
753;0
754;0
755;0
756;1
757;0
758;0
759;0
760;0
761;2
762;2
763;2
764;0
765;0
766;0
767;1
768;0
769;0
770;0
771;0
772;0
773;0
774;0
775;0
776;2
777;0
778;2
779;2
780;0
781;0
782;0
783;0
784;0
785;0
786;2
787;0
788;0
789;2
790;0
791;0
792;0
793;2
794;1
795;0
796;0
797;2
798;0
799;0
800;0
801;0
802;0
803;0
804;2
805;0
806;2
807;1
808;0
809;0
810;0
811;2
812;0
813;2
814;0
815;2
816;0
817;0
818;0
819;2
820;0
821;0
822;1
823;0
824;0
825;0
826;0
827;1
828;0
829;1
830;0
831;0
832;0
833;0
834;0
835;1
836;0
837;0
838;0
839;0
840;0
841;0
842;0
843;0
844;0
845;0
846;0
847;0
848;0
849;0
850;0
851;0
852;2
853;0
854;0
855;0
856;0
857;0
858;0
859;1
860;0
861;0
862;0
863;0
864;2
865;0
866;0
867;1
868;0
869;0
870;0
871;0
872;0
873;0
874;0
875;1
876;0
877;0
878;0
879;0
880;0
881;0
882;0
883;0
884;2
885;0
886;0
887;0
888;0
889;2
890;0
891;0
892;0
893;2
894;2
895;0
896;2
897;1
898;2
899;2
900;2
901;0
902;2
903;0
904;2
905;0
906;1
907;0
908;0
909;2
910;2
911;0
912;0
913;0
914;0
915;2
916;0
917;0
918;0
919;1
920;0
921;0
922;0
923;2
924;0
925;1
926;0
927;0
928;0
929;0
930;0
931;0
932;0
933;0
934;0
935;0
936;0
937;0
938;0
939;0
940;0
941;0
942;0
943;0
944;0
945;0
946;0
947;0
948;0
949;1
950;1
951;0
952;0
953;0
954;0
955;0
956;0
957;0
958;2
959;0
960;0
961;0
962;2
963;0
964;0
965;1
966;0
967;0
968;0
969;0
970;2
971;0
972;2
973;2
974;2
975;2
976;2
977;2
978;2
979;2
980;0
981;0
982;0
983;2
984;0
985;2
986;0
987;0
988;1
989;0
990;0
991;0
992;1
993;0
994;0
995;0
996;1
997;0
998;0
999;0
1000;0
1001;2
1002;0
1003;0
1004;0
1005;0
1006;0
1007;2
1008;0
1009;0
1010;0
1011;0
1012;1
1013;1
1014;0
1015;0
1016;0
1017;0
1018;0
1019;0
1020;0
1021;0
1022;0
1023;0
