0;0
1;0
2;0
3;0
4;0
5;0
6;0
7;0
8;0
9;0
10;0
11;2
12;0
13;2
14;0
15;0
16;0
17;1
18;0
19;0
20;2
21;2
22;0
23;0
24;0
25;2
26;2
27;1
28;1
29;0
30;0
31;0
32;0
33;2
34;1
35;0
36;0
37;1
38;0
39;1
40;0
41;0
42;0
43;0
44;0
45;2
46;2
47;1
48;0
49;0
50;2
51;1
52;0
53;0
54;0
55;1
56;0
57;0
58;1
59;2
60;1
61;0
62;1
63;0
64;1
65;0
66;0
67;1
68;0
69;0
70;2
71;0
72;1
73;0
74;1
75;1
76;0
77;0
78;1
79;2
80;0
81;0
82;0
83;0
84;0
85;0
86;0
87;1
88;0
89;2
90;2
91;0
92;0
93;2
94;0
95;0
96;0
97;0
98;0
99;0
100;1
101;2
102;2
103;0
104;0
105;0
106;0
107;0
108;0
109;0
110;0
111;2
112;0
113;2
114;0
115;0
116;0
117;2
118;0
119;1
120;0
121;0
122;0
123;0
124;2
125;1
126;0
127;1
128;0
129;0
130;2
131;0
132;0
133;0
134;0
135;0
136;2
137;2
138;0
139;2
140;0
141;0
142;0
143;1
144;0
145;0
146;1
147;0
148;1
149;0
150;0
151;0
152;1
153;0
154;0
155;0
156;2
157;2
158;2
159;0
160;1
161;0
162;0
163;2
164;0
165;0
166;0
167;0
168;0
169;0
170;2
171;0
172;0
173;0
174;0
175;0
176;2
177;1
178;0
179;0
180;1
181;0
182;0
183;0
184;1
185;0
186;0
187;0
188;0
189;0
190;0
191;0
192;0
193;0
194;0
195;2
196;0
197;2
198;2
199;2
200;0
201;0
202;0
203;0
204;0
205;1
206;0
207;0
208;1
209;0
210;0
211;0
212;1
213;0
214;0
215;0
216;0
217;0
218;0
219;0
220;0
221;0
222;0
223;0
224;2
225;0
226;2
227;0
228;0
229;1
230;0
231;0
232;0
233;2
234;2
235;0
236;0
237;0
238;0
239;1
240;0
241;0
242;1
243;0
244;2
245;0
246;0
247;0
248;0
249;0
250;0
251;0
252;0
253;0
254;0
255;0
256;0
257;2
258;1
259;0
260;0
261;0
262;0
263;0
264;0
265;2
266;0
267;0
268;0
269;2
270;0
271;1
272;1
273;0
274;0
275;0
276;0
277;0
278;2
279;0
280;1
281;0
282;0
283;0
284;1
285;0
286;0
287;1
288;0
289;0
290;2
291;0
292;0
293;0
294;2
295;0
296;0
297;0
298;0
299;0
300;0
301;0
302;0
303;0
304;2
305;2
306;1
307;0
308;0
309;0
310;0
311;0
312;1
313;0
314;0
315;1
316;0
317;2
318;0
319;0
320;1
321;0
322;0
323;0
324;0
325;0
326;0
327;0
328;2
329;0
330;0
331;0
332;0
333;0
334;2
335;1
336;0
337;0
338;0
339;0
340;0
341;0
342;0
343;1
344;0
345;2
346;0
347;0
348;0
349;0
350;0
351;0
352;0
353;0
354;0
355;1
356;2
357;1
358;0
359;0
360;0
361;0
362;0
363;0
364;0
365;0
366;0
367;0
368;0
369;0
370;0
371;0
372;1
373;0
374;1
375;0
376;0
377;1
378;0
379;0
380;0
381;2
382;0
383;0
384;0
385;0
386;0
387;0
388;2
389;2
390;2
391;1
392;0
393;0
394;0
395;0
396;2
397;0
398;0
399;0
400;0
401;0
402;0
403;0
404;2
405;0
406;2
407;1
408;0
409;0
410;0
411;2
412;0
413;0
414;0
415;0
416;0
417;0
418;1
419;0
420;0
421;0
422;0
423;0
424;2
425;0
426;0
427;1
428;0
429;0
430;0
431;1
432;0
433;0
434;0
435;0
436;0
437;0
438;0
439;0
440;2
441;2
442;0
443;0
444;1
445;0
446;1
447;0
448;0
449;0
450;0
451;1
452;0
453;0
454;0
455;1
456;0
457;1
458;0
459;0
460;0
461;0
462;0
463;0
464;2
465;2
466;0
467;1
468;0
469;0
470;2
471;2
472;1
473;2
474;0
475;0
476;0
477;0
478;0
479;0
480;1
481;0
482;2
483;0
484;0
485;0
486;0
487;0
488;0
489;1
490;0
491;0
492;0
493;0
494;0
495;0
496;2
497;1
498;0
499;0
500;0
501;0
502;0
503;0
504;0
505;1
506;0
507;1
508;0
509;0
510;0
511;0
512;1
513;0
514;0
515;0
516;4
517;0
518;0
519;0
520;2
521;0
522;2
523;0
524;2
525;0
526;0
527;0
528;2
529;1
530;0
531;0
532;0
533;0
534;0
535;0
536;1
537;2
538;2
539;2
540;1
541;2
542;0
543;2
544;0
545;0
546;2
547;0
548;0
549;0
550;0
551;0
552;0
553;0
554;0
555;0
556;0
557;0
558;2
559;2
560;1
561;0
562;0
563;0
564;2
565;1
566;0
567;0
568;0
569;2
570;2
571;0
572;0
573;1
574;0
575;0
576;0
577;2
578;0
579;1
580;0
581;0
582;2
583;0
584;0
585;0
586;0
587;0
588;2
589;1
590;0
591;0
592;0
593;2
594;0
595;1
596;1
597;0
598;0
599;2
600;2
601;0
602;1
603;1
604;0
605;0
606;0
607;2
608;0
609;0
610;0
611;0
612;0
613;0
614;0
615;2
616;0
617;0
618;0
619;2
620;2
621;2
622;0
623;0
624;0
625;0
626;2
627;0
628;0
629;0
630;0
631;0
632;0
633;0
634;0
635;0
636;2
637;0
638;0
639;0
640;1
641;0
642;2
643;1
644;0
645;0
646;0
647;0
648;0
649;0
650;0
651;2
652;0
653;2
654;1
655;2
656;0
657;0
658;0
659;0
660;0
661;0
662;0
663;2
664;2
665;0
666;0
667;2
668;2
669;0
670;0
671;0
672;2
673;0
674;0
675;0
676;2
677;0
678;0
679;0
680;1
681;1
682;2
683;1
684;0
685;0
686;2
687;1
688;0
689;2
690;1
691;0
692;1
693;0
694;0
695;0
696;2
697;1
698;0
699;2
700;0
701;0
702;0
703;2
704;0
705;0
706;1
707;0
708;0
709;0
710;0
711;0
712;0
713;1
714;0
715;0
716;1
717;0
718;0
719;1
720;0
721;2
722;0
723;0
724;0
725;0
726;0
727;0
728;0
729;0
730;0
731;0
732;1
733;0
734;1
735;0
736;2
737;1
738;1
739;1
740;0
741;0
742;0
743;0
744;0
745;0
746;1
747;0
748;0
749;0
750;0
751;0
752;2
753;0
754;0
755;1
756;0
757;0
758;2
759;1
760;1
761;0
762;0
763;0
764;0
765;1
766;0
767;0
768;2
769;0
770;0
771;2
772;2
773;0
774;0
775;0
776;1
777;1
778;0
779;1
780;0
781;0
782;0
783;0
784;0
785;0
786;0
787;0
788;0
789;0
790;0
791;0
792;2
793;0
794;1
795;0
796;0
797;0
798;0
799;0
800;1
801;0
802;2
803;2
804;0
805;0
806;0
807;1
808;0
809;0
810;0
811;2
812;4
813;0
814;0
815;0
816;0
817;0
818;0
819;0
820;2
821;0
822;1
823;0
824;1
825;0
826;0
827;0
828;0
829;0
830;0
831;1
832;2
833;0
834;1
835;2
836;0
837;0
838;0
839;0
840;0
841;0
842;2
843;0
844;0
845;0
846;0
847;0
848;1
849;0
850;1
851;2
852;1
853;2
854;0
855;0
856;1
857;0
858;1
859;0
860;1
861;2
862;2
863;0
864;0
865;0
866;0
867;0
868;0
869;0
870;0
871;2
872;0
873;0
874;0
875;0
876;2
877;0
878;2
879;0
880;0
881;0
882;2
883;0
884;0
885;0
886;0
887;0
888;0
889;0
890;0
891;0
892;0
893;0
894;0
895;0
896;0
897;0
898;0
899;0
900;2
901;0
902;0
903;1
904;2
905;0
906;0
907;1
908;0
909;0
910;1
911;1
912;0
913;0
914;0
915;0
916;0
917;0
918;0
919;0
920;0
921;0
922;0
923;0
924;0
925;0
926;0
927;0
928;1
929;0
930;0
931;2
932;0
933;0
934;1
935;0
936;1
937;0
938;2
939;0
940;0
941;0
942;0
943;1
944;0
945;0
946;0
947;0
948;0
949;0
950;2
951;0
952;2
953;0
954;0
955;2
956;1
957;0
958;0
959;0
960;0
961;0
962;0
963;0
964;0
965;0
966;2
967;0
968;0
969;0
970;2
971;0
972;2
973;0
974;1
975;0
976;0
977;0
978;2
979;0
980;0
981;0
982;0
983;0
984;0
985;0
986;0
987;0
988;1
989;0
990;0
991;0
992;0
993;0
994;1
995;0
996;2
997;0
998;1
999;0
1000;0
1001;0
1002;2
1003;0
1004;0
1005;0
1006;0
1007;0
1008;1
1009;0
1010;0
1011;0
1012;0
1013;1
1014;0
1015;0
1016;0
1017;0
1018;0
1019;0
1020;0
1021;0
1022;0
1023;0
