0;0
1;0
2;0
3;1
4;0
5;1
6;0
7;2
8;0
9;0
10;0
11;1
12;0
13;0
14;0
15;0
16;0
17;0
18;0
19;0
20;1
21;0
22;0
23;0
24;0
25;0
26;0
27;1
28;1
29;0
30;1
31;0
32;0
33;0
34;1
35;1
36;0
37;0
38;0
39;0
40;2
41;2
42;0
43;0
44;0
45;1
46;0
47;2
48;0
49;1
50;0
51;0
52;1
53;0
54;0
55;2
56;0
57;1
58;0
59;2
60;2
61;2
62;0
63;1
64;2
65;0
66;0
67;0
68;1
69;0
70;0
71;2
72;0
73;0
74;1
75;0
76;1
77;2
78;2
79;0
80;0
81;0
82;0
83;2
84;0
85;2
86;2
87;2
88;1
89;0
90;0
91;0
92;0
93;0
94;0
95;0
96;0
97;0
98;0
99;0
100;2
101;1
102;0
103;2
104;1
105;0
106;0
107;0
108;2
109;0
110;0
111;0
112;0
113;0
114;0
115;0
116;2
117;0
118;0
119;0
120;0
121;0
122;1
123;0
124;0
125;0
126;0
127;0
128;0
129;0
130;0
131;0
132;0
133;1
134;0
135;0
136;0
137;0
138;0
139;2
140;0
141;2
142;1
143;0
144;1
145;0
146;0
147;1
148;0
149;2
150;1
151;0
152;0
153;0
154;0
155;0
156;1
157;0
158;0
159;0
160;2
161;0
162;0
163;0
164;0
165;0
166;0
167;0
168;0
169;0
170;0
171;0
172;0
173;0
174;0
175;0
176;0
177;0
178;1
179;0
180;0
181;0
182;0
183;2
184;1
185;0
186;0
187;0
188;0
189;0
190;1
191;0
192;0
193;0
194;0
195;1
196;0
197;0
198;0
199;0
200;0
201;2
202;1
203;1
204;0
205;1
206;2
207;0
208;0
209;0
210;1
211;0
212;0
213;0
214;0
215;2
216;1
217;2
218;0
219;0
220;1
221;0
222;1
223;0
224;1
225;0
226;1
227;0
228;0
229;0
230;0
231;0
232;1
233;1
234;0
235;1
236;0
237;0
238;0
239;0
240;1
241;1
242;0
243;0
244;0
245;1
246;0
247;1
248;0
249;0
250;1
251;0
252;1
253;0
254;0
255;0
256;0
257;0
258;0
259;0
260;0
261;0
262;0
263;1
264;0
265;0
266;0
267;0
268;0
269;0
270;2
271;0
272;0
273;0
274;0
275;0
276;0
277;1
278;0
279;0
280;0
281;1
282;0
283;0
284;2
285;0
286;0
287;0
288;0
289;0
290;0
291;0
292;2
293;0
294;0
295;1
296;0
297;0
298;1
299;0
300;2
301;2
302;0
303;0
304;0
305;0
306;0
307;0
308;0
309;0
310;2
311;1
312;0
313;0
314;0
315;0
316;0
317;0
318;0
319;0
320;0
321;0
322;1
323;0
324;1
325;2
326;0
327;1
328;1
329;1
330;0
331;0
332;0
333;2
334;1
335;0
336;1
337;0
338;1
339;0
340;1
341;1
342;0
343;0
344;0
345;0
346;1
347;0
348;0
349;0
350;0
351;0
352;0
353;0
354;2
355;0
356;2
357;1
358;0
359;0
360;2
361;0
362;1
363;0
364;0
365;1
366;0
367;0
368;0
369;0
370;0
371;0
372;0
373;0
374;0
375;1
376;0
377;0
378;0
379;2
380;0
381;2
382;1
383;0
384;0
385;0
386;0
387;0
388;0
389;0
390;2
391;2
392;0
393;0
394;1
395;0
396;2
397;2
398;0
399;2
400;2
401;0
402;0
403;0
404;0
405;2
406;1
407;0
408;0
409;0
410;0
411;0
412;0
413;1
414;0
415;0
416;0
417;0
418;0
419;0
420;0
421;1
422;0
423;1
424;1
425;0
426;0
427;0
428;0
429;0
430;2
431;0
432;0
433;1
434;0
435;2
436;2
437;0
438;2
439;1
440;0
441;2
442;1
443;2
444;0
445;2
446;0
447;1
448;0
449;0
450;0
451;0
452;0
453;1
454;0
455;0
456;0
457;0
458;1
459;1
460;0
461;0
462;0
463;0
464;2
465;2
466;0
467;0
468;2
469;0
470;0
471;0
472;1
473;0
474;0
475;0
476;2
477;0
478;0
479;2
480;2
481;0
482;0
483;0
484;0
485;1
486;0
487;2
488;1
489;0
490;0
491;0
492;0
493;0
494;0
495;0
496;0
497;0
498;0
499;0
500;0
501;2
502;1
503;0
504;0
505;0
506;0
507;0
508;2
509;0
510;0
511;2
512;0
513;2
514;0
515;0
516;0
517;0
518;0
519;0
520;0
521;0
522;2
523;1
524;0
525;2
526;0
527;0
528;0
529;0
530;2
531;0
532;0
533;0
534;0
535;0
536;1
537;0
538;0
539;0
540;0
541;0
542;0
543;0
544;0
545;0
546;0
547;0
548;1
549;0
550;0
551;0
552;0
553;0
554;1
555;1
556;0
557;0
558;2
559;0
560;0
561;2
562;0
563;2
564;0
565;0
566;0
567;1
568;0
569;0
570;0
571;0
572;0
573;0
574;0
575;0
576;0
577;2
578;0
579;0
580;0
581;1
582;0
583;0
584;0
585;0
586;0
587;0
588;0
589;0
590;0
591;2
592;1
593;1
594;0
595;0
596;2
597;0
598;0
599;0
600;2
601;0
602;0
603;2
604;1
605;0
606;0
607;0
608;0
609;0
610;2
611;0
612;2
613;0
614;0
615;0
616;0
617;0
618;2
619;0
620;0
621;0
622;0
623;2
624;0
625;0
626;0
627;2
628;0
629;0
630;0
631;0
632;0
633;0
634;0
635;0
636;0
637;0
638;0
639;0
640;0
641;0
642;0
643;0
644;0
645;0
646;2
647;1
648;0
649;0
650;1
651;0
652;0
653;1
654;0
655;0
656;1
657;0
658;1
659;0
660;0
661;0
662;0
663;2
664;2
665;0
666;0
667;0
668;0
669;0
670;0
671;0
672;2
673;0
674;0
675;0
676;0
677;0
678;1
679;0
680;0
681;0
682;0
683;0
684;0
685;0
686;0
687;2
688;0
689;0
690;2
691;2
692;2
693;0
694;0
695;0
696;1
697;0
698;0
699;0
700;0
701;0
702;0
703;0
704;0
705;0
706;0
707;1
708;0
709;0
710;0
711;0
712;0
713;0
714;0
715;0
716;1
717;2
718;1
719;0
720;0
721;0
722;2
723;2
724;0
725;0
726;0
727;0
728;1
729;0
730;2
731;0
732;1
733;0
734;0
735;2
736;1
737;0
738;2
739;2
740;1
741;0
742;2
743;0
744;0
745;1
746;2
747;0
748;0
749;0
750;0
751;0
752;0
753;1
754;0
755;4
756;0
757;2
758;1
759;0
760;2
761;0
762;0
763;2
764;2
765;0
766;0
767;0
768;1
769;0
770;1
771;0
772;0
773;0
774;0
775;0
776;0
777;0
778;1
779;0
780;0
781;0
782;0
783;0
784;0
785;0
786;0
787;0
788;1
789;0
790;0
791;0
792;0
793;0
794;0
795;0
796;0
797;0
798;2
799;2
800;0
801;1
802;0
803;1
804;0
805;1
806;0
807;0
808;0
809;0
810;0
811;0
812;0
813;0
814;2
815;2
816;0
817;0
818;0
819;0
820;0
821;0
822;0
823;0
824;1
825;1
826;0
827;0
828;0
829;2
830;0
831;0
832;0
833;0
834;0
835;0
836;0
837;0
838;0
839;2
840;1
841;0
842;0
843;0
844;0
845;1
846;0
847;0
848;0
849;1
850;0
851;0
852;0
853;1
854;0
855;1
856;0
857;0
858;0
859;0
860;2
861;0
862;1
863;0
864;0
865;0
866;0
867;1
868;0
869;0
870;0
871;2
872;0
873;0
874;0
875;0
876;1
877;2
878;1
879;0
880;0
881;2
882;0
883;0
884;2
885;0
886;0
887;1
888;0
889;0
890;1
891;0
892;0
893;0
894;0
895;1
896;0
897;1
898;0
899;2
900;2
901;0
902;2
903;0
904;0
905;0
906;2
907;0
908;0
909;0
910;0
911;0
912;0
913;2
914;0
915;0
916;0
917;0
918;0
919;0
920;0
921;0
922;1
923;1
924;0
925;0
926;0
927;0
928;0
929;0
930;0
931;1
932;0
933;0
934;1
935;2
936;1
937;2
938;2
939;2
940;0
941;0
942;0
943;0
944;2
945;1
946;0
947;0
948;1
949;0
950;1
951;0
952;1
953;0
954;0
955;2
956;1
957;0
958;0
959;0
960;2
961;0
962;0
963;1
964;0
965;0
966;0
967;0
968;0
969;0
970;0
971;0
972;1
973;0
974;2
975;0
976;2
977;1
978;0
979;0
980;0
981;0
982;0
983;0
984;0
985;0
986;1
987;0
988;2
989;1
990;2
991;0
992;0
993;0
994;0
995;1
996;2
997;1
998;0
999;0
1000;0
1001;0
1002;0
1003;0
1004;0
1005;0
1006;0
1007;0
1008;0
1009;0
1010;0
1011;2
1012;0
1013;1
1014;0
1015;0
1016;0
1017;0
1018;0
1019;0
1020;0
1021;0
1022;0
1023;0
