0;0
1;0
2;0
3;0
4;2
5;0
6;0
7;2
8;2
9;0
10;2
11;0
12;0
13;0
14;0
15;1
16;0
17;0
18;0
19;0
20;1
21;2
22;0
23;0
24;0
25;0
26;0
27;0
28;2
29;0
30;0
31;0
32;0
33;1
34;0
35;0
36;0
37;0
38;0
39;0
40;0
41;0
42;0
43;0
44;1
45;0
46;0
47;0
48;2
49;2
50;2
51;2
52;2
53;0
54;2
55;2
56;0
57;0
58;2
59;2
60;2
61;0
62;0
63;4
64;2
65;0
66;1
67;0
68;1
69;0
70;2
71;1
72;0
73;2
74;0
75;2
76;2
77;1
78;0
79;0
80;2
81;2
82;2
83;0
84;0
85;0
86;0
87;0
88;1
89;0
90;0
91;2
92;1
93;2
94;2
95;2
96;2
97;0
98;0
99;0
100;2
101;2
102;0
103;0
104;0
105;0
106;0
107;2
108;1
109;0
110;0
111;0
112;0
113;0
114;1
115;0
116;1
117;1
118;0
119;0
120;0
121;0
122;0
123;0
124;2
125;1
126;0
127;0
128;0
129;2
130;0
131;0
132;0
133;0
134;2
135;0
136;1
137;0
138;2
139;1
140;0
141;0
142;0
143;0
144;2
145;2
146;2
147;0
148;2
149;0
150;0
151;0
152;4
153;1
154;0
155;1
156;2
157;0
158;0
159;0
160;2
161;0
162;0
163;0
164;0
165;0
166;0
167;0
168;0
169;0
170;0
171;0
172;1
173;0
174;0
175;0
176;2
177;2
178;0
179;0
180;1
181;1
182;0
183;0
184;0
185;0
186;2
187;2
188;1
189;0
190;0
191;1
192;1
193;2
194;2
195;2
196;2
197;0
198;2
199;0
200;2
201;0
202;1
203;0
204;0
205;0
206;0
207;0
208;1
209;0
210;0
211;0
212;0
213;0
214;1
215;0
216;0
217;0
218;0
219;1
220;0
221;0
222;0
223;1
224;0
225;0
226;0
227;0
228;0
229;2
230;2
231;0
232;0
233;0
234;0
235;0
236;1
237;0
238;2
239;0
240;2
241;2
242;0
243;0
244;2
245;0
246;0
247;0
248;1
249;0
250;0
251;0
252;0
253;0
254;0
255;0
256;2
257;2
258;0
259;0
260;2
261;0
262;0
263;0
264;0
265;0
266;0
267;0
268;0
269;2
270;2
271;0
272;2
273;0
274;0
275;0
276;1
277;0
278;2
279;1
280;0
281;0
282;0
283;1
284;2
285;0
286;2
287;1
288;0
289;0
290;2
291;0
292;1
293;0
294;0
295;2
296;0
297;0
298;1
299;2
300;0
301;0
302;0
303;0
304;0
305;0
306;0
307;0
308;0
309;1
310;0
311;0
312;0
313;0
314;0
315;0
316;0
317;2
318;2
319;2
320;2
321;2
322;0
323;2
324;2
325;0
326;0
327;2
328;1
329;0
330;0
331;2
332;4
333;0
334;2
335;2
336;0
337;0
338;0
339;0
340;2
341;0
342;0
343;2
344;1
345;0
346;0
347;0
348;2
349;2
350;1
351;0
352;1
353;0
354;0
355;1
356;2
357;0
358;0
359;0
360;1
361;0
362;2
363;2
364;0
365;0
366;2
367;1
368;0
369;0
370;2
371;1
372;0
373;0
374;2
375;2
376;1
377;0
378;0
379;2
380;2
381;0
382;1
383;0
384;0
385;0
386;2
387;0
388;1
389;0
390;1
391;2
392;1
393;0
394;0
395;2
396;2
397;0
398;0
399;0
400;2
401;0
402;0
403;0
404;0
405;0
406;0
407;0
408;0
409;0
410;1
411;0
412;0
413;2
414;0
415;0
416;2
417;0
418;2
419;2
420;1
421;1
422;0
423;0
424;4
425;0
426;2
427;1
428;0
429;0
430;0
431;0
432;2
433;1
434;0
435;0
436;2
437;1
438;0
439;2
440;0
441;0
442;0
443;0
444;0
445;0
446;0
447;0
448;0
449;0
450;1
451;0
452;0
453;0
454;0
455;0
456;0
457;0
458;0
459;0
460;0
461;0
462;0
463;2
464;0
465;0
466;1
467;0
468;0
469;0
470;0
471;2
472;0
473;0
474;2
475;2
476;2
477;0
478;0
479;0
480;0
481;0
482;0
483;0
484;2
485;0
486;0
487;0
488;0
489;0
490;0
491;0
492;0
493;0
494;1
495;1
496;0
497;1
498;0
499;0
500;0
501;1
502;0
503;0
504;2
505;0
506;1
507;0
508;0
509;1
510;0
511;2
512;0
513;0
514;2
515;1
516;0
517;0
518;0
519;2
520;4
521;0
522;0
523;2
524;2
525;2
526;2
527;0
528;2
529;2
530;1
531;2
532;1
533;1
534;0
535;0
536;0
537;0
538;0
539;0
540;1
541;0
542;0
543;0
544;0
545;0
546;0
547;0
548;2
549;1
550;0
551;2
552;1
553;0
554;0
555;0
556;0
557;0
558;0
559;1
560;1
561;0
562;0
563;2
564;2
565;0
566;2
567;2
568;2
569;2
570;2
571;0
572;1
573;0
574;2
575;0
576;0
577;1
578;0
579;0
580;2
581;0
582;1
583;0
584;2
585;2
586;1
587;0
588;1
589;2
590;0
591;2
592;0
593;2
594;0
595;0
596;0
597;0
598;0
599;0
600;1
601;0
602;2
603;4
604;2
605;0
606;0
607;2
608;2
609;1
610;2
611;2
612;1
613;0
614;0
615;2
616;2
617;2
618;0
619;2
620;0
621;0
622;1
623;0
624;1
625;0
626;0
627;0
628;1
629;1
630;0
631;0
632;0
633;0
634;2
635;0
636;0
637;2
638;0
639;1
640;0
641;2
642;0
643;2
644;2
645;0
646;2
647;1
648;0
649;0
650;2
651;2
652;4
653;2
654;2
655;0
656;1
657;0
658;0
659;2
660;1
661;0
662;2
663;2
664;1
665;0
666;2
667;2
668;2
669;0
670;2
671;0
672;1
673;0
674;0
675;2
676;0
677;2
678;0
679;0
680;0
681;2
682;2
683;1
684;2
685;2
686;2
687;0
688;2
689;0
690;1
691;2
692;2
693;2
694;1
695;0
696;2
697;0
698;0
699;0
700;0
701;0
702;0
703;2
704;0
705;0
706;0
707;2
708;0
709;0
710;2
711;0
712;0
713;0
714;0
715;1
716;2
717;0
718;2
719;2
720;2
721;0
722;0
723;0
724;2
725;0
726;0
727;0
728;0
729;0
730;0
731;1
732;1
733;0
734;0
735;0
736;0
737;0
738;2
739;0
740;0
741;1
742;0
743;1
744;0
745;0
746;0
747;1
748;2
749;2
750;2
751;2
752;2
753;2
754;2
755;2
756;1
757;0
758;0
759;0
760;4
761;0
762;2
763;2
764;0
765;0
766;2
767;0
768;2
769;0
770;0
771;0
772;0
773;0
774;0
775;0
776;2
777;0
778;0
779;0
780;0
781;2
782;2
783;1
784;0
785;0
786;1
787;0
788;2
789;2
790;2
791;1
792;0
793;0
794;1
795;2
796;0
797;1
798;0
799;0
800;0
801;0
802;0
803;1
804;0
805;0
806;0
807;2
808;4
809;0
810;0
811;2
812;2
813;0
814;0
815;0
816;2
817;0
818;0
819;0
820;0
821;2
822;0
823;0
824;2
825;1
826;1
827;0
828;2
829;2
830;0
831;0
832;2
833;0
834;0
835;0
836;0
837;2
838;2
839;1
840;2
841;1
842;0
843;0
844;1
845;0
846;1
847;0
848;0
849;0
850;0
851;2
852;4
853;2
854;2
855;2
856;2
857;0
858;0
859;0
860;2
861;0
862;0
863;0
864;0
865;1
866;0
867;0
868;0
869;0
870;2
871;2
872;4
873;1
874;1
875;0
876;2
877;0
878;0
879;0
880;1
881;0
882;0
883;0
884;0
885;0
886;0
887;0
888;0
889;0
890;0
891;0
892;1
893;0
894;0
895;2
896;0
897;0
898;0
899;1
900;0
901;2
902;2
903;0
904;4
905;2
906;1
907;0
908;0
909;2
910;2
911;0
912;1
913;0
914;2
915;0
916;2
917;0
918;2
919;0
920;0
921;0
922;0
923;0
924;2
925;0
926;0
927;0
928;0
929;0
930;2
931;0
932;2
933;0
934;0
935;0
936;0
937;0
938;1
939;0
940;0
941;0
942;0
943;2
944;1
945;0
946;2
947;2
948;2
949;0
950;2
951;0
952;0
953;2
954;0
955;0
956;0
957;0
958;0
959;0
960;0
961;2
962;1
963;0
964;1
965;0
966;0
967;0
968;0
969;2
970;2
971;2
972;0
973;0
974;2
975;0
976;0
977;0
978;0
979;1
980;0
981;1
982;0
983;0
984;0
985;0
986;0
987;1
988;0
989;0
990;0
991;2
992;0
993;1
994;0
995;2
996;2
997;2
998;2
999;0
1000;2
1001;0
1002;0
1003;0
1004;0
1005;2
1006;0
1007;0
1008;1
1009;0
1010;1
1011;0
1012;0
1013;0
1014;0
1015;0
1016;0
1017;0
1018;0
1019;0
1020;0
1021;0
1022;0
1023;0
