0;0
1;0
2;0
3;0
4;2
5;0
6;0
7;2
8;0
9;0
10;0
11;0
12;0
13;0
14;0
15;0
16;0
17;0
18;0
19;0
20;0
21;0
22;0
23;0
24;1
25;0
26;1
27;0
28;0
29;0
30;0
31;1
32;0
33;1
34;0
35;0
36;0
37;0
38;0
39;0
40;0
41;0
42;0
43;0
44;1
45;0
46;0
47;0
48;0
49;0
50;2
51;2
52;0
53;0
54;0
55;0
56;0
57;0
58;0
59;0
60;0
61;1
62;0
63;1
64;0
65;0
66;0
67;0
68;0
69;0
70;0
71;0
72;0
73;0
74;0
75;0
76;0
77;0
78;0
79;0
80;0
81;0
82;0
83;0
84;0
85;0
86;2
87;0
88;0
89;0
90;0
91;0
92;0
93;0
94;0
95;1
96;0
97;2
98;2
99;0
100;0
101;0
102;0
103;0
104;0
105;2
106;0
107;0
108;0
109;0
110;2
111;0
112;0
113;0
114;0
115;2
116;0
117;1
118;0
119;0
120;0
121;0
122;1
123;0
124;0
125;0
126;0
127;0
128;0
129;0
130;0
131;0
132;2
133;0
134;0
135;2
136;0
137;0
138;2
139;0
140;2
141;0
142;0
143;2
144;0
145;2
146;0
147;0
148;0
149;0
150;2
151;0
152;0
153;0
154;2
155;2
156;0
157;0
158;0
159;0
160;0
161;0
162;0
163;0
164;2
165;0
166;2
167;0
168;0
169;0
170;0
171;1
172;0
173;0
174;0
175;0
176;0
177;0
178;0
179;0
180;2
181;0
182;0
183;0
184;0
185;0
186;0
187;1
188;0
189;0
190;1
191;2
192;2
193;0
194;1
195;0
196;0
197;0
198;2
199;0
200;0
201;0
202;0
203;0
204;0
205;0
206;0
207;0
208;1
209;0
210;0
211;0
212;0
213;0
214;0
215;0
216;2
217;0
218;0
219;0
220;0
221;1
222;0
223;0
224;2
225;0
226;1
227;0
228;0
229;0
230;0
231;0
232;0
233;2
234;0
235;2
236;2
237;0
238;0
239;1
240;2
241;0
242;0
243;0
244;2
245;0
246;0
247;0
248;0
249;2
250;1
251;0
252;0
253;0
254;0
255;0
256;0
257;0
258;0
259;0
260;2
261;1
262;0
263;0
264;0
265;1
266;0
267;0
268;0
269;2
270;1
271;0
272;0
273;0
274;2
275;0
276;0
277;0
278;1
279;2
280;2
281;2
282;2
283;0
284;0
285;2
286;2
287;0
288;0
289;0
290;0
291;2
292;0
293;0
294;0
295;2
296;0
297;2
298;0
299;0
300;0
301;0
302;2
303;0
304;0
305;2
306;0
307;0
308;2
309;2
310;0
311;0
312;0
313;0
314;2
315;2
316;0
317;0
318;0
319;1
320;0
321;0
322;0
323;0
324;1
325;0
326;0
327;2
328;0
329;0
330;0
331;2
332;2
333;1
334;0
335;0
336;0
337;1
338;0
339;0
340;1
341;0
342;0
343;0
344;0
345;0
346;2
347;2
348;0
349;0
350;0
351;0
352;0
353;2
354;0
355;0
356;0
357;0
358;0
359;0
360;0
361;0
362;0
363;2
364;0
365;0
366;2
367;0
368;0
369;0
370;2
371;1
372;1
373;0
374;0
375;0
376;0
377;2
378;2
379;0
380;1
381;0
382;0
383;0
384;0
385;0
386;0
387;0
388;0
389;0
390;0
391;2
392;0
393;0
394;0
395;0
396;0
397;0
398;2
399;2
400;0
401;0
402;0
403;0
404;2
405;0
406;0
407;0
408;0
409;0
410;0
411;1
412;1
413;1
414;0
415;0
416;0
417;0
418;0
419;0
420;0
421;0
422;0
423;0
424;0
425;0
426;2
427;0
428;0
429;0
430;0
431;0
432;2
433;1
434;2
435;0
436;0
437;0
438;0
439;0
440;0
441;0
442;0
443;2
444;0
445;0
446;0
447;0
448;0
449;2
450;0
451;2
452;0
453;0
454;2
455;0
456;0
457;0
458;0
459;1
460;0
461;0
462;0
463;0
464;0
465;0
466;0
467;0
468;0
469;0
470;0
471;0
472;0
473;0
474;0
475;0
476;0
477;0
478;2
479;0
480;0
481;0
482;0
483;0
484;0
485;0
486;0
487;2
488;0
489;0
490;0
491;0
492;0
493;0
494;0
495;0
496;1
497;0
498;0
499;0
500;0
501;0
502;0
503;0
504;0
505;0
506;0
507;2
508;1
509;0
510;0
511;0
512;1
513;0
514;0
515;1
516;0
517;0
518;0
519;2
520;0
521;0
522;0
523;1
524;0
525;0
526;2
527;0
528;0
529;0
530;0
531;1
532;2
533;2
534;1
535;0
536;2
537;2
538;0
539;0
540;0
541;2
542;0
543;0
544;0
545;1
546;1
547;0
548;1
549;0
550;0
551;1
552;0
553;0
554;0
555;2
556;1
557;1
558;0
559;2
560;1
561;0
562;0
563;1
564;2
565;0
566;0
567;0
568;0
569;2
570;2
571;1
572;0
573;0
574;0
575;0
576;0
577;1
578;2
579;0
580;0
581;0
582;0
583;0
584;2
585;0
586;1
587;2
588;0
589;2
590;0
591;0
592;0
593;0
594;0
595;0
596;0
597;1
598;0
599;0
600;0
601;0
602;0
603;1
604;1
605;0
606;2
607;0
608;1
609;0
610;0
611;0
612;1
613;1
614;0
615;2
616;2
617;0
618;0
619;2
620;0
621;2
622;2
623;2
624;0
625;2
626;0
627;0
628;0
629;0
630;0
631;0
632;1
633;0
634;0
635;0
636;2
637;0
638;0
639;2
640;0
641;0
642;0
643;0
644;0
645;0
646;0
647;0
648;0
649;1
650;0
651;2
652;2
653;0
654;1
655;1
656;0
657;1
658;2
659;0
660;2
661;0
662;0
663;0
664;0
665;0
666;0
667;0
668;0
669;0
670;0
671;2
672;0
673;2
674;1
675;0
676;1
677;0
678;2
679;0
680;0
681;1
682;1
683;0
684;1
685;0
686;1
687;0
688;0
689;2
690;0
691;0
692;1
693;0
694;1
695;1
696;1
697;0
698;0
699;0
700;1
701;2
702;2
703;0
704;0
705;0
706;2
707;0
708;0
709;0
710;2
711;0
712;1
713;0
714;0
715;0
716;0
717;2
718;0
719;0
720;0
721;1
722;0
723;1
724;0
725;0
726;0
727;1
728;1
729;0
730;0
731;2
732;0
733;0
734;0
735;2
736;2
737;0
738;0
739;1
740;0
741;1
742;0
743;0
744;0
745;0
746;0
747;2
748;0
749;0
750;2
751;2
752;0
753;0
754;0
755;0
756;2
757;0
758;0
759;1
760;1
761;0
762;0
763;0
764;1
765;0
766;0
767;0
768;0
769;2
770;0
771;0
772;0
773;0
774;0
775;0
776;0
777;0
778;0
779;0
780;0
781;0
782;0
783;1
784;0
785;0
786;0
787;0
788;0
789;0
790;0
791;2
792;0
793;0
794;1
795;0
796;0
797;0
798;0
799;1
800;2
801;0
802;2
803;0
804;0
805;0
806;1
807;0
808;0
809;0
810;0
811;0
812;0
813;0
814;1
815;0
816;0
817;0
818;2
819;2
820;2
821;0
822;0
823;1
824;0
825;1
826;0
827;0
828;2
829;0
830;0
831;2
832;0
833;0
834;2
835;2
836;0
837;0
838;0
839;0
840;0
841;0
842;2
843;1
844;0
845;0
846;0
847;0
848;0
849;0
850;0
851;0
852;1
853;0
854;0
855;0
856;0
857;0
858;0
859;0
860;0
861;2
862;0
863;1
864;1
865;2
866;2
867;0
868;0
869;0
870;0
871;0
872;1
873;0
874;0
875;0
876;0
877;0
878;0
879;1
880;0
881;0
882;0
883;0
884;1
885;0
886;0
887;0
888;0
889;1
890;1
891;0
892;2
893;0
894;0
895;0
896;1
897;0
898;0
899;1
900;0
901;0
902;0
903;0
904;0
905;0
906;0
907;0
908;0
909;0
910;1
911;0
912;0
913;0
914;2
915;0
916;2
917;0
918;1
919;0
920;0
921;0
922;0
923;0
924;2
925;0
926;0
927;2
928;0
929;0
930;1
931;0
932;1
933;0
934;2
935;1
936;0
937;2
938;0
939;0
940;1
941;0
942;1
943;0
944;0
945;2
946;2
947;0
948;0
949;0
950;0
951;0
952;0
953;0
954;2
955;0
956;0
957;0
958;0
959;0
960;0
961;1
962;0
963;0
964;0
965;2
966;0
967;1
968;1
969;0
970;0
971;0
972;0
973;0
974;1
975;2
976;0
977;0
978;0
979;0
980;0
981;2
982;0
983;0
984;1
985;0
986;2
987;2
988;0
989;0
990;0
991;0
992;1
993;0
994;2
995;0
996;2
997;2
998;0
999;0
1000;2
1001;2
1002;2
1003;2
1004;0
1005;0
1006;2
1007;1
1008;0
1009;0
1010;2
1011;0
1012;0
1013;0
1014;0
1015;1
1016;0
1017;0
1018;0
1019;0
1020;0
1021;0
1022;0
1023;0
