0;1
1;0
2;0
3;0
4;2
5;2
6;0
7;2
8;0
9;0
10;2
11;0
12;2
13;0
14;0
15;0
16;1
17;0
18;1
19;2
20;0
21;0
22;0
23;0
24;0
25;0
26;2
27;0
28;0
29;0
30;0
31;2
32;0
33;0
34;0
35;0
36;1
37;2
38;0
39;2
40;0
41;0
42;1
43;0
44;2
45;0
46;1
47;2
48;0
49;2
50;0
51;0
52;2
53;0
54;0
55;1
56;0
57;0
58;0
59;0
60;0
61;0
62;0
63;0
64;0
65;0
66;2
67;0
68;0
69;1
70;0
71;0
72;0
73;1
74;0
75;2
76;0
77;0
78;0
79;0
80;1
81;0
82;0
83;0
84;0
85;0
86;0
87;2
88;0
89;0
90;1
91;0
92;0
93;0
94;2
95;0
96;0
97;0
98;0
99;0
100;0
101;2
102;0
103;2
104;2
105;1
106;2
107;2
108;0
109;1
110;0
111;0
112;0
113;1
114;0
115;1
116;2
117;0
118;0
119;1
120;0
121;0
122;0
123;0
124;0
125;0
126;0
127;0
128;1
129;2
130;0
131;0
132;0
133;0
134;0
135;1
136;0
137;0
138;0
139;1
140;2
141;1
142;0
143;0
144;0
145;0
146;0
147;0
148;0
149;0
150;0
151;0
152;2
153;1
154;0
155;0
156;0
157;0
158;0
159;0
160;0
161;2
162;0
163;0
164;0
165;0
166;0
167;0
168;2
169;0
170;0
171;0
172;2
173;0
174;0
175;0
176;0
177;0
178;0
179;0
180;0
181;2
182;1
183;0
184;0
185;0
186;0
187;0
188;0
189;0
190;0
191;0
192;0
193;1
194;0
195;2
196;0
197;0
198;0
199;0
200;0
201;0
202;0
203;1
204;0
205;0
206;0
207;1
208;0
209;0
210;0
211;2
212;0
213;1
214;0
215;0
216;0
217;2
218;0
219;1
220;0
221;0
222;0
223;0
224;1
225;2
226;0
227;0
228;2
229;2
230;0
231;2
232;0
233;0
234;0
235;0
236;2
237;0
238;0
239;0
240;0
241;2
242;0
243;0
244;1
245;1
246;0
247;0
248;0
249;1
250;1
251;2
252;0
253;0
254;0
255;0
256;2
257;0
258;1
259;0
260;0
261;0
262;0
263;1
264;0
265;0
266;0
267;0
268;0
269;2
270;1
271;0
272;0
273;0
274;0
275;0
276;0
277;2
278;1
279;0
280;2
281;0
282;0
283;0
284;0
285;0
286;0
287;0
288;1
289;0
290;0
291;1
292;0
293;2
294;2
295;0
296;0
297;0
298;2
299;0
300;0
301;0
302;2
303;0
304;0
305;0
306;2
307;0
308;0
309;0
310;0
311;0
312;0
313;0
314;0
315;0
316;2
317;2
318;0
319;0
320;0
321;0
322;0
323;0
324;0
325;1
326;0
327;0
328;1
329;0
330;0
331;0
332;0
333;0
334;0
335;0
336;0
337;0
338;1
339;2
340;2
341;2
342;0
343;0
344;0
345;0
346;0
347;0
348;2
349;2
350;0
351;2
352;0
353;2
354;0
355;2
356;0
357;0
358;0
359;0
360;0
361;2
362;1
363;0
364;2
365;1
366;0
367;0
368;0
369;0
370;1
371;1
372;0
373;0
374;0
375;0
376;0
377;1
378;1
379;0
380;0
381;0
382;0
383;0
384;0
385;2
386;1
387;0
388;0
389;2
390;0
391;0
392;0
393;1
394;0
395;2
396;0
397;0
398;0
399;0
400;0
401;0
402;1
403;0
404;1
405;0
406;0
407;0
408;0
409;0
410;2
411;0
412;0
413;1
414;0
415;2
416;0
417;0
418;1
419;2
420;0
421;0
422;0
423;0
424;0
425;0
426;0
427;0
428;2
429;0
430;2
431;0
432;1
433;2
434;2
435;0
436;0
437;0
438;0
439;1
440;0
441;0
442;0
443;0
444;0
445;2
446;0
447;0
448;2
449;2
450;0
451;1
452;0
453;0
454;0
455;0
456;1
457;0
458;0
459;0
460;0
461;1
462;0
463;2
464;1
465;0
466;0
467;2
468;0
469;2
470;2
471;1
472;0
473;2
474;0
475;1
476;0
477;0
478;0
479;1
480;0
481;0
482;1
483;0
484;0
485;2
486;1
487;0
488;0
489;0
490;0
491;2
492;0
493;1
494;0
495;0
496;0
497;0
498;0
499;2
500;2
501;0
502;0
503;0
504;1
505;0
506;0
507;0
508;0
509;0
510;1
511;0
512;0
513;0
514;0
515;1
516;0
517;0
518;0
519;0
520;2
521;0
522;1
523;0
524;0
525;0
526;0
527;0
528;0
529;0
530;0
531;0
532;0
533;0
534;0
535;0
536;1
537;0
538;0
539;2
540;0
541;0
542;0
543;0
544;0
545;1
546;0
547;1
548;0
549;0
550;0
551;0
552;0
553;0
554;0
555;0
556;0
557;0
558;0
559;0
560;0
561;0
562;0
563;1
564;0
565;0
566;0
567;0
568;1
569;1
570;0
571;1
572;0
573;0
574;0
575;0
576;2
577;0
578;0
579;0
580;2
581;2
582;2
583;0
584;0
585;0
586;0
587;0
588;2
589;0
590;0
591;0
592;0
593;0
594;1
595;0
596;0
597;0
598;0
599;0
600;0
601;1
602;0
603;1
604;0
605;0
606;0
607;2
608;0
609;0
610;0
611;0
612;0
613;2
614;1
615;0
616;0
617;1
618;0
619;2
620;2
621;0
622;0
623;0
624;2
625;0
626;0
627;0
628;0
629;0
630;0
631;0
632;0
633;0
634;0
635;0
636;2
637;0
638;2
639;0
640;0
641;0
642;0
643;0
644;0
645;0
646;2
647;0
648;0
649;0
650;0
651;2
652;0
653;0
654;0
655;0
656;1
657;0
658;0
659;1
660;0
661;2
662;0
663;1
664;0
665;0
666;0
667;0
668;0
669;0
670;0
671;0
672;0
673;0
674;2
675;0
676;0
677;0
678;0
679;0
680;2
681;2
682;0
683;1
684;0
685;0
686;0
687;0
688;0
689;0
690;0
691;1
692;1
693;0
694;0
695;0
696;0
697;0
698;0
699;0
700;0
701;0
702;0
703;0
704;1
705;0
706;0
707;0
708;0
709;0
710;0
711;0
712;0
713;0
714;0
715;0
716;0
717;0
718;1
719;0
720;0
721;1
722;0
723;0
724;0
725;0
726;0
727;0
728;0
729;0
730;0
731;0
732;1
733;0
734;0
735;0
736;0
737;0
738;0
739;0
740;1
741;0
742;0
743;0
744;0
745;0
746;2
747;0
748;0
749;0
750;0
751;0
752;0
753;1
754;0
755;0
756;1
757;0
758;2
759;0
760;1
761;0
762;0
763;1
764;0
765;0
766;2
767;1
768;0
769;1
770;0
771;0
772;0
773;1
774;0
775;0
776;1
777;0
778;0
779;0
780;0
781;1
782;0
783;0
784;0
785;0
786;0
787;0
788;0
789;0
790;0
791;2
792;0
793;0
794;0
795;0
796;2
797;2
798;0
799;0
800;0
801;2
802;0
803;0
804;1
805;0
806;0
807;2
808;0
809;0
810;0
811;1
812;0
813;1
814;0
815;0
816;0
817;0
818;0
819;0
820;0
821;0
822;2
823;0
824;1
825;0
826;2
827;0
828;1
829;0
830;0
831;1
832;0
833;0
834;0
835;0
836;0
837;0
838;0
839;0
840;1
841;1
842;2
843;2
844;0
845;0
846;0
847;0
848;0
849;1
850;0
851;0
852;1
853;0
854;1
855;0
856;1
857;0
858;0
859;0
860;0
861;0
862;0
863;1
864;0
865;1
866;0
867;0
868;1
869;1
870;2
871;1
872;0
873;2
874;0
875;2
876;0
877;0
878;0
879;0
880;0
881;0
882;2
883;0
884;0
885;0
886;0
887;0
888;0
889;2
890;0
891;0
892;0
893;1
894;0
895;0
896;0
897;0
898;0
899;0
900;0
901;0
902;0
903;2
904;0
905;0
906;0
907;0
908;2
909;0
910;0
911;0
912;2
913;0
914;0
915;0
916;0
917;0
918;0
919;2
920;2
921;0
922;0
923;1
924;1
925;0
926;0
927;0
928;0
929;0
930;0
931;0
932;0
933;0
934;2
935;0
936;2
937;2
938;0
939;2
940;0
941;0
942;0
943;0
944;0
945;1
946;0
947;2
948;1
949;0
950;0
951;0
952;0
953;1
954;0
955;2
956;0
957;0
958;0
959;2
960;0
961;1
962;0
963;2
964;0
965;2
966;0
967;2
968;1
969;0
970;0
971;0
972;0
973;0
974;0
975;2
976;0
977;0
978;2
979;0
980;0
981;0
982;1
983;0
984;0
985;0
986;0
987;2
988;2
989;0
990;2
991;0
992;0
993;0
994;0
995;0
996;0
997;0
998;2
999;1
1000;0
1001;0
1002;0
1003;0
1004;0
1005;2
1006;0
1007;2
1008;0
1009;1
1010;1
1011;0
1012;0
1013;1
1014;1
1015;0
1016;0
1017;0
1018;0
1019;0
1020;0
1021;0
1022;0
1023;0
