0;2
1;0
2;0
3;1
4;0
5;0
6;0
7;0
8;0
9;0
10;2
11;0
12;0
13;0
14;0
15;0
16;0
17;0
18;0
19;2
20;0
21;1
22;0
23;0
24;0
25;0
26;0
27;0
28;0
29;0
30;0
31;0
32;0
33;1
34;1
35;0
36;1
37;0
38;0
39;1
40;0
41;0
42;0
43;0
44;0
45;0
46;0
47;0
48;1
49;1
50;0
51;0
52;2
53;0
54;2
55;0
56;2
57;0
58;0
59;0
60;0
61;0
62;0
63;0
64;0
65;0
66;0
67;1
68;0
69;0
70;1
71;0
72;0
73;0
74;0
75;0
76;1
77;0
78;0
79;2
80;0
81;0
82;0
83;2
84;0
85;0
86;0
87;0
88;0
89;0
90;0
91;0
92;0
93;2
94;2
95;1
96;0
97;0
98;0
99;2
100;0
101;0
102;2
103;0
104;0
105;0
106;1
107;1
108;0
109;1
110;0
111;0
112;2
113;0
114;0
115;0
116;0
117;1
118;0
119;1
120;0
121;0
122;0
123;0
124;0
125;0
126;0
127;0
128;0
129;0
130;0
131;0
132;0
133;2
134;2
135;2
136;0
137;0
138;1
139;0
140;0
141;0
142;1
143;2
144;0
145;0
146;0
147;0
148;1
149;2
150;0
151;0
152;0
153;0
154;0
155;0
156;2
157;2
158;2
159;0
160;0
161;0
162;0
163;0
164;0
165;0
166;0
167;0
168;0
169;0
170;0
171;0
172;0
173;0
174;0
175;0
176;2
177;0
178;0
179;0
180;1
181;0
182;0
183;0
184;1
185;0
186;0
187;0
188;0
189;0
190;2
191;1
192;2
193;1
194;0
195;0
196;0
197;0
198;0
199;0
200;2
201;0
202;0
203;0
204;0
205;0
206;2
207;0
208;0
209;2
210;0
211;1
212;0
213;0
214;0
215;0
216;1
217;0
218;0
219;0
220;0
221;0
222;0
223;0
224;1
225;0
226;1
227;0
228;2
229;0
230;0
231;0
232;1
233;2
234;1
235;0
236;0
237;0
238;0
239;1
240;0
241;1
242;0
243;0
244;2
245;1
246;0
247;2
248;2
249;1
250;0
251;2
252;0
253;0
254;0
255;0
256;0
257;0
258;0
259;2
260;0
261;0
262;0
263;1
264;0
265;0
266;1
267;0
268;1
269;0
270;2
271;0
272;0
273;0
274;0
275;0
276;2
277;0
278;0
279;2
280;2
281;0
282;0
283;0
284;0
285;2
286;0
287;0
288;1
289;0
290;0
291;1
292;0
293;0
294;0
295;2
296;0
297;0
298;0
299;0
300;0
301;2
302;0
303;0
304;0
305;0
306;0
307;0
308;0
309;0
310;0
311;0
312;0
313;0
314;0
315;0
316;0
317;2
318;1
319;0
320;0
321;2
322;0
323;0
324;2
325;0
326;2
327;0
328;2
329;0
330;0
331;1
332;2
333;0
334;0
335;0
336;0
337;0
338;0
339;0
340;0
341;2
342;1
343;0
344;0
345;0
346;1
347;0
348;0
349;1
350;0
351;0
352;0
353;1
354;0
355;0
356;0
357;0
358;0
359;0
360;0
361;0
362;0
363;1
364;0
365;0
366;0
367;0
368;0
369;0
370;0
371;0
372;1
373;0
374;0
375;0
376;0
377;0
378;0
379;1
380;1
381;0
382;0
383;0
384;1
385;0
386;1
387;0
388;0
389;0
390;0
391;0
392;2
393;1
394;0
395;1
396;0
397;0
398;1
399;0
400;0
401;0
402;0
403;0
404;2
405;0
406;0
407;0
408;0
409;1
410;0
411;1
412;0
413;2
414;0
415;0
416;0
417;0
418;0
419;2
420;0
421;0
422;0
423;2
424;2
425;0
426;0
427;0
428;0
429;0
430;0
431;0
432;0
433;0
434;0
435;0
436;0
437;0
438;0
439;0
440;1
441;2
442;0
443;0
444;2
445;0
446;0
447;0
448;0
449;1
450;0
451;1
452;0
453;0
454;1
455;0
456;0
457;0
458;2
459;0
460;0
461;0
462;2
463;2
464;0
465;1
466;0
467;0
468;0
469;0
470;0
471;2
472;2
473;2
474;0
475;0
476;2
477;0
478;1
479;1
480;0
481;2
482;2
483;0
484;0
485;0
486;0
487;2
488;0
489;0
490;0
491;1
492;0
493;0
494;1
495;0
496;0
497;0
498;2
499;0
500;2
501;0
502;2
503;0
504;0
505;0
506;0
507;0
508;0
509;0
510;0
511;0
512;0
513;0
514;2
515;2
516;2
517;0
518;0
519;2
520;1
521;0
522;2
523;0
524;1
525;0
526;1
527;0
528;1
529;0
530;0
531;0
532;2
533;2
534;2
535;0
536;0
537;0
538;2
539;0
540;0
541;0
542;0
543;0
544;0
545;0
546;0
547;0
548;0
549;1
550;0
551;2
552;1
553;0
554;0
555;0
556;0
557;2
558;1
559;1
560;0
561;2
562;0
563;2
564;2
565;0
566;0
567;2
568;1
569;0
570;0
571;2
572;0
573;0
574;1
575;0
576;2
577;2
578;2
579;2
580;2
581;0
582;0
583;0
584;0
585;0
586;0
587;0
588;0
589;0
590;0
591;0
592;1
593;0
594;0
595;0
596;1
597;0
598;0
599;0
600;2
601;0
602;0
603;0
604;1
605;0
606;1
607;0
608;0
609;0
610;1
611;0
612;0
613;0
614;0
615;0
616;0
617;0
618;0
619;0
620;2
621;1
622;0
623;0
624;2
625;0
626;0
627;0
628;0
629;0
630;0
631;0
632;2
633;0
634;1
635;2
636;2
637;0
638;1
639;0
640;1
641;2
642;0
643;0
644;2
645;2
646;0
647;1
648;0
649;0
650;0
651;0
652;2
653;0
654;0
655;0
656;1
657;0
658;0
659;0
660;1
661;0
662;0
663;0
664;2
665;0
666;2
667;0
668;2
669;0
670;0
671;0
672;2
673;0
674;0
675;0
676;0
677;0
678;0
679;0
680;0
681;0
682;0
683;0
684;1
685;0
686;2
687;0
688;0
689;1
690;0
691;0
692;0
693;0
694;0
695;2
696;2
697;0
698;0
699;0
700;0
701;0
702;0
703;0
704;0
705;0
706;0
707;0
708;2
709;0
710;0
711;0
712;1
713;0
714;0
715;2
716;0
717;0
718;0
719;2
720;0
721;0
722;2
723;0
724;0
725;0
726;0
727;0
728;1
729;0
730;0
731;0
732;2
733;1
734;0
735;2
736;1
737;0
738;2
739;0
740;0
741;0
742;0
743;1
744;1
745;0
746;0
747;0
748;2
749;0
750;0
751;0
752;1
753;0
754;0
755;0
756;0
757;1
758;0
759;2
760;2
761;2
762;0
763;0
764;1
765;1
766;0
767;0
768;1
769;1
770;0
771;0
772;0
773;0
774;0
775;0
776;0
777;0
778;0
779;0
780;2
781;2
782;0
783;1
784;2
785;0
786;2
787;0
788;1
789;0
790;0
791;2
792;0
793;2
794;2
795;0
796;1
797;0
798;1
799;0
800;0
801;1
802;0
803;1
804;0
805;1
806;0
807;0
808;0
809;2
810;1
811;0
812;0
813;1
814;0
815;0
816;0
817;0
818;0
819;2
820;0
821;1
822;0
823;2
824;0
825;0
826;2
827;2
828;2
829;0
830;0
831;0
832;0
833;0
834;0
835;0
836;1
837;2
838;0
839;0
840;0
841;1
842;0
843;1
844;0
845;2
846;0
847;0
848;0
849;0
850;2
851;0
852;0
853;0
854;0
855;0
856;0
857;2
858;0
859;0
860;0
861;0
862;1
863;2
864;0
865;0
866;1
867;0
868;0
869;0
870;0
871;0
872;0
873;0
874;2
875;1
876;1
877;0
878;0
879;1
880;0
881;0
882;0
883;2
884;1
885;0
886;0
887;0
888;0
889;0
890;1
891;0
892;2
893;1
894;2
895;0
896;0
897;0
898;0
899;0
900;0
901;1
902;0
903;0
904;1
905;0
906;0
907;0
908;0
909;0
910;0
911;0
912;0
913;0
914;0
915;2
916;0
917;1
918;0
919;0
920;0
921;0
922;2
923;0
924;0
925;2
926;0
927;0
928;0
929;0
930;0
931;1
932;0
933;0
934;2
935;2
936;1
937;0
938;0
939;0
940;0
941;0
942;2
943;2
944;0
945;0
946;2
947;0
948;0
949;1
950;0
951;0
952;0
953;0
954;0
955;0
956;1
957;0
958;0
959;2
960;0
961;0
962;0
963;0
964;0
965;0
966;0
967;2
968;2
969;2
970;0
971;0
972;0
973;0
974;0
975;0
976;0
977;2
978;0
979;1
980;0
981;0
982;0
983;0
984;0
985;0
986;0
987;0
988;0
989;0
990;1
991;0
992;2
993;0
994;0
995;0
996;0
997;2
998;0
999;0
1000;0
1001;0
1002;1
1003;0
1004;1
1005;0
1006;2
1007;0
1008;1
1009;0
1010;0
1011;0
1012;0
1013;1
1014;0
1015;1
1016;0
1017;0
1018;0
1019;0
1020;0
1021;0
1022;0
1023;0
