0;0
1;0
2;0
3;0
4;2
5;0
6;0
7;2
8;0
9;0
10;0
11;0
12;0
13;0
14;0
15;0
16;0
17;0
18;0
19;0
20;2
21;0
22;0
23;0
24;0
25;0
26;1
27;2
28;2
29;0
30;2
31;0
32;0
33;2
34;1
35;0
36;0
37;0
38;0
39;0
40;0
41;0
42;0
43;0
44;1
45;0
46;0
47;0
48;0
49;0
50;2
51;2
52;0
53;0
54;0
55;0
56;0
57;0
58;0
59;0
60;0
61;0
62;1
63;0
64;0
65;2
66;1
67;0
68;0
69;0
70;2
71;0
72;0
73;0
74;0
75;0
76;1
77;2
78;0
79;0
80;0
81;0
82;0
83;0
84;0
85;0
86;1
87;0
88;2
89;0
90;0
91;0
92;0
93;0
94;0
95;1
96;0
97;2
98;2
99;0
100;0
101;0
102;0
103;0
104;0
105;1
106;0
107;0
108;1
109;0
110;0
111;0
112;0
113;0
114;1
115;1
116;0
117;0
118;0
119;0
120;0
121;0
122;0
123;0
124;1
125;1
126;0
127;0
128;2
129;2
130;2
131;0
132;0
133;0
134;1
135;0
136;0
137;0
138;2
139;0
140;2
141;0
142;0
143;2
144;0
145;2
146;0
147;0
148;0
149;0
150;2
151;0
152;0
153;0
154;2
155;2
156;0
157;0
158;0
159;0
160;0
161;0
162;0
163;0
164;0
165;0
166;0
167;0
168;0
169;0
170;2
171;0
172;0
173;0
174;0
175;0
176;0
177;0
178;0
179;1
180;0
181;0
182;0
183;0
184;0
185;0
186;0
187;1
188;0
189;0
190;1
191;2
192;2
193;0
194;1
195;0
196;0
197;0
198;2
199;0
200;0
201;1
202;2
203;0
204;2
205;0
206;0
207;1
208;1
209;0
210;0
211;2
212;0
213;0
214;0
215;0
216;1
217;0
218;0
219;0
220;0
221;2
222;0
223;0
224;0
225;0
226;0
227;0
228;1
229;0
230;0
231;0
232;0
233;2
234;0
235;2
236;2
237;0
238;0
239;1
240;2
241;0
242;0
243;0
244;1
245;2
246;2
247;0
248;0
249;0
250;0
251;0
252;0
253;0
254;0
255;1
256;0
257;0
258;0
259;0
260;0
261;0
262;0
263;0
264;0
265;0
266;1
267;0
268;0
269;0
270;0
271;0
272;1
273;2
274;0
275;0
276;0
277;0
278;0
279;0
280;1
281;1
282;0
283;0
284;1
285;0
286;2
287;2
288;2
289;0
290;0
291;0
292;2
293;0
294;2
295;1
296;1
297;0
298;0
299;0
300;0
301;1
302;0
303;0
304;1
305;0
306;0
307;1
308;2
309;0
310;2
311;0
312;0
313;0
314;0
315;0
316;2
317;0
318;0
319;0
320;2
321;0
322;0
323;0
324;0
325;0
326;0
327;0
328;0
329;0
330;0
331;0
332;0
333;0
334;0
335;2
336;2
337;0
338;0
339;0
340;0
341;0
342;0
343;0
344;2
345;0
346;1
347;0
348;0
349;0
350;0
351;0
352;0
353;0
354;0
355;0
356;0
357;0
358;1
359;0
360;0
361;0
362;0
363;0
364;0
365;0
366;0
367;0
368;0
369;0
370;0
371;1
372;0
373;0
374;0
375;0
376;0
377;0
378;0
379;0
380;0
381;0
382;0
383;2
384;2
385;1
386;0
387;0
388;2
389;0
390;2
391;0
392;1
393;0
394;0
395;1
396;0
397;1
398;0
399;2
400;2
401;2
402;0
403;0
404;0
405;0
406;0
407;0
408;2
409;0
410;0
411;0
412;0
413;1
414;0
415;2
416;2
417;0
418;0
419;0
420;0
421;0
422;0
423;0
424;1
425;0
426;0
427;0
428;0
429;0
430;0
431;0
432;2
433;1
434;0
435;0
436;0
437;0
438;0
439;0
440;2
441;2
442;2
443;1
444;0
445;0
446;0
447;1
448;0
449;0
450;0
451;1
452;2
453;0
454;0
455;2
456;2
457;0
458;0
459;1
460;0
461;1
462;0
463;0
464;0
465;0
466;0
467;1
468;0
469;0
470;0
471;0
472;2
473;0
474;1
475;0
476;0
477;0
478;0
479;2
480;1
481;1
482;0
483;1
484;0
485;0
486;0
487;2
488;1
489;0
490;2
491;0
492;0
493;0
494;1
495;0
496;2
497;0
498;0
499;0
500;0
501;0
502;0
503;0
504;1
505;2
506;0
507;1
508;0
509;2
510;0
511;2
512;0
513;0
514;2
515;2
516;2
517;2
518;0
519;2
520;0
521;2
522;0
523;2
524;0
525;0
526;0
527;1
528;0
529;0
530;0
531;0
532;0
533;0
534;2
535;0
536;1
537;0
538;0
539;0
540;0
541;0
542;0
543;0
544;1
545;0
546;0
547;1
548;0
549;0
550;0
551;0
552;2
553;0
554;0
555;2
556;2
557;1
558;0
559;0
560;0
561;0
562;0
563;1
564;1
565;0
566;0
567;0
568;0
569;0
570;2
571;1
572;0
573;0
574;0
575;0
576;0
577;0
578;1
579;2
580;0
581;2
582;2
583;0
584;2
585;1
586;2
587;0
588;0
589;0
590;0
591;2
592;0
593;0
594;2
595;0
596;2
597;0
598;0
599;0
600;1
601;0
602;0
603;0
604;0
605;1
606;0
607;0
608;2
609;0
610;0
611;0
612;1
613;0
614;0
615;1
616;0
617;2
618;0
619;0
620;2
621;0
622;0
623;2
624;0
625;0
626;0
627;0
628;0
629;0
630;1
631;0
632;0
633;0
634;0
635;1
636;0
637;0
638;0
639;0
640;0
641;0
642;1
643;0
644;2
645;0
646;2
647;2
648;1
649;0
650;2
651;0
652;0
653;2
654;0
655;0
656;0
657;0
658;0
659;0
660;0
661;0
662;0
663;0
664;0
665;0
666;0
667;0
668;0
669;1
670;0
671;2
672;0
673;0
674;2
675;0
676;2
677;0
678;0
679;2
680;2
681;0
682;0
683;0
684;0
685;0
686;0
687;0
688;1
689;0
690;0
691;0
692;0
693;0
694;1
695;0
696;2
697;1
698;0
699;0
700;1
701;1
702;0
703;0
704;2
705;0
706;0
707;0
708;0
709;0
710;0
711;1
712;0
713;0
714;0
715;2
716;0
717;0
718;0
719;1
720;0
721;2
722;0
723;0
724;0
725;0
726;0
727;0
728;0
729;0
730;0
731;1
732;0
733;0
734;0
735;0
736;1
737;0
738;2
739;2
740;1
741;0
742;1
743;0
744;1
745;0
746;0
747;0
748;0
749;0
750;0
751;0
752;1
753;0
754;0
755;0
756;0
757;0
758;0
759;1
760;1
761;0
762;1
763;0
764;0
765;0
766;0
767;2
768;0
769;0
770;0
771;0
772;2
773;2
774;0
775;0
776;0
777;0
778;0
779;0
780;0
781;0
782;0
783;0
784;0
785;0
786;0
787;0
788;0
789;0
790;0
791;1
792;0
793;0
794;2
795;2
796;2
797;1
798;0
799;0
800;1
801;0
802;1
803;0
804;0
805;0
806;1
807;0
808;0
809;2
810;0
811;0
812;0
813;0
814;2
815;4
816;0
817;0
818;2
819;0
820;2
821;2
822;0
823;1
824;2
825;0
826;0
827;0
828;0
829;0
830;1
831;2
832;0
833;1
834;0
835;0
836;0
837;0
838;1
839;0
840;0
841;0
842;0
843;0
844;0
845;0
846;0
847;2
848;2
849;0
850;0
851;0
852;0
853;0
854;1
855;0
856;2
857;0
858;0
859;0
860;0
861;1
862;1
863;0
864;0
865;0
866;0
867;0
868;0
869;0
870;2
871;0
872;2
873;1
874;2
875;0
876;1
877;0
878;0
879;0
880;2
881;0
882;0
883;0
884;2
885;0
886;0
887;0
888;2
889;0
890;0
891;0
892;0
893;0
894;1
895;0
896;0
897;2
898;1
899;0
900;1
901;0
902;0
903;0
904;0
905;0
906;0
907;0
908;0
909;0
910;0
911;1
912;0
913;0
914;2
915;0
916;0
917;2
918;2
919;1
920;0
921;0
922;2
923;0
924;2
925;2
926;0
927;0
928;0
929;0
930;0
931;0
932;1
933;0
934;0
935;0
936;2
937;0
938;0
939;0
940;0
941;0
942;0
943;0
944;0
945;2
946;2
947;1
948;1
949;1
950;0
951;2
952;0
953;1
954;1
955;1
956;0
957;2
958;0
959;0
960;1
961;1
962;0
963;0
964;0
965;2
966;0
967;0
968;0
969;0
970;2
971;0
972;0
973;0
974;1
975;0
976;1
977;0
978;0
979;2
980;0
981;0
982;2
983;2
984;0
985;0
986;1
987;1
988;0
989;0
990;0
991;1
992;0
993;1
994;0
995;0
996;2
997;0
998;2
999;0
1000;0
1001;2
1002;0
1003;0
1004;2
1005;2
1006;0
1007;2
1008;1
1009;0
1010;0
1011;2
1012;1
1013;1
1014;1
1015;0
1016;0
1017;0
1018;0
1019;0
1020;0
1021;0
1022;0
1023;0
