0;1
1;0
2;0
3;0
4;1
5;2
6;0
7;0
8;2
9;0
10;2
11;0
12;0
13;0
14;0
15;1
16;0
17;2
18;0
19;2
20;1
21;0
22;0
23;0
24;0
25;2
26;0
27;1
28;0
29;0
30;0
31;0
32;0
33;1
34;1
35;0
36;0
37;0
38;1
39;0
40;0
41;0
42;0
43;0
44;0
45;0
46;0
47;2
48;1
49;0
50;2
51;2
52;0
53;0
54;2
55;0
56;0
57;0
58;0
59;0
60;1
61;0
62;1
63;0
64;1
65;0
66;0
67;1
68;1
69;0
70;0
71;0
72;0
73;0
74;0
75;0
76;0
77;0
78;0
79;1
80;0
81;0
82;0
83;0
84;0
85;0
86;2
87;0
88;2
89;0
90;0
91;2
92;1
93;1
94;2
95;1
96;0
97;0
98;2
99;0
100;0
101;0
102;2
103;2
104;1
105;1
106;2
107;1
108;0
109;0
110;1
111;0
112;0
113;0
114;0
115;0
116;0
117;0
118;1
119;0
120;0
121;2
122;0
123;1
124;0
125;0
126;0
127;2
128;2
129;0
130;0
131;0
132;0
133;2
134;2
135;0
136;0
137;0
138;2
139;2
140;0
141;2
142;0
143;0
144;2
145;2
146;0
147;2
148;0
149;0
150;0
151;0
152;0
153;0
154;0
155;0
156;0
157;0
158;0
159;1
160;0
161;0
162;0
163;0
164;1
165;0
166;1
167;1
168;0
169;0
170;0
171;2
172;0
173;0
174;0
175;0
176;0
177;2
178;0
179;2
180;0
181;0
182;1
183;0
184;0
185;2
186;0
187;0
188;1
189;0
190;0
191;1
192;0
193;0
194;0
195;1
196;0
197;0
198;2
199;2
200;1
201;0
202;0
203;0
204;0
205;0
206;0
207;0
208;0
209;0
210;0
211;2
212;0
213;1
214;0
215;0
216;1
217;0
218;2
219;1
220;0
221;0
222;0
223;0
224;0
225;0
226;0
227;0
228;0
229;2
230;2
231;0
232;0
233;0
234;0
235;0
236;0
237;0
238;0
239;0
240;1
241;1
242;0
243;2
244;0
245;0
246;2
247;1
248;0
249;0
250;2
251;0
252;2
253;2
254;2
255;0
256;1
257;0
258;0
259;0
260;0
261;2
262;2
263;0
264;0
265;0
266;2
267;0
268;2
269;0
270;0
271;0
272;0
273;0
274;0
275;2
276;0
277;0
278;0
279;0
280;0
281;2
282;0
283;1
284;1
285;0
286;0
287;2
288;2
289;0
290;0
291;1
292;0
293;2
294;0
295;2
296;1
297;2
298;2
299;0
300;0
301;0
302;0
303;0
304;1
305;0
306;0
307;0
308;0
309;0
310;1
311;0
312;0
313;0
314;0
315;0
316;0
317;2
318;0
319;0
320;0
321;0
322;0
323;1
324;0
325;0
326;0
327;2
328;1
329;0
330;0
331;0
332;0
333;0
334;2
335;0
336;0
337;0
338;0
339;2
340;2
341;2
342;2
343;0
344;0
345;1
346;0
347;2
348;0
349;0
350;0
351;2
352;0
353;0
354;0
355;0
356;1
357;0
358;2
359;0
360;2
361;0
362;0
363;0
364;0
365;0
366;0
367;1
368;0
369;0
370;2
371;1
372;0
373;1
374;0
375;0
376;2
377;0
378;2
379;0
380;2
381;0
382;0
383;0
384;1
385;2
386;0
387;1
388;0
389;0
390;0
391;2
392;0
393;0
394;2
395;1
396;0
397;0
398;0
399;0
400;0
401;2
402;0
403;0
404;2
405;0
406;1
407;2
408;0
409;0
410;0
411;0
412;0
413;0
414;2
415;0
416;2
417;1
418;0
419;0
420;1
421;0
422;0
423;0
424;1
425;0
426;2
427;1
428;0
429;0
430;0
431;0
432;1
433;0
434;0
435;0
436;0
437;2
438;1
439;2
440;0
441;2
442;0
443;0
444;0
445;2
446;0
447;0
448;0
449;0
450;0
451;0
452;2
453;0
454;0
455;0
456;2
457;2
458;2
459;2
460;0
461;0
462;2
463;0
464;0
465;0
466;0
467;2
468;0
469;2
470;2
471;1
472;0
473;0
474;2
475;0
476;0
477;0
478;0
479;0
480;1
481;0
482;0
483;0
484;0
485;0
486;0
487;0
488;0
489;0
490;1
491;0
492;2
493;1
494;0
495;2
496;1
497;0
498;0
499;0
500;0
501;0
502;0
503;0
504;2
505;0
506;0
507;0
508;1
509;1
510;0
511;0
512;2
513;0
514;0
515;0
516;0
517;0
518;0
519;2
520;1
521;2
522;2
523;1
524;0
525;0
526;0
527;0
528;1
529;1
530;0
531;0
532;2
533;1
534;0
535;0
536;0
537;0
538;4
539;0
540;2
541;0
542;0
543;0
544;2
545;0
546;1
547;0
548;0
549;0
550;0
551;0
552;2
553;0
554;0
555;0
556;0
557;0
558;0
559;2
560;0
561;0
562;1
563;0
564;0
565;2
566;0
567;2
568;1
569;0
570;0
571;0
572;2
573;0
574;2
575;0
576;0
577;0
578;2
579;1
580;1
581;0
582;0
583;0
584;1
585;0
586;0
587;0
588;2
589;0
590;0
591;0
592;2
593;1
594;0
595;0
596;0
597;0
598;0
599;0
600;0
601;0
602;0
603;0
604;0
605;0
606;0
607;0
608;0
609;2
610;0
611;0
612;0
613;0
614;0
615;1
616;2
617;0
618;0
619;2
620;2
621;2
622;0
623;0
624;2
625;2
626;2
627;0
628;0
629;0
630;0
631;0
632;0
633;0
634;2
635;0
636;0
637;0
638;0
639;1
640;1
641;0
642;0
643;0
644;0
645;0
646;0
647;0
648;1
649;0
650;0
651;0
652;0
653;0
654;0
655;0
656;0
657;1
658;0
659;0
660;0
661;0
662;2
663;1
664;0
665;0
666;0
667;1
668;1
669;2
670;2
671;0
672;2
673;0
674;1
675;2
676;0
677;0
678;0
679;0
680;0
681;2
682;0
683;0
684;0
685;0
686;0
687;0
688;0
689;0
690;0
691;0
692;2
693;0
694;2
695;1
696;0
697;0
698;0
699;1
700;0
701;0
702;2
703;0
704;0
705;0
706;1
707;1
708;0
709;0
710;0
711;0
712;0
713;0
714;0
715;1
716;0
717;1
718;0
719;1
720;1
721;0
722;0
723;0
724;2
725;2
726;0
727;0
728;2
729;0
730;0
731;0
732;0
733;2
734;0
735;1
736;2
737;0
738;0
739;0
740;0
741;0
742;1
743;0
744;0
745;2
746;0
747;0
748;0
749;0
750;0
751;0
752;0
753;0
754;2
755;0
756;0
757;1
758;0
759;0
760;0
761;1
762;1
763;1
764;0
765;0
766;0
767;1
768;0
769;0
770;0
771;0
772;0
773;2
774;2
775;0
776;2
777;0
778;0
779;0
780;1
781;0
782;0
783;0
784;0
785;0
786;2
787;0
788;0
789;0
790;0
791;0
792;0
793;0
794;0
795;0
796;0
797;0
798;2
799;2
800;2
801;0
802;0
803;0
804;0
805;2
806;1
807;0
808;0
809;0
810;0
811;0
812;0
813;0
814;0
815;2
816;2
817;2
818;1
819;0
820;0
821;0
822;2
823;0
824;2
825;0
826;0
827;1
828;0
829;2
830;1
831;0
832;0
833;0
834;0
835;0
836;0
837;0
838;0
839;0
840;2
841;0
842;2
843;0
844;0
845;1
846;0
847;2
848;2
849;0
850;1
851;0
852;0
853;0
854;1
855;0
856;1
857;0
858;0
859;2
860;2
861;0
862;0
863;1
864;0
865;0
866;0
867;2
868;1
869;2
870;0
871;2
872;0
873;2
874;1
875;0
876;0
877;0
878;0
879;0
880;0
881;0
882;1
883;0
884;0
885;0
886;0
887;1
888;1
889;2
890;0
891;1
892;0
893;1
894;1
895;0
896;0
897;1
898;0
899;0
900;2
901;1
902;0
903;0
904;2
905;0
906;0
907;0
908;4
909;0
910;1
911;2
912;1
913;2
914;2
915;0
916;1
917;0
918;0
919;2
920;2
921;0
922;0
923;0
924;0
925;1
926;1
927;0
928;2
929;0
930;0
931;0
932;2
933;1
934;2
935;0
936;0
937;0
938;2
939;0
940;0
941;0
942;0
943;2
944;1
945;0
946;0
947;1
948;0
949;0
950;0
951;2
952;2
953;0
954;2
955;0
956;0
957;1
958;0
959;0
960;0
961;0
962;0
963;0
964;0
965;1
966;0
967;0
968;0
969;2
970;2
971;1
972;0
973;1
974;0
975;0
976;0
977;0
978;2
979;0
980;0
981;1
982;2
983;0
984;0
985;0
986;1
987;0
988;1
989;0
990;0
991;0
992;1
993;2
994;2
995;2
996;1
997;0
998;0
999;0
1000;2
1001;0
1002;0
1003;0
1004;0
1005;0
1006;0
1007;1
1008;0
1009;2
1010;1
1011;2
1012;0
1013;0
1014;1
1015;1
1016;0
1017;0
1018;0
1019;0
1020;0
1021;0
1022;0
1023;0
