0;1
1;0
2;0
3;2
4;2
5;0
6;2
7;2
8;2
9;0
10;0
11;0
12;0
13;1
14;0
15;0
16;2
17;0
18;0
19;0
20;0
21;0
22;0
23;0
24;0
25;0
26;0
27;0
28;1
29;0
30;1
31;1
32;0
33;0
34;0
35;1
36;0
37;0
38;1
39;0
40;0
41;0
42;0
43;0
44;0
45;0
46;0
47;0
48;0
49;0
50;2
51;2
52;1
53;0
54;0
55;2
56;2
57;0
58;2
59;2
60;0
61;0
62;0
63;0
64;1
65;0
66;0
67;0
68;0
69;0
70;0
71;2
72;0
73;0
74;0
75;0
76;0
77;0
78;0
79;0
80;2
81;1
82;0
83;2
84;0
85;0
86;0
87;2
88;1
89;2
90;1
91;0
92;0
93;1
94;0
95;0
96;1
97;0
98;0
99;2
100;1
101;0
102;0
103;2
104;1
105;2
106;2
107;2
108;2
109;0
110;2
111;0
112;0
113;0
114;0
115;2
116;2
117;0
118;0
119;0
120;0
121;0
122;0
123;0
124;0
125;0
126;2
127;0
128;2
129;0
130;0
131;0
132;0
133;0
134;0
135;1
136;0
137;0
138;0
139;1
140;0
141;0
142;1
143;0
144;1
145;0
146;0
147;2
148;4
149;0
150;0
151;0
152;2
153;0
154;2
155;0
156;2
157;0
158;2
159;1
160;0
161;0
162;0
163;0
164;1
165;0
166;0
167;0
168;1
169;0
170;2
171;0
172;0
173;0
174;0
175;2
176;0
177;1
178;0
179;0
180;0
181;2
182;1
183;0
184;2
185;2
186;2
187;0
188;0
189;0
190;1
191;0
192;1
193;0
194;0
195;2
196;2
197;0
198;2
199;2
200;2
201;0
202;2
203;1
204;2
205;0
206;2
207;1
208;0
209;0
210;2
211;1
212;0
213;0
214;1
215;0
216;0
217;2
218;0
219;0
220;0
221;0
222;1
223;0
224;2
225;0
226;0
227;1
228;0
229;0
230;0
231;0
232;0
233;2
234;0
235;0
236;0
237;0
238;2
239;1
240;1
241;0
242;0
243;2
244;4
245;0
246;1
247;2
248;2
249;0
250;2
251;0
252;1
253;0
254;0
255;0
256;0
257;0
258;1
259;0
260;0
261;0
262;2
263;0
264;2
265;2
266;0
267;2
268;2
269;1
270;0
271;0
272;2
273;0
274;0
275;0
276;0
277;0
278;2
279;1
280;0
281;0
282;0
283;0
284;0
285;0
286;0
287;2
288;1
289;0
290;0
291;2
292;0
293;2
294;2
295;2
296;2
297;0
298;0
299;0
300;1
301;2
302;2
303;1
304;1
305;0
306;2
307;2
308;2
309;0
310;2
311;2
312;2
313;0
314;1
315;1
316;0
317;2
318;0
319;0
320;2
321;0
322;0
323;0
324;0
325;0
326;0
327;0
328;0
329;0
330;1
331;0
332;1
333;0
334;0
335;0
336;1
337;2
338;0
339;2
340;2
341;0
342;0
343;0
344;0
345;0
346;2
347;2
348;1
349;1
350;0
351;1
352;0
353;0
354;0
355;0
356;0
357;0
358;1
359;0
360;0
361;0
362;0
363;0
364;0
365;0
366;0
367;0
368;0
369;1
370;0
371;1
372;0
373;0
374;0
375;1
376;0
377;2
378;0
379;0
380;1
381;0
382;2
383;1
384;0
385;0
386;0
387;2
388;0
389;2
390;2
391;1
392;0
393;2
394;2
395;0
396;0
397;2
398;0
399;1
400;0
401;0
402;0
403;1
404;0
405;1
406;0
407;0
408;2
409;0
410;0
411;1
412;0
413;1
414;0
415;0
416;1
417;0
418;0
419;0
420;1
421;1
422;0
423;0
424;0
425;2
426;1
427;0
428;2
429;0
430;2
431;2
432;1
433;0
434;0
435;2
436;2
437;0
438;2
439;2
440;2
441;0
442;2
443;0
444;2
445;0
446;1
447;2
448;0
449;0
450;0
451;2
452;0
453;0
454;0
455;0
456;0
457;2
458;1
459;0
460;2
461;0
462;2
463;0
464;0
465;0
466;0
467;0
468;0
469;0
470;0
471;2
472;2
473;2
474;0
475;0
476;0
477;2
478;1
479;0
480;1
481;0
482;0
483;2
484;4
485;0
486;2
487;2
488;0
489;0
490;0
491;0
492;2
493;0
494;1
495;0
496;0
497;2
498;0
499;1
500;0
501;2
502;1
503;0
504;0
505;0
506;0
507;0
508;2
509;0
510;0
511;0
512;0
513;2
514;2
515;0
516;2
517;1
518;1
519;0
520;1
521;0
522;2
523;1
524;0
525;0
526;1
527;0
528;1
529;0
530;0
531;2
532;0
533;0
534;2
535;2
536;0
537;0
538;0
539;2
540;2
541;0
542;0
543;0
544;0
545;0
546;0
547;0
548;0
549;0
550;0
551;2
552;0
553;0
554;2
555;0
556;0
557;0
558;0
559;2
560;1
561;2
562;0
563;0
564;1
565;1
566;0
567;1
568;0
569;2
570;0
571;1
572;1
573;0
574;0
575;2
576;0
577;0
578;0
579;2
580;2
581;0
582;2
583;1
584;0
585;0
586;2
587;0
588;1
589;0
590;0
591;0
592;0
593;1
594;1
595;0
596;2
597;1
598;0
599;0
600;0
601;0
602;0
603;2
604;2
605;2
606;0
607;0
608;1
609;0
610;2
611;0
612;0
613;4
614;0
615;1
616;0
617;0
618;2
619;1
620;2
621;2
622;0
623;0
624;1
625;0
626;2
627;1
628;0
629;0
630;0
631;1
632;4
633;0
634;2
635;2
636;2
637;0
638;0
639;0
640;1
641;1
642;0
643;2
644;0
645;0
646;0
647;1
648;0
649;0
650;0
651;0
652;0
653;0
654;0
655;2
656;1
657;0
658;0
659;0
660;0
661;0
662;1
663;0
664;2
665;0
666;1
667;0
668;1
669;0
670;2
671;1
672;0
673;1
674;0
675;2
676;2
677;0
678;2
679;2
680;2
681;0
682;0
683;0
684;2
685;0
686;0
687;0
688;2
689;0
690;2
691;0
692;0
693;0
694;0
695;0
696;2
697;0
698;2
699;0
700;2
701;0
702;0
703;1
704;0
705;0
706;2
707;0
708;0
709;2
710;2
711;0
712;0
713;0
714;0
715;2
716;1
717;0
718;0
719;2
720;4
721;0
722;0
723;2
724;1
725;0
726;2
727;0
728;1
729;0
730;0
731;0
732;0
733;0
734;2
735;1
736;2
737;0
738;0
739;0
740;0
741;1
742;2
743;0
744;0
745;0
746;1
747;0
748;0
749;0
750;0
751;0
752;0
753;0
754;1
755;0
756;0
757;0
758;1
759;2
760;0
761;0
762;0
763;2
764;4
765;0
766;2
767;2
768;2
769;0
770;2
771;0
772;2
773;1
774;0
775;0
776;2
777;2
778;0
779;2
780;0
781;2
782;0
783;0
784;0
785;0
786;0
787;0
788;1
789;0
790;0
791;0
792;0
793;0
794;0
795;1
796;0
797;0
798;0
799;2
800;1
801;0
802;2
803;0
804;2
805;2
806;1
807;0
808;1
809;0
810;2
811;0
812;1
813;1
814;0
815;2
816;2
817;0
818;2
819;2
820;2
821;0
822;2
823;0
824;1
825;0
826;0
827;0
828;1
829;2
830;2
831;1
832;0
833;2
834;2
835;0
836;0
837;0
838;0
839;1
840;0
841;0
842;1
843;2
844;1
845;0
846;0
847;0
848;0
849;0
850;0
851;1
852;0
853;0
854;0
855;1
856;0
857;0
858;2
859;2
860;0
861;0
862;0
863;2
864;0
865;0
866;0
867;1
868;2
869;2
870;2
871;0
872;2
873;0
874;2
875;0
876;0
877;2
878;0
879;0
880;2
881;2
882;0
883;0
884;2
885;0
886;0
887;2
888;0
889;2
890;0
891;0
892;2
893;2
894;1
895;1
896;1
897;0
898;0
899;0
900;1
901;2
902;1
903;1
904;0
905;0
906;2
907;2
908;1
909;0
910;0
911;0
912;2
913;0
914;2
915;2
916;2
917;0
918;0
919;0
920;2
921;1
922;0
923;0
924;0
925;0
926;1
927;0
928;0
929;0
930;0
931;0
932;0
933;1
934;0
935;0
936;2
937;1
938;0
939;0
940;2
941;0
942;2
943;1
944;0
945;0
946;0
947;0
948;0
949;0
950;1
951;0
952;1
953;0
954;0
955;1
956;0
957;0
958;2
959;2
960;2
961;0
962;0
963;0
964;1
965;0
966;2
967;0
968;1
969;0
970;0
971;0
972;2
973;0
974;0
975;0
976;0
977;0
978;0
979;1
980;0
981;0
982;0
983;1
984;1
985;1
986;0
987;1
988;0
989;0
990;0
991;0
992;0
993;0
994;0
995;0
996;1
997;0
998;1
999;0
1000;1
1001;0
1002;0
1003;2
1004;2
1005;0
1006;2
1007;2
1008;2
1009;0
1010;2
1011;0
1012;1
1013;0
1014;0
1015;0
1016;0
1017;0
1018;0
1019;0
1020;0
1021;0
1022;0
1023;0
