0;0
1;0
2;1
3;0
4;0
5;0
6;0
7;0
8;0
9;0
10;0
11;0
12;0
13;0
14;0
15;2
16;0
17;0
18;0
19;0
20;0
21;2
22;1
23;0
24;2
25;0
26;0
27;2
28;1
29;0
30;0
31;0
32;0
33;0
34;0
35;0
36;2
37;0
38;0
39;0
40;1
41;0
42;0
43;0
44;0
45;2
46;2
47;0
48;1
49;0
50;0
51;0
52;1
53;0
54;2
55;0
56;0
57;0
58;0
59;1
60;0
61;0
62;2
63;1
64;0
65;0
66;0
67;0
68;0
69;0
70;2
71;0
72;0
73;0
74;0
75;0
76;0
77;0
78;2
79;0
80;0
81;0
82;1
83;0
84;0
85;0
86;1
87;0
88;0
89;0
90;1
91;0
92;0
93;0
94;2
95;2
96;2
97;0
98;0
99;0
100;0
101;0
102;0
103;0
104;0
105;0
106;0
107;0
108;2
109;2
110;1
111;2
112;0
113;0
114;0
115;0
116;2
117;0
118;2
119;0
120;0
121;0
122;0
123;0
124;0
125;0
126;2
127;0
128;0
129;0
130;0
131;2
132;0
133;0
134;0
135;0
136;2
137;1
138;1
139;0
140;2
141;0
142;0
143;0
144;1
145;0
146;0
147;2
148;0
149;0
150;1
151;0
152;1
153;0
154;0
155;1
156;0
157;0
158;1
159;0
160;0
161;2
162;0
163;2
164;2
165;0
166;0
167;0
168;0
169;0
170;2
171;2
172;2
173;0
174;1
175;0
176;0
177;1
178;0
179;0
180;1
181;0
182;0
183;0
184;0
185;0
186;1
187;0
188;0
189;0
190;0
191;0
192;0
193;1
194;0
195;0
196;1
197;0
198;2
199;0
200;0
201;2
202;0
203;0
204;0
205;0
206;2
207;0
208;2
209;0
210;0
211;0
212;0
213;0
214;0
215;0
216;2
217;1
218;0
219;0
220;1
221;0
222;0
223;0
224;0
225;0
226;0
227;2
228;0
229;2
230;2
231;0
232;0
233;0
234;2
235;0
236;0
237;0
238;0
239;0
240;0
241;2
242;0
243;0
244;2
245;0
246;0
247;0
248;0
249;0
250;0
251;0
252;1
253;2
254;0
255;1
256;0
257;0
258;0
259;0
260;0
261;0
262;0
263;2
264;2
265;0
266;0
267;0
268;0
269;0
270;0
271;0
272;2
273;0
274;0
275;0
276;0
277;2
278;2
279;0
280;0
281;1
282;0
283;0
284;0
285;2
286;0
287;0
288;0
289;0
290;0
291;0
292;1
293;0
294;0
295;0
296;0
297;1
298;0
299;0
300;0
301;0
302;0
303;0
304;0
305;0
306;1
307;0
308;0
309;0
310;0
311;0
312;0
313;0
314;0
315;0
316;0
317;0
318;0
319;1
320;2
321;0
322;0
323;2
324;1
325;0
326;2
327;1
328;0
329;0
330;0
331;0
332;0
333;0
334;2
335;0
336;0
337;0
338;1
339;1
340;1
341;2
342;1
343;2
344;2
345;0
346;0
347;0
348;0
349;0
350;1
351;2
352;2
353;2
354;0
355;0
356;0
357;0
358;0
359;1
360;0
361;2
362;0
363;0
364;0
365;0
366;0
367;0
368;2
369;0
370;0
371;2
372;0
373;0
374;0
375;2
376;1
377;1
378;2
379;0
380;0
381;0
382;0
383;1
384;0
385;0
386;0
387;0
388;0
389;0
390;0
391;1
392;0
393;0
394;0
395;0
396;1
397;0
398;0
399;0
400;0
401;1
402;2
403;1
404;0
405;0
406;0
407;0
408;0
409;1
410;0
411;0
412;0
413;0
414;0
415;0
416;2
417;0
418;0
419;1
420;2
421;0
422;0
423;0
424;0
425;0
426;0
427;2
428;0
429;0
430;1
431;0
432;0
433;0
434;1
435;0
436;0
437;0
438;1
439;0
440;0
441;0
442;0
443;2
444;0
445;0
446;1
447;0
448;0
449;0
450;2
451;2
452;2
453;0
454;1
455;0
456;2
457;0
458;0
459;2
460;0
461;1
462;0
463;2
464;0
465;0
466;0
467;0
468;2
469;0
470;0
471;0
472;0
473;0
474;0
475;2
476;1
477;0
478;2
479;0
480;0
481;1
482;1
483;0
484;2
485;2
486;0
487;0
488;1
489;2
490;0
491;0
492;0
493;0
494;0
495;0
496;0
497;0
498;1
499;1
500;0
501;0
502;0
503;2
504;2
505;1
506;0
507;0
508;0
509;0
510;0
511;0
512;0
513;0
514;0
515;0
516;2
517;1
518;0
519;2
520;0
521;2
522;0
523;1
524;0
525;0
526;0
527;0
528;0
529;2
530;1
531;0
532;2
533;2
534;1
535;0
536;1
537;2
538;0
539;0
540;0
541;1
542;0
543;0
544;2
545;0
546;1
547;0
548;1
549;0
550;0
551;1
552;0
553;0
554;0
555;0
556;1
557;0
558;0
559;0
560;0
561;0
562;0
563;0
564;0
565;0
566;0
567;0
568;1
569;1
570;0
571;2
572;0
573;0
574;1
575;0
576;2
577;0
578;0
579;0
580;0
581;1
582;0
583;1
584;0
585;0
586;0
587;1
588;1
589;0
590;0
591;0
592;0
593;0
594;0
595;0
596;0
597;0
598;0
599;0
600;0
601;0
602;0
603;0
604;0
605;2
606;0
607;0
608;0
609;0
610;0
611;2
612;0
613;0
614;0
615;0
616;0
617;0
618;0
619;1
620;1
621;0
622;2
623;1
624;1
625;0
626;0
627;0
628;0
629;0
630;0
631;0
632;1
633;0
634;0
635;1
636;0
637;2
638;0
639;2
640;0
641;2
642;0
643;0
644;0
645;0
646;2
647;0
648;0
649;0
650;1
651;0
652;2
653;0
654;2
655;2
656;2
657;1
658;0
659;0
660;2
661;0
662;0
663;0
664;1
665;0
666;0
667;0
668;2
669;0
670;2
671;0
672;0
673;0
674;0
675;0
676;0
677;1
678;0
679;0
680;0
681;2
682;0
683;0
684;0
685;0
686;0
687;0
688;0
689;0
690;0
691;2
692;0
693;2
694;0
695;0
696;0
697;0
698;0
699;0
700;1
701;0
702;0
703;1
704;0
705;2
706;0
707;1
708;0
709;0
710;0
711;0
712;0
713;2
714;1
715;0
716;0
717;1
718;1
719;2
720;0
721;1
722;0
723;2
724;2
725;0
726;1
727;2
728;0
729;0
730;2
731;1
732;0
733;0
734;2
735;0
736;0
737;0
738;0
739;0
740;2
741;0
742;0
743;0
744;0
745;0
746;2
747;0
748;0
749;2
750;0
751;1
752;0
753;0
754;1
755;0
756;1
757;0
758;1
759;0
760;0
761;2
762;0
763;0
764;0
765;0
766;0
767;0
768;1
769;0
770;0
771;2
772;0
773;0
774;0
775;0
776;0
777;0
778;1
779;0
780;0
781;2
782;0
783;0
784;0
785;0
786;0
787;0
788;0
789;1
790;0
791;0
792;0
793;1
794;0
795;0
796;0
797;2
798;0
799;2
800;1
801;0
802;0
803;0
804;0
805;0
806;1
807;0
808;0
809;2
810;0
811;1
812;0
813;2
814;0
815;2
816;2
817;0
818;1
819;0
820;0
821;0
822;0
823;0
824;0
825;0
826;0
827;1
828;2
829;1
830;0
831;0
832;0
833;0
834;0
835;0
836;0
837;0
838;0
839;1
840;2
841;0
842;1
843;1
844;0
845;0
846;0
847;0
848;0
849;0
850;2
851;2
852;0
853;1
854;0
855;0
856;0
857;0
858;2
859;0
860;0
861;0
862;0
863;0
864;0
865;0
866;0
867;0
868;0
869;0
870;0
871;0
872;0
873;0
874;0
875;0
876;0
877;0
878;0
879;0
880;2
881;0
882;0
883;0
884;0
885;0
886;0
887;0
888;1
889;0
890;0
891;0
892;1
893;0
894;0
895;0
896;0
897;0
898;1
899;0
900;0
901;0
902;0
903;0
904;0
905;0
906;0
907;0
908;1
909;1
910;0
911;0
912;2
913;2
914;0
915;2
916;0
917;1
918;0
919;0
920;0
921;0
922;0
923;0
924;0
925;0
926;0
927;1
928;0
929;0
930;0
931;0
932;0
933;1
934;2
935;0
936;0
937;0
938;0
939;2
940;1
941;0
942;0
943;0
944;2
945;0
946;1
947;0
948;0
949;0
950;0
951;0
952;2
953;0
954;0
955;0
956;0
957;1
958;0
959;2
960;1
961;2
962;2
963;0
964;2
965;2
966;0
967;1
968;2
969;2
970;1
971;0
972;2
973;0
974;0
975;1
976;0
977;1
978;2
979;0
980;2
981;0
982;0
983;0
984;0
985;0
986;0
987;0
988;0
989;0
990;0
991;1
992;0
993;1
994;0
995;0
996;0
997;0
998;0
999;0
1000;0
1001;1
1002;0
1003;0
1004;0
1005;0
1006;0
1007;0
1008;0
1009;0
1010;2
1011;0
1012;0
1013;1
1014;0
1015;1
1016;0
1017;0
1018;0
1019;0
1020;0
1021;0
1022;0
1023;0
