0;0
1;0
2;0
3;1
4;0
5;1
6;0
7;2
8;0
9;0
10;0
11;1
12;0
13;0
14;0
15;1
16;2
17;0
18;0
19;0
20;0
21;0
22;0
23;1
24;1
25;0
26;0
27;0
28;0
29;0
30;0
31;0
32;2
33;2
34;0
35;0
36;2
37;2
38;2
39;0
40;0
41;1
42;0
43;1
44;0
45;1
46;0
47;2
48;0
49;1
50;0
51;0
52;1
53;0
54;0
55;2
56;0
57;1
58;0
59;2
60;1
61;2
62;0
63;2
64;1
65;0
66;1
67;0
68;2
69;0
70;0
71;0
72;0
73;0
74;0
75;0
76;0
77;0
78;0
79;0
80;0
81;0
82;1
83;0
84;0
85;0
86;0
87;0
88;0
89;0
90;2
91;1
92;1
93;0
94;0
95;0
96;0
97;0
98;0
99;0
100;2
101;1
102;0
103;2
104;1
105;0
106;0
107;0
108;2
109;0
110;0
111;0
112;0
113;2
114;2
115;0
116;0
117;0
118;0
119;0
120;1
121;0
122;2
123;1
124;0
125;0
126;0
127;0
128;0
129;0
130;0
131;0
132;0
133;0
134;0
135;0
136;0
137;0
138;0
139;2
140;0
141;0
142;1
143;0
144;0
145;1
146;0
147;0
148;0
149;0
150;0
151;0
152;0
153;2
154;0
155;0
156;0
157;0
158;0
159;0
160;1
161;2
162;0
163;1
164;0
165;0
166;1
167;0
168;0
169;0
170;0
171;0
172;0
173;0
174;0
175;0
176;0
177;0
178;1
179;0
180;0
181;2
182;0
183;0
184;1
185;0
186;2
187;1
188;0
189;0
190;1
191;0
192;0
193;0
194;2
195;0
196;1
197;0
198;0
199;1
200;0
201;2
202;1
203;0
204;2
205;0
206;0
207;1
208;0
209;0
210;0
211;0
212;0
213;1
214;1
215;0
216;0
217;0
218;2
219;2
220;1
221;0
222;0
223;0
224;0
225;1
226;2
227;1
228;0
229;0
230;0
231;1
232;0
233;2
234;0
235;0
236;0
237;1
238;0
239;1
240;2
241;0
242;0
243;0
244;0
245;0
246;2
247;0
248;0
249;0
250;0
251;0
252;0
253;0
254;2
255;0
256;1
257;2
258;2
259;0
260;0
261;0
262;0
263;1
264;0
265;0
266;0
267;0
268;0
269;0
270;0
271;0
272;0
273;0
274;2
275;0
276;1
277;0
278;0
279;2
280;0
281;1
282;0
283;0
284;0
285;0
286;0
287;0
288;0
289;0
290;2
291;0
292;0
293;0
294;0
295;0
296;2
297;1
298;0
299;0
300;1
301;0
302;0
303;0
304;0
305;1
306;1
307;0
308;0
309;1
310;1
311;0
312;0
313;0
314;1
315;0
316;1
317;0
318;0
319;0
320;0
321;1
322;0
323;0
324;0
325;1
326;0
327;0
328;0
329;2
330;0
331;0
332;2
333;2
334;2
335;2
336;1
337;0
338;1
339;0
340;0
341;0
342;2
343;0
344;2
345;0
346;0
347;0
348;0
349;0
350;1
351;0
352;0
353;0
354;0
355;2
356;2
357;0
358;0
359;0
360;2
361;0
362;0
363;0
364;0
365;1
366;0
367;1
368;0
369;0
370;0
371;0
372;2
373;0
374;0
375;0
376;0
377;0
378;2
379;0
380;0
381;0
382;0
383;0
384;2
385;2
386;0
387;0
388;1
389;0
390;0
391;0
392;0
393;0
394;0
395;2
396;2
397;2
398;0
399;0
400;0
401;0
402;1
403;0
404;2
405;0
406;2
407;0
408;2
409;0
410;0
411;0
412;1
413;0
414;0
415;0
416;0
417;0
418;0
419;0
420;0
421;0
422;1
423;1
424;2
425;0
426;0
427;1
428;0
429;0
430;2
431;1
432;2
433;0
434;0
435;1
436;0
437;0
438;0
439;0
440;0
441;1
442;0
443;1
444;0
445;0
446;0
447;0
448;2
449;0
450;0
451;1
452;0
453;0
454;1
455;0
456;2
457;0
458;0
459;0
460;0
461;0
462;0
463;0
464;0
465;0
466;0
467;0
468;0
469;1
470;2
471;0
472;1
473;0
474;0
475;2
476;2
477;0
478;2
479;0
480;1
481;0
482;0
483;0
484;0
485;0
486;0
487;0
488;2
489;2
490;0
491;0
492;0
493;1
494;2
495;0
496;0
497;0
498;0
499;0
500;0
501;0
502;1
503;2
504;2
505;1
506;0
507;0
508;1
509;0
510;0
511;0
512;2
513;0
514;0
515;1
516;0
517;1
518;2
519;0
520;0
521;1
522;0
523;1
524;0
525;0
526;0
527;0
528;0
529;0
530;0
531;0
532;0
533;0
534;0
535;0
536;0
537;0
538;0
539;1
540;0
541;0
542;0
543;0
544;0
545;0
546;0
547;0
548;0
549;0
550;1
551;0
552;1
553;0
554;0
555;1
556;1
557;0
558;0
559;2
560;2
561;2
562;2
563;0
564;0
565;0
566;0
567;1
568;0
569;0
570;2
571;0
572;0
573;0
574;0
575;0
576;0
577;0
578;0
579;1
580;0
581;1
582;0
583;1
584;0
585;0
586;0
587;0
588;0
589;0
590;0
591;0
592;1
593;0
594;0
595;2
596;1
597;2
598;0
599;0
600;2
601;0
602;2
603;2
604;0
605;0
606;0
607;0
608;1
609;0
610;0
611;1
612;0
613;2
614;0
615;0
616;0
617;2
618;0
619;0
620;1
621;0
622;0
623;1
624;1
625;1
626;0
627;0
628;2
629;0
630;2
631;0
632;2
633;2
634;0
635;0
636;0
637;0
638;1
639;0
640;1
641;0
642;2
643;0
644;2
645;0
646;0
647;0
648;2
649;0
650;0
651;0
652;1
653;0
654;0
655;0
656;0
657;0
658;0
659;0
660;0
661;0
662;2
663;0
664;0
665;0
666;0
667;1
668;0
669;0
670;0
671;0
672;1
673;0
674;2
675;1
676;0
677;2
678;0
679;0
680;1
681;0
682;2
683;0
684;0
685;0
686;0
687;0
688;0
689;0
690;0
691;0
692;2
693;2
694;0
695;0
696;0
697;2
698;1
699;0
700;0
701;0
702;0
703;0
704;0
705;0
706;0
707;0
708;0
709;0
710;0
711;0
712;0
713;0
714;2
715;0
716;0
717;2
718;2
719;1
720;0
721;0
722;0
723;2
724;0
725;0
726;0
727;2
728;0
729;0
730;0
731;0
732;0
733;1
734;0
735;1
736;0
737;0
738;0
739;0
740;0
741;1
742;2
743;1
744;0
745;0
746;2
747;0
748;1
749;0
750;2
751;2
752;2
753;0
754;0
755;0
756;2
757;0
758;0
759;2
760;1
761;0
762;1
763;0
764;0
765;0
766;0
767;1
768;0
769;0
770;0
771;0
772;0
773;0
774;2
775;0
776;2
777;0
778;1
779;0
780;0
781;0
782;1
783;2
784;1
785;0
786;0
787;1
788;0
789;2
790;0
791;2
792;2
793;0
794;1
795;0
796;2
797;2
798;0
799;0
800;0
801;0
802;0
803;0
804;0
805;0
806;0
807;1
808;0
809;0
810;0
811;0
812;0
813;0
814;0
815;0
816;0
817;2
818;1
819;0
820;0
821;0
822;0
823;0
824;0
825;0
826;0
827;0
828;0
829;0
830;1
831;2
832;0
833;0
834;1
835;0
836;0
837;0
838;1
839;1
840;1
841;0
842;2
843;0
844;0
845;0
846;1
847;0
848;1
849;2
850;0
851;0
852;0
853;2
854;1
855;0
856;0
857;0
858;0
859;1
860;1
861;0
862;0
863;0
864;2
865;0
866;0
867;0
868;0
869;2
870;0
871;0
872;1
873;0
874;0
875;0
876;2
877;0
878;0
879;0
880;0
881;0
882;0
883;0
884;2
885;0
886;0
887;1
888;0
889;0
890;2
891;1
892;0
893;1
894;0
895;0
896;0
897;0
898;0
899;0
900;0
901;0
902;0
903;0
904;0
905;0
906;0
907;0
908;0
909;0
910;0
911;0
912;0
913;0
914;0
915;0
916;1
917;0
918;0
919;2
920;1
921;1
922;0
923;0
924;0
925;0
926;1
927;0
928;0
929;0
930;0
931;0
932;0
933;0
934;0
935;0
936;0
937;0
938;1
939;0
940;0
941;1
942;0
943;0
944;1
945;0
946;0
947;0
948;0
949;0
950;0
951;0
952;1
953;0
954;1
955;0
956;0
957;0
958;0
959;0
960;1
961;2
962;0
963;0
964;2
965;1
966;2
967;0
968;0
969;1
970;0
971;0
972;0
973;0
974;0
975;1
976;0
977;2
978;0
979;0
980;0
981;1
982;0
983;0
984;0
985;1
986;0
987;0
988;2
989;0
990;1
991;1
992;1
993;0
994;0
995;2
996;0
997;1
998;0
999;0
1000;0
1001;0
1002;0
1003;0
1004;0
1005;0
1006;0
1007;2
1008;0
1009;2
1010;0
1011;2
1012;1
1013;0
1014;1
1015;0
1016;0
1017;0
1018;0
1019;0
1020;0
1021;0
1022;0
1023;0
