0;0
1;0
2;0
3;0
4;2
5;0
6;2
7;1
8;2
9;0
10;2
11;2
12;1
13;0
14;0
15;0
16;0
17;0
18;0
19;0
20;0
21;0
22;0
23;1
24;0
25;0
26;0
27;0
28;0
29;0
30;0
31;0
32;0
33;0
34;0
35;0
36;1
37;0
38;0
39;0
40;0
41;0
42;0
43;2
44;0
45;0
46;0
47;2
48;2
49;0
50;2
51;0
52;2
53;0
54;2
55;0
56;1
57;1
58;0
59;2
60;0
61;0
62;0
63;0
64;0
65;0
66;0
67;0
68;0
69;2
70;1
71;0
72;0
73;0
74;0
75;2
76;0
77;0
78;0
79;0
80;1
81;1
82;0
83;0
84;0
85;0
86;1
87;0
88;2
89;0
90;1
91;2
92;0
93;0
94;0
95;2
96;2
97;0
98;1
99;1
100;0
101;0
102;0
103;0
104;0
105;0
106;0
107;0
108;0
109;2
110;2
111;0
112;0
113;2
114;1
115;0
116;0
117;0
118;2
119;0
120;2
121;1
122;0
123;0
124;2
125;0
126;0
127;0
128;0
129;0
130;1
131;0
132;2
133;0
134;0
135;0
136;0
137;0
138;1
139;0
140;1
141;0
142;0
143;0
144;2
145;0
146;0
147;0
148;2
149;0
150;2
151;2
152;2
153;0
154;1
155;2
156;0
157;0
158;0
159;0
160;1
161;2
162;0
163;1
164;0
165;1
166;1
167;0
168;1
169;0
170;1
171;2
172;2
173;2
174;1
175;0
176;0
177;0
178;0
179;2
180;0
181;1
182;0
183;0
184;1
185;0
186;1
187;0
188;0
189;0
190;0
191;1
192;0
193;0
194;0
195;2
196;0
197;0
198;2
199;0
200;1
201;0
202;0
203;0
204;0
205;0
206;0
207;0
208;0
209;0
210;0
211;0
212;2
213;0
214;0
215;0
216;0
217;0
218;0
219;1
220;2
221;1
222;1
223;0
224;0
225;0
226;2
227;2
228;2
229;1
230;0
231;1
232;0
233;0
234;0
235;0
236;0
237;0
238;0
239;0
240;1
241;0
242;0
243;2
244;0
245;0
246;2
247;0
248;2
249;0
250;0
251;2
252;0
253;2
254;0
255;0
256;2
257;0
258;0
259;1
260;0
261;0
262;0
263;0
264;1
265;0
266;1
267;0
268;0
269;2
270;0
271;0
272;0
273;2
274;2
275;0
276;0
277;0
278;1
279;0
280;0
281;0
282;0
283;2
284;0
285;0
286;0
287;2
288;2
289;0
290;2
291;2
292;2
293;1
294;0
295;0
296;0
297;0
298;0
299;0
300;2
301;2
302;1
303;0
304;0
305;0
306;0
307;0
308;0
309;0
310;0
311;0
312;0
313;0
314;1
315;0
316;0
317;2
318;0
319;2
320;0
321;0
322;0
323;0
324;0
325;0
326;0
327;0
328;0
329;1
330;1
331;0
332;1
333;0
334;0
335;0
336;0
337;0
338;0
339;0
340;1
341;0
342;2
343;2
344;0
345;2
346;2
347;0
348;0
349;2
350;1
351;0
352;0
353;0
354;2
355;1
356;0
357;2
358;0
359;2
360;0
361;1
362;0
363;0
364;2
365;0
366;0
367;0
368;0
369;0
370;1
371;2
372;2
373;0
374;2
375;0
376;2
377;1
378;0
379;2
380;1
381;0
382;0
383;0
384;0
385;0
386;2
387;1
388;0
389;2
390;2
391;0
392;0
393;0
394;0
395;0
396;0
397;0
398;0
399;0
400;0
401;0
402;0
403;1
404;0
405;1
406;0
407;0
408;0
409;0
410;0
411;2
412;0
413;0
414;0
415;0
416;0
417;0
418;2
419;0
420;1
421;0
422;0
423;1
424;0
425;0
426;0
427;2
428;2
429;2
430;2
431;1
432;0
433;2
434;2
435;2
436;0
437;0
438;0
439;1
440;0
441;0
442;1
443;0
444;0
445;1
446;0
447;0
448;2
449;2
450;0
451;0
452;0
453;0
454;0
455;2
456;0
457;0
458;0
459;0
460;2
461;0
462;0
463;0
464;0
465;0
466;0
467;0
468;0
469;0
470;0
471;0
472;1
473;0
474;0
475;1
476;1
477;0
478;2
479;0
480;0
481;0
482;2
483;0
484;2
485;2
486;1
487;0
488;2
489;1
490;0
491;0
492;0
493;0
494;1
495;0
496;0
497;1
498;0
499;0
500;0
501;0
502;0
503;0
504;0
505;0
506;0
507;0
508;0
509;2
510;0
511;0
512;0
513;0
514;0
515;0
516;0
517;0
518;0
519;0
520;2
521;2
522;1
523;0
524;1
525;0
526;0
527;2
528;2
529;0
530;0
531;2
532;2
533;0
534;2
535;0
536;2
537;0
538;1
539;0
540;0
541;1
542;0
543;0
544;2
545;0
546;0
547;0
548;0
549;0
550;0
551;0
552;2
553;0
554;1
555;1
556;0
557;0
558;0
559;0
560;0
561;0
562;0
563;0
564;0
565;0
566;1
567;0
568;0
569;0
570;1
571;0
572;0
573;0
574;0
575;0
576;2
577;0
578;1
579;0
580;0
581;0
582;2
583;1
584;0
585;2
586;2
587;0
588;0
589;1
590;0
591;0
592;0
593;0
594;0
595;0
596;0
597;0
598;0
599;0
600;0
601;0
602;0
603;1
604;0
605;2
606;0
607;1
608;1
609;0
610;0
611;0
612;1
613;0
614;0
615;1
616;0
617;0
618;0
619;0
620;2
621;0
622;0
623;2
624;1
625;0
626;0
627;2
628;1
629;0
630;0
631;0
632;0
633;0
634;0
635;1
636;0
637;0
638;0
639;2
640;1
641;0
642;0
643;0
644;0
645;2
646;0
647;0
648;0
649;0
650;0
651;0
652;2
653;0
654;0
655;0
656;0
657;0
658;2
659;2
660;1
661;0
662;0
663;0
664;2
665;0
666;0
667;2
668;2
669;2
670;2
671;0
672;2
673;0
674;0
675;1
676;0
677;0
678;1
679;0
680;2
681;0
682;1
683;0
684;0
685;0
686;0
687;0
688;0
689;2
690;0
691;0
692;0
693;0
694;0
695;2
696;2
697;2
698;0
699;1
700;0
701;0
702;0
703;1
704;0
705;0
706;2
707;2
708;1
709;0
710;0
711;1
712;0
713;2
714;2
715;2
716;2
717;2
718;0
719;0
720;2
721;0
722;2
723;1
724;2
725;0
726;0
727;1
728;0
729;2
730;2
731;2
732;1
733;0
734;1
735;0
736;0
737;0
738;1
739;1
740;0
741;2
742;1
743;0
744;1
745;0
746;2
747;1
748;0
749;0
750;0
751;1
752;0
753;0
754;0
755;0
756;0
757;0
758;0
759;0
760;1
761;0
762;0
763;2
764;0
765;0
766;2
767;0
768;0
769;0
770;0
771;0
772;2
773;0
774;1
775;0
776;0
777;0
778;0
779;0
780;0
781;0
782;0
783;0
784;0
785;2
786;1
787;2
788;2
789;0
790;2
791;0
792;2
793;0
794;0
795;0
796;0
797;2
798;0
799;0
800;2
801;0
802;1
803;0
804;2
805;2
806;0
807;2
808;0
809;0
810;1
811;0
812;0
813;0
814;0
815;2
816;2
817;0
818;2
819;1
820;0
821;0
822;2
823;0
824;0
825;0
826;0
827;0
828;2
829;0
830;1
831;0
832;0
833;0
834;1
835;2
836;1
837;0
838;0
839;0
840;2
841;0
842;0
843;0
844;2
845;0
846;0
847;0
848;0
849;2
850;0
851;2
852;0
853;0
854;2
855;0
856;0
857;0
858;0
859;0
860;1
861;0
862;0
863;1
864;0
865;0
866;0
867;0
868;2
869;0
870;0
871;2
872;1
873;0
874;0
875;2
876;1
877;1
878;0
879;0
880;0
881;0
882;0
883;0
884;0
885;0
886;0
887;1
888;0
889;0
890;0
891;0
892;0
893;0
894;0
895;1
896;2
897;0
898;0
899;0
900;1
901;2
902;0
903;1
904;0
905;0
906;0
907;0
908;0
909;0
910;0
911;2
912;1
913;0
914;0
915;0
916;0
917;0
918;0
919;2
920;0
921;2
922;2
923;0
924;0
925;0
926;2
927;0
928;0
929;0
930;0
931;0
932;0
933;0
934;0
935;0
936;0
937;2
938;0
939;0
940;2
941;0
942;0
943;0
944;0
945;0
946;0
947;0
948;2
949;0
950;2
951;0
952;1
953;0
954;0
955;2
956;0
957;0
958;0
959;0
960;0
961;0
962;0
963;0
964;2
965;0
966;0
967;0
968;2
969;0
970;0
971;0
972;0
973;0
974;2
975;0
976;0
977;0
978;0
979;0
980;1
981;0
982;2
983;0
984;0
985;0
986;1
987;2
988;2
989;0
990;0
991;0
992;0
993;0
994;0
995;2
996;0
997;0
998;0
999;2
1000;2
1001;1
1002;0
1003;0
1004;1
1005;1
1006;0
1007;0
1008;0
1009;0
1010;0
1011;2
1012;1
1013;0
1014;0
1015;1
1016;0
1017;0
1018;0
1019;0
1020;0
1021;0
1022;0
1023;0
