0;0
1;0
2;0
3;0
4;2
5;0
6;0
7;2
8;2
9;0
10;2
11;0
12;0
13;0
14;0
15;0
16;0
17;0
18;0
19;0
20;1
21;0
22;0
23;0
24;0
25;2
26;2
27;2
28;2
29;2
30;0
31;1
32;1
33;0
34;0
35;2
36;0
37;0
38;2
39;2
40;2
41;0
42;0
43;0
44;0
45;0
46;2
47;0
48;1
49;1
50;0
51;2
52;4
53;0
54;2
55;0
56;0
57;0
58;2
59;0
60;1
61;0
62;0
63;1
64;0
65;0
66;2
67;0
68;0
69;0
70;2
71;0
72;1
73;0
74;0
75;1
76;0
77;1
78;0
79;0
80;0
81;0
82;0
83;0
84;1
85;0
86;2
87;0
88;0
89;1
90;0
91;0
92;1
93;0
94;0
95;0
96;1
97;0
98;0
99;2
100;2
101;0
102;2
103;2
104;2
105;0
106;2
107;0
108;2
109;2
110;2
111;0
112;1
113;1
114;0
115;2
116;2
117;0
118;1
119;2
120;1
121;0
122;0
123;0
124;0
125;0
126;0
127;0
128;0
129;0
130;2
131;0
132;0
133;0
134;0
135;0
136;0
137;0
138;0
139;0
140;2
141;0
142;0
143;0
144;0
145;0
146;0
147;0
148;1
149;0
150;0
151;2
152;2
153;0
154;1
155;0
156;1
157;0
158;2
159;2
160;2
161;2
162;0
163;0
164;2
165;0
166;1
167;0
168;1
169;0
170;0
171;0
172;0
173;0
174;0
175;0
176;0
177;0
178;2
179;1
180;0
181;0
182;1
183;1
184;2
185;0
186;0
187;0
188;0
189;0
190;0
191;1
192;2
193;0
194;0
195;0
196;2
197;0
198;2
199;0
200;0
201;0
202;2
203;0
204;0
205;0
206;0
207;0
208;2
209;0
210;0
211;0
212;0
213;0
214;1
215;0
216;2
217;0
218;2
219;1
220;0
221;0
222;0
223;0
224;0
225;0
226;0
227;0
228;2
229;0
230;0
231;2
232;1
233;0
234;2
235;2
236;0
237;0
238;0
239;0
240;2
241;0
242;0
243;2
244;2
245;0
246;2
247;0
248;0
249;0
250;0
251;0
252;0
253;0
254;0
255;2
256;0
257;2
258;2
259;2
260;0
261;0
262;0
263;0
264;0
265;0
266;1
267;0
268;0
269;0
270;0
271;0
272;0
273;0
274;0
275;0
276;2
277;0
278;2
279;0
280;0
281;0
282;2
283;1
284;1
285;0
286;0
287;2
288;2
289;0
290;2
291;0
292;2
293;0
294;0
295;0
296;2
297;2
298;0
299;0
300;2
301;1
302;0
303;0
304;0
305;0
306;0
307;0
308;0
309;0
310;0
311;0
312;0
313;2
314;0
315;0
316;0
317;1
318;0
319;0
320;0
321;0
322;0
323;2
324;2
325;0
326;0
327;1
328;2
329;0
330;0
331;0
332;0
333;0
334;2
335;2
336;0
337;0
338;0
339;2
340;2
341;0
342;2
343;2
344;2
345;2
346;2
347;0
348;2
349;0
350;0
351;2
352;0
353;0
354;1
355;0
356;0
357;0
358;0
359;0
360;2
361;0
362;0
363;0
364;0
365;0
366;1
367;0
368;0
369;0
370;2
371;2
372;1
373;2
374;0
375;0
376;0
377;2
378;0
379;0
380;0
381;0
382;1
383;0
384;0
385;0
386;0
387;0
388;2
389;0
390;1
391;1
392;0
393;0
394;0
395;0
396;2
397;0
398;1
399;0
400;0
401;0
402;0
403;0
404;0
405;0
406;0
407;0
408;1
409;0
410;0
411;0
412;2
413;1
414;0
415;2
416;2
417;0
418;0
419;0
420;0
421;2
422;0
423;0
424;0
425;0
426;2
427;0
428;0
429;0
430;0
431;0
432;1
433;0
434;0
435;2
436;2
437;0
438;2
439;2
440;2
441;0
442;2
443;0
444;0
445;1
446;0
447;1
448;0
449;0
450;0
451;0
452;0
453;0
454;0
455;1
456;0
457;0
458;0
459;0
460;0
461;0
462;1
463;0
464;1
465;2
466;1
467;0
468;0
469;0
470;0
471;1
472;0
473;0
474;0
475;2
476;2
477;0
478;0
479;1
480;0
481;0
482;2
483;2
484;2
485;0
486;2
487;0
488;1
489;0
490;0
491;0
492;0
493;0
494;0
495;0
496;0
497;2
498;1
499;0
500;0
501;2
502;0
503;2
504;0
505;0
506;1
507;1
508;1
509;0
510;0
511;0
512;0
513;1
514;0
515;2
516;2
517;0
518;0
519;0
520;1
521;0
522;2
523;2
524;4
525;0
526;2
527;2
528;1
529;0
530;2
531;0
532;1
533;0
534;0
535;0
536;0
537;1
538;0
539;0
540;1
541;0
542;0
543;2
544;1
545;0
546;0
547;0
548;0
549;0
550;0
551;1
552;0
553;0
554;0
555;0
556;0
557;0
558;0
559;2
560;0
561;0
562;0
563;0
564;0
565;0
566;0
567;0
568;2
569;2
570;1
571;0
572;0
573;0
574;0
575;0
576;1
577;0
578;2
579;0
580;2
581;0
582;1
583;0
584;1
585;1
586;0
587;0
588;0
589;0
590;0
591;0
592;0
593;0
594;0
595;0
596;0
597;0
598;1
599;0
600;0
601;0
602;0
603;0
604;0
605;0
606;2
607;2
608;1
609;0
610;0
611;0
612;1
613;0
614;2
615;0
616;0
617;2
618;0
619;1
620;0
621;0
622;2
623;2
624;2
625;2
626;0
627;0
628;2
629;0
630;0
631;0
632;0
633;1
634;0
635;0
636;2
637;2
638;0
639;0
640;0
641;0
642;2
643;2
644;1
645;0
646;0
647;0
648;0
649;1
650;0
651;1
652;0
653;2
654;0
655;0
656;0
657;0
658;0
659;0
660;0
661;0
662;0
663;2
664;1
665;0
666;0
667;2
668;1
669;2
670;2
671;2
672;2
673;0
674;2
675;0
676;0
677;1
678;0
679;2
680;0
681;0
682;0
683;1
684;0
685;0
686;2
687;2
688;0
689;0
690;2
691;0
692;0
693;0
694;0
695;0
696;0
697;0
698;0
699;2
700;1
701;0
702;0
703;0
704;0
705;0
706;0
707;0
708;1
709;0
710;2
711;0
712;0
713;0
714;0
715;1
716;2
717;0
718;2
719;2
720;2
721;0
722;0
723;0
724;2
725;0
726;0
727;2
728;0
729;0
730;0
731;0
732;0
733;0
734;0
735;0
736;0
737;1
738;1
739;0
740;1
741;0
742;0
743;1
744;0
745;0
746;1
747;0
748;0
749;0
750;0
751;0
752;2
753;0
754;0
755;0
756;0
757;0
758;2
759;0
760;1
761;0
762;0
763;2
764;0
765;2
766;2
767;2
768;2
769;0
770;2
771;0
772;1
773;0
774;1
775;0
776;0
777;0
778;1
779;2
780;0
781;0
782;2
783;0
784;2
785;0
786;0
787;0
788;1
789;0
790;2
791;0
792;2
793;0
794;2
795;0
796;0
797;0
798;0
799;0
800;0
801;0
802;0
803;0
804;0
805;0
806;2
807;2
808;0
809;0
810;0
811;2
812;4
813;0
814;2
815;2
816;2
817;0
818;0
819;0
820;2
821;2
822;0
823;0
824;0
825;0
826;0
827;0
828;0
829;0
830;0
831;1
832;0
833;0
834;1
835;0
836;0
837;1
838;0
839;0
840;0
841;0
842;0
843;0
844;0
845;0
846;0
847;2
848;1
849;0
850;2
851;1
852;0
853;1
854;0
855;2
856;2
857;0
858;0
859;2
860;2
861;0
862;2
863;0
864;1
865;2
866;2
867;0
868;0
869;0
870;0
871;2
872;2
873;0
874;1
875;0
876;0
877;0
878;0
879;0
880;0
881;0
882;0
883;1
884;0
885;0
886;0
887;0
888;0
889;0
890;0
891;2
892;1
893;0
894;2
895;0
896;0
897;0
898;2
899;2
900;1
901;0
902;2
903;2
904;2
905;0
906;2
907;2
908;0
909;0
910;2
911;0
912;2
913;0
914;0
915;0
916;0
917;0
918;0
919;0
920;0
921;0
922;0
923;1
924;0
925;0
926;0
927;0
928;0
929;2
930;0
931;0
932;2
933;0
934;0
935;0
936;0
937;0
938;1
939;0
940;0
941;0
942;0
943;2
944;1
945;0
946;2
947;2
948;2
949;0
950;2
951;0
952;0
953;0
954;2
955;2
956;0
957;0
958;0
959;0
960;1
961;0
962;1
963;1
964;0
965;0
966;0
967;0
968;0
969;0
970;0
971;1
972;0
973;0
974;0
975;0
976;0
977;0
978;0
979;0
980;0
981;0
982;0
983;0
984;0
985;0
986;2
987;2
988;1
989;0
990;0
991;1
992;0
993;0
994;2
995;2
996;2
997;0
998;2
999;2
1000;2
1001;0
1002;2
1003;0
1004;1
1005;0
1006;1
1007;0
1008;0
1009;0
1010;0
1011;0
1012;0
1013;0
1014;0
1015;1
1016;0
1017;0
1018;0
1019;0
1020;0
1021;0
1022;0
1023;0
