0;0
1;0
2;0
3;0
4;2
5;0
6;0
7;2
8;2
9;0
10;2
11;0
12;0
13;0
14;0
15;0
16;0
17;0
18;2
19;0
20;1
21;0
22;0
23;0
24;0
25;0
26;0
27;0
28;0
29;0
30;2
31;2
32;0
33;0
34;0
35;0
36;2
37;0
38;0
39;0
40;1
41;0
42;0
43;0
44;1
45;0
46;0
47;0
48;2
49;2
50;2
51;2
52;2
53;0
54;2
55;2
56;0
57;0
58;0
59;2
60;2
61;0
62;0
63;2
64;1
65;0
66;0
67;2
68;1
69;0
70;0
71;0
72;0
73;2
74;0
75;0
76;1
77;0
78;0
79;0
80;0
81;2
82;0
83;0
84;1
85;0
86;0
87;0
88;1
89;0
90;0
91;2
92;1
93;2
94;2
95;2
96;2
97;0
98;0
99;0
100;2
101;2
102;1
103;0
104;1
105;1
106;2
107;0
108;0
109;2
110;0
111;2
112;1
113;0
114;0
115;0
116;0
117;2
118;2
119;0
120;2
121;0
122;0
123;2
124;0
125;1
126;0
127;2
128;1
129;2
130;2
131;0
132;2
133;2
134;2
135;2
136;1
137;0
138;2
139;1
140;0
141;0
142;0
143;0
144;2
145;2
146;2
147;0
148;2
149;0
150;0
151;0
152;1
153;0
154;0
155;0
156;2
157;0
158;0
159;0
160;2
161;0
162;0
163;1
164;0
165;0
166;0
167;0
168;0
169;0
170;0
171;2
172;1
173;0
174;0
175;0
176;0
177;2
178;0
179;1
180;0
181;2
182;0
183;0
184;0
185;0
186;2
187;2
188;1
189;0
190;0
191;1
192;1
193;2
194;2
195;2
196;2
197;0
198;2
199;0
200;1
201;0
202;0
203;0
204;0
205;0
206;0
207;0
208;0
209;0
210;0
211;0
212;0
213;0
214;0
215;1
216;0
217;0
218;0
219;0
220;0
221;1
222;1
223;0
224;0
225;2
226;0
227;0
228;0
229;0
230;2
231;0
232;0
233;0
234;0
235;2
236;0
237;0
238;2
239;2
240;1
241;0
242;0
243;2
244;2
245;0
246;1
247;0
248;2
249;0
250;2
251;0
252;0
253;2
254;2
255;0
256;1
257;0
258;0
259;0
260;2
261;2
262;2
263;0
264;0
265;0
266;2
267;0
268;2
269;0
270;0
271;0
272;2
273;0
274;0
275;0
276;0
277;0
278;0
279;0
280;1
281;0
282;2
283;1
284;1
285;0
286;0
287;2
288;2
289;0
290;2
291;0
292;2
293;0
294;0
295;0
296;2
297;0
298;0
299;0
300;0
301;0
302;0
303;0
304;0
305;2
306;0
307;0
308;0
309;0
310;0
311;0
312;0
313;0
314;0
315;0
316;0
317;1
318;0
319;0
320;0
321;0
322;0
323;1
324;0
325;0
326;0
327;2
328;1
329;0
330;0
331;2
332;4
333;0
334;2
335;2
336;0
337;0
338;0
339;0
340;2
341;1
342;0
343;1
344;0
345;1
346;0
347;0
348;0
349;2
350;1
351;0
352;1
353;0
354;0
355;0
356;2
357;1
358;0
359;0
360;0
361;0
362;0
363;0
364;0
365;0
366;0
367;1
368;0
369;0
370;2
371;2
372;1
373;0
374;0
375;0
376;2
377;0
378;0
379;2
380;2
381;0
382;2
383;0
384;1
385;0
386;2
387;0
388;0
389;0
390;0
391;2
392;0
393;0
394;0
395;2
396;1
397;0
398;0
399;0
400;0
401;0
402;0
403;0
404;2
405;2
406;0
407;0
408;2
409;2
410;0
411;0
412;0
413;0
414;0
415;0
416;0
417;0
418;2
419;2
420;1
421;1
422;0
423;0
424;4
425;0
426;2
427;1
428;0
429;0
430;0
431;0
432;2
433;0
434;0
435;0
436;0
437;0
438;1
439;0
440;0
441;0
442;0
443;0
444;0
445;0
446;0
447;0
448;0
449;0
450;0
451;2
452;0
453;0
454;0
455;0
456;2
457;0
458;1
459;0
460;1
461;0
462;2
463;1
464;0
465;0
466;0
467;0
468;2
469;0
470;2
471;1
472;0
473;0
474;0
475;0
476;0
477;0
478;0
479;0
480;1
481;0
482;0
483;0
484;0
485;0
486;0
487;0
488;0
489;2
490;1
491;0
492;1
493;0
494;0
495;1
496;0
497;0
498;0
499;0
500;0
501;0
502;0
503;2
504;0
505;0
506;1
507;0
508;0
509;2
510;0
511;0
512;2
513;0
514;2
515;1
516;0
517;0
518;0
519;2
520;4
521;0
522;0
523;2
524;2
525;2
526;2
527;0
528;1
529;0
530;0
531;0
532;0
533;2
534;2
535;1
536;0
537;1
538;2
539;0
540;1
541;0
542;2
543;0
544;0
545;1
546;0
547;0
548;1
549;0
550;0
551;1
552;0
553;0
554;0
555;0
556;2
557;0
558;0
559;1
560;1
561;0
562;1
563;0
564;0
565;0
566;0
567;2
568;1
569;0
570;0
571;2
572;0
573;0
574;2
575;1
576;2
577;0
578;2
579;2
580;2
581;0
582;1
583;0
584;1
585;0
586;0
587;0
588;2
589;2
590;0
591;0
592;0
593;0
594;0
595;0
596;1
597;0
598;0
599;0
600;0
601;0
602;0
603;0
604;0
605;1
606;0
607;1
608;0
609;0
610;0
611;0
612;0
613;0
614;2
615;0
616;0
617;2
618;0
619;1
620;0
621;0
622;2
623;2
624;2
625;2
626;0
627;0
628;2
629;0
630;0
631;0
632;0
633;0
634;0
635;0
636;0
637;2
638;0
639;0
640;1
641;0
642;0
643;0
644;0
645;0
646;0
647;0
648;0
649;0
650;0
651;0
652;0
653;0
654;2
655;0
656;0
657;1
658;0
659;0
660;1
661;0
662;0
663;2
664;1
665;0
666;0
667;2
668;1
669;2
670;2
671;2
672;2
673;0
674;2
675;0
676;0
677;1
678;0
679;0
680;0
681;2
682;0
683;1
684;0
685;0
686;0
687;1
688;2
689;0
690;0
691;2
692;0
693;1
694;0
695;0
696;1
697;0
698;0
699;0
700;4
701;0
702;0
703;0
704;0
705;2
706;1
707;0
708;2
709;0
710;0
711;0
712;0
713;0
714;1
715;0
716;0
717;0
718;0
719;2
720;2
721;2
722;2
723;1
724;0
725;0
726;0
727;0
728;2
729;0
730;2
731;0
732;0
733;0
734;0
735;0
736;2
737;0
738;0
739;0
740;0
741;0
742;0
743;0
744;0
745;0
746;0
747;0
748;0
749;0
750;0
751;1
752;0
753;1
754;0
755;2
756;2
757;0
758;0
759;0
760;2
761;0
762;0
763;2
764;0
765;0
766;0
767;0
768;2
769;0
770;0
771;0
772;2
773;0
774;0
775;2
776;0
777;0
778;2
779;0
780;4
781;1
782;2
783;0
784;1
785;0
786;2
787;0
788;2
789;0
790;0
791;0
792;2
793;0
794;0
795;0
796;0
797;0
798;2
799;0
800;0
801;0
802;0
803;0
804;0
805;0
806;1
807;2
808;0
809;2
810;0
811;2
812;1
813;0
814;0
815;2
816;1
817;0
818;0
819;2
820;1
821;0
822;2
823;2
824;2
825;2
826;0
827;0
828;2
829;2
830;0
831;0
832;2
833;0
834;0
835;0
836;0
837;0
838;0
839;1
840;2
841;0
842;0
843;0
844;0
845;2
846;1
847;0
848;0
849;0
850;2
851;1
852;0
853;0
854;0
855;2
856;1
857;0
858;0
859;0
860;4
861;0
862;2
863;1
864;0
865;0
866;0
867;0
868;1
869;0
870;0
871;0
872;0
873;1
874;0
875;2
876;0
877;0
878;0
879;0
880;0
881;0
882;0
883;0
884;0
885;0
886;0
887;0
888;0
889;2
890;0
891;0
892;1
893;1
894;1
895;1
896;0
897;0
898;0
899;0
900;0
901;2
902;2
903;2
904;1
905;0
906;0
907;0
908;0
909;0
910;2
911;0
912;2
913;0
914;2
915;0
916;1
917;0
918;0
919;0
920;0
921;0
922;0
923;2
924;0
925;0
926;0
927;0
928;0
929;0
930;0
931;0
932;2
933;1
934;0
935;2
936;0
937;0
938;2
939;2
940;0
941;0
942;2
943;0
944;2
945;0
946;2
947;2
948;1
949;0
950;0
951;2
952;0
953;0
954;0
955;1
956;0
957;0
958;2
959;0
960;1
961;0
962;0
963;1
964;0
965;0
966;0
967;0
968;2
969;2
970;2
971;2
972;0
973;0
974;0
975;2
976;0
977;2
978;2
979;2
980;1
981;0
982;2
983;0
984;2
985;0
986;0
987;0
988;1
989;0
990;0
991;1
992;0
993;0
994;2
995;2
996;2
997;0
998;2
999;2
1000;2
1001;0
1002;2
1003;0
1004;2
1005;2
1006;0
1007;0
1008;2
1009;2
1010;1
1011;0
1012;0
1013;0
1014;1
1015;0
1016;0
1017;0
1018;0
1019;0
1020;0
1021;0
1022;0
1023;0
