0;1
1;0
2;0
3;0
4;1
5;2
6;0
7;0
8;2
9;0
10;2
11;0
12;0
13;0
14;0
15;0
16;0
17;0
18;0
19;0
20;0
21;1
22;0
23;2
24;2
25;1
26;0
27;1
28;0
29;0
30;1
31;0
32;1
33;0
34;0
35;0
36;2
37;2
38;0
39;2
40;2
41;2
42;0
43;2
44;0
45;1
46;0
47;0
48;0
49;0
50;0
51;1
52;0
53;0
54;1
55;2
56;0
57;0
58;2
59;0
60;2
61;0
62;0
63;0
64;2
65;0
66;0
67;1
68;2
69;0
70;0
71;0
72;0
73;0
74;0
75;2
76;2
77;0
78;2
79;0
80;0
81;2
82;0
83;1
84;0
85;0
86;0
87;0
88;2
89;1
90;0
91;2
92;2
93;0
94;0
95;1
96;1
97;0
98;2
99;1
100;2
101;0
102;0
103;0
104;2
105;0
106;0
107;0
108;0
109;0
110;0
111;0
112;0
113;0
114;0
115;0
116;0
117;2
118;0
119;0
120;0
121;0
122;2
123;0
124;0
125;0
126;0
127;0
128;0
129;0
130;0
131;1
132;0
133;2
134;0
135;2
136;0
137;0
138;2
139;2
140;0
141;2
142;0
143;0
144;2
145;2
146;0
147;2
148;0
149;0
150;0
151;0
152;0
153;0
154;0
155;0
156;0
157;0
158;1
159;0
160;0
161;0
162;1
163;0
164;2
165;1
166;0
167;0
168;2
169;0
170;2
171;2
172;0
173;0
174;1
175;0
176;1
177;2
178;1
179;1
180;0
181;0
182;0
183;1
184;0
185;0
186;0
187;2
188;2
189;0
190;0
191;2
192;0
193;1
194;0
195;0
196;2
197;0
198;0
199;0
200;2
201;1
202;0
203;0
204;0
205;0
206;1
207;0
208;0
209;0
210;2
211;2
212;1
213;0
214;1
215;2
216;2
217;2
218;0
219;0
220;2
221;0
222;2
223;0
224;0
225;1
226;0
227;1
228;0
229;0
230;0
231;2
232;1
233;2
234;2
235;0
236;2
237;0
238;0
239;0
240;1
241;0
242;0
243;0
244;0
245;0
246;0
247;0
248;0
249;0
250;0
251;0
252;0
253;2
254;0
255;0
256;0
257;0
258;0
259;0
260;0
261;0
262;2
263;0
264;0
265;0
266;2
267;0
268;1
269;0
270;0
271;1
272;0
273;0
274;2
275;1
276;0
277;0
278;0
279;0
280;2
281;0
282;2
283;1
284;1
285;0
286;0
287;0
288;1
289;0
290;1
291;0
292;0
293;0
294;2
295;0
296;1
297;0
298;0
299;0
300;2
301;2
302;0
303;2
304;0
305;0
306;0
307;0
308;0
309;0
310;0
311;0
312;0
313;1
314;0
315;2
316;2
317;1
318;0
319;0
320;1
321;0
322;0
323;0
324;1
325;0
326;0
327;0
328;2
329;0
330;2
331;0
332;0
333;2
334;0
335;0
336;1
337;1
338;0
339;2
340;0
341;2
342;0
343;0
344;2
345;0
346;0
347;2
348;1
349;0
350;0
351;1
352;0
353;0
354;0
355;0
356;0
357;0
358;0
359;0
360;0
361;0
362;1
363;0
364;0
365;0
366;2
367;0
368;1
369;0
370;0
371;2
372;0
373;2
374;1
375;2
376;2
377;2
378;0
379;2
380;2
381;2
382;0
383;0
384;1
385;0
386;0
387;0
388;2
389;1
390;2
391;0
392;0
393;0
394;0
395;1
396;0
397;0
398;0
399;2
400;2
401;1
402;0
403;2
404;0
405;0
406;0
407;0
408;0
409;0
410;0
411;0
412;0
413;0
414;0
415;2
416;2
417;0
418;0
419;2
420;1
421;0
422;2
423;0
424;2
425;0
426;2
427;2
428;0
429;2
430;2
431;2
432;0
433;0
434;0
435;0
436;2
437;2
438;1
439;0
440;2
441;0
442;2
443;2
444;1
445;2
446;2
447;0
448;2
449;0
450;0
451;0
452;1
453;0
454;2
455;0
456;1
457;0
458;2
459;2
460;0
461;0
462;0
463;0
464;0
465;0
466;2
467;0
468;0
469;0
470;0
471;0
472;0
473;0
474;1
475;0
476;2
477;0
478;0
479;0
480;0
481;0
482;0
483;1
484;1
485;0
486;2
487;0
488;1
489;0
490;1
491;0
492;0
493;0
494;0
495;1
496;0
497;0
498;0
499;2
500;1
501;0
502;0
503;0
504;1
505;1
506;0
507;0
508;1
509;2
510;2
511;1
512;0
513;2
514;2
515;0
516;0
517;0
518;1
519;1
520;0
521;2
522;1
523;2
524;0
525;0
526;0
527;0
528;0
529;2
530;0
531;0
532;2
533;2
534;1
535;0
536;0
537;0
538;0
539;0
540;0
541;0
542;0
543;0
544;1
545;0
546;0
547;1
548;0
549;0
550;2
551;0
552;1
553;0
554;0
555;0
556;2
557;0
558;2
559;0
560;0
561;0
562;0
563;0
564;1
565;0
566;0
567;0
568;0
569;0
570;0
571;0
572;0
573;0
574;0
575;0
576;0
577;0
578;0
579;0
580;0
581;0
582;0
583;0
584;2
585;1
586;0
587;0
588;2
589;0
590;0
591;0
592;0
593;1
594;0
595;2
596;0
597;0
598;0
599;0
600;1
601;0
602;0
603;0
604;0
605;0
606;1
607;0
608;0
609;0
610;0
611;0
612;0
613;0
614;1
615;0
616;0
617;0
618;2
619;0
620;0
621;1
622;0
623;0
624;2
625;0
626;1
627;0
628;0
629;2
630;1
631;2
632;2
633;0
634;0
635;0
636;0
637;0
638;1
639;0
640;0
641;0
642;1
643;0
644;0
645;0
646;0
647;1
648;0
649;0
650;0
651;0
652;0
653;0
654;1
655;1
656;0
657;0
658;0
659;0
660;0
661;1
662;0
663;0
664;2
665;0
666;0
667;1
668;1
669;0
670;0
671;0
672;1
673;2
674;0
675;0
676;0
677;0
678;0
679;2
680;0
681;0
682;2
683;0
684;0
685;2
686;0
687;1
688;0
689;0
690;0
691;0
692;2
693;0
694;2
695;2
696;2
697;0
698;0
699;2
700;0
701;1
702;0
703;1
704;0
705;2
706;2
707;0
708;0
709;0
710;1
711;0
712;0
713;0
714;0
715;2
716;0
717;1
718;0
719;2
720;0
721;2
722;0
723;1
724;0
725;2
726;0
727;0
728;1
729;0
730;0
731;0
732;0
733;2
734;0
735;1
736;0
737;1
738;0
739;0
740;1
741;0
742;0
743;0
744;0
745;0
746;0
747;0
748;1
749;0
750;0
751;2
752;2
753;0
754;0
755;2
756;0
757;2
758;2
759;0
760;0
761;0
762;0
763;0
764;2
765;0
766;1
767;0
768;0
769;1
770;0
771;2
772;0
773;0
774;0
775;0
776;0
777;2
778;0
779;1
780;0
781;0
782;0
783;0
784;0
785;0
786;0
787;1
788;0
789;0
790;1
791;0
792;0
793;1
794;0
795;1
796;2
797;0
798;0
799;2
800;0
801;2
802;2
803;0
804;1
805;0
806;1
807;0
808;2
809;0
810;0
811;0
812;1
813;0
814;2
815;2
816;0
817;1
818;0
819;0
820;0
821;0
822;1
823;0
824;0
825;1
826;0
827;1
828;0
829;2
830;1
831;0
832;1
833;0
834;0
835;0
836;2
837;0
838;0
839;0
840;1
841;0
842;1
843;0
844;1
845;0
846;0
847;2
848;2
849;2
850;2
851;0
852;0
853;0
854;1
855;1
856;0
857;2
858;0
859;0
860;2
861;1
862;0
863;0
864;1
865;0
866;0
867;0
868;0
869;1
870;0
871;2
872;1
873;0
874;0
875;2
876;0
877;0
878;0
879;0
880;2
881;0
882;0
883;2
884;0
885;0
886;0
887;1
888;1
889;0
890;0
891;1
892;1
893;0
894;0
895;0
896;0
897;0
898;0
899;2
900;2
901;2
902;0
903;2
904;1
905;2
906;0
907;2
908;0
909;0
910;0
911;1
912;1
913;0
914;0
915;0
916;1
917;1
918;1
919;0
920;2
921;0
922;0
923;0
924;0
925;0
926;0
927;0
928;0
929;1
930;0
931;0
932;0
933;0
934;2
935;0
936;0
937;0
938;0
939;2
940;0
941;0
942;2
943;0
944;0
945;0
946;0
947;0
948;1
949;2
950;1
951;0
952;0
953;0
954;2
955;0
956;1
957;1
958;0
959;1
960;0
961;0
962;2
963;0
964;2
965;0
966;0
967;0
968;0
969;0
970;0
971;0
972;0
973;0
974;0
975;1
976;0
977;2
978;1
979;0
980;0
981;0
982;2
983;0
984;1
985;1
986;0
987;2
988;2
989;0
990;1
991;0
992;2
993;0
994;0
995;0
996;1
997;0
998;0
999;0
1000;2
1001;0
1002;1
1003;0
1004;0
1005;1
1006;0
1007;0
1008;0
1009;0
1010;0
1011;0
1012;0
1013;1
1014;0
1015;0
1016;0
1017;0
1018;0
1019;0
1020;0
1021;0
1022;0
1023;0
