0;0
1;0
2;0
3;0
4;4
5;0
6;0
7;1
8;0
9;2
10;0
11;0
12;1
13;0
14;0
15;0
16;0
17;0
18;0
19;1
20;0
21;0
22;1
23;0
24;0
25;2
26;0
27;0
28;0
29;0
30;0
31;2
32;1
33;0
34;0
35;0
36;0
37;0
38;0
39;1
40;0
41;2
42;0
43;0
44;0
45;0
46;0
47;1
48;0
49;0
50;0
51;2
52;0
53;0
54;2
55;0
56;2
57;0
58;2
59;2
60;1
61;0
62;0
63;0
64;2
65;0
66;1
67;0
68;2
69;1
70;0
71;2
72;1
73;0
74;0
75;0
76;0
77;2
78;1
79;0
80;0
81;0
82;0
83;0
84;2
85;0
86;0
87;1
88;0
89;2
90;1
91;2
92;0
93;0
94;0
95;0
96;1
97;0
98;0
99;0
100;1
101;2
102;2
103;2
104;2
105;0
106;1
107;2
108;0
109;0
110;1
111;0
112;0
113;0
114;0
115;0
116;0
117;0
118;0
119;0
120;2
121;1
122;2
123;2
124;0
125;0
126;2
127;1
128;0
129;0
130;1
131;0
132;0
133;0
134;0
135;0
136;0
137;0
138;0
139;0
140;0
141;1
142;0
143;0
144;0
145;0
146;0
147;0
148;0
149;1
150;0
151;0
152;1
153;0
154;0
155;2
156;0
157;0
158;2
159;0
160;0
161;1
162;2
163;0
164;1
165;0
166;1
167;1
168;0
169;1
170;0
171;0
172;2
173;0
174;0
175;0
176;1
177;0
178;0
179;0
180;1
181;0
182;1
183;0
184;0
185;2
186;0
187;0
188;0
189;0
190;0
191;0
192;0
193;0
194;0
195;0
196;2
197;0
198;2
199;1
200;0
201;0
202;0
203;0
204;0
205;0
206;0
207;0
208;0
209;0
210;1
211;0
212;0
213;0
214;0
215;0
216;2
217;2
218;0
219;1
220;0
221;0
222;0
223;0
224;0
225;0
226;1
227;0
228;0
229;0
230;0
231;0
232;2
233;1
234;0
235;0
236;1
237;1
238;0
239;2
240;1
241;0
242;2
243;1
244;0
245;0
246;2
247;0
248;1
249;0
250;1
251;0
252;0
253;1
254;0
255;0
256;2
257;2
258;2
259;0
260;0
261;0
262;0
263;2
264;0
265;1
266;0
267;0
268;0
269;0
270;0
271;0
272;0
273;0
274;0
275;0
276;0
277;0
278;1
279;0
280;0
281;0
282;0
283;0
284;0
285;0
286;0
287;2
288;0
289;0
290;2
291;0
292;0
293;0
294;0
295;0
296;1
297;0
298;1
299;0
300;0
301;0
302;0
303;0
304;0
305;0
306;0
307;0
308;1
309;2
310;0
311;2
312;0
313;0
314;1
315;0
316;0
317;1
318;0
319;2
320;0
321;0
322;0
323;1
324;4
325;0
326;0
327;2
328;0
329;0
330;0
331;2
332;1
333;0
334;0
335;1
336;0
337;0
338;0
339;0
340;2
341;0
342;2
343;2
344;0
345;0
346;2
347;0
348;1
349;0
350;0
351;2
352;1
353;1
354;2
355;0
356;0
357;0
358;0
359;0
360;1
361;0
362;1
363;0
364;0
365;0
366;0
367;0
368;2
369;2
370;2
371;0
372;0
373;0
374;0
375;0
376;0
377;0
378;2
379;2
380;0
381;0
382;2
383;2
384;0
385;0
386;0
387;0
388;2
389;0
390;2
391;0
392;0
393;0
394;0
395;0
396;2
397;0
398;1
399;0
400;0
401;0
402;0
403;0
404;0
405;0
406;0
407;0
408;1
409;0
410;0
411;0
412;0
413;2
414;2
415;0
416;0
417;0
418;0
419;0
420;0
421;0
422;0
423;0
424;0
425;0
426;0
427;0
428;1
429;0
430;0
431;0
432;2
433;0
434;0
435;0
436;0
437;2
438;2
439;2
440;2
441;0
442;2
443;2
444;1
445;0
446;1
447;0
448;0
449;2
450;0
451;0
452;0
453;0
454;0
455;2
456;1
457;2
458;0
459;0
460;1
461;0
462;1
463;0
464;0
465;0
466;0
467;1
468;0
469;1
470;0
471;0
472;1
473;0
474;0
475;1
476;0
477;0
478;0
479;1
480;0
481;0
482;2
483;1
484;0
485;0
486;2
487;2
488;0
489;2
490;0
491;0
492;0
493;0
494;2
495;0
496;0
497;0
498;0
499;2
500;0
501;0
502;0
503;0
504;0
505;0
506;2
507;0
508;0
509;1
510;1
511;0
512;0
513;0
514;0
515;2
516;0
517;0
518;0
519;0
520;1
521;0
522;0
523;2
524;2
525;2
526;2
527;0
528;0
529;0
530;2
531;0
532;1
533;0
534;1
535;0
536;1
537;0
538;0
539;0
540;0
541;0
542;0
543;0
544;0
545;0
546;1
547;0
548;0
549;0
550;1
551;0
552;2
553;0
554;0
555;0
556;0
557;0
558;0
559;2
560;0
561;0
562;0
563;0
564;2
565;1
566;0
567;0
568;0
569;0
570;1
571;0
572;1
573;0
574;0
575;0
576;2
577;1
578;0
579;2
580;0
581;0
582;0
583;2
584;1
585;1
586;0
587;0
588;0
589;0
590;1
591;0
592;0
593;0
594;0
595;0
596;0
597;0
598;0
599;0
600;0
601;0
602;0
603;0
604;0
605;0
606;1
607;0
608;2
609;0
610;0
611;0
612;1
613;0
614;2
615;0
616;2
617;0
618;0
619;0
620;1
621;0
622;2
623;1
624;2
625;0
626;0
627;0
628;2
629;0
630;0
631;0
632;0
633;0
634;0
635;0
636;1
637;0
638;0
639;2
640;0
641;0
642;0
643;0
644;0
645;0
646;0
647;0
648;2
649;1
650;0
651;2
652;1
653;0
654;2
655;0
656;2
657;0
658;0
659;0
660;0
661;1
662;0
663;0
664;0
665;0
666;0
667;0
668;0
669;0
670;2
671;2
672;0
673;0
674;2
675;0
676;2
677;0
678;1
679;0
680;2
681;0
682;0
683;0
684;0
685;0
686;0
687;0
688;2
689;0
690;0
691;0
692;2
693;0
694;0
695;0
696;0
697;0
698;1
699;0
700;0
701;0
702;0
703;0
704;0
705;0
706;1
707;0
708;0
709;2
710;2
711;2
712;0
713;0
714;0
715;0
716;0
717;0
718;2
719;0
720;2
721;0
722;0
723;0
724;1
725;0
726;0
727;0
728;0
729;2
730;0
731;2
732;2
733;0
734;0
735;0
736;0
737;0
738;0
739;0
740;0
741;0
742;0
743;0
744;0
745;0
746;2
747;0
748;0
749;0
750;1
751;1
752;0
753;0
754;0
755;1
756;0
757;0
758;0
759;0
760;0
761;0
762;0
763;1
764;0
765;2
766;1
767;0
768;2
769;0
770;2
771;0
772;1
773;0
774;1
775;0
776;0
777;0
778;2
779;0
780;0
781;2
782;2
783;0
784;0
785;2
786;1
787;0
788;1
789;0
790;0
791;0
792;2
793;0
794;2
795;2
796;2
797;2
798;0
799;2
800;0
801;0
802;0
803;0
804;0
805;2
806;0
807;0
808;1
809;0
810;0
811;0
812;2
813;0
814;0
815;0
816;2
817;2
818;0
819;0
820;2
821;2
822;0
823;0
824;0
825;1
826;1
827;0
828;0
829;0
830;2
831;0
832;0
833;0
834;1
835;0
836;0
837;1
838;0
839;0
840;0
841;0
842;0
843;0
844;0
845;0
846;0
847;0
848;0
849;0
850;0
851;0
852;1
853;0
854;0
855;0
856;0
857;0
858;0
859;0
860;0
861;0
862;0
863;0
864;2
865;2
866;0
867;0
868;0
869;0
870;0
871;2
872;2
873;0
874;0
875;0
876;2
877;0
878;0
879;0
880;0
881;0
882;0
883;0
884;0
885;0
886;0
887;0
888;0
889;0
890;0
891;0
892;2
893;1
894;0
895;0
896;0
897;0
898;0
899;2
900;0
901;0
902;2
903;0
904;0
905;0
906;2
907;0
908;0
909;0
910;0
911;0
912;1
913;0
914;0
915;0
916;0
917;0
918;0
919;0
920;0
921;0
922;0
923;0
924;0
925;0
926;0
927;0
928;0
929;2
930;0
931;0
932;0
933;1
934;0
935;0
936;0
937;0
938;0
939;0
940;0
941;0
942;0
943;0
944;2
945;2
946;0
947;1
948;0
949;0
950;2
951;0
952;1
953;0
954;0
955;0
956;0
957;0
958;0
959;0
960;1
961;0
962;0
963;0
964;0
965;0
966;0
967;2
968;0
969;0
970;1
971;0
972;1
973;0
974;0
975;2
976;1
977;1
978;1
979;0
980;0
981;0
982;1
983;0
984;0
985;0
986;0
987;1
988;2
989;2
990;2
991;0
992;0
993;0
994;0
995;1
996;0
997;2
998;2
999;1
1000;1
1001;0
1002;0
1003;0
1004;0
1005;2
1006;1
1007;0
1008;1
1009;0
1010;0
1011;0
1012;0
1013;1
1014;1
1015;0
1016;0
1017;0
1018;0
1019;0
1020;0
1021;0
1022;0
1023;0
