0;0
1;0
2;1
3;0
4;2
5;0
6;0
7;1
8;0
9;0
10;2
11;0
12;0
13;0
14;0
15;0
16;1
17;0
18;0
19;0
20;0
21;0
22;0
23;1
24;0
25;2
26;1
27;1
28;0
29;0
30;0
31;0
32;0
33;2
34;0
35;1
36;1
37;0
38;0
39;0
40;0
41;0
42;1
43;0
44;0
45;1
46;0
47;0
48;0
49;0
50;0
51;0
52;1
53;0
54;0
55;2
56;2
57;2
58;0
59;0
60;0
61;0
62;0
63;0
64;0
65;0
66;2
67;0
68;0
69;2
70;0
71;0
72;0
73;0
74;2
75;0
76;0
77;2
78;0
79;0
80;2
81;0
82;0
83;2
84;0
85;0
86;0
87;0
88;0
89;2
90;0
91;0
92;1
93;0
94;2
95;0
96;0
97;0
98;0
99;0
100;0
101;0
102;0
103;1
104;0
105;0
106;0
107;1
108;2
109;1
110;0
111;0
112;0
113;0
114;0
115;0
116;0
117;0
118;0
119;0
120;0
121;0
122;0
123;0
124;0
125;0
126;0
127;2
128;2
129;0
130;0
131;0
132;0
133;0
134;0
135;1
136;0
137;0
138;2
139;0
140;0
141;0
142;0
143;0
144;0
145;1
146;0
147;2
148;2
149;2
150;2
151;2
152;0
153;0
154;0
155;0
156;0
157;0
158;0
159;0
160;2
161;0
162;0
163;1
164;1
165;0
166;2
167;0
168;0
169;0
170;0
171;0
172;0
173;0
174;0
175;0
176;0
177;0
178;0
179;0
180;1
181;0
182;0
183;0
184;2
185;0
186;1
187;1
188;1
189;0
190;0
191;0
192;0
193;0
194;2
195;2
196;2
197;2
198;0
199;0
200;2
201;0
202;2
203;1
204;0
205;0
206;0
207;0
208;2
209;0
210;0
211;2
212;0
213;0
214;0
215;0
216;0
217;0
218;0
219;0
220;1
221;0
222;0
223;0
224;2
225;0
226;0
227;0
228;0
229;0
230;0
231;0
232;1
233;2
234;1
235;0
236;0
237;1
238;0
239;1
240;0
241;0
242;0
243;2
244;1
245;0
246;0
247;1
248;2
249;0
250;0
251;2
252;1
253;1
254;2
255;0
256;1
257;2
258;0
259;0
260;0
261;0
262;0
263;0
264;2
265;0
266;0
267;1
268;0
269;0
270;0
271;0
272;1
273;0
274;2
275;2
276;1
277;0
278;0
279;0
280;1
281;0
282;0
283;0
284;2
285;1
286;0
287;2
288;2
289;0
290;2
291;2
292;0
293;0
294;0
295;2
296;0
297;0
298;0
299;0
300;1
301;0
302;0
303;0
304;0
305;0
306;0
307;0
308;2
309;2
310;1
311;0
312;0
313;0
314;0
315;0
316;0
317;0
318;2
319;0
320;0
321;0
322;0
323;1
324;0
325;2
326;0
327;2
328;1
329;0
330;1
331;0
332;0
333;0
334;0
335;2
336;2
337;0
338;2
339;1
340;0
341;0
342;0
343;0
344;2
345;0
346;1
347;0
348;0
349;1
350;0
351;0
352;1
353;0
354;0
355;2
356;2
357;2
358;0
359;0
360;1
361;0
362;2
363;0
364;0
365;0
366;1
367;0
368;0
369;1
370;0
371;0
372;0
373;0
374;0
375;1
376;0
377;0
378;0
379;1
380;0
381;0
382;1
383;1
384;0
385;0
386;1
387;0
388;2
389;1
390;2
391;0
392;0
393;0
394;0
395;2
396;2
397;0
398;0
399;2
400;1
401;0
402;2
403;1
404;1
405;0
406;0
407;0
408;0
409;0
410;0
411;0
412;0
413;0
414;0
415;0
416;0
417;1
418;0
419;0
420;2
421;0
422;0
423;2
424;0
425;2
426;2
427;2
428;2
429;1
430;0
431;2
432;0
433;2
434;2
435;2
436;2
437;0
438;0
439;0
440;1
441;0
442;0
443;0
444;1
445;0
446;1
447;0
448;0
449;0
450;0
451;0
452;0
453;0
454;2
455;0
456;0
457;0
458;0
459;0
460;0
461;2
462;0
463;0
464;0
465;0
466;0
467;0
468;0
469;0
470;0
471;0
472;1
473;0
474;1
475;0
476;0
477;0
478;0
479;0
480;2
481;0
482;0
483;1
484;0
485;0
486;0
487;0
488;0
489;0
490;0
491;2
492;0
493;0
494;0
495;0
496;0
497;1
498;0
499;2
500;1
501;0
502;0
503;1
504;0
505;0
506;0
507;2
508;1
509;0
510;0
511;0
512;0
513;0
514;0
515;0
516;0
517;0
518;0
519;0
520;0
521;0
522;0
523;0
524;1
525;2
526;2
527;2
528;2
529;2
530;0
531;0
532;2
533;0
534;0
535;2
536;0
537;0
538;0
539;0
540;0
541;0
542;0
543;2
544;1
545;0
546;0
547;0
548;0
549;2
550;0
551;0
552;0
553;0
554;1
555;0
556;0
557;2
558;0
559;0
560;0
561;0
562;0
563;0
564;0
565;0
566;0
567;0
568;0
569;0
570;2
571;2
572;0
573;0
574;2
575;0
576;0
577;0
578;2
579;2
580;0
581;0
582;0
583;0
584;1
585;1
586;0
587;0
588;1
589;0
590;0
591;2
592;0
593;0
594;0
595;0
596;0
597;0
598;0
599;0
600;0
601;0
602;0
603;0
604;0
605;2
606;2
607;1
608;2
609;1
610;0
611;2
612;2
613;0
614;2
615;1
616;2
617;0
618;0
619;0
620;2
621;0
622;0
623;0
624;2
625;2
626;0
627;0
628;0
629;0
630;2
631;0
632;0
633;0
634;0
635;0
636;0
637;0
638;0
639;0
640;1
641;0
642;0
643;0
644;0
645;0
646;0
647;0
648;1
649;0
650;0
651;2
652;1
653;0
654;0
655;2
656;0
657;0
658;1
659;1
660;1
661;0
662;0
663;0
664;0
665;0
666;0
667;0
668;0
669;0
670;2
671;0
672;0
673;0
674;1
675;0
676;0
677;2
678;1
679;0
680;0
681;2
682;1
683;0
684;2
685;1
686;0
687;2
688;0
689;1
690;0
691;2
692;0
693;0
694;0
695;0
696;0
697;2
698;0
699;0
700;0
701;0
702;0
703;0
704;2
705;0
706;1
707;2
708;0
709;0
710;1
711;0
712;0
713;0
714;2
715;1
716;2
717;0
718;0
719;2
720;0
721;0
722;0
723;0
724;0
725;0
726;0
727;0
728;2
729;1
730;0
731;0
732;1
733;1
734;0
735;0
736;2
737;0
738;0
739;0
740;0
741;0
742;0
743;1
744;0
745;0
746;0
747;0
748;0
749;0
750;2
751;2
752;2
753;0
754;2
755;2
756;2
757;1
758;0
759;0
760;0
761;0
762;0
763;0
764;1
765;0
766;0
767;0
768;0
769;0
770;1
771;0
772;0
773;1
774;0
775;0
776;2
777;2
778;0
779;0
780;2
781;1
782;0
783;2
784;0
785;2
786;1
787;0
788;0
789;1
790;0
791;0
792;0
793;0
794;0
795;0
796;2
797;1
798;0
799;2
800;0
801;0
802;1
803;0
804;1
805;0
806;0
807;0
808;1
809;0
810;0
811;0
812;2
813;0
814;0
815;2
816;2
817;0
818;0
819;0
820;2
821;1
822;2
823;0
824;1
825;0
826;1
827;0
828;1
829;0
830;0
831;2
832;0
833;0
834;0
835;2
836;1
837;0
838;0
839;0
840;0
841;0
842;0
843;0
844;2
845;0
846;2
847;1
848;0
849;1
850;0
851;0
852;2
853;0
854;0
855;0
856;2
857;0
858;0
859;0
860;0
861;2
862;1
863;2
864;0
865;1
866;0
867;0
868;0
869;0
870;0
871;0
872;0
873;0
874;1
875;0
876;0
877;0
878;0
879;0
880;2
881;0
882;0
883;0
884;0
885;0
886;0
887;2
888;1
889;1
890;0
891;1
892;0
893;2
894;2
895;0
896;2
897;0
898;0
899;0
900;0
901;0
902;0
903;0
904;0
905;0
906;0
907;0
908;0
909;0
910;0
911;2
912;0
913;1
914;0
915;0
916;1
917;0
918;0
919;0
920;0
921;2
922;0
923;1
924;0
925;0
926;0
927;0
928;0
929;0
930;0
931;0
932;0
933;0
934;0
935;0
936;2
937;2
938;2
939;0
940;0
941;0
942;0
943;0
944;0
945;0
946;0
947;0
948;0
949;2
950;2
951;0
952;0
953;1
954;0
955;0
956;1
957;0
958;1
959;0
960;0
961;0
962;0
963;0
964;0
965;2
966;0
967;1
968;0
969;0
970;0
971;2
972;2
973;0
974;0
975;2
976;0
977;0
978;0
979;0
980;1
981;0
982;0
983;0
984;0
985;0
986;2
987;0
988;0
989;0
990;0
991;0
992;2
993;1
994;1
995;2
996;0
997;2
998;2
999;2
1000;0
1001;0
1002;0
1003;0
1004;2
1005;0
1006;0
1007;0
1008;0
1009;0
1010;0
1011;0
1012;1
1013;0
1014;0
1015;1
1016;0
1017;0
1018;0
1019;0
1020;0
1021;0
1022;0
1023;0
