0;0
1;0
2;0
3;0
4;2
5;0
6;0
7;2
8;2
9;2
10;0
11;2
12;2
13;0
14;0
15;0
16;0
17;2
18;0
19;0
20;0
21;0
22;0
23;0
24;0
25;0
26;0
27;0
28;2
29;0
30;0
31;0
32;0
33;2
34;0
35;0
36;2
37;0
38;0
39;0
40;0
41;0
42;0
43;0
44;0
45;0
46;0
47;0
48;1
49;2
50;0
51;0
52;2
53;0
54;2
55;2
56;0
57;0
58;1
59;0
60;2
61;0
62;0
63;0
64;2
65;2
66;1
67;0
68;0
69;0
70;1
71;0
72;2
73;2
74;0
75;0
76;1
77;2
78;0
79;0
80;0
81;0
82;0
83;0
84;2
85;0
86;2
87;0
88;0
89;1
90;0
91;0
92;2
93;0
94;0
95;1
96;2
97;0
98;0
99;0
100;0
101;0
102;0
103;0
104;0
105;0
106;0
107;1
108;0
109;2
110;0
111;0
112;0
113;0
114;0
115;0
116;0
117;1
118;0
119;0
120;2
121;0
122;2
123;2
124;0
125;0
126;2
127;1
128;0
129;2
130;2
131;0
132;2
133;0
134;2
135;0
136;1
137;0
138;0
139;1
140;0
141;2
142;0
143;2
144;1
145;0
146;2
147;0
148;0
149;0
150;0
151;0
152;0
153;1
154;0
155;2
156;0
157;0
158;0
159;0
160;0
161;0
162;1
163;0
164;0
165;0
166;0
167;2
168;0
169;0
170;0
171;1
172;0
173;2
174;0
175;0
176;0
177;0
178;0
179;2
180;2
181;0
182;0
183;0
184;0
185;0
186;0
187;0
188;0
189;0
190;0
191;2
192;0
193;2
194;2
195;2
196;2
197;0
198;0
199;0
200;0
201;0
202;0
203;0
204;0
205;0
206;0
207;0
208;1
209;0
210;0
211;0
212;0
213;0
214;1
215;0
216;0
217;0
218;0
219;2
220;0
221;2
222;0
223;0
224;2
225;0
226;0
227;0
228;2
229;0
230;1
231;0
232;0
233;0
234;0
235;0
236;2
237;1
238;0
239;0
240;1
241;0
242;0
243;0
244;0
245;2
246;2
247;0
248;0
249;2
250;2
251;2
252;1
253;0
254;2
255;0
256;1
257;1
258;0
259;0
260;0
261;2
262;0
263;0
264;0
265;0
266;2
267;2
268;0
269;0
270;0
271;0
272;0
273;0
274;0
275;0
276;0
277;0
278;0
279;0
280;1
281;0
282;1
283;0
284;0
285;0
286;0
287;0
288;0
289;0
290;0
291;2
292;0
293;0
294;0
295;0
296;0
297;1
298;2
299;0
300;0
301;1
302;0
303;0
304;0
305;0
306;0
307;0
308;0
309;0
310;1
311;0
312;0
313;0
314;0
315;0
316;0
317;1
318;0
319;1
320;2
321;2
322;0
323;1
324;0
325;1
326;0
327;0
328;1
329;0
330;2
331;2
332;2
333;0
334;0
335;2
336;0
337;0
338;0
339;2
340;0
341;0
342;0
343;0
344;0
345;0
346;1
347;2
348;0
349;0
350;1
351;2
352;0
353;0
354;0
355;0
356;0
357;0
358;2
359;0
360;0
361;0
362;0
363;0
364;0
365;0
366;0
367;0
368;0
369;1
370;2
371;2
372;0
373;0
374;0
375;1
376;1
377;2
378;2
379;0
380;0
381;0
382;1
383;0
384;1
385;0
386;0
387;1
388;0
389;0
390;0
391;0
392;0
393;0
394;0
395;0
396;0
397;0
398;2
399;0
400;0
401;0
402;1
403;1
404;0
405;0
406;0
407;0
408;0
409;0
410;0
411;1
412;2
413;0
414;2
415;0
416;0
417;0
418;1
419;0
420;0
421;0
422;0
423;1
424;0
425;0
426;0
427;1
428;0
429;1
430;0
431;0
432;1
433;2
434;0
435;0
436;0
437;0
438;0
439;0
440;0
441;2
442;0
443;1
444;0
445;0
446;0
447;0
448;2
449;0
450;0
451;2
452;0
453;0
454;0
455;0
456;1
457;0
458;2
459;1
460;0
461;0
462;0
463;2
464;1
465;0
466;0
467;0
468;4
469;0
470;2
471;0
472;0
473;2
474;0
475;0
476;2
477;2
478;0
479;1
480;0
481;1
482;0
483;0
484;0
485;0
486;0
487;0
488;0
489;0
490;0
491;2
492;0
493;0
494;2
495;2
496;2
497;0
498;0
499;0
500;0
501;0
502;0
503;1
504;0
505;1
506;1
507;0
508;2
509;1
510;0
511;0
512;0
513;2
514;1
515;0
516;1
517;0
518;2
519;2
520;2
521;0
522;0
523;1
524;0
525;1
526;0
527;0
528;0
529;1
530;0
531;1
532;0
533;0
534;0
535;1
536;0
537;2
538;0
539;0
540;0
541;0
542;1
543;2
544;1
545;0
546;0
547;0
548;1
549;0
550;0
551;0
552;0
553;0
554;0
555;0
556;0
557;0
558;0
559;0
560;0
561;0
562;0
563;2
564;0
565;0
566;0
567;0
568;2
569;0
570;0
571;1
572;0
573;0
574;0
575;0
576;2
577;0
578;2
579;0
580;2
581;0
582;1
583;0
584;0
585;0
586;0
587;0
588;0
589;0
590;0
591;0
592;0
593;0
594;0
595;0
596;0
597;0
598;1
599;0
600;0
601;1
602;0
603;0
604;0
605;1
606;1
607;2
608;0
609;0
610;0
611;0
612;0
613;2
614;0
615;0
616;1
617;0
618;0
619;0
620;2
621;2
622;2
623;1
624;0
625;0
626;0
627;2
628;0
629;0
630;0
631;0
632;2
633;1
634;0
635;0
636;0
637;0
638;0
639;0
640;1
641;0
642;0
643;1
644;0
645;0
646;0
647;0
648;1
649;0
650;0
651;0
652;0
653;0
654;0
655;0
656;1
657;0
658;0
659;0
660;0
661;0
662;0
663;0
664;2
665;0
666;1
667;2
668;0
669;0
670;2
671;1
672;0
673;0
674;2
675;2
676;2
677;0
678;0
679;2
680;2
681;2
682;0
683;0
684;0
685;0
686;0
687;0
688;2
689;0
690;0
691;1
692;1
693;0
694;2
695;0
696;1
697;0
698;0
699;0
700;2
701;0
702;0
703;0
704;0
705;1
706;0
707;0
708;0
709;0
710;0
711;1
712;0
713;2
714;0
715;0
716;0
717;0
718;0
719;0
720;1
721;0
722;2
723;1
724;0
725;0
726;0
727;0
728;2
729;0
730;0
731;2
732;0
733;0
734;0
735;2
736;1
737;0
738;1
739;0
740;1
741;0
742;0
743;0
744;0
745;0
746;0
747;1
748;0
749;0
750;2
751;0
752;2
753;0
754;2
755;2
756;0
757;0
758;0
759;0
760;0
761;0
762;0
763;0
764;0
765;0
766;2
767;2
768;0
769;0
770;0
771;0
772;0
773;2
774;2
775;0
776;0
777;0
778;0
779;2
780;1
781;0
782;2
783;0
784;2
785;2
786;1
787;0
788;0
789;0
790;1
791;0
792;0
793;2
794;0
795;0
796;0
797;0
798;0
799;0
800;2
801;0
802;0
803;1
804;2
805;0
806;2
807;0
808;0
809;0
810;0
811;1
812;1
813;0
814;0
815;0
816;0
817;0
818;2
819;1
820;0
821;0
822;2
823;0
824;0
825;2
826;1
827;0
828;0
829;0
830;2
831;0
832;0
833;0
834;0
835;1
836;0
837;0
838;0
839;0
840;0
841;0
842;0
843;0
844;2
845;2
846;0
847;1
848;0
849;2
850;0
851;0
852;0
853;0
854;0
855;2
856;0
857;0
858;0
859;2
860;0
861;2
862;0
863;1
864;1
865;0
866;0
867;0
868;0
869;0
870;0
871;2
872;0
873;1
874;0
875;0
876;0
877;0
878;0
879;0
880;0
881;2
882;0
883;2
884;0
885;0
886;0
887;0
888;0
889;0
890;0
891;0
892;0
893;0
894;0
895;0
896;1
897;0
898;0
899;0
900;0
901;0
902;0
903;0
904;1
905;2
906;1
907;0
908;1
909;0
910;0
911;0
912;0
913;0
914;2
915;0
916;0
917;0
918;0
919;0
920;1
921;0
922;0
923;0
924;0
925;0
926;0
927;0
928;2
929;0
930;0
931;0
932;0
933;1
934;0
935;0
936;2
937;0
938;1
939;2
940;1
941;0
942;0
943;0
944;0
945;1
946;0
947;0
948;2
949;0
950;1
951;2
952;0
953;0
954;0
955;1
956;0
957;0
958;2
959;2
960;1
961;0
962;1
963;0
964;0
965;2
966;0
967;0
968;1
969;0
970;2
971;2
972;0
973;0
974;0
975;0
976;0
977;0
978;0
979;0
980;2
981;2
982;2
983;0
984;1
985;0
986;0
987;2
988;0
989;0
990;1
991;0
992;0
993;0
994;0
995;0
996;2
997;0
998;0
999;2
1000;0
1001;0
1002;2
1003;0
1004;2
1005;0
1006;0
1007;0
1008;2
1009;0
1010;1
1011;0
1012;0
1013;0
1014;0
1015;0
1016;0
1017;0
1018;0
1019;0
1020;0
1021;0
1022;0
1023;0
