0;0
1;0
2;0
3;0
4;2
5;0
6;0
7;2
8;0
9;0
10;0
11;0
12;0
13;0
14;0
15;0
16;2
17;0
18;0
19;2
20;2
21;0
22;0
23;0
24;2
25;2
26;2
27;0
28;0
29;0
30;0
31;0
32;0
33;0
34;2
35;0
36;0
37;2
38;0
39;1
40;1
41;1
42;0
43;0
44;2
45;0
46;0
47;0
48;1
49;0
50;0
51;0
52;0
53;0
54;0
55;1
56;0
57;0
58;0
59;0
60;2
61;0
62;0
63;0
64;0
65;0
66;2
67;2
68;0
69;0
70;0
71;2
72;0
73;0
74;1
75;0
76;0
77;2
78;2
79;0
80;0
81;1
82;0
83;2
84;0
85;0
86;0
87;0
88;2
89;1
90;0
91;0
92;0
93;0
94;0
95;2
96;0
97;1
98;0
99;0
100;2
101;0
102;0
103;2
104;1
105;2
106;0
107;0
108;1
109;2
110;0
111;2
112;0
113;0
114;0
115;0
116;0
117;0
118;0
119;0
120;0
121;0
122;0
123;0
124;0
125;0
126;0
127;0
128;0
129;0
130;2
131;0
132;1
133;0
134;0
135;2
136;0
137;2
138;1
139;0
140;0
141;0
142;0
143;0
144;1
145;2
146;0
147;0
148;0
149;0
150;2
151;2
152;0
153;0
154;2
155;0
156;0
157;1
158;2
159;0
160;2
161;0
162;2
163;1
164;0
165;0
166;0
167;0
168;0
169;0
170;0
171;1
172;0
173;1
174;1
175;0
176;0
177;0
178;0
179;0
180;0
181;2
182;0
183;0
184;0
185;0
186;0
187;4
188;0
189;0
190;0
191;0
192;0
193;0
194;0
195;1
196;0
197;0
198;0
199;2
200;0
201;0
202;1
203;1
204;0
205;0
206;0
207;1
208;2
209;0
210;0
211;2
212;0
213;0
214;0
215;0
216;0
217;0
218;0
219;2
220;0
221;0
222;0
223;2
224;0
225;0
226;0
227;2
228;0
229;0
230;0
231;1
232;0
233;0
234;0
235;0
236;0
237;0
238;1
239;0
240;1
241;0
242;0
243;2
244;1
245;0
246;0
247;1
248;0
249;2
250;2
251;2
252;0
253;2
254;0
255;0
256;0
257;0
258;0
259;0
260;1
261;0
262;0
263;0
264;0
265;0
266;0
267;1
268;1
269;0
270;0
271;2
272;2
273;0
274;0
275;0
276;0
277;1
278;0
279;0
280;1
281;0
282;0
283;1
284;0
285;2
286;0
287;2
288;0
289;2
290;2
291;2
292;0
293;0
294;1
295;1
296;1
297;0
298;0
299;0
300;1
301;0
302;2
303;0
304;0
305;2
306;1
307;1
308;2
309;2
310;1
311;0
312;0
313;0
314;0
315;0
316;0
317;0
318;2
319;0
320;0
321;0
322;0
323;0
324;0
325;0
326;0
327;1
328;0
329;0
330;0
331;0
332;0
333;0
334;0
335;0
336;0
337;0
338;0
339;1
340;0
341;0
342;2
343;2
344;2
345;0
346;2
347;0
348;2
349;0
350;0
351;0
352;0
353;0
354;0
355;0
356;0
357;0
358;0
359;0
360;2
361;0
362;0
363;0
364;0
365;2
366;2
367;2
368;0
369;0
370;1
371;0
372;0
373;0
374;0
375;0
376;0
377;1
378;0
379;0
380;0
381;0
382;0
383;0
384;1
385;0
386;0
387;2
388;1
389;0
390;0
391;0
392;0
393;0
394;2
395;0
396;1
397;0
398;0
399;2
400;0
401;0
402;0
403;2
404;0
405;0
406;0
407;0
408;1
409;0
410;1
411;0
412;0
413;0
414;0
415;1
416;2
417;1
418;0
419;0
420;2
421;2
422;0
423;0
424;0
425;0
426;0
427;0
428;0
429;0
430;0
431;0
432;2
433;1
434;0
435;0
436;0
437;0
438;0
439;0
440;2
441;0
442;2
443;0
444;2
445;0
446;0
447;1
448;0
449;0
450;0
451;0
452;0
453;0
454;0
455;0
456;0
457;0
458;0
459;1
460;0
461;0
462;0
463;0
464;0
465;0
466;0
467;0
468;0
469;0
470;0
471;1
472;2
473;0
474;1
475;0
476;0
477;0
478;0
479;2
480;1
481;1
482;0
483;1
484;0
485;0
486;0
487;2
488;1
489;0
490;0
491;0
492;0
493;0
494;0
495;0
496;2
497;1
498;0
499;2
500;2
501;2
502;0
503;0
504;2
505;1
506;0
507;0
508;1
509;0
510;0
511;1
512;0
513;0
514;0
515;0
516;0
517;0
518;0
519;2
520;0
521;0
522;0
523;0
524;0
525;1
526;0
527;1
528;0
529;0
530;0
531;2
532;2
533;0
534;0
535;0
536;2
537;0
538;0
539;0
540;0
541;0
542;1
543;0
544;0
545;2
546;2
547;0
548;0
549;0
550;0
551;0
552;0
553;0
554;0
555;0
556;2
557;0
558;0
559;0
560;0
561;0
562;1
563;1
564;1
565;0
566;0
567;0
568;0
569;0
570;1
571;0
572;0
573;0
574;0
575;2
576;0
577;0
578;1
579;0
580;0
581;0
582;1
583;0
584;0
585;0
586;1
587;0
588;0
589;0
590;0
591;2
592;1
593;0
594;0
595;0
596;0
597;0
598;0
599;0
600;0
601;0
602;0
603;0
604;0
605;0
606;0
607;0
608;2
609;0
610;0
611;2
612;2
613;2
614;2
615;0
616;0
617;0
618;0
619;0
620;1
621;1
622;1
623;0
624;1
625;2
626;2
627;0
628;0
629;0
630;0
631;1
632;0
633;0
634;0
635;0
636;2
637;2
638;2
639;0
640;2
641;0
642;0
643;0
644;0
645;1
646;0
647;0
648;0
649;0
650;0
651;0
652;0
653;0
654;0
655;0
656;0
657;0
658;1
659;0
660;0
661;0
662;2
663;1
664;2
665;0
666;0
667;0
668;0
669;0
670;0
671;0
672;1
673;0
674;0
675;0
676;0
677;2
678;2
679;2
680;2
681;1
682;1
683;0
684;2
685;2
686;1
687;0
688;1
689;0
690;0
691;0
692;0
693;0
694;1
695;1
696;2
697;0
698;0
699;0
700;0
701;1
702;0
703;0
704;0
705;0
706;0
707;1
708;0
709;0
710;0
711;2
712;1
713;0
714;0
715;0
716;0
717;0
718;0
719;0
720;0
721;0
722;0
723;1
724;0
725;0
726;0
727;0
728;1
729;1
730;1
731;0
732;0
733;0
734;0
735;0
736;1
737;0
738;0
739;0
740;1
741;0
742;0
743;0
744;0
745;0
746;0
747;1
748;0
749;0
750;2
751;0
752;2
753;0
754;2
755;0
756;0
757;2
758;0
759;1
760;1
761;0
762;2
763;0
764;0
765;2
766;0
767;0
768;0
769;0
770;1
771;0
772;1
773;0
774;0
775;0
776;0
777;2
778;0
779;1
780;0
781;0
782;0
783;2
784;0
785;0
786;1
787;2
788;1
789;0
790;0
791;2
792;0
793;0
794;1
795;0
796;0
797;0
798;0
799;1
800;2
801;0
802;2
803;0
804;0
805;0
806;0
807;0
808;2
809;0
810;0
811;2
812;0
813;1
814;0
815;0
816;1
817;1
818;0
819;0
820;2
821;0
822;0
823;1
824;1
825;0
826;0
827;2
828;0
829;2
830;1
831;0
832;0
833;0
834;0
835;0
836;0
837;0
838;0
839;0
840;0
841;0
842;2
843;1
844;0
845;0
846;0
847;0
848;0
849;0
850;0
851;0
852;1
853;0
854;0
855;0
856;0
857;0
858;2
859;0
860;1
861;0
862;0
863;0
864;0
865;0
866;0
867;0
868;0
869;0
870;0
871;0
872;0
873;0
874;0
875;1
876;0
877;1
878;1
879;0
880;0
881;1
882;0
883;0
884;0
885;0
886;2
887;0
888;0
889;1
890;0
891;0
892;1
893;0
894;0
895;2
896;0
897;0
898;0
899;1
900;0
901;0
902;0
903;0
904;0
905;0
906;1
907;0
908;0
909;0
910;2
911;0
912;0
913;2
914;1
915;0
916;0
917;1
918;0
919;0
920;1
921;0
922;0
923;2
924;0
925;0
926;1
927;0
928;0
929;0
930;0
931;2
932;0
933;0
934;2
935;2
936;2
937;2
938;0
939;0
940;0
941;0
942;2
943;2
944;0
945;1
946;0
947;0
948;0
949;0
950;0
951;0
952;0
953;0
954;0
955;2
956;1
957;0
958;2
959;0
960;0
961;0
962;0
963;2
964;0
965;1
966;0
967;1
968;1
969;0
970;2
971;2
972;2
973;0
974;0
975;1
976;0
977;0
978;0
979;0
980;0
981;0
982;0
983;2
984;2
985;0
986;0
987;0
988;0
989;0
990;0
991;1
992;2
993;0
994;0
995;2
996;0
997;0
998;0
999;0
1000;1
1001;0
1002;2
1003;0
1004;1
1005;0
1006;2
1007;0
1008;0
1009;2
1010;0
1011;2
1012;1
1013;1
1014;0
1015;1
1016;0
1017;0
1018;0
1019;0
1020;0
1021;0
1022;0
1023;0
