0;1
1;0
2;0
3;0
4;1
5;2
6;0
7;0
8;2
9;0
10;2
11;0
12;0
13;2
14;2
15;0
16;0
17;0
18;0
19;1
20;2
21;0
22;0
23;0
24;2
25;0
26;0
27;1
28;0
29;0
30;1
31;0
32;1
33;0
34;0
35;0
36;1
37;0
38;1
39;0
40;2
41;0
42;1
43;0
44;0
45;1
46;0
47;0
48;0
49;0
50;0
51;1
52;0
53;0
54;1
55;2
56;0
57;0
58;2
59;0
60;2
61;0
62;0
63;0
64;0
65;0
66;0
67;0
68;2
69;1
70;0
71;1
72;0
73;0
74;0
75;2
76;0
77;2
78;0
79;0
80;0
81;2
82;0
83;1
84;1
85;0
86;0
87;0
88;0
89;0
90;0
91;2
92;1
93;0
94;2
95;0
96;0
97;0
98;0
99;1
100;1
101;0
102;0
103;2
104;2
105;0
106;2
107;0
108;0
109;0
110;2
111;0
112;0
113;0
114;0
115;0
116;0
117;0
118;2
119;0
120;0
121;0
122;0
123;0
124;0
125;1
126;0
127;0
128;0
129;0
130;2
131;0
132;1
133;0
134;0
135;2
136;1
137;0
138;2
139;0
140;0
141;2
142;0
143;0
144;1
145;0
146;2
147;2
148;0
149;0
150;2
151;0
152;0
153;0
154;2
155;0
156;0
157;0
158;2
159;0
160;1
161;0
162;0
163;0
164;0
165;0
166;0
167;2
168;2
169;1
170;1
171;0
172;0
173;0
174;1
175;0
176;1
177;0
178;0
179;0
180;0
181;0
182;0
183;0
184;0
185;2
186;0
187;2
188;0
189;0
190;1
191;0
192;0
193;0
194;0
195;2
196;2
197;0
198;2
199;0
200;0
201;0
202;0
203;0
204;0
205;0
206;0
207;0
208;0
209;0
210;0
211;2
212;0
213;0
214;1
215;0
216;2
217;0
218;0
219;0
220;1
221;0
222;0
223;0
224;0
225;2
226;0
227;0
228;0
229;2
230;0
231;0
232;0
233;0
234;0
235;0
236;1
237;0
238;0
239;0
240;2
241;2
242;0
243;1
244;0
245;0
246;0
247;0
248;2
249;0
250;0
251;0
252;0
253;0
254;0
255;0
256;0
257;2
258;2
259;2
260;0
261;0
262;0
263;0
264;0
265;0
266;1
267;0
268;0
269;0
270;0
271;0
272;0
273;0
274;0
275;0
276;0
277;0
278;2
279;0
280;2
281;2
282;0
283;1
284;1
285;0
286;0
287;2
288;2
289;0
290;0
291;1
292;0
293;2
294;0
295;2
296;1
297;0
298;0
299;0
300;2
301;0
302;1
303;0
304;0
305;2
306;2
307;0
308;0
309;0
310;0
311;0
312;1
313;0
314;1
315;0
316;2
317;0
318;1
319;0
320;0
321;0
322;0
323;1
324;0
325;0
326;2
327;2
328;2
329;0
330;1
331;0
332;0
333;1
334;0
335;0
336;0
337;1
338;0
339;0
340;2
341;0
342;0
343;0
344;2
345;2
346;2
347;0
348;2
349;0
350;0
351;1
352;0
353;0
354;0
355;0
356;0
357;1
358;0
359;0
360;0
361;0
362;0
363;0
364;0
365;0
366;1
367;0
368;2
369;2
370;2
371;1
372;0
373;0
374;0
375;0
376;0
377;0
378;0
379;0
380;0
381;0
382;0
383;0
384;2
385;0
386;0
387;2
388;1
389;0
390;2
391;0
392;0
393;0
394;2
395;0
396;0
397;0
398;2
399;0
400;0
401;0
402;0
403;0
404;0
405;1
406;0
407;2
408;0
409;0
410;1
411;0
412;2
413;0
414;0
415;0
416;0
417;0
418;0
419;0
420;0
421;2
422;0
423;0
424;0
425;2
426;2
427;0
428;0
429;0
430;2
431;2
432;0
433;0
434;0
435;2
436;1
437;0
438;2
439;1
440;0
441;0
442;2
443;0
444;0
445;0
446;0
447;2
448;0
449;2
450;0
451;0
452;1
453;0
454;0
455;0
456;0
457;1
458;1
459;0
460;0
461;1
462;2
463;2
464;1
465;0
466;2
467;2
468;0
469;1
470;1
471;0
472;0
473;0
474;0
475;2
476;1
477;0
478;0
479;0
480;0
481;0
482;1
483;1
484;2
485;2
486;2
487;0
488;1
489;0
490;0
491;0
492;0
493;2
494;0
495;0
496;0
497;0
498;0
499;1
500;0
501;0
502;1
503;0
504;0
505;0
506;0
507;0
508;2
509;1
510;0
511;0
512;0
513;1
514;0
515;2
516;0
517;0
518;0
519;1
520;0
521;1
522;0
523;2
524;0
525;0
526;2
527;2
528;2
529;0
530;0
531;0
532;1
533;0
534;2
535;0
536;0
537;0
538;0
539;2
540;0
541;0
542;0
543;0
544;0
545;0
546;0
547;0
548;0
549;0
550;0
551;0
552;2
553;0
554;2
555;1
556;0
557;0
558;0
559;0
560;0
561;0
562;0
563;0
564;1
565;0
566;0
567;0
568;0
569;0
570;0
571;0
572;1
573;0
574;0
575;0
576;0
577;0
578;2
579;0
580;0
581;0
582;2
583;2
584;1
585;2
586;0
587;0
588;0
589;0
590;0
591;0
592;0
593;2
594;0
595;0
596;0
597;0
598;0
599;0
600;0
601;0
602;0
603;2
604;0
605;2
606;1
607;0
608;0
609;2
610;0
611;0
612;0
613;0
614;0
615;1
616;2
617;0
618;0
619;2
620;2
621;2
622;0
623;0
624;2
625;2
626;2
627;0
628;1
629;0
630;2
631;2
632;0
633;1
634;0
635;0
636;1
637;0
638;0
639;0
640;2
641;0
642;0
643;0
644;0
645;0
646;0
647;0
648;0
649;0
650;0
651;0
652;0
653;2
654;0
655;0
656;1
657;0
658;0
659;0
660;0
661;0
662;2
663;1
664;0
665;0
666;0
667;1
668;1
669;2
670;2
671;0
672;2
673;0
674;1
675;2
676;0
677;2
678;0
679;1
680;0
681;0
682;0
683;0
684;0
685;0
686;0
687;2
688;0
689;0
690;1
691;0
692;1
693;0
694;1
695;0
696;2
697;1
698;0
699;1
700;0
701;2
702;0
703;0
704;0
705;0
706;0
707;0
708;0
709;0
710;0
711;2
712;2
713;0
714;0
715;0
716;2
717;2
718;1
719;2
720;0
721;0
722;0
723;2
724;1
725;0
726;0
727;2
728;0
729;0
730;0
731;0
732;1
733;0
734;2
735;1
736;0
737;1
738;1
739;0
740;2
741;0
742;2
743;0
744;0
745;0
746;0
747;0
748;0
749;0
750;1
751;0
752;0
753;0
754;0
755;0
756;0
757;2
758;1
759;0
760;0
761;0
762;0
763;0
764;0
765;0
766;1
767;1
768;0
769;0
770;0
771;0
772;0
773;0
774;0
775;0
776;0
777;1
778;0
779;2
780;0
781;2
782;1
783;0
784;0
785;0
786;0
787;0
788;0
789;2
790;2
791;0
792;2
793;0
794;2
795;0
796;0
797;0
798;1
799;0
800;0
801;0
802;0
803;0
804;0
805;0
806;1
807;0
808;1
809;0
810;0
811;2
812;0
813;0
814;2
815;2
816;2
817;0
818;2
819;2
820;0
821;1
822;0
823;2
824;2
825;0
826;0
827;0
828;0
829;0
830;1
831;2
832;0
833;0
834;2
835;0
836;0
837;0
838;1
839;1
840;0
841;0
842;0
843;0
844;0
845;1
846;0
847;0
848;1
849;0
850;0
851;0
852;0
853;0
854;0
855;0
856;0
857;2
858;2
859;1
860;0
861;0
862;0
863;0
864;1
865;0
866;0
867;0
868;0
869;0
870;2
871;0
872;1
873;2
874;0
875;0
876;0
877;0
878;0
879;2
880;0
881;0
882;0
883;0
884;0
885;0
886;0
887;0
888;0
889;0
890;0
891;0
892;0
893;0
894;0
895;0
896;0
897;2
898;0
899;2
900;2
901;0
902;2
903;0
904;2
905;0
906;2
907;0
908;2
909;1
910;2
911;0
912;2
913;1
914;0
915;0
916;0
917;0
918;0
919;0
920;0
921;0
922;0
923;0
924;0
925;0
926;0
927;0
928;0
929;1
930;0
931;0
932;0
933;0
934;1
935;0
936;1
937;0
938;1
939;0
940;0
941;0
942;0
943;0
944;4
945;0
946;0
947;1
948;0
949;1
950;0
951;0
952;2
953;0
954;2
955;0
956;2
957;0
958;0
959;0
960;0
961;0
962;0
963;0
964;0
965;0
966;0
967;2
968;0
969;0
970;0
971;0
972;2
973;2
974;0
975;0
976;0
977;0
978;1
979;0
980;0
981;0
982;1
983;0
984;2
985;2
986;2
987;2
988;1
989;0
990;0
991;0
992;1
993;2
994;2
995;2
996;1
997;0
998;0
999;0
1000;2
1001;0
1002;0
1003;0
1004;0
1005;1
1006;0
1007;0
1008;1
1009;0
1010;0
1011;0
1012;0
1013;0
1014;0
1015;0
1016;0
1017;0
1018;0
1019;0
1020;0
1021;0
1022;0
1023;0
