0;0
1;0
2;0
3;0
4;4
5;0
6;0
7;1
8;0
9;2
10;0
11;0
12;2
13;0
14;0
15;2
16;0
17;2
18;0
19;0
20;0
21;0
22;0
23;0
24;0
25;2
26;0
27;0
28;0
29;0
30;0
31;0
32;0
33;1
34;0
35;0
36;0
37;2
38;0
39;1
40;0
41;2
42;0
43;2
44;0
45;0
46;0
47;1
48;0
49;0
50;0
51;2
52;0
53;0
54;2
55;0
56;2
57;0
58;2
59;2
60;2
61;0
62;0
63;1
64;0
65;0
66;1
67;0
68;1
69;0
70;0
71;0
72;0
73;0
74;1
75;0
76;0
77;0
78;0
79;0
80;0
81;0
82;0
83;0
84;0
85;0
86;1
87;0
88;1
89;0
90;0
91;0
92;0
93;0
94;0
95;0
96;1
97;0
98;0
99;0
100;1
101;2
102;2
103;2
104;2
105;0
106;1
107;2
108;0
109;0
110;0
111;2
112;2
113;0
114;0
115;0
116;0
117;0
118;1
119;0
120;1
121;0
122;2
123;0
124;2
125;0
126;0
127;0
128;0
129;2
130;1
131;0
132;0
133;0
134;0
135;0
136;0
137;0
138;0
139;0
140;0
141;0
142;0
143;2
144;0
145;0
146;0
147;0
148;2
149;2
150;2
151;0
152;2
153;0
154;0
155;0
156;0
157;0
158;0
159;1
160;0
161;0
162;1
163;0
164;1
165;2
166;0
167;0
168;0
169;0
170;0
171;2
172;1
173;0
174;2
175;0
176;1
177;0
178;1
179;0
180;0
181;0
182;0
183;0
184;4
185;2
186;2
187;0
188;0
189;0
190;0
191;0
192;2
193;0
194;2
195;0
196;0
197;0
198;2
199;0
200;0
201;0
202;0
203;1
204;0
205;0
206;2
207;0
208;1
209;0
210;1
211;0
212;2
213;0
214;0
215;0
216;0
217;0
218;0
219;1
220;0
221;1
222;0
223;0
224;0
225;2
226;0
227;0
228;0
229;0
230;2
231;0
232;0
233;0
234;0
235;0
236;2
237;2
238;0
239;2
240;0
241;2
242;2
243;0
244;1
245;0
246;0
247;1
248;0
249;0
250;0
251;0
252;1
253;0
254;2
255;0
256;0
257;0
258;0
259;0
260;2
261;2
262;0
263;0
264;0
265;0
266;1
267;2
268;0
269;0
270;0
271;2
272;0
273;0
274;0
275;1
276;0
277;0
278;0
279;0
280;0
281;0
282;2
283;0
284;0
285;1
286;0
287;0
288;2
289;1
290;1
291;0
292;0
293;0
294;0
295;2
296;1
297;1
298;0
299;0
300;0
301;0
302;0
303;0
304;0
305;0
306;0
307;2
308;0
309;0
310;2
311;1
312;0
313;0
314;0
315;0
316;0
317;0
318;0
319;0
320;0
321;0
322;0
323;1
324;0
325;0
326;2
327;0
328;0
329;0
330;0
331;2
332;1
333;0
334;0
335;0
336;0
337;0
338;0
339;0
340;0
341;0
342;0
343;0
344;1
345;0
346;0
347;0
348;2
349;2
350;0
351;0
352;2
353;0
354;0
355;0
356;2
357;0
358;0
359;0
360;0
361;0
362;0
363;0
364;0
365;0
366;0
367;0
368;0
369;0
370;2
371;0
372;0
373;0
374;0
375;0
376;2
377;0
378;2
379;0
380;2
381;0
382;0
383;0
384;2
385;0
386;2
387;0
388;0
389;2
390;1
391;1
392;1
393;0
394;0
395;2
396;0
397;2
398;0
399;0
400;0
401;1
402;0
403;0
404;0
405;0
406;0
407;0
408;0
409;0
410;0
411;0
412;1
413;0
414;0
415;1
416;0
417;0
418;1
419;0
420;0
421;0
422;2
423;1
424;0
425;0
426;0
427;0
428;0
429;2
430;0
431;2
432;2
433;0
434;0
435;0
436;1
437;0
438;0
439;2
440;2
441;2
442;2
443;2
444;0
445;0
446;0
447;2
448;0
449;0
450;0
451;0
452;0
453;0
454;0
455;1
456;0
457;0
458;1
459;0
460;0
461;2
462;0
463;0
464;1
465;0
466;0
467;1
468;0
469;1
470;0
471;2
472;2
473;2
474;2
475;1
476;0
477;0
478;2
479;0
480;0
481;0
482;0
483;0
484;0
485;0
486;1
487;0
488;0
489;0
490;2
491;0
492;1
493;0
494;0
495;0
496;0
497;2
498;0
499;0
500;0
501;1
502;0
503;0
504;0
505;1
506;1
507;0
508;0
509;0
510;0
511;0
512;0
513;0
514;0
515;0
516;0
517;0
518;0
519;0
520;2
521;1
522;0
523;1
524;0
525;0
526;1
527;0
528;0
529;0
530;1
531;0
532;2
533;0
534;0
535;2
536;0
537;0
538;0
539;0
540;0
541;0
542;0
543;0
544;0
545;1
546;0
547;1
548;1
549;0
550;0
551;0
552;2
553;0
554;0
555;0
556;0
557;0
558;2
559;0
560;2
561;0
562;1
563;0
564;1
565;0
566;0
567;2
568;2
569;0
570;2
571;0
572;2
573;0
574;0
575;2
576;0
577;0
578;2
579;2
580;0
581;0
582;0
583;2
584;2
585;0
586;2
587;2
588;2
589;0
590;0
591;0
592;0
593;0
594;0
595;0
596;0
597;0
598;2
599;1
600;1
601;0
602;0
603;0
604;0
605;0
606;0
607;1
608;0
609;2
610;2
611;2
612;1
613;1
614;0
615;1
616;2
617;0
618;0
619;2
620;2
621;2
622;2
623;0
624;2
625;1
626;0
627;2
628;0
629;0
630;0
631;0
632;0
633;1
634;0
635;0
636;1
637;0
638;0
639;0
640;1
641;0
642;0
643;0
644;1
645;0
646;0
647;0
648;2
649;1
650;0
651;0
652;0
653;2
654;0
655;2
656;0
657;0
658;0
659;0
660;2
661;1
662;0
663;0
664;0
665;0
666;0
667;0
668;0
669;0
670;2
671;2
672;0
673;0
674;2
675;0
676;1
677;2
678;0
679;0
680;0
681;0
682;0
683;1
684;0
685;1
686;0
687;0
688;0
689;0
690;0
691;0
692;1
693;0
694;2
695;0
696;0
697;0
698;0
699;0
700;0
701;0
702;0
703;2
704;1
705;1
706;2
707;0
708;0
709;2
710;2
711;2
712;0
713;0
714;0
715;0
716;0
717;0
718;2
719;0
720;2
721;0
722;0
723;0
724;1
725;0
726;0
727;0
728;1
729;1
730;2
731;0
732;0
733;2
734;0
735;0
736;2
737;0
738;0
739;0
740;0
741;0
742;0
743;1
744;1
745;0
746;0
747;2
748;0
749;0
750;0
751;0
752;0
753;0
754;1
755;1
756;0
757;0
758;0
759;0
760;0
761;0
762;2
763;2
764;0
765;0
766;0
767;2
768;2
769;0
770;0
771;0
772;2
773;0
774;0
775;0
776;2
777;0
778;0
779;0
780;0
781;0
782;2
783;0
784;2
785;2
786;0
787;0
788;1
789;1
790;2
791;0
792;0
793;0
794;0
795;0
796;0
797;0
798;0
799;2
800;0
801;0
802;0
803;1
804;0
805;0
806;0
807;2
808;2
809;0
810;0
811;1
812;0
813;0
814;0
815;0
816;2
817;0
818;2
819;0
820;0
821;2
822;0
823;0
824;1
825;0
826;0
827;2
828;0
829;0
830;2
831;0
832;0
833;0
834;0
835;0
836;0
837;0
838;0
839;0
840;1
841;0
842;0
843;0
844;0
845;2
846;2
847;1
848;0
849;0
850;0
851;0
852;1
853;0
854;0
855;0
856;0
857;0
858;0
859;0
860;0
861;0
862;0
863;0
864;2
865;0
866;0
867;1
868;0
869;2
870;2
871;1
872;0
873;0
874;0
875;0
876;0
877;0
878;0
879;1
880;0
881;0
882;0
883;0
884;0
885;0
886;2
887;2
888;1
889;0
890;0
891;2
892;0
893;0
894;0
895;0
896;2
897;0
898;0
899;0
900;2
901;2
902;1
903;0
904;0
905;0
906;0
907;1
908;0
909;0
910;0
911;2
912;2
913;0
914;2
915;0
916;0
917;0
918;0
919;0
920;1
921;0
922;2
923;2
924;0
925;0
926;1
927;0
928;2
929;0
930;0
931;0
932;0
933;2
934;0
935;0
936;0
937;0
938;0
939;0
940;0
941;0
942;1
943;0
944;1
945;0
946;0
947;1
948;0
949;0
950;0
951;0
952;0
953;0
954;0
955;0
956;1
957;0
958;0
959;2
960;2
961;0
962;2
963;0
964;0
965;0
966;2
967;0
968;2
969;0
970;0
971;2
972;1
973;0
974;0
975;0
976;1
977;0
978;0
979;1
980;0
981;0
982;0
983;1
984;0
985;0
986;0
987;0
988;0
989;0
990;0
991;0
992;0
993;0
994;0
995;0
996;1
997;0
998;0
999;0
1000;0
1001;0
1002;0
1003;1
1004;0
1005;2
1006;0
1007;2
1008;2
1009;0
1010;0
1011;0
1012;1
1013;1
1014;0
1015;0
1016;0
1017;0
1018;0
1019;0
1020;0
1021;0
1022;0
1023;0
