0;1
1;0
2;0
3;0
4;2
5;2
6;0
7;2
8;0
9;0
10;2
11;0
12;1
13;0
14;0
15;2
16;0
17;0
18;1
19;0
20;0
21;0
22;1
23;0
24;0
25;0
26;0
27;1
28;0
29;0
30;0
31;0
32;0
33;0
34;1
35;0
36;0
37;1
38;0
39;1
40;0
41;2
42;1
43;0
44;1
45;0
46;1
47;0
48;0
49;0
50;0
51;0
52;2
53;0
54;2
55;0
56;0
57;0
58;2
59;0
60;0
61;0
62;0
63;0
64;0
65;0
66;0
67;0
68;0
69;1
70;0
71;0
72;0
73;0
74;0
75;0
76;0
77;0
78;0
79;0
80;0
81;0
82;0
83;2
84;2
85;1
86;0
87;0
88;1
89;2
90;0
91;0
92;0
93;0
94;0
95;0
96;0
97;0
98;1
99;0
100;0
101;0
102;0
103;0
104;2
105;0
106;2
107;0
108;0
109;0
110;0
111;0
112;0
113;0
114;2
115;0
116;0
117;0
118;0
119;0
120;0
121;0
122;0
123;0
124;0
125;0
126;2
127;0
128;0
129;0
130;2
131;0
132;0
133;0
134;0
135;0
136;0
137;0
138;0
139;1
140;2
141;1
142;0
143;0
144;0
145;0
146;0
147;0
148;0
149;0
150;0
151;0
152;2
153;0
154;0
155;1
156;0
157;1
158;0
159;0
160;2
161;0
162;0
163;0
164;1
165;0
166;0
167;0
168;0
169;0
170;0
171;0
172;0
173;0
174;0
175;0
176;0
177;0
178;0
179;0
180;1
181;0
182;0
183;2
184;1
185;0
186;0
187;0
188;0
189;0
190;2
191;0
192;0
193;0
194;0
195;0
196;0
197;0
198;0
199;0
200;2
201;0
202;0
203;0
204;0
205;0
206;0
207;0
208;1
209;1
210;0
211;2
212;2
213;2
214;0
215;0
216;0
217;0
218;0
219;0
220;2
221;0
222;0
223;0
224;0
225;1
226;0
227;0
228;1
229;2
230;2
231;0
232;0
233;0
234;0
235;0
236;0
237;0
238;2
239;2
240;0
241;0
242;1
243;0
244;0
245;0
246;0
247;0
248;0
249;0
250;0
251;0
252;0
253;1
254;0
255;0
256;2
257;1
258;0
259;0
260;0
261;0
262;1
263;0
264;0
265;1
266;0
267;0
268;0
269;1
270;0
271;0
272;0
273;0
274;0
275;1
276;0
277;0
278;0
279;2
280;0
281;0
282;0
283;0
284;1
285;0
286;0
287;0
288;2
289;2
290;0
291;2
292;0
293;0
294;0
295;0
296;2
297;1
298;0
299;0
300;2
301;0
302;1
303;0
304;1
305;0
306;1
307;2
308;2
309;0
310;0
311;1
312;0
313;0
314;0
315;2
316;0
317;0
318;0
319;1
320;0
321;1
322;0
323;0
324;0
325;0
326;0
327;0
328;1
329;0
330;0
331;0
332;0
333;0
334;0
335;0
336;0
337;0
338;0
339;0
340;1
341;0
342;0
343;0
344;0
345;0
346;2
347;0
348;0
349;0
350;0
351;2
352;2
353;1
354;0
355;0
356;0
357;0
358;2
359;0
360;0
361;0
362;0
363;0
364;2
365;2
366;0
367;2
368;0
369;0
370;0
371;0
372;0
373;0
374;2
375;0
376;0
377;0
378;0
379;2
380;1
381;2
382;2
383;0
384;0
385;2
386;0
387;0
388;0
389;0
390;0
391;1
392;0
393;0
394;0
395;0
396;0
397;0
398;0
399;0
400;0
401;0
402;0
403;0
404;0
405;0
406;2
407;2
408;0
409;2
410;0
411;0
412;0
413;0
414;0
415;1
416;0
417;0
418;1
419;2
420;1
421;1
422;0
423;0
424;0
425;0
426;0
427;2
428;2
429;0
430;0
431;0
432;0
433;0
434;0
435;2
436;0
437;2
438;0
439;0
440;0
441;0
442;2
443;1
444;0
445;1
446;2
447;0
448;0
449;0
450;0
451;0
452;0
453;0
454;0
455;0
456;0
457;0
458;0
459;0
460;0
461;1
462;0
463;2
464;1
465;0
466;0
467;2
468;0
469;2
470;2
471;1
472;0
473;2
474;0
475;1
476;0
477;1
478;1
479;0
480;0
481;0
482;0
483;0
484;0
485;0
486;2
487;0
488;2
489;0
490;0
491;2
492;0
493;0
494;0
495;2
496;2
497;1
498;0
499;0
500;0
501;0
502;0
503;0
504;1
505;2
506;1
507;0
508;0
509;1
510;2
511;1
512;0
513;2
514;0
515;0
516;0
517;0
518;0
519;0
520;2
521;2
522;1
523;0
524;2
525;0
526;0
527;0
528;0
529;2
530;0
531;0
532;0
533;0
534;0
535;1
536;0
537;0
538;0
539;0
540;0
541;0
542;0
543;0
544;0
545;1
546;0
547;1
548;0
549;2
550;1
551;0
552;0
553;0
554;0
555;1
556;1
557;0
558;2
559;0
560;0
561;0
562;0
563;2
564;0
565;0
566;0
567;2
568;1
569;1
570;0
571;0
572;0
573;0
574;1
575;0
576;0
577;0
578;0
579;0
580;2
581;2
582;1
583;0
584;1
585;0
586;0
587;1
588;2
589;0
590;0
591;0
592;0
593;0
594;2
595;0
596;0
597;0
598;0
599;0
600;1
601;0
602;2
603;0
604;0
605;2
606;2
607;2
608;0
609;1
610;0
611;2
612;0
613;0
614;2
615;2
616;2
617;0
618;0
619;0
620;1
621;0
622;2
623;0
624;0
625;0
626;0
627;1
628;0
629;0
630;0
631;2
632;0
633;0
634;0
635;0
636;1
637;0
638;0
639;0
640;0
641;0
642;2
643;0
644;0
645;1
646;0
647;1
648;0
649;0
650;0
651;2
652;2
653;0
654;0
655;1
656;0
657;0
658;0
659;0
660;0
661;0
662;2
663;0
664;0
665;1
666;2
667;2
668;0
669;0
670;1
671;0
672;0
673;2
674;0
675;0
676;0
677;1
678;0
679;0
680;0
681;0
682;0
683;2
684;0
685;0
686;1
687;0
688;2
689;0
690;0
691;0
692;0
693;0
694;0
695;0
696;0
697;0
698;2
699;0
700;0
701;0
702;2
703;0
704;0
705;0
706;0
707;2
708;2
709;2
710;0
711;0
712;0
713;0
714;0
715;0
716;0
717;0
718;1
719;2
720;1
721;0
722;0
723;0
724;0
725;0
726;0
727;0
728;1
729;0
730;1
731;0
732;1
733;1
734;0
735;1
736;0
737;0
738;0
739;1
740;1
741;0
742;0
743;1
744;2
745;0
746;0
747;1
748;0
749;2
750;0
751;0
752;0
753;0
754;0
755;0
756;0
757;0
758;0
759;0
760;2
761;0
762;0
763;2
764;1
765;0
766;0
767;0
768;0
769;0
770;0
771;0
772;1
773;0
774;2
775;2
776;0
777;0
778;2
779;0
780;1
781;0
782;0
783;1
784;0
785;0
786;0
787;0
788;0
789;0
790;0
791;0
792;0
793;2
794;0
795;0
796;0
797;0
798;1
799;0
800;0
801;0
802;0
803;0
804;0
805;0
806;2
807;0
808;0
809;0
810;0
811;0
812;0
813;1
814;2
815;0
816;2
817;2
818;0
819;0
820;2
821;0
822;1
823;0
824;0
825;0
826;2
827;0
828;2
829;0
830;0
831;0
832;0
833;0
834;0
835;0
836;0
837;0
838;0
839;0
840;1
841;2
842;0
843;0
844;0
845;0
846;0
847;0
848;0
849;0
850;0
851;0
852;0
853;0
854;2
855;1
856;1
857;2
858;2
859;0
860;1
861;2
862;1
863;1
864;2
865;2
866;0
867;1
868;0
869;0
870;1
871;0
872;1
873;0
874;0
875;2
876;0
877;0
878;0
879;0
880;0
881;1
882;0
883;0
884;0
885;2
886;0
887;0
888;0
889;2
890;0
891;2
892;1
893;2
894;0
895;0
896;0
897;0
898;1
899;1
900;0
901;0
902;0
903;2
904;0
905;0
906;1
907;0
908;0
909;0
910;0
911;0
912;0
913;0
914;1
915;2
916;1
917;0
918;0
919;0
920;0
921;1
922;0
923;0
924;2
925;0
926;2
927;2
928;1
929;1
930;0
931;2
932;0
933;0
934;0
935;1
936;2
937;0
938;1
939;0
940;1
941;0
942;1
943;0
944;0
945;0
946;0
947;2
948;2
949;0
950;0
951;0
952;0
953;0
954;0
955;0
956;0
957;0
958;1
959;0
960;1
961;0
962;2
963;1
964;0
965;2
966;1
967;0
968;1
969;0
970;0
971;2
972;1
973;2
974;0
975;0
976;0
977;0
978;0
979;0
980;0
981;1
982;1
983;0
984;0
985;1
986;1
987;0
988;1
989;0
990;2
991;0
992;0
993;0
994;0
995;2
996;0
997;0
998;0
999;0
1000;0
1001;0
1002;1
1003;0
1004;0
1005;0
1006;0
1007;2
1008;0
1009;0
1010;0
1011;0
1012;0
1013;0
1014;1
1015;0
1016;0
1017;0
1018;0
1019;0
1020;0
1021;0
1022;0
1023;0
