0;0
1;0
2;1
3;0
4;0
5;0
6;0
7;0
8;0
9;0
10;0
11;0
12;0
13;0
14;0
15;0
16;1
17;0
18;0
19;0
20;0
21;0
22;0
23;1
24;2
25;1
26;0
27;0
28;1
29;0
30;0
31;0
32;0
33;2
34;1
35;0
36;0
37;0
38;1
39;0
40;0
41;0
42;0
43;0
44;0
45;2
46;2
47;0
48;1
49;0
50;0
51;0
52;1
53;0
54;2
55;0
56;0
57;0
58;0
59;0
60;0
61;0
62;0
63;0
64;0
65;0
66;2
67;1
68;0
69;0
70;0
71;2
72;1
73;0
74;0
75;0
76;0
77;0
78;0
79;0
80;2
81;0
82;0
83;1
84;0
85;0
86;0
87;0
88;0
89;2
90;0
91;0
92;0
93;0
94;0
95;0
96;0
97;1
98;0
99;1
100;0
101;0
102;1
103;2
104;0
105;0
106;0
107;2
108;1
109;0
110;0
111;0
112;0
113;0
114;2
115;2
116;0
117;0
118;0
119;0
120;0
121;0
122;0
123;0
124;0
125;0
126;0
127;2
128;0
129;0
130;0
131;0
132;2
133;0
134;0
135;0
136;0
137;1
138;1
139;0
140;2
141;0
142;0
143;0
144;1
145;0
146;0
147;2
148;0
149;0
150;1
151;0
152;2
153;0
154;0
155;1
156;0
157;0
158;0
159;1
160;0
161;0
162;1
163;0
164;0
165;0
166;0
167;0
168;0
169;0
170;0
171;0
172;0
173;0
174;0
175;0
176;0
177;0
178;0
179;0
180;0
181;0
182;0
183;0
184;0
185;0
186;1
187;0
188;0
189;0
190;0
191;0
192;0
193;1
194;0
195;0
196;1
197;0
198;2
199;0
200;0
201;2
202;0
203;0
204;0
205;0
206;0
207;0
208;2
209;1
210;0
211;2
212;0
213;0
214;0
215;0
216;0
217;1
218;0
219;0
220;0
221;1
222;0
223;1
224;0
225;0
226;1
227;2
228;2
229;2
230;2
231;0
232;0
233;0
234;2
235;0
236;0
237;0
238;0
239;0
240;0
241;2
242;0
243;0
244;2
245;2
246;0
247;0
248;1
249;0
250;0
251;0
252;2
253;0
254;0
255;0
256;0
257;0
258;0
259;2
260;1
261;0
262;0
263;2
264;0
265;0
266;0
267;0
268;0
269;0
270;2
271;0
272;0
273;0
274;0
275;0
276;0
277;2
278;2
279;0
280;0
281;1
282;0
283;0
284;0
285;2
286;0
287;0
288;0
289;0
290;0
291;0
292;1
293;0
294;0
295;0
296;0
297;0
298;0
299;0
300;0
301;0
302;2
303;0
304;0
305;1
306;0
307;0
308;0
309;2
310;0
311;0
312;1
313;0
314;0
315;0
316;1
317;0
318;0
319;0
320;2
321;0
322;0
323;0
324;0
325;0
326;2
327;1
328;0
329;0
330;0
331;0
332;0
333;0
334;2
335;0
336;0
337;0
338;1
339;1
340;2
341;0
342;1
343;0
344;2
345;0
346;0
347;1
348;0
349;0
350;0
351;1
352;0
353;0
354;1
355;2
356;0
357;0
358;0
359;0
360;0
361;0
362;1
363;2
364;2
365;2
366;0
367;0
368;0
369;2
370;0
371;0
372;0
373;0
374;0
375;2
376;1
377;1
378;2
379;0
380;0
381;0
382;0
383;1
384;0
385;0
386;0
387;0
388;0
389;0
390;1
391;0
392;0
393;0
394;0
395;0
396;1
397;1
398;0
399;0
400;0
401;0
402;0
403;2
404;1
405;0
406;0
407;0
408;0
409;0
410;0
411;0
412;0
413;0
414;0
415;0
416;0
417;0
418;0
419;0
420;0
421;0
422;0
423;0
424;0
425;0
426;0
427;0
428;0
429;0
430;0
431;2
432;0
433;0
434;0
435;0
436;0
437;0
438;0
439;0
440;1
441;0
442;1
443;0
444;0
445;0
446;1
447;0
448;0
449;0
450;2
451;2
452;1
453;0
454;1
455;0
456;2
457;2
458;0
459;0
460;0
461;0
462;0
463;2
464;2
465;0
466;0
467;1
468;1
469;0
470;0
471;0
472;1
473;1
474;1
475;0
476;2
477;1
478;0
479;2
480;0
481;1
482;0
483;0
484;0
485;1
486;2
487;0
488;0
489;2
490;0
491;0
492;0
493;0
494;0
495;2
496;0
497;0
498;0
499;0
500;0
501;0
502;0
503;0
504;0
505;0
506;0
507;0
508;0
509;0
510;0
511;0
512;0
513;0
514;2
515;1
516;1
517;0
518;0
519;0
520;0
521;0
522;0
523;0
524;0
525;0
526;0
527;2
528;0
529;2
530;0
531;0
532;1
533;0
534;2
535;2
536;0
537;0
538;0
539;0
540;0
541;1
542;0
543;0
544;0
545;0
546;2
547;1
548;0
549;0
550;1
551;0
552;0
553;1
554;0
555;0
556;0
557;0
558;0
559;0
560;1
561;0
562;0
563;2
564;0
565;0
566;0
567;0
568;1
569;2
570;2
571;1
572;0
573;0
574;0
575;0
576;0
577;0
578;0
579;0
580;0
581;0
582;0
583;1
584;0
585;1
586;2
587;0
588;0
589;0
590;0
591;1
592;0
593;0
594;2
595;0
596;0
597;0
598;0
599;0
600;0
601;0
602;2
603;2
604;0
605;0
606;1
607;0
608;0
609;0
610;0
611;2
612;0
613;0
614;0
615;0
616;0
617;0
618;0
619;0
620;0
621;0
622;0
623;0
624;0
625;2
626;2
627;0
628;0
629;0
630;2
631;1
632;0
633;2
634;0
635;0
636;2
637;0
638;0
639;0
640;0
641;0
642;0
643;0
644;0
645;2
646;1
647;0
648;2
649;0
650;0
651;0
652;2
653;0
654;0
655;0
656;1
657;0
658;0
659;2
660;0
661;0
662;0
663;0
664;0
665;0
666;2
667;0
668;1
669;0
670;0
671;0
672;0
673;0
674;0
675;0
676;0
677;0
678;2
679;0
680;0
681;0
682;0
683;0
684;0
685;0
686;0
687;0
688;0
689;2
690;0
691;0
692;0
693;0
694;0
695;0
696;0
697;0
698;0
699;0
700;0
701;2
702;0
703;0
704;0
705;1
706;0
707;2
708;0
709;0
710;0
711;0
712;0
713;2
714;1
715;0
716;0
717;1
718;1
719;2
720;0
721;1
722;0
723;2
724;2
725;0
726;2
727;0
728;2
729;0
730;0
731;2
732;0
733;1
734;1
735;2
736;1
737;1
738;0
739;2
740;0
741;0
742;2
743;0
744;2
745;1
746;0
747;0
748;1
749;0
750;0
751;0
752;0
753;0
754;0
755;0
756;2
757;0
758;1
759;1
760;0
761;0
762;0
763;0
764;0
765;1
766;0
767;1
768;2
769;2
770;0
771;0
772;0
773;0
774;0
775;0
776;0
777;0
778;0
779;0
780;1
781;0
782;0
783;0
784;1
785;2
786;0
787;0
788;0
789;0
790;0
791;0
792;0
793;0
794;0
795;0
796;0
797;0
798;0
799;2
800;1
801;1
802;0
803;0
804;0
805;0
806;1
807;0
808;0
809;0
810;0
811;2
812;0
813;0
814;0
815;0
816;0
817;0
818;0
819;0
820;2
821;0
822;0
823;0
824;0
825;0
826;2
827;0
828;0
829;0
830;1
831;2
832;0
833;2
834;0
835;0
836;0
837;0
838;0
839;0
840;0
841;1
842;0
843;0
844;2
845;1
846;1
847;0
848;0
849;0
850;0
851;0
852;0
853;0
854;1
855;0
856;0
857;0
858;0
859;1
860;0
861;0
862;2
863;0
864;0
865;0
866;0
867;2
868;0
869;0
870;0
871;0
872;0
873;0
874;0
875;1
876;0
877;2
878;0
879;1
880;0
881;0
882;1
883;1
884;0
885;0
886;1
887;2
888;0
889;0
890;1
891;0
892;1
893;0
894;1
895;0
896;1
897;2
898;0
899;0
900;0
901;1
902;1
903;0
904;1
905;2
906;1
907;0
908;1
909;0
910;2
911;2
912;0
913;0
914;0
915;0
916;0
917;0
918;0
919;0
920;0
921;2
922;0
923;0
924;0
925;0
926;1
927;2
928;1
929;0
930;0
931;0
932;0
933;2
934;0
935;0
936;2
937;0
938;0
939;0
940;0
941;0
942;0
943;2
944;0
945;0
946;0
947;2
948;0
949;0
950;0
951;0
952;1
953;0
954;0
955;0
956;2
957;0
958;0
959;0
960;2
961;0
962;0
963;0
964;0
965;0
966;1
967;0
968;0
969;0
970;0
971;0
972;0
973;0
974;0
975;0
976;0
977;0
978;0
979;1
980;0
981;0
982;2
983;0
984;0
985;0
986;0
987;0
988;0
989;0
990;0
991;0
992;1
993;0
994;0
995;0
996;0
997;0
998;0
999;0
1000;1
1001;0
1002;0
1003;1
1004;0
1005;0
1006;2
1007;0
1008;0
1009;0
1010;0
1011;0
1012;1
1013;0
1014;0
1015;0
1016;0
1017;0
1018;0
1019;0
1020;0
1021;0
1022;0
1023;0
