0;0
1;0
2;0
3;1
4;0
5;1
6;0
7;2
8;0
9;0
10;0
11;1
12;0
13;0
14;0
15;0
16;1
17;2
18;0
19;0
20;0
21;0
22;0
23;0
24;0
25;0
26;0
27;1
28;1
29;0
30;0
31;0
32;0
33;1
34;0
35;0
36;0
37;0
38;0
39;0
40;0
41;2
42;0
43;0
44;0
45;0
46;0
47;2
48;0
49;0
50;0
51;0
52;0
53;2
54;0
55;2
56;2
57;0
58;1
59;0
60;0
61;0
62;0
63;1
64;0
65;0
66;0
67;2
68;0
69;0
70;0
71;0
72;0
73;0
74;1
75;0
76;2
77;0
78;0
79;2
80;0
81;0
82;1
83;2
84;0
85;0
86;0
87;0
88;0
89;0
90;0
91;0
92;0
93;0
94;0
95;0
96;2
97;0
98;0
99;0
100;1
101;0
102;1
103;0
104;1
105;0
106;0
107;0
108;2
109;0
110;0
111;0
112;0
113;0
114;2
115;0
116;0
117;1
118;0
119;2
120;0
121;0
122;1
123;2
124;0
125;0
126;2
127;0
128;0
129;0
130;0
131;0
132;0
133;1
134;0
135;1
136;1
137;0
138;0
139;0
140;0
141;0
142;0
143;0
144;2
145;1
146;0
147;1
148;0
149;0
150;0
151;0
152;0
153;0
154;0
155;0
156;0
157;0
158;2
159;0
160;1
161;0
162;0
163;0
164;0
165;0
166;0
167;1
168;0
169;0
170;1
171;0
172;0
173;0
174;0
175;0
176;0
177;2
178;0
179;0
180;0
181;0
182;0
183;0
184;2
185;0
186;2
187;0
188;0
189;2
190;0
191;0
192;0
193;0
194;0
195;1
196;0
197;0
198;0
199;0
200;0
201;2
202;1
203;1
204;0
205;1
206;2
207;0
208;0
209;0
210;1
211;0
212;0
213;0
214;0
215;0
216;1
217;0
218;0
219;0
220;1
221;0
222;2
223;0
224;0
225;0
226;0
227;0
228;0
229;0
230;0
231;0
232;0
233;0
234;0
235;0
236;0
237;0
238;0
239;0
240;1
241;1
242;0
243;0
244;0
245;1
246;0
247;1
248;0
249;0
250;1
251;0
252;1
253;0
254;0
255;0
256;0
257;0
258;1
259;2
260;0
261;0
262;1
263;0
264;0
265;1
266;0
267;0
268;1
269;1
270;0
271;0
272;0
273;1
274;0
275;0
276;0
277;0
278;0
279;0
280;0
281;0
282;0
283;0
284;0
285;0
286;0
287;0
288;0
289;0
290;0
291;0
292;2
293;0
294;0
295;1
296;0
297;0
298;1
299;0
300;2
301;0
302;0
303;0
304;1
305;2
306;1
307;0
308;2
309;2
310;0
311;0
312;0
313;0
314;0
315;1
316;2
317;0
318;0
319;0
320;0
321;2
322;2
323;2
324;1
325;0
326;2
327;1
328;0
329;1
330;0
331;0
332;0
333;0
334;0
335;0
336;0
337;0
338;1
339;0
340;1
341;1
342;0
343;0
344;0
345;0
346;1
347;0
348;0
349;0
350;0
351;0
352;0
353;0
354;0
355;2
356;2
357;0
358;0
359;1
360;1
361;0
362;0
363;0
364;0
365;0
366;0
367;0
368;2
369;0
370;2
371;0
372;1
373;0
374;0
375;0
376;0
377;0
378;0
379;0
380;2
381;2
382;1
383;0
384;0
385;0
386;0
387;0
388;0
389;0
390;2
391;2
392;0
393;0
394;1
395;0
396;1
397;0
398;0
399;0
400;0
401;0
402;0
403;1
404;0
405;0
406;0
407;0
408;0
409;1
410;0
411;0
412;0
413;0
414;0
415;0
416;0
417;0
418;0
419;0
420;0
421;0
422;0
423;0
424;1
425;0
426;0
427;0
428;0
429;0
430;2
431;0
432;0
433;1
434;0
435;2
436;2
437;0
438;2
439;1
440;0
441;2
442;1
443;0
444;0
445;2
446;0
447;0
448;0
449;0
450;0
451;0
452;2
453;0
454;2
455;0
456;2
457;0
458;1
459;1
460;0
461;1
462;0
463;1
464;0
465;0
466;0
467;0
468;0
469;0
470;0
471;0
472;1
473;2
474;0
475;0
476;2
477;0
478;0
479;2
480;0
481;0
482;0
483;2
484;0
485;2
486;1
487;0
488;0
489;0
490;2
491;0
492;1
493;0
494;0
495;0
496;2
497;0
498;0
499;0
500;0
501;2
502;1
503;0
504;0
505;0
506;0
507;0
508;0
509;0
510;0
511;2
512;2
513;0
514;0
515;2
516;0
517;0
518;0
519;0
520;0
521;1
522;0
523;0
524;0
525;0
526;0
527;1
528;0
529;2
530;0
531;0
532;2
533;2
534;0
535;0
536;0
537;0
538;0
539;0
540;0
541;0
542;0
543;0
544;1
545;0
546;0
547;0
548;0
549;0
550;2
551;2
552;0
553;0
554;0
555;1
556;2
557;2
558;0
559;2
560;2
561;0
562;0
563;2
564;0
565;1
566;0
567;0
568;0
569;0
570;2
571;0
572;0
573;0
574;0
575;1
576;0
577;0
578;2
579;0
580;0
581;0
582;0
583;0
584;0
585;0
586;0
587;2
588;0
589;1
590;0
591;1
592;0
593;0
594;1
595;0
596;1
597;1
598;0
599;0
600;1
601;2
602;0
603;0
604;0
605;0
606;0
607;0
608;0
609;0
610;1
611;0
612;1
613;0
614;0
615;0
616;0
617;0
618;1
619;0
620;0
621;2
622;0
623;0
624;0
625;2
626;2
627;2
628;0
629;0
630;0
631;0
632;0
633;0
634;0
635;1
636;0
637;2
638;2
639;1
640;0
641;2
642;0
643;0
644;0
645;0
646;0
647;2
648;2
649;2
650;0
651;1
652;0
653;1
654;2
655;2
656;2
657;0
658;0
659;0
660;0
661;0
662;2
663;0
664;2
665;1
666;0
667;0
668;0
669;0
670;2
671;0
672;0
673;0
674;0
675;0
676;0
677;2
678;0
679;0
680;0
681;0
682;0
683;0
684;0
685;0
686;0
687;1
688;0
689;0
690;0
691;0
692;0
693;2
694;0
695;2
696;0
697;1
698;0
699;0
700;0
701;0
702;0
703;0
704;0
705;0
706;0
707;1
708;0
709;0
710;0
711;0
712;0
713;0
714;0
715;0
716;1
717;2
718;2
719;0
720;0
721;0
722;0
723;0
724;0
725;2
726;1
727;0
728;0
729;0
730;0
731;2
732;0
733;0
734;0
735;0
736;0
737;0
738;2
739;0
740;0
741;0
742;1
743;0
744;0
745;0
746;2
747;2
748;2
749;2
750;0
751;0
752;1
753;0
754;0
755;2
756;1
757;0
758;0
759;0
760;2
761;2
762;0
763;0
764;0
765;0
766;0
767;0
768;0
769;0
770;0
771;0
772;0
773;1
774;0
775;0
776;2
777;0
778;2
779;2
780;0
781;2
782;0
783;2
784;0
785;0
786;0
787;0
788;0
789;0
790;0
791;2
792;1
793;0
794;0
795;0
796;2
797;2
798;0
799;1
800;0
801;0
802;0
803;0
804;0
805;0
806;0
807;0
808;2
809;0
810;1
811;0
812;1
813;0
814;0
815;0
816;0
817;0
818;0
819;0
820;0
821;0
822;0
823;2
824;0
825;0
826;0
827;2
828;0
829;0
830;0
831;0
832;0
833;0
834;2
835;0
836;0
837;0
838;0
839;0
840;0
841;0
842;0
843;1
844;0
845;0
846;0
847;0
848;0
849;0
850;0
851;0
852;0
853;0
854;0
855;0
856;0
857;2
858;0
859;1
860;2
861;2
862;0
863;2
864;0
865;0
866;0
867;0
868;0
869;2
870;0
871;0
872;1
873;0
874;1
875;0
876;2
877;0
878;0
879;0
880;0
881;2
882;0
883;0
884;0
885;0
886;0
887;0
888;0
889;2
890;2
891;1
892;0
893;0
894;0
895;2
896;1
897;0
898;1
899;1
900;0
901;0
902;0
903;1
904;0
905;0
906;0
907;0
908;2
909;0
910;0
911;0
912;0
913;0
914;0
915;2
916;2
917;0
918;0
919;0
920;0
921;2
922;0
923;0
924;2
925;2
926;2
927;0
928;0
929;0
930;0
931;2
932;0
933;0
934;0
935;0
936;1
937;2
938;2
939;2
940;0
941;0
942;0
943;0
944;2
945;1
946;0
947;0
948;1
949;0
950;1
951;0
952;1
953;2
954;0
955;0
956;0
957;1
958;0
959;0
960;1
961;2
962;0
963;0
964;0
965;0
966;0
967;0
968;0
969;0
970;0
971;1
972;0
973;0
974;0
975;0
976;1
977;0
978;0
979;0
980;0
981;0
982;0
983;0
984;2
985;0
986;0
987;0
988;1
989;1
990;0
991;0
992;1
993;0
994;0
995;0
996;0
997;0
998;2
999;1
1000;0
1001;2
1002;1
1003;0
1004;0
1005;0
1006;1
1007;0
1008;1
1009;2
1010;1
1011;0
1012;0
1013;0
1014;0
1015;0
1016;0
1017;0
1018;0
1019;0
1020;0
1021;0
1022;0
1023;0
