0;0
1;1
2;1
3;0
4;2
5;2
6;2
7;0
8;2
9;0
10;0
11;2
12;0
13;0
14;0
15;0
16;2
17;0
18;0
19;0
20;0
21;0
22;0
23;0
24;0
25;0
26;2
27;2
28;0
29;0
30;0
31;0
32;0
33;0
34;1
35;0
36;2
37;2
38;0
39;0
40;2
41;0
42;0
43;0
44;0
45;1
46;1
47;0
48;0
49;0
50;2
51;0
52;0
53;0
54;2
55;0
56;0
57;0
58;0
59;0
60;0
61;2
62;2
63;0
64;0
65;0
66;0
67;2
68;0
69;0
70;0
71;0
72;1
73;0
74;1
75;0
76;0
77;0
78;0
79;0
80;0
81;0
82;0
83;0
84;0
85;2
86;1
87;0
88;0
89;0
90;0
91;0
92;0
93;0
94;1
95;0
96;1
97;0
98;0
99;0
100;0
101;0
102;0
103;0
104;0
105;0
106;0
107;0
108;0
109;0
110;1
111;0
112;0
113;0
114;0
115;0
116;2
117;0
118;1
119;0
120;0
121;0
122;2
123;0
124;0
125;0
126;0
127;0
128;0
129;1
130;1
131;0
132;0
133;0
134;0
135;1
136;0
137;1
138;2
139;0
140;0
141;0
142;0
143;0
144;0
145;0
146;1
147;0
148;0
149;0
150;1
151;0
152;0
153;0
154;0
155;0
156;0
157;1
158;0
159;0
160;0
161;0
162;0
163;0
164;0
165;0
166;0
167;0
168;0
169;0
170;0
171;0
172;0
173;0
174;0
175;0
176;0
177;0
178;1
179;1
180;2
181;0
182;0
183;0
184;0
185;0
186;0
187;0
188;2
189;0
190;1
191;2
192;0
193;0
194;0
195;1
196;0
197;2
198;0
199;0
200;2
201;1
202;0
203;1
204;1
205;0
206;0
207;0
208;0
209;1
210;0
211;0
212;1
213;0
214;1
215;2
216;2
217;0
218;2
219;0
220;0
221;0
222;0
223;0
224;0
225;0
226;1
227;1
228;0
229;0
230;1
231;1
232;0
233;0
234;0
235;0
236;0
237;0
238;0
239;0
240;0
241;0
242;0
243;0
244;2
245;0
246;0
247;0
248;0
249;0
250;1
251;0
252;0
253;0
254;0
255;2
256;0
257;0
258;0
259;0
260;0
261;0
262;0
263;0
264;0
265;0
266;0
267;2
268;0
269;0
270;2
271;0
272;0
273;2
274;0
275;2
276;0
277;0
278;1
279;1
280;0
281;0
282;1
283;2
284;0
285;2
286;0
287;0
288;0
289;0
290;1
291;0
292;1
293;0
294;0
295;0
296;0
297;0
298;2
299;0
300;0
301;0
302;2
303;1
304;0
305;1
306;2
307;1
308;0
309;1
310;0
311;0
312;0
313;0
314;0
315;0
316;0
317;0
318;0
319;2
320;0
321;0
322;0
323;0
324;0
325;0
326;0
327;0
328;0
329;0
330;0
331;0
332;0
333;2
334;2
335;0
336;0
337;2
338;0
339;0
340;0
341;0
342;0
343;0
344;1
345;0
346;0
347;0
348;0
349;0
350;0
351;0
352;0
353;0
354;0
355;0
356;0
357;0
358;0
359;0
360;0
361;0
362;0
363;0
364;1
365;0
366;0
367;0
368;0
369;0
370;0
371;0
372;0
373;0
374;1
375;0
376;0
377;0
378;0
379;0
380;1
381;0
382;0
383;0
384;2
385;0
386;0
387;0
388;0
389;0
390;2
391;0
392;0
393;0
394;1
395;1
396;0
397;0
398;0
399;0
400;0
401;0
402;0
403;0
404;1
405;0
406;0
407;0
408;0
409;0
410;0
411;0
412;1
413;0
414;0
415;0
416;0
417;0
418;0
419;0
420;0
421;0
422;2
423;0
424;0
425;0
426;0
427;0
428;1
429;0
430;0
431;2
432;0
433;0
434;0
435;0
436;0
437;0
438;0
439;1
440;0
441;0
442;2
443;2
444;0
445;2
446;0
447;0
448;0
449;0
450;0
451;1
452;0
453;0
454;0
455;0
456;0
457;0
458;0
459;0
460;0
461;0
462;0
463;2
464;0
465;2
466;0
467;0
468;2
469;1
470;1
471;0
472;2
473;0
474;0
475;0
476;0
477;0
478;1
479;0
480;0
481;0
482;0
483;0
484;0
485;0
486;0
487;0
488;0
489;0
490;1
491;0
492;0
493;0
494;0
495;2
496;0
497;0
498;0
499;0
500;2
501;2
502;0
503;0
504;0
505;0
506;2
507;2
508;1
509;0
510;0
511;0
512;2
513;2
514;0
515;0
516;1
517;0
518;0
519;0
520;2
521;0
522;0
523;0
524;0
525;0
526;0
527;0
528;0
529;0
530;0
531;2
532;1
533;0
534;0
535;0
536;0
537;1
538;0
539;0
540;0
541;0
542;0
543;0
544;1
545;0
546;0
547;2
548;0
549;0
550;0
551;0
552;0
553;0
554;0
555;1
556;1
557;0
558;0
559;0
560;1
561;2
562;0
563;0
564;0
565;0
566;1
567;0
568;0
569;0
570;2
571;0
572;0
573;0
574;0
575;0
576;0
577;0
578;2
579;0
580;2
581;2
582;2
583;1
584;2
585;2
586;1
587;0
588;0
589;0
590;0
591;0
592;2
593;0
594;1
595;2
596;0
597;2
598;0
599;0
600;0
601;0
602;1
603;0
604;0
605;0
606;0
607;0
608;0
609;0
610;1
611;0
612;0
613;2
614;0
615;2
616;1
617;0
618;1
619;0
620;0
621;0
622;0
623;0
624;0
625;0
626;0
627;0
628;0
629;1
630;0
631;0
632;0
633;0
634;0
635;2
636;0
637;0
638;1
639;0
640;0
641;0
642;2
643;0
644;1
645;0
646;0
647;1
648;0
649;0
650;0
651;0
652;0
653;0
654;0
655;2
656;0
657;1
658;0
659;0
660;2
661;0
662;0
663;0
664;0
665;0
666;0
667;0
668;0
669;0
670;0
671;1
672;0
673;0
674;1
675;0
676;2
677;0
678;0
679;0
680;0
681;2
682;0
683;1
684;0
685;0
686;2
687;1
688;0
689;0
690;0
691;0
692;0
693;0
694;0
695;0
696;0
697;0
698;0
699;2
700;2
701;0
702;0
703;1
704;0
705;0
706;0
707;0
708;0
709;2
710;0
711;0
712;2
713;0
714;0
715;0
716;0
717;0
718;0
719;2
720;0
721;0
722;0
723;0
724;0
725;1
726;0
727;1
728;0
729;0
730;1
731;0
732;0
733;0
734;0
735;0
736;0
737;1
738;0
739;0
740;2
741;1
742;0
743;0
744;1
745;0
746;0
747;0
748;0
749;0
750;0
751;0
752;2
753;0
754;0
755;0
756;0
757;2
758;0
759;2
760;2
761;0
762;1
763;0
764;0
765;0
766;0
767;0
768;0
769;0
770;0
771;2
772;0
773;0
774;0
775;0
776;1
777;0
778;0
779;0
780;0
781;1
782;1
783;0
784;0
785;0
786;2
787;0
788;2
789;0
790;0
791;0
792;2
793;0
794;0
795;0
796;0
797;0
798;0
799;0
800;0
801;0
802;0
803;0
804;0
805;0
806;2
807;2
808;1
809;0
810;1
811;0
812;0
813;0
814;0
815;1
816;0
817;0
818;0
819;0
820;0
821;1
822;0
823;0
824;0
825;0
826;0
827;0
828;0
829;0
830;2
831;0
832;0
833;0
834;0
835;1
836;0
837;0
838;0
839;1
840;0
841;0
842;0
843;0
844;2
845;1
846;0
847;0
848;0
849;1
850;0
851;0
852;0
853;1
854;0
855;1
856;0
857;0
858;0
859;0
860;1
861;0
862;0
863;0
864;0
865;2
866;0
867;0
868;2
869;1
870;0
871;0
872;0
873;1
874;0
875;0
876;0
877;0
878;0
879;0
880;0
881;2
882;0
883;0
884;2
885;0
886;0
887;1
888;0
889;0
890;0
891;0
892;2
893;1
894;0
895;0
896;0
897;0
898;0
899;0
900;2
901;2
902;0
903;0
904;0
905;0
906;1
907;0
908;2
909;0
910;0
911;0
912;0
913;0
914;2
915;0
916;1
917;0
918;0
919;1
920;0
921;0
922;0
923;0
924;0
925;2
926;0
927;2
928;0
929;0
930;0
931;1
932;0
933;0
934;0
935;0
936;0
937;0
938;2
939;1
940;0
941;0
942;0
943;0
944;0
945;2
946;2
947;2
948;0
949;0
950;2
951;0
952;0
953;2
954;2
955;0
956;1
957;1
958;0
959;2
960;2
961;0
962;2
963;1
964;0
965;0
966;2
967;0
968;1
969;0
970;0
971;0
972;0
973;0
974;1
975;0
976;0
977;0
978;0
979;1
980;0
981;0
982;0
983;0
984;2
985;0
986;0
987;1
988;0
989;2
990;0
991;2
992;0
993;0
994;0
995;0
996;0
997;0
998;0
999;0
1000;0
1001;0
1002;0
1003;0
1004;0
1005;0
1006;0
1007;0
1008;0
1009;0
1010;0
1011;0
1012;0
1013;0
1014;0
1015;0
1016;0
1017;0
1018;0
1019;0
1020;0
1021;0
1022;0
1023;0
