0;2
1;0
2;0
3;1
4;0
5;0
6;0
7;0
8;0
9;0
10;2
11;0
12;0
13;0
14;0
15;2
16;0
17;1
18;0
19;0
20;0
21;0
22;0
23;0
24;0
25;0
26;0
27;2
28;0
29;0
30;0
31;0
32;0
33;0
34;0
35;1
36;0
37;0
38;0
39;1
40;1
41;0
42;2
43;0
44;0
45;0
46;0
47;0
48;1
49;1
50;0
51;0
52;2
53;0
54;2
55;0
56;2
57;0
58;0
59;0
60;0
61;0
62;0
63;0
64;0
65;1
66;0
67;1
68;0
69;1
70;0
71;0
72;0
73;0
74;0
75;1
76;0
77;0
78;0
79;0
80;2
81;2
82;0
83;0
84;2
85;0
86;0
87;0
88;0
89;1
90;2
91;0
92;0
93;2
94;2
95;1
96;0
97;0
98;0
99;2
100;0
101;0
102;2
103;0
104;0
105;0
106;1
107;1
108;0
109;0
110;0
111;0
112;1
113;0
114;0
115;0
116;0
117;0
118;1
119;0
120;0
121;0
122;0
123;1
124;0
125;0
126;1
127;0
128;0
129;0
130;0
131;0
132;2
133;0
134;0
135;2
136;0
137;0
138;2
139;2
140;2
141;0
142;0
143;0
144;0
145;0
146;0
147;0
148;2
149;0
150;0
151;0
152;0
153;2
154;2
155;0
156;0
157;1
158;0
159;2
160;0
161;0
162;0
163;0
164;0
165;0
166;0
167;2
168;0
169;0
170;0
171;2
172;0
173;0
174;0
175;0
176;0
177;0
178;0
179;1
180;0
181;0
182;1
183;0
184;2
185;0
186;0
187;0
188;0
189;2
190;0
191;0
192;1
193;0
194;0
195;0
196;0
197;0
198;2
199;0
200;1
201;2
202;0
203;1
204;0
205;0
206;0
207;0
208;1
209;0
210;0
211;0
212;0
213;2
214;2
215;0
216;0
217;0
218;0
219;2
220;1
221;0
222;0
223;0
224;0
225;0
226;0
227;0
228;1
229;2
230;0
231;0
232;1
233;0
234;0
235;0
236;0
237;1
238;0
239;0
240;1
241;0
242;0
243;0
244;0
245;0
246;0
247;0
248;0
249;0
250;1
251;0
252;0
253;0
254;0
255;2
256;0
257;0
258;2
259;2
260;0
261;1
262;0
263;0
264;0
265;0
266;1
267;0
268;0
269;1
270;0
271;0
272;0
273;2
274;2
275;2
276;0
277;0
278;0
279;0
280;0
281;0
282;0
283;0
284;1
285;2
286;0
287;2
288;2
289;0
290;2
291;2
292;0
293;0
294;0
295;2
296;2
297;0
298;0
299;2
300;0
301;0
302;0
303;0
304;0
305;0
306;0
307;0
308;0
309;0
310;0
311;2
312;0
313;0
314;0
315;0
316;0
317;0
318;0
319;0
320;0
321;1
322;0
323;0
324;0
325;1
326;0
327;0
328;0
329;0
330;0
331;0
332;0
333;0
334;2
335;2
336;0
337;1
338;0
339;0
340;0
341;0
342;2
343;2
344;2
345;0
346;0
347;0
348;0
349;1
350;0
351;0
352;1
353;1
354;0
355;0
356;0
357;1
358;0
359;0
360;0
361;0
362;0
363;0
364;0
365;0
366;0
367;0
368;1
369;0
370;0
371;0
372;0
373;2
374;2
375;0
376;0
377;2
378;0
379;0
380;1
381;0
382;0
383;1
384;0
385;0
386;0
387;0
388;0
389;1
390;2
391;1
392;0
393;0
394;0
395;0
396;0
397;0
398;0
399;0
400;1
401;2
402;0
403;0
404;1
405;0
406;0
407;0
408;0
409;2
410;0
411;0
412;0
413;0
414;2
415;1
416;0
417;2
418;0
419;0
420;0
421;1
422;0
423;0
424;0
425;2
426;2
427;0
428;0
429;0
430;0
431;0
432;0
433;0
434;1
435;0
436;2
437;1
438;0
439;1
440;0
441;0
442;0
443;1
444;0
445;0
446;0
447;2
448;0
449;0
450;0
451;0
452;0
453;0
454;0
455;0
456;0
457;0
458;0
459;0
460;0
461;0
462;1
463;0
464;0
465;0
466;2
467;2
468;0
469;0
470;1
471;0
472;2
473;2
474;0
475;1
476;0
477;0
478;2
479;1
480;2
481;0
482;1
483;0
484;0
485;1
486;0
487;1
488;0
489;0
490;0
491;2
492;0
493;2
494;0
495;0
496;2
497;1
498;0
499;0
500;0
501;0
502;0
503;0
504;0
505;0
506;0
507;0
508;0
509;0
510;0
511;2
512;0
513;0
514;0
515;0
516;0
517;0
518;0
519;0
520;1
521;1
522;0
523;0
524;2
525;0
526;0
527;0
528;2
529;2
530;2
531;0
532;1
533;0
534;0
535;0
536;0
537;0
538;1
539;2
540;0
541;0
542;0
543;0
544;0
545;1
546;0
547;0
548;2
549;0
550;0
551;1
552;1
553;0
554;0
555;0
556;0
557;0
558;0
559;0
560;0
561;0
562;0
563;2
564;1
565;2
566;0
567;0
568;0
569;2
570;2
571;1
572;0
573;0
574;0
575;0
576;2
577;2
578;2
579;2
580;0
581;0
582;1
583;0
584;0
585;0
586;0
587;2
588;0
589;2
590;1
591;1
592;1
593;0
594;0
595;0
596;0
597;0
598;0
599;0
600;0
601;0
602;2
603;0
604;0
605;0
606;0
607;2
608;0
609;0
610;0
611;0
612;1
613;0
614;0
615;0
616;0
617;0
618;0
619;0
620;2
621;0
622;0
623;0
624;0
625;0
626;0
627;0
628;0
629;0
630;0
631;0
632;0
633;1
634;0
635;0
636;0
637;0
638;0
639;0
640;0
641;2
642;1
643;0
644;0
645;2
646;0
647;0
648;2
649;0
650;2
651;0
652;0
653;0
654;0
655;0
656;0
657;0
658;0
659;0
660;2
661;0
662;0
663;0
664;2
665;0
666;0
667;0
668;2
669;0
670;0
671;0
672;1
673;0
674;2
675;0
676;0
677;0
678;1
679;0
680;0
681;0
682;0
683;0
684;0
685;0
686;2
687;1
688;0
689;2
690;1
691;0
692;2
693;1
694;0
695;0
696;0
697;0
698;0
699;0
700;0
701;0
702;1
703;0
704;0
705;0
706;0
707;0
708;0
709;0
710;0
711;0
712;0
713;0
714;0
715;0
716;0
717;0
718;1
719;0
720;0
721;0
722;0
723;0
724;0
725;1
726;2
727;0
728;0
729;0
730;0
731;0
732;0
733;2
734;0
735;1
736;0
737;0
738;0
739;0
740;2
741;0
742;0
743;1
744;0
745;2
746;0
747;1
748;2
749;0
750;0
751;0
752;0
753;0
754;0
755;1
756;0
757;0
758;0
759;2
760;1
761;0
762;2
763;1
764;0
765;0
766;0
767;0
768;0
769;0
770;0
771;0
772;0
773;0
774;0
775;0
776;0
777;0
778;0
779;0
780;2
781;2
782;1
783;0
784;1
785;0
786;0
787;0
788;2
789;1
790;0
791;0
792;0
793;1
794;2
795;0
796;2
797;0
798;0
799;0
800;0
801;1
802;0
803;0
804;0
805;0
806;0
807;1
808;0
809;0
810;2
811;0
812;0
813;0
814;0
815;0
816;0
817;0
818;2
819;0
820;0
821;0
822;0
823;0
824;0
825;0
826;1
827;0
828;2
829;1
830;2
831;0
832;0
833;0
834;0
835;2
836;2
837;0
838;0
839;0
840;0
841;1
842;0
843;0
844;2
845;2
846;0
847;1
848;2
849;0
850;0
851;0
852;2
853;2
854;0
855;0
856;0
857;2
858;0
859;1
860;0
861;0
862;0
863;0
864;0
865;2
866;1
867;0
868;2
869;0
870;0
871;0
872;0
873;0
874;0
875;0
876;2
877;1
878;2
879;0
880;0
881;0
882;0
883;1
884;0
885;2
886;0
887;0
888;2
889;0
890;0
891;0
892;2
893;2
894;2
895;0
896;0
897;0
898;0
899;0
900;0
901;2
902;2
903;2
904;2
905;0
906;0
907;0
908;0
909;0
910;0
911;1
912;0
913;0
914;0
915;0
916;2
917;0
918;1
919;0
920;0
921;2
922;0
923;0
924;0
925;0
926;0
927;0
928;0
929;0
930;2
931;0
932;1
933;0
934;0
935;0
936;0
937;0
938;1
939;0
940;0
941;0
942;1
943;0
944;0
945;0
946;1
947;0
948;0
949;0
950;0
951;0
952;0
953;0
954;1
955;0
956;0
957;0
958;0
959;1
960;0
961;2
962;2
963;0
964;0
965;0
966;0
967;1
968;0
969;2
970;0
971;1
972;0
973;0
974;0
975;0
976;2
977;0
978;0
979;1
980;1
981;0
982;1
983;0
984;0
985;0
986;0
987;0
988;0
989;0
990;0
991;0
992;0
993;0
994;2
995;0
996;0
997;0
998;0
999;0
1000;0
1001;1
1002;0
1003;0
1004;0
1005;0
1006;1
1007;0
1008;0
1009;0
1010;2
1011;0
1012;0
1013;1
1014;0
1015;1
1016;0
1017;0
1018;0
1019;0
1020;0
1021;0
1022;0
1023;0
