0;0
1;0
2;0
3;0
4;4
5;0
6;0
7;1
8;0
9;2
10;0
11;0
12;2
13;1
14;0
15;0
16;0
17;0
18;0
19;0
20;0
21;2
22;0
23;0
24;0
25;0
26;0
27;0
28;0
29;0
30;0
31;0
32;0
33;1
34;0
35;0
36;2
37;0
38;0
39;0
40;0
41;0
42;0
43;1
44;0
45;1
46;0
47;0
48;0
49;0
50;0
51;1
52;0
53;0
54;2
55;0
56;0
57;0
58;1
59;0
60;2
61;0
62;0
63;1
64;0
65;0
66;1
67;0
68;2
69;1
70;0
71;0
72;0
73;0
74;2
75;0
76;2
77;1
78;0
79;0
80;0
81;0
82;0
83;2
84;0
85;0
86;0
87;1
88;0
89;0
90;0
91;1
92;0
93;0
94;2
95;1
96;2
97;0
98;0
99;0
100;1
101;0
102;0
103;0
104;2
105;0
106;0
107;0
108;0
109;1
110;0
111;0
112;0
113;0
114;0
115;0
116;1
117;1
118;0
119;0
120;0
121;0
122;2
123;0
124;0
125;1
126;0
127;0
128;0
129;2
130;0
131;0
132;0
133;1
134;0
135;0
136;0
137;0
138;0
139;1
140;0
141;1
142;0
143;2
144;0
145;0
146;0
147;0
148;0
149;0
150;2
151;1
152;0
153;1
154;0
155;2
156;0
157;2
158;0
159;0
160;2
161;2
162;0
163;0
164;2
165;0
166;0
167;2
168;0
169;2
170;1
171;0
172;2
173;0
174;1
175;2
176;1
177;0
178;0
179;2
180;0
181;2
182;0
183;1
184;4
185;2
186;2
187;0
188;0
189;0
190;0
191;0
192;2
193;0
194;2
195;0
196;0
197;0
198;2
199;0
200;0
201;1
202;1
203;0
204;0
205;0
206;0
207;1
208;0
209;2
210;0
211;0
212;1
213;0
214;0
215;0
216;0
217;2
218;0
219;0
220;2
221;1
222;1
223;0
224;0
225;0
226;0
227;0
228;0
229;0
230;2
231;0
232;0
233;0
234;0
235;0
236;2
237;2
238;0
239;2
240;0
241;2
242;2
243;0
244;1
245;0
246;0
247;0
248;0
249;0
250;0
251;0
252;0
253;2
254;0
255;0
256;2
257;0
258;0
259;0
260;0
261;0
262;0
263;0
264;0
265;0
266;0
267;2
268;0
269;1
270;0
271;0
272;1
273;0
274;0
275;0
276;0
277;1
278;2
279;1
280;0
281;0
282;0
283;0
284;2
285;0
286;2
287;1
288;0
289;0
290;2
291;0
292;1
293;0
294;0
295;0
296;0
297;0
298;0
299;2
300;0
301;0
302;1
303;0
304;0
305;0
306;0
307;0
308;0
309;1
310;0
311;0
312;0
313;0
314;0
315;1
316;2
317;1
318;0
319;0
320;0
321;0
322;0
323;1
324;0
325;0
326;0
327;1
328;0
329;0
330;0
331;0
332;1
333;0
334;2
335;1
336;0
337;0
338;0
339;0
340;2
341;0
342;0
343;2
344;0
345;0
346;0
347;0
348;0
349;1
350;0
351;2
352;2
353;2
354;0
355;0
356;2
357;0
358;0
359;0
360;1
361;0
362;0
363;1
364;0
365;0
366;0
367;0
368;0
369;2
370;2
371;0
372;1
373;0
374;2
375;1
376;0
377;0
378;0
379;0
380;2
381;0
382;0
383;2
384;0
385;0
386;2
387;2
388;1
389;0
390;0
391;0
392;0
393;0
394;0
395;0
396;0
397;0
398;0
399;0
400;1
401;1
402;0
403;1
404;0
405;0
406;0
407;0
408;0
409;0
410;2
411;0
412;1
413;1
414;2
415;0
416;0
417;0
418;1
419;0
420;0
421;0
422;0
423;0
424;2
425;0
426;2
427;0
428;0
429;0
430;0
431;0
432;1
433;0
434;0
435;0
436;0
437;0
438;2
439;2
440;0
441;0
442;0
443;0
444;0
445;0
446;0
447;0
448;0
449;0
450;0
451;0
452;0
453;2
454;0
455;0
456;2
457;0
458;0
459;0
460;0
461;0
462;0
463;0
464;0
465;0
466;0
467;1
468;0
469;1
470;0
471;2
472;2
473;2
474;2
475;1
476;0
477;0
478;2
479;0
480;0
481;0
482;0
483;0
484;0
485;0
486;0
487;0
488;0
489;0
490;0
491;0
492;0
493;0
494;0
495;1
496;0
497;0
498;2
499;1
500;1
501;0
502;0
503;0
504;0
505;0
506;0
507;0
508;1
509;0
510;1
511;0
512;1
513;0
514;0
515;0
516;0
517;0
518;0
519;0
520;2
521;1
522;0
523;1
524;0
525;0
526;1
527;0
528;0
529;0
530;1
531;0
532;1
533;2
534;1
535;2
536;0
537;0
538;0
539;0
540;1
541;0
542;0
543;2
544;0
545;0
546;2
547;1
548;0
549;0
550;1
551;0
552;0
553;2
554;1
555;0
556;0
557;0
558;0
559;0
560;0
561;0
562;0
563;2
564;1
565;0
566;2
567;1
568;0
569;0
570;0
571;1
572;0
573;0
574;2
575;0
576;0
577;2
578;0
579;0
580;0
581;2
582;0
583;1
584;0
585;2
586;0
587;0
588;0
589;2
590;0
591;2
592;0
593;0
594;0
595;0
596;0
597;0
598;2
599;0
600;0
601;0
602;2
603;2
604;0
605;0
606;0
607;0
608;2
609;2
610;2
611;2
612;1
613;1
614;0
615;1
616;2
617;0
618;0
619;2
620;2
621;2
622;2
623;0
624;2
625;0
626;0
627;0
628;0
629;1
630;2
631;0
632;0
633;1
634;0
635;0
636;0
637;0
638;0
639;0
640;1
641;2
642;0
643;2
644;0
645;0
646;2
647;2
648;0
649;0
650;2
651;1
652;0
653;1
654;0
655;2
656;0
657;0
658;0
659;0
660;1
661;0
662;0
663;2
664;0
665;0
666;1
667;0
668;1
669;0
670;2
671;0
672;0
673;0
674;2
675;2
676;0
677;0
678;0
679;0
680;2
681;1
682;0
683;0
684;2
685;2
686;1
687;0
688;0
689;0
690;0
691;0
692;0
693;0
694;2
695;2
696;0
697;0
698;0
699;0
700;2
701;0
702;1
703;2
704;0
705;0
706;0
707;2
708;0
709;2
710;2
711;2
712;0
713;0
714;0
715;0
716;0
717;0
718;2
719;0
720;2
721;0
722;0
723;0
724;2
725;0
726;0
727;1
728;0
729;0
730;2
731;0
732;0
733;0
734;0
735;0
736;0
737;0
738;0
739;0
740;1
741;0
742;0
743;0
744;0
745;1
746;1
747;0
748;0
749;2
750;0
751;0
752;0
753;0
754;1
755;1
756;0
757;0
758;0
759;0
760;0
761;0
762;2
763;2
764;0
765;0
766;0
767;2
768;1
769;0
770;0
771;0
772;0
773;0
774;0
775;0
776;2
777;0
778;0
779;0
780;0
781;0
782;2
783;0
784;0
785;0
786;0
787;2
788;2
789;1
790;0
791;0
792;0
793;0
794;1
795;0
796;1
797;0
798;0
799;0
800;0
801;0
802;0
803;1
804;0
805;0
806;0
807;2
808;2
809;0
810;0
811;1
812;0
813;0
814;0
815;0
816;1
817;0
818;1
819;1
820;0
821;2
822;0
823;1
824;1
825;1
826;0
827;0
828;0
829;0
830;0
831;0
832;2
833;0
834;0
835;2
836;2
837;0
838;0
839;0
840;2
841;1
842;0
843;0
844;1
845;0
846;2
847;1
848;0
849;0
850;0
851;1
852;2
853;0
854;2
855;0
856;0
857;0
858;0
859;2
860;2
861;0
862;0
863;0
864;0
865;1
866;0
867;0
868;0
869;0
870;2
871;1
872;0
873;0
874;0
875;2
876;2
877;2
878;0
879;0
880;0
881;0
882;0
883;0
884;0
885;0
886;2
887;0
888;0
889;0
890;2
891;2
892;1
893;0
894;0
895;0
896;0
897;0
898;0
899;2
900;2
901;0
902;2
903;0
904;2
905;0
906;0
907;0
908;0
909;0
910;0
911;0
912;2
913;1
914;0
915;0
916;0
917;0
918;2
919;0
920;0
921;0
922;0
923;0
924;2
925;0
926;2
927;1
928;0
929;2
930;2
931;0
932;0
933;1
934;0
935;0
936;0
937;0
938;0
939;0
940;0
941;0
942;0
943;0
944;2
945;2
946;0
947;1
948;0
949;0
950;2
951;0
952;1
953;0
954;0
955;0
956;1
957;0
958;0
959;0
960;0
961;0
962;0
963;0
964;1
965;0
966;2
967;0
968;0
969;1
970;0
971;2
972;2
973;0
974;0
975;0
976;0
977;0
978;0
979;2
980;0
981;1
982;1
983;2
984;0
985;2
986;0
987;0
988;0
989;0
990;0
991;2
992;0
993;0
994;2
995;2
996;2
997;0
998;0
999;0
1000;2
1001;0
1002;0
1003;0
1004;0
1005;0
1006;0
1007;0
1008;1
1009;0
1010;1
1011;1
1012;0
1013;0
1014;0
1015;0
1016;0
1017;0
1018;0
1019;0
1020;0
1021;0
1022;0
1023;0
