0;0
1;0
2;0
3;1
4;0
5;1
6;0
7;2
8;0
9;0
10;0
11;1
12;0
13;0
14;0
15;0
16;0
17;0
18;0
19;0
20;1
21;0
22;0
23;2
24;1
25;0
26;0
27;2
28;1
29;0
30;2
31;0
32;1
33;0
34;1
35;1
36;0
37;0
38;1
39;0
40;0
41;0
42;0
43;1
44;0
45;0
46;0
47;0
48;0
49;0
50;2
51;0
52;0
53;2
54;0
55;0
56;2
57;1
58;0
59;0
60;1
61;2
62;0
63;2
64;1
65;1
66;0
67;2
68;0
69;0
70;2
71;0
72;1
73;0
74;2
75;0
76;2
77;0
78;0
79;0
80;0
81;2
82;0
83;1
84;0
85;2
86;1
87;0
88;2
89;0
90;0
91;0
92;0
93;0
94;2
95;0
96;0
97;0
98;0
99;2
100;2
101;1
102;1
103;0
104;1
105;0
106;0
107;1
108;2
109;2
110;2
111;2
112;0
113;0
114;0
115;0
116;2
117;2
118;0
119;0
120;2
121;0
122;1
123;0
124;1
125;2
126;2
127;0
128;2
129;0
130;2
131;0
132;0
133;1
134;2
135;2
136;0
137;0
138;0
139;2
140;0
141;0
142;1
143;0
144;0
145;1
146;0
147;0
148;0
149;0
150;0
151;0
152;0
153;0
154;1
155;0
156;0
157;2
158;0
159;0
160;2
161;0
162;0
163;0
164;1
165;0
166;0
167;0
168;0
169;2
170;0
171;0
172;0
173;0
174;0
175;1
176;0
177;0
178;2
179;0
180;0
181;0
182;0
183;0
184;1
185;0
186;1
187;0
188;0
189;1
190;0
191;0
192;2
193;1
194;1
195;0
196;0
197;2
198;2
199;0
200;0
201;0
202;0
203;0
204;1
205;0
206;0
207;0
208;0
209;0
210;0
211;0
212;0
213;0
214;1
215;0
216;0
217;0
218;2
219;1
220;2
221;2
222;0
223;0
224;0
225;0
226;1
227;0
228;0
229;0
230;0
231;0
232;0
233;0
234;1
235;0
236;0
237;0
238;0
239;0
240;1
241;1
242;0
243;0
244;0
245;1
246;0
247;1
248;0
249;0
250;1
251;0
252;1
253;0
254;0
255;0
256;2
257;0
258;0
259;0
260;1
261;0
262;0
263;0
264;0
265;0
266;0
267;0
268;0
269;0
270;0
271;0
272;0
273;0
274;0
275;0
276;1
277;0
278;2
279;0
280;0
281;2
282;0
283;0
284;0
285;0
286;0
287;0
288;0
289;0
290;0
291;0
292;0
293;1
294;0
295;0
296;0
297;2
298;2
299;0
300;0
301;0
302;0
303;1
304;0
305;1
306;1
307;0
308;0
309;0
310;0
311;1
312;1
313;0
314;2
315;0
316;0
317;1
318;1
319;2
320;2
321;0
322;0
323;0
324;0
325;0
326;2
327;1
328;0
329;0
330;0
331;0
332;1
333;1
334;0
335;0
336;0
337;0
338;1
339;0
340;0
341;0
342;0
343;2
344;2
345;0
346;0
347;0
348;0
349;0
350;0
351;0
352;0
353;0
354;0
355;0
356;0
357;0
358;2
359;0
360;2
361;0
362;0
363;0
364;0
365;0
366;0
367;2
368;2
369;0
370;1
371;0
372;0
373;0
374;0
375;0
376;2
377;0
378;0
379;1
380;2
381;0
382;0
383;0
384;0
385;2
386;0
387;0
388;1
389;0
390;0
391;0
392;0
393;0
394;0
395;0
396;0
397;0
398;1
399;0
400;0
401;0
402;0
403;0
404;0
405;2
406;0
407;0
408;0
409;0
410;1
411;0
412;0
413;0
414;2
415;0
416;0
417;1
418;0
419;0
420;0
421;0
422;0
423;0
424;2
425;0
426;0
427;0
428;0
429;2
430;0
431;0
432;0
433;2
434;2
435;0
436;0
437;2
438;2
439;0
440;0
441;0
442;0
443;2
444;0
445;1
446;0
447;2
448;1
449;0
450;0
451;0
452;2
453;2
454;0
455;0
456;2
457;0
458;1
459;1
460;0
461;0
462;0
463;0
464;0
465;0
466;0
467;0
468;0
469;1
470;2
471;0
472;1
473;0
474;0
475;2
476;2
477;0
478;0
479;2
480;0
481;1
482;2
483;0
484;0
485;0
486;0
487;2
488;0
489;0
490;0
491;0
492;0
493;0
494;0
495;0
496;0
497;0
498;0
499;0
500;0
501;1
502;0
503;0
504;0
505;0
506;0
507;0
508;0
509;0
510;0
511;0
512;1
513;2
514;0
515;0
516;0
517;0
518;0
519;0
520;0
521;0
522;2
523;1
524;0
525;2
526;0
527;0
528;0
529;0
530;0
531;0
532;0
533;0
534;1
535;1
536;2
537;2
538;1
539;2
540;0
541;0
542;0
543;0
544;0
545;0
546;0
547;0
548;0
549;2
550;2
551;0
552;2
553;0
554;0
555;0
556;0
557;2
558;0
559;2
560;1
561;0
562;1
563;0
564;2
565;1
566;0
567;0
568;0
569;0
570;2
571;0
572;0
573;0
574;0
575;1
576;0
577;0
578;2
579;0
580;0
581;1
582;0
583;0
584;1
585;1
586;0
587;1
588;0
589;0
590;0
591;2
592;1
593;2
594;0
595;0
596;1
597;0
598;0
599;2
600;0
601;0
602;0
603;0
604;0
605;2
606;0
607;0
608;0
609;1
610;0
611;0
612;0
613;0
614;0
615;2
616;0
617;0
618;0
619;0
620;0
621;0
622;0
623;2
624;0
625;2
626;0
627;0
628;0
629;0
630;0
631;0
632;0
633;0
634;2
635;0
636;0
637;0
638;0
639;0
640;0
641;1
642;1
643;1
644;2
645;0
646;1
647;0
648;0
649;0
650;2
651;0
652;0
653;1
654;1
655;0
656;2
657;0
658;0
659;0
660;0
661;0
662;2
663;2
664;0
665;1
666;0
667;0
668;0
669;0
670;2
671;1
672;2
673;0
674;0
675;0
676;0
677;0
678;0
679;0
680;0
681;0
682;0
683;1
684;0
685;1
686;1
687;0
688;0
689;1
690;0
691;1
692;0
693;0
694;0
695;0
696;0
697;0
698;0
699;0
700;0
701;0
702;0
703;1
704;2
705;0
706;0
707;0
708;0
709;0
710;0
711;0
712;0
713;0
714;0
715;0
716;0
717;0
718;0
719;0
720;0
721;0
722;1
723;2
724;0
725;0
726;0
727;0
728;2
729;0
730;0
731;0
732;0
733;2
734;0
735;2
736;0
737;1
738;0
739;1
740;0
741;0
742;0
743;0
744;0
745;0
746;1
747;0
748;1
749;0
750;0
751;0
752;0
753;1
754;0
755;0
756;1
757;0
758;1
759;0
760;2
761;0
762;0
763;0
764;1
765;0
766;2
767;0
768;0
769;0
770;0
771;0
772;0
773;0
774;0
775;0
776;2
777;2
778;2
779;0
780;0
781;0
782;0
783;0
784;0
785;1
786;0
787;0
788;0
789;0
790;0
791;2
792;0
793;0
794;0
795;0
796;0
797;0
798;0
799;2
800;0
801;2
802;1
803;0
804;1
805;0
806;2
807;0
808;0
809;2
810;0
811;0
812;1
813;0
814;0
815;1
816;1
817;0
818;0
819;1
820;0
821;0
822;2
823;2
824;0
825;0
826;0
827;0
828;0
829;2
830;1
831;2
832;0
833;0
834;0
835;0
836;0
837;0
838;0
839;0
840;1
841;0
842;0
843;0
844;2
845;0
846;0
847;0
848;0
849;0
850;0
851;0
852;0
853;0
854;2
855;0
856;0
857;0
858;2
859;1
860;2
861;0
862;0
863;2
864;0
865;2
866;2
867;0
868;1
869;0
870;0
871;0
872;0
873;0
874;0
875;2
876;0
877;0
878;2
879;0
880;0
881;0
882;0
883;2
884;0
885;0
886;0
887;2
888;0
889;0
890;2
891;0
892;0
893;2
894;0
895;1
896;0
897;2
898;0
899;0
900;0
901;0
902;0
903;0
904;0
905;0
906;0
907;0
908;0
909;0
910;0
911;0
912;2
913;0
914;1
915;0
916;0
917;0
918;0
919;0
920;0
921;1
922;1
923;1
924;0
925;0
926;0
927;0
928;0
929;2
930;1
931;0
932;1
933;2
934;0
935;1
936;0
937;2
938;1
939;0
940;1
941;2
942;2
943;0
944;0
945;0
946;1
947;0
948;2
949;0
950;0
951;0
952;2
953;0
954;0
955;1
956;0
957;0
958;2
959;0
960;0
961;0
962;0
963;0
964;0
965;0
966;0
967;0
968;0
969;0
970;0
971;0
972;0
973;1
974;0
975;0
976;1
977;0
978;0
979;0
980;0
981;0
982;0
983;0
984;1
985;0
986;0
987;0
988;2
989;0
990;0
991;1
992;0
993;0
994;1
995;0
996;2
997;2
998;1
999;0
1000;0
1001;0
1002;2
1003;0
1004;0
1005;0
1006;0
1007;2
1008;0
1009;0
1010;0
1011;0
1012;0
1013;1
1014;0
1015;0
1016;0
1017;0
1018;0
1019;0
1020;0
1021;0
1022;0
1023;0
