0;1
1;0
2;0
3;2
4;4
5;0
6;2
7;2
8;2
9;0
10;2
11;0
12;2
13;0
14;0
15;0
16;1
17;0
18;1
19;0
20;0
21;0
22;0
23;2
24;0
25;0
26;1
27;2
28;1
29;0
30;0
31;0
32;0
33;0
34;0
35;0
36;0
37;0
38;0
39;0
40;0
41;0
42;1
43;0
44;2
45;2
46;2
47;2
48;1
49;0
50;2
51;2
52;1
53;0
54;0
55;2
56;4
57;0
58;2
59;2
60;2
61;0
62;2
63;0
64;1
65;0
66;2
67;2
68;2
69;2
70;0
71;2
72;0
73;2
74;0
75;2
76;1
77;2
78;2
79;0
80;2
81;0
82;0
83;2
84;0
85;2
86;0
87;0
88;2
89;2
90;0
91;0
92;0
93;0
94;2
95;2
96;1
97;0
98;0
99;2
100;4
101;0
102;2
103;2
104;2
105;0
106;2
107;0
108;2
109;0
110;0
111;2
112;0
113;2
114;2
115;0
116;2
117;0
118;0
119;2
120;0
121;2
122;0
123;0
124;2
125;0
126;0
127;2
128;1
129;2
130;2
131;0
132;1
133;0
134;2
135;2
136;2
137;0
138;2
139;0
140;0
141;0
142;2
143;2
144;1
145;0
146;0
147;2
148;4
149;0
150;2
151;2
152;2
153;0
154;2
155;0
156;2
157;1
158;0
159;0
160;2
161;0
162;0
163;2
164;1
165;1
166;0
167;0
168;0
169;0
170;0
171;0
172;1
173;0
174;0
175;0
176;0
177;1
178;0
179;0
180;0
181;0
182;0
183;0
184;0
185;0
186;1
187;1
188;0
189;0
190;0
191;0
192;0
193;0
194;2
195;2
196;1
197;0
198;0
199;2
200;4
201;0
202;2
203;2
204;2
205;0
206;2
207;0
208;2
209;0
210;0
211;0
212;0
213;0
214;0
215;0
216;0
217;0
218;0
219;0
220;0
221;0
222;0
223;0
224;1
225;0
226;0
227;2
228;0
229;0
230;0
231;0
232;1
233;0
234;2
235;0
236;0
237;0
238;2
239;2
240;1
241;0
242;0
243;2
244;4
245;0
246;2
247;2
248;2
249;0
250;2
251;0
252;1
253;2
254;0
255;0
256;0
257;1
258;0
259;0
260;0
261;2
262;2
263;2
264;2
265;0
266;0
267;0
268;0
269;1
270;0
271;0
272;0
273;0
274;0
275;1
276;0
277;1
278;0
279;2
280;1
281;0
282;2
283;2
284;1
285;0
286;0
287;2
288;4
289;0
290;2
291;2
292;2
293;0
294;2
295;0
296;4
297;1
298;0
299;1
300;1
301;0
302;0
303;0
304;2
305;2
306;2
307;2
308;1
309;0
310;0
311;0
312;1
313;0
314;0
315;0
316;0
317;0
318;1
319;0
320;0
321;0
322;0
323;0
324;2
325;1
326;1
327;0
328;0
329;0
330;2
331;2
332;1
333;0
334;0
335;2
336;4
337;0
338;2
339;2
340;2
341;0
342;2
343;0
344;2
345;0
346;1
347;0
348;1
349;0
350;2
351;2
352;2
353;0
354;0
355;0
356;2
357;0
358;0
359;0
360;2
361;2
362;0
363;1
364;1
365;0
366;1
367;0
368;0
369;2
370;0
371;0
372;2
373;0
374;0
375;0
376;1
377;0
378;0
379;0
380;0
381;0
382;2
383;2
384;1
385;0
386;0
387;2
388;4
389;0
390;2
391;2
392;4
393;0
394;2
395;0
396;2
397;0
398;0
399;0
400;2
401;0
402;0
403;2
404;0
405;0
406;0
407;0
408;2
409;1
410;1
411;0
412;2
413;0
414;0
415;0
416;0
417;1
418;0
419;0
420;0
421;2
422;0
423;0
424;0
425;0
426;2
427;2
428;1
429;0
430;0
431;2
432;4
433;0
434;2
435;2
436;2
437;0
438;2
439;0
440;2
441;0
442;0
443;0
444;1
445;0
446;2
447;2
448;4
449;0
450;0
451;0
452;0
453;0
454;0
455;0
456;1
457;0
458;2
459;0
460;0
461;0
462;0
463;0
464;1
465;1
466;0
467;1
468;2
469;0
470;0
471;0
472;1
473;0
474;2
475;2
476;1
477;0
478;0
479;2
480;4
481;0
482;2
483;2
484;2
485;0
486;2
487;0
488;2
489;0
490;0
491;0
492;1
493;0
494;0
495;0
496;0
497;1
498;0
499;2
500;2
501;0
502;0
503;0
504;2
505;0
506;2
507;0
508;1
509;0
510;0
511;0
512;0
513;1
514;0
515;0
516;0
517;0
518;2
519;2
520;1
521;0
522;0
523;2
524;4
525;0
526;2
527;2
528;2
529;0
530;2
531;0
532;4
533;0
534;0
535;4
536;2
537;0
538;0
539;0
540;1
541;0
542;2
543;2
544;2
545;0
546;2
547;0
548;0
549;0
550;0
551;2
552;2
553;0
554;1
555;0
556;1
557;0
558;1
559;0
560;0
561;0
562;2
563;2
564;1
565;0
566;0
567;2
568;4
569;0
570;2
571;2
572;2
573;0
574;2
575;0
576;1
577;0
578;2
579;2
580;2
581;2
582;1
583;0
584;1
585;2
586;1
587;0
588;2
589;0
590;0
591;0
592;0
593;0
594;0
595;0
596;0
597;0
598;0
599;0
600;0
601;2
602;0
603;0
604;0
605;0
606;2
607;2
608;1
609;0
610;0
611;2
612;4
613;0
614;2
615;2
616;2
617;0
618;2
619;0
620;2
621;0
622;0
623;0
624;0
625;2
626;0
627;0
628;0
629;0
630;2
631;0
632;2
633;0
634;0
635;2
636;2
637;0
638;2
639;0
640;1
641;0
642;0
643;4
644;0
645;0
646;0
647;0
648;1
649;0
650;2
651;2
652;1
653;0
654;0
655;2
656;4
657;0
658;2
659;2
660;2
661;0
662;2
663;0
664;1
665;0
666;0
667;0
668;0
669;0
670;0
671;0
672;1
673;1
674;1
675;0
676;2
677;2
678;2
679;2
680;2
681;2
682;2
683;0
684;2
685;2
686;2
687;0
688;0
689;0
690;0
691;2
692;0
693;0
694;0
695;0
696;0
697;0
698;2
699;2
700;1
701;0
702;0
703;2
704;4
705;0
706;2
707;2
708;2
709;0
710;2
711;0
712;1
713;0
714;0
715;0
716;1
717;0
718;0
719;2
720;0
721;0
722;0
723;0
724;1
725;0
726;0
727;0
728;2
729;1
730;0
731;0
732;2
733;1
734;0
735;1
736;2
737;0
738;0
739;0
740;1
741;0
742;2
743;2
744;1
745;0
746;0
747;2
748;4
749;0
750;2
751;2
752;2
753;0
754;2
755;0
756;2
757;2
758;2
759;2
760;1
761;0
762;0
763;0
764;0
765;0
766;2
767;2
768;2
769;1
770;0
771;0
772;0
773;1
774;0
775;2
776;2
777;2
778;0
779;2
780;2
781;2
782;2
783;0
784;0
785;2
786;1
787;0
788;1
789;0
790;2
791;2
792;1
793;0
794;0
795;2
796;4
797;0
798;2
799;2
800;2
801;0
802;2
803;0
804;1
805;0
806;0
807;0
808;2
809;2
810;2
811;2
812;1
813;0
814;0
815;0
816;4
817;1
818;0
819;0
820;2
821;0
822;0
823;0
824;1
825;0
826;1
827;0
828;1
829;0
830;0
831;0
832;0
833;0
834;2
835;2
836;1
837;0
838;2
839;2
840;1
841;0
842;0
843;2
844;4
845;0
846;2
847;2
848;2
849;0
850;2
851;0
852;2
853;0
854;0
855;0
856;1
857;0
858;2
859;0
860;0
861;0
862;0
863;0
864;0
865;2
866;0
867;0
868;0
869;0
870;0
871;0
872;1
873;2
874;2
875;2
876;2
877;0
878;0
879;0
880;1
881;0
882;0
883;0
884;1
885;0
886;2
887;2
888;1
889;0
890;0
891;2
892;4
893;0
894;2
895;2
896;2
897;0
898;2
899;0
900;1
901;0
902;0
903;0
904;0
905;0
906;2
907;0
908;0
909;0
910;0
911;0
912;0
913;2
914;2
915;2
916;1
917;0
918;2
919;0
920;0
921;0
922;0
923;1
924;0
925;0
926;0
927;2
928;1
929;0
930;2
931;2
932;1
933;0
934;0
935;2
936;4
937;0
938;2
939;2
940;2
941;0
942;2
943;0
944;1
945;0
946;0
947;0
948;2
949;0
950;2
951;1
952;0
953;2
954;1
955;0
956;1
957;0
958;2
959;0
960;4
961;0
962;0
963;0
964;0
965;0
966;0
967;0
968;2
969;0
970;0
971;2
972;2
973;0
974;0
975;0
976;0
977;0
978;2
979;2
980;1
981;0
982;0
983;2
984;4
985;0
986;2
987;2
988;2
989;0
990;2
991;0
992;2
993;1
994;1
995;0
996;2
997;2
998;2
999;2
1000;4
1001;1
1002;0
1003;2
1004;2
1005;0
1006;0
1007;0
1008;2
1009;2
1010;0
1011;0
1012;1
1013;0
1014;0
1015;0
1016;0
1017;0
1018;0
1019;0
1020;0
1021;0
1022;0
1023;0
