0;0
1;0
2;0
3;0
4;0
5;0
6;0
7;0
8;0
9;0
10;0
11;2
12;0
13;2
14;0
15;2
16;0
17;0
18;2
19;0
20;1
21;0
22;0
23;0
24;0
25;0
26;1
27;0
28;0
29;2
30;0
31;0
32;1
33;0
34;2
35;0
36;0
37;0
38;0
39;0
40;1
41;0
42;0
43;0
44;0
45;0
46;1
47;0
48;0
49;0
50;0
51;2
52;2
53;0
54;0
55;0
56;0
57;0
58;0
59;0
60;0
61;1
62;0
63;0
64;0
65;1
66;0
67;0
68;1
69;0
70;0
71;0
72;0
73;0
74;0
75;2
76;0
77;1
78;0
79;2
80;0
81;0
82;1
83;0
84;0
85;0
86;0
87;0
88;0
89;0
90;2
91;0
92;2
93;0
94;0
95;1
96;0
97;0
98;0
99;0
100;0
101;0
102;1
103;0
104;0
105;1
106;0
107;0
108;0
109;1
110;0
111;1
112;0
113;0
114;0
115;0
116;0
117;0
118;0
119;0
120;2
121;2
122;0
123;0
124;2
125;0
126;0
127;0
128;0
129;1
130;0
131;0
132;1
133;0
134;0
135;1
136;1
137;0
138;0
139;0
140;0
141;0
142;0
143;0
144;2
145;0
146;0
147;0
148;2
149;1
150;0
151;0
152;0
153;2
154;0
155;1
156;0
157;0
158;0
159;0
160;0
161;0
162;0
163;0
164;0
165;0
166;0
167;0
168;0
169;0
170;0
171;0
172;1
173;2
174;2
175;0
176;0
177;1
178;0
179;0
180;1
181;2
182;0
183;1
184;1
185;0
186;2
187;0
188;0
189;0
190;1
191;1
192;0
193;0
194;0
195;0
196;0
197;1
198;0
199;0
200;0
201;0
202;2
203;0
204;0
205;0
206;1
207;0
208;0
209;0
210;0
211;0
212;0
213;0
214;2
215;1
216;2
217;0
218;0
219;0
220;0
221;0
222;0
223;0
224;0
225;0
226;0
227;0
228;1
229;0
230;0
231;0
232;0
233;0
234;0
235;0
236;0
237;2
238;0
239;0
240;0
241;0
242;0
243;0
244;0
245;2
246;1
247;0
248;0
249;1
250;1
251;0
252;1
253;2
254;0
255;0
256;0
257;0
258;0
259;0
260;0
261;2
262;2
263;1
264;0
265;0
266;0
267;0
268;0
269;0
270;0
271;1
272;1
273;2
274;0
275;0
276;0
277;2
278;2
279;2
280;2
281;0
282;2
283;0
284;0
285;0
286;1
287;0
288;0
289;0
290;0
291;1
292;0
293;0
294;0
295;0
296;0
297;0
298;0
299;0
300;0
301;2
302;0
303;0
304;0
305;0
306;0
307;0
308;2
309;0
310;0
311;0
312;0
313;0
314;1
315;0
316;0
317;0
318;0
319;0
320;0
321;0
322;2
323;0
324;2
325;0
326;0
327;0
328;0
329;0
330;0
331;2
332;1
333;1
334;0
335;0
336;2
337;0
338;0
339;0
340;0
341;1
342;0
343;0
344;1
345;0
346;0
347;0
348;0
349;0
350;0
351;0
352;2
353;0
354;0
355;0
356;0
357;0
358;0
359;0
360;2
361;0
362;0
363;0
364;0
365;2
366;0
367;0
368;0
369;0
370;0
371;0
372;2
373;0
374;0
375;0
376;0
377;0
378;2
379;2
380;2
381;0
382;0
383;0
384;0
385;0
386;2
387;0
388;0
389;0
390;0
391;0
392;0
393;0
394;1
395;0
396;2
397;0
398;0
399;0
400;2
401;2
402;0
403;0
404;0
405;0
406;0
407;2
408;0
409;0
410;0
411;0
412;0
413;0
414;0
415;0
416;1
417;0
418;0
419;1
420;2
421;0
422;1
423;2
424;0
425;0
426;2
427;0
428;0
429;0
430;0
431;0
432;2
433;0
434;0
435;0
436;0
437;0
438;2
439;2
440;2
441;0
442;0
443;0
444;0
445;0
446;0
447;0
448;0
449;0
450;0
451;0
452;1
453;0
454;0
455;0
456;2
457;0
458;2
459;0
460;2
461;0
462;0
463;0
464;0
465;0
466;0
467;0
468;0
469;2
470;0
471;0
472;0
473;2
474;1
475;0
476;2
477;2
478;0
479;0
480;1
481;0
482;0
483;0
484;0
485;0
486;0
487;0
488;1
489;0
490;0
491;2
492;0
493;0
494;0
495;1
496;0
497;0
498;0
499;0
500;0
501;0
502;0
503;1
504;0
505;0
506;2
507;0
508;0
509;0
510;0
511;0
512;2
513;2
514;2
515;0
516;1
517;0
518;0
519;0
520;2
521;0
522;0
523;0
524;2
525;0
526;0
527;0
528;0
529;0
530;0
531;2
532;0
533;0
534;0
535;0
536;0
537;0
538;0
539;0
540;1
541;0
542;1
543;0
544;2
545;1
546;0
547;0
548;2
549;1
550;0
551;0
552;0
553;1
554;0
555;0
556;0
557;1
558;2
559;2
560;1
561;0
562;0
563;2
564;0
565;0
566;2
567;0
568;0
569;1
570;0
571;2
572;1
573;0
574;1
575;0
576;0
577;2
578;0
579;0
580;1
581;2
582;0
583;0
584;0
585;2
586;0
587;0
588;0
589;2
590;0
591;0
592;0
593;0
594;2
595;0
596;0
597;0
598;2
599;0
600;1
601;0
602;2
603;2
604;0
605;2
606;0
607;2
608;0
609;2
610;0
611;0
612;2
613;0
614;0
615;0
616;0
617;2
618;2
619;2
620;2
621;2
622;1
623;2
624;0
625;2
626;0
627;0
628;0
629;0
630;0
631;0
632;0
633;0
634;0
635;0
636;0
637;2
638;0
639;0
640;0
641;0
642;2
643;1
644;0
645;0
646;1
647;0
648;2
649;0
650;0
651;0
652;0
653;0
654;0
655;2
656;2
657;0
658;2
659;2
660;2
661;2
662;1
663;2
664;1
665;2
666;2
667;0
668;0
669;2
670;2
671;0
672;1
673;2
674;2
675;1
676;0
677;0
678;0
679;0
680;2
681;0
682;1
683;0
684;0
685;0
686;0
687;1
688;0
689;0
690;2
691;0
692;0
693;0
694;1
695;0
696;0
697;0
698;1
699;0
700;0
701;0
702;0
703;0
704;1
705;0
706;0
707;2
708;2
709;2
710;0
711;0
712;1
713;1
714;0
715;0
716;0
717;0
718;0
719;0
720;2
721;0
722;2
723;0
724;0
725;1
726;0
727;0
728;0
729;0
730;0
731;0
732;2
733;2
734;0
735;0
736;0
737;0
738;0
739;0
740;2
741;1
742;2
743;0
744;0
745;0
746;0
747;0
748;0
749;0
750;0
751;0
752;0
753;0
754;0
755;2
756;0
757;0
758;0
759;0
760;0
761;0
762;1
763;0
764;0
765;0
766;0
767;2
768;2
769;0
770;0
771;2
772;2
773;1
774;0
775;0
776;2
777;1
778;0
779;0
780;2
781;1
782;1
783;0
784;2
785;1
786;0
787;0
788;0
789;0
790;0
791;0
792;0
793;0
794;0
795;2
796;0
797;0
798;0
799;0
800;2
801;0
802;0
803;0
804;0
805;0
806;0
807;1
808;1
809;2
810;0
811;0
812;0
813;0
814;0
815;0
816;0
817;0
818;0
819;0
820;2
821;0
822;2
823;0
824;0
825;0
826;0
827;0
828;0
829;2
830;0
831;2
832;0
833;0
834;0
835;0
836;1
837;0
838;1
839;0
840;1
841;0
842;0
843;0
844;0
845;0
846;0
847;0
848;0
849;0
850;0
851;0
852;2
853;0
854;0
855;0
856;0
857;0
858;0
859;2
860;2
861;0
862;0
863;0
864;0
865;0
866;2
867;0
868;0
869;0
870;0
871;0
872;0
873;2
874;0
875;0
876;0
877;0
878;2
879;0
880;0
881;0
882;2
883;0
884;0
885;0
886;0
887;0
888;0
889;0
890;0
891;0
892;0
893;0
894;2
895;1
896;0
897;2
898;0
899;1
900;2
901;1
902;0
903;0
904;0
905;0
906;0
907;0
908;0
909;0
910;1
911;0
912;0
913;0
914;0
915;1
916;0
917;0
918;2
919;0
920;0
921;1
922;0
923;2
924;0
925;0
926;1
927;0
928;0
929;0
930;2
931;0
932;0
933;0
934;2
935;0
936;1
937;2
938;2
939;2
940;0
941;0
942;2
943;2
944;2
945;0
946;0
947;0
948;1
949;0
950;0
951;0
952;0
953;0
954;0
955;2
956;2
957;2
958;1
959;0
960;0
961;0
962;0
963;0
964;0
965;2
966;1
967;1
968;0
969;0
970;0
971;0
972;1
973;0
974;1
975;1
976;1
977;0
978;1
979;0
980;0
981;0
982;0
983;0
984;0
985;0
986;0
987;0
988;0
989;0
990;1
991;0
992;2
993;0
994;1
995;0
996;2
997;0
998;2
999;2
1000;0
1001;0
1002;0
1003;0
1004;0
1005;1
1006;0
1007;1
1008;0
1009;1
1010;0
1011;1
1012;0
1013;1
1014;0
1015;0
1016;0
1017;0
1018;0
1019;0
1020;0
1021;0
1022;0
1023;0
