0;0
1;0
2;0
3;0
4;4
5;0
6;0
7;1
8;0
9;2
10;0
11;0
12;1
13;0
14;0
15;0
16;0
17;0
18;0
19;0
20;1
21;0
22;0
23;2
24;2
25;2
26;0
27;0
28;0
29;0
30;0
31;0
32;0
33;0
34;0
35;0
36;0
37;0
38;0
39;0
40;0
41;0
42;0
43;1
44;0
45;0
46;0
47;2
48;0
49;0
50;0
51;0
52;0
53;0
54;0
55;0
56;0
57;0
58;0
59;0
60;0
61;0
62;0
63;0
64;2
65;0
66;0
67;1
68;0
69;0
70;1
71;0
72;0
73;0
74;0
75;1
76;0
77;0
78;0
79;0
80;0
81;0
82;0
83;1
84;0
85;1
86;0
87;2
88;0
89;0
90;0
91;1
92;0
93;0
94;0
95;0
96;1
97;0
98;0
99;0
100;1
101;2
102;2
103;2
104;2
105;0
106;1
107;2
108;0
109;0
110;0
111;0
112;2
113;2
114;0
115;0
116;2
117;0
118;2
119;0
120;0
121;2
122;2
123;0
124;0
125;0
126;1
127;1
128;0
129;0
130;0
131;0
132;0
133;0
134;0
135;2
136;0
137;0
138;0
139;1
140;0
141;1
142;0
143;2
144;0
145;0
146;0
147;0
148;0
149;0
150;2
151;1
152;0
153;0
154;0
155;0
156;0
157;2
158;2
159;1
160;0
161;1
162;0
163;0
164;0
165;0
166;1
167;0
168;0
169;0
170;0
171;0
172;0
173;0
174;1
175;0
176;0
177;0
178;1
179;2
180;2
181;2
182;0
183;0
184;1
185;0
186;0
187;0
188;0
189;0
190;0
191;0
192;0
193;0
194;0
195;0
196;2
197;0
198;2
199;1
200;0
201;0
202;0
203;0
204;0
205;0
206;0
207;2
208;0
209;0
210;0
211;0
212;1
213;2
214;0
215;0
216;0
217;0
218;0
219;0
220;0
221;0
222;0
223;0
224;0
225;1
226;0
227;0
228;0
229;0
230;2
231;2
232;2
233;0
234;0
235;0
236;1
237;0
238;0
239;2
240;0
241;0
242;0
243;2
244;1
245;2
246;2
247;0
248;0
249;0
250;0
251;0
252;0
253;0
254;2
255;0
256;0
257;0
258;1
259;0
260;0
261;0
262;0
263;0
264;2
265;0
266;0
267;1
268;0
269;2
270;1
271;2
272;0
273;0
274;0
275;0
276;0
277;2
278;0
279;0
280;0
281;0
282;0
283;0
284;2
285;1
286;2
287;1
288;0
289;0
290;0
291;0
292;2
293;0
294;2
295;1
296;0
297;0
298;0
299;0
300;0
301;0
302;0
303;0
304;0
305;2
306;0
307;2
308;0
309;2
310;0
311;0
312;0
313;0
314;2
315;0
316;0
317;2
318;2
319;0
320;0
321;0
322;0
323;0
324;0
325;0
326;0
327;0
328;0
329;0
330;0
331;0
332;1
333;0
334;0
335;1
336;0
337;0
338;0
339;0
340;2
341;0
342;2
343;2
344;0
345;0
346;2
347;0
348;2
349;2
350;0
351;0
352;1
353;0
354;0
355;0
356;0
357;0
358;0
359;2
360;2
361;0
362;2
363;0
364;0
365;1
366;0
367;0
368;0
369;2
370;2
371;0
372;0
373;1
374;0
375;2
376;0
377;1
378;0
379;0
380;1
381;0
382;2
383;2
384;0
385;0
386;1
387;0
388;0
389;0
390;0
391;1
392;2
393;1
394;0
395;0
396;0
397;0
398;0
399;2
400;0
401;0
402;0
403;0
404;0
405;0
406;0
407;0
408;2
409;1
410;0
411;1
412;0
413;0
414;0
415;0
416;0
417;0
418;0
419;0
420;0
421;0
422;2
423;1
424;0
425;0
426;0
427;0
428;0
429;2
430;0
431;2
432;2
433;0
434;0
435;0
436;2
437;0
438;1
439;0
440;0
441;0
442;0
443;1
444;0
445;0
446;1
447;0
448;0
449;2
450;2
451;1
452;0
453;0
454;0
455;0
456;0
457;0
458;0
459;0
460;0
461;0
462;0
463;0
464;0
465;0
466;2
467;2
468;0
469;0
470;0
471;2
472;1
473;2
474;0
475;2
476;1
477;0
478;0
479;2
480;0
481;1
482;0
483;0
484;1
485;0
486;0
487;0
488;0
489;0
490;0
491;0
492;0
493;0
494;0
495;0
496;2
497;0
498;0
499;2
500;4
501;0
502;0
503;0
504;0
505;2
506;0
507;0
508;2
509;0
510;2
511;2
512;2
513;0
514;0
515;0
516;0
517;0
518;0
519;0
520;1
521;0
522;0
523;2
524;2
525;2
526;2
527;0
528;0
529;0
530;2
531;0
532;1
533;0
534;0
535;0
536;0
537;0
538;0
539;0
540;2
541;2
542;0
543;0
544;0
545;0
546;0
547;0
548;2
549;0
550;2
551;0
552;2
553;2
554;0
555;0
556;0
557;0
558;0
559;0
560;0
561;0
562;0
563;0
564;1
565;0
566;2
567;1
568;0
569;0
570;0
571;0
572;2
573;0
574;1
575;0
576;0
577;0
578;0
579;0
580;0
581;0
582;0
583;0
584;2
585;0
586;2
587;0
588;0
589;0
590;0
591;0
592;0
593;0
594;0
595;0
596;0
597;1
598;0
599;0
600;0
601;1
602;0
603;0
604;0
605;0
606;0
607;2
608;2
609;0
610;2
611;1
612;2
613;2
614;2
615;1
616;2
617;1
618;0
619;0
620;1
621;0
622;0
623;1
624;2
625;0
626;0
627;1
628;0
629;0
630;0
631;0
632;1
633;0
634;1
635;0
636;1
637;0
638;0
639;0
640;0
641;2
642;0
643;0
644;0
645;2
646;0
647;0
648;2
649;0
650;0
651;2
652;2
653;0
654;2
655;0
656;0
657;0
658;0
659;1
660;0
661;2
662;0
663;0
664;0
665;0
666;2
667;0
668;1
669;0
670;0
671;2
672;0
673;2
674;2
675;1
676;0
677;2
678;2
679;4
680;2
681;0
682;1
683;0
684;2
685;0
686;0
687;2
688;0
689;0
690;0
691;0
692;2
693;0
694;1
695;1
696;0
697;1
698;0
699;0
700;0
701;0
702;2
703;0
704;0
705;0
706;0
707;1
708;0
709;2
710;2
711;2
712;0
713;0
714;0
715;0
716;0
717;0
718;2
719;0
720;2
721;0
722;0
723;0
724;1
725;0
726;1
727;0
728;1
729;0
730;2
731;0
732;0
733;0
734;0
735;2
736;2
737;0
738;0
739;1
740;0
741;0
742;1
743;0
744;2
745;1
746;0
747;0
748;0
749;0
750;0
751;1
752;0
753;2
754;2
755;0
756;2
757;0
758;0
759;0
760;0
761;1
762;0
763;2
764;0
765;1
766;0
767;0
768;2
769;2
770;2
771;2
772;0
773;0
774;0
775;0
776;2
777;0
778;0
779;1
780;0
781;0
782;0
783;0
784;0
785;0
786;0
787;2
788;2
789;2
790;1
791;2
792;0
793;2
794;0
795;0
796;2
797;0
798;0
799;0
800;2
801;0
802;0
803;0
804;0
805;0
806;0
807;0
808;1
809;0
810;0
811;0
812;0
813;0
814;1
815;1
816;2
817;0
818;0
819;2
820;0
821;0
822;2
823;0
824;1
825;0
826;1
827;0
828;0
829;1
830;0
831;1
832;2
833;2
834;2
835;2
836;1
837;0
838;0
839;0
840;0
841;0
842;1
843;0
844;0
845;0
846;2
847;1
848;0
849;0
850;1
851;1
852;1
853;0
854;1
855;0
856;0
857;0
858;2
859;0
860;0
861;0
862;0
863;2
864;2
865;0
866;0
867;0
868;1
869;0
870;2
871;1
872;0
873;0
874;0
875;0
876;0
877;0
878;0
879;0
880;0
881;2
882;1
883;0
884;0
885;2
886;2
887;0
888;0
889;0
890;0
891;0
892;2
893;0
894;0
895;1
896;0
897;0
898;0
899;0
900;2
901;2
902;1
903;0
904;0
905;0
906;0
907;1
908;0
909;0
910;0
911;2
912;2
913;0
914;2
915;0
916;0
917;0
918;0
919;1
920;0
921;0
922;0
923;2
924;0
925;0
926;0
927;0
928;0
929;0
930;1
931;0
932;2
933;0
934;2
935;1
936;0
937;0
938;0
939;0
940;0
941;2
942;1
943;0
944;2
945;0
946;0
947;0
948;0
949;0
950;1
951;0
952;0
953;0
954;0
955;2
956;1
957;0
958;0
959;2
960;0
961;0
962;0
963;0
964;1
965;0
966;0
967;0
968;0
969;1
970;0
971;0
972;0
973;0
974;0
975;1
976;0
977;2
978;1
979;0
980;1
981;0
982;0
983;0
984;0
985;2
986;0
987;0
988;0
989;0
990;2
991;0
992;0
993;2
994;1
995;0
996;2
997;0
998;0
999;2
1000;4
1001;0
1002;0
1003;2
1004;0
1005;0
1006;0
1007;0
1008;2
1009;0
1010;1
1011;0
1012;1
1013;0
1014;0
1015;0
1016;0
1017;0
1018;0
1019;0
1020;0
1021;0
1022;0
1023;0
