0;0
1;0
2;0
3;0
4;0
5;0
6;0
7;0
8;0
9;0
10;0
11;2
12;0
13;1
14;0
15;2
16;2
17;0
18;0
19;1
20;0
21;0
22;2
23;0
24;0
25;2
26;2
27;1
28;1
29;1
30;0
31;0
32;0
33;0
34;1
35;1
36;0
37;0
38;0
39;1
40;0
41;0
42;0
43;0
44;0
45;0
46;1
47;0
48;0
49;0
50;0
51;2
52;2
53;0
54;0
55;0
56;0
57;0
58;0
59;0
60;2
61;0
62;1
63;0
64;0
65;1
66;0
67;1
68;0
69;0
70;0
71;0
72;2
73;0
74;0
75;0
76;0
77;0
78;0
79;0
80;2
81;0
82;0
83;2
84;2
85;0
86;2
87;2
88;1
89;0
90;2
91;2
92;2
93;0
94;0
95;0
96;0
97;0
98;0
99;0
100;1
101;0
102;0
103;2
104;0
105;0
106;0
107;0
108;0
109;2
110;1
111;0
112;0
113;0
114;2
115;1
116;0
117;0
118;0
119;2
120;1
121;2
122;0
123;1
124;0
125;0
126;0
127;0
128;2
129;2
130;0
131;0
132;2
133;0
134;0
135;0
136;2
137;0
138;0
139;0
140;0
141;0
142;1
143;0
144;2
145;0
146;1
147;0
148;1
149;0
150;1
151;0
152;0
153;0
154;0
155;0
156;2
157;0
158;2
159;2
160;0
161;0
162;2
163;0
164;0
165;0
166;2
167;0
168;0
169;0
170;0
171;0
172;2
173;0
174;0
175;0
176;0
177;2
178;0
179;0
180;0
181;0
182;2
183;0
184;0
185;0
186;0
187;0
188;0
189;1
190;0
191;0
192;0
193;0
194;0
195;1
196;0
197;2
198;2
199;0
200;0
201;2
202;0
203;1
204;0
205;0
206;0
207;0
208;0
209;0
210;0
211;0
212;0
213;1
214;0
215;0
216;0
217;0
218;2
219;0
220;2
221;0
222;0
223;0
224;0
225;1
226;0
227;0
228;0
229;0
230;0
231;0
232;0
233;0
234;2
235;0
236;0
237;0
238;0
239;1
240;0
241;2
242;2
243;2
244;1
245;0
246;2
247;0
248;0
249;1
250;0
251;0
252;0
253;0
254;1
255;0
256;0
257;0
258;0
259;0
260;0
261;2
262;1
263;0
264;1
265;1
266;2
267;2
268;0
269;0
270;0
271;0
272;0
273;0
274;0
275;0
276;0
277;0
278;0
279;0
280;1
281;1
282;0
283;2
284;0
285;1
286;0
287;2
288;0
289;2
290;0
291;0
292;0
293;2
294;2
295;0
296;0
297;0
298;0
299;0
300;0
301;0
302;0
303;0
304;0
305;2
306;0
307;2
308;2
309;0
310;0
311;0
312;2
313;0
314;2
315;1
316;0
317;0
318;0
319;2
320;0
321;0
322;0
323;0
324;0
325;0
326;1
327;0
328;0
329;0
330;0
331;0
332;2
333;0
334;2
335;0
336;0
337;0
338;0
339;2
340;0
341;0
342;0
343;0
344;0
345;0
346;0
347;0
348;0
349;0
350;1
351;0
352;0
353;0
354;0
355;1
356;0
357;0
358;0
359;0
360;0
361;0
362;2
363;0
364;2
365;0
366;2
367;0
368;1
369;0
370;0
371;0
372;0
373;0
374;2
375;0
376;0
377;0
378;0
379;1
380;0
381;0
382;0
383;1
384;0
385;0
386;0
387;0
388;2
389;0
390;0
391;1
392;0
393;2
394;1
395;0
396;2
397;1
398;0
399;0
400;2
401;0
402;2
403;0
404;0
405;0
406;0
407;0
408;1
409;0
410;0
411;2
412;0
413;0
414;2
415;1
416;0
417;0
418;2
419;0
420;0
421;2
422;0
423;0
424;0
425;1
426;0
427;0
428;0
429;1
430;0
431;0
432;2
433;0
434;1
435;2
436;2
437;0
438;0
439;0
440;0
441;0
442;0
443;1
444;1
445;1
446;0
447;0
448;0
449;0
450;0
451;1
452;0
453;0
454;0
455;0
456;0
457;2
458;0
459;0
460;0
461;2
462;0
463;0
464;0
465;0
466;0
467;0
468;1
469;0
470;0
471;2
472;1
473;2
474;0
475;0
476;0
477;0
478;0
479;0
480;1
481;0
482;2
483;0
484;0
485;0
486;0
487;0
488;0
489;0
490;2
491;2
492;0
493;0
494;0
495;0
496;0
497;0
498;0
499;1
500;0
501;1
502;0
503;2
504;0
505;0
506;0
507;0
508;0
509;2
510;0
511;1
512;2
513;0
514;2
515;0
516;0
517;2
518;0
519;0
520;1
521;0
522;1
523;0
524;0
525;1
526;0
527;0
528;0
529;0
530;2
531;2
532;2
533;2
534;0
535;2
536;2
537;0
538;0
539;0
540;0
541;0
542;0
543;0
544;0
545;0
546;1
547;1
548;0
549;1
550;2
551;1
552;0
553;0
554;0
555;1
556;0
557;0
558;2
559;0
560;1
561;0
562;2
563;0
564;2
565;2
566;0
567;0
568;0
569;2
570;2
571;0
572;0
573;1
574;0
575;0
576;0
577;2
578;0
579;1
580;0
581;0
582;2
583;0
584;0
585;0
586;0
587;2
588;0
589;0
590;2
591;0
592;0
593;0
594;2
595;1
596;2
597;0
598;0
599;0
600;0
601;0
602;0
603;0
604;0
605;0
606;0
607;2
608;0
609;2
610;1
611;0
612;1
613;0
614;0
615;2
616;0
617;0
618;0
619;2
620;2
621;2
622;0
623;0
624;0
625;0
626;2
627;0
628;0
629;0
630;0
631;0
632;1
633;0
634;0
635;2
636;0
637;0
638;0
639;0
640;0
641;0
642;2
643;1
644;0
645;2
646;0
647;0
648;0
649;0
650;0
651;0
652;1
653;0
654;0
655;2
656;2
657;0
658;0
659;0
660;0
661;0
662;0
663;0
664;0
665;1
666;0
667;1
668;0
669;0
670;2
671;0
672;1
673;2
674;2
675;1
676;0
677;2
678;0
679;2
680;1
681;0
682;0
683;0
684;0
685;0
686;0
687;0
688;0
689;0
690;0
691;0
692;1
693;0
694;2
695;1
696;0
697;0
698;2
699;0
700;0
701;0
702;0
703;0
704;2
705;1
706;0
707;2
708;0
709;0
710;0
711;0
712;0
713;1
714;0
715;0
716;1
717;0
718;0
719;1
720;0
721;2
722;0
723;0
724;0
725;0
726;0
727;0
728;0
729;0
730;0
731;0
732;0
733;2
734;1
735;0
736;0
737;1
738;0
739;1
740;2
741;2
742;0
743;1
744;0
745;0
746;0
747;0
748;2
749;1
750;0
751;1
752;0
753;0
754;0
755;1
756;0
757;0
758;2
759;1
760;1
761;0
762;2
763;2
764;2
765;1
766;0
767;0
768;2
769;2
770;0
771;0
772;0
773;0
774;0
775;0
776;0
777;0
778;2
779;2
780;2
781;0
782;2
783;0
784;0
785;0
786;0
787;0
788;1
789;0
790;0
791;0
792;0
793;0
794;1
795;0
796;0
797;0
798;0
799;0
800;1
801;1
802;0
803;2
804;0
805;0
806;0
807;1
808;0
809;0
810;0
811;2
812;4
813;0
814;0
815;0
816;0
817;0
818;0
819;0
820;1
821;0
822;0
823;2
824;0
825;1
826;0
827;0
828;0
829;1
830;1
831;0
832;2
833;2
834;0
835;0
836;0
837;0
838;2
839;0
840;2
841;0
842;0
843;0
844;2
845;0
846;0
847;1
848;0
849;0
850;2
851;0
852;0
853;0
854;0
855;0
856;1
857;0
858;0
859;0
860;0
861;0
862;2
863;1
864;0
865;0
866;0
867;1
868;2
869;0
870;0
871;0
872;0
873;1
874;0
875;0
876;2
877;2
878;0
879;0
880;0
881;0
882;0
883;0
884;0
885;1
886;0
887;0
888;0
889;0
890;0
891;0
892;0
893;1
894;0
895;0
896;0
897;1
898;0
899;0
900;0
901;0
902;0
903;1
904;2
905;0
906;0
907;0
908;2
909;2
910;1
911;0
912;0
913;0
914;0
915;2
916;0
917;0
918;0
919;0
920;1
921;0
922;0
923;0
924;0
925;1
926;1
927;0
928;0
929;0
930;0
931;1
932;0
933;0
934;0
935;0
936;0
937;0
938;0
939;0
940;0
941;0
942;0
943;0
944;2
945;2
946;0
947;1
948;0
949;0
950;0
951;2
952;2
953;0
954;0
955;2
956;2
957;2
958;0
959;0
960;0
961;1
962;0
963;0
964;0
965;2
966;0
967;2
968;0
969;0
970;2
971;0
972;0
973;1
974;0
975;0
976;1
977;0
978;0
979;0
980;0
981;2
982;2
983;1
984;0
985;0
986;2
987;0
988;0
989;0
990;0
991;0
992;0
993;2
994;2
995;2
996;2
997;0
998;0
999;0
1000;2
1001;0
1002;1
1003;0
1004;0
1005;1
1006;2
1007;0
1008;1
1009;0
1010;0
1011;0
1012;1
1013;0
1014;0
1015;0
1016;0
1017;0
1018;0
1019;0
1020;0
1021;0
1022;0
1023;0
