0;0
1;0
2;0
3;0
4;2
5;0
6;2
7;1
8;2
9;0
10;2
11;2
12;2
13;1
14;0
15;2
16;2
17;2
18;2
19;0
20;0
21;0
22;0
23;0
24;0
25;0
26;0
27;2
28;1
29;0
30;0
31;0
32;0
33;0
34;0
35;0
36;0
37;0
38;0
39;0
40;1
41;0
42;0
43;2
44;0
45;0
46;0
47;2
48;2
49;0
50;2
51;0
52;2
53;0
54;2
55;0
56;2
57;0
58;0
59;1
60;0
61;0
62;0
63;0
64;2
65;1
66;1
67;0
68;0
69;0
70;0
71;0
72;1
73;0
74;0
75;0
76;0
77;2
78;2
79;1
80;0
81;0
82;0
83;0
84;1
85;0
86;1
87;0
88;0
89;0
90;1
91;2
92;0
93;0
94;0
95;2
96;2
97;0
98;1
99;1
100;0
101;0
102;0
103;0
104;0
105;0
106;0
107;0
108;0
109;0
110;0
111;0
112;0
113;0
114;0
115;0
116;0
117;0
118;0
119;0
120;0
121;2
122;1
123;0
124;2
125;0
126;0
127;0
128;0
129;1
130;1
131;0
132;0
133;2
134;2
135;1
136;0
137;0
138;0
139;2
140;2
141;0
142;2
143;0
144;2
145;0
146;0
147;2
148;1
149;1
150;0
151;0
152;2
153;2
154;1
155;2
156;0
157;0
158;1
159;0
160;0
161;2
162;1
163;0
164;0
165;0
166;1
167;0
168;0
169;2
170;0
171;0
172;2
173;0
174;0
175;0
176;0
177;0
178;2
179;2
180;0
181;0
182;0
183;0
184;2
185;0
186;2
187;0
188;0
189;0
190;2
191;0
192;0
193;0
194;2
195;0
196;0
197;0
198;0
199;0
200;2
201;0
202;0
203;0
204;2
205;1
206;0
207;0
208;2
209;0
210;0
211;1
212;0
213;0
214;0
215;0
216;0
217;0
218;0
219;0
220;0
221;0
222;0
223;0
224;0
225;0
226;2
227;2
228;1
229;0
230;0
231;2
232;2
233;0
234;2
235;2
236;2
237;0
238;0
239;0
240;0
241;0
242;2
243;0
244;0
245;0
246;0
247;0
248;1
249;0
250;0
251;0
252;0
253;2
254;2
255;1
256;0
257;2
258;0
259;0
260;0
261;0
262;0
263;0
264;0
265;0
266;1
267;0
268;0
269;0
270;1
271;0
272;1
273;0
274;0
275;2
276;1
277;0
278;0
279;0
280;1
281;2
282;2
283;2
284;0
285;2
286;2
287;0
288;2
289;0
290;0
291;2
292;2
293;0
294;1
295;0
296;0
297;1
298;0
299;0
300;0
301;1
302;2
303;2
304;2
305;0
306;2
307;0
308;0
309;2
310;0
311;0
312;1
313;0
314;0
315;0
316;0
317;0
318;1
319;0
320;2
321;0
322;0
323;2
324;2
325;0
326;2
327;0
328;0
329;0
330;2
331;2
332;2
333;0
334;1
335;0
336;0
337;0
338;2
339;2
340;0
341;0
342;0
343;0
344;0
345;0
346;0
347;0
348;1
349;2
350;2
351;1
352;0
353;0
354;0
355;0
356;1
357;0
358;1
359;0
360;0
361;0
362;0
363;0
364;1
365;0
366;0
367;2
368;2
369;0
370;1
371;1
372;0
373;0
374;2
375;0
376;2
377;0
378;0
379;0
380;0
381;0
382;1
383;0
384;0
385;0
386;0
387;0
388;0
389;1
390;0
391;0
392;0
393;0
394;1
395;0
396;0
397;1
398;0
399;0
400;0
401;1
402;0
403;0
404;2
405;1
406;0
407;0
408;0
409;0
410;0
411;1
412;0
413;0
414;2
415;2
416;2
417;0
418;2
419;2
420;0
421;0
422;0
423;0
424;0
425;2
426;1
427;0
428;1
429;0
430;0
431;0
432;0
433;0
434;2
435;0
436;0
437;0
438;0
439;0
440;0
441;0
442;0
443;2
444;0
445;2
446;0
447;1
448;0
449;1
450;0
451;0
452;0
453;0
454;0
455;0
456;1
457;0
458;0
459;2
460;1
461;0
462;0
463;1
464;2
465;0
466;0
467;0
468;1
469;0
470;0
471;0
472;0
473;0
474;0
475;0
476;0
477;0
478;2
479;2
480;0
481;0
482;1
483;0
484;0
485;0
486;1
487;0
488;0
489;0
490;0
491;0
492;0
493;2
494;2
495;1
496;2
497;0
498;0
499;0
500;0
501;0
502;0
503;0
504;1
505;0
506;0
507;0
508;0
509;2
510;2
511;2
512;0
513;0
514;0
515;2
516;2
517;0
518;0
519;0
520;2
521;1
522;2
523;0
524;0
525;0
526;0
527;1
528;2
529;2
530;2
531;0
532;2
533;2
534;2
535;0
536;2
537;0
538;0
539;0
540;0
541;0
542;0
543;2
544;1
545;0
546;0
547;0
548;1
549;0
550;0
551;2
552;0
553;0
554;2
555;2
556;2
557;0
558;2
559;2
560;1
561;0
562;0
563;1
564;0
565;0
566;1
567;0
568;0
569;0
570;1
571;0
572;0
573;0
574;0
575;0
576;2
577;0
578;0
579;0
580;0
581;0
582;0
583;0
584;0
585;0
586;0
587;0
588;2
589;0
590;0
591;0
592;0
593;0
594;0
595;1
596;0
597;0
598;0
599;1
600;0
601;0
602;0
603;2
604;2
605;0
606;0
607;1
608;2
609;0
610;0
611;0
612;2
613;1
614;0
615;2
616;1
617;0
618;0
619;0
620;0
621;0
622;0
623;0
624;0
625;0
626;0
627;1
628;0
629;0
630;1
631;0
632;0
633;0
634;0
635;2
636;1
637;0
638;2
639;1
640;2
641;0
642;1
643;0
644;0
645;0
646;0
647;2
648;0
649;0
650;2
651;2
652;2
653;1
654;0
655;0
656;2
657;0
658;2
659;0
660;0
661;0
662;0
663;0
664;0
665;0
666;0
667;0
668;0
669;0
670;0
671;0
672;0
673;0
674;0
675;0
676;2
677;2
678;0
679;2
680;0
681;0
682;0
683;0
684;0
685;2
686;2
687;0
688;1
689;0
690;0
691;1
692;0
693;0
694;0
695;2
696;2
697;2
698;0
699;1
700;0
701;0
702;2
703;0
704;2
705;0
706;0
707;0
708;0
709;2
710;0
711;0
712;0
713;0
714;2
715;0
716;1
717;0
718;0
719;1
720;0
721;0
722;0
723;0
724;0
725;0
726;1
727;1
728;0
729;1
730;0
731;0
732;0
733;0
734;0
735;0
736;0
737;1
738;0
739;0
740;1
741;1
742;0
743;1
744;1
745;0
746;2
747;1
748;0
749;0
750;2
751;2
752;0
753;0
754;0
755;2
756;0
757;1
758;0
759;0
760;0
761;0
762;1
763;0
764;0
765;0
766;2
767;1
768;0
769;0
770;0
771;0
772;0
773;2
774;0
775;0
776;1
777;0
778;1
779;2
780;0
781;0
782;1
783;0
784;0
785;0
786;0
787;1
788;0
789;0
790;0
791;0
792;2
793;0
794;0
795;2
796;2
797;0
798;0
799;0
800;0
801;2
802;2
803;1
804;2
805;1
806;1
807;0
808;2
809;0
810;2
811;0
812;0
813;0
814;0
815;0
816;1
817;0
818;0
819;2
820;0
821;0
822;0
823;1
824;0
825;0
826;2
827;0
828;0
829;0
830;0
831;2
832;0
833;0
834;0
835;0
836;2
837;0
838;0
839;0
840;2
841;1
842;0
843;0
844;1
845;0
846;0
847;0
848;0
849;0
850;0
851;0
852;0
853;0
854;0
855;0
856;0
857;0
858;2
859;0
860;0
861;2
862;0
863;0
864;0
865;0
866;2
867;1
868;0
869;0
870;0
871;0
872;0
873;0
874;1
875;0
876;0
877;0
878;0
879;0
880;1
881;0
882;0
883;0
884;1
885;0
886;0
887;2
888;2
889;0
890;0
891;0
892;0
893;2
894;2
895;0
896;0
897;0
898;0
899;0
900;0
901;1
902;0
903;0
904;0
905;1
906;0
907;1
908;0
909;0
910;0
911;2
912;1
913;0
914;0
915;0
916;0
917;2
918;0
919;2
920;0
921;0
922;2
923;0
924;0
925;0
926;0
927;0
928;0
929;0
930;0
931;2
932;1
933;0
934;2
935;2
936;2
937;0
938;0
939;0
940;2
941;0
942;0
943;0
944;0
945;2
946;0
947;0
948;0
949;0
950;2
951;0
952;0
953;2
954;2
955;0
956;0
957;0
958;2
959;2
960;1
961;0
962;0
963;0
964;1
965;0
966;0
967;2
968;0
969;0
970;2
971;2
972;0
973;0
974;0
975;0
976;2
977;0
978;0
979;2
980;0
981;0
982;0
983;0
984;0
985;0
986;2
987;0
988;2
989;0
990;2
991;0
992;0
993;0
994;0
995;2
996;1
997;0
998;0
999;0
1000;0
1001;0
1002;0
1003;0
1004;0
1005;0
1006;0
1007;0
1008;0
1009;2
1010;0
1011;0
1012;1
1013;1
1014;1
1015;0
1016;0
1017;0
1018;0
1019;0
1020;0
1021;0
1022;0
1023;0
