0;0
1;0
2;0
3;0
4;2
5;0
6;2
7;1
8;2
9;0
10;2
11;2
12;1
13;1
14;0
15;0
16;1
17;0
18;1
19;1
20;0
21;2
22;0
23;0
24;0
25;0
26;0
27;0
28;0
29;2
30;0
31;0
32;0
33;0
34;0
35;0
36;1
37;0
38;0
39;0
40;0
41;0
42;1
43;0
44;0
45;1
46;0
47;1
48;0
49;0
50;0
51;0
52;1
53;0
54;0
55;2
56;2
57;0
58;2
59;1
60;0
61;0
62;0
63;0
64;2
65;0
66;0
67;0
68;0
69;1
70;1
71;1
72;0
73;2
74;0
75;0
76;0
77;0
78;2
79;0
80;0
81;2
82;1
83;0
84;2
85;0
86;1
87;0
88;0
89;0
90;2
91;0
92;1
93;0
94;0
95;2
96;1
97;0
98;0
99;2
100;1
101;2
102;0
103;2
104;0
105;0
106;0
107;0
108;2
109;2
110;1
111;0
112;0
113;0
114;0
115;0
116;0
117;0
118;2
119;0
120;0
121;0
122;0
123;0
124;0
125;0
126;2
127;0
128;2
129;2
130;0
131;2
132;0
133;0
134;2
135;1
136;1
137;0
138;1
139;0
140;1
141;0
142;0
143;0
144;2
145;0
146;0
147;0
148;2
149;0
150;2
151;2
152;2
153;0
154;1
155;0
156;1
157;2
158;1
159;0
160;0
161;0
162;1
163;0
164;4
165;1
166;0
167;0
168;0
169;2
170;1
171;2
172;2
173;0
174;0
175;1
176;0
177;0
178;0
179;0
180;0
181;0
182;2
183;1
184;0
185;0
186;1
187;0
188;0
189;0
190;0
191;1
192;0
193;0
194;0
195;2
196;0
197;0
198;2
199;0
200;1
201;0
202;0
203;0
204;0
205;1
206;0
207;0
208;0
209;0
210;0
211;0
212;1
213;0
214;0
215;0
216;2
217;0
218;0
219;0
220;1
221;0
222;0
223;1
224;0
225;0
226;2
227;0
228;0
229;2
230;0
231;1
232;0
233;0
234;0
235;2
236;1
237;0
238;0
239;2
240;4
241;0
242;0
243;2
244;0
245;0
246;0
247;0
248;2
249;0
250;0
251;0
252;0
253;1
254;0
255;0
256;2
257;1
258;0
259;1
260;0
261;0
262;0
263;0
264;0
265;0
266;0
267;2
268;0
269;2
270;0
271;0
272;0
273;0
274;0
275;0
276;0
277;2
278;2
279;0
280;0
281;1
282;0
283;2
284;1
285;0
286;2
287;2
288;1
289;0
290;2
291;0
292;2
293;0
294;0
295;0
296;0
297;0
298;0
299;0
300;0
301;1
302;0
303;0
304;0
305;2
306;0
307;0
308;0
309;0
310;1
311;2
312;0
313;0
314;0
315;0
316;1
317;0
318;0
319;0
320;0
321;2
322;0
323;0
324;0
325;0
326;0
327;0
328;0
329;0
330;2
331;0
332;0
333;0
334;0
335;2
336;0
337;0
338;2
339;0
340;0
341;0
342;2
343;0
344;0
345;0
346;1
347;0
348;0
349;0
350;0
351;0
352;0
353;0
354;0
355;0
356;0
357;1
358;0
359;0
360;0
361;0
362;0
363;2
364;1
365;0
366;1
367;0
368;0
369;0
370;1
371;0
372;2
373;0
374;0
375;2
376;2
377;0
378;0
379;0
380;0
381;0
382;0
383;0
384;0
385;0
386;0
387;2
388;2
389;0
390;2
391;2
392;0
393;1
394;2
395;0
396;0
397;0
398;0
399;2
400;0
401;1
402;0
403;0
404;2
405;1
406;0
407;0
408;0
409;0
410;0
411;0
412;0
413;0
414;0
415;0
416;1
417;0
418;0
419;0
420;0
421;0
422;0
423;0
424;0
425;0
426;0
427;0
428;1
429;0
430;2
431;0
432;0
433;1
434;0
435;0
436;0
437;0
438;1
439;0
440;2
441;0
442;0
443;2
444;2
445;1
446;0
447;0
448;1
449;0
450;2
451;2
452;1
453;1
454;0
455;2
456;2
457;2
458;0
459;0
460;0
461;0
462;0
463;0
464;2
465;0
466;0
467;0
468;2
469;2
470;0
471;0
472;0
473;0
474;0
475;2
476;0
477;0
478;0
479;0
480;0
481;0
482;2
483;2
484;2
485;0
486;2
487;0
488;2
489;2
490;1
491;0
492;0
493;0
494;0
495;0
496;0
497;0
498;0
499;2
500;0
501;0
502;0
503;0
504;0
505;0
506;0
507;1
508;2
509;0
510;1
511;0
512;0
513;0
514;0
515;0
516;0
517;0
518;0
519;2
520;1
521;0
522;0
523;2
524;4
525;0
526;1
527;1
528;0
529;0
530;0
531;0
532;2
533;0
534;0
535;0
536;0
537;2
538;0
539;0
540;1
541;0
542;0
543;0
544;0
545;0
546;0
547;2
548;0
549;0
550;0
551;0
552;0
553;0
554;0
555;2
556;2
557;0
558;0
559;0
560;0
561;0
562;0
563;0
564;0
565;0
566;2
567;2
568;0
569;1
570;0
571;2
572;2
573;0
574;0
575;1
576;0
577;0
578;2
579;0
580;2
581;0
582;2
583;2
584;2
585;0
586;0
587;1
588;0
589;2
590;1
591;0
592;0
593;0
594;0
595;0
596;0
597;1
598;0
599;0
600;2
601;0
602;1
603;0
604;0
605;1
606;0
607;1
608;2
609;0
610;0
611;1
612;0
613;0
614;0
615;1
616;0
617;0
618;0
619;0
620;2
621;0
622;0
623;2
624;1
625;0
626;0
627;2
628;1
629;0
630;1
631;0
632;1
633;0
634;0
635;0
636;0
637;0
638;2
639;0
640;0
641;0
642;0
643;0
644;0
645;0
646;0
647;0
648;0
649;0
650;0
651;1
652;1
653;0
654;0
655;0
656;1
657;0
658;2
659;0
660;0
661;0
662;0
663;2
664;1
665;0
666;0
667;2
668;2
669;0
670;2
671;1
672;0
673;0
674;2
675;0
676;0
677;0
678;2
679;2
680;0
681;0
682;2
683;2
684;0
685;0
686;0
687;0
688;0
689;1
690;0
691;0
692;0
693;0
694;1
695;2
696;2
697;0
698;0
699;0
700;1
701;0
702;0
703;0
704;0
705;0
706;2
707;2
708;1
709;0
710;0
711;1
712;0
713;2
714;2
715;2
716;2
717;2
718;0
719;0
720;1
721;0
722;1
723;0
724;2
725;0
726;0
727;0
728;0
729;0
730;1
731;0
732;0
733;0
734;0
735;2
736;2
737;0
738;0
739;2
740;2
741;1
742;0
743;0
744;0
745;0
746;2
747;1
748;0
749;0
750;1
751;0
752;0
753;0
754;1
755;0
756;0
757;0
758;0
759;0
760;1
761;0
762;0
763;2
764;0
765;0
766;2
767;0
768;0
769;0
770;0
771;0
772;2
773;0
774;2
775;1
776;0
777;0
778;1
779;0
780;0
781;2
782;1
783;0
784;0
785;1
786;0
787;0
788;0
789;0
790;0
791;2
792;2
793;0
794;2
795;0
796;2
797;2
798;2
799;0
800;2
801;0
802;1
803;0
804;0
805;0
806;0
807;1
808;0
809;0
810;0
811;2
812;1
813;0
814;2
815;2
816;2
817;0
818;2
819;0
820;1
821;0
822;0
823;0
824;2
825;1
826;0
827;0
828;2
829;0
830;1
831;1
832;0
833;1
834;2
835;2
836;1
837;0
838;0
839;0
840;2
841;0
842;0
843;0
844;0
845;0
846;0
847;0
848;0
849;0
850;0
851;1
852;0
853;0
854;2
855;0
856;0
857;0
858;0
859;0
860;0
861;0
862;1
863;2
864;2
865;0
866;0
867;2
868;1
869;0
870;0
871;0
872;1
873;0
874;1
875;0
876;0
877;0
878;0
879;2
880;0
881;0
882;0
883;1
884;0
885;0
886;1
887;0
888;2
889;0
890;0
891;2
892;2
893;1
894;0
895;1
896;0
897;0
898;0
899;2
900;0
901;0
902;0
903;0
904;0
905;0
906;1
907;2
908;1
909;0
910;0
911;0
912;2
913;0
914;2
915;0
916;0
917;0
918;0
919;0
920;2
921;0
922;0
923;0
924;0
925;0
926;0
927;0
928;0
929;0
930;1
931;0
932;0
933;0
934;0
935;0
936;0
937;0
938;0
939;0
940;1
941;0
942;1
943;2
944;0
945;2
946;0
947;0
948;0
949;0
950;2
951;0
952;0
953;0
954;2
955;1
956;0
957;0
958;0
959;2
960;1
961;2
962;0
963;0
964;2
965;0
966;0
967;0
968;1
969;0
970;0
971;0
972;0
973;0
974;0
975;2
976;2
977;0
978;2
979;0
980;2
981;0
982;0
983;0
984;0
985;0
986;0
987;0
988;0
989;2
990;2
991;0
992;0
993;1
994;2
995;0
996;0
997;0
998;0
999;0
1000;0
1001;0
1002;2
1003;2
1004;0
1005;0
1006;0
1007;2
1008;1
1009;2
1010;2
1011;0
1012;1
1013;0
1014;1
1015;0
1016;0
1017;0
1018;0
1019;0
1020;0
1021;0
1022;0
1023;0
