0;1
1;0
2;0
3;2
4;2
5;0
6;2
7;2
8;2
9;0
10;2
11;0
12;2
13;0
14;0
15;2
16;0
17;0
18;0
19;2
20;1
21;1
22;0
23;0
24;1
25;1
26;0
27;0
28;2
29;0
30;1
31;2
32;2
33;0
34;0
35;0
36;2
37;2
38;0
39;2
40;0
41;0
42;0
43;0
44;1
45;0
46;0
47;0
48;0
49;0
50;0
51;0
52;0
53;0
54;2
55;1
56;0
57;0
58;1
59;0
60;2
61;1
62;2
63;0
64;0
65;0
66;0
67;0
68;0
69;0
70;0
71;0
72;1
73;2
74;0
75;0
76;1
77;0
78;0
79;0
80;1
81;0
82;0
83;0
84;2
85;0
86;1
87;2
88;0
89;0
90;0
91;0
92;0
93;0
94;0
95;0
96;2
97;2
98;0
99;1
100;0
101;1
102;2
103;0
104;0
105;0
106;1
107;0
108;0
109;2
110;1
111;2
112;0
113;0
114;0
115;0
116;1
117;0
118;2
119;0
120;2
121;0
122;1
123;0
124;2
125;0
126;0
127;2
128;2
129;0
130;1
131;0
132;0
133;0
134;0
135;0
136;0
137;0
138;0
139;2
140;0
141;2
142;0
143;0
144;0
145;0
146;0
147;2
148;0
149;2
150;0
151;0
152;0
153;0
154;0
155;0
156;1
157;0
158;0
159;0
160;0
161;2
162;2
163;0
164;1
165;0
166;0
167;0
168;0
169;0
170;1
171;0
172;1
173;1
174;1
175;1
176;2
177;0
178;0
179;0
180;2
181;0
182;0
183;0
184;0
185;2
186;2
187;2
188;2
189;1
190;0
191;0
192;0
193;0
194;0
195;2
196;0
197;0
198;0
199;0
200;0
201;0
202;0
203;1
204;1
205;0
206;2
207;0
208;2
209;0
210;0
211;0
212;0
213;2
214;0
215;0
216;0
217;2
218;1
219;0
220;1
221;0
222;0
223;2
224;0
225;0
226;0
227;0
228;2
229;0
230;2
231;0
232;0
233;1
234;0
235;0
236;0
237;0
238;0
239;0
240;0
241;0
242;0
243;0
244;2
245;0
246;0
247;0
248;0
249;0
250;2
251;2
252;0
253;0
254;0
255;0
256;1
257;0
258;1
259;1
260;0
261;0
262;0
263;1
264;0
265;0
266;1
267;2
268;2
269;0
270;2
271;2
272;1
273;0
274;0
275;0
276;2
277;0
278;2
279;0
280;0
281;0
282;0
283;0
284;1
285;0
286;0
287;2
288;0
289;0
290;1
291;0
292;0
293;0
294;0
295;0
296;2
297;0
298;2
299;0
300;1
301;0
302;2
303;2
304;1
305;2
306;0
307;0
308;2
309;0
310;2
311;2
312;2
313;1
314;1
315;0
316;2
317;0
318;0
319;2
320;0
321;0
322;0
323;0
324;1
325;0
326;0
327;0
328;2
329;0
330;0
331;2
332;1
333;0
334;0
335;2
336;2
337;0
338;2
339;0
340;2
341;0
342;0
343;0
344;0
345;0
346;0
347;1
348;2
349;2
350;0
351;1
352;0
353;0
354;0
355;0
356;1
357;1
358;0
359;0
360;0
361;0
362;0
363;2
364;0
365;2
366;0
367;0
368;0
369;0
370;0
371;0
372;1
373;1
374;0
375;0
376;1
377;0
378;0
379;1
380;0
381;2
382;0
383;0
384;0
385;1
386;0
387;0
388;0
389;1
390;0
391;0
392;0
393;1
394;0
395;2
396;1
397;2
398;0
399;0
400;2
401;0
402;0
403;0
404;2
405;2
406;1
407;0
408;0
409;2
410;0
411;2
412;2
413;0
414;0
415;1
416;0
417;0
418;0
419;2
420;0
421;1
422;0
423;1
424;0
425;0
426;0
427;1
428;0
429;0
430;2
431;2
432;1
433;0
434;2
435;2
436;0
437;0
438;2
439;0
440;0
441;0
442;1
443;1
444;4
445;2
446;2
447;2
448;0
449;0
450;0
451;0
452;2
453;2
454;0
455;0
456;1
457;0
458;1
459;2
460;2
461;0
462;0
463;0
464;2
465;2
466;0
467;4
468;0
469;1
470;1
471;1
472;1
473;0
474;2
475;2
476;2
477;2
478;1
479;2
480;1
481;0
482;1
483;0
484;2
485;0
486;0
487;0
488;0
489;0
490;0
491;2
492;2
493;2
494;2
495;0
496;2
497;0
498;0
499;0
500;0
501;0
502;0
503;0
504;0
505;0
506;0
507;0
508;0
509;0
510;2
511;0
512;0
513;0
514;0
515;0
516;1
517;0
518;0
519;1
520;0
521;0
522;0
523;0
524;4
525;2
526;2
527;0
528;2
529;0
530;0
531;2
532;4
533;0
534;0
535;2
536;0
537;0
538;2
539;2
540;2
541;2
542;2
543;0
544;0
545;0
546;0
547;0
548;0
549;2
550;0
551;0
552;0
553;1
554;1
555;0
556;2
557;1
558;0
559;1
560;2
561;2
562;2
563;2
564;0
565;2
566;0
567;0
568;2
569;2
570;1
571;2
572;2
573;1
574;2
575;0
576;0
577;0
578;0
579;0
580;0
581;0
582;0
583;0
584;2
585;1
586;0
587;2
588;2
589;0
590;1
591;0
592;0
593;0
594;1
595;0
596;1
597;0
598;0
599;0
600;0
601;2
602;1
603;0
604;0
605;1
606;0
607;0
608;2
609;0
610;0
611;0
612;0
613;0
614;0
615;0
616;4
617;1
618;0
619;0
620;2
621;2
622;0
623;2
624;1
625;0
626;0
627;0
628;0
629;1
630;0
631;0
632;0
633;0
634;0
635;0
636;0
637;0
638;0
639;0
640;2
641;1
642;2
643;0
644;2
645;0
646;1
647;0
648;0
649;0
650;0
651;2
652;0
653;0
654;1
655;1
656;0
657;0
658;0
659;0
660;0
661;2
662;1
663;2
664;2
665;0
666;0
667;0
668;4
669;0
670;2
671;0
672;0
673;2
674;1
675;2
676;4
677;0
678;2
679;0
680;4
681;0
682;1
683;0
684;2
685;0
686;1
687;2
688;2
689;1
690;0
691;0
692;0
693;1
694;0
695;0
696;0
697;0
698;2
699;1
700;0
701;0
702;2
703;2
704;0
705;0
706;0
707;0
708;1
709;0
710;0
711;1
712;2
713;0
714;0
715;0
716;2
717;0
718;2
719;4
720;0
721;2
722;1
723;0
724;1
725;0
726;2
727;2
728;0
729;0
730;0
731;2
732;4
733;2
734;2
735;2
736;1
737;0
738;2
739;0
740;2
741;0
742;0
743;2
744;0
745;0
746;0
747;0
748;0
749;0
750;0
751;0
752;0
753;0
754;1
755;0
756;0
757;0
758;2
759;2
760;0
761;2
762;0
763;0
764;0
765;0
766;0
767;0
768;0
769;0
770;0
771;0
772;0
773;1
774;2
775;0
776;1
777;0
778;0
779;0
780;0
781;2
782;2
783;0
784;0
785;1
786;2
787;0
788;0
789;2
790;2
791;0
792;0
793;0
794;0
795;0
796;1
797;0
798;0
799;0
800;0
801;2
802;2
803;2
804;2
805;0
806;0
807;0
808;1
809;2
810;0
811;0
812;0
813;0
814;0
815;0
816;0
817;0
818;1
819;0
820;2
821;2
822;0
823;0
824;0
825;0
826;0
827;1
828;0
829;0
830;0
831;2
832;1
833;1
834;0
835;0
836;1
837;0
838;1
839;0
840;2
841;0
842;0
843;0
844;0
845;2
846;1
847;0
848;2
849;0
850;0
851;0
852;0
853;0
854;4
855;2
856;2
857;0
858;0
859;2
860;2
861;0
862;2
863;0
864;1
865;0
866;0
867;0
868;0
869;2
870;0
871;2
872;0
873;0
874;0
875;0
876;2
877;1
878;0
879;1
880;0
881;2
882;0
883;0
884;2
885;0
886;0
887;0
888;0
889;2
890;2
891;1
892;1
893;0
894;2
895;1
896;0
897;0
898;0
899;0
900;0
901;2
902;0
903;0
904;1
905;2
906;1
907;0
908;0
909;2
910;2
911;0
912;2
913;2
914;2
915;2
916;0
917;1
918;0
919;2
920;1
921;2
922;0
923;0
924;0
925;1
926;0
927;0
928;1
929;0
930;0
931;0
932;0
933;2
934;1
935;0
936;1
937;0
938;2
939;0
940;0
941;2
942;2
943;0
944;1
945;1
946;0
947;1
948;0
949;2
950;1
951;2
952;1
953;1
954;0
955;0
956;1
957;0
958;0
959;0
960;0
961;2
962;2
963;2
964;2
965;0
966;0
967;0
968;0
969;0
970;0
971;0
972;0
973;0
974;0
975;0
976;0
977;0
978;0
979;1
980;0
981;0
982;0
983;0
984;0
985;0
986;0
987;0
988;0
989;0
990;0
991;2
992;1
993;0
994;2
995;0
996;0
997;0
998;0
999;0
1000;2
1001;0
1002;1
1003;2
1004;2
1005;2
1006;1
1007;1
1008;0
1009;1
1010;0
1011;0
1012;1
1013;0
1014;0
1015;1
1016;0
1017;0
1018;0
1019;0
1020;0
1021;0
1022;0
1023;0
