0;0
1;0
2;2
3;1
4;0
5;0
6;2
7;0
8;0
9;0
10;2
11;0
12;0
13;2
14;0
15;0
16;0
17;0
18;0
19;0
20;2
21;0
22;0
23;0
24;0
25;0
26;0
27;0
28;1
29;0
30;2
31;0
32;2
33;0
34;2
35;0
36;2
37;0
38;2
39;0
40;0
41;2
42;2
43;0
44;0
45;0
46;2
47;0
48;1
49;0
50;0
51;0
52;2
53;0
54;2
55;0
56;0
57;2
58;0
59;2
60;0
61;0
62;0
63;0
64;0
65;0
66;2
67;0
68;0
69;0
70;0
71;2
72;2
73;0
74;0
75;0
76;0
77;0
78;2
79;0
80;1
81;2
82;0
83;0
84;2
85;0
86;2
87;2
88;0
89;0
90;0
91;0
92;1
93;2
94;0
95;0
96;0
97;0
98;0
99;2
100;2
101;0
102;0
103;0
104;1
105;2
106;1
107;0
108;0
109;0
110;2
111;2
112;1
113;0
114;0
115;1
116;4
117;0
118;2
119;2
120;0
121;0
122;2
123;0
124;1
125;0
126;0
127;2
128;1
129;1
130;0
131;0
132;0
133;2
134;0
135;2
136;0
137;0
138;0
139;1
140;0
141;0
142;0
143;0
144;0
145;0
146;1
147;0
148;0
149;0
150;0
151;1
152;0
153;0
154;0
155;1
156;0
157;2
158;2
159;0
160;2
161;1
162;0
163;2
164;0
165;0
166;0
167;0
168;1
169;0
170;0
171;0
172;2
173;1
174;0
175;2
176;0
177;0
178;2
179;2
180;0
181;0
182;0
183;0
184;2
185;0
186;0
187;0
188;2
189;0
190;2
191;0
192;0
193;0
194;1
195;2
196;2
197;0
198;2
199;0
200;0
201;0
202;4
203;1
204;0
205;1
206;0
207;1
208;0
209;2
210;1
211;0
212;2
213;0
214;1
215;0
216;0
217;0
218;1
219;1
220;0
221;0
222;0
223;0
224;0
225;0
226;0
227;1
228;1
229;0
230;0
231;2
232;0
233;0
234;0
235;0
236;0
237;2
238;0
239;2
240;2
241;0
242;2
243;0
244;0
245;2
246;0
247;0
248;0
249;2
250;2
251;0
252;0
253;1
254;1
255;2
256;2
257;0
258;0
259;0
260;0
261;1
262;0
263;0
264;1
265;0
266;2
267;0
268;0
269;0
270;2
271;0
272;0
273;1
274;1
275;0
276;0
277;0
278;0
279;0
280;0
281;1
282;0
283;0
284;2
285;1
286;0
287;0
288;0
289;1
290;1
291;0
292;0
293;0
294;2
295;0
296;0
297;1
298;0
299;2
300;0
301;0
302;1
303;0
304;0
305;0
306;0
307;0
308;0
309;2
310;0
311;0
312;0
313;0
314;0
315;0
316;0
317;2
318;0
319;0
320;1
321;0
322;2
323;2
324;0
325;2
326;1
327;0
328;0
329;0
330;0
331;0
332;2
333;0
334;0
335;0
336;0
337;1
338;0
339;0
340;2
341;0
342;0
343;2
344;1
345;4
346;0
347;0
348;1
349;0
350;1
351;0
352;2
353;1
354;1
355;0
356;2
357;2
358;0
359;2
360;0
361;0
362;0
363;0
364;1
365;0
366;0
367;0
368;2
369;0
370;2
371;0
372;0
373;0
374;0
375;0
376;0
377;0
378;0
379;0
380;1
381;0
382;0
383;0
384;0
385;0
386;0
387;0
388;0
389;0
390;1
391;0
392;2
393;0
394;0
395;4
396;0
397;2
398;0
399;0
400;0
401;0
402;0
403;2
404;0
405;2
406;0
407;0
408;1
409;0
410;2
411;0
412;0
413;0
414;0
415;2
416;2
417;0
418;0
419;0
420;0
421;0
422;2
423;1
424;0
425;0
426;1
427;2
428;1
429;0
430;0
431;2
432;0
433;0
434;2
435;1
436;0
437;2
438;0
439;0
440;2
441;2
442;2
443;0
444;1
445;0
446;0
447;0
448;0
449;1
450;0
451;0
452;0
453;0
454;0
455;0
456;0
457;0
458;0
459;2
460;0
461;0
462;2
463;0
464;0
465;0
466;0
467;0
468;0
469;0
470;2
471;1
472;1
473;1
474;0
475;1
476;2
477;0
478;2
479;2
480;2
481;0
482;2
483;0
484;2
485;0
486;0
487;2
488;0
489;2
490;0
491;0
492;0
493;1
494;0
495;0
496;0
497;0
498;1
499;0
500;0
501;0
502;2
503;0
504;0
505;0
506;0
507;0
508;2
509;2
510;2
511;0
512;1
513;0
514;0
515;0
516;0
517;2
518;0
519;0
520;1
521;1
522;0
523;1
524;0
525;0
526;0
527;0
528;0
529;2
530;2
531;0
532;0
533;0
534;1
535;0
536;0
537;0
538;0
539;0
540;0
541;0
542;0
543;0
544;1
545;0
546;0
547;2
548;0
549;2
550;1
551;2
552;2
553;0
554;2
555;0
556;0
557;2
558;0
559;0
560;2
561;0
562;2
563;0
564;0
565;2
566;0
567;0
568;0
569;0
570;0
571;0
572;0
573;1
574;0
575;0
576;1
577;0
578;2
579;1
580;0
581;0
582;0
583;0
584;0
585;0
586;2
587;2
588;2
589;0
590;2
591;0
592;0
593;0
594;0
595;0
596;1
597;0
598;0
599;0
600;1
601;0
602;0
603;0
604;0
605;0
606;0
607;2
608;0
609;0
610;0
611;2
612;2
613;0
614;0
615;0
616;0
617;2
618;0
619;1
620;0
621;0
622;0
623;2
624;0
625;0
626;0
627;0
628;1
629;0
630;0
631;0
632;0
633;0
634;2
635;0
636;2
637;0
638;0
639;0
640;0
641;1
642;0
643;1
644;2
645;0
646;0
647;0
648;0
649;0
650;0
651;0
652;1
653;1
654;0
655;1
656;0
657;0
658;0
659;0
660;0
661;2
662;0
663;0
664;0
665;0
666;0
667;0
668;0
669;0
670;0
671;0
672;0
673;2
674;0
675;0
676;0
677;0
678;0
679;2
680;0
681;0
682;0
683;0
684;0
685;0
686;2
687;2
688;1
689;1
690;0
691;0
692;2
693;2
694;0
695;0
696;0
697;0
698;1
699;0
700;2
701;0
702;0
703;0
704;0
705;0
706;0
707;0
708;0
709;2
710;0
711;0
712;0
713;0
714;0
715;1
716;0
717;1
718;0
719;2
720;2
721;0
722;0
723;0
724;0
725;2
726;1
727;0
728;0
729;0
730;0
731;0
732;0
733;0
734;0
735;2
736;0
737;0
738;2
739;0
740;0
741;0
742;2
743;0
744;0
745;0
746;2
747;0
748;1
749;0
750;0
751;0
752;0
753;2
754;0
755;2
756;0
757;0
758;2
759;1
760;2
761;0
762;0
763;0
764;0
765;1
766;2
767;0
768;2
769;1
770;0
771;0
772;2
773;2
774;1
775;0
776;2
777;0
778;0
779;0
780;0
781;1
782;2
783;0
784;0
785;0
786;0
787;0
788;0
789;0
790;0
791;0
792;1
793;0
794;2
795;2
796;2
797;0
798;1
799;0
800;2
801;0
802;0
803;0
804;0
805;0
806;0
807;0
808;1
809;0
810;0
811;0
812;0
813;0
814;2
815;2
816;1
817;0
818;0
819;0
820;0
821;0
822;1
823;0
824;0
825;0
826;2
827;2
828;0
829;0
830;0
831;0
832;0
833;2
834;1
835;0
836;2
837;2
838;0
839;2
840;0
841;2
842;0
843;0
844;2
845;0
846;0
847;2
848;0
849;1
850;0
851;0
852;1
853;0
854;1
855;0
856;2
857;0
858;0
859;2
860;0
861;0
862;0
863;2
864;1
865;0
866;0
867;0
868;1
869;1
870;0
871;0
872;0
873;0
874;0
875;0
876;0
877;0
878;2
879;0
880;2
881;0
882;2
883;2
884;0
885;2
886;2
887;2
888;0
889;0
890;0
891;2
892;0
893;0
894;0
895;1
896;0
897;0
898;2
899;0
900;0
901;0
902;2
903;0
904;1
905;0
906;1
907;0
908;0
909;2
910;1
911;0
912;1
913;0
914;0
915;0
916;0
917;0
918;1
919;2
920;1
921;0
922;0
923;2
924;2
925;0
926;0
927;1
928;0
929;0
930;2
931;0
932;2
933;0
934;2
935;0
936;1
937;0
938;0
939;0
940;0
941;1
942;0
943;2
944;2
945;1
946;0
947;2
948;1
949;0
950;0
951;2
952;0
953;0
954;0
955;0
956;0
957;0
958;1
959;0
960;1
961;0
962;0
963;1
964;2
965;0
966;2
967;1
968;0
969;0
970;2
971;0
972;0
973;0
974;0
975;0
976;2
977;0
978;0
979;0
980;2
981;1
982;1
983;2
984;0
985;2
986;2
987;2
988;1
989;0
990;0
991;1
992;2
993;0
994;0
995;0
996;2
997;0
998;2
999;2
1000;2
1001;0
1002;0
1003;0
1004;0
1005;0
1006;0
1007;0
1008;0
1009;0
1010;2
1011;2
1012;1
1013;0
1014;0
1015;1
1016;0
1017;0
1018;0
1019;0
1020;0
1021;0
1022;0
1023;0
