0;1
1;0
2;0
3;2
4;2
5;0
6;2
7;2
8;0
9;0
10;2
11;0
12;0
13;2
14;0
15;0
16;0
17;0
18;1
19;0
20;0
21;0
22;0
23;0
24;0
25;0
26;0
27;0
28;0
29;1
30;0
31;2
32;0
33;0
34;1
35;0
36;0
37;0
38;2
39;0
40;0
41;2
42;1
43;0
44;0
45;0
46;0
47;0
48;1
49;0
50;2
51;0
52;2
53;2
54;2
55;0
56;0
57;2
58;2
59;2
60;2
61;0
62;0
63;0
64;0
65;0
66;2
67;1
68;0
69;0
70;1
71;0
72;0
73;1
74;2
75;1
76;0
77;0
78;0
79;0
80;0
81;0
82;0
83;0
84;0
85;1
86;2
87;2
88;1
89;0
90;0
91;0
92;1
93;1
94;1
95;0
96;0
97;0
98;0
99;0
100;2
101;0
102;0
103;2
104;2
105;0
106;0
107;0
108;0
109;0
110;1
111;0
112;1
113;0
114;0
115;0
116;2
117;2
118;1
119;0
120;0
121;0
122;2
123;1
124;0
125;0
126;0
127;1
128;1
129;2
130;0
131;2
132;2
133;0
134;2
135;2
136;2
137;0
138;1
139;0
140;2
141;0
142;2
143;0
144;0
145;0
146;0
147;0
148;0
149;0
150;0
151;0
152;0
153;0
154;0
155;0
156;0
157;1
158;0
159;0
160;0
161;2
162;0
163;0
164;0
165;1
166;0
167;0
168;0
169;0
170;0
171;0
172;0
173;0
174;0
175;0
176;2
177;0
178;1
179;1
180;0
181;0
182;0
183;1
184;0
185;0
186;0
187;0
188;0
189;0
190;0
191;2
192;2
193;0
194;1
195;0
196;0
197;0
198;1
199;2
200;2
201;4
202;1
203;0
204;1
205;0
206;2
207;2
208;2
209;2
210;2
211;2
212;1
213;0
214;1
215;0
216;2
217;0
218;0
219;0
220;0
221;0
222;1
223;0
224;1
225;0
226;1
227;0
228;1
229;0
230;0
231;2
232;2
233;0
234;0
235;2
236;2
237;1
238;0
239;0
240;0
241;2
242;1
243;0
244;0
245;0
246;1
247;0
248;1
249;0
250;0
251;0
252;0
253;2
254;1
255;0
256;2
257;0
258;0
259;0
260;2
261;2
262;1
263;0
264;0
265;2
266;0
267;0
268;0
269;2
270;1
271;0
272;0
273;2
274;0
275;1
276;0
277;0
278;0
279;0
280;0
281;1
282;0
283;0
284;0
285;0
286;2
287;0
288;0
289;2
290;1
291;0
292;0
293;2
294;0
295;0
296;0
297;0
298;1
299;0
300;0
301;0
302;0
303;1
304;0
305;0
306;2
307;2
308;1
309;0
310;0
311;0
312;0
313;0
314;2
315;0
316;0
317;0
318;0
319;2
320;2
321;0
322;0
323;0
324;0
325;0
326;1
327;0
328;2
329;2
330;0
331;2
332;0
333;0
334;0
335;0
336;0
337;0
338;0
339;0
340;0
341;0
342;1
343;2
344;0
345;2
346;0
347;0
348;1
349;0
350;0
351;1
352;0
353;0
354;0
355;0
356;0
357;0
358;2
359;0
360;0
361;0
362;0
363;1
364;0
365;1
366;0
367;0
368;0
369;1
370;0
371;0
372;0
373;0
374;2
375;2
376;1
377;0
378;1
379;0
380;0
381;0
382;1
383;0
384;2
385;0
386;0
387;0
388;2
389;0
390;0
391;0
392;0
393;0
394;0
395;0
396;0
397;0
398;2
399;0
400;1
401;2
402;0
403;0
404;0
405;0
406;1
407;0
408;1
409;0
410;0
411;0
412;2
413;0
414;2
415;2
416;2
417;1
418;0
419;0
420;0
421;0
422;2
423;2
424;2
425;0
426;0
427;0
428;2
429;2
430;1
431;0
432;0
433;0
434;2
435;2
436;2
437;0
438;0
439;0
440;0
441;0
442;0
443;2
444;2
445;0
446;1
447;0
448;0
449;2
450;1
451;0
452;2
453;2
454;2
455;0
456;0
457;0
458;0
459;0
460;0
461;2
462;1
463;2
464;0
465;0
466;0
467;0
468;0
469;2
470;0
471;1
472;0
473;0
474;0
475;0
476;0
477;0
478;1
479;0
480;2
481;0
482;2
483;0
484;2
485;2
486;1
487;0
488;1
489;0
490;0
491;2
492;0
493;0
494;0
495;2
496;0
497;0
498;0
499;0
500;0
501;0
502;0
503;1
504;0
505;0
506;0
507;2
508;0
509;0
510;0
511;0
512;2
513;0
514;0
515;0
516;0
517;0
518;0
519;0
520;0
521;0
522;0
523;0
524;0
525;0
526;2
527;1
528;0
529;0
530;0
531;0
532;0
533;0
534;0
535;0
536;0
537;0
538;0
539;0
540;0
541;0
542;0
543;2
544;2
545;0
546;1
547;0
548;2
549;2
550;0
551;0
552;1
553;0
554;2
555;2
556;0
557;2
558;0
559;0
560;0
561;0
562;1
563;0
564;0
565;0
566;0
567;0
568;1
569;0
570;0
571;0
572;0
573;0
574;0
575;2
576;1
577;0
578;0
579;2
580;1
581;0
582;2
583;2
584;2
585;0
586;2
587;0
588;2
589;2
590;1
591;0
592;1
593;0
594;0
595;0
596;0
597;0
598;0
599;0
600;0
601;0
602;1
603;0
604;2
605;2
606;0
607;0
608;0
609;0
610;1
611;0
612;0
613;0
614;1
615;0
616;0
617;0
618;1
619;0
620;0
621;0
622;0
623;1
624;0
625;0
626;0
627;0
628;1
629;0
630;2
631;1
632;0
633;0
634;0
635;2
636;1
637;0
638;2
639;0
640;2
641;0
642;0
643;0
644;0
645;1
646;0
647;0
648;0
649;0
650;0
651;0
652;0
653;0
654;0
655;0
656;0
657;0
658;0
659;1
660;0
661;2
662;0
663;0
664;2
665;1
666;0
667;0
668;0
669;0
670;0
671;0
672;0
673;0
674;0
675;0
676;1
677;0
678;2
679;0
680;0
681;0
682;1
683;0
684;0
685;0
686;2
687;2
688;0
689;0
690;0
691;0
692;2
693;1
694;0
695;0
696;2
697;2
698;0
699;0
700;0
701;0
702;0
703;0
704;2
705;1
706;0
707;0
708;0
709;0
710;0
711;0
712;0
713;2
714;0
715;0
716;0
717;0
718;0
719;1
720;1
721;2
722;0
723;2
724;2
725;0
726;0
727;0
728;0
729;0
730;0
731;0
732;0
733;2
734;0
735;0
736;0
737;0
738;0
739;0
740;0
741;2
742;1
743;0
744;0
745;0
746;0
747;0
748;0
749;0
750;2
751;0
752;1
753;0
754;0
755;2
756;0
757;2
758;0
759;2
760;0
761;0
762;2
763;2
764;2
765;0
766;1
767;0
768;0
769;2
770;2
771;0
772;0
773;1
774;0
775;0
776;2
777;0
778;1
779;0
780;2
781;0
782;0
783;0
784;0
785;0
786;0
787;0
788;0
789;0
790;0
791;0
792;0
793;0
794;0
795;0
796;0
797;0
798;2
799;1
800;0
801;0
802;1
803;0
804;2
805;1
806;0
807;0
808;2
809;0
810;0
811;2
812;0
813;0
814;0
815;0
816;2
817;0
818;2
819;1
820;1
821;0
822;2
823;1
824;0
825;0
826;1
827;0
828;0
829;0
830;2
831;0
832;1
833;0
834;0
835;0
836;0
837;2
838;0
839;2
840;1
841;0
842;0
843;0
844;0
845;0
846;0
847;0
848;1
849;0
850;0
851;2
852;0
853;0
854;2
855;1
856;0
857;0
858;1
859;0
860;0
861;0
862;0
863;0
864;0
865;0
866;0
867;2
868;1
869;0
870;0
871;0
872;2
873;0
874;2
875;0
876;1
877;0
878;0
879;1
880;0
881;2
882;1
883;0
884;0
885;0
886;2
887;0
888;0
889;0
890;2
891;0
892;0
893;0
894;0
895;0
896;0
897;0
898;0
899;0
900;0
901;0
902;1
903;0
904;0
905;0
906;2
907;0
908;0
909;0
910;2
911;0
912;1
913;0
914;1
915;0
916;1
917;0
918;0
919;0
920;0
921;0
922;0
923;2
924;0
925;0
926;2
927;0
928;2
929;0
930;1
931;0
932;0
933;2
934;2
935;1
936;0
937;1
938;0
939;0
940;2
941;2
942;1
943;0
944;0
945;0
946;0
947;2
948;2
949;0
950;0
951;0
952;0
953;1
954;0
955;2
956;0
957;0
958;0
959;2
960;0
961;0
962;2
963;2
964;0
965;1
966;0
967;0
968;1
969;0
970;2
971;0
972;2
973;0
974;1
975;0
976;0
977;0
978;0
979;0
980;0
981;0
982;0
983;0
984;1
985;0
986;1
987;0
988;2
989;0
990;0
991;0
992;2
993;0
994;2
995;2
996;0
997;0
998;0
999;2
1000;1
1001;1
1002;0
1003;0
1004;2
1005;0
1006;2
1007;2
1008;2
1009;0
1010;0
1011;0
1012;1
1013;0
1014;1
1015;0
1016;0
1017;0
1018;0
1019;0
1020;0
1021;0
1022;0
1023;0
