0;1
1;0
2;0
3;2
4;2
5;2
6;0
7;1
8;0
9;0
10;0
11;0
12;1
13;0
14;1
15;0
16;0
17;0
18;0
19;2
20;4
21;2
22;0
23;0
24;0
25;1
26;2
27;2
28;2
29;2
30;0
31;0
32;2
33;0
34;0
35;2
36;2
37;2
38;0
39;1
40;0
41;1
42;0
43;0
44;1
45;0
46;0
47;0
48;0
49;0
50;0
51;2
52;1
53;0
54;2
55;0
56;1
57;0
58;0
59;0
60;2
61;0
62;0
63;0
64;0
65;0
66;0
67;2
68;0
69;0
70;1
71;0
72;0
73;0
74;0
75;2
76;1
77;2
78;0
79;0
80;1
81;0
82;0
83;0
84;0
85;0
86;1
87;2
88;1
89;0
90;0
91;0
92;0
93;0
94;0
95;0
96;2
97;0
98;0
99;1
100;0
101;0
102;1
103;0
104;0
105;0
106;1
107;0
108;0
109;0
110;0
111;2
112;0
113;0
114;0
115;0
116;1
117;2
118;0
119;0
120;2
121;0
122;0
123;0
124;2
125;2
126;0
127;0
128;2
129;0
130;0
131;0
132;0
133;2
134;0
135;0
136;2
137;2
138;0
139;0
140;2
141;2
142;0
143;0
144;0
145;2
146;0
147;2
148;2
149;2
150;0
151;0
152;0
153;0
154;0
155;0
156;2
157;2
158;0
159;2
160;2
161;0
162;2
163;0
164;1
165;0
166;0
167;0
168;0
169;2
170;1
171;2
172;1
173;1
174;1
175;1
176;2
177;0
178;1
179;0
180;1
181;0
182;0
183;0
184;0
185;2
186;0
187;2
188;0
189;2
190;2
191;1
192;0
193;0
194;0
195;2
196;0
197;0
198;0
199;0
200;0
201;1
202;0
203;0
204;1
205;0
206;2
207;0
208;1
209;0
210;0
211;0
212;0
213;2
214;0
215;0
216;2
217;2
218;1
219;0
220;0
221;0
222;0
223;0
224;1
225;0
226;0
227;0
228;2
229;0
230;2
231;0
232;2
233;1
234;0
235;0
236;0
237;0
238;0
239;0
240;0
241;0
242;0
243;0
244;2
245;1
246;0
247;0
248;0
249;0
250;0
251;2
252;0
253;0
254;0
255;0
256;2
257;1
258;0
259;1
260;0
261;0
262;0
263;0
264;0
265;0
266;0
267;1
268;0
269;0
270;0
271;0
272;1
273;0
274;2
275;0
276;0
277;0
278;0
279;0
280;2
281;0
282;1
283;0
284;0
285;0
286;2
287;2
288;0
289;0
290;2
291;2
292;1
293;0
294;2
295;0
296;2
297;0
298;2
299;0
300;0
301;1
302;0
303;0
304;0
305;0
306;0
307;2
308;0
309;0
310;2
311;4
312;2
313;1
314;1
315;1
316;0
317;2
318;2
319;1
320;2
321;0
322;0
323;0
324;0
325;0
326;2
327;2
328;1
329;0
330;0
331;2
332;2
333;0
334;2
335;2
336;1
337;0
338;2
339;2
340;2
341;0
342;0
343;0
344;0
345;0
346;0
347;1
348;1
349;0
350;2
351;0
352;2
353;0
354;0
355;0
356;1
357;2
358;0
359;0
360;1
361;0
362;0
363;2
364;1
365;0
366;0
367;0
368;0
369;0
370;0
371;0
372;0
373;0
374;0
375;0
376;1
377;0
378;0
379;0
380;0
381;0
382;0
383;1
384;0
385;0
386;0
387;0
388;1
389;0
390;0
391;0
392;0
393;2
394;2
395;2
396;2
397;0
398;0
399;0
400;1
401;0
402;0
403;2
404;2
405;0
406;0
407;0
408;0
409;0
410;1
411;1
412;0
413;0
414;0
415;0
416;2
417;0
418;0
419;0
420;2
421;0
422;0
423;2
424;2
425;1
426;0
427;2
428;1
429;0
430;0
431;0
432;2
433;0
434;2
435;1
436;0
437;0
438;0
439;0
440;0
441;0
442;1
443;2
444;2
445;1
446;1
447;1
448;1
449;0
450;2
451;1
452;2
453;2
454;2
455;2
456;1
457;0
458;1
459;2
460;2
461;0
462;1
463;2
464;1
465;0
466;1
467;4
468;0
469;0
470;0
471;2
472;1
473;0
474;2
475;1
476;0
477;0
478;1
479;1
480;0
481;0
482;0
483;0
484;2
485;0
486;0
487;0
488;0
489;0
490;1
491;1
492;1
493;0
494;2
495;2
496;2
497;0
498;0
499;0
500;0
501;0
502;0
503;0
504;2
505;0
506;0
507;0
508;2
509;0
510;0
511;0
512;2
513;0
514;0
515;0
516;1
517;0
518;2
519;2
520;1
521;0
522;0
523;2
524;4
525;0
526;2
527;2
528;2
529;0
530;0
531;0
532;1
533;0
534;0
535;2
536;0
537;2
538;1
539;0
540;0
541;0
542;0
543;0
544;0
545;0
546;0
547;0
548;2
549;2
550;2
551;0
552;2
553;2
554;0
555;0
556;2
557;1
558;0
559;0
560;2
561;1
562;0
563;1
564;1
565;0
566;2
567;2
568;2
569;0
570;1
571;2
572;2
573;1
574;2
575;0
576;0
577;0
578;0
579;2
580;0
581;0
582;0
583;0
584;0
585;1
586;0
587;0
588;0
589;2
590;1
591;0
592;0
593;0
594;1
595;0
596;1
597;0
598;2
599;0
600;2
601;2
602;2
603;0
604;0
605;1
606;0
607;0
608;2
609;0
610;0
611;0
612;2
613;0
614;0
615;0
616;1
617;1
618;0
619;0
620;2
621;2
622;2
623;2
624;2
625;0
626;2
627;0
628;0
629;1
630;0
631;1
632;0
633;0
634;0
635;0
636;0
637;0
638;0
639;0
640;2
641;2
642;0
643;2
644;1
645;0
646;0
647;0
648;1
649;0
650;0
651;2
652;0
653;0
654;0
655;0
656;0
657;1
658;2
659;0
660;0
661;0
662;1
663;1
664;0
665;0
666;0
667;0
668;0
669;0
670;0
671;0
672;0
673;1
674;0
675;2
676;2
677;0
678;0
679;0
680;1
681;2
682;2
683;0
684;1
685;0
686;1
687;2
688;2
689;1
690;1
691;0
692;2
693;0
694;1
695;2
696;0
697;0
698;2
699;1
700;0
701;0
702;0
703;0
704;0
705;0
706;0
707;2
708;1
709;0
710;0
711;1
712;0
713;0
714;2
715;0
716;2
717;0
718;1
719;1
720;2
721;2
722;1
723;0
724;1
725;0
726;2
727;2
728;1
729;0
730;0
731;0
732;2
733;0
734;2
735;1
736;1
737;0
738;0
739;0
740;2
741;0
742;0
743;2
744;1
745;0
746;1
747;0
748;0
749;0
750;2
751;2
752;0
753;2
754;2
755;0
756;2
757;0
758;2
759;2
760;0
761;0
762;0
763;2
764;0
765;0
766;0
767;0
768;0
769;0
770;2
771;1
772;0
773;2
774;2
775;0
776;1
777;2
778;0
779;0
780;0
781;0
782;2
783;1
784;0
785;0
786;0
787;0
788;0
789;2
790;0
791;0
792;0
793;0
794;0
795;0
796;4
797;0
798;0
799;2
800;0
801;2
802;2
803;2
804;2
805;0
806;0
807;2
808;1
809;2
810;0
811;0
812;0
813;1
814;0
815;0
816;0
817;1
818;2
819;0
820;0
821;1
822;0
823;0
824;0
825;0
826;0
827;1
828;1
829;0
830;1
831;2
832;1
833;0
834;0
835;0
836;2
837;0
838;0
839;2
840;2
841;0
842;0
843;0
844;0
845;0
846;2
847;1
848;0
849;0
850;1
851;0
852;0
853;0
854;2
855;1
856;0
857;0
858;1
859;0
860;2
861;1
862;0
863;1
864;0
865;1
866;0
867;0
868;2
869;0
870;0
871;2
872;0
873;0
874;2
875;2
876;2
877;0
878;2
879;1
880;0
881;0
882;0
883;0
884;0
885;0
886;0
887;0
888;0
889;2
890;0
891;2
892;1
893;0
894;2
895;1
896;0
897;0
898;1
899;0
900;0
901;0
902;2
903;0
904;2
905;2
906;2
907;1
908;0
909;0
910;2
911;2
912;1
913;2
914;0
915;2
916;0
917;0
918;1
919;2
920;1
921;2
922;0
923;0
924;0
925;1
926;2
927;0
928;1
929;0
930;0
931;0
932;1
933;0
934;0
935;2
936;1
937;1
938;2
939;1
940;0
941;0
942;1
943;0
944;1
945;1
946;0
947;0
948;0
949;0
950;0
951;2
952;1
953;0
954;0
955;1
956;1
957;0
958;0
959;0
960;0
961;2
962;0
963;2
964;1
965;0
966;0
967;0
968;0
969;0
970;0
971;0
972;2
973;2
974;0
975;1
976;0
977;0
978;0
979;1
980;0
981;0
982;0
983;0
984;0
985;0
986;0
987;0
988;0
989;0
990;1
991;2
992;1
993;0
994;0
995;0
996;0
997;0
998;0
999;0
1000;2
1001;2
1002;1
1003;0
1004;2
1005;2
1006;0
1007;2
1008;2
1009;1
1010;0
1011;0
1012;0
1013;0
1014;0
1015;1
1016;0
1017;0
1018;0
1019;0
1020;0
1021;0
1022;0
1023;0
