0;0
1;0
2;0
3;1
4;0
5;1
6;0
7;2
8;0
9;0
10;0
11;1
12;0
13;0
14;0
15;0
16;0
17;0
18;0
19;0
20;0
21;2
22;0
23;2
24;1
25;0
26;0
27;1
28;1
29;0
30;0
31;0
32;1
33;0
34;2
35;0
36;0
37;1
38;0
39;0
40;0
41;2
42;0
43;0
44;0
45;1
46;0
47;2
48;0
49;1
50;0
51;0
52;1
53;0
54;0
55;2
56;0
57;1
58;0
59;2
60;2
61;2
62;0
63;0
64;0
65;0
66;0
67;0
68;0
69;1
70;0
71;0
72;0
73;0
74;1
75;0
76;0
77;0
78;0
79;1
80;0
81;0
82;0
83;1
84;2
85;2
86;1
87;0
88;2
89;2
90;0
91;0
92;0
93;0
94;0
95;0
96;1
97;0
98;0
99;0
100;0
101;1
102;0
103;2
104;1
105;0
106;0
107;0
108;0
109;0
110;0
111;2
112;0
113;0
114;1
115;0
116;0
117;0
118;0
119;1
120;0
121;2
122;2
123;0
124;0
125;1
126;0
127;2
128;0
129;0
130;0
131;0
132;0
133;0
134;0
135;0
136;0
137;0
138;0
139;2
140;0
141;0
142;0
143;0
144;1
145;0
146;0
147;1
148;0
149;2
150;1
151;0
152;0
153;0
154;0
155;0
156;1
157;0
158;0
159;0
160;2
161;0
162;0
163;0
164;0
165;0
166;0
167;0
168;0
169;0
170;0
171;2
172;0
173;2
174;0
175;0
176;0
177;0
178;0
179;2
180;0
181;0
182;2
183;1
184;0
185;0
186;1
187;0
188;0
189;1
190;0
191;0
192;0
193;0
194;0
195;0
196;1
197;0
198;2
199;0
200;0
201;0
202;0
203;0
204;0
205;0
206;0
207;0
208;2
209;0
210;0
211;0
212;0
213;0
214;0
215;1
216;0
217;0
218;0
219;0
220;1
221;0
222;0
223;0
224;0
225;1
226;1
227;0
228;0
229;0
230;0
231;0
232;0
233;2
234;0
235;0
236;0
237;0
238;2
239;1
240;0
241;0
242;0
243;0
244;0
245;0
246;2
247;0
248;2
249;0
250;0
251;0
252;0
253;1
254;0
255;0
256;2
257;2
258;0
259;0
260;2
261;0
262;1
263;0
264;0
265;0
266;0
267;2
268;2
269;1
270;0
271;0
272;2
273;0
274;0
275;0
276;2
277;0
278;0
279;2
280;2
281;1
282;0
283;0
284;0
285;0
286;0
287;0
288;0
289;0
290;0
291;2
292;0
293;0
294;0
295;2
296;0
297;0
298;0
299;0
300;2
301;0
302;1
303;1
304;0
305;2
306;1
307;0
308;0
309;0
310;0
311;0
312;0
313;2
314;1
315;0
316;2
317;0
318;0
319;0
320;2
321;0
322;0
323;2
324;0
325;1
326;1
327;0
328;0
329;0
330;2
331;0
332;0
333;0
334;0
335;0
336;0
337;2
338;2
339;1
340;0
341;0
342;0
343;0
344;0
345;0
346;0
347;0
348;1
349;0
350;0
351;2
352;0
353;0
354;2
355;2
356;0
357;0
358;2
359;0
360;1
361;0
362;0
363;0
364;0
365;0
366;1
367;0
368;0
369;0
370;1
371;1
372;0
373;0
374;2
375;2
376;2
377;0
378;0
379;0
380;2
381;0
382;0
383;0
384;0
385;0
386;0
387;2
388;0
389;0
390;0
391;1
392;0
393;1
394;2
395;1
396;0
397;0
398;0
399;0
400;1
401;0
402;0
403;0
404;2
405;2
406;0
407;2
408;0
409;2
410;0
411;1
412;0
413;0
414;1
415;0
416;0
417;0
418;0
419;0
420;0
421;0
422;0
423;0
424;1
425;0
426;0
427;0
428;0
429;0
430;0
431;0
432;0
433;1
434;1
435;2
436;2
437;0
438;2
439;0
440;0
441;2
442;0
443;2
444;0
445;0
446;2
447;1
448;1
449;1
450;0
451;0
452;0
453;1
454;2
455;0
456;1
457;0
458;0
459;0
460;1
461;0
462;0
463;2
464;0
465;0
466;1
467;2
468;0
469;0
470;0
471;0
472;0
473;0
474;0
475;0
476;0
477;1
478;0
479;2
480;0
481;2
482;2
483;0
484;0
485;0
486;0
487;0
488;2
489;0
490;0
491;0
492;2
493;0
494;0
495;2
496;2
497;0
498;0
499;0
500;2
501;0
502;0
503;2
504;0
505;1
506;0
507;0
508;2
509;0
510;0
511;0
512;1
513;0
514;2
515;2
516;0
517;2
518;2
519;0
520;0
521;0
522;0
523;1
524;1
525;0
526;1
527;0
528;0
529;0
530;1
531;0
532;2
533;0
534;0
535;2
536;0
537;0
538;1
539;0
540;0
541;0
542;2
543;0
544;1
545;0
546;0
547;0
548;0
549;0
550;1
551;0
552;2
553;2
554;0
555;0
556;0
557;0
558;0
559;0
560;2
561;0
562;2
563;0
564;0
565;0
566;0
567;0
568;0
569;1
570;1
571;0
572;0
573;0
574;0
575;0
576;0
577;0
578;0
579;0
580;0
581;0
582;0
583;0
584;1
585;0
586;0
587;0
588;0
589;1
590;0
591;0
592;0
593;0
594;0
595;0
596;0
597;0
598;0
599;2
600;0
601;0
602;1
603;2
604;0
605;0
606;0
607;2
608;1
609;0
610;1
611;0
612;2
613;0
614;1
615;0
616;0
617;1
618;0
619;0
620;0
621;0
622;0
623;2
624;0
625;0
626;0
627;0
628;0
629;1
630;0
631;0
632;1
633;0
634;0
635;1
636;1
637;1
638;0
639;2
640;2
641;2
642;0
643;0
644;2
645;2
646;0
647;0
648;2
649;0
650;1
651;0
652;0
653;0
654;0
655;2
656;0
657;0
658;0
659;0
660;0
661;2
662;0
663;0
664;2
665;1
666;0
667;0
668;0
669;0
670;0
671;0
672;0
673;0
674;0
675;0
676;2
677;0
678;0
679;0
680;0
681;0
682;0
683;1
684;0
685;0
686;0
687;0
688;0
689;0
690;0
691;0
692;0
693;0
694;0
695;1
696;0
697;0
698;0
699;2
700;0
701;0
702;0
703;0
704;0
705;2
706;0
707;0
708;0
709;0
710;0
711;0
712;0
713;0
714;0
715;0
716;2
717;2
718;2
719;1
720;0
721;0
722;0
723;0
724;1
725;2
726;0
727;0
728;0
729;0
730;0
731;2
732;0
733;0
734;0
735;2
736;0
737;2
738;1
739;0
740;0
741;0
742;0
743;2
744;0
745;0
746;0
747;0
748;0
749;0
750;0
751;0
752;0
753;0
754;2
755;2
756;0
757;2
758;0
759;0
760;0
761;0
762;0
763;0
764;0
765;0
766;2
767;0
768;0
769;0
770;0
771;0
772;0
773;0
774;0
775;0
776;2
777;2
778;2
779;0
780;0
781;0
782;1
783;2
784;1
785;2
786;0
787;0
788;0
789;0
790;0
791;0
792;0
793;0
794;0
795;0
796;0
797;0
798;0
799;0
800;0
801;0
802;0
803;0
804;0
805;0
806;0
807;2
808;1
809;0
810;2
811;2
812;0
813;0
814;0
815;0
816;1
817;0
818;0
819;0
820;0
821;0
822;0
823;0
824;0
825;0
826;0
827;2
828;0
829;0
830;0
831;0
832;0
833;0
834;0
835;0
836;0
837;1
838;0
839;1
840;2
841;1
842;0
843;0
844;0
845;1
846;0
847;0
848;0
849;0
850;0
851;1
852;0
853;0
854;2
855;0
856;0
857;0
858;0
859;0
860;1
861;2
862;1
863;0
864;0
865;2
866;0
867;0
868;0
869;2
870;0
871;0
872;1
873;0
874;0
875;0
876;2
877;0
878;0
879;0
880;0
881;0
882;0
883;0
884;2
885;0
886;0
887;0
888;0
889;0
890;1
891;0
892;0
893;0
894;0
895;2
896;0
897;0
898;2
899;0
900;1
901;0
902;0
903;0
904;0
905;0
906;0
907;0
908;0
909;0
910;0
911;0
912;2
913;0
914;0
915;0
916;0
917;0
918;0
919;0
920;0
921;0
922;2
923;0
924;0
925;0
926;1
927;1
928;0
929;2
930;0
931;0
932;0
933;0
934;0
935;1
936;0
937;0
938;0
939;0
940;1
941;0
942;0
943;0
944;1
945;1
946;0
947;0
948;1
949;1
950;0
951;1
952;0
953;0
954;1
955;0
956;0
957;0
958;0
959;0
960;1
961;0
962;0
963;0
964;0
965;0
966;0
967;0
968;0
969;0
970;0
971;0
972;0
973;0
974;0
975;0
976;1
977;0
978;0
979;0
980;0
981;0
982;0
983;1
984;0
985;0
986;2
987;0
988;0
989;0
990;1
991;0
992;0
993;0
994;2
995;1
996;0
997;2
998;2
999;2
1000;0
1001;0
1002;1
1003;0
1004;0
1005;0
1006;0
1007;0
1008;2
1009;0
1010;0
1011;0
1012;0
1013;1
1014;0
1015;0
1016;0
1017;0
1018;0
1019;0
1020;0
1021;0
1022;0
1023;0
