0;1
1;0
2;0
3;2
4;2
5;0
6;0
7;2
8;2
9;0
10;2
11;0
12;0
13;1
14;0
15;0
16;0
17;2
18;1
19;0
20;0
21;0
22;1
23;0
24;0
25;0
26;0
27;0
28;0
29;1
30;0
31;2
32;1
33;0
34;1
35;0
36;0
37;0
38;0
39;0
40;0
41;1
42;1
43;0
44;0
45;0
46;0
47;0
48;2
49;0
50;1
51;0
52;2
53;2
54;2
55;0
56;0
57;2
58;0
59;0
60;0
61;0
62;2
63;0
64;0
65;0
66;1
67;0
68;0
69;0
70;0
71;2
72;0
73;0
74;0
75;0
76;0
77;0
78;1
79;0
80;0
81;0
82;0
83;0
84;0
85;1
86;1
87;0
88;1
89;0
90;0
91;0
92;1
93;1
94;0
95;1
96;0
97;1
98;0
99;2
100;2
101;1
102;2
103;2
104;2
105;0
106;0
107;0
108;2
109;2
110;2
111;0
112;0
113;0
114;0
115;0
116;2
117;0
118;0
119;0
120;0
121;0
122;2
123;2
124;1
125;0
126;0
127;0
128;1
129;0
130;1
131;2
132;2
133;0
134;2
135;0
136;2
137;0
138;1
139;0
140;2
141;0
142;0
143;0
144;0
145;2
146;2
147;1
148;0
149;0
150;0
151;0
152;0
153;1
154;0
155;0
156;0
157;0
158;1
159;0
160;0
161;2
162;0
163;0
164;1
165;0
166;0
167;1
168;2
169;0
170;0
171;0
172;0
173;0
174;0
175;0
176;2
177;2
178;2
179;0
180;0
181;0
182;2
183;2
184;0
185;1
186;0
187;0
188;2
189;0
190;0
191;0
192;2
193;0
194;1
195;0
196;2
197;0
198;0
199;4
200;2
201;0
202;1
203;0
204;2
205;0
206;2
207;2
208;1
209;2
210;2
211;2
212;2
213;2
214;1
215;0
216;2
217;0
218;0
219;0
220;0
221;0
222;1
223;1
224;0
225;0
226;2
227;0
228;1
229;1
230;0
231;2
232;2
233;0
234;2
235;2
236;2
237;0
238;0
239;0
240;2
241;0
242;2
243;1
244;0
245;1
246;2
247;0
248;1
249;0
250;0
251;0
252;0
253;0
254;1
255;0
256;2
257;2
258;0
259;0
260;2
261;0
262;1
263;0
264;0
265;2
266;0
267;0
268;0
269;0
270;1
271;0
272;0
273;2
274;2
275;2
276;2
277;0
278;0
279;0
280;0
281;1
282;0
283;0
284;0
285;0
286;2
287;0
288;0
289;0
290;1
291;0
292;0
293;2
294;2
295;1
296;0
297;2
298;1
299;0
300;0
301;1
302;0
303;0
304;2
305;2
306;2
307;1
308;0
309;0
310;0
311;0
312;0
313;0
314;2
315;0
316;0
317;0
318;0
319;0
320;2
321;0
322;1
323;0
324;0
325;0
326;0
327;0
328;2
329;0
330;0
331;0
332;0
333;0
334;0
335;0
336;2
337;0
338;1
339;0
340;0
341;0
342;2
343;0
344;0
345;2
346;2
347;0
348;0
349;0
350;0
351;0
352;0
353;0
354;0
355;0
356;0
357;0
358;0
359;0
360;2
361;0
362;0
363;1
364;0
365;0
366;0
367;1
368;0
369;0
370;0
371;1
372;1
373;0
374;0
375;0
376;0
377;0
378;2
379;2
380;0
381;0
382;0
383;0
384;2
385;0
386;0
387;0
388;1
389;0
390;0
391;0
392;0
393;0
394;0
395;0
396;1
397;0
398;0
399;0
400;1
401;0
402;0
403;0
404;0
405;0
406;0
407;0
408;0
409;1
410;1
411;0
412;0
413;0
414;2
415;2
416;2
417;1
418;2
419;0
420;0
421;0
422;2
423;2
424;0
425;0
426;0
427;0
428;0
429;0
430;1
431;0
432;0
433;0
434;1
435;2
436;2
437;0
438;0
439;0
440;2
441;0
442;0
443;2
444;2
445;0
446;0
447;0
448;0
449;0
450;2
451;0
452;0
453;2
454;2
455;0
456;1
457;2
458;0
459;0
460;0
461;1
462;0
463;2
464;2
465;0
466;0
467;0
468;2
469;2
470;0
471;1
472;0
473;1
474;1
475;0
476;2
477;0
478;0
479;0
480;0
481;0
482;0
483;0
484;2
485;2
486;2
487;2
488;1
489;0
490;0
491;1
492;0
493;0
494;0
495;2
496;0
497;1
498;0
499;0
500;0
501;2
502;2
503;2
504;2
505;0
506;2
507;0
508;0
509;2
510;0
511;0
512;0
513;2
514;0
515;0
516;0
517;0
518;0
519;0
520;0
521;0
522;1
523;0
524;0
525;0
526;0
527;2
528;2
529;0
530;0
531;2
532;0
533;0
534;0
535;0
536;0
537;0
538;0
539;0
540;0
541;2
542;2
543;2
544;2
545;0
546;1
547;0
548;0
549;2
550;0
551;0
552;2
553;0
554;2
555;2
556;0
557;2
558;0
559;0
560;0
561;0
562;0
563;2
564;0
565;0
566;0
567;0
568;1
569;0
570;0
571;1
572;0
573;0
574;0
575;0
576;0
577;0
578;0
579;0
580;0
581;0
582;2
583;2
584;2
585;0
586;0
587;1
588;0
589;2
590;1
591;0
592;1
593;0
594;0
595;0
596;0
597;0
598;0
599;0
600;0
601;0
602;1
603;0
604;2
605;0
606;0
607;0
608;2
609;0
610;0
611;0
612;0
613;0
614;0
615;0
616;0
617;0
618;0
619;0
620;0
621;0
622;0
623;0
624;0
625;0
626;0
627;0
628;2
629;0
630;1
631;0
632;1
633;0
634;0
635;1
636;0
637;0
638;0
639;2
640;2
641;0
642;2
643;0
644;1
645;2
646;0
647;0
648;0
649;0
650;0
651;0
652;0
653;0
654;1
655;0
656;0
657;0
658;0
659;1
660;0
661;2
662;0
663;0
664;0
665;2
666;0
667;0
668;0
669;0
670;0
671;0
672;2
673;0
674;0
675;0
676;0
677;0
678;0
679;0
680;0
681;0
682;0
683;2
684;2
685;0
686;1
687;0
688;0
689;0
690;0
691;1
692;0
693;1
694;0
695;1
696;2
697;0
698;0
699;0
700;0
701;0
702;1
703;2
704;2
705;2
706;0
707;0
708;0
709;0
710;0
711;0
712;0
713;2
714;0
715;0
716;1
717;0
718;2
719;1
720;0
721;1
722;0
723;2
724;2
725;0
726;1
727;0
728;0
729;0
730;1
731;0
732;0
733;0
734;0
735;0
736;0
737;0
738;1
739;0
740;0
741;2
742;1
743;0
744;2
745;0
746;1
747;0
748;0
749;0
750;2
751;0
752;1
753;0
754;0
755;0
756;0
757;2
758;0
759;2
760;0
761;0
762;0
763;2
764;2
765;2
766;1
767;0
768;0
769;2
770;1
771;1
772;0
773;1
774;0
775;0
776;2
777;2
778;1
779;0
780;2
781;0
782;1
783;0
784;0
785;0
786;0
787;0
788;0
789;0
790;0
791;0
792;1
793;0
794;0
795;0
796;0
797;0
798;2
799;0
800;2
801;0
802;2
803;0
804;2
805;1
806;0
807;0
808;1
809;0
810;0
811;2
812;2
813;2
814;0
815;0
816;2
817;2
818;0
819;2
820;2
821;2
822;1
823;0
824;0
825;0
826;0
827;0
828;0
829;0
830;2
831;2
832;0
833;0
834;0
835;0
836;0
837;2
838;1
839;0
840;1
841;0
842;0
843;2
844;0
845;0
846;0
847;0
848;2
849;0
850;0
851;0
852;0
853;0
854;0
855;0
856;1
857;0
858;1
859;0
860;0
861;0
862;0
863;0
864;0
865;0
866;0
867;2
868;1
869;0
870;0
871;0
872;0
873;0
874;2
875;0
876;1
877;1
878;0
879;0
880;0
881;0
882;0
883;1
884;0
885;1
886;0
887;2
888;0
889;2
890;2
891;1
892;0
893;0
894;0
895;2
896;0
897;1
898;0
899;2
900;0
901;0
902;1
903;0
904;0
905;0
906;2
907;0
908;1
909;0
910;1
911;0
912;1
913;0
914;1
915;0
916;0
917;0
918;2
919;2
920;0
921;0
922;0
923;1
924;0
925;0
926;2
927;0
928;0
929;0
930;0
931;0
932;0
933;2
934;2
935;2
936;2
937;1
938;0
939;0
940;2
941;2
942;0
943;2
944;0
945;0
946;0
947;0
948;0
949;0
950;2
951;0
952;0
953;1
954;0
955;0
956;0
957;0
958;0
959;1
960;2
961;0
962;0
963;0
964;1
965;0
966;0
967;2
968;1
969;0
970;2
971;0
972;2
973;2
974;2
975;0
976;0
977;0
978;0
979;0
980;0
981;0
982;0
983;0
984;2
985;2
986;2
987;2
988;1
989;0
990;1
991;2
992;2
993;0
994;1
995;0
996;0
997;0
998;2
999;2
1000;1
1001;0
1002;0
1003;2
1004;4
1005;0
1006;2
1007;2
1008;2
1009;0
1010;2
1011;0
1012;1
1013;0
1014;1
1015;0
1016;0
1017;0
1018;0
1019;0
1020;0
1021;0
1022;0
1023;0
