0;1
1;0
2;0
3;2
4;1
5;2
6;2
7;1
8;2
9;0
10;2
11;0
12;1
13;0
14;0
15;0
16;0
17;0
18;0
19;2
20;1
21;0
22;0
23;0
24;0
25;2
26;0
27;0
28;0
29;1
30;0
31;0
32;2
33;0
34;0
35;0
36;2
37;2
38;0
39;2
40;0
41;0
42;0
43;0
44;0
45;0
46;0
47;0
48;0
49;0
50;0
51;2
52;1
53;0
54;2
55;2
56;2
57;0
58;1
59;0
60;2
61;0
62;0
63;0
64;0
65;0
66;0
67;2
68;0
69;0
70;1
71;1
72;1
73;0
74;0
75;0
76;1
77;2
78;0
79;0
80;1
81;0
82;0
83;0
84;2
85;0
86;1
87;2
88;1
89;0
90;0
91;0
92;0
93;1
94;0
95;0
96;2
97;0
98;1
99;0
100;2
101;0
102;1
103;0
104;0
105;0
106;1
107;0
108;0
109;0
110;1
111;1
112;0
113;0
114;1
115;0
116;0
117;0
118;2
119;0
120;1
121;0
122;1
123;2
124;2
125;0
126;0
127;0
128;4
129;0
130;0
131;0
132;0
133;0
134;1
135;2
136;2
137;2
138;0
139;1
140;2
141;2
142;0
143;0
144;0
145;0
146;0
147;1
148;0
149;2
150;0
151;0
152;0
153;0
154;0
155;0
156;2
157;2
158;2
159;0
160;2
161;2
162;2
163;2
164;1
165;0
166;0
167;0
168;0
169;0
170;0
171;2
172;1
173;0
174;0
175;1
176;0
177;0
178;0
179;0
180;1
181;0
182;0
183;0
184;0
185;2
186;2
187;2
188;0
189;2
190;0
191;0
192;2
193;0
194;0
195;2
196;0
197;0
198;0
199;0
200;0
201;0
202;0
203;2
204;1
205;0
206;2
207;0
208;1
209;0
210;0
211;0
212;0
213;0
214;0
215;0
216;2
217;2
218;2
219;2
220;2
221;0
222;0
223;0
224;2
225;1
226;0
227;0
228;2
229;0
230;2
231;0
232;2
233;1
234;0
235;0
236;0
237;0
238;0
239;0
240;0
241;1
242;0
243;0
244;0
245;0
246;0
247;1
248;0
249;0
250;2
251;2
252;1
253;0
254;1
255;0
256;1
257;0
258;1
259;2
260;4
261;0
262;0
263;0
264;2
265;0
266;1
267;2
268;2
269;2
270;1
271;0
272;1
273;0
274;0
275;0
276;0
277;0
278;0
279;0
280;0
281;0
282;0
283;0
284;1
285;0
286;0
287;2
288;0
289;0
290;1
291;0
292;0
293;0
294;1
295;1
296;0
297;0
298;0
299;0
300;0
301;2
302;1
303;0
304;0
305;0
306;0
307;0
308;0
309;2
310;2
311;0
312;2
313;1
314;1
315;0
316;0
317;1
318;0
319;0
320;0
321;0
322;0
323;0
324;2
325;0
326;2
327;2
328;1
329;0
330;0
331;2
332;4
333;0
334;1
335;1
336;2
337;0
338;0
339;0
340;1
341;0
342;0
343;0
344;0
345;0
346;0
347;1
348;1
349;0
350;1
351;0
352;0
353;1
354;2
355;0
356;0
357;0
358;0
359;0
360;0
361;0
362;0
363;2
364;0
365;0
366;0
367;0
368;0
369;0
370;0
371;0
372;1
373;0
374;0
375;0
376;2
377;0
378;2
379;0
380;0
381;0
382;1
383;0
384;0
385;0
386;0
387;0
388;1
389;0
390;0
391;0
392;0
393;2
394;2
395;0
396;2
397;0
398;0
399;0
400;1
401;0
402;0
403;2
404;4
405;0
406;2
407;0
408;0
409;0
410;1
411;2
412;2
413;0
414;0
415;0
416;0
417;0
418;1
419;1
420;0
421;1
422;0
423;1
424;1
425;0
426;2
427;2
428;1
429;0
430;0
431;2
432;2
433;0
434;2
435;2
436;2
437;0
438;2
439;0
440;2
441;0
442;1
443;1
444;2
445;0
446;2
447;1
448;2
449;0
450;1
451;2
452;2
453;2
454;2
455;2
456;1
457;0
458;0
459;2
460;2
461;0
462;1
463;2
464;1
465;0
466;1
467;2
468;0
469;0
470;1
471;0
472;0
473;0
474;2
475;0
476;0
477;0
478;1
479;0
480;1
481;0
482;0
483;0
484;2
485;2
486;0
487;0
488;0
489;0
490;1
491;2
492;0
493;2
494;2
495;0
496;1
497;0
498;0
499;0
500;0
501;0
502;1
503;2
504;2
505;0
506;0
507;0
508;2
509;0
510;0
511;0
512;0
513;0
514;0
515;2
516;1
517;0
518;1
519;0
520;0
521;0
522;0
523;2
524;2
525;0
526;2
527;1
528;0
529;0
530;2
531;0
532;1
533;0
534;0
535;2
536;0
537;2
538;2
539;2
540;2
541;0
542;0
543;0
544;0
545;0
546;0
547;0
548;0
549;2
550;2
551;0
552;2
553;2
554;0
555;0
556;4
557;0
558;0
559;0
560;2
561;1
562;0
563;2
564;4
565;2
566;1
567;2
568;0
569;0
570;1
571;2
572;2
573;0
574;2
575;0
576;0
577;0
578;0
579;2
580;0
581;0
582;0
583;0
584;0
585;1
586;0
587;0
588;2
589;2
590;1
591;0
592;0
593;0
594;1
595;0
596;0
597;0
598;0
599;0
600;0
601;2
602;2
603;1
604;0
605;2
606;2
607;0
608;2
609;0
610;0
611;0
612;0
613;0
614;0
615;0
616;1
617;2
618;0
619;0
620;0
621;1
622;0
623;2
624;2
625;0
626;0
627;1
628;1
629;1
630;0
631;1
632;0
633;0
634;0
635;0
636;0
637;1
638;1
639;0
640;2
641;1
642;0
643;1
644;2
645;0
646;1
647;0
648;0
649;0
650;1
651;2
652;0
653;0
654;0
655;0
656;0
657;1
658;0
659;0
660;0
661;0
662;0
663;0
664;2
665;0
666;0
667;0
668;2
669;0
670;0
671;0
672;0
673;0
674;1
675;1
676;0
677;0
678;2
679;0
680;0
681;0
682;0
683;1
684;0
685;0
686;1
687;2
688;0
689;0
690;0
691;0
692;0
693;1
694;2
695;0
696;0
697;2
698;2
699;2
700;2
701;0
702;0
703;2
704;0
705;0
706;0
707;0
708;0
709;0
710;0
711;1
712;2
713;0
714;2
715;0
716;2
717;0
718;0
719;2
720;0
721;2
722;2
723;1
724;0
725;0
726;2
727;2
728;1
729;0
730;0
731;0
732;2
733;0
734;0
735;0
736;2
737;0
738;2
739;0
740;2
741;0
742;0
743;2
744;0
745;2
746;1
747;0
748;2
749;0
750;0
751;2
752;2
753;2
754;2
755;0
756;2
757;0
758;2
759;0
760;0
761;2
762;0
763;0
764;0
765;0
766;0
767;0
768;0
769;0
770;2
771;2
772;2
773;2
774;1
775;2
776;1
777;0
778;0
779;0
780;0
781;2
782;1
783;0
784;0
785;0
786;0
787;0
788;0
789;2
790;0
791;0
792;0
793;0
794;0
795;0
796;0
797;0
798;0
799;1
800;0
801;2
802;2
803;1
804;2
805;0
806;0
807;2
808;1
809;0
810;0
811;2
812;0
813;0
814;0
815;0
816;0
817;0
818;0
819;0
820;0
821;2
822;0
823;0
824;0
825;0
826;1
827;0
828;0
829;0
830;1
831;2
832;1
833;0
834;0
835;0
836;1
837;0
838;0
839;0
840;2
841;0
842;0
843;0
844;0
845;2
846;1
847;0
848;0
849;0
850;1
851;0
852;0
853;0
854;2
855;1
856;0
857;0
858;1
859;0
860;0
861;0
862;1
863;1
864;0
865;2
866;0
867;0
868;0
869;0
870;0
871;2
872;0
873;0
874;0
875;1
876;0
877;0
878;0
879;0
880;0
881;0
882;0
883;0
884;1
885;0
886;0
887;0
888;1
889;0
890;2
891;2
892;1
893;0
894;2
895;1
896;0
897;0
898;1
899;0
900;0
901;0
902;0
903;0
904;2
905;2
906;2
907;0
908;0
909;0
910;2
911;0
912;4
913;1
914;0
915;2
916;2
917;0
918;1
919;2
920;2
921;2
922;0
923;0
924;2
925;2
926;2
927;0
928;0
929;0
930;0
931;0
932;2
933;2
934;0
935;2
936;0
937;0
938;0
939;1
940;0
941;2
942;0
943;0
944;1
945;1
946;0
947;1
948;0
949;0
950;0
951;2
952;1
953;1
954;0
955;1
956;0
957;0
958;0
959;0
960;0
961;2
962;1
963;0
964;2
965;0
966;0
967;0
968;0
969;0
970;1
971;0
972;2
973;2
974;0
975;0
976;0
977;0
978;0
979;1
980;0
981;0
982;0
983;0
984;0
985;0
986;0
987;0
988;1
989;0
990;0
991;2
992;1
993;0
994;0
995;0
996;0
997;0
998;0
999;0
1000;2
1001;1
1002;1
1003;0
1004;0
1005;0
1006;1
1007;1
1008;0
1009;2
1010;2
1011;0
1012;1
1013;0
1014;0
1015;1
1016;0
1017;0
1018;0
1019;0
1020;0
1021;0
1022;0
1023;0
