0;1
1;0
2;0
3;2
4;4
5;0
6;0
7;2
8;2
9;0
10;2
11;0
12;1
13;0
14;0
15;0
16;0
17;0
18;2
19;1
20;0
21;1
22;1
23;0
24;0
25;0
26;1
27;0
28;0
29;0
30;1
31;0
32;2
33;0
34;0
35;0
36;0
37;0
38;0
39;2
40;0
41;0
42;0
43;0
44;2
45;2
46;0
47;0
48;0
49;2
50;0
51;2
52;0
53;0
54;0
55;0
56;2
57;0
58;1
59;0
60;2
61;0
62;0
63;0
64;0
65;0
66;0
67;2
68;0
69;0
70;1
71;0
72;1
73;0
74;0
75;0
76;1
77;2
78;0
79;0
80;1
81;0
82;0
83;0
84;0
85;0
86;2
87;1
88;0
89;1
90;0
91;0
92;0
93;0
94;0
95;0
96;2
97;0
98;2
99;1
100;0
101;0
102;1
103;0
104;0
105;0
106;1
107;0
108;0
109;0
110;0
111;0
112;0
113;0
114;2
115;0
116;0
117;1
118;0
119;0
120;2
121;2
122;2
123;0
124;2
125;0
126;0
127;0
128;2
129;0
130;0
131;0
132;0
133;0
134;2
135;1
136;0
137;2
138;0
139;0
140;0
141;2
142;0
143;0
144;0
145;2
146;2
147;2
148;1
149;2
150;0
151;0
152;0
153;0
154;0
155;0
156;2
157;0
158;0
159;0
160;2
161;1
162;0
163;0
164;1
165;0
166;0
167;0
168;2
169;2
170;2
171;1
172;0
173;2
174;1
175;1
176;2
177;0
178;0
179;0
180;1
181;0
182;0
183;0
184;0
185;2
186;2
187;2
188;0
189;2
190;1
191;0
192;2
193;0
194;0
195;2
196;1
197;0
198;0
199;0
200;0
201;0
202;0
203;0
204;1
205;0
206;2
207;0
208;2
209;0
210;0
211;0
212;0
213;2
214;0
215;0
216;0
217;0
218;2
219;2
220;2
221;0
222;0
223;2
224;1
225;0
226;0
227;0
228;0
229;0
230;1
231;0
232;2
233;1
234;0
235;0
236;0
237;0
238;0
239;0
240;0
241;0
242;0
243;0
244;0
245;0
246;0
247;0
248;0
249;0
250;2
251;2
252;0
253;2
254;1
255;0
256;0
257;2
258;2
259;1
260;0
261;0
262;0
263;0
264;0
265;0
266;0
267;1
268;0
269;2
270;1
271;0
272;1
273;0
274;0
275;0
276;2
277;0
278;0
279;0
280;0
281;0
282;0
283;0
284;0
285;0
286;0
287;1
288;0
289;1
290;2
291;0
292;0
293;0
294;2
295;2
296;1
297;0
298;0
299;2
300;1
301;0
302;1
303;0
304;0
305;0
306;0
307;0
308;1
309;1
310;1
311;0
312;1
313;0
314;0
315;2
316;0
317;1
318;0
319;0
320;0
321;0
322;0
323;0
324;0
325;1
326;1
327;1
328;0
329;1
330;0
331;2
332;1
333;2
334;0
335;0
336;0
337;1
338;0
339;2
340;4
341;0
342;0
343;1
344;0
345;2
346;0
347;2
348;2
349;0
350;0
351;0
352;1
353;0
354;0
355;0
356;0
357;2
358;0
359;0
360;0
361;2
362;0
363;0
364;0
365;0
366;2
367;0
368;2
369;1
370;0
371;1
372;2
373;0
374;1
375;0
376;0
377;0
378;0
379;0
380;2
381;2
382;1
383;1
384;0
385;1
386;0
387;2
388;1
389;2
390;2
391;1
392;2
393;0
394;0
395;0
396;2
397;1
398;0
399;2
400;2
401;0
402;1
403;0
404;0
405;0
406;2
407;1
408;0
409;0
410;0
411;2
412;0
413;2
414;0
415;0
416;0
417;2
418;0
419;0
420;0
421;0
422;0
423;0
424;0
425;1
426;0
427;0
428;0
429;0
430;1
431;0
432;2
433;2
434;2
435;2
436;0
437;2
438;2
439;1
440;0
441;0
442;2
443;0
444;0
445;0
446;2
447;2
448;0
449;0
450;0
451;2
452;1
453;0
454;2
455;1
456;0
457;1
458;0
459;1
460;0
461;0
462;0
463;0
464;0
465;0
466;2
467;0
468;1
469;0
470;0
471;0
472;0
473;0
474;2
475;1
476;0
477;2
478;2
479;0
480;1
481;0
482;0
483;0
484;0
485;0
486;0
487;2
488;2
489;0
490;0
491;0
492;2
493;0
494;0
495;0
496;1
497;0
498;0
499;0
500;0
501;0
502;1
503;0
504;0
505;2
506;2
507;0
508;1
509;0
510;0
511;1
512;2
513;0
514;0
515;0
516;0
517;0
518;0
519;0
520;2
521;0
522;0
523;2
524;2
525;0
526;0
527;0
528;2
529;2
530;2
531;0
532;1
533;0
534;2
535;1
536;0
537;2
538;2
539;0
540;0
541;2
542;0
543;0
544;1
545;1
546;0
547;0
548;0
549;0
550;0
551;2
552;2
553;2
554;2
555;2
556;2
557;0
558;2
559;1
560;0
561;1
562;2
563;1
564;0
565;0
566;0
567;2
568;1
569;0
570;0
571;0
572;0
573;2
574;1
575;0
576;2
577;2
578;1
579;0
580;0
581;0
582;1
583;0
584;1
585;1
586;0
587;0
588;0
589;2
590;1
591;0
592;0
593;1
594;0
595;2
596;2
597;0
598;0
599;1
600;0
601;0
602;0
603;0
604;0
605;0
606;2
607;2
608;1
609;0
610;0
611;0
612;0
613;0
614;0
615;1
616;1
617;1
618;0
619;1
620;0
621;0
622;0
623;0
624;0
625;0
626;2
627;2
628;1
629;0
630;0
631;2
632;1
633;0
634;2
635;1
636;2
637;0
638;1
639;0
640;2
641;2
642;0
643;0
644;2
645;1
646;0
647;2
648;0
649;0
650;2
651;0
652;0
653;0
654;0
655;0
656;0
657;1
658;2
659;0
660;0
661;0
662;1
663;0
664;0
665;0
666;0
667;0
668;2
669;0
670;0
671;0
672;0
673;0
674;0
675;1
676;0
677;0
678;0
679;0
680;0
681;2
682;2
683;0
684;0
685;0
686;1
687;0
688;0
689;1
690;0
691;0
692;1
693;0
694;2
695;0
696;0
697;0
698;0
699;2
700;2
701;0
702;0
703;2
704;0
705;0
706;0
707;0
708;1
709;0
710;0
711;1
712;1
713;0
714;2
715;2
716;2
717;0
718;1
719;0
720;0
721;2
722;2
723;2
724;2
725;0
726;1
727;0
728;0
729;0
730;2
731;1
732;0
733;0
734;2
735;1
736;0
737;0
738;1
739;1
740;2
741;0
742;0
743;0
744;2
745;0
746;2
747;0
748;2
749;0
750;2
751;1
752;0
753;2
754;0
755;0
756;0
757;0
758;0
759;0
760;2
761;0
762;1
763;0
764;2
765;0
766;2
767;0
768;1
769;0
770;0
771;0
772;0
773;2
774;1
775;0
776;0
777;0
778;2
779;0
780;0
781;2
782;0
783;0
784;1
785;0
786;0
787;0
788;0
789;0
790;0
791;0
792;0
793;2
794;2
795;2
796;1
797;0
798;0
799;2
800;1
801;0
802;0
803;0
804;0
805;1
806;1
807;2
808;0
809;0
810;0
811;0
812;0
813;2
814;0
815;0
816;1
817;0
818;0
819;0
820;0
821;2
822;2
823;1
824;0
825;0
826;0
827;0
828;0
829;0
830;0
831;0
832;2
833;2
834;0
835;0
836;0
837;0
838;2
839;2
840;1
841;1
842;0
843;1
844;0
845;0
846;2
847;2
848;2
849;2
850;0
851;1
852;0
853;2
854;0
855;0
856;0
857;0
858;0
859;0
860;0
861;0
862;0
863;2
864;0
865;0
866;2
867;2
868;0
869;0
870;0
871;2
872;0
873;0
874;2
875;0
876;0
877;0
878;0
879;0
880;0
881;0
882;0
883;0
884;1
885;0
886;1
887;1
888;0
889;2
890;1
891;0
892;0
893;0
894;0
895;0
896;2
897;0
898;2
899;2
900;2
901;2
902;2
903;0
904;2
905;2
906;1
907;2
908;2
909;0
910;0
911;0
912;0
913;0
914;0
915;0
916;0
917;2
918;2
919;0
920;0
921;0
922;2
923;1
924;1
925;0
926;0
927;2
928;0
929;0
930;0
931;1
932;0
933;2
934;0
935;0
936;2
937;1
938;0
939;0
940;0
941;0
942;1
943;0
944;0
945;1
946;0
947;1
948;2
949;0
950;0
951;0
952;0
953;2
954;0
955;0
956;1
957;0
958;0
959;2
960;0
961;0
962;0
963;0
964;2
965;2
966;0
967;0
968;0
969;0
970;0
971;1
972;0
973;0
974;0
975;0
976;0
977;0
978;0
979;0
980;0
981;0
982;0
983;1
984;0
985;0
986;1
987;0
988;0
989;0
990;0
991;0
992;2
993;1
994;0
995;0
996;0
997;2
998;2
999;1
1000;0
1001;0
1002;0
1003;0
1004;2
1005;1
1006;0
1007;2
1008;2
1009;0
1010;0
1011;2
1012;1
1013;0
1014;1
1015;1
1016;0
1017;0
1018;0
1019;0
1020;0
1021;0
1022;0
1023;0
