0;1
1;1
2;0
3;2
4;4
5;0
6;2
7;2
8;2
9;0
10;0
11;0
12;1
13;0
14;0
15;0
16;0
17;0
18;0
19;0
20;2
21;1
22;0
23;0
24;1
25;1
26;0
27;2
28;2
29;1
30;0
31;0
32;2
33;0
34;0
35;0
36;0
37;2
38;0
39;2
40;0
41;0
42;0
43;0
44;1
45;0
46;0
47;0
48;0
49;0
50;0
51;2
52;2
53;0
54;0
55;1
56;0
57;0
58;0
59;2
60;0
61;0
62;2
63;2
64;2
65;0
66;0
67;0
68;2
69;0
70;1
71;0
72;0
73;0
74;0
75;0
76;0
77;0
78;0
79;0
80;0
81;0
82;1
83;1
84;0
85;0
86;0
87;0
88;0
89;0
90;0
91;0
92;1
93;0
94;0
95;0
96;2
97;0
98;0
99;0
100;0
101;0
102;2
103;2
104;1
105;0
106;0
107;0
108;4
109;0
110;0
111;2
112;2
113;0
114;0
115;0
116;2
117;2
118;0
119;0
120;2
121;0
122;0
123;0
124;2
125;0
126;0
127;0
128;1
129;0
130;0
131;0
132;0
133;0
134;1
135;1
136;0
137;0
138;0
139;0
140;0
141;2
142;0
143;0
144;0
145;1
146;0
147;0
148;2
149;0
150;0
151;1
152;0
153;2
154;0
155;0
156;2
157;0
158;1
159;2
160;0
161;0
162;0
163;0
164;0
165;2
166;2
167;0
168;1
169;0
170;2
171;0
172;0
173;2
174;0
175;1
176;2
177;2
178;0
179;0
180;0
181;0
182;0
183;0
184;2
185;0
186;0
187;0
188;1
189;0
190;0
191;0
192;1
193;0
194;0
195;0
196;0
197;0
198;0
199;0
200;0
201;1
202;0
203;0
204;2
205;0
206;0
207;0
208;1
209;0
210;0
211;0
212;0
213;2
214;2
215;0
216;2
217;1
218;0
219;2
220;1
221;0
222;0
223;2
224;0
225;0
226;0
227;0
228;0
229;0
230;0
231;0
232;1
233;0
234;2
235;0
236;2
237;0
238;0
239;0
240;0
241;2
242;1
243;0
244;0
245;1
246;0
247;0
248;2
249;2
250;0
251;0
252;1
253;0
254;1
255;0
256;2
257;0
258;2
259;2
260;2
261;2
262;1
263;0
264;2
265;2
266;0
267;0
268;0
269;0
270;0
271;0
272;0
273;0
274;0
275;1
276;0
277;0
278;2
279;2
280;0
281;0
282;1
283;2
284;0
285;0
286;0
287;0
288;2
289;0
290;0
291;0
292;0
293;0
294;0
295;0
296;0
297;2
298;0
299;0
300;1
301;0
302;0
303;0
304;2
305;2
306;0
307;0
308;0
309;0
310;0
311;0
312;1
313;0
314;0
315;2
316;0
317;0
318;1
319;0
320;1
321;0
322;1
323;1
324;0
325;0
326;0
327;0
328;0
329;0
330;2
331;0
332;0
333;1
334;0
335;1
336;0
337;0
338;2
339;2
340;2
341;1
342;1
343;0
344;0
345;1
346;2
347;1
348;1
349;0
350;0
351;0
352;2
353;2
354;2
355;2
356;2
357;0
358;0
359;0
360;0
361;0
362;1
363;1
364;2
365;2
366;0
367;0
368;0
369;2
370;2
371;0
372;0
373;2
374;1
375;0
376;2
377;1
378;0
379;1
380;0
381;0
382;2
383;1
384;0
385;0
386;2
387;0
388;2
389;2
390;1
391;2
392;0
393;0
394;0
395;0
396;0
397;2
398;2
399;2
400;2
401;0
402;0
403;0
404;1
405;0
406;0
407;0
408;4
409;0
410;2
411;0
412;2
413;1
414;0
415;0
416;4
417;0
418;0
419;0
420;0
421;0
422;0
423;0
424;2
425;2
426;1
427;1
428;0
429;2
430;0
431;0
432;0
433;1
434;1
435;2
436;1
437;0
438;0
439;2
440;2
441;0
442;0
443;0
444;2
445;0
446;1
447;2
448;1
449;0
450;0
451;2
452;2
453;0
454;0
455;0
456;0
457;0
458;2
459;0
460;0
461;1
462;0
463;2
464;2
465;2
466;2
467;2
468;2
469;2
470;1
471;0
472;0
473;0
474;0
475;0
476;1
477;0
478;0
479;0
480;0
481;1
482;0
483;0
484;2
485;2
486;2
487;0
488;2
489;0
490;0
491;0
492;0
493;0
494;0
495;2
496;2
497;0
498;1
499;0
500;2
501;0
502;0
503;0
504;2
505;2
506;0
507;0
508;2
509;2
510;2
511;2
512;0
513;2
514;0
515;0
516;0
517;0
518;1
519;1
520;2
521;0
522;0
523;0
524;2
525;2
526;2
527;0
528;0
529;2
530;0
531;0
532;1
533;0
534;2
535;2
536;1
537;0
538;0
539;2
540;2
541;0
542;0
543;0
544;2
545;0
546;2
547;0
548;2
549;2
550;0
551;0
552;0
553;1
554;0
555;0
556;2
557;2
558;1
559;0
560;2
561;0
562;0
563;0
564;2
565;1
566;2
567;1
568;0
569;0
570;1
571;0
572;0
573;0
574;1
575;1
576;0
577;1
578;0
579;0
580;2
581;2
582;0
583;0
584;0
585;0
586;1
587;0
588;1
589;0
590;0
591;0
592;0
593;2
594;1
595;0
596;0
597;0
598;2
599;0
600;0
601;0
602;0
603;1
604;1
605;1
606;0
607;1
608;2
609;0
610;2
611;0
612;2
613;0
614;2
615;0
616;2
617;0
618;0
619;0
620;4
621;1
622;0
623;0
624;2
625;1
626;0
627;2
628;1
629;0
630;0
631;0
632;2
633;0
634;0
635;1
636;0
637;0
638;0
639;0
640;0
641;0
642;0
643;0
644;2
645;1
646;0
647;2
648;2
649;0
650;1
651;0
652;2
653;0
654;0
655;2
656;0
657;0
658;0
659;0
660;0
661;1
662;0
663;0
664;0
665;0
666;0
667;0
668;0
669;0
670;0
671;0
672;0
673;0
674;0
675;0
676;0
677;0
678;0
679;0
680;1
681;0
682;2
683;0
684;0
685;0
686;0
687;0
688;2
689;0
690;0
691;0
692;0
693;1
694;0
695;0
696;2
697;2
698;0
699;0
700;0
701;1
702;0
703;0
704;2
705;0
706;0
707;2
708;0
709;2
710;0
711;2
712;1
713;0
714;0
715;2
716;0
717;0
718;2
719;2
720;2
721;0
722;0
723;2
724;0
725;0
726;0
727;2
728;2
729;1
730;0
731;0
732;1
733;1
734;0
735;0
736;1
737;0
738;0
739;2
740;2
741;2
742;0
743;0
744;2
745;0
746;0
747;0
748;2
749;0
750;2
751;0
752;0
753;0
754;0
755;2
756;0
757;2
758;0
759;0
760;0
761;0
762;0
763;0
764;0
765;0
766;2
767;2
768;0
769;2
770;2
771;0
772;1
773;0
774;0
775;0
776;0
777;2
778;1
779;0
780;0
781;0
782;2
783;0
784;0
785;0
786;0
787;0
788;2
789;0
790;0
791;0
792;0
793;0
794;0
795;0
796;0
797;1
798;2
799;0
800;2
801;0
802;2
803;2
804;1
805;0
806;0
807;1
808;0
809;0
810;0
811;0
812;0
813;0
814;1
815;2
816;0
817;0
818;0
819;0
820;1
821;0
822;2
823;1
824;0
825;0
826;0
827;0
828;1
829;0
830;0
831;0
832;0
833;2
834;2
835;2
836;2
837;0
838;0
839;0
840;0
841;2
842;1
843;0
844;2
845;0
846;0
847;0
848;0
849;0
850;1
851;0
852;0
853;0
854;2
855;2
856;1
857;0
858;1
859;0
860;0
861;1
862;0
863;0
864;0
865;1
866;0
867;2
868;0
869;0
870;2
871;2
872;2
873;0
874;0
875;1
876;0
877;0
878;0
879;0
880;0
881;0
882;0
883;0
884;0
885;2
886;2
887;0
888;0
889;0
890;2
891;1
892;0
893;0
894;1
895;0
896;0
897;0
898;0
899;0
900;0
901;2
902;2
903;2
904;2
905;0
906;0
907;0
908;0
909;2
910;1
911;2
912;2
913;1
914;0
915;0
916;1
917;0
918;0
919;0
920;0
921;1
922;2
923;0
924;0
925;0
926;0
927;1
928;1
929;0
930;0
931;0
932;2
933;0
934;2
935;1
936;0
937;2
938;0
939;0
940;0
941;0
942;0
943;1
944;0
945;0
946;0
947;0
948;1
949;0
950;2
951;1
952;2
953;0
954;0
955;0
956;0
957;1
958;0
959;0
960;2
961;0
962;0
963;0
964;0
965;0
966;0
967;0
968;2
969;2
970;0
971;0
972;0
973;0
974;1
975;1
976;0
977;0
978;0
979;0
980;0
981;0
982;0
983;1
984;0
985;0
986;0
987;2
988;1
989;0
990;0
991;0
992;1
993;0
994;0
995;0
996;2
997;1
998;0
999;0
1000;2
1001;0
1002;0
1003;0
1004;0
1005;1
1006;0
1007;0
1008;0
1009;0
1010;0
1011;1
1012;0
1013;0
1014;1
1015;0
1016;0
1017;0
1018;0
1019;0
1020;0
1021;0
1022;0
1023;0
