0;1
1;0
2;0
3;2
4;2
5;0
6;1
7;2
8;2
9;0
10;2
11;0
12;2
13;2
14;0
15;0
16;0
17;2
18;2
19;0
20;0
21;0
22;0
23;0
24;0
25;0
26;0
27;0
28;0
29;2
30;2
31;2
32;2
33;0
34;1
35;0
36;0
37;0
38;2
39;0
40;0
41;0
42;2
43;0
44;0
45;0
46;2
47;0
48;1
49;0
50;1
51;0
52;2
53;0
54;2
55;0
56;0
57;2
58;2
59;2
60;2
61;0
62;0
63;0
64;0
65;2
66;0
67;0
68;0
69;0
70;0
71;2
72;0
73;0
74;0
75;0
76;0
77;0
78;2
79;0
80;0
81;0
82;1
83;1
84;0
85;1
86;2
87;2
88;1
89;0
90;0
91;0
92;1
93;1
94;0
95;0
96;0
97;1
98;0
99;2
100;2
101;0
102;2
103;2
104;2
105;0
106;0
107;0
108;1
109;0
110;0
111;0
112;1
113;1
114;0
115;0
116;2
117;2
118;2
119;0
120;0
121;0
122;2
123;0
124;0
125;2
126;0
127;2
128;0
129;0
130;0
131;2
132;2
133;0
134;2
135;2
136;0
137;0
138;0
139;1
140;0
141;0
142;0
143;0
144;0
145;0
146;0
147;1
148;0
149;0
150;0
151;0
152;2
153;1
154;0
155;0
156;0
157;0
158;0
159;0
160;1
161;0
162;2
163;0
164;2
165;1
166;0
167;2
168;1
169;0
170;2
171;0
172;0
173;0
174;0
175;0
176;2
177;0
178;0
179;0
180;0
181;0
182;2
183;1
184;1
185;0
186;1
187;2
188;2
189;0
190;1
191;1
192;4
193;0
194;2
195;2
196;2
197;2
198;2
199;2
200;1
201;0
202;1
203;0
204;2
205;0
206;0
207;2
208;0
209;0
210;1
211;0
212;0
213;2
214;2
215;0
216;1
217;0
218;0
219;1
220;1
221;0
222;0
223;0
224;2
225;0
226;0
227;0
228;0
229;2
230;0
231;0
232;2
233;0
234;2
235;0
236;0
237;2
238;0
239;0
240;0
241;0
242;0
243;1
244;0
245;2
246;2
247;0
248;0
249;0
250;0
251;0
252;0
253;0
254;0
255;0
256;0
257;0
258;2
259;0
260;0
261;0
262;2
263;0
264;0
265;1
266;0
267;0
268;0
269;2
270;2
271;0
272;4
273;2
274;0
275;0
276;0
277;0
278;2
279;2
280;1
281;0
282;0
283;0
284;2
285;0
286;0
287;0
288;0
289;0
290;0
291;1
292;0
293;2
294;0
295;2
296;2
297;0
298;2
299;2
300;2
301;0
302;1
303;0
304;2
305;2
306;1
307;0
308;0
309;0
310;1
311;0
312;0
313;2
314;1
315;0
316;2
317;0
318;0
319;0
320;1
321;0
322;0
323;0
324;0
325;0
326;0
327;0
328;0
329;0
330;2
331;1
332;1
333;0
334;0
335;0
336;4
337;0
338;2
339;2
340;2
341;0
342;0
343;0
344;1
345;2
346;0
347;2
348;0
349;0
350;0
351;0
352;0
353;1
354;0
355;0
356;2
357;0
358;0
359;0
360;2
361;0
362;0
363;1
364;0
365;2
366;0
367;0
368;0
369;2
370;1
371;0
372;2
373;1
374;0
375;2
376;1
377;0
378;2
379;2
380;0
381;0
382;2
383;0
384;2
385;0
386;0
387;0
388;2
389;0
390;0
391;0
392;0
393;0
394;0
395;0
396;0
397;0
398;0
399;0
400;1
401;0
402;0
403;0
404;0
405;1
406;0
407;0
408;0
409;0
410;0
411;0
412;0
413;0
414;0
415;2
416;2
417;1
418;0
419;1
420;0
421;0
422;2
423;2
424;0
425;2
426;0
427;0
428;0
429;0
430;1
431;0
432;0
433;0
434;2
435;2
436;2
437;0
438;0
439;2
440;2
441;0
442;0
443;2
444;2
445;0
446;2
447;0
448;0
449;0
450;2
451;0
452;0
453;2
454;2
455;0
456;1
457;0
458;0
459;0
460;0
461;1
462;0
463;2
464;0
465;0
466;0
467;2
468;1
469;2
470;0
471;1
472;0
473;0
474;2
475;0
476;0
477;1
478;1
479;0
480;0
481;0
482;0
483;0
484;0
485;2
486;2
487;1
488;0
489;0
490;0
491;0
492;0
493;0
494;0
495;2
496;0
497;0
498;0
499;0
500;0
501;0
502;2
503;2
504;2
505;0
506;0
507;0
508;0
509;2
510;0
511;0
512;1
513;1
514;0
515;0
516;0
517;0
518;0
519;0
520;1
521;0
522;2
523;0
524;0
525;2
526;2
527;2
528;2
529;0
530;0
531;0
532;0
533;0
534;0
535;0
536;0
537;0
538;0
539;0
540;0
541;2
542;2
543;0
544;0
545;2
546;1
547;0
548;0
549;2
550;0
551;0
552;2
553;0
554;1
555;0
556;0
557;0
558;0
559;0
560;0
561;0
562;2
563;0
564;0
565;1
566;0
567;0
568;1
569;0
570;0
571;0
572;0
573;0
574;2
575;0
576;0
577;1
578;0
579;0
580;1
581;0
582;0
583;0
584;0
585;0
586;0
587;1
588;0
589;1
590;0
591;0
592;0
593;0
594;2
595;0
596;0
597;0
598;0
599;0
600;0
601;0
602;0
603;1
604;0
605;0
606;0
607;0
608;2
609;0
610;2
611;0
612;0
613;0
614;0
615;0
616;2
617;0
618;0
619;0
620;0
621;0
622;0
623;1
624;0
625;0
626;0
627;0
628;2
629;0
630;1
631;0
632;2
633;0
634;0
635;1
636;0
637;2
638;0
639;0
640;0
641;1
642;0
643;0
644;0
645;2
646;0
647;0
648;0
649;0
650;0
651;0
652;1
653;0
654;0
655;2
656;1
657;0
658;0
659;0
660;4
661;0
662;0
663;2
664;2
665;0
666;2
667;0
668;2
669;0
670;2
671;0
672;0
673;0
674;0
675;0
676;2
677;0
678;2
679;0
680;0
681;0
682;0
683;2
684;0
685;1
686;0
687;0
688;0
689;2
690;0
691;0
692;0
693;0
694;1
695;2
696;2
697;0
698;0
699;0
700;0
701;1
702;0
703;0
704;0
705;2
706;0
707;0
708;0
709;0
710;0
711;1
712;0
713;0
714;2
715;0
716;2
717;0
718;1
719;0
720;0
721;0
722;0
723;0
724;0
725;2
726;0
727;0
728;0
729;1
730;2
731;2
732;0
733;0
734;2
735;0
736;0
737;0
738;2
739;0
740;0
741;0
742;0
743;0
744;1
745;0
746;0
747;0
748;0
749;2
750;0
751;2
752;0
753;0
754;2
755;2
756;2
757;1
758;0
759;1
760;0
761;0
762;1
763;0
764;0
765;1
766;0
767;0
768;2
769;2
770;2
771;2
772;2
773;0
774;0
775;0
776;0
777;0
778;0
779;0
780;0
781;0
782;0
783;0
784;0
785;0
786;0
787;1
788;0
789;0
790;0
791;0
792;2
793;0
794;1
795;0
796;2
797;1
798;0
799;0
800;1
801;0
802;0
803;2
804;2
805;2
806;2
807;2
808;1
809;1
810;0
811;2
812;4
813;0
814;2
815;0
816;2
817;0
818;2
819;0
820;2
821;0
822;0
823;2
824;2
825;0
826;2
827;0
828;0
829;2
830;1
831;0
832;0
833;1
834;0
835;2
836;0
837;0
838;0
839;0
840;0
841;1
842;0
843;0
844;1
845;0
846;0
847;2
848;0
849;0
850;0
851;0
852;0
853;0
854;0
855;0
856;0
857;0
858;1
859;0
860;1
861;0
862;0
863;0
864;0
865;0
866;0
867;0
868;0
869;0
870;0
871;2
872;1
873;0
874;0
875;0
876;0
877;0
878;0
879;0
880;1
881;2
882;0
883;0
884;0
885;2
886;2
887;0
888;0
889;0
890;2
891;2
892;0
893;0
894;2
895;2
896;2
897;0
898;1
899;0
900;0
901;0
902;0
903;0
904;0
905;0
906;2
907;0
908;0
909;0
910;2
911;0
912;1
913;0
914;0
915;0
916;0
917;0
918;0
919;0
920;0
921;0
922;1
923;0
924;0
925;0
926;2
927;2
928;0
929;0
930;2
931;0
932;2
933;0
934;0
935;0
936;0
937;1
938;0
939;2
940;2
941;1
942;0
943;0
944;0
945;2
946;0
947;0
948;0
949;0
950;0
951;0
952;0
953;0
954;2
955;0
956;0
957;1
958;0
959;0
960;0
961;0
962;2
963;2
964;0
965;0
966;2
967;2
968;0
969;0
970;0
971;2
972;1
973;0
974;2
975;0
976;2
977;0
978;2
979;2
980;2
981;0
982;0
983;0
984;2
985;0
986;0
987;0
988;0
989;0
990;2
991;2
992;2
993;0
994;0
995;2
996;0
997;0
998;2
999;2
1000;1
1001;0
1002;0
1003;0
1004;1
1005;0
1006;2
1007;2
1008;2
1009;0
1010;2
1011;2
1012;1
1013;1
1014;1
1015;1
1016;0
1017;0
1018;0
1019;0
1020;0
1021;0
1022;0
1023;0
