0;0
1;0
2;0
3;0
4;1
5;0
6;2
7;0
8;0
9;0
10;2
11;0
12;2
13;2
14;0
15;0
16;1
17;0
18;2
19;0
20;0
21;2
22;1
23;0
24;0
25;0
26;1
27;0
28;0
29;2
30;0
31;0
32;0
33;0
34;1
35;0
36;0
37;2
38;0
39;0
40;0
41;1
42;0
43;0
44;0
45;0
46;0
47;2
48;2
49;2
50;2
51;0
52;1
53;1
54;0
55;2
56;0
57;0
58;0
59;0
60;2
61;1
62;2
63;0
64;0
65;0
66;0
67;0
68;0
69;0
70;0
71;0
72;0
73;1
74;2
75;2
76;2
77;0
78;0
79;0
80;0
81;2
82;2
83;0
84;2
85;2
86;1
87;0
88;0
89;1
90;0
91;0
92;0
93;0
94;2
95;1
96;0
97;0
98;0
99;0
100;1
101;0
102;0
103;0
104;0
105;0
106;0
107;0
108;0
109;0
110;1
111;2
112;0
113;2
114;0
115;1
116;0
117;2
118;0
119;0
120;0
121;0
122;0
123;2
124;1
125;1
126;0
127;0
128;0
129;1
130;0
131;0
132;0
133;0
134;0
135;0
136;0
137;0
138;0
139;0
140;0
141;1
142;1
143;0
144;2
145;2
146;1
147;1
148;0
149;0
150;0
151;0
152;2
153;1
154;2
155;0
156;0
157;0
158;1
159;0
160;2
161;0
162;0
163;2
164;0
165;0
166;0
167;0
168;0
169;1
170;0
171;0
172;0
173;0
174;0
175;0
176;0
177;0
178;2
179;2
180;1
181;0
182;0
183;0
184;0
185;0
186;0
187;0
188;0
189;0
190;0
191;0
192;1
193;0
194;0
195;0
196;2
197;2
198;0
199;0
200;0
201;1
202;1
203;2
204;2
205;0
206;0
207;1
208;0
209;0
210;2
211;2
212;2
213;2
214;2
215;4
216;0
217;0
218;0
219;0
220;1
221;0
222;2
223;2
224;2
225;0
226;0
227;0
228;0
229;0
230;1
231;0
232;0
233;0
234;0
235;0
236;0
237;0
238;0
239;2
240;1
241;0
242;0
243;2
244;2
245;0
246;2
247;0
248;2
249;0
250;0
251;0
252;1
253;0
254;0
255;2
256;2
257;0
258;2
259;0
260;0
261;0
262;0
263;0
264;1
265;0
266;0
267;0
268;0
269;0
270;0
271;0
272;0
273;2
274;0
275;0
276;0
277;0
278;0
279;0
280;2
281;0
282;0
283;0
284;0
285;0
286;0
287;2
288;0
289;0
290;0
291;0
292;0
293;0
294;0
295;0
296;2
297;2
298;0
299;2
300;1
301;0
302;0
303;0
304;0
305;0
306;2
307;0
308;0
309;0
310;2
311;2
312;2
313;0
314;0
315;0
316;0
317;0
318;0
319;2
320;0
321;0
322;2
323;2
324;2
325;0
326;0
327;0
328;0
329;0
330;0
331;0
332;0
333;0
334;1
335;0
336;0
337;1
338;2
339;0
340;0
341;0
342;0
343;0
344;0
345;0
346;1
347;1
348;0
349;0
350;0
351;0
352;2
353;1
354;0
355;1
356;0
357;0
358;0
359;0
360;0
361;0
362;1
363;0
364;0
365;0
366;2
367;0
368;0
369;2
370;0
371;0
372;0
373;2
374;0
375;0
376;2
377;2
378;0
379;0
380;1
381;0
382;1
383;1
384;0
385;2
386;0
387;0
388;0
389;0
390;0
391;2
392;0
393;0
394;0
395;0
396;0
397;0
398;0
399;0
400;2
401;2
402;2
403;2
404;2
405;0
406;0
407;0
408;0
409;0
410;1
411;0
412;2
413;2
414;0
415;2
416;4
417;0
418;1
419;1
420;0
421;0
422;0
423;2
424;2
425;0
426;0
427;0
428;0
429;0
430;0
431;1
432;2
433;2
434;0
435;0
436;0
437;0
438;0
439;2
440;0
441;0
442;1
443;0
444;1
445;1
446;0
447;0
448;0
449;0
450;1
451;0
452;0
453;0
454;0
455;1
456;2
457;2
458;2
459;2
460;0
461;2
462;0
463;0
464;2
465;1
466;2
467;1
468;0
469;2
470;1
471;0
472;2
473;0
474;0
475;0
476;0
477;0
478;2
479;0
480;0
481;2
482;0
483;0
484;0
485;2
486;2
487;2
488;0
489;0
490;0
491;0
492;2
493;0
494;0
495;0
496;0
497;0
498;2
499;0
500;2
501;0
502;0
503;0
504;0
505;0
506;1
507;0
508;0
509;2
510;1
511;0
512;0
513;0
514;2
515;2
516;0
517;0
518;0
519;2
520;2
521;0
522;0
523;2
524;2
525;0
526;0
527;0
528;0
529;2
530;0
531;0
532;0
533;0
534;0
535;0
536;0
537;0
538;0
539;0
540;0
541;0
542;0
543;0
544;1
545;2
546;0
547;0
548;0
549;0
550;0
551;0
552;0
553;0
554;0
555;0
556;1
557;0
558;0
559;0
560;0
561;0
562;0
563;0
564;0
565;2
566;1
567;2
568;0
569;0
570;0
571;0
572;1
573;0
574;0
575;0
576;0
577;0
578;1
579;0
580;0
581;2
582;0
583;0
584;1
585;0
586;0
587;1
588;0
589;2
590;0
591;0
592;1
593;0
594;0
595;0
596;2
597;2
598;1
599;0
600;2
601;0
602;0
603;1
604;1
605;0
606;0
607;0
608;0
609;2
610;0
611;1
612;0
613;0
614;0
615;0
616;0
617;0
618;0
619;0
620;1
621;0
622;0
623;0
624;0
625;2
626;1
627;0
628;0
629;0
630;2
631;0
632;2
633;2
634;0
635;2
636;0
637;0
638;1
639;0
640;1
641;0
642;2
643;2
644;0
645;2
646;0
647;0
648;0
649;0
650;1
651;0
652;2
653;2
654;0
655;0
656;0
657;0
658;1
659;0
660;0
661;0
662;0
663;0
664;0
665;2
666;0
667;0
668;0
669;0
670;0
671;0
672;0
673;2
674;0
675;0
676;0
677;1
678;0
679;1
680;0
681;1
682;0
683;1
684;0
685;0
686;2
687;0
688;0
689;0
690;0
691;0
692;0
693;0
694;0
695;0
696;1
697;2
698;2
699;0
700;2
701;1
702;0
703;0
704;1
705;0
706;0
707;2
708;2
709;2
710;1
711;2
712;0
713;2
714;2
715;2
716;0
717;0
718;0
719;0
720;0
721;0
722;0
723;0
724;0
725;0
726;0
727;1
728;0
729;0
730;0
731;0
732;0
733;0
734;0
735;0
736;0
737;0
738;2
739;2
740;1
741;0
742;0
743;0
744;1
745;0
746;0
747;0
748;0
749;0
750;0
751;0
752;0
753;1
754;0
755;1
756;0
757;0
758;0
759;0
760;2
761;2
762;0
763;0
764;0
765;0
766;0
767;0
768;0
769;0
770;0
771;0
772;0
773;0
774;1
775;1
776;0
777;1
778;1
779;0
780;2
781;0
782;0
783;0
784;0
785;0
786;2
787;0
788;2
789;2
790;2
791;0
792;1
793;0
794;0
795;2
796;1
797;0
798;0
799;2
800;4
801;0
802;2
803;2
804;2
805;0
806;2
807;0
808;2
809;0
810;0
811;0
812;0
813;0
814;0
815;0
816;0
817;2
818;0
819;0
820;0
821;0
822;0
823;0
824;0
825;0
826;0
827;0
828;0
829;0
830;1
831;0
832;0
833;0
834;0
835;0
836;0
837;0
838;0
839;0
840;0
841;0
842;0
843;0
844;0
845;0
846;1
847;0
848;1
849;0
850;0
851;2
852;2
853;0
854;0
855;2
856;2
857;0
858;2
859;0
860;2
861;2
862;1
863;0
864;2
865;0
866;0
867;0
868;0
869;0
870;0
871;0
872;0
873;0
874;0
875;1
876;0
877;0
878;2
879;4
880;2
881;1
882;0
883;0
884;1
885;0
886;2
887;2
888;1
889;0
890;0
891;2
892;2
893;0
894;2
895;1
896;2
897;0
898;2
899;0
900;0
901;0
902;1
903;0
904;0
905;1
906;2
907;0
908;0
909;0
910;0
911;0
912;0
913;0
914;0
915;0
916;2
917;0
918;0
919;0
920;0
921;0
922;0
923;0
924;1
925;0
926;0
927;0
928;0
929;0
930;0
931;0
932;0
933;2
934;0
935;0
936;0
937;0
938;0
939;0
940;0
941;0
942;0
943;0
944;0
945;0
946;0
947;0
948;0
949;2
950;0
951;0
952;1
953;1
954;0
955;0
956;0
957;2
958;1
959;0
960;2
961;0
962;2
963;0
964;2
965;0
966;0
967;0
968;0
969;2
970;0
971;0
972;0
973;0
974;2
975;2
976;2
977;0
978;0
979;0
980;0
981;2
982;2
983;1
984;1
985;0
986;0
987;0
988;4
989;0
990;2
991;2
992;1
993;0
994;2
995;0
996;2
997;1
998;0
999;0
1000;0
1001;0
1002;0
1003;2
1004;0
1005;2
1006;2
1007;2
1008;2
1009;0
1010;1
1011;0
1012;1
1013;0
1014;0
1015;1
1016;0
1017;0
1018;0
1019;0
1020;0
1021;0
1022;0
1023;0
