0;0
1;0
2;0
3;2
4;2
5;0
6;2
7;2
8;1
9;0
10;2
11;0
12;1
13;0
14;0
15;0
16;0
17;2
18;2
19;0
20;4
21;1
22;0
23;0
24;0
25;2
26;0
27;2
28;2
29;0
30;2
31;0
32;0
33;0
34;0
35;0
36;2
37;2
38;0
39;0
40;0
41;0
42;0
43;0
44;1
45;0
46;0
47;0
48;0
49;0
50;1
51;0
52;0
53;0
54;2
55;2
56;2
57;1
58;1
59;0
60;2
61;0
62;0
63;0
64;0
65;2
66;0
67;2
68;0
69;0
70;1
71;0
72;1
73;0
74;0
75;0
76;2
77;0
78;0
79;0
80;0
81;0
82;0
83;0
84;1
85;0
86;2
87;0
88;0
89;0
90;0
91;0
92;0
93;0
94;0
95;0
96;0
97;2
98;2
99;0
100;1
101;0
102;1
103;0
104;0
105;0
106;0
107;0
108;0
109;0
110;0
111;0
112;2
113;0
114;0
115;0
116;0
117;2
118;0
119;0
120;2
121;0
122;1
123;0
124;0
125;2
126;0
127;0
128;0
129;0
130;0
131;0
132;0
133;0
134;2
135;0
136;0
137;0
138;2
139;0
140;2
141;0
142;0
143;0
144;2
145;2
146;0
147;2
148;0
149;2
150;2
151;0
152;0
153;2
154;0
155;0
156;0
157;0
158;2
159;0
160;2
161;2
162;0
163;0
164;1
165;0
166;0
167;0
168;0
169;0
170;2
171;0
172;1
173;1
174;0
175;0
176;2
177;0
178;0
179;0
180;1
181;0
182;0
183;0
184;0
185;2
186;2
187;2
188;0
189;1
190;0
191;0
192;2
193;0
194;2
195;0
196;0
197;0
198;0
199;0
200;0
201;0
202;0
203;1
204;1
205;0
206;0
207;0
208;0
209;0
210;0
211;0
212;0
213;0
214;0
215;0
216;1
217;0
218;1
219;2
220;2
221;0
222;0
223;0
224;1
225;0
226;0
227;0
228;2
229;2
230;0
231;0
232;2
233;1
234;0
235;0
236;0
237;0
238;0
239;0
240;0
241;0
242;0
243;0
244;2
245;0
246;0
247;2
248;0
249;0
250;2
251;2
252;0
253;0
254;0
255;0
256;2
257;2
258;2
259;0
260;2
261;0
262;0
263;0
264;0
265;0
266;0
267;0
268;2
269;2
270;1
271;0
272;0
273;0
274;0
275;0
276;2
277;0
278;0
279;0
280;2
281;0
282;0
283;0
284;0
285;1
286;0
287;2
288;0
289;0
290;1
291;0
292;0
293;0
294;1
295;1
296;2
297;0
298;2
299;0
300;0
301;2
302;0
303;0
304;0
305;1
306;0
307;0
308;0
309;0
310;0
311;2
312;2
313;1
314;0
315;0
316;0
317;0
318;2
319;0
320;4
321;0
322;0
323;0
324;0
325;1
326;0
327;2
328;1
329;0
330;0
331;0
332;0
333;0
334;0
335;0
336;0
337;2
338;0
339;0
340;0
341;2
342;2
343;2
344;0
345;0
346;2
347;0
348;2
349;1
350;0
351;0
352;0
353;0
354;1
355;0
356;0
357;0
358;0
359;0
360;0
361;2
362;0
363;0
364;0
365;1
366;0
367;0
368;2
369;1
370;0
371;1
372;0
373;0
374;0
375;2
376;1
377;0
378;0
379;2
380;2
381;2
382;1
383;0
384;0
385;0
386;2
387;0
388;0
389;0
390;0
391;0
392;0
393;0
394;2
395;0
396;0
397;0
398;2
399;1
400;0
401;2
402;0
403;0
404;0
405;2
406;1
407;1
408;2
409;1
410;0
411;0
412;0
413;0
414;0
415;0
416;1
417;0
418;0
419;2
420;1
421;0
422;2
423;1
424;0
425;0
426;2
427;0
428;1
429;1
430;1
431;0
432;2
433;0
434;1
435;0
436;1
437;0
438;1
439;2
440;0
441;0
442;1
443;0
444;0
445;0
446;0
447;2
448;1
449;0
450;1
451;0
452;0
453;0
454;0
455;0
456;2
457;1
458;0
459;0
460;0
461;0
462;0
463;0
464;0
465;2
466;2
467;0
468;2
469;0
470;0
471;0
472;0
473;0
474;0
475;0
476;2
477;0
478;0
479;0
480;2
481;0
482;0
483;0
484;0
485;0
486;0
487;0
488;0
489;2
490;2
491;2
492;0
493;0
494;2
495;0
496;0
497;0
498;1
499;2
500;0
501;2
502;0
503;0
504;2
505;0
506;2
507;0
508;1
509;0
510;0
511;0
512;1
513;0
514;0
515;0
516;0
517;0
518;0
519;1
520;0
521;1
522;0
523;2
524;2
525;0
526;1
527;2
528;0
529;1
530;2
531;0
532;0
533;0
534;0
535;2
536;1
537;0
538;0
539;0
540;0
541;1
542;0
543;0
544;0
545;2
546;2
547;0
548;0
549;0
550;1
551;0
552;1
553;0
554;0
555;0
556;0
557;2
558;1
559;0
560;0
561;2
562;2
563;0
564;2
565;0
566;0
567;0
568;0
569;0
570;0
571;0
572;0
573;2
574;0
575;0
576;0
577;0
578;2
579;2
580;2
581;0
582;0
583;0
584;1
585;2
586;0
587;0
588;0
589;0
590;0
591;0
592;0
593;0
594;0
595;0
596;2
597;0
598;2
599;0
600;0
601;0
602;1
603;0
604;0
605;0
606;0
607;1
608;0
609;0
610;0
611;0
612;0
613;2
614;0
615;0
616;0
617;2
618;0
619;0
620;0
621;0
622;0
623;0
624;2
625;0
626;0
627;0
628;0
629;0
630;0
631;0
632;1
633;0
634;0
635;0
636;0
637;0
638;1
639;2
640;1
641;0
642;2
643;0
644;0
645;1
646;0
647;0
648;2
649;1
650;2
651;0
652;0
653;0
654;0
655;0
656;0
657;0
658;0
659;2
660;0
661;0
662;1
663;2
664;1
665;0
666;0
667;1
668;2
669;0
670;2
671;0
672;2
673;0
674;2
675;2
676;1
677;0
678;0
679;2
680;0
681;0
682;0
683;0
684;2
685;0
686;1
687;0
688;0
689;0
690;1
691;0
692;0
693;0
694;0
695;0
696;2
697;0
698;0
699;0
700;2
701;2
702;0
703;0
704;2
705;0
706;2
707;1
708;0
709;2
710;0
711;2
712;0
713;0
714;0
715;0
716;1
717;0
718;1
719;0
720;0
721;2
722;1
723;2
724;0
725;0
726;2
727;0
728;0
729;0
730;2
731;0
732;0
733;0
734;0
735;0
736;0
737;1
738;0
739;0
740;0
741;0
742;0
743;0
744;0
745;0
746;0
747;0
748;0
749;0
750;2
751;2
752;1
753;0
754;0
755;2
756;4
757;0
758;0
759;2
760;0
761;0
762;0
763;0
764;1
765;0
766;0
767;0
768;0
769;0
770;1
771;0
772;0
773;1
774;0
775;0
776;1
777;2
778;0
779;0
780;0
781;0
782;2
783;1
784;0
785;2
786;2
787;0
788;1
789;0
790;0
791;0
792;2
793;2
794;2
795;2
796;2
797;0
798;0
799;0
800;0
801;2
802;2
803;2
804;2
805;0
806;0
807;0
808;0
809;0
810;2
811;2
812;1
813;0
814;2
815;0
816;0
817;0
818;2
819;1
820;0
821;0
822;0
823;0
824;0
825;2
826;2
827;2
828;0
829;0
830;2
831;0
832;0
833;1
834;0
835;2
836;0
837;0
838;0
839;0
840;0
841;0
842;0
843;0
844;0
845;2
846;0
847;0
848;1
849;0
850;0
851;0
852;1
853;0
854;0
855;0
856;0
857;1
858;0
859;2
860;2
861;0
862;0
863;0
864;1
865;0
866;1
867;2
868;0
869;1
870;0
871;0
872;1
873;0
874;2
875;4
876;0
877;2
878;0
879;1
880;2
881;0
882;2
883;1
884;0
885;2
886;1
887;0
888;1
889;0
890;2
891;0
892;0
893;0
894;0
895;0
896;0
897;0
898;2
899;0
900;0
901;0
902;0
903;1
904;1
905;0
906;0
907;2
908;1
909;0
910;2
911;2
912;0
913;0
914;0
915;0
916;1
917;1
918;0
919;0
920;0
921;0
922;2
923;0
924;1
925;0
926;2
927;0
928;1
929;0
930;0
931;0
932;0
933;1
934;0
935;2
936;2
937;0
938;0
939;0
940;0
941;1
942;0
943;2
944;0
945;2
946;0
947;0
948;0
949;0
950;0
951;0
952;0
953;0
954;0
955;0
956;2
957;0
958;0
959;0
960;0
961;0
962;0
963;1
964;0
965;0
966;0
967;0
968;0
969;0
970;0
971;0
972;1
973;0
974;2
975;0
976;2
977;0
978;2
979;0
980;0
981;1
982;0
983;0
984;0
985;0
986;0
987;0
988;0
989;0
990;2
991;0
992;0
993;2
994;0
995;0
996;0
997;0
998;2
999;1
1000;0
1001;0
1002;0
1003;0
1004;0
1005;0
1006;2
1007;2
1008;2
1009;0
1010;2
1011;0
1012;0
1013;0
1014;1
1015;0
1016;0
1017;0
1018;0
1019;0
1020;0
1021;0
1022;0
1023;0
