0;1
1;0
2;0
3;2
4;2
5;0
6;2
7;2
8;2
9;0
10;2
11;2
12;2
13;0
14;0
15;0
16;0
17;1
18;1
19;0
20;0
21;0
22;0
23;0
24;0
25;0
26;2
27;0
28;0
29;2
30;2
31;2
32;2
33;0
34;0
35;0
36;0
37;0
38;2
39;0
40;0
41;2
42;0
43;0
44;0
45;0
46;2
47;0
48;2
49;0
50;1
51;0
52;2
53;2
54;2
55;0
56;0
57;2
58;2
59;1
60;0
61;0
62;0
63;0
64;0
65;0
66;1
67;0
68;0
69;0
70;0
71;0
72;0
73;0
74;0
75;0
76;0
77;0
78;0
79;0
80;0
81;0
82;0
83;0
84;0
85;1
86;0
87;0
88;1
89;0
90;0
91;2
92;1
93;1
94;0
95;0
96;0
97;0
98;0
99;2
100;0
101;0
102;2
103;2
104;0
105;1
106;0
107;1
108;2
109;2
110;1
111;0
112;1
113;0
114;0
115;0
116;2
117;0
118;2
119;0
120;0
121;0
122;2
123;1
124;0
125;2
126;0
127;2
128;0
129;0
130;1
131;2
132;2
133;0
134;0
135;0
136;0
137;0
138;2
139;0
140;0
141;0
142;0
143;0
144;0
145;0
146;2
147;2
148;2
149;2
150;0
151;0
152;2
153;1
154;0
155;2
156;0
157;0
158;0
159;0
160;0
161;0
162;0
163;0
164;2
165;0
166;1
167;4
168;0
169;2
170;0
171;2
172;1
173;0
174;0
175;2
176;2
177;0
178;2
179;2
180;2
181;0
182;2
183;2
184;1
185;0
186;0
187;0
188;0
189;2
190;0
191;0
192;0
193;0
194;2
195;0
196;0
197;0
198;2
199;0
200;2
201;1
202;0
203;0
204;2
205;0
206;0
207;0
208;0
209;1
210;2
211;0
212;0
213;2
214;0
215;2
216;0
217;1
218;1
219;0
220;1
221;0
222;0
223;0
224;0
225;1
226;0
227;1
228;0
229;2
230;0
231;0
232;1
233;0
234;1
235;0
236;0
237;2
238;0
239;0
240;0
241;1
242;1
243;0
244;0
245;0
246;0
247;2
248;2
249;0
250;0
251;0
252;0
253;1
254;0
255;0
256;0
257;0
258;2
259;0
260;0
261;0
262;1
263;0
264;0
265;1
266;0
267;0
268;0
269;1
270;1
271;1
272;0
273;1
274;0
275;0
276;1
277;0
278;0
279;2
280;2
281;2
282;0
283;0
284;0
285;0
286;0
287;0
288;0
289;2
290;1
291;0
292;2
293;0
294;0
295;0
296;0
297;0
298;1
299;0
300;2
301;0
302;0
303;0
304;0
305;0
306;0
307;0
308;0
309;0
310;1
311;0
312;0
313;0
314;1
315;0
316;0
317;2
318;2
319;0
320;0
321;0
322;0
323;0
324;0
325;0
326;0
327;0
328;0
329;0
330;2
331;0
332;2
333;0
334;0
335;2
336;0
337;1
338;1
339;0
340;1
341;2
342;0
343;2
344;2
345;2
346;2
347;2
348;2
349;0
350;1
351;0
352;0
353;0
354;0
355;0
356;0
357;2
358;0
359;0
360;2
361;0
362;0
363;0
364;0
365;0
366;0
367;0
368;0
369;0
370;0
371;0
372;1
373;0
374;0
375;0
376;1
377;0
378;0
379;1
380;0
381;1
382;0
383;0
384;2
385;0
386;0
387;2
388;2
389;1
390;0
391;0
392;0
393;0
394;2
395;2
396;0
397;0
398;2
399;0
400;0
401;0
402;1
403;0
404;0
405;0
406;1
407;0
408;0
409;0
410;0
411;0
412;2
413;0
414;0
415;2
416;2
417;0
418;1
419;0
420;0
421;0
422;1
423;0
424;0
425;2
426;2
427;0
428;1
429;0
430;0
431;0
432;0
433;1
434;0
435;2
436;0
437;0
438;0
439;0
440;1
441;2
442;0
443;0
444;0
445;0
446;1
447;1
448;0
449;1
450;0
451;0
452;2
453;0
454;2
455;0
456;1
457;0
458;2
459;2
460;2
461;0
462;0
463;2
464;0
465;0
466;0
467;1
468;0
469;1
470;0
471;0
472;0
473;2
474;2
475;2
476;2
477;0
478;0
479;0
480;0
481;2
482;0
483;0
484;1
485;2
486;0
487;0
488;0
489;0
490;0
491;0
492;0
493;0
494;1
495;0
496;0
497;1
498;0
499;0
500;2
501;0
502;0
503;0
504;0
505;0
506;0
507;0
508;0
509;0
510;0
511;0
512;0
513;2
514;2
515;2
516;1
517;0
518;1
519;0
520;1
521;0
522;0
523;2
524;2
525;0
526;2
527;0
528;0
529;0
530;2
531;0
532;0
533;0
534;0
535;2
536;1
537;2
538;0
539;0
540;0
541;0
542;1
543;0
544;0
545;0
546;2
547;0
548;0
549;0
550;0
551;0
552;0
553;0
554;2
555;0
556;0
557;1
558;0
559;0
560;1
561;0
562;0
563;0
564;0
565;0
566;0
567;0
568;0
569;0
570;0
571;0
572;1
573;0
574;0
575;0
576;0
577;0
578;0
579;0
580;0
581;2
582;0
583;0
584;2
585;0
586;1
587;0
588;2
589;2
590;0
591;0
592;0
593;0
594;0
595;1
596;0
597;0
598;0
599;2
600;2
601;1
602;1
603;0
604;0
605;0
606;0
607;0
608;0
609;0
610;0
611;0
612;0
613;2
614;0
615;0
616;0
617;0
618;0
619;0
620;0
621;0
622;1
623;0
624;2
625;0
626;0
627;1
628;0
629;2
630;0
631;1
632;0
633;2
634;0
635;0
636;0
637;0
638;2
639;2
640;1
641;0
642;0
643;2
644;2
645;0
646;0
647;2
648;2
649;2
650;2
651;0
652;2
653;0
654;0
655;0
656;2
657;0
658;0
659;0
660;0
661;0
662;0
663;2
664;2
665;0
666;2
667;0
668;0
669;0
670;0
671;2
672;2
673;1
674;0
675;2
676;2
677;2
678;0
679;0
680;0
681;0
682;2
683;0
684;1
685;0
686;0
687;0
688;0
689;2
690;0
691;0
692;0
693;2
694;0
695;0
696;0
697;0
698;0
699;1
700;0
701;2
702;2
703;2
704;2
705;0
706;2
707;0
708;0
709;0
710;0
711;0
712;0
713;0
714;0
715;2
716;1
717;0
718;0
719;2
720;4
721;0
722;2
723;2
724;2
725;0
726;2
727;0
728;2
729;0
730;2
731;2
732;0
733;0
734;2
735;2
736;2
737;0
738;1
739;0
740;0
741;0
742;2
743;0
744;1
745;0
746;1
747;0
748;0
749;2
750;0
751;2
752;0
753;2
754;2
755;2
756;2
757;0
758;1
759;0
760;0
761;2
762;2
763;0
764;2
765;1
766;0
767;0
768;2
769;2
770;0
771;0
772;2
773;0
774;0
775;0
776;1
777;1
778;0
779;0
780;0
781;0
782;0
783;0
784;0
785;0
786;0
787;0
788;0
789;0
790;2
791;0
792;2
793;0
794;1
795;0
796;2
797;1
798;0
799;0
800;1
801;0
802;0
803;0
804;1
805;0
806;0
807;0
808;0
809;0
810;0
811;2
812;2
813;1
814;1
815;0
816;0
817;0
818;1
819;0
820;0
821;0
822;2
823;2
824;1
825;0
826;0
827;0
828;0
829;2
830;2
831;2
832;1
833;0
834;0
835;2
836;0
837;0
838;0
839;0
840;2
841;0
842;0
843;0
844;0
845;0
846;2
847;2
848;1
849;0
850;1
851;0
852;2
853;0
854;0
855;0
856;0
857;0
858;0
859;2
860;2
861;0
862;0
863;0
864;0
865;0
866;2
867;0
868;1
869;1
870;0
871;0
872;0
873;0
874;0
875;0
876;2
877;0
878;0
879;1
880;0
881;2
882;2
883;2
884;2
885;0
886;0
887;2
888;0
889;0
890;0
891;2
892;2
893;0
894;0
895;0
896;0
897;0
898;1
899;0
900;1
901;0
902;1
903;0
904;1
905;0
906;1
907;0
908;1
909;0
910;1
911;0
912;0
913;0
914;2
915;2
916;2
917;0
918;2
919;0
920;1
921;0
922;0
923;0
924;0
925;2
926;2
927;2
928;2
929;1
930;0
931;0
932;2
933;2
934;0
935;2
936;0
937;0
938;0
939;0
940;0
941;0
942;2
943;0
944;0
945;1
946;0
947;0
948;0
949;0
950;2
951;2
952;0
953;0
954;1
955;0
956;0
957;0
958;0
959;2
960;1
961;0
962;2
963;0
964;2
965;0
966;2
967;2
968;2
969;0
970;0
971;0
972;0
973;0
974;0
975;4
976;1
977;0
978;2
979;2
980;2
981;0
982;2
983;2
984;2
985;0
986;2
987;2
988;0
989;0
990;0
991;0
992;1
993;0
994;1
995;0
996;0
997;0
998;2
999;2
1000;0
1001;0
1002;0
1003;0
1004;0
1005;0
1006;0
1007;0
1008;2
1009;0
1010;1
1011;0
1012;0
1013;0
1014;0
1015;1
1016;0
1017;0
1018;0
1019;0
1020;0
1021;0
1022;0
1023;0
