0;1
1;0
2;0
3;2
4;2
5;2
6;2
7;2
8;0
9;0
10;2
11;0
12;2
13;2
14;0
15;0
16;0
17;0
18;1
19;0
20;0
21;2
22;0
23;0
24;0
25;2
26;2
27;0
28;2
29;2
30;0
31;0
32;0
33;0
34;1
35;0
36;0
37;0
38;1
39;0
40;2
41;1
42;0
43;0
44;1
45;0
46;0
47;2
48;2
49;2
50;0
51;0
52;1
53;1
54;0
55;0
56;0
57;0
58;0
59;1
60;1
61;1
62;1
63;0
64;0
65;0
66;0
67;0
68;1
69;0
70;2
71;0
72;1
73;2
74;2
75;2
76;2
77;2
78;0
79;0
80;2
81;2
82;1
83;0
84;0
85;2
86;1
87;0
88;0
89;1
90;0
91;0
92;1
93;0
94;2
95;0
96;2
97;0
98;0
99;0
100;1
101;0
102;0
103;0
104;2
105;0
106;2
107;0
108;0
109;2
110;1
111;2
112;0
113;0
114;0
115;0
116;0
117;0
118;0
119;0
120;0
121;0
122;0
123;2
124;0
125;1
126;0
127;0
128;0
129;2
130;0
131;0
132;0
133;0
134;0
135;0
136;0
137;1
138;0
139;0
140;2
141;1
142;1
143;0
144;2
145;2
146;1
147;1
148;0
149;0
150;0
151;0
152;2
153;1
154;1
155;0
156;0
157;0
158;0
159;0
160;2
161;0
162;0
163;0
164;1
165;0
166;0
167;0
168;0
169;0
170;0
171;0
172;0
173;0
174;0
175;0
176;0
177;1
178;0
179;0
180;1
181;0
182;0
183;0
184;0
185;0
186;0
187;0
188;0
189;1
190;0
191;0
192;1
193;0
194;0
195;0
196;4
197;0
198;2
199;0
200;4
201;1
202;0
203;4
204;2
205;0
206;2
207;0
208;1
209;0
210;2
211;2
212;1
213;0
214;0
215;2
216;2
217;0
218;2
219;2
220;2
221;0
222;0
223;0
224;2
225;1
226;0
227;2
228;0
229;0
230;0
231;0
232;0
233;0
234;0
235;0
236;0
237;0
238;0
239;0
240;0
241;0
242;0
243;0
244;0
245;0
246;0
247;2
248;0
249;0
250;0
251;1
252;0
253;0
254;2
255;0
256;1
257;0
258;0
259;0
260;1
261;0
262;0
263;0
264;0
265;0
266;0
267;0
268;4
269;0
270;0
271;2
272;0
273;2
274;2
275;2
276;1
277;0
278;0
279;0
280;4
281;0
282;0
283;2
284;0
285;0
286;0
287;0
288;1
289;0
290;0
291;2
292;1
293;0
294;0
295;2
296;2
297;0
298;2
299;2
300;4
301;0
302;2
303;0
304;2
305;2
306;2
307;2
308;1
309;2
310;0
311;2
312;1
313;0
314;0
315;0
316;2
317;0
318;2
319;0
320;2
321;0
322;2
323;2
324;2
325;2
326;0
327;0
328;2
329;0
330;0
331;2
332;0
333;0
334;2
335;0
336;0
337;0
338;0
339;0
340;0
341;1
342;0
343;0
344;0
345;0
346;0
347;0
348;0
349;1
350;0
351;1
352;0
353;0
354;0
355;0
356;2
357;0
358;1
359;0
360;1
361;0
362;0
363;0
364;0
365;2
366;2
367;2
368;2
369;0
370;0
371;0
372;0
373;0
374;0
375;2
376;2
377;0
378;0
379;0
380;0
381;2
382;0
383;0
384;1
385;2
386;0
387;0
388;2
389;2
390;0
391;0
392;2
393;0
394;0
395;0
396;0
397;2
398;0
399;0
400;0
401;0
402;0
403;0
404;1
405;0
406;0
407;0
408;0
409;0
410;0
411;0
412;1
413;0
414;2
415;2
416;1
417;0
418;0
419;2
420;4
421;0
422;2
423;0
424;2
425;0
426;2
427;0
428;2
429;1
430;1
431;2
432;2
433;2
434;0
435;2
436;2
437;0
438;1
439;0
440;0
441;0
442;0
443;0
444;2
445;0
446;0
447;0
448;0
449;2
450;0
451;1
452;1
453;0
454;0
455;2
456;1
457;2
458;0
459;2
460;4
461;0
462;2
463;2
464;2
465;1
466;0
467;0
468;2
469;2
470;2
471;0
472;2
473;2
474;1
475;0
476;1
477;1
478;0
479;0
480;0
481;0
482;0
483;0
484;0
485;1
486;0
487;1
488;1
489;0
490;2
491;0
492;0
493;0
494;0
495;0
496;2
497;2
498;2
499;2
500;2
501;2
502;1
503;0
504;2
505;0
506;2
507;0
508;0
509;0
510;1
511;0
512;0
513;0
514;0
515;0
516;1
517;0
518;2
519;2
520;0
521;0
522;2
523;2
524;1
525;0
526;0
527;2
528;4
529;0
530;2
531;2
532;2
533;0
534;2
535;0
536;4
537;2
538;2
539;0
540;2
541;1
542;0
543;2
544;2
545;2
546;0
547;0
548;2
549;0
550;0
551;0
552;1
553;0
554;1
555;0
556;0
557;0
558;0
559;2
560;0
561;0
562;0
563;0
564;1
565;0
566;0
567;0
568;0
569;0
570;2
571;2
572;2
573;0
574;0
575;0
576;0
577;0
578;0
579;0
580;0
581;1
582;0
583;0
584;0
585;1
586;2
587;0
588;0
589;0
590;0
591;0
592;0
593;2
594;0
595;0
596;0
597;0
598;0
599;0
600;0
601;0
602;0
603;2
604;0
605;2
606;1
607;2
608;0
609;0
610;0
611;0
612;2
613;0
614;0
615;0
616;0
617;0
618;1
619;0
620;0
621;0
622;0
623;0
624;0
625;0
626;0
627;1
628;0
629;2
630;0
631;0
632;1
633;0
634;1
635;0
636;2
637;2
638;1
639;0
640;2
641;0
642;2
643;2
644;1
645;0
646;0
647;0
648;0
649;0
650;0
651;0
652;2
653;0
654;0
655;0
656;0
657;0
658;0
659;0
660;0
661;0
662;0
663;0
664;0
665;0
666;1
667;0
668;0
669;0
670;2
671;0
672;2
673;0
674;0
675;0
676;0
677;0
678;2
679;2
680;1
681;0
682;0
683;2
684;0
685;2
686;0
687;0
688;1
689;0
690;1
691;0
692;2
693;2
694;0
695;0
696;0
697;0
698;0
699;0
700;1
701;1
702;0
703;0
704;0
705;0
706;0
707;0
708;1
709;0
710;0
711;0
712;0
713;0
714;0
715;0
716;0
717;1
718;0
719;2
720;0
721;2
722;0
723;0
724;0
725;0
726;2
727;0
728;0
729;2
730;0
731;0
732;0
733;0
734;0
735;0
736;1
737;0
738;1
739;2
740;2
741;2
742;2
743;0
744;1
745;0
746;0
747;0
748;0
749;0
750;2
751;2
752;0
753;0
754;0
755;2
756;4
757;0
758;0
759;2
760;2
761;0
762;2
763;0
764;2
765;2
766;0
767;0
768;0
769;0
770;2
771;2
772;0
773;0
774;0
775;0
776;0
777;0
778;0
779;0
780;0
781;0
782;0
783;0
784;0
785;0
786;0
787;0
788;0
789;0
790;0
791;0
792;0
793;1
794;1
795;0
796;1
797;0
798;0
799;0
800;1
801;0
802;0
803;0
804;0
805;0
806;0
807;0
808;4
809;2
810;2
811;2
812;0
813;0
814;0
815;2
816;2
817;0
818;0
819;0
820;0
821;2
822;0
823;0
824;2
825;0
826;0
827;0
828;0
829;2
830;0
831;0
832;0
833;1
834;1
835;0
836;2
837;0
838;2
839;0
840;0
841;0
842;0
843;0
844;2
845;0
846;2
847;0
848;4
849;1
850;2
851;0
852;0
853;0
854;0
855;0
856;1
857;0
858;0
859;0
860;1
861;2
862;1
863;0
864;0
865;0
866;0
867;0
868;0
869;0
870;0
871;0
872;0
873;0
874;0
875;0
876;0
877;0
878;0
879;2
880;0
881;0
882;0
883;0
884;0
885;0
886;0
887;0
888;0
889;0
890;2
891;2
892;1
893;0
894;0
895;0
896;2
897;0
898;0
899;0
900;0
901;0
902;1
903;0
904;0
905;0
906;0
907;0
908;2
909;2
910;4
911;2
912;2
913;0
914;2
915;2
916;2
917;0
918;1
919;0
920;2
921;1
922;0
923;0
924;0
925;0
926;0
927;0
928;0
929;0
930;0
931;0
932;0
933;0
934;0
935;0
936;2
937;0
938;1
939;2
940;0
941;0
942;0
943;0
944;1
945;0
946;0
947;0
948;1
949;0
950;0
951;1
952;0
953;0
954;0
955;0
956;2
957;0
958;0
959;1
960;0
961;0
962;0
963;0
964;0
965;2
966;2
967;2
968;1
969;0
970;0
971;2
972;2
973;2
974;2
975;1
976;2
977;0
978;0
979;0
980;1
981;0
982;0
983;0
984;1
985;0
986;0
987;0
988;0
989;0
990;1
991;0
992;2
993;0
994;0
995;0
996;1
997;0
998;0
999;2
1000;2
1001;0
1002;0
1003;2
1004;2
1005;0
1006;2
1007;2
1008;2
1009;0
1010;2
1011;2
1012;1
1013;0
1014;1
1015;1
1016;0
1017;0
1018;0
1019;0
1020;0
1021;0
1022;0
1023;0
