0;0
1;0
2;0
3;0
4;4
5;0
6;0
7;2
8;2
9;0
10;2
11;0
12;1
13;0
14;0
15;0
16;0
17;0
18;1
19;0
20;4
21;1
22;1
23;0
24;2
25;0
26;0
27;0
28;2
29;0
30;0
31;0
32;0
33;0
34;2
35;0
36;1
37;0
38;2
39;2
40;1
41;1
42;0
43;2
44;0
45;0
46;1
47;2
48;2
49;0
50;0
51;1
52;2
53;2
54;0
55;2
56;0
57;1
58;0
59;0
60;0
61;0
62;0
63;0
64;0
65;0
66;2
67;0
68;0
69;0
70;0
71;0
72;0
73;2
74;0
75;0
76;0
77;0
78;0
79;2
80;0
81;0
82;1
83;0
84;1
85;0
86;0
87;1
88;0
89;0
90;0
91;1
92;1
93;0
94;0
95;0
96;2
97;0
98;1
99;2
100;1
101;0
102;0
103;0
104;1
105;0
106;0
107;0
108;2
109;0
110;0
111;0
112;1
113;0
114;2
115;2
116;0
117;0
118;1
119;0
120;0
121;0
122;1
123;0
124;2
125;0
126;0
127;0
128;0
129;1
130;2
131;2
132;2
133;0
134;1
135;0
136;2
137;0
138;0
139;0
140;1
141;1
142;0
143;0
144;0
145;0
146;1
147;0
148;0
149;2
150;0
151;1
152;2
153;2
154;0
155;0
156;0
157;2
158;0
159;2
160;0
161;2
162;0
163;0
164;0
165;0
166;0
167;0
168;0
169;0
170;0
171;0
172;2
173;2
174;0
175;0
176;1
177;0
178;0
179;0
180;0
181;0
182;1
183;0
184;1
185;1
186;1
187;1
188;2
189;0
190;0
191;0
192;2
193;0
194;0
195;0
196;0
197;1
198;0
199;2
200;0
201;2
202;2
203;2
204;2
205;0
206;0
207;2
208;0
209;0
210;0
211;0
212;0
213;0
214;0
215;2
216;1
217;0
218;0
219;0
220;1
221;0
222;0
223;0
224;0
225;2
226;0
227;0
228;2
229;1
230;0
231;1
232;0
233;0
234;0
235;0
236;0
237;0
238;0
239;0
240;1
241;0
242;0
243;0
244;2
245;1
246;0
247;0
248;1
249;0
250;0
251;0
252;0
253;0
254;0
255;0
256;2
257;0
258;0
259;1
260;0
261;0
262;0
263;2
264;0
265;2
266;0
267;0
268;2
269;0
270;1
271;0
272;0
273;0
274;0
275;0
276;0
277;0
278;0
279;0
280;1
281;0
282;0
283;0
284;4
285;0
286;2
287;2
288;4
289;0
290;0
291;0
292;1
293;0
294;2
295;2
296;1
297;0
298;0
299;0
300;2
301;2
302;0
303;0
304;0
305;2
306;1
307;0
308;1
309;0
310;0
311;2
312;0
313;0
314;2
315;2
316;0
317;0
318;0
319;1
320;0
321;0
322;2
323;0
324;0
325;1
326;0
327;0
328;0
329;1
330;0
331;0
332;0
333;0
334;2
335;2
336;0
337;1
338;0
339;0
340;0
341;2
342;2
343;0
344;1
345;0
346;0
347;0
348;2
349;1
350;0
351;2
352;2
353;0
354;0
355;0
356;0
357;0
358;1
359;0
360;2
361;2
362;0
363;0
364;2
365;1
366;0
367;0
368;0
369;0
370;0
371;0
372;0
373;0
374;0
375;1
376;0
377;0
378;0
379;0
380;0
381;0
382;0
383;2
384;0
385;0
386;1
387;0
388;0
389;1
390;0
391;0
392;1
393;2
394;2
395;2
396;2
397;0
398;1
399;0
400;1
401;0
402;0
403;2
404;4
405;2
406;1
407;1
408;0
409;0
410;0
411;0
412;2
413;0
414;0
415;0
416;0
417;2
418;1
419;0
420;2
421;2
422;2
423;0
424;1
425;2
426;0
427;0
428;0
429;2
430;1
431;1
432;2
433;2
434;2
435;0
436;2
437;0
438;1
439;0
440;0
441;2
442;2
443;1
444;0
445;0
446;1
447;2
448;1
449;0
450;0
451;0
452;1
453;0
454;1
455;2
456;0
457;0
458;4
459;0
460;0
461;0
462;0
463;2
464;2
465;2
466;1
467;2
468;0
469;0
470;0
471;0
472;2
473;0
474;0
475;0
476;0
477;0
478;1
479;0
480;1
481;0
482;2
483;0
484;2
485;0
486;0
487;0
488;0
489;0
490;0
491;2
492;2
493;0
494;0
495;0
496;2
497;0
498;0
499;0
500;1
501;0
502;0
503;0
504;2
505;2
506;2
507;0
508;0
509;2
510;2
511;0
512;0
513;1
514;0
515;1
516;2
517;0
518;0
519;0
520;2
521;2
522;1
523;0
524;1
525;0
526;0
527;0
528;1
529;2
530;1
531;0
532;2
533;1
534;0
535;0
536;4
537;2
538;0
539;2
540;2
541;0
542;0
543;0
544;2
545;1
546;0
547;1
548;0
549;0
550;1
551;0
552;0
553;0
554;0
555;1
556;0
557;0
558;0
559;0
560;2
561;1
562;0
563;0
564;0
565;0
566;1
567;0
568;2
569;1
570;0
571;0
572;1
573;1
574;0
575;0
576;0
577;1
578;0
579;2
580;2
581;0
582;2
583;1
584;0
585;0
586;0
587;0
588;0
589;2
590;0
591;0
592;2
593;0
594;0
595;1
596;2
597;0
598;0
599;0
600;1
601;1
602;0
603;1
604;0
605;0
606;0
607;0
608;0
609;0
610;0
611;0
612;1
613;0
614;2
615;2
616;2
617;0
618;1
619;0
620;1
621;0
622;2
623;0
624;0
625;0
626;0
627;0
628;0
629;1
630;1
631;0
632;0
633;2
634;1
635;0
636;2
637;0
638;0
639;0
640;1
641;0
642;0
643;1
644;1
645;0
646;0
647;2
648;0
649;0
650;2
651;1
652;2
653;0
654;0
655;0
656;2
657;2
658;1
659;0
660;2
661;0
662;2
663;0
664;0
665;0
666;0
667;0
668;0
669;2
670;0
671;0
672;1
673;0
674;0
675;0
676;2
677;1
678;2
679;0
680;0
681;2
682;0
683;0
684;0
685;0
686;0
687;2
688;0
689;0
690;0
691;0
692;1
693;0
694;0
695;1
696;2
697;0
698;0
699;0
700;1
701;2
702;1
703;0
704;4
705;1
706;0
707;2
708;1
709;0
710;1
711;0
712;2
713;0
714;0
715;0
716;2
717;0
718;1
719;0
720;1
721;0
722;2
723;1
724;0
725;2
726;0
727;2
728;2
729;2
730;1
731;2
732;2
733;0
734;0
735;1
736;0
737;2
738;0
739;0
740;0
741;0
742;0
743;0
744;0
745;0
746;2
747;1
748;0
749;2
750;2
751;0
752;1
753;0
754;0
755;2
756;0
757;2
758;1
759;0
760;0
761;0
762;0
763;0
764;0
765;2
766;0
767;0
768;0
769;0
770;0
771;0
772;4
773;0
774;0
775;0
776;0
777;2
778;2
779;2
780;2
781;0
782;0
783;0
784;1
785;1
786;0
787;0
788;0
789;0
790;0
791;2
792;0
793;0
794;0
795;2
796;2
797;0
798;2
799;2
800;2
801;0
802;2
803;0
804;2
805;0
806;0
807;0
808;0
809;0
810;0
811;0
812;1
813;0
814;0
815;1
816;0
817;2
818;1
819;0
820;1
821;0
822;0
823;2
824;1
825;0
826;0
827;1
828;2
829;0
830;0
831;0
832;0
833;1
834;0
835;0
836;0
837;0
838;1
839;0
840;0
841;0
842;2
843;0
844;2
845;0
846;2
847;2
848;1
849;0
850;1
851;0
852;0
853;0
854;0
855;0
856;0
857;0
858;0
859;2
860;0
861;0
862;0
863;0
864;2
865;0
866;2
867;2
868;2
869;0
870;0
871;0
872;0
873;0
874;0
875;0
876;0
877;2
878;0
879;2
880;1
881;0
882;2
883;1
884;0
885;0
886;1
887;0
888;0
889;2
890;0
891;0
892;1
893;0
894;2
895;2
896;2
897;0
898;0
899;0
900;1
901;0
902;2
903;0
904;2
905;2
906;1
907;0
908;0
909;2
910;0
911;0
912;0
913;1
914;2
915;0
916;0
917;2
918;0
919;1
920;1
921;0
922;0
923;2
924;1
925;1
926;0
927;0
928;0
929;2
930;1
931;0
932;0
933;1
934;0
935;0
936;0
937;0
938;1
939;0
940;0
941;1
942;0
943;1
944;2
945;0
946;0
947;0
948;0
949;2
950;2
951;2
952;2
953;0
954;0
955;0
956;0
957;1
958;0
959;0
960;2
961;2
962;0
963;0
964;0
965;0
966;0
967;1
968;0
969;0
970;0
971;0
972;0
973;0
974;0
975;0
976;0
977;0
978;0
979;1
980;0
981;0
982;0
983;0
984;0
985;0
986;0
987;0
988;4
989;0
990;0
991;0
992;2
993;0
994;1
995;0
996;2
997;1
998;0
999;0
1000;0
1001;0
1002;0
1003;1
1004;0
1005;0
1006;2
1007;0
1008;0
1009;0
1010;0
1011;1
1012;0
1013;0
1014;1
1015;0
1016;0
1017;0
1018;0
1019;0
1020;0
1021;0
1022;0
1023;0
