0;1
1;0
2;0
3;2
4;2
5;0
6;0
7;0
8;2
9;0
10;0
11;0
12;1
13;0
14;0
15;0
16;0
17;0
18;0
19;2
20;2
21;1
22;0
23;0
24;0
25;0
26;0
27;0
28;2
29;1
30;0
31;0
32;2
33;1
34;0
35;0
36;2
37;2
38;0
39;2
40;0
41;2
42;0
43;0
44;1
45;0
46;0
47;0
48;0
49;0
50;0
51;2
52;1
53;0
54;1
55;0
56;2
57;0
58;1
59;0
60;0
61;0
62;0
63;0
64;0
65;0
66;0
67;0
68;0
69;0
70;0
71;0
72;1
73;0
74;0
75;0
76;1
77;2
78;0
79;0
80;0
81;0
82;0
83;0
84;0
85;0
86;0
87;0
88;1
89;0
90;0
91;0
92;0
93;0
94;0
95;0
96;0
97;0
98;0
99;2
100;0
101;0
102;1
103;0
104;0
105;1
106;1
107;0
108;0
109;0
110;0
111;1
112;2
113;0
114;0
115;0
116;0
117;0
118;2
119;0
120;2
121;2
122;0
123;2
124;2
125;0
126;0
127;0
128;1
129;0
130;0
131;0
132;0
133;1
134;0
135;0
136;1
137;0
138;0
139;1
140;2
141;0
142;0
143;0
144;0
145;0
146;0
147;0
148;1
149;0
150;0
151;2
152;4
153;0
154;1
155;2
156;2
157;0
158;2
159;0
160;2
161;2
162;1
163;0
164;1
165;0
166;0
167;0
168;0
169;0
170;0
171;0
172;0
173;0
174;0
175;0
176;1
177;1
178;0
179;0
180;2
181;0
182;0
183;0
184;1
185;2
186;1
187;1
188;2
189;0
190;0
191;0
192;0
193;1
194;0
195;0
196;2
197;2
198;0
199;2
200;0
201;2
202;0
203;0
204;0
205;0
206;0
207;2
208;0
209;0
210;0
211;0
212;0
213;1
214;0
215;2
216;1
217;0
218;2
219;0
220;0
221;0
222;0
223;1
224;0
225;2
226;0
227;0
228;2
229;1
230;0
231;0
232;2
233;0
234;0
235;0
236;1
237;0
238;1
239;0
240;2
241;0
242;1
243;1
244;2
245;0
246;0
247;0
248;0
249;0
250;0
251;0
252;0
253;0
254;0
255;0
256;2
257;0
258;0
259;0
260;0
261;0
262;2
263;2
264;0
265;0
266;0
267;0
268;2
269;0
270;0
271;2
272;0
273;0
274;0
275;0
276;0
277;0
278;0
279;0
280;0
281;0
282;1
283;0
284;1
285;0
286;0
287;0
288;0
289;0
290;0
291;0
292;0
293;0
294;2
295;2
296;0
297;0
298;0
299;2
300;0
301;0
302;1
303;0
304;0
305;0
306;1
307;1
308;2
309;2
310;2
311;2
312;0
313;2
314;2
315;0
316;0
317;1
318;0
319;0
320;0
321;0
322;2
323;1
324;0
325;0
326;1
327;0
328;0
329;0
330;0
331;0
332;0
333;0
334;0
335;0
336;1
337;0
338;2
339;2
340;1
341;0
342;0
343;0
344;0
345;0
346;0
347;0
348;2
349;2
350;0
351;0
352;0
353;2
354;0
355;2
356;0
357;0
358;2
359;0
360;1
361;0
362;0
363;1
364;0
365;0
366;0
367;1
368;1
369;0
370;0
371;0
372;1
373;0
374;1
375;0
376;0
377;1
378;0
379;0
380;0
381;1
382;0
383;0
384;0
385;0
386;0
387;0
388;1
389;2
390;0
391;2
392;2
393;0
394;1
395;0
396;0
397;1
398;1
399;1
400;2
401;0
402;0
403;0
404;0
405;0
406;0
407;0
408;0
409;1
410;2
411;2
412;0
413;2
414;0
415;0
416;0
417;0
418;0
419;2
420;2
421;2
422;0
423;2
424;2
425;2
426;2
427;1
428;2
429;0
430;2
431;0
432;2
433;2
434;1
435;0
436;2
437;0
438;0
439;0
440;1
441;0
442;2
443;2
444;2
445;1
446;1
447;0
448;1
449;0
450;1
451;2
452;0
453;0
454;1
455;2
456;1
457;0
458;2
459;2
460;1
461;0
462;1
463;1
464;1
465;0
466;0
467;0
468;2
469;1
470;0
471;0
472;0
473;0
474;0
475;0
476;2
477;2
478;0
479;0
480;2
481;0
482;0
483;0
484;0
485;2
486;0
487;0
488;2
489;0
490;0
491;0
492;2
493;0
494;0
495;0
496;1
497;0
498;2
499;0
500;2
501;2
502;2
503;2
504;0
505;2
506;0
507;0
508;1
509;2
510;1
511;1
512;0
513;0
514;0
515;2
516;2
517;1
518;1
519;0
520;2
521;2
522;2
523;0
524;2
525;1
526;0
527;0
528;0
529;0
530;0
531;0
532;2
533;2
534;1
535;0
536;0
537;0
538;0
539;2
540;0
541;1
542;2
543;0
544;0
545;0
546;2
547;2
548;0
549;0
550;0
551;0
552;0
553;2
554;0
555;0
556;0
557;2
558;1
559;0
560;0
561;0
562;1
563;1
564;1
565;0
566;0
567;0
568;0
569;1
570;0
571;2
572;2
573;2
574;2
575;0
576;2
577;0
578;0
579;0
580;0
581;0
582;0
583;0
584;0
585;2
586;0
587;0
588;1
589;0
590;0
591;0
592;0
593;0
594;0
595;0
596;0
597;1
598;0
599;0
600;0
601;1
602;0
603;2
604;1
605;0
606;0
607;0
608;0
609;0
610;2
611;2
612;2
613;0
614;2
615;1
616;0
617;0
618;0
619;0
620;2
621;1
622;2
623;2
624;2
625;0
626;2
627;1
628;2
629;0
630;0
631;0
632;0
633;0
634;0
635;0
636;1
637;1
638;0
639;0
640;0
641;0
642;0
643;0
644;2
645;0
646;0
647;2
648;4
649;0
650;0
651;0
652;0
653;0
654;0
655;0
656;2
657;0
658;2
659;0
660;0
661;1
662;0
663;0
664;1
665;0
666;0
667;0
668;0
669;1
670;0
671;0
672;1
673;0
674;2
675;0
676;0
677;2
678;2
679;2
680;2
681;0
682;0
683;2
684;0
685;0
686;0
687;2
688;1
689;0
690;0
691;1
692;2
693;0
694;2
695;0
696;2
697;0
698;2
699;0
700;0
701;2
702;0
703;2
704;1
705;0
706;1
707;0
708;1
709;0
710;0
711;0
712;0
713;0
714;0
715;0
716;1
717;0
718;0
719;2
720;0
721;0
722;0
723;0
724;2
725;2
726;2
727;0
728;2
729;0
730;2
731;2
732;0
733;2
734;0
735;0
736;0
737;0
738;0
739;0
740;0
741;0
742;2
743;2
744;2
745;0
746;2
747;0
748;1
749;0
750;0
751;1
752;0
753;1
754;0
755;0
756;0
757;0
758;0
759;0
760;0
761;0
762;0
763;1
764;1
765;0
766;0
767;2
768;2
769;0
770;2
771;2
772;2
773;0
774;0
775;0
776;0
777;0
778;0
779;0
780;1
781;0
782;2
783;0
784;0
785;0
786;1
787;0
788;0
789;2
790;1
791;0
792;2
793;2
794;0
795;2
796;0
797;0
798;0
799;0
800;0
801;0
802;0
803;0
804;0
805;1
806;0
807;0
808;1
809;1
810;1
811;0
812;0
813;0
814;2
815;1
816;0
817;0
818;0
819;0
820;1
821;0
822;0
823;0
824;2
825;2
826;1
827;0
828;0
829;0
830;0
831;0
832;0
833;1
834;0
835;1
836;0
837;0
838;0
839;0
840;0
841;0
842;0
843;1
844;0
845;0
846;0
847;2
848;1
849;0
850;2
851;0
852;1
853;0
854;0
855;0
856;0
857;0
858;0
859;2
860;0
861;0
862;2
863;1
864;2
865;0
866;0
867;2
868;0
869;0
870;0
871;0
872;0
873;0
874;0
875;0
876;0
877;2
878;2
879;2
880;1
881;0
882;2
883;1
884;0
885;2
886;0
887;0
888;1
889;0
890;0
891;0
892;2
893;2
894;1
895;2
896;2
897;0
898;2
899;0
900;2
901;1
902;0
903;0
904;0
905;0
906;0
907;0
908;1
909;0
910;0
911;1
912;0
913;2
914;2
915;0
916;2
917;0
918;2
919;0
920;2
921;0
922;0
923;0
924;0
925;1
926;1
927;0
928;0
929;0
930;0
931;0
932;2
933;2
934;2
935;0
936;0
937;1
938;1
939;0
940;0
941;0
942;2
943;2
944;1
945;0
946;0
947;2
948;2
949;0
950;0
951;1
952;0
953;0
954;2
955;0
956;2
957;2
958;2
959;2
960;1
961;1
962;2
963;0
964;0
965;0
966;0
967;0
968;1
969;0
970;0
971;0
972;0
973;0
974;0
975;0
976;0
977;0
978;2
979;0
980;2
981;0
982;0
983;0
984;0
985;0
986;0
987;0
988;2
989;2
990;0
991;0
992;2
993;0
994;0
995;1
996;0
997;0
998;0
999;0
1000;0
1001;0
1002;0
1003;0
1004;0
1005;0
1006;0
1007;2
1008;1
1009;0
1010;0
1011;0
1012;0
1013;0
1014;1
1015;0
1016;0
1017;0
1018;0
1019;0
1020;0
1021;0
1022;0
1023;0
