0;1
1;0
2;0
3;2
4;0
5;0
6;0
7;2
8;2
9;0
10;2
11;0
12;2
13;2
14;0
15;0
16;0
17;0
18;0
19;0
20;0
21;2
22;1
23;0
24;1
25;0
26;0
27;2
28;0
29;1
30;0
31;0
32;2
33;0
34;0
35;0
36;0
37;0
38;0
39;0
40;0
41;0
42;2
43;2
44;0
45;0
46;1
47;0
48;0
49;0
50;2
51;0
52;2
53;2
54;2
55;0
56;0
57;2
58;1
59;0
60;0
61;0
62;0
63;0
64;0
65;0
66;2
67;0
68;0
69;0
70;0
71;0
72;0
73;0
74;0
75;0
76;0
77;2
78;2
79;1
80;0
81;0
82;0
83;0
84;2
85;1
86;2
87;1
88;0
89;0
90;0
91;0
92;1
93;1
94;0
95;0
96;0
97;1
98;0
99;2
100;2
101;0
102;2
103;2
104;2
105;0
106;0
107;1
108;0
109;0
110;2
111;2
112;1
113;0
114;0
115;2
116;2
117;2
118;2
119;2
120;2
121;0
122;2
123;0
124;1
125;0
126;0
127;0
128;1
129;1
130;0
131;2
132;2
133;2
134;0
135;0
136;0
137;0
138;0
139;2
140;2
141;0
142;0
143;0
144;0
145;0
146;2
147;1
148;0
149;0
150;0
151;0
152;0
153;0
154;2
155;0
156;0
157;2
158;0
159;0
160;0
161;1
162;0
163;2
164;0
165;0
166;0
167;0
168;0
169;0
170;0
171;0
172;2
173;2
174;0
175;2
176;2
177;0
178;2
179;2
180;0
181;1
182;1
183;0
184;2
185;0
186;0
187;0
188;2
189;0
190;2
191;0
192;0
193;0
194;1
195;2
196;2
197;0
198;1
199;0
200;0
201;0
202;2
203;1
204;0
205;2
206;2
207;1
208;0
209;0
210;1
211;0
212;2
213;0
214;0
215;0
216;0
217;2
218;1
219;1
220;0
221;0
222;2
223;0
224;0
225;0
226;0
227;0
228;0
229;0
230;2
231;1
232;0
233;0
234;0
235;0
236;2
237;0
238;0
239;0
240;2
241;0
242;0
243;2
244;0
245;0
246;0
247;0
248;0
249;2
250;2
251;2
252;2
253;2
254;0
255;0
256;2
257;0
258;2
259;0
260;0
261;2
262;0
263;0
264;0
265;2
266;2
267;0
268;0
269;0
270;0
271;0
272;2
273;0
274;0
275;0
276;0
277;1
278;0
279;0
280;0
281;0
282;2
283;0
284;0
285;0
286;1
287;0
288;0
289;0
290;0
291;0
292;0
293;0
294;2
295;0
296;0
297;1
298;0
299;0
300;2
301;2
302;1
303;0
304;1
305;0
306;0
307;0
308;1
309;0
310;2
311;0
312;0
313;1
314;0
315;2
316;2
317;0
318;1
319;0
320;0
321;0
322;1
323;0
324;2
325;2
326;0
327;0
328;0
329;0
330;0
331;0
332;0
333;0
334;1
335;0
336;0
337;0
338;1
339;2
340;0
341;2
342;2
343;0
344;0
345;0
346;0
347;0
348;0
349;0
350;0
351;0
352;0
353;0
354;0
355;0
356;2
357;0
358;0
359;1
360;0
361;1
362;0
363;1
364;0
365;0
366;2
367;2
368;1
369;0
370;0
371;0
372;0
373;0
374;1
375;0
376;0
377;0
378;0
379;0
380;2
381;0
382;0
383;0
384;2
385;0
386;2
387;0
388;0
389;0
390;0
391;0
392;1
393;0
394;0
395;0
396;1
397;0
398;0
399;2
400;2
401;0
402;0
403;0
404;2
405;0
406;2
407;1
408;0
409;0
410;2
411;0
412;0
413;0
414;0
415;0
416;0
417;1
418;0
419;0
420;2
421;0
422;2
423;1
424;2
425;1
426;0
427;0
428;0
429;0
430;0
431;2
432;0
433;0
434;0
435;0
436;0
437;2
438;0
439;0
440;0
441;0
442;0
443;2
444;2
445;0
446;0
447;0
448;2
449;0
450;0
451;2
452;1
453;0
454;2
455;0
456;0
457;0
458;0
459;0
460;0
461;2
462;2
463;0
464;1
465;0
466;0
467;0
468;0
469;0
470;0
471;2
472;0
473;0
474;0
475;0
476;2
477;0
478;0
479;1
480;0
481;2
482;2
483;0
484;0
485;0
486;0
487;0
488;2
489;0
490;2
491;0
492;2
493;2
494;0
495;0
496;1
497;0
498;0
499;1
500;0
501;0
502;2
503;2
504;0
505;1
506;0
507;0
508;0
509;0
510;2
511;0
512;0
513;0
514;0
515;0
516;0
517;2
518;0
519;0
520;1
521;1
522;0
523;0
524;0
525;0
526;0
527;0
528;4
529;0
530;2
531;0
532;0
533;2
534;0
535;2
536;1
537;0
538;2
539;2
540;0
541;0
542;0
543;0
544;4
545;0
546;2
547;0
548;2
549;0
550;2
551;0
552;2
553;0
554;0
555;0
556;2
557;0
558;0
559;0
560;0
561;0
562;0
563;0
564;2
565;2
566;2
567;1
568;0
569;0
570;0
571;0
572;0
573;2
574;0
575;0
576;2
577;0
578;2
579;0
580;0
581;2
582;0
583;0
584;0
585;0
586;0
587;2
588;1
589;0
590;0
591;2
592;4
593;0
594;2
595;2
596;2
597;0
598;2
599;0
600;4
601;1
602;0
603;0
604;1
605;0
606;2
607;2
608;1
609;1
610;0
611;2
612;4
613;0
614;2
615;1
616;0
617;0
618;2
619;0
620;2
621;0
622;0
623;0
624;0
625;0
626;1
627;0
628;1
629;0
630;0
631;0
632;0
633;0
634;0
635;0
636;0
637;1
638;0
639;0
640;1
641;0
642;2
643;0
644;0
645;2
646;0
647;0
648;0
649;2
650;0
651;1
652;0
653;1
654;0
655;2
656;2
657;0
658;2
659;0
660;0
661;0
662;0
663;0
664;2
665;0
666;0
667;0
668;0
669;1
670;0
671;0
672;1
673;1
674;0
675;0
676;0
677;0
678;1
679;0
680;2
681;0
682;0
683;1
684;0
685;2
686;2
687;0
688;0
689;1
690;0
691;0
692;1
693;0
694;0
695;0
696;0
697;0
698;0
699;0
700;0
701;0
702;0
703;0
704;0
705;2
706;0
707;1
708;0
709;0
710;0
711;0
712;0
713;0
714;0
715;2
716;2
717;0
718;0
719;2
720;2
721;2
722;0
723;0
724;1
725;0
726;1
727;2
728;1
729;0
730;0
731;0
732;0
733;1
734;0
735;0
736;0
737;2
738;0
739;0
740;0
741;0
742;2
743;4
744;0
745;0
746;2
747;2
748;1
749;0
750;0
751;2
752;1
753;0
754;0
755;2
756;2
757;0
758;2
759;2
760;2
761;0
762;2
763;0
764;2
765;0
766;2
767;0
768;0
769;1
770;1
771;0
772;2
773;0
774;1
775;0
776;0
777;0
778;0
779;0
780;0
781;0
782;2
783;2
784;2
785;0
786;0
787;0
788;2
789;0
790;1
791;0
792;0
793;0
794;0
795;0
796;1
797;0
798;0
799;0
800;0
801;2
802;0
803;2
804;0
805;0
806;2
807;2
808;1
809;0
810;0
811;2
812;2
813;2
814;2
815;2
816;2
817;0
818;2
819;0
820;1
821;0
822;0
823;1
824;0
825;1
826;0
827;0
828;2
829;0
830;1
831;0
832;1
833;1
834;0
835;0
836;0
837;0
838;0
839;0
840;0
841;0
842;0
843;0
844;1
845;0
846;0
847;0
848;0
849;1
850;2
851;0
852;2
853;0
854;0
855;0
856;2
857;1
858;0
859;0
860;1
861;0
862;0
863;0
864;1
865;0
866;0
867;0
868;0
869;0
870;2
871;2
872;1
873;0
874;0
875;2
876;0
877;0
878;0
879;2
880;2
881;0
882;0
883;2
884;2
885;0
886;0
887;0
888;0
889;2
890;2
891;2
892;2
893;0
894;1
895;0
896;0
897;0
898;0
899;1
900;0
901;0
902;0
903;0
904;0
905;1
906;1
907;0
908;1
909;0
910;0
911;2
912;2
913;0
914;0
915;0
916;0
917;0
918;0
919;0
920;0
921;0
922;0
923;2
924;0
925;0
926;1
927;0
928;0
929;0
930;0
931;0
932;0
933;0
934;0
935;0
936;0
937;0
938;0
939;0
940;0
941;0
942;2
943;0
944;0
945;1
946;0
947;0
948;1
949;0
950;0
951;1
952;0
953;0
954;2
955;2
956;0
957;2
958;2
959;2
960;2
961;0
962;0
963;0
964;0
965;0
966;0
967;2
968;0
969;0
970;2
971;0
972;0
973;0
974;2
975;2
976;1
977;0
978;0
979;2
980;4
981;0
982;2
983;2
984;2
985;0
986;2
987;0
988;1
989;0
990;0
991;0
992;1
993;0
994;1
995;0
996;1
997;0
998;0
999;0
1000;0
1001;0
1002;1
1003;0
1004;0
1005;0
1006;2
1007;2
1008;2
1009;0
1010;2
1011;0
1012;0
1013;0
1014;0
1015;0
1016;0
1017;0
1018;0
1019;0
1020;0
1021;0
1022;0
1023;0
