0;0
1;2
2;1
3;0
4;0
5;0
6;0
7;2
8;2
9;0
10;2
11;0
12;2
13;2
14;0
15;0
16;0
17;0
18;0
19;0
20;0
21;0
22;0
23;0
24;0
25;0
26;0
27;0
28;0
29;0
30;2
31;2
32;2
33;2
34;0
35;0
36;0
37;0
38;0
39;0
40;0
41;2
42;0
43;0
44;0
45;0
46;2
47;0
48;1
49;0
50;1
51;0
52;2
53;0
54;2
55;0
56;0
57;1
58;0
59;2
60;2
61;0
62;0
63;0
64;0
65;0
66;0
67;0
68;2
69;0
70;0
71;2
72;0
73;0
74;0
75;0
76;0
77;2
78;0
79;0
80;0
81;2
82;0
83;0
84;0
85;1
86;2
87;2
88;1
89;0
90;0
91;0
92;1
93;0
94;1
95;1
96;1
97;1
98;0
99;0
100;2
101;0
102;2
103;2
104;0
105;0
106;0
107;0
108;2
109;2
110;1
111;0
112;1
113;0
114;0
115;0
116;2
117;0
118;0
119;0
120;0
121;0
122;0
123;1
124;0
125;2
126;0
127;0
128;0
129;0
130;0
131;1
132;2
133;0
134;0
135;0
136;0
137;0
138;2
139;0
140;0
141;0
142;0
143;0
144;0
145;0
146;2
147;2
148;0
149;2
150;0
151;0
152;2
153;1
154;0
155;0
156;0
157;0
158;1
159;0
160;0
161;0
162;0
163;0
164;1
165;0
166;1
167;2
168;1
169;0
170;0
171;0
172;0
173;2
174;0
175;2
176;0
177;0
178;0
179;0
180;0
181;2
182;0
183;0
184;0
185;0
186;0
187;0
188;1
189;0
190;0
191;0
192;0
193;1
194;2
195;2
196;1
197;0
198;0
199;2
200;2
201;2
202;0
203;0
204;2
205;0
206;0
207;0
208;0
209;0
210;1
211;0
212;0
213;1
214;0
215;0
216;0
217;0
218;0
219;0
220;0
221;0
222;0
223;0
224;2
225;0
226;0
227;0
228;0
229;1
230;1
231;0
232;2
233;0
234;0
235;0
236;0
237;0
238;0
239;0
240;0
241;2
242;0
243;0
244;0
245;1
246;0
247;0
248;0
249;0
250;2
251;0
252;0
253;1
254;0
255;0
256;0
257;0
258;2
259;1
260;0
261;1
262;0
263;0
264;0
265;0
266;0
267;0
268;0
269;0
270;0
271;0
272;0
273;1
274;0
275;0
276;2
277;1
278;0
279;0
280;0
281;0
282;0
283;2
284;1
285;0
286;0
287;0
288;0
289;0
290;2
291;2
292;2
293;0
294;1
295;0
296;0
297;0
298;1
299;0
300;2
301;0
302;0
303;0
304;0
305;0
306;0
307;0
308;0
309;0
310;0
311;0
312;0
313;0
314;1
315;2
316;0
317;2
318;2
319;0
320;0
321;0
322;0
323;0
324;0
325;0
326;0
327;0
328;0
329;0
330;0
331;0
332;1
333;0
334;0
335;1
336;0
337;1
338;0
339;0
340;0
341;2
342;2
343;0
344;1
345;0
346;2
347;2
348;2
349;0
350;2
351;2
352;2
353;0
354;0
355;0
356;0
357;0
358;0
359;0
360;0
361;0
362;0
363;0
364;0
365;0
366;0
367;0
368;4
369;0
370;0
371;2
372;1
373;0
374;1
375;0
376;1
377;2
378;0
379;1
380;0
381;0
382;0
383;1
384;1
385;0
386;2
387;2
388;1
389;0
390;1
391;0
392;0
393;0
394;2
395;2
396;0
397;2
398;0
399;0
400;0
401;0
402;0
403;1
404;0
405;0
406;0
407;1
408;0
409;0
410;1
411;0
412;2
413;0
414;0
415;2
416;2
417;0
418;1
419;2
420;2
421;0
422;0
423;0
424;1
425;0
426;1
427;0
428;0
429;1
430;0
431;2
432;2
433;0
434;2
435;0
436;0
437;0
438;0
439;0
440;0
441;0
442;2
443;2
444;1
445;0
446;2
447;2
448;4
449;0
450;0
451;1
452;0
453;2
454;2
455;1
456;2
457;0
458;0
459;0
460;1
461;0
462;2
463;1
464;0
465;0
466;1
467;0
468;0
469;0
470;1
471;0
472;2
473;0
474;0
475;0
476;0
477;0
478;2
479;1
480;1
481;1
482;0
483;1
484;0
485;2
486;0
487;0
488;1
489;1
490;0
491;0
492;0
493;2
494;0
495;2
496;2
497;0
498;0
499;0
500;0
501;2
502;0
503;0
504;0
505;2
506;0
507;0
508;0
509;0
510;0
511;0
512;1
513;0
514;0
515;0
516;0
517;0
518;0
519;2
520;2
521;0
522;0
523;0
524;2
525;0
526;0
527;0
528;0
529;0
530;0
531;0
532;2
533;2
534;2
535;2
536;1
537;0
538;0
539;0
540;0
541;0
542;0
543;0
544;0
545;0
546;2
547;2
548;0
549;0
550;0
551;2
552;0
553;0
554;0
555;0
556;0
557;0
558;0
559;0
560;1
561;0
562;0
563;1
564;0
565;0
566;0
567;0
568;0
569;0
570;2
571;0
572;1
573;0
574;0
575;2
576;2
577;0
578;1
579;0
580;0
581;0
582;2
583;0
584;1
585;0
586;0
587;0
588;0
589;0
590;2
591;0
592;0
593;0
594;1
595;0
596;2
597;2
598;2
599;0
600;0
601;0
602;0
603;0
604;0
605;0
606;0
607;1
608;0
609;1
610;0
611;0
612;0
613;0
614;0
615;0
616;0
617;0
618;0
619;2
620;2
621;0
622;2
623;2
624;2
625;0
626;2
627;2
628;2
629;0
630;0
631;0
632;2
633;0
634;0
635;0
636;0
637;0
638;0
639;0
640;0
641;0
642;0
643;0
644;0
645;0
646;0
647;0
648;2
649;0
650;0
651;1
652;0
653;2
654;0
655;0
656;2
657;2
658;0
659;0
660;1
661;0
662;0
663;0
664;2
665;0
666;0
667;0
668;0
669;0
670;2
671;0
672;2
673;2
674;0
675;2
676;0
677;0
678;0
679;0
680;0
681;0
682;0
683;0
684;2
685;1
686;0
687;0
688;2
689;2
690;0
691;0
692;0
693;0
694;0
695;1
696;0
697;0
698;0
699;0
700;2
701;1
702;0
703;0
704;0
705;2
706;0
707;0
708;0
709;0
710;2
711;1
712;0
713;2
714;2
715;2
716;2
717;0
718;1
719;0
720;0
721;0
722;0
723;0
724;0
725;2
726;0
727;0
728;0
729;1
730;0
731;0
732;2
733;0
734;0
735;0
736;0
737;2
738;1
739;0
740;0
741;0
742;2
743;0
744;1
745;0
746;0
747;0
748;0
749;2
750;2
751;1
752;0
753;2
754;2
755;1
756;0
757;0
758;0
759;0
760;0
761;2
762;0
763;0
764;2
765;0
766;0
767;0
768;0
769;0
770;1
771;2
772;0
773;1
774;0
775;2
776;1
777;2
778;2
779;2
780;2
781;0
782;2
783;0
784;2
785;0
786;0
787;0
788;1
789;0
790;0
791;0
792;0
793;0
794;0
795;0
796;0
797;0
798;0
799;0
800;1
801;0
802;0
803;0
804;0
805;0
806;0
807;0
808;2
809;0
810;1
811;0
812;2
813;1
814;0
815;0
816;2
817;0
818;0
819;2
820;2
821;2
822;0
823;0
824;0
825;0
826;2
827;2
828;2
829;0
830;0
831;0
832;0
833;0
834;1
835;0
836;0
837;0
838;0
839;2
840;0
841;0
842;0
843;0
844;0
845;0
846;2
847;2
848;1
849;0
850;0
851;2
852;0
853;0
854;0
855;0
856;2
857;0
858;0
859;2
860;0
861;0
862;1
863;0
864;0
865;0
866;1
867;0
868;0
869;0
870;0
871;0
872;0
873;0
874;2
875;2
876;2
877;0
878;0
879;0
880;0
881;0
882;2
883;0
884;1
885;1
886;0
887;0
888;0
889;0
890;0
891;0
892;2
893;0
894;0
895;2
896;0
897;1
898;0
899;2
900;2
901;0
902;0
903;2
904;0
905;0
906;1
907;0
908;1
909;0
910;2
911;1
912;1
913;2
914;0
915;0
916;0
917;0
918;0
919;0
920;2
921;1
922;0
923;2
924;1
925;0
926;2
927;2
928;0
929;0
930;0
931;0
932;0
933;0
934;0
935;2
936;0
937;0
938;0
939;0
940;0
941;0
942;2
943;2
944;2
945;0
946;2
947;2
948;2
949;0
950;2
951;0
952;1
953;0
954;1
955;0
956;0
957;0
958;0
959;0
960;1
961;2
962;2
963;2
964;2
965;0
966;0
967;0
968;0
969;1
970;0
971;2
972;0
973;1
974;0
975;0
976;2
977;2
978;0
979;2
980;0
981;0
982;0
983;0
984;0
985;0
986;0
987;0
988;0
989;1
990;0
991;0
992;0
993;0
994;2
995;2
996;0
997;0
998;0
999;2
1000;0
1001;0
1002;0
1003;2
1004;2
1005;0
1006;0
1007;0
1008;2
1009;0
1010;2
1011;2
1012;1
1013;0
1014;0
1015;0
1016;0
1017;0
1018;0
1019;0
1020;0
1021;0
1022;0
1023;0
