0;0
1;0
2;0
3;0
4;0
5;0
6;0
7;0
8;0
9;0
10;0
11;2
12;0
13;0
14;0
15;1
16;0
17;1
18;0
19;1
20;0
21;0
22;0
23;0
24;0
25;0
26;0
27;0
28;0
29;0
30;0
31;2
32;0
33;1
34;0
35;2
36;0
37;0
38;0
39;1
40;0
41;0
42;0
43;0
44;0
45;0
46;1
47;0
48;0
49;0
50;0
51;2
52;2
53;0
54;0
55;0
56;0
57;0
58;0
59;0
60;0
61;0
62;0
63;0
64;0
65;0
66;0
67;0
68;0
69;0
70;0
71;0
72;2
73;1
74;0
75;2
76;0
77;0
78;0
79;0
80;0
81;0
82;0
83;0
84;0
85;0
86;0
87;1
88;0
89;1
90;0
91;0
92;2
93;2
94;0
95;0
96;0
97;0
98;2
99;1
100;0
101;0
102;2
103;2
104;0
105;2
106;0
107;0
108;2
109;2
110;0
111;1
112;0
113;0
114;0
115;1
116;0
117;2
118;1
119;0
120;0
121;1
122;0
123;2
124;0
125;2
126;0
127;0
128;0
129;0
130;0
131;0
132;0
133;0
134;0
135;0
136;0
137;0
138;0
139;0
140;0
141;0
142;0
143;1
144;0
145;0
146;2
147;1
148;0
149;0
150;0
151;0
152;0
153;0
154;0
155;0
156;0
157;0
158;0
159;0
160;0
161;0
162;0
163;2
164;0
165;0
166;0
167;0
168;0
169;0
170;0
171;0
172;0
173;0
174;2
175;0
176;1
177;0
178;0
179;0
180;0
181;1
182;0
183;0
184;2
185;0
186;0
187;2
188;1
189;0
190;0
191;0
192;0
193;0
194;0
195;0
196;0
197;0
198;0
199;0
200;0
201;0
202;0
203;0
204;0
205;1
206;0
207;0
208;0
209;2
210;0
211;0
212;0
213;0
214;0
215;1
216;1
217;0
218;0
219;0
220;0
221;0
222;0
223;0
224;1
225;0
226;0
227;0
228;1
229;0
230;0
231;0
232;0
233;0
234;0
235;0
236;0
237;2
238;0
239;0
240;0
241;0
242;0
243;0
244;2
245;0
246;0
247;0
248;2
249;0
250;2
251;0
252;0
253;0
254;0
255;0
256;0
257;0
258;2
259;1
260;0
261;2
262;2
263;1
264;0
265;0
266;1
267;0
268;0
269;0
270;1
271;0
272;0
273;0
274;0
275;0
276;0
277;1
278;0
279;0
280;1
281;0
282;2
283;0
284;0
285;2
286;0
287;0
288;0
289;0
290;0
291;1
292;0
293;0
294;0
295;0
296;0
297;0
298;0
299;0
300;0
301;0
302;1
303;0
304;0
305;2
306;0
307;1
308;0
309;0
310;0
311;0
312;0
313;0
314;0
315;0
316;0
317;0
318;0
319;2
320;0
321;0
322;0
323;0
324;2
325;0
326;0
327;0
328;0
329;0
330;0
331;0
332;2
333;0
334;0
335;0
336;0
337;0
338;0
339;0
340;0
341;0
342;0
343;0
344;2
345;1
346;0
347;2
348;0
349;0
350;0
351;0
352;2
353;0
354;1
355;1
356;0
357;0
358;0
359;0
360;0
361;0
362;0
363;0
364;1
365;0
366;0
367;2
368;0
369;1
370;0
371;1
372;0
373;0
374;0
375;0
376;0
377;0
378;0
379;0
380;0
381;2
382;0
383;0
384;0
385;0
386;0
387;0
388;2
389;2
390;2
391;1
392;0
393;0
394;0
395;0
396;1
397;0
398;0
399;0
400;0
401;0
402;0
403;0
404;0
405;0
406;2
407;0
408;1
409;0
410;0
411;2
412;0
413;0
414;2
415;1
416;2
417;0
418;0
419;1
420;0
421;0
422;1
423;0
424;0
425;0
426;0
427;0
428;0
429;0
430;0
431;0
432;0
433;1
434;0
435;1
436;2
437;0
438;0
439;0
440;0
441;0
442;0
443;1
444;1
445;0
446;0
447;2
448;1
449;0
450;0
451;1
452;0
453;0
454;1
455;0
456;0
457;2
458;0
459;0
460;0
461;0
462;0
463;0
464;0
465;0
466;0
467;0
468;0
469;0
470;0
471;0
472;1
473;2
474;0
475;0
476;0
477;0
478;0
479;0
480;0
481;1
482;0
483;0
484;0
485;0
486;0
487;0
488;0
489;1
490;0
491;2
492;0
493;0
494;2
495;1
496;1
497;2
498;0
499;1
500;0
501;2
502;0
503;0
504;1
505;0
506;0
507;1
508;0
509;0
510;1
511;0
512;1
513;1
514;1
515;0
516;2
517;0
518;0
519;2
520;0
521;2
522;2
523;0
524;2
525;0
526;0
527;0
528;0
529;1
530;1
531;0
532;2
533;2
534;2
535;0
536;1
537;0
538;0
539;2
540;0
541;0
542;0
543;0
544;1
545;0
546;0
547;0
548;2
549;0
550;0
551;2
552;2
553;0
554;0
555;2
556;0
557;0
558;0
559;0
560;0
561;0
562;0
563;0
564;0
565;2
566;2
567;1
568;0
569;2
570;2
571;0
572;2
573;2
574;1
575;0
576;0
577;0
578;0
579;0
580;0
581;2
582;0
583;0
584;0
585;0
586;0
587;0
588;0
589;1
590;0
591;0
592;0
593;0
594;0
595;0
596;0
597;0
598;0
599;1
600;0
601;1
602;2
603;0
604;0
605;0
606;1
607;0
608;0
609;0
610;0
611;0
612;0
613;0
614;0
615;0
616;0
617;2
618;0
619;0
620;0
621;0
622;0
623;1
624;0
625;0
626;0
627;0
628;2
629;2
630;0
631;0
632;1
633;0
634;0
635;0
636;2
637;0
638;0
639;0
640;0
641;0
642;0
643;0
644;0
645;0
646;0
647;2
648;2
649;0
650;0
651;0
652;0
653;0
654;0
655;2
656;1
657;0
658;0
659;0
660;2
661;2
662;0
663;0
664;0
665;0
666;1
667;0
668;2
669;2
670;1
671;0
672;0
673;0
674;0
675;0
676;0
677;0
678;0
679;0
680;1
681;2
682;2
683;0
684;0
685;0
686;0
687;0
688;0
689;0
690;0
691;0
692;0
693;0
694;0
695;2
696;0
697;0
698;0
699;2
700;0
701;0
702;0
703;2
704;2
705;0
706;0
707;1
708;2
709;0
710;0
711;1
712;0
713;0
714;1
715;1
716;0
717;0
718;2
719;0
720;0
721;0
722;0
723;1
724;1
725;1
726;1
727;0
728;0
729;0
730;1
731;2
732;1
733;0
734;0
735;1
736;2
737;1
738;0
739;1
740;1
741;0
742;0
743;2
744;1
745;0
746;0
747;1
748;0
749;2
750;2
751;0
752;0
753;0
754;0
755;0
756;1
757;0
758;1
759;0
760;1
761;0
762;1
763;2
764;0
765;0
766;0
767;0
768;1
769;0
770;0
771;1
772;0
773;1
774;0
775;0
776;0
777;0
778;0
779;0
780;2
781;0
782;1
783;0
784;0
785;0
786;1
787;1
788;2
789;0
790;0
791;2
792;1
793;0
794;0
795;2
796;0
797;2
798;0
799;1
800;0
801;0
802;0
803;0
804;0
805;0
806;0
807;1
808;0
809;1
810;0
811;0
812;0
813;0
814;0
815;0
816;0
817;1
818;0
819;0
820;0
821;2
822;0
823;2
824;0
825;0
826;0
827;0
828;0
829;0
830;0
831;0
832;0
833;1
834;0
835;0
836;2
837;2
838;1
839;0
840;2
841;0
842;0
843;0
844;0
845;2
846;0
847;0
848;2
849;2
850;2
851;0
852;0
853;0
854;0
855;0
856;0
857;0
858;0
859;2
860;2
861;0
862;0
863;0
864;0
865;0
866;2
867;0
868;0
869;0
870;1
871;0
872;0
873;1
874;0
875;0
876;0
877;0
878;0
879;0
880;0
881;0
882;2
883;1
884;0
885;0
886;0
887;1
888;0
889;0
890;2
891;0
892;0
893;0
894;0
895;0
896;0
897;0
898;1
899;0
900;2
901;1
902;0
903;0
904;2
905;2
906;1
907;0
908;0
909;0
910;0
911;0
912;0
913;0
914;1
915;0
916;0
917;1
918;0
919;0
920;2
921;0
922;0
923;2
924;1
925;0
926;1
927;0
928;0
929;2
930;0
931;1
932;0
933;1
934;2
935;0
936;2
937;1
938;1
939;0
940;0
941;1
942;0
943;0
944;1
945;0
946;0
947;1
948;1
949;0
950;0
951;0
952;0
953;1
954;0
955;1
956;0
957;1
958;1
959;0
960;0
961;0
962;1
963;0
964;0
965;0
966;0
967;1
968;2
969;1
970;0
971;0
972;0
973;0
974;2
975;0
976;1
977;0
978;1
979;0
980;0
981;0
982;0
983;0
984;0
985;0
986;0
987;0
988;0
989;0
990;0
991;0
992;0
993;2
994;2
995;2
996;2
997;0
998;0
999;0
1000;2
1001;0
1002;1
1003;0
1004;0
1005;1
1006;2
1007;0
1008;1
1009;1
1010;1
1011;0
1012;0
1013;0
1014;0
1015;0
1016;0
1017;0
1018;0
1019;0
1020;0
1021;0
1022;0
1023;0
