0;1
1;0
2;0
3;2
4;4
5;0
6;2
7;2
8;0
9;0
10;2
11;0
12;2
13;0
14;0
15;0
16;0
17;0
18;0
19;0
20;1
21;1
22;0
23;0
24;0
25;2
26;2
27;2
28;2
29;0
30;0
31;0
32;0
33;0
34;0
35;2
36;2
37;2
38;0
39;2
40;0
41;0
42;0
43;0
44;1
45;0
46;0
47;0
48;0
49;0
50;1
51;0
52;1
53;0
54;2
55;2
56;2
57;0
58;0
59;0
60;0
61;0
62;0
63;0
64;0
65;0
66;0
67;2
68;0
69;0
70;1
71;0
72;0
73;0
74;0
75;0
76;1
77;2
78;0
79;0
80;0
81;0
82;0
83;0
84;2
85;0
86;0
87;0
88;0
89;0
90;0
91;0
92;2
93;0
94;0
95;0
96;1
97;0
98;0
99;0
100;0
101;0
102;1
103;0
104;0
105;0
106;1
107;0
108;0
109;0
110;0
111;0
112;0
113;0
114;2
115;2
116;1
117;0
118;0
119;2
120;2
121;0
122;2
123;2
124;2
125;0
126;2
127;0
128;2
129;0
130;0
131;0
132;0
133;0
134;1
135;0
136;2
137;0
138;0
139;0
140;2
141;0
142;0
143;0
144;0
145;2
146;0
147;0
148;0
149;2
150;2
151;0
152;2
153;2
154;0
155;0
156;0
157;2
158;0
159;2
160;0
161;2
162;0
163;0
164;0
165;0
166;0
167;0
168;0
169;0
170;0
171;0
172;2
173;1
174;2
175;0
176;1
177;0
178;0
179;0
180;0
181;0
182;0
183;0
184;0
185;1
186;1
187;1
188;2
189;0
190;0
191;0
192;1
193;0
194;0
195;1
196;0
197;2
198;2
199;2
200;0
201;2
202;0
203;0
204;0
205;0
206;0
207;2
208;1
209;0
210;0
211;0
212;0
213;0
214;0
215;0
216;1
217;0
218;2
219;0
220;1
221;0
222;0
223;0
224;0
225;2
226;0
227;0
228;0
229;2
230;2
231;2
232;2
233;0
234;0
235;0
236;1
237;0
238;0
239;0
240;1
241;0
242;2
243;2
244;1
245;0
246;0
247;2
248;2
249;0
250;2
251;2
252;2
253;0
254;2
255;0
256;0
257;1
258;0
259;0
260;2
261;0
262;0
263;0
264;0
265;0
266;0
267;0
268;2
269;0
270;0
271;1
272;0
273;0
274;1
275;0
276;0
277;0
278;1
279;0
280;2
281;2
282;0
283;0
284;0
285;2
286;0
287;0
288;2
289;0
290;0
291;0
292;0
293;0
294;2
295;0
296;1
297;0
298;0
299;0
300;0
301;0
302;0
303;0
304;0
305;0
306;0
307;2
308;1
309;0
310;0
311;2
312;0
313;0
314;1
315;0
316;0
317;0
318;1
319;1
320;2
321;0
322;2
323;0
324;0
325;2
326;2
327;2
328;0
329;1
330;0
331;0
332;0
333;0
334;0
335;2
336;2
337;1
338;1
339;0
340;0
341;0
342;2
343;2
344;4
345;0
346;0
347;0
348;2
349;2
350;2
351;2
352;2
353;0
354;0
355;0
356;1
357;0
358;0
359;0
360;2
361;2
362;0
363;0
364;0
365;2
366;2
367;2
368;0
369;0
370;2
371;0
372;0
373;2
374;0
375;1
376;0
377;0
378;0
379;0
380;1
381;0
382;0
383;0
384;2
385;2
386;2
387;1
388;0
389;1
390;0
391;0
392;0
393;0
394;2
395;2
396;1
397;0
398;0
399;2
400;1
401;0
402;2
403;2
404;2
405;0
406;2
407;0
408;2
409;0
410;0
411;0
412;0
413;0
414;0
415;2
416;2
417;0
418;1
419;0
420;0
421;0
422;1
423;0
424;0
425;0
426;0
427;0
428;0
429;0
430;0
431;0
432;0
433;2
434;2
435;2
436;1
437;2
438;1
439;0
440;0
441;1
442;0
443;1
444;0
445;0
446;2
447;2
448;0
449;0
450;0
451;0
452;2
453;2
454;1
455;0
456;1
457;0
458;1
459;2
460;0
461;0
462;0
463;0
464;0
465;0
466;1
467;2
468;0
469;1
470;0
471;0
472;0
473;2
474;1
475;0
476;2
477;2
478;1
479;2
480;1
481;0
482;0
483;0
484;2
485;2
486;0
487;0
488;0
489;0
490;0
491;0
492;0
493;0
494;2
495;0
496;2
497;0
498;0
499;0
500;0
501;0
502;0
503;2
504;2
505;0
506;0
507;0
508;2
509;0
510;0
511;0
512;0
513;0
514;0
515;0
516;0
517;2
518;2
519;2
520;0
521;2
522;2
523;0
524;1
525;0
526;1
527;1
528;2
529;0
530;0
531;0
532;0
533;2
534;2
535;0
536;0
537;2
538;1
539;0
540;4
541;1
542;0
543;1
544;2
545;2
546;2
547;2
548;2
549;2
550;2
551;0
552;0
553;0
554;0
555;0
556;0
557;1
558;2
559;0
560;0
561;0
562;0
563;2
564;0
565;0
566;0
567;0
568;0
569;1
570;0
571;0
572;1
573;0
574;1
575;0
576;0
577;0
578;1
579;0
580;1
581;0
582;0
583;0
584;2
585;2
586;0
587;2
588;2
589;2
590;2
591;2
592;1
593;0
594;0
595;0
596;0
597;0
598;0
599;0
600;0
601;2
602;0
603;0
604;1
605;0
606;2
607;0
608;2
609;0
610;0
611;0
612;1
613;0
614;0
615;0
616;0
617;0
618;0
619;0
620;0
621;0
622;0
623;0
624;2
625;2
626;2
627;0
628;2
629;0
630;0
631;0
632;2
633;0
634;1
635;2
636;0
637;0
638;1
639;0
640;0
641;1
642;0
643;0
644;2
645;0
646;0
647;0
648;0
649;0
650;0
651;0
652;2
653;0
654;0
655;0
656;0
657;0
658;0
659;0
660;0
661;0
662;2
663;0
664;0
665;0
666;0
667;0
668;0
669;0
670;0
671;0
672;0
673;1
674;0
675;0
676;2
677;0
678;0
679;2
680;1
681;0
682;0
683;2
684;0
685;0
686;0
687;2
688;4
689;0
690;2
691;0
692;2
693;0
694;2
695;2
696;2
697;0
698;0
699;2
700;0
701;0
702;0
703;0
704;1
705;0
706;0
707;0
708;2
709;0
710;0
711;0
712;2
713;0
714;2
715;2
716;0
717;2
718;2
719;1
720;2
721;2
722;0
723;0
724;0
725;2
726;0
727;0
728;0
729;0
730;0
731;1
732;0
733;0
734;1
735;0
736;2
737;0
738;0
739;0
740;0
741;2
742;1
743;0
744;2
745;0
746;2
747;2
748;0
749;2
750;0
751;0
752;0
753;0
754;0
755;0
756;0
757;0
758;2
759;2
760;2
761;2
762;2
763;0
764;1
765;0
766;0
767;0
768;0
769;1
770;1
771;0
772;0
773;0
774;0
775;0
776;0
777;2
778;0
779;0
780;0
781;0
782;0
783;0
784;1
785;0
786;0
787;0
788;0
789;2
790;2
791;2
792;2
793;0
794;0
795;0
796;1
797;1
798;0
799;0
800;0
801;0
802;0
803;0
804;0
805;0
806;0
807;0
808;0
809;2
810;0
811;0
812;1
813;0
814;2
815;1
816;0
817;2
818;0
819;0
820;0
821;0
822;0
823;0
824;1
825;0
826;2
827;2
828;2
829;0
830;0
831;0
832;0
833;2
834;2
835;2
836;2
837;0
838;1
839;0
840;0
841;0
842;2
843;4
844;2
845;0
846;2
847;2
848;1
849;0
850;2
851;2
852;1
853;0
854;0
855;0
856;0
857;0
858;0
859;2
860;0
861;0
862;0
863;2
864;2
865;1
866;0
867;2
868;0
869;0
870;2
871;0
872;0
873;0
874;0
875;0
876;0
877;2
878;2
879;0
880;1
881;0
882;0
883;1
884;0
885;0
886;1
887;0
888;0
889;0
890;0
891;0
892;2
893;2
894;2
895;1
896;0
897;0
898;2
899;0
900;2
901;1
902;0
903;2
904;2
905;0
906;0
907;0
908;1
909;0
910;0
911;0
912;0
913;2
914;2
915;0
916;0
917;0
918;0
919;0
920;2
921;2
922;0
923;2
924;0
925;0
926;0
927;1
928;0
929;2
930;2
931;0
932;0
933;1
934;0
935;0
936;0
937;0
938;0
939;0
940;0
941;0
942;0
943;1
944;0
945;0
946;0
947;0
948;0
949;0
950;2
951;0
952;2
953;0
954;0
955;0
956;1
957;0
958;0
959;0
960;2
961;2
962;0
963;0
964;1
965;0
966;0
967;2
968;2
969;0
970;0
971;0
972;0
973;0
974;0
975;0
976;0
977;0
978;0
979;2
980;1
981;0
982;0
983;0
984;0
985;0
986;0
987;2
988;1
989;0
990;0
991;2
992;4
993;0
994;0
995;2
996;2
997;0
998;2
999;0
1000;2
1001;0
1002;0
1003;0
1004;0
1005;0
1006;0
1007;2
1008;1
1009;0
1010;0
1011;2
1012;1
1013;0
1014;0
1015;1
1016;0
1017;0
1018;0
1019;0
1020;0
1021;0
1022;0
1023;0
