0;1
1;0
2;0
3;2
4;2
5;2
6;2
7;2
8;2
9;0
10;2
11;0
12;2
13;2
14;0
15;0
16;0
17;0
18;0
19;0
20;0
21;0
22;0
23;0
24;0
25;0
26;1
27;0
28;0
29;2
30;2
31;1
32;2
33;0
34;1
35;1
36;0
37;0
38;2
39;0
40;0
41;0
42;0
43;0
44;2
45;0
46;0
47;0
48;1
49;0
50;1
51;0
52;2
53;0
54;2
55;0
56;0
57;2
58;1
59;0
60;2
61;0
62;0
63;0
64;0
65;0
66;2
67;0
68;0
69;0
70;0
71;2
72;0
73;0
74;0
75;0
76;0
77;0
78;2
79;0
80;0
81;0
82;0
83;0
84;0
85;1
86;0
87;2
88;1
89;0
90;1
91;0
92;2
93;1
94;0
95;0
96;0
97;1
98;0
99;0
100;2
101;0
102;0
103;2
104;2
105;0
106;0
107;0
108;1
109;0
110;0
111;0
112;0
113;0
114;0
115;2
116;2
117;0
118;2
119;1
120;0
121;0
122;2
123;0
124;0
125;0
126;0
127;0
128;1
129;1
130;0
131;0
132;0
133;0
134;0
135;0
136;0
137;0
138;0
139;1
140;2
141;0
142;0
143;0
144;0
145;0
146;2
147;1
148;0
149;0
150;0
151;0
152;0
153;0
154;2
155;1
156;2
157;2
158;0
159;0
160;0
161;1
162;0
163;0
164;0
165;0
166;0
167;0
168;0
169;0
170;0
171;0
172;0
173;2
174;0
175;2
176;1
177;0
178;0
179;2
180;0
181;1
182;0
183;2
184;0
185;0
186;0
187;0
188;0
189;2
190;2
191;0
192;0
193;0
194;1
195;2
196;2
197;0
198;0
199;1
200;0
201;0
202;0
203;1
204;0
205;0
206;2
207;1
208;0
209;0
210;0
211;0
212;1
213;0
214;0
215;0
216;0
217;0
218;1
219;1
220;0
221;0
222;2
223;0
224;0
225;0
226;0
227;2
228;0
229;0
230;0
231;2
232;0
233;0
234;0
235;2
236;1
237;0
238;2
239;2
240;2
241;0
242;0
243;0
244;1
245;0
246;0
247;0
248;0
249;2
250;1
251;0
252;2
253;2
254;0
255;0
256;2
257;0
258;2
259;0
260;0
261;2
262;0
263;0
264;0
265;1
266;0
267;0
268;0
269;2
270;2
271;2
272;0
273;0
274;0
275;0
276;0
277;0
278;0
279;0
280;0
281;0
282;0
283;0
284;0
285;0
286;0
287;0
288;0
289;1
290;0
291;1
292;0
293;0
294;2
295;0
296;0
297;0
298;0
299;0
300;1
301;0
302;0
303;0
304;1
305;0
306;0
307;0
308;0
309;0
310;2
311;0
312;0
313;0
314;0
315;0
316;2
317;1
318;1
319;0
320;0
321;0
322;1
323;0
324;2
325;0
326;0
327;0
328;0
329;0
330;0
331;0
332;0
333;0
334;0
335;0
336;0
337;0
338;1
339;2
340;0
341;0
342;2
343;0
344;0
345;0
346;0
347;0
348;0
349;0
350;0
351;0
352;0
353;0
354;2
355;0
356;0
357;0
358;0
359;0
360;0
361;1
362;0
363;0
364;1
365;2
366;2
367;2
368;1
369;0
370;2
371;2
372;1
373;0
374;2
375;2
376;0
377;0
378;0
379;2
380;2
381;0
382;0
383;0
384;0
385;0
386;2
387;1
388;0
389;0
390;0
391;0
392;0
393;0
394;0
395;0
396;1
397;0
398;2
399;2
400;1
401;0
402;0
403;0
404;4
405;0
406;2
407;2
408;0
409;0
410;2
411;0
412;2
413;0
414;0
415;0
416;0
417;1
418;0
419;0
420;0
421;0
422;2
423;2
424;2
425;1
426;0
427;0
428;0
429;0
430;2
431;2
432;0
433;0
434;0
435;0
436;2
437;2
438;2
439;0
440;0
441;0
442;2
443;2
444;0
445;0
446;0
447;0
448;1
449;0
450;0
451;2
452;2
453;1
454;0
455;0
456;0
457;0
458;2
459;0
460;0
461;2
462;2
463;0
464;1
465;2
466;0
467;0
468;0
469;1
470;0
471;2
472;2
473;2
474;0
475;0
476;1
477;2
478;0
479;1
480;0
481;0
482;0
483;0
484;2
485;1
486;0
487;0
488;0
489;0
490;2
491;0
492;2
493;1
494;0
495;2
496;0
497;1
498;0
499;2
500;0
501;0
502;0
503;2
504;0
505;1
506;0
507;1
508;0
509;2
510;2
511;0
512;2
513;0
514;0
515;0
516;0
517;0
518;0
519;0
520;1
521;2
522;0
523;0
524;0
525;0
526;0
527;0
528;1
529;0
530;2
531;0
532;0
533;2
534;2
535;2
536;1
537;0
538;1
539;0
540;0
541;0
542;0
543;2
544;4
545;0
546;2
547;2
548;0
549;0
550;2
551;0
552;2
553;0
554;0
555;0
556;0
557;0
558;0
559;0
560;0
561;0
562;0
563;0
564;0
565;1
566;0
567;2
568;0
569;0
570;2
571;1
572;0
573;0
574;0
575;0
576;0
577;2
578;2
579;2
580;0
581;2
582;0
583;0
584;0
585;0
586;2
587;2
588;1
589;0
590;0
591;2
592;1
593;0
594;0
595;2
596;0
597;0
598;2
599;0
600;1
601;0
602;0
603;0
604;1
605;0
606;2
607;2
608;1
609;0
610;0
611;2
612;4
613;0
614;2
615;2
616;2
617;0
618;2
619;0
620;2
621;0
622;0
623;0
624;0
625;0
626;0
627;0
628;1
629;0
630;0
631;0
632;2
633;0
634;0
635;0
636;0
637;1
638;0
639;0
640;2
641;0
642;2
643;0
644;0
645;2
646;0
647;0
648;0
649;0
650;0
651;1
652;0
653;2
654;1
655;2
656;2
657;0
658;0
659;0
660;2
661;0
662;0
663;0
664;0
665;0
666;0
667;0
668;0
669;1
670;0
671;0
672;0
673;0
674;0
675;0
676;0
677;0
678;0
679;0
680;2
681;0
682;0
683;2
684;0
685;2
686;0
687;0
688;0
689;1
690;0
691;0
692;0
693;0
694;0
695;0
696;0
697;0
698;0
699;0
700;2
701;0
702;2
703;0
704;0
705;0
706;0
707;2
708;0
709;0
710;2
711;0
712;1
713;0
714;0
715;0
716;2
717;1
718;0
719;0
720;2
721;2
722;0
723;0
724;0
725;0
726;1
727;0
728;0
729;0
730;0
731;0
732;0
733;1
734;0
735;0
736;0
737;2
738;0
739;0
740;0
741;0
742;0
743;1
744;0
745;2
746;1
747;1
748;0
749;2
750;0
751;0
752;1
753;0
754;0
755;0
756;2
757;0
758;2
759;2
760;2
761;0
762;2
763;0
764;2
765;0
766;2
767;0
768;0
769;0
770;0
771;0
772;2
773;0
774;0
775;1
776;0
777;0
778;2
779;0
780;0
781;0
782;2
783;2
784;2
785;0
786;2
787;2
788;2
789;0
790;2
791;0
792;0
793;0
794;2
795;0
796;0
797;0
798;0
799;0
800;0
801;0
802;0
803;0
804;0
805;0
806;2
807;1
808;0
809;0
810;0
811;2
812;2
813;0
814;0
815;1
816;0
817;0
818;2
819;2
820;1
821;0
822;0
823;1
824;0
825;1
826;1
827;0
828;0
829;2
830;2
831;0
832;2
833;0
834;0
835;0
836;0
837;0
838;0
839;0
840;0
841;0
842;0
843;0
844;0
845;0
846;0
847;0
848;0
849;0
850;1
851;2
852;2
853;0
854;1
855;0
856;2
857;0
858;0
859;0
860;1
861;0
862;0
863;0
864;0
865;0
866;0
867;0
868;0
869;0
870;1
871;0
872;0
873;0
874;0
875;0
876;2
877;0
878;2
879;2
880;1
881;0
882;2
883;0
884;0
885;0
886;0
887;0
888;0
889;0
890;1
891;0
892;2
893;0
894;1
895;0
896;0
897;0
898;2
899;0
900;1
901;0
902;0
903;0
904;0
905;2
906;2
907;2
908;1
909;0
910;0
911;2
912;0
913;0
914;0
915;0
916;2
917;0
918;0
919;0
920;2
921;0
922;2
923;2
924;1
925;0
926;1
927;0
928;0
929;0
930;0
931;0
932;0
933;0
934;0
935;0
936;2
937;0
938;0
939;0
940;0
941;1
942;2
943;0
944;4
945;0
946;1
947;2
948;0
949;0
950;2
951;0
952;2
953;0
954;2
955;0
956;0
957;1
958;0
959;1
960;0
961;0
962;0
963;2
964;1
965;0
966;0
967;2
968;0
969;0
970;2
971;0
972;2
973;2
974;2
975;2
976;1
977;0
978;0
979;2
980;2
981;0
982;1
983;0
984;0
985;1
986;0
987;0
988;2
989;2
990;2
991;1
992;1
993;0
994;1
995;0
996;1
997;0
998;1
999;0
1000;1
1001;0
1002;0
1003;0
1004;0
1005;0
1006;1
1007;0
1008;2
1009;0
1010;0
1011;2
1012;0
1013;0
1014;0
1015;0
1016;0
1017;0
1018;0
1019;0
1020;0
1021;0
1022;0
1023;0
