0;1
1;0
2;0
3;0
4;2
5;0
6;2
7;2
8;2
9;0
10;0
11;0
12;2
13;2
14;0
15;0
16;0
17;0
18;0
19;1
20;0
21;0
22;0
23;0
24;0
25;0
26;0
27;0
28;0
29;0
30;2
31;2
32;1
33;1
34;0
35;0
36;0
37;0
38;2
39;0
40;0
41;0
42;0
43;0
44;0
45;0
46;1
47;0
48;1
49;0
50;0
51;0
52;2
53;2
54;2
55;0
56;0
57;1
58;1
59;0
60;4
61;0
62;0
63;0
64;0
65;0
66;0
67;0
68;2
69;0
70;0
71;0
72;0
73;2
74;0
75;0
76;0
77;2
78;0
79;0
80;0
81;0
82;0
83;0
84;0
85;0
86;2
87;2
88;0
89;0
90;0
91;0
92;1
93;1
94;1
95;0
96;1
97;2
98;0
99;2
100;1
101;0
102;2
103;2
104;2
105;0
106;1
107;0
108;2
109;2
110;0
111;0
112;2
113;0
114;0
115;2
116;1
117;0
118;0
119;0
120;0
121;0
122;0
123;0
124;1
125;0
126;0
127;0
128;0
129;0
130;0
131;2
132;2
133;0
134;0
135;0
136;0
137;0
138;2
139;0
140;0
141;0
142;0
143;2
144;0
145;0
146;0
147;1
148;2
149;0
150;0
151;0
152;2
153;2
154;0
155;2
156;0
157;0
158;1
159;0
160;0
161;0
162;0
163;0
164;1
165;0
166;1
167;2
168;0
169;0
170;2
171;1
172;0
173;1
174;0
175;0
176;0
177;0
178;0
179;0
180;0
181;0
182;2
183;0
184;0
185;0
186;1
187;1
188;0
189;0
190;2
191;0
192;0
193;0
194;0
195;0
196;1
197;2
198;2
199;2
200;0
201;2
202;1
203;0
204;0
205;0
206;0
207;0
208;0
209;0
210;1
211;0
212;0
213;0
214;2
215;0
216;0
217;0
218;0
219;1
220;1
221;0
222;0
223;0
224;0
225;0
226;0
227;0
228;0
229;2
230;0
231;2
232;2
233;0
234;0
235;0
236;0
237;0
238;0
239;2
240;0
241;0
242;0
243;2
244;1
245;0
246;0
247;0
248;1
249;0
250;2
251;2
252;2
253;0
254;0
255;0
256;0
257;0
258;2
259;1
260;0
261;1
262;0
263;0
264;0
265;0
266;2
267;0
268;0
269;0
270;0
271;0
272;0
273;2
274;0
275;0
276;0
277;0
278;0
279;0
280;0
281;0
282;0
283;0
284;2
285;2
286;1
287;0
288;1
289;0
290;0
291;0
292;1
293;1
294;2
295;0
296;0
297;2
298;1
299;0
300;1
301;0
302;2
303;0
304;0
305;0
306;0
307;0
308;2
309;0
310;0
311;0
312;0
313;0
314;0
315;1
316;0
317;0
318;0
319;0
320;0
321;0
322;0
323;2
324;0
325;2
326;0
327;0
328;0
329;0
330;0
331;0
332;0
333;1
334;0
335;0
336;0
337;0
338;0
339;0
340;2
341;0
342;0
343;2
344;0
345;1
346;0
347;0
348;0
349;2
350;2
351;2
352;1
353;0
354;0
355;0
356;0
357;0
358;0
359;0
360;0
361;0
362;0
363;2
364;2
365;2
366;0
367;0
368;1
369;0
370;1
371;0
372;1
373;0
374;0
375;2
376;4
377;0
378;2
379;0
380;1
381;0
382;2
383;0
384;2
385;0
386;2
387;0
388;0
389;0
390;0
391;0
392;2
393;0
394;0
395;0
396;0
397;0
398;0
399;0
400;0
401;1
402;0
403;1
404;0
405;0
406;1
407;0
408;2
409;0
410;0
411;0
412;0
413;2
414;2
415;2
416;0
417;0
418;0
419;0
420;0
421;0
422;0
423;0
424;0
425;2
426;2
427;0
428;2
429;2
430;0
431;0
432;2
433;0
434;0
435;2
436;0
437;1
438;0
439;0
440;0
441;0
442;0
443;0
444;0
445;2
446;2
447;0
448;1
449;0
450;0
451;0
452;0
453;1
454;0
455;2
456;0
457;0
458;0
459;0
460;0
461;0
462;0
463;2
464;2
465;0
466;0
467;0
468;0
469;0
470;0
471;0
472;2
473;0
474;1
475;2
476;0
477;0
478;2
479;2
480;2
481;0
482;0
483;0
484;0
485;0
486;2
487;2
488;0
489;0
490;0
491;1
492;0
493;1
494;0
495;1
496;0
497;0
498;0
499;0
500;0
501;0
502;0
503;0
504;1
505;0
506;0
507;0
508;0
509;0
510;0
511;0
512;0
513;0
514;0
515;0
516;0
517;0
518;1
519;0
520;2
521;2
522;0
523;0
524;2
525;0
526;0
527;2
528;0
529;0
530;0
531;0
532;0
533;2
534;2
535;0
536;2
537;0
538;0
539;0
540;0
541;2
542;0
543;0
544;1
545;0
546;2
547;0
548;1
549;0
550;0
551;2
552;2
553;2
554;2
555;2
556;2
557;0
558;2
559;0
560;2
561;2
562;1
563;0
564;2
565;1
566;0
567;0
568;0
569;0
570;2
571;0
572;0
573;0
574;0
575;0
576;1
577;0
578;0
579;0
580;0
581;0
582;0
583;0
584;0
585;0
586;0
587;2
588;0
589;0
590;1
591;0
592;0
593;0
594;0
595;0
596;0
597;1
598;0
599;0
600;0
601;0
602;0
603;0
604;0
605;2
606;0
607;0
608;1
609;0
610;0
611;0
612;4
613;1
614;0
615;2
616;2
617;0
618;0
619;0
620;2
621;0
622;0
623;0
624;2
625;0
626;0
627;2
628;0
629;1
630;0
631;0
632;0
633;0
634;0
635;0
636;0
637;0
638;1
639;0
640;2
641;0
642;0
643;1
644;0
645;2
646;2
647;0
648;0
649;1
650;0
651;0
652;0
653;1
654;1
655;0
656;2
657;0
658;0
659;0
660;0
661;0
662;0
663;0
664;0
665;0
666;0
667;2
668;1
669;0
670;0
671;2
672;0
673;0
674;0
675;2
676;1
677;0
678;0
679;0
680;2
681;2
682;0
683;2
684;0
685;0
686;0
687;1
688;0
689;0
690;0
691;0
692;0
693;1
694;0
695;0
696;1
697;2
698;2
699;0
700;0
701;0
702;0
703;0
704;0
705;2
706;2
707;0
708;0
709;0
710;0
711;0
712;0
713;0
714;0
715;0
716;0
717;0
718;0
719;0
720;0
721;2
722;0
723;0
724;2
725;2
726;0
727;0
728;0
729;0
730;0
731;0
732;0
733;0
734;2
735;0
736;1
737;0
738;0
739;0
740;0
741;2
742;0
743;0
744;1
745;2
746;2
747;2
748;2
749;0
750;0
751;0
752;2
753;2
754;1
755;0
756;2
757;1
758;0
759;0
760;0
761;2
762;1
763;0
764;2
765;0
766;0
767;2
768;0
769;0
770;0
771;0
772;1
773;0
774;2
775;0
776;1
777;0
778;0
779;0
780;0
781;0
782;0
783;0
784;0
785;0
786;2
787;0
788;0
789;2
790;0
791;0
792;0
793;1
794;0
795;2
796;1
797;0
798;0
799;1
800;0
801;1
802;2
803;2
804;2
805;0
806;0
807;1
808;0
809;0
810;0
811;0
812;0
813;0
814;0
815;0
816;1
817;0
818;0
819;0
820;0
821;2
822;1
823;1
824;0
825;0
826;0
827;1
828;0
829;0
830;0
831;0
832;1
833;2
834;0
835;0
836;1
837;0
838;2
839;2
840;0
841;0
842;0
843;0
844;0
845;0
846;0
847;0
848;1
849;0
850;2
851;2
852;0
853;1
854;0
855;0
856;2
857;0
858;2
859;1
860;0
861;0
862;0
863;0
864;1
865;0
866;0
867;0
868;2
869;0
870;0
871;2
872;2
873;0
874;0
875;0
876;0
877;0
878;0
879;0
880;0
881;0
882;2
883;2
884;0
885;0
886;0
887;1
888;0
889;0
890;0
891;1
892;0
893;0
894;0
895;0
896;0
897;2
898;0
899;1
900;0
901;0
902;2
903;2
904;1
905;0
906;0
907;2
908;2
909;2
910;1
911;1
912;0
913;0
914;2
915;0
916;1
917;2
918;0
919;0
920;0
921;2
922;1
923;0
924;0
925;0
926;1
927;0
928;2
929;1
930;1
931;0
932;0
933;0
934;0
935;0
936;2
937;0
938;2
939;0
940;0
941;0
942;0
943;0
944;0
945;2
946;0
947;0
948;0
949;1
950;0
951;0
952;0
953;2
954;0
955;2
956;0
957;0
958;0
959;0
960;0
961;2
962;2
963;0
964;0
965;0
966;0
967;1
968;2
969;0
970;2
971;2
972;0
973;0
974;1
975;0
976;0
977;0
978;0
979;2
980;0
981;0
982;2
983;2
984;2
985;0
986;2
987;2
988;1
989;0
990;0
991;0
992;0
993;0
994;0
995;0
996;0
997;0
998;2
999;0
1000;2
1001;2
1002;2
1003;1
1004;0
1005;0
1006;0
1007;1
1008;0
1009;0
1010;0
1011;0
1012;1
1013;0
1014;0
1015;1
1016;0
1017;0
1018;0
1019;0
1020;0
1021;0
1022;0
1023;0
