0;0
1;0
2;0
3;2
4;4
5;0
6;1
7;0
8;2
9;2
10;2
11;0
12;2
13;2
14;0
15;1
16;0
17;0
18;0
19;0
20;0
21;0
22;0
23;0
24;0
25;0
26;0
27;0
28;0
29;0
30;0
31;2
32;2
33;0
34;2
35;0
36;0
37;0
38;2
39;0
40;2
41;2
42;2
43;0
44;2
45;0
46;2
47;0
48;1
49;0
50;1
51;0
52;0
53;0
54;2
55;0
56;0
57;0
58;2
59;2
60;1
61;0
62;0
63;0
64;0
65;0
66;2
67;0
68;0
69;0
70;0
71;2
72;0
73;0
74;2
75;0
76;0
77;0
78;0
79;0
80;0
81;0
82;0
83;0
84;0
85;1
86;2
87;0
88;1
89;0
90;0
91;0
92;1
93;0
94;0
95;0
96;0
97;1
98;0
99;2
100;2
101;1
102;2
103;2
104;2
105;0
106;0
107;0
108;0
109;1
110;2
111;0
112;0
113;0
114;0
115;0
116;2
117;0
118;0
119;0
120;0
121;0
122;0
123;0
124;2
125;2
126;0
127;1
128;0
129;2
130;0
131;2
132;2
133;0
134;0
135;0
136;0
137;0
138;2
139;0
140;0
141;0
142;0
143;0
144;2
145;0
146;0
147;2
148;1
149;0
150;0
151;0
152;0
153;1
154;0
155;2
156;0
157;0
158;0
159;0
160;0
161;0
162;0
163;1
164;0
165;2
166;1
167;1
168;2
169;0
170;2
171;2
172;0
173;1
174;0
175;0
176;2
177;0
178;0
179;0
180;1
181;0
182;2
183;1
184;0
185;0
186;1
187;1
188;0
189;1
190;1
191;0
192;0
193;0
194;1
195;0
196;0
197;2
198;2
199;2
200;1
201;0
202;1
203;0
204;2
205;0
206;0
207;0
208;0
209;0
210;0
211;2
212;0
213;2
214;2
215;0
216;0
217;0
218;0
219;1
220;1
221;0
222;0
223;0
224;2
225;0
226;0
227;0
228;0
229;2
230;0
231;2
232;2
233;0
234;0
235;1
236;0
237;2
238;0
239;0
240;0
241;0
242;2
243;1
244;0
245;1
246;0
247;2
248;1
249;0
250;0
251;0
252;0
253;1
254;0
255;0
256;0
257;0
258;0
259;0
260;0
261;0
262;2
263;0
264;0
265;0
266;0
267;0
268;2
269;0
270;2
271;1
272;0
273;0
274;0
275;0
276;0
277;0
278;0
279;2
280;0
281;0
282;0
283;0
284;2
285;0
286;2
287;0
288;0
289;0
290;1
291;0
292;1
293;0
294;0
295;2
296;1
297;0
298;2
299;2
300;2
301;2
302;2
303;0
304;2
305;0
306;0
307;0
308;0
309;0
310;1
311;0
312;0
313;2
314;1
315;0
316;2
317;0
318;0
319;0
320;0
321;0
322;0
323;0
324;0
325;0
326;2
327;1
328;0
329;0
330;0
331;2
332;1
333;0
334;0
335;2
336;2
337;0
338;2
339;0
340;2
341;0
342;2
343;2
344;0
345;2
346;0
347;1
348;0
349;0
350;2
351;0
352;0
353;1
354;2
355;0
356;2
357;0
358;0
359;0
360;2
361;0
362;0
363;2
364;1
365;0
366;0
367;0
368;0
369;0
370;0
371;2
372;1
373;0
374;2
375;2
376;2
377;0
378;2
379;2
380;2
381;0
382;0
383;0
384;2
385;0
386;0
387;0
388;0
389;0
390;2
391;0
392;0
393;0
394;0
395;0
396;2
397;0
398;0
399;0
400;1
401;0
402;0
403;0
404;0
405;0
406;0
407;0
408;0
409;0
410;0
411;0
412;2
413;0
414;2
415;2
416;2
417;1
418;0
419;0
420;0
421;0
422;0
423;2
424;0
425;2
426;0
427;0
428;0
429;0
430;1
431;0
432;0
433;2
434;0
435;0
436;0
437;0
438;1
439;2
440;2
441;0
442;0
443;1
444;0
445;0
446;2
447;0
448;0
449;0
450;2
451;0
452;0
453;2
454;2
455;0
456;0
457;0
458;0
459;0
460;0
461;0
462;0
463;2
464;0
465;2
466;0
467;0
468;1
469;2
470;0
471;1
472;0
473;0
474;0
475;1
476;0
477;1
478;0
479;0
480;2
481;0
482;2
483;0
484;1
485;0
486;0
487;0
488;1
489;0
490;0
491;0
492;0
493;0
494;0
495;2
496;0
497;1
498;1
499;1
500;0
501;2
502;2
503;1
504;0
505;0
506;0
507;0
508;0
509;0
510;1
511;0
512;1
513;1
514;0
515;0
516;1
517;0
518;0
519;0
520;0
521;1
522;0
523;0
524;2
525;2
526;2
527;2
528;2
529;0
530;0
531;0
532;0
533;0
534;0
535;0
536;0
537;0
538;0
539;0
540;0
541;2
542;2
543;0
544;2
545;0
546;0
547;0
548;0
549;2
550;0
551;2
552;2
553;0
554;2
555;1
556;0
557;2
558;0
559;0
560;0
561;0
562;2
563;0
564;0
565;1
566;0
567;0
568;1
569;0
570;0
571;0
572;0
573;0
574;0
575;0
576;0
577;0
578;0
579;0
580;1
581;0
582;0
583;0
584;0
585;0
586;0
587;0
588;0
589;0
590;0
591;0
592;2
593;0
594;2
595;0
596;0
597;2
598;0
599;0
600;0
601;0
602;0
603;2
604;0
605;1
606;0
607;2
608;2
609;0
610;0
611;0
612;0
613;0
614;0
615;2
616;0
617;0
618;0
619;0
620;0
621;1
622;0
623;0
624;0
625;0
626;0
627;0
628;2
629;0
630;1
631;0
632;2
633;0
634;0
635;0
636;0
637;2
638;0
639;0
640;0
641;2
642;0
643;0
644;2
645;1
646;0
647;0
648;2
649;0
650;0
651;0
652;0
653;0
654;0
655;1
656;0
657;0
658;0
659;2
660;4
661;0
662;1
663;0
664;0
665;0
666;2
667;0
668;2
669;0
670;0
671;0
672;0
673;0
674;0
675;0
676;2
677;0
678;2
679;1
680;0
681;0
682;0
683;2
684;2
685;1
686;0
687;2
688;0
689;2
690;0
691;0
692;0
693;0
694;1
695;0
696;1
697;0
698;0
699;0
700;0
701;1
702;0
703;0
704;1
705;2
706;0
707;0
708;0
709;0
710;0
711;1
712;0
713;1
714;0
715;2
716;2
717;0
718;2
719;0
720;0
721;0
722;0
723;0
724;1
725;2
726;0
727;0
728;2
729;1
730;0
731;2
732;2
733;2
734;0
735;0
736;0
737;0
738;2
739;0
740;0
741;0
742;1
743;0
744;1
745;0
746;0
747;0
748;0
749;2
750;0
751;2
752;0
753;1
754;0
755;2
756;2
757;0
758;0
759;2
760;1
761;0
762;0
763;0
764;2
765;2
766;0
767;0
768;1
769;0
770;1
771;0
772;2
773;0
774;0
775;2
776;0
777;0
778;0
779;0
780;0
781;0
782;0
783;0
784;0
785;0
786;0
787;0
788;0
789;1
790;2
791;0
792;2
793;0
794;1
795;2
796;2
797;0
798;0
799;1
800;1
801;0
802;0
803;0
804;0
805;0
806;0
807;2
808;1
809;0
810;0
811;1
812;2
813;0
814;2
815;2
816;1
817;2
818;2
819;0
820;2
821;0
822;2
823;2
824;2
825;0
826;2
827;0
828;2
829;0
830;0
831;0
832;0
833;0
834;0
835;0
836;0
837;0
838;0
839;1
840;0
841;2
842;2
843;0
844;1
845;0
846;0
847;2
848;0
849;0
850;0
851;0
852;2
853;0
854;0
855;0
856;0
857;0
858;2
859;2
860;1
861;0
862;1
863;2
864;2
865;0
866;0
867;0
868;0
869;0
870;0
871;2
872;1
873;0
874;2
875;0
876;0
877;0
878;2
879;0
880;1
881;1
882;0
883;1
884;0
885;2
886;2
887;0
888;0
889;0
890;1
891;0
892;0
893;1
894;2
895;2
896;2
897;2
898;0
899;2
900;0
901;0
902;0
903;0
904;0
905;0
906;2
907;0
908;0
909;0
910;0
911;0
912;1
913;0
914;1
915;0
916;1
917;0
918;1
919;0
920;1
921;0
922;2
923;1
924;0
925;1
926;2
927;0
928;0
929;0
930;2
931;0
932;0
933;0
934;1
935;1
936;0
937;2
938;1
939;1
940;0
941;2
942;1
943;2
944;2
945;0
946;0
947;2
948;0
949;0
950;0
951;0
952;2
953;2
954;0
955;0
956;0
957;0
958;0
959;0
960;0
961;0
962;2
963;2
964;0
965;0
966;2
967;0
968;0
969;1
970;0
971;1
972;0
973;0
974;2
975;0
976;1
977;0
978;2
979;2
980;1
981;0
982;0
983;0
984;0
985;0
986;0
987;0
988;1
989;0
990;0
991;1
992;0
993;0
994;2
995;2
996;0
997;0
998;2
999;0
1000;1
1001;0
1002;0
1003;2
1004;4
1005;0
1006;2
1007;2
1008;3
1009;0
1010;2
1011;0
1012;1
1013;1
1014;0
1015;1
1016;0
1017;0
1018;0
1019;0
1020;0
1021;0
1022;0
1023;0
