0;1
1;0
2;0
3;2
4;2
5;0
6;2
7;2
8;0
9;0
10;2
11;0
12;2
13;2
14;0
15;0
16;0
17;0
18;0
19;1
20;0
21;2
22;0
23;0
24;0
25;0
26;0
27;2
28;0
29;2
30;2
31;2
32;2
33;0
34;0
35;1
36;0
37;0
38;1
39;0
40;0
41;1
42;0
43;0
44;0
45;0
46;1
47;0
48;2
49;0
50;1
51;0
52;2
53;2
54;2
55;0
56;0
57;2
58;2
59;0
60;0
61;0
62;0
63;0
64;0
65;1
66;0
67;1
68;0
69;2
70;0
71;0
72;0
73;0
74;0
75;0
76;0
77;0
78;0
79;0
80;0
81;0
82;1
83;2
84;0
85;0
86;1
87;0
88;1
89;0
90;0
91;0
92;0
93;2
94;0
95;0
96;0
97;0
98;0
99;2
100;2
101;0
102;2
103;2
104;2
105;0
106;0
107;0
108;2
109;2
110;1
111;2
112;1
113;2
114;1
115;0
116;2
117;0
118;0
119;1
120;0
121;0
122;2
123;2
124;1
125;0
126;0
127;0
128;4
129;0
130;2
131;2
132;2
133;2
134;2
135;0
136;1
137;0
138;1
139;0
140;0
141;0
142;0
143;0
144;0
145;2
146;2
147;0
148;0
149;0
150;0
151;0
152;0
153;1
154;0
155;0
156;0
157;0
158;0
159;0
160;0
161;2
162;0
163;0
164;2
165;1
166;0
167;2
168;0
169;0
170;0
171;0
172;0
173;2
174;0
175;0
176;0
177;0
178;1
179;2
180;1
181;0
182;2
183;2
184;0
185;1
186;0
187;2
188;0
189;0
190;0
191;0
192;1
193;0
194;0
195;1
196;0
197;0
198;1
199;0
200;1
201;0
202;0
203;2
204;1
205;0
206;2
207;2
208;0
209;0
210;1
211;0
212;0
213;0
214;0
215;1
216;1
217;1
218;2
219;2
220;1
221;0
222;2
223;2
224;2
225;2
226;0
227;0
228;1
229;0
230;0
231;0
232;1
233;0
234;1
235;0
236;0
237;0
238;0
239;2
240;1
241;0
242;0
243;0
244;0
245;0
246;0
247;0
248;0
249;0
250;0
251;0
252;0
253;2
254;0
255;0
256;2
257;0
258;0
259;1
260;0
261;2
262;0
263;0
264;0
265;0
266;0
267;1
268;0
269;0
270;0
271;1
272;0
273;0
274;0
275;0
276;0
277;1
278;0
279;0
280;0
281;0
282;0
283;0
284;0
285;1
286;0
287;0
288;0
289;0
290;0
291;0
292;0
293;1
294;1
295;0
296;0
297;0
298;0
299;0
300;2
301;2
302;2
303;1
304;0
305;0
306;0
307;0
308;0
309;0
310;2
311;0
312;0
313;1
314;2
315;0
316;0
317;0
318;1
319;0
320;0
321;0
322;1
323;0
324;2
325;0
326;0
327;0
328;0
329;0
330;0
331;0
332;0
333;0
334;0
335;1
336;0
337;0
338;1
339;2
340;0
341;2
342;2
343;2
344;0
345;0
346;0
347;0
348;0
349;0
350;0
351;0
352;0
353;0
354;0
355;0
356;2
357;0
358;0
359;0
360;0
361;2
362;0
363;0
364;0
365;2
366;0
367;2
368;2
369;2
370;0
371;1
372;0
373;0
374;2
375;2
376;0
377;0
378;0
379;0
380;2
381;2
382;0
383;0
384;1
385;1
386;2
387;0
388;0
389;0
390;0
391;0
392;0
393;0
394;0
395;0
396;1
397;0
398;0
399;0
400;0
401;0
402;0
403;0
404;1
405;1
406;0
407;0
408;0
409;0
410;2
411;0
412;2
413;1
414;2
415;0
416;0
417;0
418;2
419;0
420;0
421;0
422;0
423;0
424;0
425;0
426;0
427;1
428;0
429;0
430;2
431;1
432;0
433;0
434;0
435;0
436;2
437;0
438;0
439;2
440;1
441;0
442;0
443;0
444;0
445;0
446;0
447;1
448;0
449;0
450;0
451;0
452;0
453;0
454;0
455;0
456;0
457;0
458;0
459;2
460;0
461;0
462;0
463;0
464;1
465;2
466;0
467;1
468;0
469;1
470;0
471;0
472;0
473;0
474;1
475;0
476;2
477;2
478;2
479;0
480;2
481;0
482;2
483;2
484;1
485;0
486;0
487;2
488;2
489;0
490;0
491;2
492;0
493;1
494;0
495;0
496;0
497;2
498;1
499;0
500;0
501;0
502;0
503;0
504;0
505;2
506;0
507;0
508;1
509;2
510;0
511;0
512;0
513;2
514;1
515;0
516;0
517;0
518;0
519;0
520;0
521;2
522;2
523;2
524;2
525;0
526;0
527;0
528;0
529;0
530;0
531;0
532;0
533;0
534;0
535;0
536;0
537;2
538;1
539;0
540;2
541;0
542;0
543;0
544;0
545;2
546;0
547;0
548;2
549;0
550;2
551;0
552;2
553;2
554;0
555;0
556;0
557;0
558;2
559;2
560;0
561;0
562;0
563;0
564;2
565;0
566;2
567;2
568;0
569;0
570;2
571;0
572;0
573;0
574;0
575;0
576;1
577;0
578;0
579;2
580;1
581;0
582;0
583;2
584;2
585;0
586;0
587;2
588;2
589;0
590;2
591;1
592;2
593;0
594;0
595;2
596;0
597;0
598;0
599;0
600;1
601;0
602;0
603;0
604;2
605;0
606;0
607;1
608;0
609;1
610;0
611;0
612;1
613;0
614;0
615;0
616;0
617;2
618;0
619;0
620;0
621;0
622;0
623;0
624;2
625;0
626;0
627;2
628;2
629;0
630;0
631;1
632;0
633;0
634;0
635;0
636;2
637;0
638;0
639;0
640;0
641;2
642;0
643;0
644;0
645;0
646;0
647;0
648;0
649;0
650;1
651;0
652;0
653;0
654;0
655;1
656;0
657;0
658;0
659;0
660;0
661;0
662;2
663;0
664;0
665;0
666;0
667;0
668;0
669;0
670;0
671;0
672;2
673;0
674;0
675;0
676;0
677;0
678;0
679;2
680;2
681;0
682;0
683;0
684;1
685;0
686;0
687;1
688;0
689;0
690;0
691;1
692;2
693;2
694;0
695;0
696;1
697;0
698;1
699;2
700;1
701;0
702;0
703;0
704;0
705;0
706;0
707;0
708;0
709;1
710;0
711;0
712;0
713;0
714;0
715;1
716;0
717;0
718;2
719;2
720;2
721;0
722;1
723;0
724;0
725;0
726;0
727;0
728;1
729;2
730;0
731;0
732;0
733;0
734;2
735;2
736;2
737;0
738;1
739;1
740;0
741;0
742;0
743;0
744;0
745;0
746;2
747;0
748;1
749;0
750;0
751;0
752;0
753;2
754;0
755;2
756;0
757;2
758;2
759;2
760;2
761;0
762;0
763;1
764;0
765;2
766;1
767;0
768;2
769;1
770;0
771;0
772;2
773;2
774;0
775;0
776;2
777;0
778;0
779;0
780;0
781;0
782;0
783;0
784;0
785;1
786;0
787;0
788;0
789;0
790;0
791;0
792;0
793;0
794;2
795;0
796;0
797;1
798;1
799;0
800;0
801;1
802;0
803;0
804;0
805;0
806;0
807;2
808;1
809;0
810;0
811;0
812;0
813;0
814;2
815;0
816;1
817;0
818;0
819;0
820;0
821;0
822;1
823;0
824;0
825;0
826;2
827;2
828;1
829;0
830;0
831;0
832;0
833;1
834;0
835;0
836;1
837;0
838;0
839;2
840;0
841;0
842;0
843;0
844;2
845;0
846;0
847;0
848;0
849;0
850;0
851;2
852;1
853;0
854;0
855;0
856;0
857;0
858;0
859;0
860;0
861;0
862;0
863;2
864;2
865;0
866;0
867;0
868;0
869;0
870;2
871;0
872;0
873;1
874;1
875;0
876;0
877;0
878;0
879;1
880;1
881;0
882;2
883;2
884;0
885;0
886;2
887;2
888;2
889;0
890;2
891;2
892;1
893;0
894;0
895;0
896;0
897;0
898;0
899;0
900;2
901;0
902;2
903;0
904;1
905;0
906;1
907;0
908;1
909;0
910;1
911;2
912;1
913;0
914;1
915;0
916;1
917;0
918;2
919;2
920;2
921;2
922;2
923;0
924;1
925;0
926;0
927;0
928;0
929;2
930;0
931;1
932;0
933;2
934;1
935;0
936;2
937;2
938;0
939;2
940;0
941;0
942;0
943;0
944;0
945;0
946;2
947;0
948;0
949;1
950;0
951;0
952;0
953;0
954;2
955;2
956;0
957;0
958;2
959;2
960;0
961;0
962;2
963;2
964;1
965;0
966;0
967;0
968;2
969;0
970;2
971;0
972;2
973;0
974;2
975;0
976;0
977;0
978;0
979;1
980;0
981;0
982;2
983;0
984;2
985;0
986;2
987;2
988;2
989;0
990;0
991;1
992;0
993;0
994;0
995;0
996;1
997;0
998;2
999;1
1000;0
1001;0
1002;2
1003;0
1004;2
1005;0
1006;0
1007;0
1008;0
1009;0
1010;0
1011;0
1012;1
1013;0
1014;0
1015;1
1016;0
1017;0
1018;0
1019;0
1020;0
1021;0
1022;0
1023;0
