0;1
1;0
2;0
3;0
4;2
5;2
6;0
7;2
8;0
9;0
10;2
11;0
12;2
13;0
14;0
15;1
16;0
17;0
18;1
19;0
20;2
21;0
22;2
23;1
24;0
25;0
26;0
27;0
28;0
29;0
30;0
31;0
32;0
33;0
34;0
35;0
36;0
37;0
38;2
39;1
40;1
41;0
42;0
43;0
44;1
45;0
46;0
47;0
48;0
49;0
50;0
51;0
52;0
53;0
54;1
55;1
56;0
57;1
58;0
59;0
60;0
61;0
62;0
63;0
64;0
65;0
66;0
67;0
68;0
69;0
70;0
71;0
72;2
73;0
74;0
75;0
76;0
77;0
78;2
79;0
80;0
81;0
82;0
83;0
84;0
85;0
86;2
87;2
88;0
89;0
90;0
91;0
92;0
93;0
94;0
95;2
96;0
97;0
98;0
99;0
100;0
101;0
102;0
103;2
104;0
105;0
106;0
107;0
108;0
109;0
110;0
111;0
112;0
113;1
114;0
115;0
116;0
117;0
118;0
119;0
120;0
121;0
122;0
123;0
124;0
125;2
126;1
127;0
128;1
129;0
130;2
131;1
132;0
133;0
134;1
135;0
136;0
137;0
138;0
139;1
140;0
141;0
142;0
143;1
144;0
145;1
146;0
147;0
148;2
149;1
150;0
151;0
152;0
153;0
154;2
155;0
156;0
157;0
158;0
159;0
160;0
161;1
162;0
163;0
164;0
165;0
166;0
167;0
168;0
169;1
170;0
171;0
172;1
173;0
174;2
175;0
176;0
177;0
178;2
179;0
180;0
181;0
182;0
183;0
184;0
185;0
186;0
187;0
188;0
189;0
190;0
191;2
192;0
193;2
194;0
195;2
196;0
197;0
198;0
199;0
200;2
201;0
202;0
203;0
204;2
205;0
206;0
207;0
208;0
209;1
210;2
211;0
212;0
213;0
214;0
215;0
216;0
217;2
218;0
219;0
220;0
221;2
222;0
223;0
224;0
225;0
226;0
227;0
228;0
229;0
230;0
231;0
232;0
233;0
234;0
235;0
236;2
237;2
238;0
239;0
240;0
241;0
242;0
243;0
244;0
245;1
246;0
247;2
248;0
249;0
250;0
251;0
252;0
253;1
254;0
255;0
256;1
257;0
258;0
259;1
260;0
261;0
262;0
263;0
264;0
265;0
266;1
267;0
268;1
269;0
270;0
271;2
272;0
273;1
274;0
275;0
276;2
277;1
278;0
279;0
280;0
281;0
282;0
283;2
284;0
285;0
286;0
287;0
288;0
289;0
290;2
291;0
292;0
293;0
294;0
295;0
296;0
297;0
298;0
299;2
300;2
301;2
302;1
303;0
304;0
305;0
306;1
307;0
308;0
309;1
310;0
311;0
312;0
313;1
314;0
315;2
316;0
317;0
318;0
319;2
320;0
321;1
322;0
323;0
324;1
325;0
326;1
327;0
328;2
329;0
330;0
331;0
332;0
333;1
334;0
335;0
336;0
337;0
338;0
339;1
340;2
341;0
342;0
343;0
344;0
345;0
346;0
347;1
348;0
349;0
350;0
351;0
352;1
353;0
354;0
355;2
356;0
357;0
358;0
359;0
360;0
361;0
362;0
363;1
364;2
365;0
366;0
367;2
368;0
369;0
370;2
371;0
372;2
373;1
374;0
375;0
376;0
377;1
378;0
379;2
380;2
381;0
382;2
383;2
384;1
385;0
386;1
387;2
388;0
389;1
390;0
391;0
392;0
393;0
394;0
395;0
396;0
397;0
398;0
399;0
400;0
401;2
402;0
403;0
404;0
405;0
406;0
407;2
408;0
409;2
410;0
411;0
412;0
413;0
414;0
415;1
416;0
417;1
418;1
419;1
420;0
421;0
422;0
423;0
424;0
425;0
426;0
427;0
428;0
429;0
430;1
431;0
432;0
433;0
434;2
435;0
436;0
437;2
438;0
439;0
440;0
441;1
442;1
443;0
444;0
445;0
446;0
447;0
448;0
449;0
450;0
451;0
452;0
453;0
454;0
455;0
456;2
457;1
458;0
459;0
460;0
461;0
462;0
463;0
464;0
465;0
466;0
467;2
468;0
469;0
470;0
471;1
472;2
473;0
474;0
475;1
476;2
477;0
478;2
479;0
480;1
481;2
482;0
483;0
484;0
485;0
486;0
487;0
488;1
489;0
490;0
491;2
492;0
493;0
494;2
495;2
496;1
497;0
498;0
499;0
500;0
501;0
502;0
503;2
504;0
505;0
506;0
507;1
508;0
509;0
510;0
511;0
512;0
513;0
514;0
515;0
516;0
517;2
518;0
519;1
520;0
521;0
522;2
523;0
524;0
525;0
526;0
527;0
528;0
529;1
530;0
531;0
532;0
533;0
534;0
535;1
536;0
537;0
538;0
539;0
540;0
541;0
542;0
543;0
544;0
545;0
546;0
547;1
548;0
549;0
550;2
551;0
552;2
553;0
554;2
555;0
556;0
557;0
558;2
559;0
560;0
561;0
562;0
563;2
564;1
565;0
566;0
567;0
568;0
569;0
570;0
571;1
572;1
573;2
574;0
575;0
576;2
577;0
578;0
579;0
580;0
581;0
582;0
583;1
584;0
585;0
586;0
587;0
588;0
589;0
590;0
591;0
592;2
593;0
594;0
595;0
596;0
597;2
598;1
599;0
600;0
601;0
602;0
603;0
604;0
605;1
606;0
607;2
608;0
609;0
610;2
611;0
612;0
613;1
614;0
615;1
616;0
617;0
618;1
619;0
620;1
621;0
622;1
623;0
624;0
625;0
626;0
627;0
628;1
629;0
630;0
631;0
632;0
633;0
634;0
635;0
636;1
637;0
638;0
639;0
640;0
641;0
642;0
643;0
644;0
645;1
646;0
647;0
648;0
649;0
650;0
651;0
652;0
653;0
654;0
655;0
656;0
657;0
658;0
659;0
660;0
661;0
662;0
663;1
664;0
665;2
666;0
667;0
668;0
669;0
670;2
671;1
672;0
673;0
674;0
675;0
676;0
677;1
678;0
679;0
680;0
681;0
682;2
683;0
684;2
685;0
686;2
687;2
688;0
689;0
690;0
691;1
692;0
693;0
694;0
695;0
696;0
697;2
698;0
699;0
700;0
701;0
702;2
703;2
704;0
705;0
706;0
707;0
708;0
709;0
710;0
711;0
712;2
713;1
714;0
715;0
716;0
717;0
718;1
719;0
720;0
721;0
722;0
723;1
724;0
725;0
726;2
727;0
728;0
729;0
730;0
731;0
732;0
733;0
734;1
735;0
736;1
737;0
738;1
739;0
740;0
741;0
742;1
743;1
744;0
745;0
746;0
747;0
748;0
749;0
750;0
751;0
752;0
753;0
754;0
755;2
756;0
757;1
758;0
759;0
760;2
761;2
762;0
763;0
764;1
765;0
766;0
767;0
768;0
769;0
770;0
771;1
772;2
773;1
774;0
775;0
776;0
777;0
778;0
779;0
780;0
781;2
782;2
783;2
784;0
785;1
786;1
787;0
788;0
789;2
790;0
791;0
792;2
793;0
794;0
795;0
796;0
797;0
798;0
799;2
800;0
801;0
802;0
803;0
804;2
805;2
806;0
807;2
808;0
809;2
810;0
811;1
812;0
813;0
814;2
815;0
816;0
817;0
818;1
819;0
820;0
821;0
822;0
823;0
824;0
825;0
826;0
827;0
828;0
829;0
830;1
831;0
832;0
833;0
834;1
835;0
836;0
837;0
838;1
839;0
840;1
841;0
842;0
843;2
844;0
845;2
846;0
847;0
848;0
849;0
850;0
851;0
852;0
853;0
854;0
855;0
856;0
857;0
858;1
859;0
860;0
861;0
862;0
863;0
864;2
865;0
866;0
867;0
868;1
869;0
870;0
871;0
872;0
873;1
874;0
875;0
876;0
877;0
878;0
879;0
880;1
881;0
882;0
883;0
884;0
885;1
886;0
887;0
888;0
889;1
890;0
891;2
892;1
893;0
894;0
895;0
896;0
897;0
898;2
899;0
900;0
901;0
902;1
903;0
904;1
905;0
906;0
907;0
908;0
909;0
910;0
911;1
912;0
913;2
914;0
915;2
916;2
917;0
918;0
919;0
920;0
921;1
922;1
923;0
924;0
925;0
926;0
927;0
928;0
929;0
930;0
931;1
932;0
933;0
934;0
935;0
936;1
937;0
938;0
939;1
940;0
941;0
942;1
943;0
944;1
945;0
946;1
947;1
948;0
949;0
950;2
951;2
952;0
953;1
954;0
955;2
956;0
957;0
958;1
959;0
960;1
961;0
962;2
963;1
964;0
965;2
966;1
967;0
968;1
969;0
970;0
971;2
972;1
973;0
974;0
975;0
976;0
977;0
978;0
979;0
980;2
981;1
982;0
983;0
984;0
985;2
986;2
987;1
988;0
989;0
990;2
991;0
992;0
993;0
994;2
995;0
996;0
997;0
998;2
999;0
1000;0
1001;0
1002;0
1003;1
1004;0
1005;0
1006;0
1007;1
1008;0
1009;0
1010;0
1011;0
1012;0
1013;0
1014;0
1015;0
1016;0
1017;0
1018;0
1019;0
1020;0
1021;0
1022;0
1023;0
