0;0
1;1
2;0
3;0
4;0
5;0
6;1
7;0
8;0
9;0
10;0
11;0
12;0
13;0
14;0
15;1
16;0
17;0
18;0
19;2
20;0
21;0
22;0
23;0
24;0
25;2
26;0
27;1
28;0
29;0
30;1
31;0
32;0
33;1
34;0
35;0
36;2
37;0
38;0
39;0
40;2
41;1
42;1
43;0
44;1
45;0
46;1
47;0
48;0
49;1
50;0
51;2
52;0
53;0
54;0
55;0
56;1
57;0
58;2
59;2
60;2
61;0
62;0
63;0
64;0
65;0
66;0
67;0
68;2
69;0
70;0
71;0
72;0
73;0
74;0
75;0
76;0
77;0
78;0
79;0
80;0
81;0
82;0
83;0
84;0
85;1
86;0
87;1
88;0
89;2
90;0
91;0
92;0
93;0
94;2
95;2
96;0
97;0
98;0
99;0
100;0
101;2
102;1
103;0
104;0
105;2
106;1
107;0
108;0
109;0
110;0
111;2
112;0
113;2
114;0
115;0
116;0
117;0
118;0
119;1
120;0
121;2
122;1
123;0
124;1
125;0
126;0
127;0
128;0
129;0
130;0
131;0
132;0
133;0
134;0
135;0
136;0
137;0
138;0
139;1
140;0
141;1
142;0
143;0
144;0
145;2
146;0
147;0
148;0
149;0
150;2
151;0
152;0
153;0
154;0
155;2
156;0
157;0
158;0
159;2
160;0
161;0
162;0
163;0
164;0
165;2
166;0
167;0
168;0
169;0
170;2
171;0
172;2
173;0
174;0
175;0
176;1
177;0
178;1
179;0
180;0
181;0
182;1
183;0
184;1
185;0
186;2
187;2
188;1
189;1
190;0
191;0
192;1
193;0
194;0
195;1
196;0
197;0
198;0
199;0
200;2
201;0
202;0
203;0
204;2
205;1
206;2
207;0
208;0
209;0
210;0
211;0
212;0
213;0
214;0
215;0
216;2
217;0
218;2
219;0
220;2
221;0
222;0
223;0
224;1
225;0
226;0
227;1
228;1
229;0
230;1
231;0
232;1
233;0
234;0
235;0
236;0
237;0
238;0
239;0
240;0
241;0
242;0
243;0
244;2
245;2
246;0
247;0
248;1
249;1
250;0
251;2
252;0
253;0
254;1
255;0
256;0
257;0
258;1
259;0
260;0
261;2
262;0
263;0
264;1
265;0
266;0
267;0
268;2
269;0
270;2
271;2
272;2
273;0
274;0
275;0
276;0
277;0
278;0
279;0
280;2
281;0
282;0
283;1
284;0
285;0
286;0
287;0
288;0
289;0
290;0
291;0
292;1
293;0
294;2
295;0
296;0
297;1
298;0
299;0
300;0
301;0
302;0
303;0
304;0
305;0
306;2
307;2
308;0
309;2
310;1
311;0
312;0
313;0
314;0
315;0
316;1
317;0
318;0
319;2
320;0
321;0
322;0
323;1
324;0
325;0
326;0
327;0
328;0
329;0
330;0
331;0
332;0
333;0
334;1
335;0
336;2
337;0
338;0
339;0
340;0
341;0
342;2
343;1
344;1
345;0
346;0
347;0
348;0
349;0
350;0
351;0
352;0
353;0
354;0
355;1
356;0
357;2
358;0
359;0
360;0
361;0
362;0
363;2
364;0
365;0
366;0
367;1
368;0
369;0
370;0
371;0
372;0
373;2
374;2
375;0
376;0
377;0
378;2
379;0
380;0
381;2
382;0
383;0
384;0
385;0
386;1
387;0
388;0
389;0
390;0
391;2
392;1
393;0
394;0
395;0
396;2
397;0
398;0
399;0
400;2
401;1
402;0
403;2
404;0
405;0
406;0
407;0
408;0
409;0
410;0
411;0
412;0
413;1
414;0
415;0
416;0
417;0
418;0
419;0
420;2
421;0
422;0
423;0
424;1
425;0
426;0
427;0
428;0
429;0
430;0
431;1
432;0
433;0
434;0
435;0
436;1
437;0
438;0
439;0
440;1
441;0
442;0
443;0
444;1
445;1
446;0
447;2
448;0
449;0
450;2
451;2
452;0
453;0
454;0
455;0
456;0
457;0
458;0
459;0
460;0
461;1
462;0
463;0
464;1
465;0
466;2
467;1
468;0
469;0
470;0
471;0
472;0
473;0
474;0
475;1
476;0
477;0
478;0
479;1
480;0
481;0
482;0
483;0
484;0
485;0
486;2
487;0
488;0
489;0
490;2
491;0
492;0
493;0
494;0
495;0
496;0
497;2
498;0
499;0
500;0
501;0
502;0
503;0
504;2
505;2
506;0
507;0
508;2
509;0
510;0
511;0
512;0
513;2
514;1
515;0
516;1
517;0
518;0
519;0
520;0
521;1
522;2
523;0
524;1
525;0
526;2
527;0
528;0
529;0
530;1
531;0
532;2
533;0
534;0
535;0
536;0
537;0
538;0
539;0
540;0
541;0
542;0
543;0
544;1
545;2
546;0
547;0
548;0
549;0
550;0
551;0
552;0
553;0
554;0
555;0
556;0
557;0
558;0
559;0
560;0
561;0
562;0
563;2
564;0
565;0
566;0
567;0
568;0
569;0
570;0
571;0
572;0
573;0
574;0
575;0
576;0
577;0
578;0
579;0
580;0
581;0
582;0
583;0
584;0
585;0
586;0
587;0
588;0
589;0
590;0
591;0
592;0
593;0
594;2
595;2
596;0
597;1
598;0
599;0
600;0
601;0
602;1
603;0
604;0
605;0
606;2
607;0
608;0
609;0
610;0
611;0
612;0
613;0
614;0
615;0
616;0
617;2
618;0
619;1
620;0
621;0
622;0
623;2
624;2
625;0
626;0
627;0
628;0
629;0
630;0
631;0
632;2
633;0
634;0
635;0
636;1
637;1
638;2
639;0
640;0
641;1
642;0
643;0
644;0
645;0
646;0
647;0
648;2
649;0
650;2
651;2
652;0
653;0
654;2
655;1
656;0
657;0
658;2
659;0
660;0
661;1
662;0
663;0
664;0
665;0
666;0
667;0
668;0
669;0
670;0
671;1
672;0
673;0
674;0
675;2
676;0
677;2
678;2
679;0
680;0
681;0
682;1
683;0
684;1
685;0
686;2
687;0
688;0
689;0
690;2
691;0
692;0
693;1
694;2
695;0
696;0
697;0
698;1
699;0
700;0
701;0
702;0
703;0
704;2
705;0
706;0
707;2
708;1
709;0
710;0
711;0
712;0
713;2
714;1
715;0
716;0
717;1
718;0
719;1
720;0
721;0
722;1
723;0
724;0
725;1
726;0
727;0
728;1
729;0
730;0
731;0
732;0
733;0
734;0
735;0
736;1
737;0
738;0
739;2
740;0
741;0
742;0
743;2
744;2
745;2
746;0
747;0
748;0
749;1
750;0
751;1
752;0
753;0
754;0
755;0
756;0
757;0
758;1
759;0
760;0
761;2
762;0
763;0
764;2
765;1
766;0
767;0
768;0
769;1
770;1
771;0
772;0
773;0
774;1
775;0
776;0
777;1
778;1
779;1
780;0
781;0
782;1
783;0
784;0
785;0
786;0
787;0
788;0
789;0
790;0
791;1
792;0
793;1
794;0
795;2
796;0
797;1
798;1
799;2
800;2
801;0
802;0
803;2
804;0
805;0
806;0
807;0
808;0
809;0
810;0
811;0
812;1
813;0
814;2
815;2
816;2
817;1
818;0
819;1
820;0
821;0
822;0
823;0
824;0
825;2
826;0
827;0
828;0
829;0
830;0
831;2
832;0
833;0
834;0
835;0
836;2
837;0
838;1
839;0
840;2
841;2
842;0
843;1
844;0
845;0
846;1
847;0
848;0
849;0
850;1
851;0
852;2
853;0
854;2
855;0
856;0
857;0
858;0
859;0
860;0
861;0
862;2
863;0
864;0
865;0
866;2
867;2
868;0
869;0
870;0
871;0
872;0
873;2
874;2
875;2
876;2
877;0
878;0
879;0
880;2
881;0
882;0
883;0
884;2
885;0
886;2
887;0
888;0
889;1
890;1
891;1
892;0
893;0
894;1
895;0
896;1
897;2
898;0
899;0
900;0
901;0
902;0
903;1
904;0
905;0
906;0
907;0
908;0
909;0
910;0
911;0
912;0
913;0
914;0
915;0
916;0
917;0
918;0
919;0
920;2
921;0
922;0
923;0
924;0
925;0
926;0
927;0
928;0
929;0
930;0
931;0
932;0
933;0
934;0
935;0
936;0
937;0
938;2
939;0
940;0
941;0
942;2
943;2
944;0
945;0
946;0
947;0
948;2
949;0
950;1
951;0
952;0
953;2
954;2
955;0
956;0
957;0
958;0
959;0
960;0
961;0
962;0
963;0
964;0
965;1
966;0
967;0
968;0
969;0
970;0
971;2
972;2
973;0
974;0
975;2
976;0
977;1
978;1
979;2
980;1
981;0
982;0
983;0
984;0
985;0
986;0
987;0
988;2
989;0
990;0
991;0
992;2
993;0
994;0
995;1
996;0
997;2
998;1
999;0
1000;2
1001;0
1002;0
1003;0
1004;0
1005;0
1006;1
1007;0
1008;2
1009;0
1010;0
1011;1
1012;1
1013;0
1014;0
1015;0
1016;0
1017;0
1018;0
1019;0
1020;0
1021;0
1022;0
1023;0
