0;2
1;0
2;0
3;0
4;4
5;0
6;2
7;2
8;2
9;0
10;2
11;0
12;2
13;2
14;0
15;2
16;0
17;0
18;0
19;0
20;0
21;2
22;0
23;0
24;0
25;0
26;0
27;0
28;0
29;0
30;0
31;0
32;0
33;0
34;1
35;0
36;0
37;0
38;0
39;0
40;1
41;0
42;0
43;0
44;1
45;0
46;0
47;2
48;0
49;0
50;2
51;0
52;1
53;1
54;0
55;2
56;0
57;0
58;0
59;0
60;0
61;1
62;2
63;0
64;0
65;0
66;0
67;0
68;0
69;0
70;2
71;0
72;1
73;0
74;0
75;2
76;2
77;0
78;0
79;0
80;1
81;2
82;1
83;2
84;0
85;2
86;1
87;0
88;0
89;0
90;1
91;0
92;0
93;0
94;2
95;2
96;2
97;0
98;0
99;0
100;0
101;0
102;0
103;0
104;0
105;0
106;0
107;2
108;0
109;0
110;1
111;0
112;2
113;0
114;0
115;0
116;0
117;0
118;0
119;0
120;0
121;0
122;1
123;0
124;0
125;0
126;0
127;0
128;0
129;1
130;0
131;0
132;0
133;0
134;0
135;0
136;2
137;0
138;0
139;0
140;0
141;1
142;0
143;2
144;2
145;2
146;1
147;1
148;1
149;0
150;2
151;2
152;1
153;0
154;0
155;2
156;2
157;0
158;2
159;1
160;0
161;0
162;2
163;0
164;2
165;0
166;0
167;0
168;0
169;2
170;1
171;0
172;0
173;0
174;0
175;0
176;1
177;2
178;0
179;0
180;0
181;2
182;1
183;0
184;0
185;0
186;0
187;0
188;0
189;0
190;0
191;0
192;0
193;1
194;0
195;1
196;1
197;0
198;0
199;2
200;0
201;0
202;0
203;0
204;0
205;2
206;0
207;0
208;1
209;0
210;0
211;0
212;0
213;0
214;0
215;0
216;2
217;1
218;0
219;0
220;2
221;0
222;0
223;0
224;0
225;0
226;2
227;0
228;2
229;0
230;2
231;2
232;1
233;0
234;0
235;0
236;0
237;0
238;2
239;0
240;2
241;0
242;2
243;0
244;4
245;0
246;1
247;0
248;0
249;0
250;0
251;0
252;2
253;0
254;0
255;0
256;2
257;0
258;0
259;2
260;1
261;0
262;2
263;0
264;2
265;0
266;0
267;0
268;1
269;0
270;1
271;0
272;0
273;0
274;1
275;2
276;2
277;2
278;0
279;2
280;0
281;1
282;0
283;0
284;0
285;0
286;0
287;1
288;1
289;0
290;2
291;0
292;0
293;0
294;0
295;0
296;1
297;0
298;2
299;2
300;0
301;2
302;0
303;2
304;0
305;0
306;0
307;0
308;2
309;0
310;2
311;0
312;0
313;2
314;2
315;2
316;2
317;2
318;0
319;0
320;2
321;0
322;0
323;0
324;0
325;0
326;2
327;0
328;0
329;0
330;0
331;0
332;0
333;0
334;0
335;0
336;0
337;0
338;0
339;0
340;0
341;1
342;0
343;0
344;0
345;2
346;0
347;0
348;0
349;0
350;1
351;0
352;0
353;0
354;0
355;0
356;2
357;2
358;2
359;0
360;0
361;2
362;0
363;0
364;0
365;0
366;0
367;0
368;0
369;0
370;0
371;0
372;2
373;1
374;2
375;0
376;1
377;0
378;0
379;0
380;1
381;0
382;0
383;0
384;1
385;0
386;0
387;0
388;0
389;2
390;0
391;0
392;0
393;1
394;2
395;0
396;0
397;0
398;2
399;2
400;1
401;0
402;0
403;2
404;2
405;2
406;2
407;1
408;0
409;0
410;0
411;0
412;1
413;1
414;1
415;2
416;0
417;2
418;1
419;0
420;2
421;2
422;2
423;2
424;2
425;0
426;0
427;0
428;0
429;0
430;0
431;0
432;2
433;2
434;0
435;0
436;2
437;0
438;1
439;2
440;0
441;0
442;0
443;0
444;2
445;0
446;1
447;0
448;0
449;2
450;0
451;2
452;1
453;0
454;0
455;0
456;0
457;0
458;0
459;2
460;0
461;1
462;0
463;2
464;1
465;0
466;0
467;0
468;0
469;0
470;0
471;0
472;2
473;2
474;0
475;0
476;2
477;2
478;2
479;0
480;0
481;0
482;1
483;0
484;1
485;0
486;0
487;0
488;2
489;2
490;0
491;0
492;2
493;0
494;2
495;0
496;0
497;0
498;2
499;0
500;0
501;0
502;0
503;0
504;2
505;2
506;2
507;1
508;0
509;0
510;0
511;0
512;0
513;1
514;0
515;0
516;0
517;0
518;0
519;2
520;4
521;0
522;0
523;0
524;2
525;0
526;0
527;0
528;1
529;0
530;1
531;0
532;0
533;0
534;0
535;0
536;0
537;1
538;0
539;1
540;0
541;0
542;0
543;0
544;0
545;1
546;0
547;2
548;2
549;0
550;0
551;0
552;0
553;0
554;0
555;0
556;0
557;0
558;0
559;1
560;0
561;1
562;0
563;0
564;0
565;0
566;1
567;0
568;0
569;1
570;2
571;0
572;0
573;2
574;2
575;2
576;2
577;0
578;0
579;2
580;0
581;0
582;2
583;1
584;0
585;2
586;2
587;0
588;0
589;0
590;0
591;0
592;0
593;2
594;1
595;2
596;0
597;0
598;2
599;0
600;2
601;0
602;0
603;0
604;0
605;0
606;2
607;0
608;0
609;0
610;0
611;0
612;2
613;1
614;0
615;1
616;0
617;0
618;0
619;0
620;1
621;0
622;1
623;0
624;0
625;0
626;0
627;0
628;0
629;0
630;2
631;0
632;1
633;0
634;2
635;0
636;2
637;0
638;0
639;0
640;1
641;2
642;0
643;0
644;0
645;1
646;0
647;0
648;1
649;0
650;0
651;0
652;0
653;0
654;1
655;0
656;2
657;0
658;0
659;0
660;0
661;2
662;0
663;2
664;0
665;0
666;0
667;2
668;0
669;0
670;0
671;2
672;0
673;0
674;0
675;0
676;0
677;0
678;1
679;0
680;2
681;2
682;0
683;0
684;0
685;0
686;0
687;0
688;0
689;0
690;0
691;0
692;0
693;2
694;0
695;0
696;1
697;0
698;0
699;0
700;0
701;0
702;0
703;0
704;1
705;1
706;0
707;0
708;0
709;1
710;0
711;0
712;0
713;0
714;2
715;0
716;0
717;0
718;0
719;0
720;0
721;2
722;0
723;0
724;1
725;0
726;0
727;0
728;1
729;0
730;0
731;0
732;1
733;0
734;0
735;0
736;0
737;0
738;1
739;0
740;2
741;2
742;0
743;2
744;0
745;0
746;0
747;0
748;0
749;0
750;0
751;0
752;0
753;0
754;0
755;0
756;0
757;0
758;0
759;2
760;2
761;0
762;0
763;0
764;0
765;1
766;0
767;0
768;0
769;0
770;0
771;0
772;1
773;0
774;0
775;1
776;0
777;0
778;0
779;0
780;0
781;0
782;2
783;1
784;0
785;0
786;0
787;0
788;2
789;2
790;0
791;0
792;0
793;0
794;0
795;0
796;2
797;0
798;0
799;2
800;1
801;0
802;0
803;0
804;2
805;1
806;1
807;0
808;2
809;0
810;0
811;0
812;0
813;0
814;1
815;2
816;2
817;0
818;2
819;0
820;2
821;0
822;2
823;0
824;2
825;0
826;0
827;0
828;0
829;0
830;0
831;0
832;0
833;1
834;0
835;0
836;0
837;2
838;0
839;0
840;1
841;0
842;0
843;1
844;0
845;0
846;0
847;1
848;0
849;0
850;2
851;2
852;1
853;0
854;0
855;2
856;2
857;0
858;2
859;1
860;2
861;0
862;2
863;0
864;2
865;1
866;1
867;0
868;0
869;0
870;0
871;0
872;0
873;0
874;2
875;1
876;2
877;0
878;1
879;0
880;0
881;0
882;0
883;0
884;0
885;0
886;0
887;0
888;0
889;0
890;0
891;0
892;0
893;2
894;2
895;2
896;0
897;0
898;2
899;0
900;0
901;0
902;2
903;1
904;2
905;0
906;1
907;2
908;0
909;0
910;0
911;0
912;2
913;0
914;0
915;1
916;0
917;0
918;0
919;0
920;1
921;1
922;1
923;2
924;0
925;0
926;0
927;1
928;0
929;0
930;0
931;0
932;0
933;0
934;0
935;1
936;0
937;0
938;0
939;0
940;0
941;0
942;0
943;0
944;0
945;0
946;0
947;0
948;2
949;0
950;0
951;0
952;0
953;1
954;0
955;0
956;2
957;0
958;0
959;0
960;0
961;0
962;1
963;0
964;4
965;0
966;0
967;2
968;4
969;0
970;0
971;1
972;2
973;0
974;0
975;0
976;2
977;0
978;2
979;1
980;2
981;0
982;0
983;0
984;2
985;1
986;0
987;2
988;2
989;0
990;0
991;0
992;0
993;2
994;0
995;0
996;1
997;0
998;1
999;0
1000;2
1001;0
1002;1
1003;2
1004;0
1005;0
1006;0
1007;0
1008;0
1009;0
1010;0
1011;2
1012;0
1013;0
1014;1
1015;1
1016;0
1017;0
1018;0
1019;0
1020;0
1021;0
1022;0
1023;0
