0;2
1;0
2;0
3;0
4;2
5;0
6;2
7;2
8;2
9;0
10;2
11;2
12;2
13;0
14;1
15;0
16;0
17;2
18;2
19;0
20;0
21;1
22;0
23;0
24;0
25;0
26;2
27;2
28;2
29;0
30;0
31;0
32;2
33;0
34;0
35;2
36;2
37;2
38;0
39;2
40;1
41;0
42;0
43;0
44;1
45;0
46;0
47;0
48;0
49;0
50;0
51;0
52;2
53;0
54;0
55;0
56;0
57;0
58;1
59;0
60;2
61;0
62;0
63;0
64;0
65;2
66;0
67;2
68;0
69;0
70;2
71;1
72;1
73;0
74;0
75;0
76;0
77;2
78;2
79;0
80;0
81;0
82;0
83;0
84;2
85;0
86;2
87;0
88;0
89;0
90;0
91;1
92;1
93;0
94;0
95;0
96;2
97;0
98;2
99;0
100;1
101;1
102;1
103;0
104;2
105;0
106;1
107;0
108;0
109;0
110;1
111;0
112;0
113;0
114;0
115;0
116;0
117;0
118;0
119;0
120;0
121;0
122;1
123;1
124;2
125;0
126;0
127;0
128;1
129;1
130;0
131;0
132;0
133;0
134;2
135;0
136;2
137;2
138;0
139;0
140;0
141;1
142;0
143;0
144;0
145;1
146;0
147;0
148;0
149;2
150;0
151;0
152;0
153;0
154;0
155;0
156;2
157;0
158;0
159;0
160;2
161;1
162;0
163;0
164;0
165;0
166;0
167;0
168;0
169;0
170;2
171;0
172;0
173;1
174;1
175;1
176;2
177;0
178;0
179;0
180;2
181;0
182;0
183;0
184;0
185;2
186;2
187;0
188;0
189;2
190;2
191;2
192;2
193;0
194;0
195;2
196;0
197;0
198;0
199;1
200;0
201;1
202;0
203;0
204;1
205;0
206;2
207;0
208;2
209;0
210;0
211;0
212;0
213;2
214;0
215;0
216;1
217;2
218;1
219;0
220;0
221;0
222;0
223;0
224;0
225;0
226;0
227;0
228;2
229;0
230;1
231;2
232;1
233;0
234;0
235;0
236;2
237;0
238;0
239;0
240;0
241;0
242;0
243;0
244;2
245;0
246;0
247;1
248;0
249;2
250;2
251;2
252;0
253;0
254;0
255;0
256;2
257;0
258;0
259;0
260;0
261;0
262;0
263;0
264;0
265;0
266;0
267;0
268;0
269;2
270;0
271;0
272;1
273;0
274;0
275;0
276;2
277;0
278;0
279;0
280;0
281;0
282;0
283;0
284;1
285;1
286;0
287;2
288;0
289;0
290;1
291;0
292;0
293;0
294;0
295;0
296;2
297;0
298;2
299;0
300;0
301;2
302;2
303;0
304;0
305;1
306;0
307;1
308;0
309;0
310;0
311;2
312;2
313;1
314;1
315;0
316;0
317;1
318;0
319;1
320;0
321;0
322;0
323;0
324;2
325;1
326;0
327;1
328;0
329;0
330;0
331;0
332;0
333;0
334;0
335;0
336;2
337;0
338;0
339;0
340;0
341;2
342;2
343;2
344;0
345;0
346;2
347;0
348;0
349;2
350;0
351;1
352;0
353;0
354;0
355;0
356;0
357;0
358;0
359;0
360;2
361;0
362;2
363;0
364;0
365;0
366;1
367;0
368;2
369;2
370;1
371;0
372;2
373;0
374;0
375;0
376;1
377;0
378;0
379;2
380;0
381;0
382;0
383;0
384;0
385;0
386;2
387;0
388;2
389;0
390;0
391;0
392;0
393;0
394;0
395;0
396;0
397;1
398;0
399;2
400;1
401;0
402;0
403;0
404;0
405;2
406;1
407;1
408;0
409;1
410;0
411;2
412;1
413;0
414;2
415;2
416;0
417;0
418;0
419;2
420;2
421;0
422;2
423;2
424;0
425;0
426;2
427;0
428;2
429;1
430;2
431;2
432;1
433;0
434;0
435;0
436;1
437;0
438;1
439;2
440;0
441;0
442;0
443;0
444;0
445;0
446;2
447;0
448;2
449;2
450;0
451;0
452;1
453;2
454;0
455;0
456;1
457;0
458;0
459;0
460;1
461;0
462;1
463;2
464;2
465;2
466;2
467;0
468;2
469;0
470;0
471;0
472;0
473;0
474;0
475;2
476;2
477;0
478;2
479;0
480;0
481;0
482;0
483;2
484;1
485;2
486;0
487;0
488;0
489;0
490;2
491;2
492;1
493;2
494;2
495;0
496;1
497;0
498;1
499;0
500;1
501;2
502;0
503;0
504;2
505;1
506;1
507;0
508;2
509;2
510;1
511;0
512;4
513;1
514;0
515;4
516;0
517;2
518;2
519;2
520;2
521;2
522;2
523;1
524;0
525;0
526;2
527;0
528;0
529;1
530;0
531;0
532;0
533;0
534;0
535;2
536;0
537;0
538;0
539;0
540;0
541;1
542;0
543;0
544;0
545;0
546;2
547;0
548;0
549;0
550;2
551;0
552;0
553;0
554;0
555;0
556;0
557;1
558;0
559;1
560;0
561;2
562;0
563;0
564;0
565;0
566;0
567;0
568;0
569;0
570;0
571;0
572;0
573;0
574;0
575;2
576;2
577;2
578;2
579;1
580;0
581;0
582;0
583;0
584;2
585;0
586;0
587;0
588;0
589;0
590;0
591;0
592;0
593;0
594;0
595;0
596;1
597;0
598;2
599;2
600;2
601;0
602;1
603;0
604;2
605;0
606;0
607;2
608;0
609;0
610;0
611;0
612;0
613;1
614;0
615;0
616;0
617;0
618;0
619;0
620;0
621;0
622;0
623;0
624;2
625;0
626;0
627;0
628;0
629;0
630;0
631;0
632;0
633;0
634;0
635;0
636;0
637;2
638;0
639;0
640;2
641;0
642;2
643;0
644;2
645;0
646;0
647;2
648;4
649;0
650;0
651;0
652;0
653;2
654;2
655;2
656;2
657;0
658;0
659;0
660;0
661;0
662;0
663;0
664;1
665;0
666;0
667;1
668;2
669;1
670;0
671;0
672;2
673;0
674;2
675;2
676;0
677;1
678;0
679;0
680;0
681;1
682;0
683;0
684;2
685;0
686;2
687;0
688;2
689;0
690;2
691;0
692;1
693;2
694;1
695;2
696;2
697;1
698;0
699;0
700;2
701;1
702;0
703;0
704;0
705;0
706;0
707;2
708;0
709;2
710;0
711;0
712;1
713;0
714;0
715;0
716;0
717;2
718;0
719;2
720;2
721;1
722;0
723;0
724;1
725;0
726;0
727;0
728;0
729;0
730;1
731;0
732;2
733;0
734;0
735;0
736;2
737;2
738;0
739;0
740;0
741;0
742;1
743;0
744;0
745;0
746;2
747;0
748;0
749;0
750;2
751;2
752;1
753;0
754;0
755;2
756;0
757;0
758;2
759;2
760;0
761;0
762;0
763;0
764;0
765;2
766;0
767;0
768;1
769;0
770;0
771;0
772;0
773;1
774;0
775;0
776;1
777;0
778;2
779;0
780;1
781;0
782;2
783;1
784;1
785;2
786;2
787;0
788;1
789;0
790;1
791;0
792;1
793;0
794;2
795;1
796;0
797;0
798;0
799;0
800;0
801;2
802;2
803;2
804;0
805;1
806;0
807;0
808;0
809;0
810;0
811;0
812;0
813;0
814;0
815;2
816;1
817;0
818;2
819;0
820;1
821;0
822;0
823;0
824;0
825;1
826;0
827;2
828;0
829;0
830;2
831;0
832;0
833;0
834;0
835;2
836;0
837;0
838;0
839;0
840;0
841;0
842;0
843;0
844;0
845;1
846;0
847;0
848;0
849;0
850;0
851;1
852;0
853;0
854;0
855;0
856;2
857;0
858;0
859;2
860;0
861;2
862;2
863;0
864;0
865;1
866;0
867;0
868;0
869;0
870;0
871;0
872;0
873;0
874;1
875;0
876;0
877;0
878;0
879;2
880;2
881;0
882;0
883;0
884;2
885;2
886;2
887;2
888;2
889;1
890;0
891;0
892;0
893;0
894;0
895;0
896;0
897;2
898;2
899;2
900;2
901;0
902;0
903;0
904;1
905;0
906;0
907;2
908;1
909;0
910;2
911;2
912;2
913;2
914;0
915;0
916;0
917;1
918;0
919;0
920;0
921;0
922;2
923;0
924;1
925;1
926;0
927;1
928;0
929;0
930;0
931;0
932;0
933;1
934;0
935;0
936;2
937;0
938;0
939;0
940;0
941;1
942;0
943;2
944;0
945;0
946;1
947;0
948;0
949;1
950;0
951;0
952;2
953;0
954;0
955;0
956;0
957;0
958;0
959;0
960;0
961;0
962;2
963;1
964;0
965;0
966;0
967;0
968;0
969;0
970;0
971;0
972;2
973;0
974;0
975;0
976;2
977;0
978;2
979;0
980;2
981;0
982;0
983;0
984;0
985;0
986;0
987;0
988;0
989;0
990;2
991;0
992;0
993;2
994;0
995;1
996;0
997;0
998;2
999;1
1000;2
1001;2
1002;0
1003;2
1004;0
1005;2
1006;2
1007;1
1008;0
1009;0
1010;2
1011;0
1012;0
1013;0
1014;1
1015;0
1016;0
1017;0
1018;0
1019;0
1020;0
1021;0
1022;0
1023;0
