0;1
1;0
2;0
3;2
4;1
5;0
6;2
7;1
8;0
9;0
10;2
11;0
12;2
13;2
14;0
15;0
16;0
17;0
18;0
19;0
20;0
21;0
22;0
23;0
24;0
25;2
26;0
27;0
28;0
29;1
30;0
31;2
32;2
33;1
34;0
35;0
36;0
37;0
38;1
39;0
40;0
41;0
42;0
43;0
44;0
45;0
46;2
47;0
48;2
49;2
50;1
51;0
52;1
53;1
54;0
55;0
56;0
57;2
58;1
59;2
60;2
61;0
62;0
63;0
64;0
65;0
66;0
67;0
68;0
69;2
70;0
71;2
72;0
73;0
74;0
75;0
76;0
77;0
78;0
79;0
80;0
81;0
82;2
83;0
84;1
85;0
86;2
87;2
88;1
89;0
90;0
91;0
92;1
93;2
94;0
95;1
96;1
97;2
98;2
99;2
100;2
101;0
102;1
103;0
104;0
105;0
106;0
107;0
108;0
109;2
110;1
111;0
112;2
113;0
114;0
115;1
116;2
117;0
118;0
119;0
120;1
121;0
122;2
123;2
124;1
125;0
126;0
127;0
128;2
129;0
130;2
131;1
132;0
133;0
134;2
135;0
136;0
137;2
138;1
139;0
140;2
141;0
142;0
143;0
144;0
145;2
146;2
147;0
148;0
149;0
150;0
151;0
152;0
153;0
154;0
155;2
156;1
157;0
158;2
159;2
160;0
161;2
162;0
163;2
164;1
165;0
166;2
167;0
168;0
169;2
170;0
171;0
172;0
173;0
174;2
175;2
176;2
177;0
178;0
179;0
180;2
181;2
182;0
183;0
184;0
185;0
186;0
187;0
188;0
189;0
190;1
191;0
192;2
193;1
194;0
195;2
196;2
197;2
198;2
199;1
200;0
201;0
202;2
203;0
204;2
205;0
206;0
207;0
208;2
209;0
210;2
211;0
212;0
213;0
214;1
215;2
216;2
217;0
218;0
219;0
220;0
221;0
222;1
223;0
224;0
225;0
226;2
227;1
228;0
229;2
230;1
231;0
232;1
233;0
234;0
235;0
236;0
237;2
238;1
239;0
240;0
241;0
242;0
243;0
244;0
245;0
246;0
247;1
248;1
249;0
250;0
251;0
252;2
253;0
254;0
255;0
256;2
257;2
258;0
259;2
260;1
261;0
262;0
263;0
264;0
265;2
266;0
267;2
268;0
269;1
270;0
271;0
272;0
273;2
274;1
275;0
276;2
277;0
278;0
279;0
280;0
281;1
282;0
283;0
284;0
285;0
286;2
287;0
288;0
289;0
290;0
291;0
292;0
293;0
294;0
295;0
296;0
297;0
298;1
299;0
300;2
301;0
302;0
303;0
304;1
305;0
306;2
307;2
308;0
309;0
310;0
311;0
312;2
313;0
314;2
315;2
316;2
317;0
318;2
319;0
320;1
321;0
322;0
323;0
324;0
325;0
326;0
327;0
328;0
329;0
330;0
331;0
332;0
333;0
334;0
335;0
336;1
337;0
338;0
339;2
340;2
341;2
342;2
343;0
344;0
345;0
346;0
347;0
348;1
349;2
350;1
351;0
352;0
353;0
354;1
355;0
356;0
357;0
358;0
359;0
360;0
361;2
362;0
363;0
364;0
365;0
366;1
367;0
368;0
369;0
370;1
371;2
372;0
373;0
374;2
375;0
376;0
377;2
378;1
379;0
380;0
381;0
382;0
383;1
384;0
385;0
386;0
387;2
388;2
389;0
390;0
391;0
392;0
393;0
394;0
395;0
396;0
397;1
398;0
399;1
400;0
401;0
402;0
403;0
404;0
405;0
406;2
407;2
408;2
409;0
410;1
411;0
412;2
413;0
414;0
415;0
416;0
417;0
418;0
419;1
420;0
421;0
422;0
423;0
424;0
425;0
426;0
427;0
428;1
429;0
430;1
431;0
432;0
433;0
434;0
435;0
436;0
437;2
438;0
439;0
440;0
441;0
442;2
443;2
444;0
445;2
446;0
447;0
448;0
449;0
450;2
451;1
452;0
453;0
454;0
455;0
456;0
457;0
458;0
459;0
460;0
461;0
462;0
463;0
464;0
465;0
466;2
467;0
468;1
469;0
470;0
471;2
472;2
473;0
474;0
475;0
476;0
477;0
478;0
479;0
480;0
481;0
482;0
483;2
484;2
485;0
486;2
487;2
488;2
489;0
490;0
491;0
492;0
493;0
494;1
495;0
496;0
497;2
498;0
499;1
500;2
501;0
502;0
503;2
504;0
505;0
506;0
507;0
508;1
509;2
510;0
511;2
512;2
513;0
514;0
515;0
516;0
517;1
518;0
519;0
520;2
521;2
522;1
523;0
524;0
525;0
526;0
527;2
528;1
529;0
530;0
531;0
532;0
533;0
534;0
535;2
536;0
537;0
538;0
539;1
540;0
541;2
542;2
543;1
544;0
545;0
546;0
547;0
548;0
549;0
550;1
551;0
552;0
553;0
554;0
555;0
556;0
557;0
558;2
559;2
560;2
561;0
562;2
563;0
564;0
565;0
566;2
567;0
568;0
569;0
570;0
571;0
572;0
573;0
574;0
575;0
576;0
577;0
578;0
579;0
580;1
581;0
582;0
583;0
584;2
585;0
586;1
587;2
588;1
589;0
590;2
591;0
592;2
593;0
594;0
595;0
596;4
597;0
598;2
599;0
600;0
601;0
602;2
603;2
604;2
605;0
606;0
607;0
608;0
609;0
610;2
611;0
612;0
613;0
614;0
615;0
616;0
617;2
618;0
619;0
620;0
621;0
622;1
623;0
624;0
625;2
626;1
627;0
628;0
629;0
630;2
631;0
632;0
633;1
634;0
635;0
636;1
637;0
638;0
639;0
640;0
641;0
642;2
643;0
644;1
645;0
646;0
647;0
648;1
649;2
650;0
651;0
652;0
653;0
654;2
655;2
656;0
657;1
658;0
659;0
660;2
661;1
662;0
663;0
664;0
665;0
666;0
667;0
668;0
669;0
670;0
671;1
672;0
673;1
674;0
675;0
676;2
677;0
678;0
679;0
680;0
681;0
682;0
683;0
684;0
685;0
686;2
687;2
688;1
689;0
690;0
691;0
692;2
693;0
694;2
695;2
696;2
697;0
698;2
699;0
700;2
701;0
702;0
703;0
704;0
705;0
706;2
707;0
708;0
709;0
710;1
711;0
712;0
713;0
714;0
715;0
716;0
717;2
718;0
719;0
720;0
721;2
722;0
723;0
724;0
725;0
726;0
727;0
728;0
729;0
730;2
731;0
732;0
733;1
734;2
735;0
736;0
737;0
738;0
739;0
740;1
741;0
742;0
743;0
744;2
745;0
746;0
747;2
748;0
749;1
750;0
751;2
752;2
753;2
754;0
755;1
756;0
757;0
758;1
759;2
760;1
761;0
762;0
763;2
764;0
765;1
766;1
767;0
768;0
769;2
770;0
771;0
772;1
773;0
774;0
775;1
776;0
777;1
778;0
779;2
780;2
781;0
782;1
783;0
784;0
785;0
786;1
787;0
788;0
789;2
790;0
791;0
792;0
793;0
794;0
795;0
796;0
797;2
798;2
799;0
800;0
801;0
802;0
803;0
804;0
805;2
806;2
807;0
808;2
809;1
810;0
811;0
812;0
813;0
814;2
815;2
816;0
817;0
818;2
819;0
820;1
821;0
822;0
823;2
824;2
825;0
826;1
827;2
828;2
829;2
830;2
831;0
832;2
833;0
834;0
835;1
836;0
837;1
838;0
839;0
840;2
841;2
842;1
843;0
844;0
845;0
846;0
847;0
848;0
849;0
850;1
851;0
852;1
853;0
854;0
855;2
856;1
857;0
858;0
859;0
860;0
861;0
862;1
863;2
864;2
865;0
866;1
867;0
868;2
869;2
870;2
871;0
872;2
873;0
874;0
875;2
876;1
877;0
878;0
879;0
880;0
881;0
882;0
883;2
884;0
885;2
886;1
887;0
888;0
889;0
890;1
891;0
892;2
893;0
894;1
895;0
896;0
897;0
898;0
899;0
900;0
901;2
902;2
903;2
904;1
905;2
906;0
907;2
908;0
909;0
910;0
911;0
912;2
913;2
914;0
915;0
916;0
917;0
918;2
919;1
920;0
921;0
922;0
923;0
924;0
925;0
926;2
927;0
928;1
929;0
930;0
931;2
932;2
933;0
934;2
935;2
936;2
937;0
938;2
939;2
940;2
941;0
942;0
943;0
944;1
945;0
946;2
947;0
948;2
949;0
950;0
951;0
952;0
953;1
954;0
955;0
956;0
957;1
958;0
959;1
960;0
961;0
962;1
963;0
964;0
965;0
966;2
967;1
968;0
969;0
970;0
971;0
972;0
973;2
974;0
975;0
976;0
977;0
978;0
979;0
980;0
981;0
982;2
983;0
984;2
985;0
986;1
987;0
988;1
989;0
990;0
991;0
992;1
993;0
994;1
995;0
996;1
997;2
998;0
999;2
1000;2
1001;0
1002;2
1003;0
1004;0
1005;0
1006;0
1007;0
1008;0
1009;1
1010;0
1011;1
1012;0
1013;1
1014;0
1015;0
1016;0
1017;0
1018;0
1019;0
1020;0
1021;0
1022;0
1023;0
