0;0
1;0
2;0
3;0
4;2
5;0
6;0
7;2
8;2
9;2
10;0
11;2
12;1
13;0
14;2
15;1
16;0
17;0
18;0
19;0
20;0
21;0
22;1
23;0
24;0
25;0
26;0
27;0
28;0
29;0
30;1
31;0
32;2
33;0
34;0
35;0
36;0
37;0
38;0
39;0
40;1
41;0
42;0
43;0
44;0
45;0
46;0
47;0
48;1
49;2
50;0
51;0
52;2
53;0
54;2
55;2
56;0
57;2
58;0
59;0
60;0
61;1
62;0
63;0
64;0
65;0
66;2
67;0
68;0
69;0
70;0
71;0
72;0
73;0
74;0
75;0
76;2
77;0
78;0
79;1
80;0
81;2
82;0
83;0
84;0
85;0
86;0
87;2
88;2
89;0
90;0
91;0
92;0
93;0
94;0
95;1
96;1
97;0
98;0
99;0
100;0
101;0
102;0
103;0
104;0
105;0
106;0
107;1
108;0
109;2
110;0
111;0
112;2
113;0
114;0
115;0
116;0
117;2
118;0
119;2
120;0
121;0
122;1
123;0
124;1
125;0
126;0
127;0
128;2
129;0
130;0
131;0
132;0
133;0
134;0
135;1
136;0
137;1
138;0
139;1
140;0
141;0
142;2
143;0
144;0
145;1
146;0
147;0
148;0
149;0
150;1
151;0
152;0
153;0
154;0
155;0
156;0
157;0
158;0
159;1
160;0
161;0
162;0
163;0
164;0
165;1
166;0
167;1
168;0
169;0
170;2
171;0
172;0
173;0
174;0
175;0
176;2
177;2
178;0
179;0
180;0
181;0
182;0
183;0
184;2
185;0
186;0
187;0
188;2
189;0
190;2
191;2
192;0
193;0
194;0
195;0
196;0
197;0
198;1
199;0
200;0
201;0
202;1
203;2
204;0
205;2
206;2
207;0
208;2
209;0
210;2
211;0
212;0
213;0
214;0
215;0
216;0
217;1
218;0
219;0
220;0
221;0
222;0
223;0
224;0
225;2
226;0
227;2
228;1
229;2
230;0
231;0
232;0
233;0
234;0
235;2
236;0
237;0
238;0
239;0
240;0
241;0
242;0
243;0
244;2
245;2
246;0
247;0
248;0
249;0
250;2
251;0
252;0
253;0
254;1
255;0
256;0
257;0
258;1
259;0
260;0
261;0
262;0
263;0
264;2
265;2
266;1
267;0
268;0
269;0
270;0
271;0
272;2
273;0
274;2
275;0
276;0
277;0
278;0
279;0
280;0
281;0
282;2
283;1
284;0
285;0
286;0
287;0
288;0
289;0
290;0
291;2
292;0
293;1
294;0
295;0
296;0
297;0
298;0
299;0
300;0
301;0
302;0
303;0
304;0
305;0
306;0
307;1
308;0
309;0
310;2
311;0
312;0
313;0
314;0
315;0
316;0
317;1
318;2
319;0
320;0
321;1
322;0
323;0
324;0
325;0
326;0
327;2
328;2
329;0
330;0
331;2
332;2
333;0
334;0
335;0
336;0
337;0
338;1
339;0
340;0
341;0
342;2
343;1
344;0
345;0
346;0
347;0
348;0
349;0
350;0
351;0
352;0
353;1
354;0
355;1
356;1
357;0
358;1
359;0
360;2
361;2
362;0
363;0
364;0
365;0
366;0
367;0
368;0
369;0
370;0
371;0
372;0
373;1
374;0
375;1
376;0
377;0
378;0
379;0
380;2
381;0
382;0
383;0
384;0
385;0
386;2
387;0
388;0
389;0
390;0
391;0
392;0
393;0
394;0
395;0
396;0
397;0
398;0
399;0
400;2
401;0
402;0
403;0
404;0
405;0
406;0
407;0
408;2
409;0
410;0
411;0
412;0
413;2
414;2
415;0
416;2
417;0
418;0
419;1
420;0
421;0
422;0
423;0
424;0
425;0
426;0
427;0
428;0
429;0
430;0
431;0
432;0
433;1
434;2
435;1
436;0
437;0
438;0
439;2
440;2
441;0
442;0
443;0
444;1
445;1
446;0
447;2
448;1
449;0
450;0
451;0
452;0
453;0
454;0
455;0
456;0
457;0
458;1
459;0
460;0
461;0
462;0
463;1
464;0
465;0
466;0
467;0
468;2
469;0
470;0
471;0
472;0
473;0
474;0
475;0
476;1
477;2
478;1
479;0
480;0
481;0
482;0
483;0
484;0
485;2
486;0
487;0
488;2
489;0
490;0
491;0
492;0
493;1
494;0
495;0
496;0
497;1
498;0
499;0
500;0
501;0
502;1
503;0
504;0
505;1
506;0
507;0
508;1
509;0
510;0
511;2
512;2
513;0
514;0
515;2
516;2
517;0
518;0
519;0
520;1
521;0
522;2
523;0
524;0
525;1
526;0
527;0
528;0
529;1
530;0
531;0
532;2
533;0
534;1
535;0
536;2
537;0
538;1
539;0
540;0
541;0
542;1
543;0
544;0
545;2
546;2
547;0
548;0
549;2
550;0
551;2
552;0
553;0
554;0
555;0
556;0
557;0
558;0
559;1
560;0
561;0
562;0
563;0
564;2
565;0
566;0
567;1
568;2
569;0
570;0
571;0
572;2
573;1
574;0
575;2
576;0
577;0
578;0
579;0
580;2
581;0
582;0
583;0
584;0
585;0
586;0
587;0
588;0
589;1
590;1
591;0
592;0
593;1
594;0
595;0
596;2
597;0
598;2
599;0
600;0
601;0
602;1
603;2
604;0
605;1
606;0
607;2
608;0
609;0
610;1
611;0
612;0
613;0
614;0
615;2
616;0
617;0
618;1
619;0
620;0
621;0
622;0
623;0
624;2
625;0
626;0
627;0
628;0
629;0
630;0
631;0
632;1
633;0
634;0
635;0
636;0
637;1
638;0
639;0
640;2
641;2
642;1
643;0
644;0
645;0
646;0
647;0
648;0
649;0
650;0
651;2
652;0
653;1
654;1
655;0
656;0
657;0
658;0
659;1
660;0
661;2
662;0
663;0
664;1
665;0
666;0
667;0
668;0
669;1
670;2
671;2
672;0
673;0
674;0
675;0
676;0
677;2
678;2
679;0
680;2
681;0
682;0
683;0
684;0
685;1
686;0
687;0
688;0
689;0
690;1
691;0
692;1
693;0
694;1
695;0
696;2
697;0
698;0
699;0
700;0
701;0
702;0
703;1
704;0
705;0
706;0
707;1
708;2
709;0
710;2
711;2
712;0
713;0
714;0
715;0
716;1
717;0
718;0
719;2
720;1
721;0
722;0
723;0
724;2
725;0
726;0
727;2
728;2
729;1
730;0
731;0
732;0
733;0
734;0
735;0
736;0
737;0
738;0
739;2
740;1
741;2
742;0
743;0
744;0
745;0
746;0
747;0
748;0
749;0
750;0
751;0
752;0
753;0
754;0
755;0
756;0
757;0
758;0
759;1
760;0
761;2
762;2
763;1
764;0
765;0
766;0
767;2
768;2
769;0
770;1
771;2
772;0
773;0
774;0
775;0
776;1
777;1
778;0
779;0
780;0
781;0
782;0
783;0
784;1
785;2
786;0
787;1
788;0
789;2
790;0
791;2
792;1
793;0
794;0
795;0
796;0
797;0
798;0
799;2
800;0
801;2
802;0
803;1
804;1
805;0
806;0
807;0
808;2
809;2
810;1
811;0
812;0
813;0
814;0
815;2
816;1
817;0
818;2
819;0
820;0
821;0
822;0
823;0
824;0
825;0
826;2
827;0
828;0
829;0
830;2
831;0
832;2
833;2
834;2
835;0
836;0
837;0
838;1
839;0
840;0
841;0
842;0
843;0
844;0
845;0
846;2
847;1
848;0
849;0
850;0
851;0
852;2
853;2
854;2
855;0
856;0
857;2
858;1
859;0
860;0
861;0
862;0
863;0
864;0
865;1
866;1
867;0
868;1
869;0
870;0
871;0
872;0
873;0
874;0
875;0
876;0
877;2
878;0
879;0
880;0
881;0
882;1
883;0
884;0
885;0
886;1
887;0
888;0
889;0
890;0
891;1
892;0
893;2
894;0
895;1
896;0
897;0
898;1
899;2
900;1
901;0
902;0
903;0
904;0
905;0
906;0
907;0
908;0
909;0
910;0
911;0
912;0
913;0
914;1
915;0
916;0
917;0
918;0
919;2
920;0
921;2
922;2
923;0
924;0
925;2
926;0
927;0
928;0
929;2
930;0
931;1
932;0
933;0
934;0
935;0
936;0
937;0
938;0
939;0
940;2
941;0
942;0
943;0
944;2
945;0
946;1
947;2
948;1
949;1
950;1
951;0
952;0
953;0
954;2
955;0
956;0
957;0
958;0
959;0
960;0
961;0
962;1
963;1
964;0
965;0
966;1
967;0
968;0
969;2
970;0
971;0
972;0
973;0
974;0
975;0
976;0
977;0
978;0
979;0
980;0
981;0
982;0
983;0
984;0
985;1
986;0
987;0
988;1
989;1
990;0
991;0
992;1
993;0
994;0
995;0
996;0
997;0
998;2
999;0
1000;0
1001;0
1002;1
1003;2
1004;0
1005;0
1006;0
1007;0
1008;2
1009;0
1010;0
1011;0
1012;1
1013;0
1014;1
1015;0
1016;0
1017;0
1018;0
1019;0
1020;0
1021;0
1022;0
1023;0
