0;0
1;0
2;0
3;2
4;2
5;0
6;0
7;1
8;0
9;0
10;2
11;0
12;0
13;0
14;0
15;0
16;0
17;0
18;1
19;0
20;1
21;0
22;0
23;0
24;1
25;1
26;0
27;2
28;4
29;0
30;1
31;0
32;2
33;0
34;0
35;0
36;1
37;0
38;2
39;2
40;1
41;0
42;0
43;2
44;2
45;0
46;2
47;0
48;2
49;0
50;0
51;2
52;2
53;2
54;0
55;2
56;0
57;0
58;0
59;0
60;0
61;0
62;0
63;0
64;0
65;0
66;2
67;1
68;0
69;0
70;0
71;0
72;0
73;0
74;0
75;0
76;2
77;0
78;0
79;2
80;0
81;0
82;1
83;0
84;1
85;0
86;0
87;0
88;1
89;2
90;0
91;1
92;1
93;0
94;0
95;0
96;2
97;0
98;0
99;0
100;0
101;0
102;0
103;0
104;0
105;0
106;0
107;2
108;0
109;0
110;1
111;0
112;1
113;0
114;1
115;0
116;0
117;0
118;2
119;1
120;0
121;2
122;1
123;0
124;0
125;0
126;1
127;0
128;0
129;0
130;2
131;0
132;1
133;0
134;2
135;0
136;2
137;0
138;0
139;0
140;2
141;0
142;0
143;0
144;0
145;0
146;1
147;0
148;1
149;0
150;2
151;0
152;2
153;0
154;2
155;0
156;0
157;0
158;0
159;2
160;0
161;0
162;0
163;0
164;0
165;0
166;1
167;0
168;2
169;0
170;0
171;0
172;0
173;0
174;2
175;0
176;1
177;0
178;0
179;0
180;0
181;0
182;0
183;0
184;2
185;1
186;1
187;1
188;2
189;0
190;0
191;0
192;1
193;0
194;0
195;0
196;0
197;2
198;2
199;0
200;0
201;2
202;2
203;0
204;2
205;0
206;0
207;2
208;0
209;0
210;0
211;0
212;0
213;0
214;0
215;1
216;0
217;0
218;2
219;0
220;1
221;0
222;0
223;0
224;0
225;1
226;0
227;0
228;0
229;2
230;1
231;0
232;0
233;0
234;0
235;0
236;0
237;0
238;0
239;0
240;2
241;0
242;2
243;0
244;1
245;0
246;0
247;0
248;2
249;0
250;0
251;0
252;0
253;0
254;0
255;0
256;2
257;0
258;0
259;1
260;0
261;0
262;1
263;0
264;0
265;0
266;1
267;0
268;2
269;0
270;1
271;0
272;2
273;0
274;0
275;0
276;1
277;0
278;0
279;0
280;0
281;0
282;0
283;0
284;2
285;0
286;1
287;2
288;2
289;0
290;0
291;0
292;2
293;0
294;2
295;1
296;0
297;0
298;0
299;0
300;2
301;0
302;2
303;0
304;0
305;0
306;0
307;2
308;1
309;0
310;0
311;2
312;0
313;0
314;1
315;0
316;0
317;0
318;2
319;1
320;2
321;0
322;2
323;0
324;0
325;2
326;0
327;0
328;0
329;0
330;0
331;0
332;0
333;0
334;2
335;2
336;2
337;1
338;1
339;2
340;0
341;2
342;2
343;1
344;2
345;0
346;0
347;0
348;2
349;1
350;0
351;2
352;1
353;1
354;0
355;0
356;0
357;0
358;0
359;0
360;2
361;2
362;0
363;0
364;0
365;2
366;0
367;2
368;0
369;0
370;2
371;0
372;2
373;2
374;0
375;1
376;0
377;0
378;0
379;0
380;0
381;0
382;0
383;0
384;2
385;0
386;1
387;1
388;0
389;1
390;0
391;0
392;2
393;1
394;0
395;2
396;0
397;0
398;0
399;2
400;1
401;1
402;0
403;0
404;2
405;0
406;1
407;0
408;0
409;2
410;1
411;0
412;0
413;0
414;0
415;0
416;0
417;0
418;0
419;0
420;0
421;0
422;2
423;2
424;1
425;2
426;0
427;0
428;0
429;2
430;1
431;1
432;0
433;1
434;0
435;2
436;2
437;0
438;1
439;0
440;0
441;2
442;0
443;1
444;0
445;0
446;1
447;2
448;2
449;0
450;0
451;0
452;1
453;0
454;1
455;0
456;0
457;0
458;1
459;0
460;2
461;2
462;1
463;0
464;0
465;2
466;1
467;2
468;2
469;2
470;0
471;0
472;2
473;0
474;2
475;0
476;0
477;0
478;0
479;0
480;0
481;2
482;2
483;0
484;2
485;0
486;0
487;2
488;0
489;1
490;0
491;2
492;1
493;0
494;2
495;0
496;0
497;0
498;2
499;0
500;1
501;2
502;0
503;0
504;2
505;2
506;2
507;0
508;0
509;2
510;0
511;0
512;1
513;0
514;1
515;1
516;0
517;0
518;0
519;0
520;0
521;2
522;2
523;0
524;2
525;2
526;1
527;0
528;0
529;2
530;1
531;1
532;2
533;2
534;2
535;1
536;1
537;1
538;2
539;0
540;0
541;0
542;0
543;0
544;2
545;1
546;0
547;1
548;0
549;0
550;0
551;0
552;0
553;0
554;0
555;0
556;0
557;1
558;0
559;0
560;2
561;2
562;1
563;0
564;2
565;0
566;1
567;0
568;1
569;0
570;2
571;1
572;1
573;0
574;0
575;2
576;2
577;2
578;2
579;2
580;2
581;0
582;0
583;0
584;2
585;0
586;0
587;0
588;2
589;1
590;0
591;0
592;2
593;1
594;0
595;2
596;2
597;0
598;0
599;0
600;1
601;1
602;0
603;1
604;0
605;1
606;0
607;0
608;0
609;2
610;0
611;0
612;2
613;1
614;0
615;0
616;2
617;0
618;0
619;0
620;2
621;0
622;1
623;2
624;0
625;0
626;1
627;0
628;0
629;1
630;0
631;0
632;0
633;0
634;1
635;0
636;2
637;0
638;0
639;0
640;2
641;2
642;1
643;0
644;0
645;0
646;0
647;2
648;2
649;0
650;2
651;2
652;2
653;0
654;2
655;0
656;2
657;0
658;0
659;0
660;0
661;0
662;0
663;0
664;1
665;0
666;0
667;0
668;1
669;0
670;1
671;0
672;2
673;1
674;0
675;0
676;2
677;0
678;2
679;0
680;0
681;2
682;2
683;2
684;2
685;0
686;0
687;1
688;0
689;0
690;0
691;0
692;1
693;0
694;0
695;1
696;2
697;0
698;2
699;0
700;2
701;0
702;2
703;2
704;0
705;0
706;0
707;2
708;2
709;0
710;1
711;0
712;4
713;0
714;1
715;0
716;0
717;0
718;1
719;2
720;1
721;0
722;1
723;0
724;0
725;0
726;2
727;2
728;2
729;0
730;2
731;0
732;0
733;0
734;0
735;2
736;0
737;2
738;1
739;0
740;0
741;0
742;0
743;0
744;0
745;0
746;2
747;2
748;2
749;2
750;2
751;0
752;0
753;0
754;0
755;0
756;0
757;0
758;0
759;0
760;0
761;0
762;0
763;0
764;0
765;2
766;0
767;2
768;0
769;0
770;0
771;0
772;0
773;0
774;0
775;0
776;0
777;0
778;0
779;1
780;0
781;0
782;0
783;2
784;0
785;0
786;0
787;0
788;0
789;0
790;0
791;0
792;2
793;0
794;0
795;2
796;4
797;0
798;2
799;1
800;0
801;0
802;2
803;0
804;2
805;0
806;0
807;0
808;0
809;0
810;0
811;0
812;1
813;0
814;2
815;1
816;0
817;0
818;1
819;0
820;1
821;0
822;0
823;0
824;1
825;0
826;2
827;2
828;2
829;0
830;0
831;0
832;0
833;0
834;2
835;0
836;2
837;0
838;1
839;0
840;1
841;0
842;0
843;2
844;2
845;0
846;2
847;0
848;1
849;0
850;0
851;0
852;1
853;0
854;0
855;0
856;0
857;2
858;0
859;2
860;0
861;0
862;2
863;2
864;0
865;0
866;0
867;2
868;2
869;0
870;1
871;2
872;0
873;0
874;0
875;0
876;0
877;0
878;0
879;2
880;1
881;0
882;2
883;2
884;0
885;0
886;1
887;0
888;0
889;0
890;0
891;0
892;1
893;0
894;2
895;0
896;0
897;0
898;2
899;0
900;4
901;1
902;0
903;2
904;2
905;0
906;0
907;0
908;1
909;0
910;0
911;0
912;0
913;0
914;0
915;0
916;0
917;2
918;1
919;1
920;1
921;0
922;0
923;2
924;1
925;0
926;2
927;2
928;2
929;2
930;2
931;1
932;1
933;1
934;0
935;0
936;0
937;0
938;2
939;0
940;1
941;1
942;0
943;0
944;1
945;0
946;1
947;0
948;0
949;2
950;2
951;2
952;2
953;0
954;0
955;0
956;0
957;0
958;0
959;0
960;2
961;2
962;0
963;0
964;0
965;0
966;0
967;0
968;0
969;0
970;0
971;0
972;0
973;0
974;0
975;0
976;0
977;0
978;0
979;2
980;2
981;0
982;1
983;0
984;0
985;0
986;0
987;0
988;1
989;2
990;2
991;0
992;2
993;0
994;0
995;0
996;2
997;1
998;0
999;2
1000;0
1001;0
1002;0
1003;1
1004;2
1005;0
1006;2
1007;0
1008;0
1009;2
1010;0
1011;2
1012;0
1013;1
1014;1
1015;0
1016;0
1017;0
1018;0
1019;0
1020;0
1021;0
1022;0
1023;0
