0;0
1;1
2;0
3;0
4;0
5;0
6;1
7;0
8;0
9;0
10;0
11;0
12;0
13;0
14;0
15;1
16;0
17;0
18;0
19;2
20;0
21;0
22;0
23;0
24;0
25;2
26;0
27;1
28;0
29;0
30;1
31;0
32;0
33;1
34;0
35;0
36;2
37;0
38;0
39;0
40;2
41;0
42;0
43;0
44;0
45;0
46;1
47;0
48;0
49;0
50;0
51;0
52;0
53;2
54;0
55;0
56;1
57;0
58;0
59;2
60;2
61;0
62;0
63;2
64;0
65;0
66;2
67;2
68;0
69;0
70;0
71;0
72;0
73;0
74;0
75;0
76;0
77;0
78;0
79;0
80;0
81;1
82;0
83;2
84;0
85;2
86;0
87;0
88;0
89;0
90;0
91;0
92;2
93;0
94;2
95;2
96;1
97;0
98;0
99;0
100;0
101;0
102;0
103;0
104;0
105;2
106;0
107;0
108;2
109;0
110;0
111;0
112;0
113;0
114;0
115;0
116;0
117;0
118;0
119;0
120;0
121;0
122;1
123;0
124;2
125;1
126;1
127;1
128;0
129;0
130;2
131;2
132;2
133;0
134;0
135;0
136;2
137;2
138;0
139;0
140;0
141;2
142;0
143;2
144;1
145;0
146;0
147;1
148;1
149;0
150;1
151;0
152;0
153;0
154;0
155;0
156;0
157;0
158;1
159;0
160;0
161;0
162;2
163;0
164;0
165;0
166;0
167;0
168;0
169;0
170;1
171;1
172;0
173;0
174;1
175;2
176;0
177;0
178;1
179;0
180;0
181;0
182;1
183;0
184;1
185;0
186;2
187;2
188;1
189;1
190;0
191;0
192;1
193;0
194;0
195;0
196;1
197;0
198;0
199;2
200;1
201;2
202;0
203;0
204;0
205;0
206;0
207;0
208;0
209;0
210;0
211;0
212;0
213;0
214;0
215;0
216;0
217;0
218;0
219;0
220;0
221;2
222;0
223;0
224;0
225;0
226;1
227;0
228;0
229;0
230;0
231;2
232;0
233;0
234;0
235;0
236;1
237;0
238;0
239;0
240;2
241;0
242;2
243;0
244;2
245;2
246;0
247;0
248;2
249;0
250;1
251;0
252;0
253;0
254;1
255;0
256;0
257;0
258;0
259;1
260;2
261;0
262;0
263;0
264;0
265;1
266;0
267;1
268;0
269;2
270;2
271;0
272;0
273;0
274;0
275;2
276;0
277;0
278;0
279;1
280;0
281;0
282;0
283;0
284;0
285;0
286;0
287;0
288;0
289;0
290;0
291;0
292;0
293;0
294;2
295;0
296;0
297;1
298;0
299;0
300;0
301;0
302;0
303;2
304;1
305;0
306;2
307;1
308;0
309;0
310;0
311;0
312;2
313;0
314;0
315;0
316;2
317;2
318;2
319;0
320;0
321;0
322;0
323;0
324;0
325;0
326;0
327;2
328;0
329;0
330;0
331;2
332;0
333;0
334;0
335;0
336;0
337;2
338;0
339;0
340;1
341;0
342;0
343;0
344;2
345;2
346;0
347;1
348;0
349;0
350;0
351;2
352;0
353;1
354;0
355;1
356;0
357;0
358;0
359;0
360;0
361;0
362;0
363;0
364;0
365;0
366;0
367;0
368;0
369;2
370;0
371;0
372;0
373;0
374;1
375;1
376;0
377;0
378;0
379;0
380;0
381;0
382;0
383;0
384;0
385;0
386;0
387;0
388;0
389;0
390;2
391;0
392;0
393;0
394;0
395;0
396;2
397;0
398;0
399;0
400;2
401;1
402;0
403;2
404;0
405;0
406;0
407;0
408;0
409;0
410;0
411;0
412;0
413;0
414;1
415;0
416;2
417;0
418;2
419;0
420;0
421;0
422;1
423;2
424;0
425;1
426;0
427;1
428;0
429;2
430;0
431;2
432;0
433;1
434;0
435;0
436;0
437;0
438;0
439;0
440;0
441;0
442;0
443;2
444;0
445;0
446;0
447;0
448;0
449;2
450;0
451;0
452;0
453;2
454;0
455;1
456;0
457;0
458;0
459;1
460;0
461;0
462;0
463;0
464;2
465;0
466;0
467;0
468;0
469;1
470;1
471;0
472;0
473;0
474;0
475;2
476;1
477;0
478;2
479;0
480;0
481;0
482;0
483;2
484;1
485;0
486;0
487;0
488;0
489;0
490;0
491;0
492;0
493;0
494;1
495;0
496;0
497;0
498;0
499;0
500;0
501;0
502;1
503;0
504;0
505;2
506;2
507;0
508;0
509;1
510;0
511;0
512;2
513;1
514;2
515;2
516;2
517;2
518;0
519;0
520;0
521;1
522;0
523;0
524;0
525;2
526;0
527;0
528;0
529;0
530;1
531;0
532;0
533;0
534;1
535;0
536;0
537;0
538;0
539;0
540;0
541;0
542;0
543;2
544;0
545;2
546;0
547;0
548;0
549;0
550;0
551;0
552;0
553;0
554;0
555;0
556;2
557;1
558;0
559;0
560;0
561;0
562;0
563;2
564;0
565;0
566;0
567;0
568;0
569;0
570;0
571;2
572;1
573;1
574;0
575;1
576;2
577;0
578;2
579;0
580;0
581;0
582;0
583;0
584;0
585;0
586;0
587;2
588;1
589;2
590;0
591;0
592;0
593;0
594;0
595;0
596;0
597;2
598;0
599;0
600;0
601;1
602;0
603;2
604;0
605;0
606;0
607;0
608;0
609;0
610;0
611;0
612;0
613;2
614;0
615;0
616;0
617;0
618;2
619;0
620;0
621;0
622;0
623;2
624;1
625;0
626;0
627;2
628;2
629;0
630;0
631;0
632;0
633;2
634;0
635;0
636;1
637;0
638;0
639;0
640;0
641;0
642;1
643;0
644;0
645;0
646;0
647;0
648;0
649;1
650;0
651;0
652;2
653;0
654;2
655;1
656;0
657;2
658;2
659;0
660;0
661;0
662;2
663;0
664;0
665;0
666;0
667;0
668;0
669;2
670;2
671;0
672;0
673;0
674;2
675;0
676;0
677;0
678;0
679;0
680;0
681;0
682;0
683;0
684;0
685;0
686;0
687;0
688;0
689;0
690;0
691;1
692;1
693;0
694;0
695;2
696;0
697;0
698;0
699;2
700;2
701;2
702;1
703;0
704;2
705;2
706;1
707;0
708;2
709;1
710;0
711;0
712;0
713;0
714;1
715;0
716;0
717;0
718;0
719;1
720;0
721;2
722;1
723;0
724;1
725;0
726;0
727;1
728;0
729;0
730;0
731;2
732;0
733;0
734;0
735;0
736;0
737;0
738;2
739;0
740;2
741;0
742;0
743;0
744;0
745;0
746;0
747;0
748;0
749;0
750;1
751;0
752;1
753;0
754;0
755;0
756;1
757;0
758;2
759;2
760;2
761;1
762;0
763;2
764;0
765;0
766;0
767;0
768;0
769;0
770;0
771;0
772;0
773;0
774;0
775;2
776;1
777;0
778;1
779;0
780;0
781;0
782;2
783;1
784;0
785;0
786;0
787;0
788;0
789;0
790;0
791;0
792;0
793;2
794;0
795;0
796;0
797;0
798;0
799;2
800;1
801;0
802;2
803;0
804;0
805;1
806;2
807;1
808;2
809;0
810;2
811;1
812;0
813;0
814;0
815;0
816;0
817;0
818;0
819;1
820;0
821;0
822;0
823;0
824;2
825;0
826;0
827;0
828;0
829;0
830;0
831;0
832;0
833;1
834;0
835;0
836;0
837;1
838;0
839;0
840;2
841;0
842;0
843;1
844;0
845;0
846;0
847;0
848;2
849;0
850;0
851;0
852;2
853;0
854;0
855;0
856;0
857;0
858;0
859;1
860;0
861;0
862;0
863;0
864;0
865;2
866;0
867;2
868;0
869;1
870;0
871;0
872;0
873;0
874;0
875;0
876;0
877;0
878;0
879;0
880;0
881;0
882;0
883;0
884;0
885;2
886;2
887;0
888;0
889;0
890;0
891;0
892;0
893;0
894;0
895;0
896;1
897;0
898;1
899;0
900;1
901;0
902;0
903;1
904;0
905;0
906;0
907;1
908;0
909;0
910;0
911;0
912;1
913;0
914;0
915;0
916;0
917;0
918;0
919;1
920;0
921;0
922;0
923;0
924;0
925;0
926;0
927;0
928;0
929;2
930;2
931;0
932;2
933;0
934;2
935;0
936;0
937;0
938;1
939;0
940;2
941;0
942;0
943;0
944;0
945;1
946;0
947;2
948;0
949;0
950;0
951;0
952;0
953;0
954;0
955;0
956;0
957;0
958;0
959;0
960;0
961;1
962;0
963;1
964;0
965;2
966;2
967;0
968;0
969;2
970;2
971;0
972;0
973;0
974;0
975;0
976;0
977;0
978;0
979;0
980;0
981;0
982;2
983;1
984;1
985;0
986;1
987;0
988;0
989;0
990;0
991;0
992;0
993;1
994;0
995;2
996;0
997;0
998;0
999;0
1000;0
1001;0
1002;0
1003;1
1004;0
1005;2
1006;0
1007;2
1008;0
1009;0
1010;0
1011;0
1012;0
1013;0
1014;0
1015;0
1016;0
1017;0
1018;0
1019;0
1020;0
1021;0
1022;0
1023;0
