0;1
1;0
2;0
3;1
4;2
5;0
6;2
7;1
8;0
9;0
10;2
11;0
12;1
13;0
14;0
15;0
16;0
17;0
18;0
19;0
20;1
21;1
22;0
23;0
24;0
25;1
26;2
27;2
28;2
29;0
30;0
31;0
32;0
33;0
34;0
35;0
36;2
37;2
38;0
39;2
40;0
41;0
42;0
43;0
44;1
45;0
46;0
47;0
48;0
49;0
50;0
51;2
52;2
53;0
54;1
55;0
56;2
57;0
58;2
59;1
60;2
61;0
62;0
63;0
64;0
65;0
66;0
67;2
68;1
69;0
70;1
71;1
72;1
73;2
74;0
75;0
76;1
77;0
78;0
79;0
80;1
81;0
82;0
83;0
84;2
85;0
86;0
87;0
88;0
89;0
90;0
91;0
92;0
93;0
94;0
95;0
96;2
97;0
98;0
99;1
100;0
101;0
102;1
103;0
104;0
105;0
106;1
107;0
108;0
109;0
110;0
111;0
112;0
113;0
114;1
115;0
116;1
117;0
118;0
119;2
120;2
121;0
122;2
123;2
124;0
125;0
126;0
127;0
128;2
129;0
130;0
131;0
132;0
133;0
134;1
135;0
136;0
137;0
138;0
139;0
140;2
141;0
142;0
143;0
144;0
145;0
146;0
147;0
148;0
149;2
150;0
151;0
152;2
153;2
154;0
155;0
156;0
157;2
158;0
159;2
160;0
161;2
162;0
163;0
164;0
165;0
166;1
167;0
168;0
169;0
170;0
171;2
172;2
173;2
174;2
175;0
176;0
177;0
178;0
179;0
180;0
181;2
182;0
183;0
184;1
185;0
186;1
187;1
188;0
189;0
190;0
191;0
192;1
193;0
194;0
195;0
196;0
197;0
198;2
199;2
200;0
201;2
202;1
203;0
204;1
205;0
206;0
207;0
208;0
209;0
210;0
211;0
212;0
213;0
214;0
215;2
216;1
217;0
218;2
219;0
220;2
221;0
222;0
223;0
224;0
225;0
226;0
227;0
228;2
229;1
230;0
231;0
232;2
233;2
234;0
235;0
236;1
237;0
238;1
239;0
240;0
241;0
242;2
243;2
244;1
245;0
246;0
247;2
248;2
249;0
250;2
251;2
252;2
253;0
254;2
255;0
256;0
257;1
258;1
259;0
260;1
261;0
262;0
263;0
264;0
265;0
266;0
267;0
268;2
269;0
270;0
271;1
272;2
273;0
274;2
275;0
276;0
277;0
278;1
279;1
280;2
281;0
282;0
283;0
284;0
285;0
286;0
287;0
288;0
289;2
290;0
291;0
292;2
293;2
294;2
295;2
296;1
297;0
298;0
299;0
300;2
301;0
302;0
303;1
304;2
305;0
306;0
307;0
308;1
309;0
310;2
311;2
312;0
313;1
314;1
315;0
316;0
317;0
318;1
319;0
320;0
321;2
322;2
323;0
324;0
325;2
326;2
327;2
328;0
329;0
330;0
331;0
332;0
333;0
334;2
335;2
336;0
337;1
338;1
339;0
340;0
341;2
342;1
343;0
344;1
345;2
346;0
347;0
348;2
349;0
350;2
351;2
352;2
353;0
354;0
355;0
356;1
357;0
358;0
359;0
360;1
361;0
362;0
363;0
364;0
365;0
366;0
367;2
368;0
369;0
370;1
371;0
372;2
373;2
374;0
375;1
376;0
377;0
378;0
379;0
380;0
381;1
382;0
383;0
384;1
385;2
386;1
387;1
388;0
389;2
390;0
391;0
392;1
393;0
394;2
395;2
396;0
397;0
398;0
399;2
400;2
401;0
402;0
403;0
404;0
405;0
406;2
407;0
408;2
409;2
410;0
411;0
412;0
413;0
414;0
415;2
416;2
417;0
418;1
419;0
420;0
421;0
422;0
423;0
424;0
425;0
426;1
427;0
428;0
429;0
430;0
431;0
432;2
433;2
434;2
435;2
436;2
437;0
438;0
439;0
440;0
441;1
442;0
443;0
444;0
445;2
446;2
447;0
448;0
449;0
450;0
451;0
452;0
453;2
454;1
455;0
456;1
457;0
458;1
459;2
460;2
461;0
462;0
463;0
464;1
465;0
466;2
467;2
468;0
469;0
470;0
471;0
472;2
473;2
474;2
475;2
476;0
477;1
478;1
479;2
480;1
481;0
482;0
483;0
484;1
485;0
486;0
487;0
488;0
489;1
490;1
491;0
492;0
493;2
494;2
495;0
496;2
497;0
498;0
499;0
500;0
501;0
502;0
503;0
504;2
505;0
506;0
507;0
508;2
509;0
510;2
511;0
512;0
513;0
514;1
515;0
516;0
517;0
518;0
519;2
520;0
521;2
522;2
523;0
524;1
525;0
526;1
527;0
528;2
529;0
530;0
531;0
532;2
533;1
534;0
535;0
536;2
537;2
538;0
539;0
540;1
541;0
542;0
543;1
544;0
545;0
546;0
547;0
548;0
549;2
550;2
551;1
552;0
553;1
554;0
555;0
556;0
557;1
558;0
559;1
560;0
561;0
562;0
563;0
564;0
565;0
566;0
567;0
568;0
569;1
570;0
571;0
572;2
573;2
574;1
575;0
576;2
577;0
578;0
579;0
580;1
581;0
582;0
583;0
584;1
585;2
586;1
587;0
588;1
589;0
590;0
591;2
592;2
593;0
594;0
595;0
596;0
597;0
598;1
599;0
600;0
601;2
602;0
603;0
604;0
605;0
606;0
607;0
608;0
609;0
610;0
611;1
612;2
613;0
614;0
615;0
616;0
617;0
618;0
619;0
620;0
621;0
622;0
623;0
624;2
625;2
626;2
627;2
628;2
629;0
630;1
631;0
632;2
633;0
634;0
635;2
636;0
637;0
638;0
639;0
640;0
641;1
642;0
643;2
644;0
645;0
646;0
647;0
648;0
649;0
650;0
651;0
652;2
653;0
654;0
655;0
656;2
657;0
658;0
659;0
660;2
661;0
662;2
663;0
664;0
665;2
666;0
667;1
668;0
669;0
670;1
671;0
672;0
673;1
674;0
675;0
676;1
677;0
678;0
679;0
680;1
681;0
682;0
683;2
684;2
685;2
686;0
687;2
688;2
689;0
690;2
691;0
692;2
693;2
694;0
695;1
696;0
697;0
698;0
699;2
700;0
701;0
702;0
703;0
704;0
705;0
706;0
707;1
708;2
709;0
710;2
711;0
712;2
713;0
714;2
715;2
716;0
717;2
718;2
719;1
720;0
721;0
722;0
723;0
724;0
725;0
726;0
727;0
728;0
729;0
730;0
731;0
732;0
733;2
734;1
735;0
736;1
737;2
738;0
739;0
740;2
741;1
742;2
743;0
744;0
745;0
746;2
747;0
748;0
749;0
750;0
751;0
752;0
753;0
754;0
755;2
756;0
757;0
758;1
759;0
760;0
761;1
762;2
763;0
764;1
765;0
766;0
767;0
768;0
769;2
770;1
771;0
772;0
773;0
774;0
775;0
776;2
777;2
778;0
779;0
780;0
781;0
782;0
783;0
784;0
785;0
786;0
787;0
788;0
789;2
790;2
791;0
792;2
793;0
794;0
795;2
796;1
797;1
798;0
799;0
800;0
801;0
802;0
803;0
804;0
805;0
806;0
807;0
808;0
809;0
810;0
811;0
812;0
813;0
814;2
815;1
816;0
817;0
818;0
819;0
820;0
821;0
822;0
823;0
824;1
825;0
826;0
827;2
828;2
829;0
830;0
831;0
832;0
833;0
834;2
835;0
836;2
837;0
838;0
839;0
840;0
841;2
842;1
843;0
844;2
845;0
846;0
847;1
848;0
849;0
850;2
851;2
852;1
853;0
854;2
855;0
856;0
857;0
858;0
859;1
860;1
861;0
862;2
863;1
864;0
865;1
866;0
867;2
868;0
869;0
870;0
871;0
872;0
873;0
874;0
875;0
876;0
877;1
878;0
879;2
880;1
881;0
882;2
883;0
884;0
885;0
886;0
887;0
888;0
889;0
890;0
891;2
892;2
893;2
894;2
895;2
896;2
897;0
898;2
899;0
900;2
901;0
902;0
903;2
904;2
905;0
906;0
907;1
908;0
909;0
910;0
911;0
912;1
913;2
914;2
915;0
916;0
917;0
918;2
919;0
920;1
921;0
922;0
923;2
924;1
925;0
926;2
927;1
928;0
929;2
930;0
931;0
932;0
933;1
934;0
935;0
936;0
937;0
938;0
939;0
940;0
941;1
942;0
943;1
944;0
945;0
946;0
947;0
948;0
949;2
950;2
951;1
952;0
953;0
954;0
955;0
956;0
957;0
958;2
959;2
960;2
961;2
962;0
963;0
964;0
965;0
966;0
967;1
968;0
969;0
970;0
971;0
972;0
973;0
974;0
975;0
976;1
977;0
978;0
979;2
980;1
981;0
982;0
983;0
984;0
985;2
986;0
987;2
988;2
989;0
990;0
991;2
992;1
993;0
994;2
995;1
996;0
997;0
998;0
999;0
1000;1
1001;0
1002;0
1003;0
1004;0
1005;0
1006;0
1007;2
1008;0
1009;0
1010;0
1011;0
1012;0
1013;1
1014;0
1015;1
1016;0
1017;0
1018;0
1019;0
1020;0
1021;0
1022;0
1023;0
