0;0
1;0
2;0
3;1
4;0
5;1
6;0
7;2
8;0
9;0
10;0
11;1
12;0
13;0
14;2
15;1
16;0
17;0
18;0
19;2
20;2
21;0
22;0
23;1
24;2
25;2
26;1
27;0
28;0
29;0
30;0
31;0
32;0
33;1
34;0
35;2
36;0
37;0
38;0
39;0
40;0
41;1
42;0
43;1
44;0
45;0
46;0
47;0
48;0
49;2
50;0
51;0
52;0
53;2
54;0
55;0
56;1
57;0
58;2
59;1
60;0
61;0
62;0
63;2
64;1
65;0
66;2
67;0
68;0
69;2
70;0
71;2
72;0
73;1
74;1
75;2
76;2
77;0
78;2
79;0
80;2
81;1
82;1
83;0
84;0
85;0
86;0
87;0
88;1
89;0
90;2
91;0
92;0
93;0
94;0
95;0
96;0
97;0
98;0
99;0
100;0
101;1
102;0
103;0
104;0
105;0
106;0
107;0
108;0
109;0
110;0
111;0
112;0
113;0
114;0
115;0
116;2
117;0
118;0
119;0
120;0
121;0
122;2
123;0
124;0
125;0
126;0
127;0
128;1
129;0
130;0
131;0
132;0
133;0
134;0
135;0
136;0
137;0
138;0
139;2
140;0
141;0
142;1
143;0
144;0
145;0
146;0
147;0
148;0
149;0
150;0
151;1
152;0
153;0
154;0
155;0
156;0
157;2
158;0
159;0
160;1
161;0
162;1
163;0
164;0
165;0
166;0
167;0
168;0
169;0
170;1
171;1
172;0
173;1
174;0
175;0
176;0
177;0
178;2
179;2
180;2
181;0
182;1
183;0
184;2
185;0
186;0
187;1
188;0
189;2
190;1
191;0
192;2
193;1
194;0
195;0
196;0
197;0
198;0
199;0
200;0
201;1
202;0
203;0
204;0
205;0
206;0
207;0
208;0
209;0
210;0
211;0
212;0
213;0
214;1
215;0
216;0
217;0
218;2
219;1
220;0
221;0
222;0
223;0
224;0
225;0
226;2
227;0
228;0
229;0
230;0
231;1
232;1
233;0
234;0
235;0
236;0
237;2
238;0
239;0
240;1
241;0
242;0
243;0
244;0
245;0
246;0
247;0
248;2
249;2
250;0
251;0
252;0
253;0
254;0
255;1
256;0
257;0
258;0
259;0
260;0
261;0
262;0
263;0
264;0
265;1
266;0
267;0
268;2
269;0
270;1
271;0
272;0
273;2
274;2
275;0
276;1
277;0
278;0
279;0
280;0
281;0
282;0
283;0
284;0
285;0
286;0
287;0
288;2
289;0
290;1
291;0
292;0
293;0
294;0
295;1
296;0
297;0
298;2
299;1
300;0
301;0
302;1
303;0
304;0
305;0
306;0
307;0
308;0
309;0
310;0
311;0
312;0
313;0
314;0
315;0
316;0
317;1
318;2
319;0
320;2
321;0
322;0
323;0
324;0
325;0
326;0
327;0
328;0
329;2
330;1
331;0
332;0
333;0
334;2
335;0
336;2
337;0
338;1
339;0
340;2
341;0
342;2
343;0
344;0
345;0
346;0
347;1
348;0
349;0
350;0
351;0
352;0
353;0
354;0
355;2
356;2
357;2
358;2
359;0
360;1
361;0
362;0
363;0
364;0
365;0
366;0
367;2
368;1
369;0
370;0
371;1
372;2
373;2
374;1
375;1
376;0
377;0
378;0
379;1
380;0
381;0
382;1
383;0
384;0
385;1
386;0
387;1
388;0
389;0
390;0
391;0
392;1
393;0
394;0
395;1
396;0
397;0
398;0
399;1
400;0
401;0
402;0
403;0
404;0
405;0
406;0
407;2
408;2
409;2
410;0
411;2
412;1
413;1
414;0
415;1
416;1
417;0
418;2
419;0
420;1
421;0
422;0
423;0
424;0
425;0
426;0
427;0
428;1
429;2
430;0
431;0
432;0
433;0
434;0
435;0
436;1
437;0
438;0
439;1
440;0
441;0
442;1
443;0
444;0
445;0
446;0
447;0
448;1
449;0
450;1
451;0
452;0
453;0
454;1
455;0
456;0
457;0
458;1
459;1
460;0
461;2
462;1
463;0
464;0
465;1
466;0
467;0
468;0
469;0
470;0
471;0
472;1
473;0
474;0
475;0
476;1
477;0
478;0
479;0
480;0
481;0
482;2
483;0
484;0
485;0
486;0
487;0
488;1
489;0
490;0
491;0
492;0
493;0
494;0
495;0
496;0
497;0
498;0
499;0
500;0
501;1
502;0
503;0
504;0
505;1
506;0
507;2
508;0
509;0
510;0
511;2
512;2
513;1
514;0
515;0
516;0
517;0
518;0
519;2
520;0
521;0
522;0
523;0
524;2
525;0
526;0
527;2
528;0
529;0
530;0
531;0
532;0
533;0
534;2
535;2
536;0
537;2
538;0
539;0
540;0
541;0
542;0
543;0
544;0
545;0
546;0
547;0
548;1
549;0
550;0
551;2
552;1
553;1
554;2
555;0
556;0
557;0
558;0
559;0
560;0
561;0
562;0
563;2
564;0
565;0
566;0
567;0
568;0
569;0
570;1
571;0
572;0
573;0
574;1
575;1
576;0
577;2
578;0
579;1
580;0
581;0
582;0
583;0
584;0
585;0
586;0
587;2
588;0
589;0
590;0
591;0
592;1
593;0
594;0
595;0
596;0
597;0
598;0
599;1
600;1
601;0
602;0
603;2
604;1
605;0
606;0
607;2
608;2
609;0
610;0
611;2
612;0
613;0
614;2
615;0
616;0
617;0
618;2
619;0
620;0
621;1
622;0
623;2
624;0
625;0
626;2
627;0
628;0
629;0
630;2
631;0
632;2
633;0
634;0
635;0
636;1
637;0
638;0
639;0
640;0
641;0
642;0
643;0
644;2
645;0
646;2
647;0
648;0
649;2
650;0
651;0
652;0
653;0
654;2
655;0
656;2
657;1
658;0
659;0
660;0
661;1
662;0
663;0
664;0
665;0
666;0
667;0
668;0
669;0
670;0
671;1
672;0
673;0
674;0
675;2
676;2
677;0
678;2
679;2
680;0
681;0
682;0
683;0
684;0
685;0
686;2
687;0
688;0
689;0
690;0
691;0
692;2
693;0
694;2
695;2
696;0
697;1
698;0
699;0
700;0
701;0
702;0
703;0
704;0
705;0
706;0
707;1
708;0
709;0
710;0
711;0
712;0
713;0
714;0
715;0
716;1
717;0
718;2
719;1
720;0
721;0
722;0
723;2
724;0
725;0
726;0
727;0
728;2
729;0
730;1
731;0
732;0
733;0
734;2
735;0
736;0
737;2
738;0
739;2
740;0
741;0
742;0
743;2
744;0
745;0
746;1
747;1
748;0
749;1
750;1
751;0
752;0
753;0
754;0
755;0
756;2
757;0
758;0
759;2
760;0
761;1
762;0
763;0
764;0
765;2
766;2
767;0
768;0
769;0
770;2
771;0
772;2
773;2
774;0
775;0
776;1
777;0
778;1
779;1
780;1
781;1
782;0
783;0
784;0
785;0
786;0
787;1
788;0
789;0
790;2
791;2
792;1
793;0
794;2
795;2
796;2
797;0
798;2
799;1
800;0
801;2
802;1
803;0
804;2
805;0
806;2
807;0
808;0
809;0
810;0
811;1
812;0
813;0
814;0
815;0
816;0
817;0
818;0
819;0
820;2
821;2
822;0
823;0
824;0
825;2
826;1
827;0
828;0
829;0
830;1
831;2
832;0
833;2
834;1
835;0
836;2
837;1
838;0
839;2
840;0
841;0
842;0
843;1
844;2
845;2
846;1
847;1
848;0
849;0
850;0
851;0
852;0
853;1
854;2
855;0
856;0
857;0
858;1
859;1
860;0
861;0
862;0
863;0
864;1
865;0
866;1
867;0
868;0
869;0
870;0
871;0
872;1
873;0
874;0
875;0
876;0
877;0
878;0
879;0
880;1
881;0
882;0
883;0
884;2
885;0
886;0
887;2
888;1
889;0
890;0
891;0
892;0
893;1
894;0
895;0
896;1
897;0
898;1
899;0
900;0
901;0
902;0
903;0
904;0
905;0
906;0
907;0
908;2
909;0
910;0
911;0
912;0
913;0
914;0
915;2
916;0
917;0
918;0
919;0
920;0
921;0
922;0
923;0
924;0
925;0
926;0
927;1
928;0
929;0
930;0
931;0
932;0
933;2
934;0
935;0
936;0
937;0
938;0
939;2
940;0
941;0
942;0
943;0
944;1
945;1
946;0
947;0
948;0
949;0
950;0
951;0
952;1
953;0
954;0
955;0
956;0
957;0
958;0
959;2
960;2
961;0
962;0
963;0
964;0
965;2
966;0
967;0
968;0
969;0
970;0
971;0
972;0
973;0
974;0
975;1
976;0
977;0
978;0
979;0
980;0
981;0
982;0
983;0
984;0
985;1
986;0
987;0
988;2
989;0
990;0
991;0
992;0
993;0
994;0
995;0
996;0
997;0
998;0
999;1
1000;0
1001;2
1002;0
1003;2
1004;0
1005;0
1006;0
1007;0
1008;0
1009;2
1010;0
1011;0
1012;1
1013;0
1014;0
1015;0
1016;0
1017;0
1018;0
1019;0
1020;0
1021;0
1022;0
1023;0
