0;1
1;0
2;0
3;2
4;4
5;0
6;0
7;2
8;2
9;0
10;2
11;0
12;1
13;0
14;0
15;0
16;0
17;0
18;0
19;0
20;0
21;1
22;0
23;0
24;0
25;2
26;2
27;0
28;2
29;0
30;0
31;0
32;0
33;0
34;0
35;0
36;0
37;2
38;0
39;2
40;0
41;0
42;0
43;0
44;1
45;0
46;0
47;0
48;0
49;0
50;0
51;0
52;1
53;0
54;0
55;0
56;0
57;0
58;1
59;0
60;2
61;0
62;0
63;0
64;0
65;0
66;0
67;0
68;0
69;0
70;1
71;0
72;1
73;0
74;0
75;0
76;2
77;0
78;2
79;1
80;1
81;0
82;0
83;0
84;2
85;0
86;1
87;0
88;0
89;0
90;0
91;0
92;0
93;0
94;0
95;0
96;2
97;0
98;0
99;0
100;0
101;0
102;1
103;0
104;0
105;0
106;0
107;1
108;0
109;0
110;0
111;0
112;0
113;0
114;0
115;0
116;1
117;0
118;2
119;0
120;0
121;0
122;0
123;0
124;0
125;0
126;0
127;0
128;2
129;0
130;0
131;0
132;0
133;0
134;0
135;0
136;0
137;2
138;0
139;0
140;0
141;2
142;0
143;0
144;0
145;2
146;0
147;0
148;0
149;0
150;0
151;0
152;0
153;0
154;1
155;0
156;2
157;0
158;0
159;0
160;1
161;2
162;2
163;0
164;0
165;0
166;0
167;0
168;0
169;0
170;0
171;0
172;0
173;0
174;1
175;1
176;2
177;0
178;0
179;0
180;1
181;1
182;0
183;0
184;0
185;0
186;2
187;2
188;2
189;1
190;0
191;1
192;2
193;0
194;0
195;2
196;0
197;0
198;0
199;0
200;0
201;0
202;0
203;2
204;1
205;0
206;2
207;0
208;0
209;0
210;0
211;2
212;1
213;2
214;0
215;0
216;2
217;2
218;2
219;2
220;0
221;0
222;0
223;0
224;1
225;0
226;0
227;2
228;0
229;0
230;1
231;0
232;0
233;1
234;0
235;0
236;2
237;2
238;0
239;0
240;0
241;0
242;0
243;0
244;2
245;0
246;0
247;0
248;0
249;0
250;2
251;2
252;0
253;0
254;0
255;0
256;2
257;0
258;0
259;0
260;0
261;0
262;1
263;0
264;0
265;0
266;2
267;2
268;2
269;2
270;0
271;1
272;1
273;0
274;2
275;2
276;1
277;1
278;0
279;0
280;1
281;0
282;2
283;0
284;1
285;0
286;0
287;0
288;2
289;1
290;0
291;0
292;0
293;0
294;0
295;0
296;1
297;0
298;0
299;2
300;0
301;0
302;1
303;0
304;0
305;0
306;1
307;1
308;0
309;0
310;1
311;0
312;0
313;2
314;2
315;0
316;0
317;1
318;0
319;0
320;0
321;0
322;2
323;2
324;2
325;2
326;1
327;0
328;0
329;0
330;0
331;2
332;4
333;0
334;0
335;0
336;2
337;2
338;2
339;2
340;1
341;1
342;0
343;0
344;0
345;2
346;2
347;2
348;1
349;0
350;0
351;2
352;1
353;0
354;2
355;0
356;2
357;0
358;0
359;0
360;1
361;0
362;1
363;2
364;2
365;2
366;1
367;0
368;0
369;1
370;0
371;0
372;1
373;0
374;0
375;0
376;0
377;0
378;0
379;2
380;0
381;0
382;0
383;2
384;0
385;0
386;0
387;0
388;0
389;0
390;1
391;0
392;0
393;0
394;0
395;0
396;1
397;0
398;0
399;0
400;0
401;0
402;0
403;2
404;1
405;0
406;2
407;0
408;0
409;2
410;2
411;2
412;0
413;0
414;0
415;0
416;1
417;0
418;0
419;2
420;2
421;0
422;1
423;0
424;0
425;0
426;0
427;0
428;0
429;0
430;0
431;0
432;0
433;0
434;0
435;0
436;0
437;2
438;2
439;2
440;0
441;2
442;0
443;0
444;0
445;0
446;0
447;1
448;0
449;1
450;2
451;2
452;2
453;1
454;0
455;0
456;0
457;2
458;1
459;2
460;1
461;0
462;1
463;2
464;2
465;0
466;1
467;0
468;0
469;0
470;0
471;2
472;1
473;0
474;0
475;0
476;0
477;0
478;2
479;2
480;2
481;2
482;1
483;1
484;0
485;0
486;0
487;0
488;0
489;2
490;0
491;2
492;0
493;1
494;0
495;0
496;0
497;2
498;0
499;0
500;2
501;0
502;0
503;0
504;0
505;0
506;0
507;1
508;0
509;0
510;0
511;0
512;0
513;0
514;0
515;1
516;0
517;0
518;0
519;0
520;0
521;2
522;1
523;0
524;0
525;2
526;2
527;0
528;2
529;2
530;2
531;0
532;2
533;0
534;0
535;0
536;2
537;2
538;2
539;0
540;0
541;2
542;1
543;0
544;0
545;0
546;0
547;2
548;2
549;2
550;2
551;0
552;1
553;0
554;1
555;0
556;0
557;0
558;0
559;0
560;1
561;0
562;0
563;1
564;2
565;0
566;2
567;2
568;2
569;0
570;0
571;0
572;2
573;1
574;0
575;0
576;0
577;0
578;0
579;0
580;2
581;1
582;1
583;0
584;0
585;1
586;1
587;0
588;0
589;0
590;0
591;0
592;0
593;2
594;2
595;2
596;1
597;0
598;0
599;1
600;0
601;0
602;0
603;0
604;0
605;0
606;1
607;0
608;0
609;1
610;0
611;2
612;1
613;0
614;1
615;0
616;0
617;0
618;0
619;0
620;1
621;1
622;0
623;0
624;0
625;0
626;0
627;0
628;0
629;0
630;0
631;0
632;1
633;0
634;2
635;2
636;2
637;0
638;1
639;0
640;1
641;0
642;0
643;0
644;0
645;0
646;1
647;0
648;0
649;0
650;2
651;1
652;0
653;0
654;0
655;0
656;4
657;0
658;2
659;2
660;2
661;0
662;2
663;0
664;1
665;0
666;0
667;0
668;0
669;0
670;0
671;0
672;2
673;0
674;0
675;0
676;1
677;0
678;0
679;2
680;0
681;0
682;0
683;0
684;0
685;0
686;0
687;0
688;0
689;0
690;0
691;0
692;0
693;1
694;0
695;0
696;2
697;1
698;1
699;0
700;0
701;2
702;2
703;2
704;0
705;0
706;0
707;0
708;0
709;0
710;0
711;2
712;1
713;0
714;0
715;1
716;2
717;0
718;2
719;0
720;2
721;0
722;2
723;2
724;0
725;1
726;0
727;2
728;0
729;0
730;0
731;1
732;0
733;2
734;0
735;0
736;0
737;0
738;1
739;0
740;0
741;0
742;1
743;0
744;2
745;0
746;0
747;0
748;2
749;0
750;1
751;0
752;2
753;0
754;0
755;1
756;0
757;0
758;1
759;0
760;0
761;0
762;0
763;0
764;0
765;0
766;2
767;2
768;2
769;2
770;2
771;2
772;1
773;0
774;2
775;0
776;0
777;1
778;0
779;0
780;2
781;0
782;0
783;0
784;0
785;2
786;0
787;0
788;0
789;0
790;0
791;0
792;1
793;0
794;0
795;0
796;0
797;2
798;2
799;2
800;2
801;0
802;0
803;1
804;0
805;2
806;0
807;0
808;1
809;0
810;0
811;0
812;0
813;0
814;0
815;0
816;0
817;2
818;0
819;0
820;1
821;0
822;0
823;1
824;0
825;1
826;0
827;0
828;0
829;0
830;0
831;0
832;0
833;2
834;2
835;2
836;2
837;0
838;0
839;0
840;0
841;2
842;2
843;1
844;0
845;0
846;1
847;0
848;0
849;0
850;2
851;1
852;0
853;0
854;2
855;2
856;2
857;2
858;0
859;0
860;0
861;0
862;0
863;0
864;0
865;0
866;0
867;2
868;0
869;0
870;0
871;0
872;2
873;0
874;0
875;2
876;0
877;0
878;0
879;0
880;0
881;0
882;0
883;0
884;0
885;0
886;2
887;1
888;0
889;0
890;2
891;0
892;0
893;0
894;0
895;0
896;0
897;0
898;1
899;0
900;0
901;1
902;2
903;0
904;2
905;0
906;2
907;0
908;2
909;2
910;1
911;0
912;2
913;0
914;0
915;0
916;0
917;0
918;0
919;0
920;2
921;2
922;2
923;0
924;0
925;0
926;0
927;1
928;2
929;2
930;0
931;0
932;0
933;0
934;2
935;1
936;0
937;0
938;2
939;0
940;1
941;0
942;2
943;2
944;1
945;0
946;0
947;0
948;2
949;0
950;2
951;1
952;0
953;0
954;0
955;2
956;0
957;0
958;0
959;0
960;0
961;0
962;0
963;0
964;1
965;0
966;0
967;0
968;1
969;0
970;0
971;0
972;0
973;0
974;0
975;2
976;2
977;0
978;0
979;0
980;0
981;0
982;0
983;0
984;1
985;0
986;0
987;0
988;0
989;0
990;0
991;0
992;2
993;0
994;0
995;2
996;2
997;0
998;0
999;2
1000;1
1001;2
1002;2
1003;0
1004;0
1005;2
1006;0
1007;0
1008;0
1009;0
1010;0
1011;0
1012;0
1013;0
1014;0
1015;0
1016;0
1017;0
1018;0
1019;0
1020;0
1021;0
1022;0
1023;0
