0;0
1;0
2;0
3;2
4;4
5;2
6;2
7;2
8;2
9;0
10;0
11;0
12;2
13;2
14;2
15;0
16;0
17;0
18;2
19;0
20;0
21;2
22;0
23;0
24;0
25;0
26;0
27;0
28;0
29;2
30;0
31;0
32;0
33;0
34;1
35;0
36;0
37;0
38;0
39;0
40;2
41;1
42;0
43;0
44;0
45;0
46;0
47;2
48;0
49;1
50;0
51;0
52;0
53;0
54;0
55;2
56;0
57;0
58;0
59;2
60;0
61;1
62;2
63;0
64;0
65;0
66;0
67;0
68;1
69;0
70;2
71;0
72;0
73;2
74;2
75;2
76;2
77;0
78;0
79;0
80;0
81;0
82;1
83;0
84;0
85;0
86;1
87;0
88;0
89;2
90;0
91;0
92;0
93;0
94;0
95;2
96;2
97;0
98;0
99;0
100;0
101;0
102;0
103;0
104;1
105;0
106;0
107;0
108;1
109;0
110;2
111;2
112;0
113;0
114;0
115;0
116;2
117;0
118;0
119;0
120;0
121;0
122;0
123;0
124;0
125;0
126;0
127;0
128;0
129;1
130;0
131;1
132;0
133;0
134;1
135;0
136;0
137;2
138;0
139;0
140;2
141;1
142;1
143;0
144;2
145;2
146;1
147;1
148;0
149;0
150;2
151;2
152;1
153;0
154;0
155;2
156;4
157;0
158;2
159;0
160;0
161;0
162;2
163;0
164;2
165;0
166;2
167;0
168;0
169;1
170;0
171;0
172;0
173;0
174;0
175;0
176;1
177;2
178;0
179;0
180;0
181;0
182;2
183;2
184;0
185;0
186;0
187;0
188;0
189;0
190;0
191;0
192;0
193;1
194;0
195;0
196;0
197;0
198;0
199;1
200;0
201;0
202;0
203;0
204;0
205;2
206;0
207;1
208;0
209;0
210;0
211;0
212;0
213;0
214;0
215;0
216;0
217;1
218;1
219;2
220;2
221;2
222;0
223;0
224;0
225;0
226;2
227;2
228;2
229;0
230;2
231;1
232;1
233;0
234;0
235;0
236;1
237;0
238;2
239;1
240;0
241;0
242;0
243;0
244;2
245;0
246;1
247;0
248;0
249;0
250;0
251;0
252;0
253;0
254;0
255;0
256;1
257;0
258;0
259;1
260;0
261;2
262;2
263;0
264;2
265;1
266;0
267;0
268;1
269;0
270;0
271;0
272;0
273;0
274;0
275;0
276;2
277;0
278;0
279;2
280;0
281;0
282;1
283;0
284;1
285;0
286;0
287;1
288;1
289;0
290;0
291;0
292;0
293;0
294;0
295;0
296;2
297;0
298;0
299;2
300;0
301;2
302;0
303;0
304;0
305;0
306;0
307;0
308;2
309;0
310;2
311;0
312;0
313;0
314;2
315;2
316;2
317;0
318;0
319;0
320;2
321;0
322;0
323;2
324;0
325;0
326;2
327;0
328;0
329;0
330;0
331;0
332;0
333;0
334;0
335;0
336;1
337;0
338;0
339;0
340;0
341;1
342;1
343;0
344;0
345;0
346;0
347;0
348;0
349;0
350;1
351;0
352;1
353;0
354;0
355;0
356;0
357;2
358;2
359;2
360;2
361;0
362;0
363;0
364;0
365;0
366;2
367;2
368;0
369;0
370;0
371;0
372;2
373;0
374;0
375;0
376;2
377;2
378;0
379;0
380;2
381;2
382;0
383;0
384;2
385;0
386;0
387;0
388;0
389;0
390;0
391;0
392;0
393;0
394;0
395;2
396;1
397;0
398;0
399;1
400;0
401;0
402;0
403;2
404;4
405;0
406;0
407;2
408;2
409;0
410;0
411;0
412;1
413;1
414;1
415;2
416;0
417;2
418;0
419;0
420;4
421;2
422;1
423;0
424;4
425;0
426;0
427;0
428;2
429;0
430;0
431;0
432;2
433;2
434;0
435;2
436;2
437;0
438;1
439;0
440;0
441;0
442;0
443;0
444;2
445;0
446;0
447;0
448;0
449;2
450;0
451;1
452;2
453;0
454;0
455;0
456;0
457;0
458;0
459;2
460;0
461;2
462;2
463;2
464;1
465;1
466;0
467;0
468;0
469;0
470;0
471;0
472;2
473;1
474;0
475;1
476;4
477;0
478;2
479;0
480;0
481;0
482;0
483;0
484;2
485;0
486;0
487;0
488;2
489;0
490;0
491;0
492;0
493;0
494;2
495;0
496;0
497;0
498;0
499;0
500;0
501;0
502;0
503;0
504;2
505;2
506;2
507;2
508;0
509;0
510;0
511;0
512;0
513;0
514;0
515;0
516;0
517;0
518;0
519;0
520;4
521;2
522;0
523;0
524;0
525;0
526;2
527;0
528;1
529;0
530;1
531;0
532;0
533;0
534;2
535;1
536;0
537;0
538;0
539;0
540;2
541;0
542;0
543;0
544;2
545;2
546;1
547;2
548;0
549;1
550;2
551;0
552;1
553;0
554;0
555;0
556;0
557;0
558;0
559;2
560;0
561;1
562;0
563;0
564;0
565;0
566;1
567;0
568;0
569;1
570;0
571;0
572;0
573;0
574;0
575;2
576;1
577;0
578;0
579;2
580;2
581;0
582;0
583;2
584;2
585;0
586;2
587;0
588;1
589;0
590;0
591;0
592;0
593;2
594;1
595;2
596;1
597;0
598;2
599;2
600;1
601;0
602;2
603;0
604;0
605;0
606;1
607;0
608;0
609;0
610;0
611;0
612;1
613;0
614;0
615;1
616;0
617;2
618;0
619;0
620;0
621;0
622;1
623;0
624;2
625;1
626;0
627;0
628;2
629;0
630;2
631;0
632;1
633;0
634;0
635;0
636;0
637;2
638;0
639;0
640;1
641;2
642;0
643;0
644;0
645;0
646;0
647;0
648;1
649;1
650;0
651;0
652;0
653;0
654;2
655;0
656;0
657;0
658;0
659;1
660;1
661;0
662;0
663;2
664;0
665;0
666;2
667;1
668;0
669;0
670;0
671;1
672;0
673;0
674;0
675;0
676;2
677;1
678;0
679;0
680;2
681;2
682;0
683;0
684;0
685;0
686;1
687;0
688;1
689;0
690;0
691;0
692;0
693;0
694;0
695;0
696;1
697;0
698;0
699;0
700;0
701;2
702;0
703;0
704;1
705;1
706;0
707;2
708;0
709;1
710;0
711;0
712;0
713;0
714;2
715;0
716;1
717;1
718;0
719;0
720;0
721;0
722;0
723;0
724;2
725;2
726;2
727;0
728;2
729;2
730;2
731;0
732;1
733;0
734;0
735;0
736;2
737;2
738;1
739;2
740;2
741;2
742;1
743;0
744;0
745;0
746;0
747;0
748;0
749;0
750;0
751;0
752;1
753;0
754;0
755;0
756;0
757;0
758;0
759;0
760;2
761;0
762;0
763;0
764;0
765;2
766;1
767;0
768;2
769;2
770;0
771;0
772;1
773;0
774;0
775;0
776;0
777;0
778;0
779;0
780;2
781;2
782;2
783;0
784;2
785;2
786;0
787;0
788;1
789;2
790;0
791;0
792;0
793;0
794;0
795;0
796;4
797;0
798;0
799;0
800;0
801;0
802;0
803;0
804;2
805;1
806;0
807;0
808;2
809;1
810;0
811;0
812;0
813;0
814;1
815;0
816;2
817;0
818;2
819;0
820;2
821;0
822;2
823;2
824;0
825;0
826;0
827;0
828;1
829;0
830;0
831;0
832;0
833;2
834;1
835;0
836;0
837;0
838;0
839;0
840;1
841;0
842;0
843;0
844;0
845;2
846;0
847;0
848;0
849;0
850;1
851;0
852;1
853;1
854;0
855;2
856;4
857;0
858;2
859;2
860;2
861;0
862;0
863;0
864;1
865;0
866;1
867;0
868;0
869;0
870;0
871;0
872;0
873;0
874;0
875;2
876;2
877;2
878;0
879;0
880;2
881;0
882;1
883;1
884;0
885;0
886;0
887;0
888;0
889;0
890;0
891;0
892;0
893;0
894;0
895;2
896;2
897;0
898;1
899;2
900;2
901;0
902;0
903;0
904;2
905;1
906;0
907;0
908;0
909;0
910;0
911;0
912;0
913;0
914;1
915;0
916;0
917;0
918;0
919;0
920;2
921;0
922;1
923;2
924;0
925;0
926;0
927;0
928;0
929;0
930;0
931;0
932;0
933;0
934;0
935;0
936;2
937;0
938;0
939;0
940;2
941;0
942;0
943;0
944;0
945;2
946;0
947;0
948;2
949;0
950;0
951;0
952;0
953;2
954;0
955;0
956;0
957;0
958;0
959;0
960;0
961;0
962;1
963;0
964;4
965;0
966;0
967;0
968;4
969;0
970;0
971;0
972;2
973;0
974;0
975;0
976;2
977;0
978;0
979;2
980;0
981;0
982;0
983;0
984;0
985;1
986;0
987;2
988;2
989;0
990;0
991;0
992;0
993;2
994;0
995;0
996;1
997;0
998;0
999;0
1000;4
1001;0
1002;1
1003;0
1004;2
1005;0
1006;0
1007;0
1008;1
1009;0
1010;0
1011;1
1012;0
1013;1
1014;0
1015;0
1016;0
1017;0
1018;0
1019;0
1020;0
1021;0
1022;0
1023;0
