0;1
1;0
2;0
3;2
4;0
5;0
6;2
7;2
8;0
9;0
10;2
11;0
12;2
13;2
14;0
15;0
16;1
17;0
18;2
19;0
20;0
21;2
22;0
23;0
24;0
25;0
26;0
27;0
28;2
29;2
30;0
31;0
32;0
33;2
34;0
35;0
36;0
37;0
38;0
39;0
40;2
41;1
42;0
43;2
44;1
45;0
46;0
47;2
48;0
49;2
50;2
51;0
52;0
53;1
54;0
55;2
56;0
57;0
58;0
59;0
60;0
61;0
62;1
63;1
64;0
65;1
66;0
67;0
68;0
69;0
70;1
71;0
72;2
73;2
74;1
75;0
76;0
77;0
78;0
79;0
80;0
81;2
82;1
83;0
84;0
85;2
86;1
87;0
88;0
89;1
90;0
91;0
92;0
93;0
94;0
95;2
96;2
97;0
98;0
99;1
100;0
101;0
102;0
103;0
104;2
105;0
106;0
107;0
108;0
109;0
110;1
111;2
112;0
113;0
114;0
115;0
116;0
117;0
118;0
119;0
120;0
121;0
122;0
123;2
124;0
125;1
126;0
127;0
128;0
129;1
130;0
131;0
132;0
133;0
134;0
135;0
136;0
137;0
138;0
139;0
140;0
141;1
142;1
143;0
144;2
145;2
146;2
147;1
148;0
149;0
150;0
151;0
152;1
153;0
154;0
155;0
156;0
157;0
158;0
159;0
160;2
161;0
162;0
163;0
164;1
165;0
166;2
167;0
168;1
169;1
170;0
171;0
172;0
173;0
174;0
175;0
176;0
177;2
178;2
179;1
180;1
181;1
182;0
183;0
184;0
185;0
186;0
187;0
188;0
189;1
190;0
191;0
192;0
193;0
194;0
195;0
196;0
197;0
198;0
199;1
200;0
201;1
202;1
203;2
204;2
205;0
206;0
207;0
208;0
209;0
210;2
211;2
212;0
213;0
214;2
215;1
216;0
217;0
218;0
219;0
220;1
221;0
222;2
223;2
224;2
225;2
226;0
227;2
228;2
229;0
230;1
231;0
232;0
233;0
234;0
235;0
236;0
237;0
238;2
239;2
240;1
241;0
242;0
243;2
244;4
245;0
246;2
247;1
248;0
249;0
250;2
251;0
252;1
253;0
254;1
255;0
256;2
257;0
258;0
259;0
260;0
261;0
262;0
263;0
264;0
265;0
266;0
267;2
268;0
269;0
270;0
271;0
272;0
273;1
274;0
275;0
276;0
277;0
278;0
279;0
280;2
281;0
282;0
283;1
284;0
285;0
286;0
287;2
288;0
289;0
290;0
291;0
292;2
293;0
294;0
295;0
296;0
297;2
298;0
299;2
300;0
301;0
302;0
303;0
304;2
305;0
306;2
307;0
308;0
309;0
310;2
311;2
312;2
313;2
314;0
315;0
316;0
317;0
318;0
319;0
320;0
321;0
322;2
323;0
324;2
325;0
326;0
327;0
328;0
329;2
330;0
331;0
332;0
333;0
334;0
335;0
336;0
337;1
338;0
339;1
340;0
341;0
342;0
343;0
344;0
345;0
346;1
347;0
348;0
349;0
350;0
351;0
352;0
353;0
354;1
355;0
356;0
357;0
358;0
359;0
360;2
361;0
362;0
363;2
364;0
365;0
366;0
367;0
368;2
369;2
370;0
371;0
372;1
373;0
374;0
375;0
376;2
377;2
378;0
379;1
380;2
381;0
382;0
383;0
384;0
385;0
386;0
387;0
388;0
389;0
390;0
391;2
392;1
393;0
394;0
395;2
396;0
397;0
398;0
399;0
400;2
401;2
402;2
403;1
404;0
405;0
406;0
407;0
408;0
409;0
410;0
411;0
412;0
413;2
414;0
415;0
416;2
417;0
418;1
419;2
420;0
421;0
422;0
423;0
424;2
425;0
426;0
427;1
428;0
429;2
430;0
431;2
432;2
433;2
434;0
435;0
436;0
437;0
438;2
439;2
440;0
441;2
442;2
443;2
444;1
445;1
446;0
447;0
448;0
449;0
450;0
451;0
452;2
453;1
454;0
455;1
456;2
457;2
458;2
459;0
460;0
461;0
462;0
463;0
464;0
465;2
466;1
467;0
468;2
469;2
470;1
471;0
472;2
473;0
474;1
475;0
476;0
477;0
478;1
479;0
480;0
481;0
482;1
483;0
484;0
485;0
486;2
487;2
488;0
489;0
490;0
491;0
492;2
493;0
494;0
495;0
496;0
497;0
498;0
499;0
500;2
501;2
502;0
503;2
504;2
505;0
506;0
507;0
508;0
509;0
510;1
511;0
512;0
513;0
514;0
515;2
516;1
517;0
518;0
519;0
520;2
521;0
522;2
523;2
524;2
525;0
526;2
527;0
528;0
529;2
530;0
531;0
532;0
533;0
534;0
535;0
536;1
537;0
538;0
539;0
540;0
541;1
542;0
543;0
544;0
545;1
546;0
547;0
548;0
549;0
550;0
551;0
552;0
553;0
554;0
555;0
556;0
557;0
558;0
559;0
560;0
561;0
562;0
563;0
564;0
565;0
566;1
567;1
568;0
569;0
570;0
571;0
572;2
573;0
574;0
575;0
576;0
577;0
578;1
579;0
580;0
581;0
582;0
583;0
584;0
585;0
586;0
587;2
588;0
589;0
590;0
591;0
592;1
593;0
594;1
595;0
596;2
597;2
598;1
599;0
600;0
601;0
602;2
603;1
604;0
605;1
606;0
607;1
608;0
609;0
610;0
611;0
612;0
613;0
614;0
615;0
616;0
617;0
618;0
619;2
620;0
621;0
622;0
623;1
624;0
625;0
626;1
627;0
628;0
629;0
630;0
631;1
632;2
633;2
634;0
635;2
636;0
637;0
638;2
639;2
640;2
641;0
642;0
643;2
644;0
645;0
646;0
647;0
648;0
649;1
650;0
651;0
652;2
653;2
654;0
655;0
656;0
657;0
658;0
659;0
660;0
661;0
662;0
663;0
664;0
665;0
666;1
667;0
668;2
669;0
670;0
671;0
672;0
673;0
674;0
675;0
676;0
677;1
678;0
679;2
680;0
681;1
682;0
683;0
684;0
685;0
686;2
687;0
688;0
689;1
690;2
691;0
692;0
693;2
694;0
695;0
696;0
697;0
698;2
699;0
700;2
701;2
702;2
703;0
704;1
705;0
706;0
707;0
708;1
709;0
710;0
711;2
712;0
713;0
714;2
715;2
716;0
717;0
718;0
719;0
720;0
721;0
722;0
723;0
724;0
725;0
726;0
727;0
728;0
729;2
730;0
731;0
732;0
733;0
734;0
735;0
736;0
737;2
738;1
739;0
740;2
741;2
742;0
743;0
744;1
745;0
746;0
747;0
748;1
749;0
750;0
751;0
752;0
753;2
754;2
755;2
756;1
757;0
758;0
759;0
760;0
761;2
762;0
763;0
764;0
765;0
766;0
767;0
768;2
769;2
770;0
771;0
772;2
773;0
774;0
775;0
776;0
777;2
778;0
779;0
780;2
781;0
782;0
783;0
784;2
785;0
786;1
787;0
788;0
789;0
790;2
791;0
792;1
793;0
794;2
795;2
796;1
797;0
798;0
799;2
800;4
801;0
802;2
803;0
804;0
805;0
806;0
807;0
808;1
809;0
810;0
811;0
812;0
813;2
814;0
815;0
816;0
817;2
818;1
819;0
820;0
821;0
822;0
823;0
824;0
825;0
826;0
827;0
828;0
829;0
830;0
831;0
832;0
833;0
834;0
835;0
836;0
837;0
838;1
839;0
840;0
841;0
842;0
843;0
844;0
845;0
846;2
847;2
848;1
849;0
850;0
851;0
852;1
853;0
854;2
855;2
856;0
857;0
858;0
859;0
860;2
861;0
862;0
863;0
864;1
865;0
866;0
867;1
868;0
869;0
870;0
871;0
872;0
873;0
874;0
875;0
876;0
877;0
878;0
879;2
880;1
881;0
882;1
883;0
884;1
885;0
886;0
887;2
888;1
889;0
890;0
891;2
892;1
893;2
894;2
895;1
896;0
897;0
898;2
899;0
900;2
901;1
902;1
903;0
904;0
905;0
906;0
907;0
908;0
909;0
910;0
911;0
912;0
913;0
914;2
915;0
916;2
917;1
918;2
919;2
920;0
921;0
922;0
923;0
924;0
925;0
926;0
927;0
928;0
929;0
930;0
931;0
932;0
933;0
934;0
935;0
936;0
937;1
938;0
939;0
940;0
941;0
942;0
943;0
944;0
945;0
946;0
947;0
948;0
949;2
950;0
951;0
952;1
953;0
954;0
955;0
956;0
957;0
958;1
959;0
960;2
961;0
962;0
963;0
964;0
965;0
966;0
967;0
968;0
969;0
970;0
971;0
972;0
973;2
974;2
975;2
976;0
977;0
978;0
979;0
980;0
981;0
982;2
983;1
984;0
985;0
986;0
987;2
988;4
989;0
990;2
991;1
992;0
993;0
994;2
995;0
996;2
997;0
998;0
999;0
1000;0
1001;0
1002;0
1003;1
1004;0
1005;0
1006;2
1007;0
1008;2
1009;0
1010;1
1011;0
1012;1
1013;0
1014;0
1015;1
1016;0
1017;0
1018;0
1019;0
1020;0
1021;0
1022;0
1023;0
