0;0
1;0
2;0
3;2
4;1
5;2
6;2
7;2
8;0
9;0
10;2
11;0
12;1
13;0
14;0
15;0
16;0
17;0
18;0
19;0
20;2
21;1
22;0
23;0
24;0
25;0
26;1
27;0
28;2
29;0
30;0
31;0
32;2
33;0
34;0
35;0
36;1
37;0
38;0
39;0
40;0
41;0
42;0
43;0
44;1
45;0
46;2
47;0
48;0
49;0
50;0
51;2
52;1
53;0
54;0
55;2
56;2
57;0
58;1
59;0
60;2
61;0
62;0
63;0
64;0
65;0
66;0
67;2
68;0
69;0
70;2
71;0
72;1
73;0
74;0
75;0
76;1
77;2
78;0
79;0
80;2
81;0
82;0
83;0
84;2
85;1
86;0
87;0
88;0
89;0
90;0
91;0
92;0
93;0
94;0
95;0
96;2
97;1
98;0
99;0
100;0
101;0
102;1
103;0
104;1
105;0
106;1
107;0
108;0
109;0
110;0
111;0
112;1
113;0
114;1
115;0
116;1
117;0
118;0
119;2
120;4
121;0
122;2
123;2
124;1
125;0
126;0
127;0
128;2
129;0
130;0
131;0
132;0
133;1
134;1
135;0
136;0
137;0
138;0
139;0
140;1
141;0
142;1
143;0
144;0
145;0
146;0
147;0
148;1
149;0
150;1
151;0
152;2
153;2
154;0
155;2
156;0
157;2
158;0
159;2
160;0
161;2
162;0
163;0
164;0
165;0
166;0
167;0
168;0
169;2
170;0
171;0
172;2
173;2
174;2
175;0
176;1
177;0
178;0
179;0
180;0
181;0
182;2
183;0
184;1
185;0
186;0
187;2
188;4
189;0
190;2
191;2
192;2
193;0
194;2
195;0
196;2
197;2
198;2
199;0
200;1
201;0
202;0
203;0
204;0
205;0
206;0
207;0
208;0
209;2
210;2
211;0
212;0
213;0
214;0
215;1
216;0
217;0
218;0
219;0
220;1
221;0
222;0
223;0
224;0
225;0
226;0
227;2
228;1
229;2
230;2
231;0
232;1
233;0
234;0
235;0
236;0
237;2
238;0
239;0
240;2
241;2
242;2
243;2
244;0
245;0
246;0
247;0
248;1
249;0
250;0
251;0
252;2
253;0
254;2
255;2
256;2
257;2
258;0
259;0
260;2
261;0
262;2
263;0
264;0
265;0
266;1
267;0
268;0
269;0
270;0
271;1
272;0
273;0
274;2
275;2
276;0
277;0
278;1
279;0
280;2
281;0
282;0
283;0
284;2
285;0
286;0
287;2
288;0
289;0
290;0
291;0
292;0
293;0
294;2
295;0
296;1
297;0
298;0
299;0
300;1
301;0
302;0
303;2
304;1
305;0
306;0
307;2
308;2
309;0
310;2
311;2
312;2
313;0
314;0
315;0
316;2
317;0
318;0
319;0
320;1
321;0
322;1
323;0
324;0
325;0
326;1
327;0
328;0
329;0
330;0
331;0
332;0
333;0
334;0
335;0
336;0
337;1
338;1
339;0
340;1
341;0
342;0
343;2
344;0
345;1
346;0
347;0
348;0
349;0
350;0
351;0
352;0
353;1
354;0
355;0
356;0
357;0
358;1
359;0
360;1
361;0
362;1
363;0
364;0
365;2
366;1
367;1
368;4
369;0
370;0
371;0
372;0
373;0
374;2
375;2
376;1
377;1
378;0
379;0
380;0
381;0
382;0
383;0
384;2
385;2
386;0
387;0
388;0
389;0
390;0
391;2
392;0
393;0
394;0
395;0
396;2
397;2
398;0
399;0
400;0
401;0
402;0
403;0
404;0
405;0
406;0
407;0
408;2
409;2
410;1
411;0
412;0
413;1
414;0
415;2
416;2
417;2
418;2
419;0
420;2
421;0
422;0
423;0
424;1
425;0
426;0
427;2
428;2
429;0
430;1
431;0
432;0
433;0
434;0
435;0
436;1
437;0
438;0
439;0
440;0
441;1
442;0
443;0
444;2
445;2
446;1
447;0
448;1
449;2
450;0
451;0
452;0
453;2
454;1
455;1
456;4
457;0
458;2
459;0
460;0
461;0
462;0
463;0
464;2
465;2
466;2
467;2
468;1
469;0
470;1
471;2
472;2
473;0
474;0
475;0
476;1
477;0
478;1
479;2
480;0
481;0
482;0
483;2
484;2
485;2
486;1
487;0
488;0
489;2
490;1
491;2
492;1
493;2
494;0
495;0
496;2
497;2
498;0
499;0
500;2
501;0
502;0
503;0
504;0
505;2
506;1
507;0
508;0
509;0
510;0
511;0
512;0
513;0
514;0
515;0
516;2
517;0
518;0
519;0
520;2
521;0
522;0
523;0
524;1
525;0
526;0
527;0
528;2
529;2
530;2
531;2
532;0
533;2
534;2
535;0
536;2
537;1
538;0
539;1
540;2
541;0
542;0
543;0
544;2
545;2
546;0
547;0
548;1
549;0
550;0
551;0
552;0
553;2
554;1
555;1
556;1
557;0
558;0
559;2
560;1
561;0
562;0
563;2
564;1
565;0
566;2
567;1
568;1
569;0
570;2
571;0
572;1
573;0
574;0
575;0
576;1
577;0
578;0
579;0
580;2
581;0
582;1
583;0
584;2
585;1
586;2
587;0
588;0
589;0
590;0
591;0
592;0
593;0
594;0
595;0
596;0
597;1
598;0
599;0
600;1
601;0
602;0
603;2
604;0
605;0
606;0
607;2
608;2
609;0
610;2
611;2
612;2
613;0
614;0
615;0
616;0
617;0
618;1
619;0
620;0
621;1
622;0
623;1
624;0
625;0
626;1
627;0
628;2
629;1
630;2
631;2
632;2
633;0
634;0
635;0
636;0
637;0
638;0
639;0
640;1
641;1
642;0
643;1
644;0
645;2
646;2
647;2
648;1
649;2
650;0
651;0
652;1
653;1
654;0
655;0
656;0
657;0
658;1
659;1
660;0
661;0
662;0
663;0
664;2
665;2
666;0
667;2
668;2
669;0
670;1
671;0
672;2
673;0
674;2
675;2
676;0
677;0
678;0
679;0
680;1
681;0
682;0
683;0
684;0
685;0
686;0
687;0
688;2
689;0
690;0
691;0
692;2
693;0
694;0
695;0
696;0
697;2
698;0
699;0
700;0
701;0
702;0
703;2
704;0
705;0
706;2
707;0
708;1
709;0
710;0
711;2
712;2
713;0
714;2
715;2
716;2
717;2
718;2
719;0
720;0
721;1
722;0
723;0
724;1
725;0
726;2
727;0
728;0
729;2
730;1
731;0
732;1
733;0
734;0
735;2
736;0
737;0
738;0
739;0
740;1
741;0
742;0
743;2
744;2
745;0
746;2
747;0
748;0
749;0
750;0
751;2
752;1
753;0
754;0
755;2
756;2
757;0
758;0
759;1
760;2
761;0
762;2
763;0
764;1
765;0
766;0
767;1
768;0
769;0
770;0
771;0
772;1
773;0
774;0
775;0
776;0
777;0
778;0
779;0
780;1
781;0
782;1
783;0
784;2
785;0
786;0
787;2
788;2
789;2
790;2
791;0
792;0
793;0
794;0
795;0
796;0
797;0
798;0
799;1
800;0
801;0
802;0
803;0
804;0
805;0
806;1
807;0
808;0
809;1
810;2
811;0
812;0
813;0
814;0
815;0
816;0
817;1
818;1
819;0
820;0
821;0
822;0
823;1
824;0
825;2
826;0
827;0
828;0
829;0
830;0
831;0
832;0
833;2
834;0
835;0
836;0
837;0
838;0
839;0
840;2
841;0
842;2
843;2
844;0
845;1
846;1
847;0
848;0
849;0
850;0
851;1
852;0
853;0
854;0
855;0
856;0
857;2
858;0
859;0
860;1
861;0
862;2
863;2
864;2
865;0
866;0
867;1
868;1
869;0
870;0
871;0
872;2
873;2
874;2
875;2
876;4
877;0
878;0
879;0
880;0
881;2
882;2
883;2
884;2
885;0
886;0
887;0
888;0
889;0
890;2
891;4
892;2
893;0
894;1
895;0
896;1
897;0
898;2
899;1
900;1
901;2
902;0
903;0
904;0
905;2
906;0
907;2
908;0
909;0
910;2
911;2
912;2
913;0
914;0
915;2
916;0
917;2
918;0
919;0
920;0
921;0
922;0
923;0
924;0
925;1
926;0
927;2
928;1
929;0
930;0
931;1
932;0
933;0
934;1
935;0
936;0
937;0
938;0
939;0
940;0
941;2
942;2
943;1
944;0
945;0
946;0
947;0
948;4
949;2
950;2
951;0
952;2
953;0
954;1
955;0
956;1
957;0
958;0
959;0
960;0
961;2
962;2
963;0
964;0
965;0
966;1
967;1
968;1
969;0
970;0
971;2
972;1
973;0
974;2
975;1
976;0
977;1
978;2
979;0
980;0
981;2
982;0
983;1
984;0
985;0
986;0
987;0
988;0
989;0
990;0
991;1
992;0
993;0
994;0
995;0
996;0
997;2
998;2
999;2
1000;2
1001;0
1002;0
1003;0
1004;0
1005;0
1006;0
1007;0
1008;0
1009;2
1010;1
1011;0
1012;0
1013;0
1014;0
1015;0
1016;0
1017;0
1018;0
1019;0
1020;0
1021;0
1022;0
1023;0
