0;0
1;1
2;1
3;0
4;2
5;2
6;2
7;0
8;2
9;0
10;0
11;2
12;0
13;0
14;0
15;0
16;0
17;0
18;0
19;0
20;0
21;0
22;2
23;0
24;0
25;0
26;0
27;0
28;1
29;0
30;0
31;0
32;0
33;0
34;0
35;0
36;1
37;0
38;0
39;0
40;1
41;0
42;1
43;0
44;0
45;0
46;0
47;0
48;2
49;0
50;1
51;0
52;0
53;0
54;0
55;0
56;0
57;0
58;0
59;1
60;0
61;0
62;1
63;0
64;0
65;0
66;0
67;1
68;0
69;0
70;0
71;0
72;2
73;2
74;1
75;0
76;0
77;0
78;0
79;0
80;2
81;0
82;2
83;0
84;0
85;0
86;0
87;0
88;2
89;1
90;0
91;0
92;0
93;0
94;0
95;0
96;0
97;0
98;0
99;1
100;0
101;0
102;0
103;1
104;0
105;0
106;2
107;0
108;1
109;0
110;0
111;0
112;0
113;0
114;1
115;0
116;1
117;0
118;0
119;0
120;0
121;0
122;0
123;0
124;1
125;2
126;1
127;0
128;0
129;0
130;0
131;1
132;0
133;0
134;0
135;0
136;2
137;0
138;2
139;0
140;0
141;0
142;0
143;1
144;0
145;0
146;0
147;2
148;0
149;0
150;0
151;0
152;0
153;0
154;1
155;0
156;0
157;0
158;0
159;0
160;1
161;0
162;0
163;0
164;2
165;0
166;0
167;1
168;0
169;2
170;1
171;0
172;0
173;0
174;0
175;2
176;2
177;2
178;0
179;0
180;2
181;0
182;0
183;0
184;0
185;0
186;0
187;0
188;0
189;0
190;0
191;0
192;0
193;0
194;0
195;0
196;0
197;0
198;0
199;0
200;0
201;0
202;0
203;0
204;0
205;0
206;1
207;0
208;0
209;0
210;0
211;0
212;0
213;0
214;2
215;0
216;0
217;1
218;0
219;0
220;2
221;0
222;2
223;0
224;0
225;0
226;0
227;1
228;0
229;2
230;0
231;0
232;0
233;0
234;0
235;2
236;2
237;0
238;2
239;0
240;0
241;0
242;1
243;0
244;0
245;0
246;0
247;0
248;0
249;1
250;0
251;0
252;2
253;0
254;0
255;0
256;0
257;0
258;0
259;0
260;1
261;0
262;0
263;0
264;0
265;0
266;0
267;0
268;0
269;0
270;2
271;0
272;0
273;0
274;0
275;0
276;0
277;0
278;0
279;0
280;1
281;0
282;0
283;0
284;0
285;0
286;1
287;0
288;0
289;0
290;0
291;0
292;0
293;0
294;0
295;0
296;0
297;0
298;0
299;0
300;0
301;0
302;0
303;0
304;2
305;0
306;0
307;0
308;1
309;0
310;1
311;0
312;1
313;0
314;0
315;0
316;0
317;0
318;0
319;0
320;1
321;0
322;0
323;0
324;0
325;2
326;1
327;0
328;0
329;0
330;0
331;0
332;0
333;0
334;2
335;0
336;0
337;0
338;0
339;1
340;0
341;0
342;0
343;0
344;0
345;0
346;1
347;0
348;0
349;0
350;0
351;0
352;0
353;0
354;0
355;0
356;0
357;2
358;0
359;0
360;0
361;0
362;0
363;0
364;0
365;0
366;0
367;0
368;1
369;0
370;0
371;1
372;2
373;0
374;0
375;0
376;0
377;0
378;0
379;0
380;0
381;0
382;1
383;2
384;2
385;0
386;0
387;0
388;2
389;0
390;0
391;0
392;0
393;0
394;2
395;0
396;0
397;0
398;2
399;2
400;0
401;2
402;0
403;0
404;0
405;0
406;0
407;0
408;0
409;0
410;0
411;0
412;1
413;0
414;0
415;1
416;1
417;2
418;0
419;1
420;1
421;0
422;2
423;0
424;0
425;0
426;0
427;0
428;0
429;0
430;0
431;1
432;0
433;0
434;0
435;0
436;0
437;0
438;0
439;1
440;2
441;2
442;1
443;0
444;1
445;0
446;2
447;0
448;0
449;2
450;0
451;0
452;0
453;0
454;0
455;2
456;2
457;2
458;2
459;0
460;0
461;0
462;2
463;0
464;0
465;0
466;0
467;0
468;0
469;1
470;0
471;0
472;0
473;0
474;0
475;0
476;0
477;0
478;1
479;0
480;0
481;0
482;0
483;0
484;0
485;0
486;0
487;0
488;0
489;2
490;2
491;0
492;0
493;2
494;1
495;0
496;1
497;0
498;0
499;1
500;1
501;1
502;0
503;0
504;2
505;0
506;0
507;0
508;1
509;0
510;0
511;0
512;0
513;1
514;0
515;0
516;2
517;0
518;0
519;0
520;2
521;0
522;0
523;0
524;0
525;2
526;0
527;2
528;0
529;0
530;0
531;0
532;0
533;2
534;0
535;2
536;0
537;0
538;0
539;0
540;2
541;1
542;1
543;0
544;1
545;0
546;1
547;0
548;2
549;1
550;0
551;0
552;0
553;0
554;1
555;0
556;0
557;0
558;0
559;0
560;1
561;0
562;0
563;0
564;0
565;0
566;0
567;0
568;0
569;0
570;0
571;2
572;0
573;1
574;0
575;1
576;0
577;0
578;0
579;1
580;0
581;1
582;0
583;1
584;2
585;0
586;0
587;0
588;0
589;0
590;0
591;2
592;0
593;0
594;1
595;0
596;0
597;1
598;0
599;0
600;2
601;0
602;0
603;0
604;0
605;0
606;0
607;0
608;0
609;1
610;0
611;2
612;2
613;0
614;0
615;0
616;1
617;2
618;0
619;1
620;0
621;0
622;2
623;0
624;0
625;0
626;1
627;0
628;0
629;0
630;0
631;2
632;2
633;0
634;1
635;2
636;1
637;0
638;2
639;0
640;0
641;0
642;0
643;0
644;2
645;0
646;0
647;0
648;0
649;0
650;0
651;0
652;0
653;0
654;1
655;0
656;0
657;0
658;0
659;0
660;2
661;1
662;0
663;0
664;0
665;2
666;0
667;2
668;0
669;0
670;0
671;0
672;0
673;1
674;1
675;0
676;1
677;2
678;2
679;1
680;0
681;2
682;0
683;0
684;0
685;0
686;1
687;0
688;1
689;2
690;2
691;0
692;0
693;0
694;1
695;0
696;0
697;0
698;0
699;0
700;0
701;0
702;2
703;2
704;0
705;0
706;0
707;0
708;0
709;2
710;0
711;0
712;2
713;0
714;0
715;0
716;0
717;0
718;0
719;2
720;0
721;0
722;0
723;0
724;0
725;2
726;0
727;0
728;0
729;0
730;1
731;0
732;0
733;0
734;0
735;0
736;0
737;0
738;0
739;0
740;0
741;0
742;0
743;0
744;0
745;0
746;0
747;0
748;2
749;1
750;0
751;2
752;0
753;0
754;0
755;2
756;0
757;0
758;0
759;2
760;0
761;0
762;0
763;0
764;0
765;0
766;0
767;0
768;0
769;0
770;0
771;0
772;0
773;0
774;0
775;0
776;0
777;0
778;0
779;0
780;0
781;0
782;0
783;1
784;1
785;0
786;2
787;1
788;2
789;0
790;1
791;1
792;0
793;0
794;0
795;2
796;0
797;0
798;0
799;0
800;0
801;1
802;0
803;0
804;0
805;0
806;0
807;0
808;0
809;0
810;1
811;2
812;0
813;0
814;2
815;2
816;0
817;0
818;0
819;2
820;2
821;2
822;0
823;0
824;0
825;0
826;0
827;1
828;0
829;0
830;0
831;0
832;1
833;0
834;0
835;0
836;0
837;0
838;0
839;0
840;0
841;0
842;0
843;0
844;0
845;0
846;0
847;0
848;2
849;0
850;0
851;0
852;0
853;1
854;0
855;1
856;0
857;0
858;0
859;0
860;1
861;0
862;0
863;0
864;0
865;2
866;0
867;0
868;2
869;0
870;1
871;0
872;0
873;0
874;0
875;2
876;0
877;0
878;2
879;0
880;0
881;0
882;0
883;0
884;0
885;0
886;2
887;1
888;0
889;0
890;0
891;0
892;0
893;2
894;1
895;0
896;0
897;0
898;0
899;1
900;0
901;0
902;0
903;0
904;1
905;0
906;0
907;0
908;0
909;0
910;0
911;2
912;2
913;0
914;2
915;0
916;1
917;0
918;0
919;0
920;0
921;1
922;0
923;1
924;0
925;0
926;2
927;0
928;2
929;0
930;1
931;0
932;0
933;0
934;1
935;0
936;0
937;0
938;0
939;0
940;0
941;0
942;1
943;0
944;0
945;0
946;0
947;0
948;0
949;2
950;0
951;2
952;0
953;2
954;2
955;0
956;1
957;1
958;0
959;2
960;2
961;0
962;2
963;1
964;0
965;0
966;2
967;0
968;2
969;0
970;0
971;0
972;0
973;0
974;0
975;0
976;0
977;0
978;0
979;0
980;0
981;2
982;0
983;1
984;0
985;2
986;0
987;1
988;0
989;0
990;0
991;0
992;0
993;1
994;0
995;0
996;0
997;0
998;0
999;0
1000;0
1001;2
1002;0
1003;0
1004;0
1005;0
1006;0
1007;2
1008;0
1009;0
1010;0
1011;0
1012;0
1013;0
1014;1
1015;0
1016;0
1017;0
1018;0
1019;0
1020;0
1021;0
1022;0
1023;0
