0;1
1;0
2;0
3;2
4;4
5;0
6;0
7;0
8;0
9;0
10;2
11;0
12;1
13;0
14;0
15;0
16;0
17;0
18;2
19;0
20;1
21;0
22;0
23;0
24;0
25;2
26;2
27;1
28;0
29;0
30;2
31;0
32;0
33;0
34;0
35;0
36;2
37;2
38;0
39;2
40;0
41;0
42;0
43;0
44;0
45;0
46;0
47;0
48;0
49;0
50;0
51;2
52;0
53;0
54;1
55;0
56;2
57;1
58;0
59;2
60;2
61;0
62;0
63;0
64;0
65;0
66;0
67;0
68;0
69;0
70;0
71;1
72;1
73;0
74;0
75;0
76;2
77;2
78;0
79;0
80;1
81;0
82;0
83;2
84;2
85;1
86;2
87;0
88;0
89;0
90;0
91;0
92;0
93;0
94;0
95;2
96;1
97;0
98;0
99;0
100;1
101;0
102;0
103;0
104;0
105;0
106;1
107;0
108;0
109;0
110;2
111;0
112;0
113;0
114;0
115;0
116;0
117;1
118;2
119;0
120;2
121;2
122;2
123;0
124;0
125;0
126;0
127;0
128;4
129;0
130;0
131;0
132;0
133;0
134;2
135;0
136;2
137;0
138;0
139;1
140;0
141;2
142;0
143;0
144;0
145;2
146;0
147;2
148;0
149;0
150;0
151;0
152;0
153;0
154;0
155;2
156;2
157;0
158;0
159;0
160;1
161;2
162;2
163;0
164;1
165;0
166;0
167;0
168;0
169;0
170;2
171;0
172;1
173;1
174;1
175;2
176;2
177;0
178;0
179;0
180;1
181;0
182;0
183;0
184;0
185;2
186;2
187;2
188;0
189;2
190;2
191;2
192;2
193;0
194;0
195;2
196;0
197;0
198;0
199;0
200;0
201;0
202;0
203;2
204;1
205;0
206;0
207;0
208;1
209;0
210;0
211;0
212;0
213;1
214;1
215;0
216;2
217;2
218;2
219;1
220;0
221;0
222;0
223;0
224;2
225;1
226;0
227;0
228;2
229;0
230;2
231;1
232;0
233;0
234;0
235;0
236;2
237;0
238;0
239;0
240;0
241;0
242;0
243;0
244;2
245;0
246;0
247;1
248;0
249;0
250;2
251;2
252;0
253;0
254;0
255;0
256;2
257;0
258;2
259;0
260;0
261;2
262;0
263;0
264;2
265;0
266;2
267;0
268;2
269;2
270;2
271;2
272;0
273;0
274;0
275;2
276;2
277;0
278;0
279;0
280;0
281;0
282;0
283;0
284;1
285;0
286;0
287;2
288;0
289;0
290;1
291;0
292;0
293;0
294;0
295;1
296;2
297;0
298;2
299;0
300;0
301;2
302;0
303;0
304;0
305;1
306;0
307;0
308;0
309;0
310;2
311;2
312;2
313;1
314;1
315;0
316;0
317;0
318;1
319;0
320;4
321;0
322;0
323;0
324;2
325;2
326;1
327;2
328;2
329;0
330;0
331;0
332;0
333;0
334;0
335;0
336;0
337;0
338;0
339;0
340;0
341;2
342;0
343;2
344;0
345;0
346;1
347;0
348;2
349;2
350;0
351;1
352;0
353;0
354;1
355;0
356;0
357;0
358;0
359;0
360;4
361;0
362;2
363;2
364;2
365;0
366;0
367;0
368;2
369;2
370;0
371;1
372;1
373;0
374;0
375;1
376;0
377;0
378;0
379;0
380;1
381;1
382;0
383;0
384;0
385;1
386;0
387;2
388;2
389;0
390;0
391;0
392;1
393;0
394;0
395;2
396;2
397;0
398;1
399;0
400;0
401;0
402;2
403;0
404;0
405;0
406;0
407;1
408;0
409;1
410;0
411;0
412;2
413;1
414;2
415;2
416;1
417;2
418;0
419;0
420;0
421;2
422;1
423;2
424;1
425;0
426;2
427;2
428;2
429;0
430;2
431;0
432;2
433;2
434;0
435;2
436;1
437;0
438;1
439;2
440;2
441;0
442;0
443;0
444;1
445;1
446;1
447;2
448;0
449;0
450;2
451;0
452;0
453;2
454;0
455;1
456;0
457;0
458;1
459;0
460;1
461;0
462;0
463;2
464;2
465;2
466;0
467;0
468;0
469;0
470;2
471;0
472;2
473;2
474;2
475;0
476;2
477;0
478;0
479;0
480;0
481;0
482;0
483;2
484;2
485;0
486;0
487;0
488;2
489;0
490;0
491;0
492;1
493;0
494;0
495;0
496;2
497;0
498;0
499;0
500;1
501;2
502;2
503;0
504;2
505;2
506;1
507;2
508;0
509;0
510;0
511;0
512;0
513;2
514;2
515;0
516;1
517;0
518;0
519;0
520;2
521;0
522;0
523;0
524;1
525;0
526;2
527;2
528;2
529;2
530;2
531;2
532;2
533;1
534;0
535;0
536;2
537;1
538;0
539;0
540;0
541;0
542;0
543;2
544;0
545;0
546;0
547;0
548;0
549;0
550;0
551;0
552;2
553;2
554;2
555;0
556;0
557;0
558;1
559;0
560;0
561;0
562;1
563;1
564;1
565;2
566;2
567;1
568;2
569;0
570;2
571;2
572;2
573;0
574;0
575;1
576;0
577;0
578;0
579;0
580;0
581;2
582;0
583;0
584;2
585;2
586;0
587;0
588;0
589;0
590;0
591;0
592;1
593;1
594;0
595;0
596;0
597;0
598;0
599;0
600;0
601;0
602;0
603;0
604;2
605;1
606;0
607;2
608;2
609;0
610;1
611;0
612;2
613;0
614;1
615;2
616;0
617;0
618;0
619;0
620;0
621;1
622;0
623;0
624;0
625;0
626;2
627;0
628;2
629;0
630;0
631;0
632;4
633;0
634;0
635;0
636;0
637;0
638;0
639;0
640;2
641;0
642;0
643;0
644;2
645;0
646;0
647;0
648;2
649;0
650;2
651;0
652;0
653;1
654;0
655;0
656;1
657;0
658;2
659;2
660;1
661;0
662;0
663;2
664;4
665;0
666;2
667;1
668;0
669;0
670;0
671;0
672;2
673;2
674;1
675;1
676;2
677;0
678;0
679;2
680;0
681;0
682;0
683;0
684;1
685;0
686;2
687;2
688;0
689;0
690;2
691;0
692;2
693;0
694;2
695;2
696;0
697;0
698;2
699;2
700;2
701;0
702;2
703;0
704;1
705;0
706;2
707;0
708;0
709;0
710;2
711;0
712;1
713;0
714;1
715;0
716;2
717;0
718;0
719;0
720;2
721;2
722;2
723;0
724;2
725;0
726;2
727;2
728;0
729;2
730;0
731;0
732;1
733;0
734;0
735;0
736;2
737;0
738;2
739;2
740;0
741;2
742;2
743;0
744;1
745;0
746;0
747;0
748;0
749;0
750;0
751;0
752;0
753;0
754;0
755;1
756;0
757;0
758;0
759;0
760;0
761;0
762;1
763;1
764;0
765;0
766;0
767;0
768;0
769;2
770;1
771;0
772;0
773;0
774;0
775;2
776;1
777;1
778;0
779;0
780;0
781;0
782;0
783;0
784;0
785;0
786;0
787;0
788;0
789;0
790;0
791;0
792;1
793;0
794;2
795;1
796;0
797;1
798;2
799;0
800;1
801;0
802;0
803;0
804;1
805;0
806;0
807;1
808;2
809;0
810;0
811;0
812;0
813;2
814;2
815;1
816;0
817;0
818;0
819;0
820;0
821;0
822;2
823;2
824;1
825;0
826;1
827;0
828;0
829;0
830;2
831;2
832;1
833;0
834;0
835;0
836;0
837;2
838;0
839;2
840;0
841;0
842;0
843;2
844;2
845;0
846;0
847;2
848;0
849;0
850;2
851;2
852;1
853;0
854;0
855;0
856;0
857;2
858;2
859;2
860;1
861;0
862;1
863;0
864;0
865;0
866;1
867;0
868;2
869;0
870;0
871;2
872;1
873;0
874;1
875;0
876;2
877;0
878;2
879;0
880;4
881;0
882;2
883;2
884;2
885;0
886;0
887;0
888;1
889;0
890;1
891;0
892;0
893;2
894;2
895;0
896;0
897;0
898;0
899;1
900;1
901;0
902;0
903;0
904;1
905;0
906;2
907;1
908;0
909;2
910;2
911;2
912;2
913;1
914;0
915;0
916;0
917;0
918;2
919;0
920;1
921;0
922;0
923;1
924;0
925;0
926;0
927;0
928;0
929;0
930;1
931;0
932;2
933;0
934;0
935;0
936;0
937;0
938;0
939;2
940;0
941;0
942;0
943;0
944;0
945;1
946;0
947;1
948;0
949;0
950;0
951;0
952;0
953;0
954;0
955;0
956;0
957;0
958;0
959;2
960;1
961;0
962;0
963;0
964;0
965;0
966;0
967;0
968;2
969;0
970;0
971;0
972;0
973;0
974;0
975;0
976;2
977;1
978;0
979;0
980;0
981;0
982;0
983;1
984;0
985;0
986;2
987;0
988;1
989;2
990;0
991;0
992;0
993;0
994;2
995;1
996;2
997;0
998;0
999;2
1000;0
1001;2
1002;2
1003;2
1004;1
1005;0
1006;2
1007;0
1008;0
1009;0
1010;0
1011;0
1012;1
1013;0
1014;0
1015;0
1016;0
1017;0
1018;0
1019;0
1020;0
1021;0
1022;0
1023;0
