0;0
1;0
2;0
3;2
4;2
5;0
6;2
7;2
8;2
9;0
10;2
11;2
12;2
13;2
14;0
15;0
16;0
17;2
18;0
19;0
20;0
21;2
22;0
23;0
24;1
25;0
26;0
27;0
28;0
29;2
30;1
31;0
32;2
33;0
34;0
35;0
36;0
37;0
38;2
39;1
40;2
41;0
42;0
43;0
44;0
45;0
46;2
47;0
48;1
49;0
50;1
51;0
52;2
53;2
54;2
55;0
56;0
57;0
58;2
59;2
60;2
61;0
62;0
63;0
64;0
65;0
66;2
67;0
68;0
69;0
70;0
71;2
72;0
73;2
74;0
75;0
76;0
77;0
78;2
79;1
80;0
81;0
82;0
83;0
84;0
85;0
86;2
87;2
88;1
89;0
90;0
91;0
92;1
93;1
94;0
95;0
96;0
97;1
98;0
99;2
100;2
101;1
102;1
103;0
104;2
105;0
106;0
107;0
108;2
109;2
110;0
111;0
112;1
113;1
114;0
115;0
116;1
117;0
118;0
119;0
120;0
121;0
122;0
123;0
124;2
125;2
126;0
127;2
128;0
129;0
130;0
131;0
132;2
133;1
134;0
135;0
136;1
137;0
138;2
139;1
140;0
141;0
142;1
143;1
144;0
145;0
146;0
147;2
148;1
149;0
150;0
151;0
152;2
153;0
154;0
155;2
156;0
157;0
158;1
159;0
160;0
161;0
162;0
163;0
164;0
165;1
166;0
167;2
168;1
169;0
170;2
171;2
172;0
173;0
174;2
175;0
176;0
177;0
178;2
179;2
180;2
181;0
182;2
183;0
184;0
185;0
186;1
187;1
188;2
189;1
190;2
191;0
192;0
193;0
194;2
195;2
196;2
197;1
198;0
199;0
200;2
201;0
202;0
203;0
204;2
205;0
206;0
207;0
208;0
209;0
210;0
211;0
212;0
213;0
214;0
215;1
216;0
217;0
218;0
219;0
220;1
221;0
222;0
223;0
224;2
225;0
226;0
227;0
228;0
229;0
230;0
231;0
232;2
233;2
234;0
235;0
236;0
237;2
238;2
239;0
240;0
241;0
242;2
243;1
244;0
245;0
246;0
247;2
248;1
249;0
250;2
251;2
252;2
253;0
254;0
255;0
256;2
257;1
258;2
259;2
260;0
261;1
262;0
263;0
264;0
265;0
266;2
267;0
268;0
269;0
270;0
271;0
272;0
273;1
274;2
275;0
276;0
277;2
278;0
279;0
280;0
281;1
282;0
283;0
284;2
285;2
286;1
287;2
288;0
289;0
290;0
291;0
292;0
293;0
294;1
295;0
296;0
297;0
298;2
299;2
300;0
301;0
302;1
303;0
304;0
305;0
306;1
307;0
308;1
309;0
310;0
311;0
312;0
313;0
314;0
315;0
316;0
317;2
318;0
319;0
320;0
321;0
322;1
323;2
324;0
325;2
326;2
327;2
328;0
329;0
330;0
331;1
332;0
333;0
334;0
335;0
336;0
337;0
338;0
339;0
340;2
341;0
342;0
343;1
344;0
345;1
346;0
347;0
348;0
349;0
350;2
351;2
352;2
353;2
354;2
355;1
356;0
357;0
358;2
359;2
360;0
361;0
362;0
363;0
364;1
365;0
366;0
367;0
368;1
369;0
370;0
371;2
372;1
373;0
374;0
375;1
376;0
377;0
378;2
379;0
380;2
381;0
382;0
383;1
384;0
385;0
386;1
387;0
388;0
389;0
390;0
391;0
392;1
393;0
394;0
395;0
396;0
397;0
398;0
399;0
400;0
401;1
402;0
403;0
404;0
405;0
406;2
407;1
408;0
409;0
410;0
411;0
412;0
413;0
414;2
415;2
416;0
417;0
418;0
419;0
420;0
421;2
422;0
423;0
424;0
425;0
426;0
427;2
428;0
429;0
430;0
431;0
432;2
433;0
434;0
435;2
436;2
437;0
438;0
439;0
440;2
441;0
442;0
443;0
444;0
445;2
446;2
447;0
448;0
449;0
450;0
451;0
452;0
453;2
454;1
455;2
456;0
457;0
458;0
459;0
460;1
461;2
462;0
463;1
464;0
465;0
466;0
467;0
468;0
469;0
470;1
471;0
472;2
473;0
474;0
475;0
476;2
477;2
478;1
479;2
480;1
481;0
482;0
483;1
484;0
485;0
486;0
487;2
488;0
489;2
490;0
491;0
492;0
493;2
494;2
495;2
496;2
497;0
498;0
499;0
500;0
501;2
502;0
503;0
504;0
505;1
506;0
507;0
508;0
509;0
510;0
511;0
512;0
513;0
514;0
515;0
516;0
517;0
518;0
519;2
520;0
521;0
522;0
523;0
524;0
525;0
526;0
527;0
528;0
529;0
530;0
531;2
532;0
533;2
534;2
535;2
536;0
537;0
538;0
539;0
540;0
541;2
542;0
543;0
544;0
545;0
546;2
547;2
548;1
549;0
550;0
551;2
552;2
553;1
554;0
555;2
556;2
557;0
558;2
559;0
560;0
561;2
562;1
563;0
564;2
565;2
566;0
567;0
568;0
569;2
570;2
571;0
572;0
573;1
574;0
575;0
576;1
577;0
578;2
579;0
580;0
581;0
582;0
583;2
584;0
585;0
586;0
587;0
588;1
589;0
590;0
591;0
592;0
593;0
594;2
595;0
596;0
597;1
598;0
599;2
600;2
601;0
602;2
603;0
604;0
605;0
606;0
607;0
608;0
609;0
610;0
611;0
612;2
613;1
614;0
615;0
616;2
617;0
618;0
619;0
620;0
621;0
622;0
623;0
624;2
625;0
626;0
627;0
628;0
629;2
630;0
631;0
632;0
633;1
634;0
635;0
636;0
637;0
638;0
639;0
640;2
641;0
642;0
643;1
644;0
645;0
646;0
647;0
648;0
649;0
650;2
651;0
652;0
653;0
654;0
655;0
656;0
657;0
658;0
659;0
660;2
661;2
662;0
663;0
664;0
665;0
666;0
667;1
668;0
669;2
670;0
671;0
672;0
673;0
674;0
675;0
676;2
677;1
678;0
679;2
680;2
681;1
682;0
683;0
684;1
685;0
686;0
687;2
688;1
689;0
690;0
691;0
692;0
693;0
694;0
695;0
696;0
697;2
698;0
699;0
700;0
701;0
702;0
703;1
704;0
705;2
706;1
707;0
708;2
709;0
710;1
711;0
712;0
713;0
714;0
715;0
716;0
717;2
718;2
719;0
720;0
721;2
722;0
723;1
724;0
725;0
726;0
727;0
728;0
729;0
730;0
731;0
732;0
733;0
734;2
735;0
736;1
737;0
738;0
739;0
740;0
741;1
742;0
743;2
744;0
745;0
746;2
747;0
748;0
749;0
750;0
751;0
752;0
753;1
754;2
755;0
756;2
757;0
758;0
759;0
760;2
761;2
762;1
763;0
764;0
765;0
766;0
767;0
768;1
769;0
770;0
771;1
772;0
773;0
774;0
775;0
776;1
777;0
778;0
779;1
780;0
781;1
782;0
783;0
784;2
785;0
786;1
787;0
788;2
789;0
790;0
791;0
792;1
793;0
794;0
795;2
796;1
797;0
798;0
799;0
800;0
801;2
802;2
803;2
804;2
805;0
806;2
807;0
808;0
809;0
810;0
811;0
812;0
813;1
814;1
815;0
816;0
817;0
818;2
819;0
820;2
821;2
822;2
823;2
824;1
825;0
826;1
827;2
828;0
829;0
830;0
831;0
832;2
833;0
834;0
835;0
836;1
837;0
838;2
839;1
840;0
841;0
842;0
843;0
844;0
845;0
846;0
847;0
848;0
849;0
850;0
851;1
852;0
853;0
854;0
855;1
856;4
857;0
858;2
859;2
860;0
861;0
862;0
863;0
864;2
865;0
866;0
867;0
868;0
869;2
870;0
871;2
872;0
873;1
874;0
875;2
876;0
877;0
878;0
879;0
880;0
881;0
882;2
883;2
884;0
885;0
886;0
887;2
888;2
889;0
890;0
891;2
892;0
893;0
894;0
895;2
896;0
897;0
898;2
899;1
900;0
901;0
902;0
903;2
904;1
905;0
906;0
907;2
908;4
909;0
910;2
911;2
912;2
913;0
914;2
915;0
916;1
917;0
918;0
919;0
920;2
921;1
922;1
923;2
924;1
925;0
926;0
927;0
928;1
929;0
930;1
931;0
932;0
933;2
934;1
935;0
936;2
937;0
938;2
939;0
940;0
941;0
942;0
943;0
944;0
945;1
946;0
947;2
948;2
949;1
950;0
951;0
952;2
953;0
954;0
955;0
956;0
957;0
958;0
959;0
960;0
961;0
962;0
963;0
964;0
965;1
966;0
967;0
968;0
969;0
970;2
971;2
972;0
973;0
974;0
975;1
976;0
977;1
978;0
979;1
980;0
981;0
982;0
983;2
984;2
985;0
986;0
987;0
988;0
989;2
990;0
991;0
992;0
993;0
994;0
995;0
996;0
997;0
998;2
999;0
1000;2
1001;0
1002;2
1003;2
1004;2
1005;0
1006;0
1007;0
1008;0
1009;0
1010;0
1011;2
1012;1
1013;0
1014;1
1015;1
1016;0
1017;0
1018;0
1019;0
1020;0
1021;0
1022;0
1023;0
