0;1
1;0
2;0
3;1
4;2
5;0
6;1
7;2
8;2
9;0
10;2
11;0
12;0
13;0
14;0
15;0
16;0
17;0
18;1
19;0
20;0
21;1
22;0
23;0
24;1
25;2
26;2
27;2
28;0
29;0
30;0
31;0
32;2
33;0
34;0
35;0
36;0
37;0
38;1
39;0
40;2
41;0
42;0
43;2
44;2
45;0
46;2
47;2
48;2
49;0
50;2
51;0
52;0
53;0
54;0
55;2
56;0
57;0
58;0
59;0
60;0
61;1
62;1
63;0
64;0
65;0
66;2
67;0
68;0
69;0
70;0
71;0
72;0
73;2
74;0
75;0
76;2
77;0
78;0
79;2
80;0
81;0
82;0
83;0
84;1
85;0
86;0
87;0
88;0
89;2
90;0
91;0
92;1
93;0
94;0
95;0
96;2
97;0
98;1
99;0
100;0
101;0
102;0
103;0
104;1
105;0
106;0
107;0
108;0
109;0
110;1
111;0
112;1
113;0
114;1
115;0
116;0
117;0
118;0
119;0
120;0
121;2
122;2
123;0
124;2
125;0
126;0
127;0
128;2
129;0
130;2
131;0
132;2
133;2
134;1
135;0
136;0
137;2
138;0
139;0
140;4
141;0
142;0
143;0
144;0
145;0
146;1
147;0
148;2
149;2
150;0
151;1
152;2
153;2
154;0
155;0
156;0
157;1
158;0
159;2
160;0
161;2
162;0
163;0
164;0
165;0
166;0
167;0
168;0
169;2
170;0
171;0
172;2
173;2
174;2
175;2
176;1
177;0
178;0
179;0
180;0
181;2
182;1
183;0
184;0
185;1
186;1
187;1
188;2
189;0
190;0
191;0
192;1
193;0
194;0
195;0
196;0
197;0
198;0
199;2
200;0
201;2
202;1
203;2
204;2
205;0
206;0
207;2
208;0
209;0
210;0
211;1
212;0
213;0
214;0
215;2
216;1
217;0
218;2
219;0
220;0
221;0
222;0
223;0
224;0
225;2
226;0
227;0
228;0
229;2
230;0
231;2
232;1
233;0
234;0
235;0
236;1
237;0
238;0
239;0
240;2
241;0
242;1
243;0
244;1
245;1
246;0
247;0
248;2
249;0
250;0
251;0
252;0
253;0
254;0
255;0
256;2
257;0
258;0
259;1
260;2
261;0
262;0
263;0
264;0
265;0
266;0
267;0
268;2
269;2
270;1
271;0
272;0
273;0
274;0
275;0
276;0
277;0
278;0
279;2
280;1
281;0
282;0
283;2
284;4
285;0
286;2
287;2
288;2
289;0
290;2
291;0
292;1
293;0
294;2
295;2
296;1
297;0
298;0
299;0
300;2
301;0
302;2
303;0
304;0
305;0
306;0
307;0
308;1
309;0
310;0
311;2
312;0
313;0
314;1
315;0
316;0
317;0
318;1
319;0
320;2
321;0
322;2
323;0
324;2
325;0
326;2
327;0
328;0
329;2
330;0
331;0
332;0
333;0
334;2
335;2
336;2
337;0
338;1
339;0
340;0
341;2
342;1
343;0
344;4
345;0
346;0
347;0
348;2
349;1
350;0
351;2
352;2
353;0
354;0
355;0
356;0
357;0
358;0
359;0
360;2
361;2
362;2
363;0
364;0
365;1
366;0
367;2
368;0
369;0
370;2
371;0
372;2
373;2
374;0
375;1
376;0
377;0
378;0
379;0
380;0
381;0
382;2
383;0
384;0
385;2
386;1
387;1
388;0
389;0
390;0
391;2
392;2
393;0
394;2
395;1
396;2
397;0
398;0
399;0
400;1
401;0
402;2
403;2
404;2
405;0
406;1
407;0
408;0
409;0
410;0
411;0
412;0
413;0
414;0
415;0
416;0
417;0
418;0
419;0
420;1
421;0
422;2
423;2
424;1
425;0
426;0
427;0
428;0
429;2
430;1
431;1
432;2
433;0
434;1
435;0
436;0
437;0
438;0
439;0
440;0
441;1
442;0
443;0
444;1
445;0
446;2
447;2
448;2
449;2
450;1
451;2
452;1
453;0
454;1
455;2
456;1
457;0
458;1
459;2
460;1
461;0
462;0
463;2
464;2
465;0
466;1
467;1
468;1
469;0
470;0
471;0
472;0
473;2
474;0
475;0
476;1
477;0
478;0
479;1
480;0
481;0
482;2
483;0
484;2
485;0
486;0
487;0
488;0
489;2
490;0
491;2
492;2
493;0
494;0
495;0
496;2
497;0
498;0
499;0
500;1
501;0
502;0
503;0
504;2
505;2
506;2
507;2
508;1
509;2
510;0
511;0
512;2
513;2
514;1
515;1
516;2
517;0
518;0
519;0
520;2
521;2
522;1
523;0
524;2
525;2
526;0
527;0
528;2
529;1
530;0
531;1
532;2
533;2
534;1
535;0
536;4
537;2
538;2
539;2
540;2
541;0
542;1
543;0
544;2
545;1
546;2
547;0
548;0
549;0
550;0
551;1
552;1
553;0
554;0
555;0
556;0
557;0
558;0
559;0
560;2
561;2
562;1
563;0
564;0
565;0
566;0
567;1
568;1
569;0
570;0
571;0
572;0
573;2
574;2
575;2
576;2
577;2
578;0
579;2
580;0
581;0
582;0
583;0
584;0
585;0
586;0
587;0
588;4
589;2
590;0
591;0
592;0
593;2
594;2
595;2
596;2
597;0
598;0
599;0
600;0
601;0
602;0
603;0
604;0
605;0
606;0
607;0
608;0
609;0
610;0
611;0
612;2
613;2
614;2
615;2
616;2
617;0
618;1
619;0
620;2
621;2
622;2
623;2
624;0
625;0
626;0
627;0
628;0
629;2
630;0
631;1
632;0
633;0
634;0
635;0
636;2
637;0
638;0
639;0
640;1
641;0
642;4
643;2
644;2
645;0
646;0
647;2
648;2
649;0
650;2
651;2
652;4
653;0
654;0
655;0
656;0
657;0
658;0
659;0
660;1
661;0
662;2
663;0
664;0
665;0
666;1
667;0
668;2
669;2
670;1
671;0
672;2
673;1
674;0
675;0
676;0
677;1
678;2
679;0
680;0
681;0
682;2
683;1
684;0
685;0
686;0
687;2
688;0
689;0
690;0
691;0
692;1
693;0
694;0
695;1
696;2
697;0
698;2
699;0
700;2
701;0
702;2
703;0
704;1
705;2
706;2
707;2
708;0
709;0
710;1
711;0
712;2
713;0
714;1
715;0
716;2
717;2
718;1
719;0
720;0
721;0
722;2
723;2
724;2
725;0
726;0
727;0
728;2
729;2
730;2
731;0
732;0
733;0
734;1
735;2
736;2
737;2
738;2
739;0
740;0
741;0
742;0
743;0
744;0
745;0
746;0
747;2
748;0
749;0
750;2
751;0
752;1
753;0
754;0
755;0
756;0
757;2
758;2
759;0
760;0
761;1
762;0
763;0
764;0
765;2
766;0
767;0
768;0
769;0
770;0
771;0
772;1
773;0
774;0
775;0
776;0
777;2
778;2
779;2
780;1
781;2
782;0
783;2
784;1
785;0
786;0
787;0
788;0
789;0
790;2
791;2
792;1
793;0
794;2
795;2
796;1
797;0
798;2
799;1
800;0
801;0
802;2
803;0
804;2
805;0
806;0
807;0
808;0
809;2
810;2
811;0
812;0
813;0
814;2
815;1
816;0
817;0
818;1
819;0
820;1
821;0
822;0
823;0
824;1
825;0
826;0
827;1
828;1
829;0
830;0
831;0
832;0
833;0
834;2
835;2
836;0
837;0
838;0
839;0
840;0
841;0
842;2
843;1
844;0
845;0
846;2
847;2
848;1
849;0
850;0
851;1
852;0
853;1
854;0
855;0
856;0
857;2
858;1
859;0
860;0
861;0
862;0
863;0
864;2
865;0
866;2
867;2
868;0
869;0
870;2
871;0
872;0
873;0
874;0
875;0
876;0
877;1
878;0
879;0
880;1
881;0
882;2
883;1
884;0
885;2
886;1
887;0
888;0
889;0
890;0
891;0
892;2
893;2
894;1
895;0
896;2
897;0
898;2
899;0
900;2
901;2
902;2
903;1
904;0
905;0
906;1
907;0
908;2
909;0
910;0
911;0
912;0
913;2
914;2
915;0
916;0
917;0
918;0
919;0
920;2
921;2
922;0
923;2
924;1
925;0
926;1
927;0
928;0
929;0
930;2
931;0
932;0
933;1
934;0
935;0
936;0
937;0
938;0
939;0
940;0
941;0
942;0
943;1
944;0
945;0
946;0
947;0
948;0
949;0
950;0
951;1
952;0
953;0
954;0
955;0
956;0
957;0
958;0
959;0
960;2
961;2
962;0
963;0
964;0
965;0
966;0
967;2
968;2
969;0
970;0
971;0
972;0
973;0
974;0
975;0
976;0
977;0
978;0
979;2
980;1
981;0
982;0
983;0
984;0
985;0
986;0
987;0
988;0
989;2
990;1
991;2
992;0
993;0
994;1
995;0
996;0
997;0
998;0
999;0
1000;0
1001;1
1002;0
1003;1
1004;0
1005;0
1006;2
1007;0
1008;1
1009;2
1010;0
1011;0
1012;0
1013;0
1014;1
1015;0
1016;0
1017;0
1018;0
1019;0
1020;0
1021;0
1022;0
1023;0
