0;1
1;0
2;0
3;2
4;2
5;0
6;1
7;0
8;0
9;0
10;2
11;0
12;0
13;2
14;0
15;0
16;0
17;0
18;0
19;0
20;0
21;2
22;0
23;2
24;0
25;0
26;0
27;0
28;2
29;0
30;0
31;2
32;0
33;2
34;0
35;0
36;0
37;0
38;0
39;0
40;2
41;1
42;0
43;0
44;0
45;0
46;0
47;0
48;0
49;0
50;2
51;0
52;1
53;1
54;0
55;2
56;0
57;0
58;0
59;0
60;0
61;1
62;0
63;0
64;0
65;0
66;2
67;0
68;0
69;0
70;2
71;0
72;2
73;4
74;1
75;2
76;1
77;0
78;0
79;0
80;0
81;2
82;1
83;0
84;0
85;2
86;1
87;0
88;0
89;0
90;0
91;0
92;0
93;0
94;2
95;1
96;0
97;0
98;0
99;0
100;1
101;0
102;0
103;2
104;0
105;0
106;0
107;0
108;0
109;0
110;2
111;0
112;0
113;0
114;0
115;0
116;2
117;0
118;0
119;0
120;0
121;0
122;0
123;2
124;0
125;1
126;0
127;0
128;0
129;2
130;0
131;1
132;4
133;0
134;0
135;0
136;0
137;0
138;0
139;0
140;2
141;1
142;0
143;0
144;2
145;1
146;0
147;0
148;0
149;0
150;2
151;0
152;2
153;0
154;0
155;2
156;0
157;0
158;2
159;1
160;0
161;1
162;0
163;0
164;0
165;2
166;2
167;0
168;0
169;2
170;0
171;0
172;0
173;0
174;0
175;0
176;1
177;2
178;0
179;0
180;0
181;2
182;0
183;2
184;0
185;0
186;0
187;0
188;0
189;0
190;0
191;0
192;0
193;0
194;2
195;2
196;1
197;0
198;1
199;0
200;0
201;0
202;0
203;0
204;0
205;1
206;0
207;0
208;0
209;0
210;0
211;0
212;0
213;0
214;0
215;0
216;0
217;1
218;2
219;2
220;2
221;0
222;0
223;2
224;2
225;0
226;2
227;2
228;0
229;0
230;0
231;1
232;1
233;0
234;0
235;0
236;0
237;0
238;2
239;2
240;2
241;1
242;0
243;0
244;1
245;0
246;1
247;0
248;0
249;2
250;0
251;0
252;2
253;0
254;0
255;0
256;4
257;0
258;0
259;2
260;2
261;2
262;2
263;0
264;2
265;0
266;0
267;0
268;1
269;0
270;1
271;0
272;0
273;0
274;0
275;0
276;4
277;0
278;0
279;0
280;1
281;0
282;2
283;0
284;1
285;0
286;0
287;0
288;0
289;0
290;1
291;0
292;0
293;0
294;0
295;0
296;2
297;0
298;0
299;0
300;0
301;2
302;0
303;2
304;0
305;2
306;0
307;0
308;0
309;0
310;2
311;0
312;1
313;0
314;2
315;2
316;2
317;0
318;0
319;0
320;2
321;0
322;0
323;0
324;0
325;0
326;1
327;0
328;1
329;0
330;0
331;0
332;0
333;2
334;0
335;0
336;1
337;0
338;0
339;1
340;0
341;0
342;1
343;0
344;2
345;0
346;0
347;0
348;0
349;0
350;0
351;0
352;0
353;2
354;0
355;2
356;2
357;1
358;2
359;1
360;0
361;0
362;0
363;0
364;2
365;0
366;2
367;2
368;0
369;0
370;0
371;0
372;2
373;2
374;2
375;0
376;1
377;0
378;0
379;0
380;0
381;0
382;0
383;0
384;0
385;0
386;0
387;0
388;0
389;1
390;0
391;0
392;0
393;0
394;0
395;0
396;2
397;2
398;2
399;2
400;0
401;0
402;0
403;2
404;2
405;1
406;0
407;1
408;0
409;2
410;2
411;0
412;1
413;1
414;2
415;0
416;0
417;0
418;0
419;0
420;0
421;2
422;2
423;2
424;2
425;0
426;0
427;0
428;1
429;0
430;0
431;0
432;0
433;2
434;0
435;2
436;2
437;0
438;1
439;2
440;1
441;1
442;0
443;0
444;2
445;0
446;0
447;0
448;0
449;2
450;0
451;0
452;2
453;0
454;0
455;0
456;2
457;0
458;0
459;1
460;0
461;0
462;0
463;2
464;2
465;1
466;0
467;0
468;0
469;0
470;0
471;0
472;0
473;1
474;0
475;1
476;4
477;2
478;0
479;0
480;0
481;0
482;0
483;0
484;2
485;0
486;0
487;2
488;2
489;2
490;1
491;0
492;1
493;0
494;2
495;0
496;0
497;0
498;0
499;0
500;0
501;2
502;0
503;0
504;2
505;2
506;2
507;0
508;0
509;0
510;0
511;0
512;2
513;0
514;0
515;0
516;0
517;0
518;0
519;0
520;1
521;2
522;0
523;0
524;2
525;0
526;0
527;0
528;1
529;0
530;1
531;0
532;1
533;0
534;2
535;2
536;0
537;0
538;0
539;0
540;2
541;0
542;0
543;2
544;0
545;0
546;0
547;1
548;0
549;0
550;0
551;2
552;1
553;0
554;0
555;2
556;0
557;0
558;0
559;2
560;0
561;0
562;2
563;0
564;0
565;0
566;0
567;0
568;0
569;2
570;0
571;0
572;2
573;2
574;2
575;2
576;1
577;0
578;2
579;2
580;2
581;0
582;1
583;2
584;2
585;0
586;2
587;0
588;0
589;0
590;0
591;0
592;0
593;2
594;0
595;0
596;0
597;0
598;0
599;0
600;2
601;0
602;2
603;0
604;0
605;0
606;1
607;0
608;0
609;0
610;0
611;0
612;0
613;0
614;0
615;0
616;0
617;2
618;1
619;0
620;1
621;0
622;0
623;0
624;0
625;1
626;0
627;0
628;0
629;0
630;0
631;2
632;1
633;0
634;0
635;0
636;0
637;2
638;0
639;2
640;0
641;1
642;1
643;0
644;0
645;0
646;0
647;0
648;1
649;0
650;0
651;0
652;0
653;2
654;1
655;0
656;0
657;0
658;2
659;0
660;0
661;2
662;2
663;2
664;0
665;2
666;2
667;1
668;0
669;0
670;0
671;2
672;0
673;0
674;0
675;0
676;1
677;0
678;2
679;0
680;2
681;0
682;0
683;0
684;0
685;0
686;1
687;0
688;0
689;0
690;0
691;0
692;1
693;0
694;0
695;0
696;1
697;0
698;0
699;0
700;2
701;0
702;0
703;0
704;1
705;0
706;0
707;2
708;0
709;1
710;0
711;0
712;0
713;0
714;2
715;0
716;1
717;1
718;0
719;1
720;0
721;0
722;0
723;0
724;1
725;0
726;2
727;0
728;2
729;0
730;2
731;0
732;1
733;0
734;0
735;0
736;2
737;1
738;0
739;0
740;0
741;2
742;2
743;2
744;0
745;0
746;0
747;1
748;0
749;0
750;0
751;0
752;0
753;0
754;0
755;0
756;0
757;0
758;0
759;0
760;2
761;0
762;0
763;0
764;0
765;2
766;1
767;0
768;1
769;0
770;0
771;0
772;1
773;0
774;0
775;0
776;1
777;0
778;2
779;0
780;0
781;0
782;0
783;2
784;2
785;0
786;0
787;0
788;0
789;0
790;0
791;0
792;0
793;2
794;0
795;0
796;0
797;0
798;0
799;2
800;0
801;0
802;0
803;0
804;2
805;2
806;0
807;2
808;0
809;0
810;0
811;0
812;0
813;0
814;0
815;0
816;2
817;0
818;2
819;0
820;4
821;0
822;0
823;0
824;0
825;0
826;0
827;0
828;1
829;1
830;0
831;0
832;0
833;0
834;1
835;0
836;0
837;1
838;2
839;0
840;1
841;0
842;0
843;0
844;0
845;0
846;0
847;2
848;0
849;0
850;0
851;2
852;1
853;0
854;0
855;2
856;1
857;0
858;1
859;2
860;2
861;0
862;0
863;0
864;2
865;1
866;0
867;0
868;0
869;0
870;0
871;0
872;0
873;0
874;0
875;0
876;2
877;0
878;1
879;0
880;2
881;0
882;0
883;2
884;0
885;0
886;0
887;2
888;0
889;0
890;0
891;0
892;0
893;0
894;4
895;2
896;0
897;0
898;2
899;1
900;0
901;0
902;1
903;0
904;0
905;1
906;1
907;0
908;0
909;2
910;2
911;0
912;2
913;0
914;0
915;0
916;0
917;0
918;0
919;0
920;2
921;0
922;0
923;0
924;0
925;0
926;0
927;0
928;0
929;0
930;0
931;0
932;0
933;0
934;0
935;0
936;0
937;0
938;0
939;0
940;2
941;0
942;0
943;0
944;0
945;0
946;0
947;0
948;0
949;0
950;0
951;0
952;0
953;2
954;0
955;0
956;0
957;1
958;0
959;0
960;0
961;0
962;1
963;0
964;4
965;0
966;0
967;0
968;1
969;0
970;0
971;1
972;2
973;2
974;0
975;2
976;1
977;0
978;2
979;2
980;2
981;0
982;0
983;0
984;0
985;1
986;0
987;0
988;0
989;0
990;1
991;0
992;0
993;0
994;0
995;0
996;0
997;0
998;0
999;0
1000;2
1001;0
1002;0
1003;0
1004;2
1005;0
1006;2
1007;0
1008;1
1009;0
1010;0
1011;0
1012;0
1013;1
1014;1
1015;1
1016;0
1017;0
1018;0
1019;0
1020;0
1021;0
1022;0
1023;0
