0;0
1;0
2;0
3;1
4;1
5;0
6;2
7;2
8;2
9;0
10;2
11;0
12;2
13;0
14;0
15;0
16;0
17;0
18;1
19;0
20;0
21;0
22;0
23;0
24;0
25;0
26;0
27;0
28;0
29;2
30;2
31;2
32;2
33;0
34;1
35;0
36;2
37;0
38;2
39;0
40;0
41;0
42;2
43;0
44;0
45;0
46;2
47;0
48;1
49;0
50;1
51;0
52;0
53;2
54;0
55;0
56;0
57;2
58;0
59;0
60;2
61;0
62;0
63;0
64;2
65;0
66;1
67;0
68;0
69;0
70;0
71;2
72;0
73;0
74;0
75;0
76;2
77;0
78;1
79;0
80;0
81;1
82;0
83;0
84;0
85;1
86;0
87;0
88;0
89;0
90;0
91;2
92;1
93;0
94;0
95;0
96;0
97;2
98;0
99;2
100;2
101;0
102;2
103;2
104;0
105;0
106;0
107;0
108;0
109;1
110;0
111;1
112;1
113;0
114;0
115;0
116;2
117;2
118;1
119;0
120;0
121;0
122;1
123;0
124;0
125;0
126;0
127;2
128;0
129;0
130;0
131;2
132;2
133;0
134;0
135;0
136;0
137;0
138;2
139;1
140;0
141;0
142;0
143;0
144;0
145;0
146;0
147;0
148;2
149;0
150;0
151;0
152;0
153;2
154;0
155;0
156;0
157;0
158;1
159;0
160;0
161;2
162;0
163;0
164;2
165;0
166;1
167;2
168;0
169;0
170;2
171;0
172;0
173;1
174;1
175;0
176;2
177;0
178;2
179;0
180;0
181;0
182;1
183;0
184;0
185;0
186;4
187;1
188;2
189;0
190;0
191;0
192;0
193;0
194;1
195;0
196;2
197;0
198;1
199;1
200;0
201;0
202;1
203;0
204;0
205;0
206;0
207;0
208;0
209;0
210;1
211;0
212;0
213;2
214;1
215;0
216;0
217;0
218;0
219;0
220;0
221;0
222;0
223;0
224;0
225;0
226;0
227;0
228;0
229;0
230;0
231;2
232;1
233;0
234;2
235;2
236;2
237;2
238;2
239;2
240;2
241;0
242;2
243;0
244;2
245;2
246;0
247;0
248;0
249;0
250;0
251;0
252;0
253;0
254;0
255;0
256;0
257;0
258;0
259;2
260;2
261;2
262;1
263;0
264;0
265;2
266;1
267;0
268;0
269;0
270;0
271;0
272;0
273;0
274;2
275;1
276;0
277;1
278;1
279;0
280;2
281;2
282;2
283;1
284;0
285;0
286;0
287;0
288;0
289;0
290;0
291;0
292;0
293;1
294;0
295;1
296;0
297;0
298;1
299;1
300;0
301;0
302;0
303;0
304;2
305;0
306;0
307;0
308;0
309;2
310;0
311;0
312;0
313;0
314;1
315;0
316;0
317;0
318;1
319;2
320;0
321;2
322;2
323;0
324;1
325;0
326;0
327;1
328;0
329;0
330;0
331;0
332;0
333;0
334;0
335;0
336;0
337;0
338;2
339;2
340;0
341;1
342;0
343;0
344;0
345;2
346;0
347;2
348;2
349;1
350;0
351;2
352;1
353;0
354;2
355;2
356;0
357;0
358;1
359;0
360;2
361;2
362;0
363;0
364;2
365;0
366;0
367;0
368;0
369;0
370;1
371;0
372;0
373;0
374;0
375;0
376;0
377;0
378;1
379;2
380;0
381;0
382;0
383;0
384;0
385;1
386;0
387;0
388;0
389;2
390;2
391;2
392;0
393;1
394;0
395;2
396;0
397;0
398;0
399;2
400;2
401;0
402;0
403;0
404;2
405;0
406;1
407;0
408;0
409;0
410;0
411;2
412;2
413;2
414;0
415;0
416;2
417;0
418;0
419;0
420;1
421;0
422;1
423;0
424;0
425;0
426;0
427;0
428;0
429;2
430;1
431;0
432;1
433;0
434;0
435;0
436;0
437;2
438;1
439;2
440;1
441;0
442;0
443;0
444;1
445;2
446;0
447;1
448;0
449;0
450;0
451;2
452;1
453;0
454;0
455;2
456;1
457;0
458;0
459;0
460;2
461;0
462;2
463;0
464;2
465;2
466;0
467;1
468;0
469;1
470;2
471;1
472;0
473;0
474;1
475;1
476;0
477;0
478;0
479;0
480;0
481;1
482;0
483;0
484;0
485;2
486;1
487;0
488;2
489;0
490;0
491;0
492;0
493;0
494;0
495;0
496;0
497;1
498;0
499;0
500;1
501;0
502;0
503;0
504;0
505;0
506;1
507;0
508;0
509;2
510;2
511;2
512;2
513;0
514;0
515;0
516;2
517;0
518;0
519;0
520;0
521;0
522;2
523;0
524;0
525;2
526;0
527;2
528;0
529;0
530;1
531;0
532;0
533;2
534;0
535;0
536;2
537;0
538;2
539;2
540;0
541;2
542;0
543;0
544;0
545;0
546;2
547;0
548;0
549;1
550;0
551;0
552;1
553;0
554;0
555;0
556;0
557;0
558;0
559;0
560;0
561;1
562;0
563;0
564;0
565;0
566;1
567;0
568;0
569;0
570;0
571;1
572;0
573;0
574;0
575;0
576;2
577;2
578;1
579;0
580;0
581;2
582;0
583;0
584;0
585;0
586;0
587;1
588;0
589;2
590;0
591;1
592;0
593;0
594;1
595;0
596;0
597;0
598;0
599;2
600;2
601;0
602;0
603;0
604;0
605;2
606;0
607;1
608;1
609;0
610;0
611;0
612;0
613;0
614;1
615;0
616;0
617;0
618;0
619;1
620;0
621;2
622;2
623;0
624;0
625;2
626;0
627;0
628;0
629;0
630;0
631;0
632;0
633;0
634;2
635;0
636;2
637;0
638;0
639;0
640;0
641;0
642;0
643;0
644;2
645;2
646;1
647;0
648;0
649;0
650;0
651;0
652;2
653;1
654;0
655;0
656;1
657;0
658;0
659;0
660;1
661;0
662;1
663;2
664;1
665;0
666;0
667;0
668;0
669;0
670;0
671;0
672;1
673;0
674;0
675;0
676;0
677;0
678;0
679;1
680;0
681;0
682;0
683;2
684;2
685;0
686;2
687;1
688;0
689;0
690;0
691;0
692;0
693;2
694;0
695;0
696;0
697;0
698;2
699;2
700;1
701;0
702;2
703;2
704;0
705;0
706;0
707;2
708;1
709;0
710;0
711;2
712;2
713;2
714;2
715;0
716;0
717;0
718;2
719;0
720;0
721;2
722;0
723;1
724;0
725;0
726;0
727;0
728;0
729;2
730;0
731;2
732;0
733;2
734;2
735;1
736;0
737;0
738;2
739;1
740;0
741;2
742;1
743;1
744;1
745;0
746;0
747;0
748;2
749;2
750;2
751;2
752;1
753;0
754;0
755;0
756;0
757;2
758;0
759;1
760;0
761;0
762;1
763;0
764;1
765;0
766;0
767;0
768;0
769;0
770;0
771;0
772;0
773;0
774;2
775;0
776;2
777;2
778;0
779;0
780;0
781;0
782;0
783;2
784;1
785;0
786;0
787;0
788;2
789;0
790;2
791;2
792;2
793;0
794;1
795;0
796;1
797;0
798;1
799;0
800;0
801;0
802;2
803;2
804;2
805;1
806;0
807;0
808;0
809;2
810;2
811;2
812;1
813;0
814;0
815;1
816;0
817;0
818;0
819;0
820;2
821;0
822;0
823;0
824;0
825;0
826;2
827;2
828;1
829;0
830;0
831;0
832;0
833;0
834;0
835;0
836;0
837;0
838;0
839;2
840;1
841;0
842;0
843;0
844;0
845;0
846;2
847;0
848;1
849;1
850;0
851;0
852;0
853;0
854;1
855;0
856;0
857;0
858;1
859;0
860;0
861;2
862;2
863;2
864;2
865;0
866;0
867;2
868;0
869;0
870;0
871;2
872;0
873;0
874;0
875;0
876;2
877;0
878;2
879;0
880;0
881;0
882;1
883;0
884;0
885;2
886;0
887;0
888;0
889;0
890;0
891;0
892;0
893;0
894;2
895;2
896;2
897;0
898;2
899;0
900;1
901;0
902;0
903;0
904;0
905;2
906;1
907;0
908;2
909;1
910;0
911;2
912;2
913;2
914;0
915;2
916;0
917;0
918;0
919;0
920;0
921;0
922;2
923;0
924;0
925;1
926;0
927;0
928;0
929;0
930;0
931;2
932;0
933;0
934;0
935;0
936;0
937;0
938;0
939;2
940;1
941;0
942;2
943;0
944;0
945;0
946;2
947;2
948;2
949;0
950;0
951;0
952;0
953;0
954;0
955;2
956;0
957;0
958;0
959;2
960;2
961;0
962;2
963;1
964;0
965;0
966;2
967;2
968;2
969;0
970;0
971;0
972;1
973;0
974;1
975;0
976;2
977;0
978;2
979;2
980;0
981;0
982;0
983;0
984;1
985;0
986;2
987;0
988;0
989;0
990;2
991;0
992;0
993;0
994;0
995;0
996;0
997;0
998;0
999;0
1000;2
1001;0
1002;1
1003;0
1004;0
1005;0
1006;0
1007;2
1008;2
1009;0
1010;1
1011;0
1012;0
1013;0
1014;0
1015;0
1016;0
1017;0
1018;0
1019;0
1020;0
1021;0
1022;0
1023;0
