0;1
1;0
2;0
3;2
4;1
5;0
6;2
7;1
8;0
9;2
10;2
11;0
12;2
13;2
14;0
15;0
16;0
17;0
18;0
19;0
20;0
21;2
22;0
23;0
24;0
25;0
26;0
27;0
28;2
29;0
30;0
31;0
32;0
33;1
34;1
35;0
36;0
37;0
38;0
39;0
40;2
41;1
42;0
43;0
44;1
45;0
46;0
47;2
48;0
49;2
50;2
51;0
52;1
53;0
54;0
55;2
56;0
57;2
58;0
59;2
60;0
61;1
62;1
63;0
64;2
65;0
66;0
67;2
68;1
69;0
70;0
71;0
72;1
73;0
74;0
75;1
76;0
77;0
78;0
79;0
80;0
81;2
82;1
83;0
84;0
85;2
86;1
87;0
88;0
89;1
90;1
91;0
92;0
93;0
94;2
95;2
96;4
97;0
98;0
99;0
100;1
101;1
102;0
103;0
104;2
105;2
106;0
107;0
108;0
109;2
110;1
111;2
112;0
113;0
114;2
115;2
116;2
117;0
118;0
119;0
120;0
121;0
122;0
123;2
124;0
125;1
126;0
127;0
128;0
129;2
130;0
131;0
132;0
133;0
134;0
135;0
136;0
137;0
138;0
139;0
140;2
141;1
142;2
143;0
144;2
145;2
146;1
147;0
148;0
149;0
150;1
151;0
152;1
153;0
154;2
155;2
156;4
157;2
158;2
159;2
160;2
161;0
162;2
163;0
164;2
165;0
166;1
167;0
168;0
169;2
170;0
171;0
172;0
173;1
174;0
175;0
176;0
177;0
178;0
179;0
180;0
181;0
182;0
183;0
184;0
185;1
186;0
187;1
188;0
189;0
190;0
191;0
192;0
193;2
194;2
195;2
196;1
197;0
198;1
199;0
200;0
201;0
202;0
203;0
204;0
205;2
206;0
207;0
208;1
209;0
210;0
211;0
212;0
213;0
214;2
215;0
216;1
217;1
218;1
219;2
220;2
221;0
222;0
223;0
224;2
225;0
226;2
227;2
228;2
229;0
230;1
231;0
232;1
233;0
234;0
235;0
236;0
237;0
238;0
239;0
240;2
241;0
242;0
243;0
244;2
245;0
246;1
247;0
248;0
249;0
250;0
251;1
252;0
253;0
254;0
255;0
256;0
257;2
258;0
259;0
260;1
261;0
262;2
263;0
264;0
265;0
266;0
267;0
268;0
269;0
270;1
271;0
272;0
273;0
274;0
275;0
276;4
277;0
278;0
279;0
280;0
281;2
282;1
283;0
284;1
285;0
286;0
287;1
288;1
289;0
290;0
291;0
292;2
293;0
294;0
295;0
296;2
297;2
298;0
299;2
300;0
301;1
302;0
303;2
304;0
305;0
306;0
307;0
308;2
309;0
310;0
311;0
312;1
313;0
314;2
315;0
316;2
317;0
318;0
319;0
320;2
321;0
322;0
323;0
324;0
325;0
326;2
327;2
328;0
329;0
330;2
331;0
332;0
333;0
334;0
335;0
336;0
337;0
338;0
339;0
340;0
341;0
342;0
343;0
344;0
345;0
346;0
347;0
348;2
349;0
350;1
351;0
352;0
353;0
354;0
355;0
356;1
357;2
358;1
359;0
360;0
361;0
362;0
363;0
364;2
365;0
366;0
367;2
368;0
369;0
370;0
371;0
372;0
373;2
374;0
375;0
376;2
377;0
378;0
379;0
380;0
381;2
382;0
383;0
384;2
385;0
386;0
387;0
388;0
389;2
390;0
391;0
392;1
393;0
394;0
395;0
396;0
397;0
398;2
399;2
400;1
401;0
402;0
403;2
404;2
405;0
406;2
407;2
408;2
409;0
410;2
411;0
412;0
413;1
414;1
415;1
416;0
417;1
418;0
419;0
420;2
421;2
422;2
423;2
424;2
425;2
426;0
427;0
428;2
429;0
430;0
431;0
432;0
433;2
434;0
435;2
436;2
437;0
438;1
439;2
440;0
441;0
442;1
443;0
444;2
445;0
446;1
447;0
448;0
449;2
450;0
451;0
452;0
453;2
454;0
455;1
456;0
457;0
458;0
459;2
460;0
461;0
462;0
463;1
464;0
465;0
466;0
467;0
468;0
469;0
470;0
471;0
472;2
473;1
474;0
475;1
476;1
477;2
478;2
479;0
480;0
481;0
482;0
483;2
484;2
485;1
486;1
487;0
488;0
489;2
490;1
491;0
492;1
493;0
494;2
495;0
496;0
497;0
498;2
499;1
500;0
501;0
502;0
503;0
504;2
505;0
506;1
507;2
508;0
509;0
510;0
511;0
512;0
513;0
514;0
515;0
516;0
517;0
518;0
519;0
520;0
521;0
522;0
523;0
524;0
525;0
526;2
527;0
528;0
529;0
530;1
531;0
532;0
533;0
534;2
535;0
536;0
537;0
538;0
539;0
540;1
541;0
542;0
543;0
544;0
545;1
546;2
547;2
548;2
549;0
550;2
551;0
552;1
553;0
554;0
555;0
556;0
557;0
558;0
559;2
560;0
561;1
562;0
563;0
564;0
565;0
566;1
567;0
568;1
569;2
570;0
571;0
572;0
573;0
574;2
575;0
576;1
577;0
578;0
579;2
580;2
581;0
582;1
583;0
584;0
585;0
586;2
587;0
588;1
589;0
590;0
591;0
592;0
593;2
594;1
595;2
596;0
597;0
598;0
599;0
600;2
601;0
602;0
603;0
604;0
605;0
606;1
607;0
608;0
609;2
610;0
611;0
612;0
613;0
614;0
615;1
616;2
617;0
618;0
619;0
620;0
621;2
622;0
623;0
624;2
625;0
626;1
627;0
628;2
629;0
630;1
631;0
632;1
633;0
634;0
635;0
636;0
637;0
638;0
639;0
640;0
641;0
642;0
643;2
644;0
645;0
646;1
647;0
648;1
649;0
650;0
651;0
652;1
653;0
654;1
655;0
656;0
657;0
658;0
659;0
660;2
661;2
662;0
663;0
664;0
665;0
666;0
667;2
668;1
669;0
670;0
671;2
672;0
673;0
674;2
675;2
676;1
677;0
678;0
679;0
680;0
681;2
682;0
683;0
684;0
685;0
686;0
687;2
688;0
689;0
690;0
691;0
692;0
693;0
694;0
695;0
696;1
697;0
698;0
699;1
700;0
701;2
702;0
703;0
704;1
705;0
706;0
707;2
708;0
709;2
710;0
711;0
712;0
713;0
714;2
715;0
716;0
717;2
718;0
719;0
720;0
721;0
722;0
723;0
724;0
725;0
726;0
727;0
728;2
729;2
730;2
731;0
732;1
733;0
734;0
735;0
736;0
737;0
738;0
739;0
740;0
741;2
742;2
743;2
744;0
745;0
746;0
747;0
748;0
749;0
750;0
751;0
752;0
753;0
754;1
755;1
756;0
757;2
758;0
759;0
760;0
761;0
762;0
763;0
764;0
765;1
766;2
767;0
768;1
769;0
770;1
771;0
772;2
773;0
774;0
775;0
776;0
777;0
778;0
779;0
780;1
781;0
782;2
783;2
784;2
785;0
786;0
787;0
788;2
789;0
790;1
791;0
792;0
793;0
794;0
795;0
796;4
797;0
798;0
799;0
800;0
801;0
802;0
803;0
804;2
805;1
806;0
807;0
808;2
809;0
810;0
811;0
812;0
813;0
814;1
815;0
816;0
817;2
818;2
819;0
820;1
821;2
822;0
823;0
824;0
825;0
826;0
827;0
828;1
829;0
830;0
831;0
832;1
833;0
834;2
835;0
836;2
837;1
838;2
839;0
840;0
841;2
842;0
843;0
844;0
845;0
846;0
847;0
848;0
849;0
850;0
851;1
852;0
853;0
854;0
855;0
856;4
857;0
858;2
859;1
860;0
861;0
862;2
863;0
864;1
865;0
866;1
867;0
868;0
869;0
870;0
871;0
872;0
873;0
874;0
875;0
876;2
877;0
878;0
879;0
880;2
881;0
882;0
883;1
884;0
885;0
886;0
887;0
888;0
889;1
890;0
891;0
892;0
893;0
894;1
895;1
896;0
897;0
898;2
899;2
900;2
901;0
902;2
903;1
904;0
905;1
906;0
907;0
908;0
909;0
910;0
911;0
912;0
913;0
914;0
915;0
916;0
917;0
918;0
919;0
920;2
921;0
922;1
923;2
924;0
925;0
926;0
927;0
928;0
929;0
930;0
931;2
932;0
933;0
934;0
935;0
936;0
937;0
938;0
939;0
940;1
941;0
942;2
943;0
944;0
945;0
946;0
947;0
948;2
949;0
950;0
951;0
952;1
953;2
954;0
955;0
956;1
957;0
958;0
959;0
960;0
961;0
962;1
963;0
964;2
965;0
966;0
967;0
968;2
969;0
970;0
971;0
972;0
973;2
974;0
975;0
976;2
977;0
978;2
979;0
980;0
981;1
982;0
983;0
984;0
985;1
986;0
987;2
988;2
989;0
990;1
991;0
992;0
993;0
994;0
995;0
996;1
997;0
998;0
999;0
1000;2
1001;0
1002;0
1003;0
1004;0
1005;0
1006;0
1007;0
1008;0
1009;0
1010;0
1011;2
1012;0
1013;1
1014;1
1015;1
1016;0
1017;0
1018;0
1019;0
1020;0
1021;0
1022;0
1023;0
