0;1
1;2
2;0
3;2
4;2
5;0
6;1
7;2
8;2
9;2
10;2
11;0
12;1
13;0
14;0
15;0
16;1
17;0
18;0
19;0
20;2
21;1
22;0
23;0
24;2
25;0
26;0
27;2
28;2
29;0
30;2
31;0
32;2
33;0
34;0
35;0
36;2
37;2
38;0
39;2
40;0
41;0
42;0
43;0
44;1
45;0
46;0
47;0
48;2
49;0
50;0
51;2
52;1
53;0
54;2
55;2
56;2
57;0
58;1
59;0
60;2
61;0
62;0
63;1
64;0
65;0
66;0
67;0
68;0
69;0
70;1
71;0
72;0
73;0
74;0
75;0
76;1
77;2
78;0
79;0
80;1
81;0
82;0
83;0
84;2
85;2
86;0
87;0
88;1
89;0
90;0
91;0
92;1
93;0
94;0
95;0
96;0
97;1
98;0
99;0
100;1
101;0
102;1
103;0
104;1
105;0
106;1
107;1
108;0
109;0
110;0
111;0
112;2
113;0
114;0
115;0
116;2
117;1
118;0
119;0
120;2
121;0
122;0
123;0
124;0
125;0
126;2
127;0
128;2
129;0
130;0
131;0
132;0
133;0
134;0
135;0
136;2
137;2
138;0
139;0
140;2
141;0
142;0
143;0
144;0
145;2
146;0
147;2
148;0
149;0
150;0
151;0
152;0
153;0
154;0
155;0
156;2
157;0
158;0
159;2
160;2
161;2
162;2
163;0
164;0
165;0
166;0
167;0
168;0
169;1
170;0
171;0
172;1
173;1
174;1
175;1
176;2
177;0
178;0
179;0
180;0
181;0
182;0
183;0
184;0
185;0
186;2
187;2
188;0
189;0
190;2
191;1
192;0
193;0
194;0
195;2
196;2
197;0
198;2
199;1
200;0
201;0
202;2
203;0
204;0
205;0
206;0
207;2
208;0
209;0
210;0
211;1
212;0
213;0
214;0
215;2
216;1
217;0
218;2
219;0
220;1
221;0
222;0
223;0
224;0
225;2
226;1
227;0
228;1
229;0
230;0
231;0
232;0
233;0
234;0
235;0
236;1
237;0
238;1
239;0
240;1
241;0
242;0
243;0
244;2
245;1
246;0
247;0
248;0
249;0
250;0
251;0
252;0
253;0
254;0
255;0
256;0
257;0
258;0
259;1
260;0
261;0
262;2
263;2
264;0
265;0
266;0
267;0
268;2
269;0
270;0
271;0
272;2
273;0
274;0
275;0
276;0
277;1
278;0
279;0
280;0
281;1
282;0
283;0
284;1
285;0
286;0
287;0
288;2
289;0
290;0
291;0
292;0
293;0
294;2
295;0
296;1
297;0
298;0
299;2
300;0
301;0
302;1
303;0
304;1
305;0
306;2
307;0
308;2
309;0
310;2
311;0
312;0
313;2
314;0
315;0
316;0
317;1
318;0
319;0
320;0
321;0
322;2
323;2
324;2
325;1
326;1
327;0
328;0
329;2
330;2
331;1
332;0
333;0
334;2
335;2
336;1
337;0
338;0
339;0
340;2
341;2
342;2
343;2
344;0
345;0
346;2
347;2
348;1
349;0
350;0
351;0
352;0
353;0
354;0
355;0
356;1
357;0
358;0
359;0
360;0
361;0
362;0
363;0
364;2
365;0
366;0
367;0
368;0
369;1
370;0
371;0
372;0
373;0
374;2
375;0
376;2
377;2
378;0
379;1
380;0
381;0
382;0
383;0
384;0
385;0
386;0
387;0
388;2
389;2
390;1
391;1
392;0
393;1
394;0
395;0
396;1
397;2
398;2
399;1
400;0
401;2
402;0
403;0
404;1
405;0
406;0
407;2
408;2
409;0
410;1
411;0
412;1
413;0
414;0
415;0
416;2
417;0
418;0
419;0
420;0
421;1
422;0
423;0
424;1
425;0
426;0
427;2
428;1
429;2
430;1
431;0
432;0
433;0
434;1
435;1
436;4
437;1
438;0
439;1
440;2
441;0
442;0
443;0
444;2
445;0
446;0
447;2
448;1
449;0
450;1
451;2
452;1
453;0
454;0
455;0
456;0
457;1
458;1
459;2
460;0
461;0
462;0
463;0
464;2
465;1
466;0
467;0
468;2
469;2
470;1
471;2
472;2
473;0
474;1
475;0
476;1
477;0
478;0
479;0
480;0
481;0
482;0
483;0
484;2
485;2
486;2
487;0
488;2
489;0
490;0
491;0
492;0
493;0
494;0
495;2
496;2
497;0
498;0
499;0
500;0
501;0
502;0
503;1
504;0
505;0
506;0
507;2
508;2
509;2
510;2
511;2
512;0
513;2
514;2
515;0
516;1
517;0
518;1
519;0
520;2
521;0
522;0
523;0
524;2
525;2
526;2
527;0
528;2
529;2
530;0
531;0
532;1
533;0
534;1
535;1
536;2
537;1
538;2
539;2
540;4
541;2
542;2
543;2
544;2
545;0
546;0
547;0
548;2
549;1
550;2
551;0
552;0
553;0
554;0
555;0
556;0
557;0
558;0
559;0
560;0
561;1
562;0
563;0
564;1
565;0
566;1
567;0
568;0
569;0
570;1
571;0
572;1
573;0
574;2
575;2
576;1
577;0
578;0
579;0
580;2
581;0
582;2
583;1
584;0
585;0
586;0
587;2
588;4
589;0
590;0
591;0
592;0
593;2
594;2
595;2
596;2
597;0
598;0
599;0
600;0
601;0
602;0
603;0
604;1
605;2
606;0
607;0
608;2
609;2
610;2
611;2
612;2
613;0
614;0
615;0
616;1
617;1
618;0
619;0
620;0
621;0
622;0
623;0
624;0
625;0
626;0
627;0
628;1
629;2
630;2
631;2
632;1
633;0
634;0
635;2
636;2
637;0
638;1
639;2
640;0
641;0
642;0
643;0
644;0
645;1
646;0
647;0
648;0
649;0
650;0
651;0
652;2
653;0
654;0
655;0
656;1
657;0
658;0
659;2
660;0
661;0
662;0
663;0
664;2
665;2
666;2
667;0
668;1
669;0
670;0
671;0
672;2
673;0
674;0
675;0
676;2
677;1
678;0
679;0
680;4
681;1
682;2
683;0
684;0
685;2
686;0
687;2
688;2
689;2
690;0
691;0
692;0
693;0
694;0
695;0
696;1
697;0
698;0
699;1
700;2
701;0
702;2
703;0
704;2
705;0
706;2
707;2
708;1
709;2
710;2
711;2
712;2
713;2
714;2
715;0
716;2
717;0
718;0
719;0
720;1
721;0
722;0
723;0
724;0
725;0
726;1
727;0
728;2
729;0
730;0
731;0
732;2
733;2
734;2
735;0
736;2
737;0
738;2
739;0
740;2
741;2
742;0
743;0
744;0
745;0
746;2
747;2
748;1
749;0
750;0
751;2
752;4
753;0
754;2
755;2
756;0
757;0
758;2
759;0
760;2
761;0
762;0
763;0
764;0
765;0
766;0
767;0
768;0
769;2
770;2
771;2
772;1
773;0
774;0
775;0
776;0
777;2
778;0
779;0
780;2
781;0
782;0
783;0
784;2
785;2
786;0
787;0
788;1
789;0
790;0
791;0
792;1
793;0
794;0
795;0
796;0
797;2
798;0
799;2
800;2
801;0
802;0
803;2
804;1
805;1
806;0
807;0
808;0
809;0
810;0
811;0
812;0
813;0
814;0
815;0
816;0
817;2
818;0
819;0
820;1
821;0
822;0
823;1
824;0
825;0
826;0
827;0
828;1
829;0
830;0
831;0
832;1
833;0
834;2
835;2
836;4
837;0
838;0
839;0
840;0
841;2
842;2
843;2
844;2
845;0
846;1
847;0
848;0
849;0
850;0
851;0
852;2
853;0
854;2
855;0
856;1
857;0
858;2
859;0
860;1
861;0
862;0
863;0
864;0
865;2
866;0
867;2
868;0
869;0
870;0
871;2
872;2
873;0
874;0
875;2
876;0
877;0
878;0
879;0
880;0
881;0
882;0
883;0
884;2
885;2
886;2
887;2
888;1
889;0
890;2
891;1
892;0
893;0
894;1
895;0
896;1
897;0
898;0
899;0
900;2
901;1
902;0
903;2
904;2
905;0
906;2
907;0
908;0
909;2
910;1
911;0
912;2
913;0
914;0
915;0
916;1
917;0
918;0
919;1
920;2
921;2
922;2
923;0
924;0
925;0
926;0
927;1
928;1
929;2
930;0
931;2
932;1
933;0
934;0
935;1
936;0
937;1
938;0
939;0
940;0
941;1
942;0
943;0
944;0
945;0
946;0
947;1
948;0
949;0
950;0
951;2
952;2
953;0
954;1
955;2
956;1
957;0
958;0
959;0
960;2
961;0
962;0
963;0
964;4
965;0
966;1
967;0
968;0
969;0
970;0
971;0
972;2
973;0
974;0
975;0
976;0
977;0
978;0
979;0
980;2
981;2
982;1
983;0
984;0
985;0
986;0
987;2
988;0
989;0
990;0
991;0
992;0
993;0
994;0
995;0
996;0
997;0
998;0
999;2
1000;1
1001;0
1002;0
1003;0
1004;0
1005;0
1006;2
1007;0
1008;0
1009;0
1010;0
1011;2
1012;1
1013;1
1014;1
1015;1
1016;0
1017;0
1018;0
1019;0
1020;0
1021;0
1022;0
1023;0
