0;1
1;0
2;0
3;2
4;2
5;0
6;0
7;2
8;0
9;0
10;0
11;0
12;1
13;0
14;0
15;0
16;0
17;0
18;0
19;0
20;1
21;0
22;0
23;0
24;0
25;1
26;1
27;0
28;1
29;2
30;2
31;2
32;2
33;0
34;0
35;0
36;2
37;0
38;2
39;0
40;0
41;2
42;0
43;2
44;2
45;0
46;1
47;0
48;1
49;0
50;1
51;0
52;2
53;1
54;0
55;0
56;0
57;0
58;2
59;0
60;2
61;0
62;0
63;0
64;0
65;0
66;0
67;0
68;0
69;2
70;0
71;2
72;4
73;0
74;0
75;0
76;0
77;0
78;0
79;0
80;1
81;0
82;0
83;0
84;0
85;1
86;1
87;0
88;1
89;0
90;0
91;0
92;1
93;1
94;0
95;0
96;0
97;1
98;0
99;2
100;2
101;1
102;2
103;2
104;4
105;0
106;0
107;0
108;2
109;2
110;1
111;0
112;1
113;0
114;0
115;0
116;2
117;0
118;0
119;0
120;1
121;0
122;0
123;0
124;0
125;2
126;0
127;0
128;0
129;0
130;0
131;2
132;2
133;0
134;0
135;0
136;0
137;0
138;2
139;1
140;0
141;0
142;0
143;0
144;0
145;0
146;1
147;0
148;2
149;2
150;0
151;0
152;2
153;1
154;0
155;2
156;0
157;0
158;0
159;0
160;0
161;0
162;0
163;0
164;0
165;2
166;1
167;2
168;1
169;0
170;2
171;2
172;0
173;1
174;0
175;0
176;1
177;0
178;0
179;0
180;2
181;0
182;0
183;0
184;4
185;0
186;0
187;4
188;2
189;1
190;0
191;1
192;4
193;1
194;4
195;1
196;0
197;2
198;2
199;2
200;2
201;2
202;1
203;0
204;2
205;0
206;0
207;0
208;0
209;0
210;1
211;2
212;2
213;2
214;0
215;2
216;1
217;0
218;0
219;1
220;1
221;0
222;0
223;0
224;1
225;2
226;0
227;0
228;0
229;2
230;0
231;0
232;2
233;0
234;0
235;0
236;4
237;2
238;0
239;1
240;0
241;0
242;0
243;0
244;2
245;2
246;2
247;2
248;2
249;0
250;0
251;0
252;0
253;1
254;0
255;0
256;0
257;0
258;2
259;0
260;0
261;2
262;0
263;0
264;1
265;0
266;2
267;0
268;0
269;2
270;0
271;0
272;2
273;1
274;0
275;0
276;0
277;0
278;2
279;2
280;1
281;0
282;0
283;1
284;1
285;0
286;2
287;0
288;0
289;2
290;2
291;2
292;2
293;0
294;1
295;0
296;0
297;0
298;1
299;0
300;1
301;0
302;0
303;0
304;1
305;0
306;0
307;2
308;4
309;0
310;2
311;0
312;2
313;0
314;2
315;0
316;2
317;0
318;0
319;0
320;0
321;0
322;1
323;2
324;0
325;2
326;2
327;0
328;0
329;0
330;0
331;0
332;0
333;0
334;0
335;2
336;0
337;0
338;0
339;2
340;2
341;0
342;0
343;1
344;1
345;1
346;0
347;0
348;1
349;2
350;2
351;2
352;1
353;0
354;2
355;2
356;2
357;0
358;2
359;0
360;0
361;0
362;0
363;2
364;2
365;0
366;0
367;0
368;1
369;0
370;0
371;0
372;0
373;0
374;0
375;0
376;0
377;0
378;0
379;0
380;1
381;0
382;0
383;0
384;0
385;0
386;0
387;0
388;0
389;1
390;0
391;0
392;0
393;0
394;2
395;2
396;2
397;1
398;2
399;0
400;0
401;0
402;2
403;2
404;1
405;0
406;0
407;1
408;0
409;0
410;0
411;0
412;1
413;0
414;2
415;2
416;2
417;0
418;0
419;0
420;1
421;0
422;0
423;1
424;4
425;0
426;0
427;0
428;2
429;0
430;0
431;2
432;2
433;2
434;2
435;0
436;1
437;0
438;2
439;0
440;0
441;1
442;0
443;2
444;0
445;0
446;0
447;0
448;1
449;2
450;0
451;1
452;0
453;2
454;0
455;0
456;2
457;1
458;1
459;0
460;2
461;0
462;0
463;0
464;0
465;2
466;1
467;0
468;1
469;0
470;0
471;1
472;0
473;0
474;0
475;2
476;0
477;1
478;0
479;0
480;0
481;2
482;2
483;1
484;2
485;0
486;0
487;0
488;0
489;2
490;0
491;0
492;1
493;1
494;0
495;0
496;0
497;0
498;0
499;0
500;1
501;0
502;0
503;0
504;0
505;2
506;2
507;2
508;2
509;0
510;0
511;0
512;0
513;0
514;0
515;0
516;0
517;0
518;0
519;2
520;1
521;0
522;0
523;0
524;2
525;0
526;2
527;0
528;2
529;0
530;2
531;0
532;2
533;0
534;0
535;0
536;0
537;2
538;0
539;0
540;0
541;0
542;0
543;2
544;0
545;2
546;0
547;0
548;0
549;0
550;2
551;0
552;0
553;1
554;0
555;0
556;0
557;0
558;0
559;0
560;0
561;0
562;0
563;0
564;0
565;0
566;0
567;0
568;1
569;0
570;0
571;0
572;0
573;0
574;0
575;0
576;0
577;1
578;0
579;0
580;2
581;0
582;0
583;0
584;0
585;2
586;0
587;0
588;0
589;0
590;0
591;0
592;0
593;1
594;0
595;2
596;2
597;0
598;0
599;0
600;2
601;0
602;0
603;0
604;2
605;0
606;0
607;0
608;0
609;1
610;0
611;0
612;0
613;0
614;0
615;0
616;0
617;0
618;1
619;0
620;2
621;0
622;0
623;1
624;0
625;2
626;0
627;0
628;0
629;1
630;0
631;2
632;0
633;0
634;0
635;0
636;0
637;0
638;0
639;0
640;2
641;0
642;0
643;0
644;0
645;0
646;0
647;2
648;2
649;0
650;0
651;0
652;1
653;0
654;0
655;0
656;2
657;1
658;0
659;2
660;2
661;2
662;0
663;0
664;2
665;0
666;2
667;0
668;1
669;0
670;0
671;0
672;0
673;1
674;0
675;0
676;0
677;2
678;0
679;1
680;0
681;0
682;0
683;1
684;0
685;0
686;2
687;1
688;0
689;0
690;1
691;0
692;0
693;0
694;0
695;0
696;1
697;2
698;0
699;0
700;0
701;2
702;2
703;2
704;4
705;0
706;1
707;2
708;2
709;0
710;1
711;0
712;2
713;0
714;1
715;2
716;1
717;0
718;0
719;0
720;0
721;2
722;0
723;2
724;0
725;1
726;2
727;1
728;2
729;2
730;0
731;0
732;2
733;2
734;1
735;0
736;2
737;0
738;0
739;0
740;2
741;2
742;2
743;2
744;1
745;0
746;2
747;2
748;1
749;0
750;0
751;2
752;4
753;0
754;2
755;2
756;2
757;0
758;2
759;0
760;2
761;0
762;0
763;0
764;0
765;0
766;0
767;0
768;1
769;0
770;0
771;0
772;0
773;1
774;1
775;2
776;2
777;0
778;0
779;0
780;2
781;1
782;0
783;0
784;1
785;0
786;0
787;2
788;1
789;0
790;0
791;0
792;1
793;0
794;1
795;2
796;2
797;0
798;0
799;0
800;2
801;0
802;1
803;0
804;0
805;2
806;2
807;2
808;1
809;0
810;0
811;0
812;0
813;0
814;0
815;2
816;1
817;0
818;0
819;2
820;0
821;0
822;0
823;0
824;2
825;0
826;0
827;0
828;0
829;0
830;1
831;0
832;1
833;0
834;0
835;0
836;0
837;0
838;0
839;0
840;0
841;0
842;2
843;1
844;0
845;0
846;0
847;0
848;0
849;0
850;2
851;0
852;1
853;1
854;0
855;0
856;0
857;0
858;0
859;0
860;2
861;0
862;2
863;4
864;0
865;0
866;0
867;1
868;0
869;0
870;2
871;2
872;1
873;0
874;0
875;0
876;1
877;0
878;2
879;2
880;2
881;0
882;2
883;0
884;1
885;0
886;0
887;0
888;1
889;0
890;1
891;0
892;1
893;0
894;0
895;1
896;0
897;0
898;2
899;2
900;2
901;0
902;0
903;0
904;2
905;0
906;2
907;0
908;0
909;0
910;1
911;0
912;1
913;0
914;1
915;0
916;1
917;0
918;1
919;0
920;0
921;0
922;2
923;2
924;2
925;2
926;2
927;0
928;2
929;0
930;0
931;0
932;0
933;2
934;2
935;2
936;2
937;1
938;0
939;0
940;2
941;2
942;0
943;2
944;0
945;0
946;0
947;0
948;0
949;2
950;2
951;0
952;0
953;1
954;0
955;0
956;0
957;0
958;0
959;2
960;0
961;0
962;2
963;2
964;0
965;0
966;0
967;2
968;1
969;0
970;2
971;0
972;2
973;0
974;0
975;2
976;1
977;0
978;0
979;0
980;0
981;0
982;0
983;4
984;1
985;0
986;1
987;0
988;2
989;0
990;2
991;2
992;2
993;0
994;0
995;2
996;1
997;0
998;0
999;0
1000;2
1001;0
1002;0
1003;0
1004;2
1005;0
1006;2
1007;0
1008;0
1009;0
1010;0
1011;0
1012;0
1013;0
1014;0
1015;0
1016;0
1017;0
1018;0
1019;0
1020;0
1021;0
1022;0
1023;0
