0;1
1;0
2;0
3;2
4;2
5;0
6;2
7;2
8;2
9;2
10;1
11;0
12;1
13;0
14;0
15;0
16;0
17;0
18;2
19;0
20;0
21;2
22;0
23;2
24;0
25;0
26;0
27;0
28;2
29;2
30;0
31;0
32;0
33;2
34;0
35;0
36;0
37;0
38;0
39;0
40;2
41;1
42;0
43;0
44;1
45;0
46;0
47;2
48;0
49;2
50;2
51;0
52;0
53;1
54;0
55;2
56;0
57;0
58;0
59;0
60;0
61;0
62;0
63;0
64;0
65;2
66;0
67;0
68;1
69;0
70;1
71;2
72;1
73;2
74;2
75;1
76;0
77;2
78;0
79;0
80;2
81;0
82;2
83;2
84;0
85;2
86;1
87;0
88;0
89;2
90;0
91;0
92;1
93;0
94;0
95;2
96;1
97;0
98;0
99;0
100;1
101;0
102;0
103;0
104;1
105;0
106;0
107;0
108;0
109;0
110;1
111;2
112;0
113;0
114;0
115;0
116;2
117;0
118;0
119;0
120;2
121;0
122;0
123;2
124;0
125;1
126;0
127;0
128;0
129;1
130;0
131;0
132;0
133;0
134;0
135;0
136;0
137;0
138;0
139;0
140;0
141;1
142;2
143;0
144;2
145;0
146;2
147;1
148;0
149;0
150;0
151;0
152;2
153;1
154;2
155;0
156;0
157;0
158;0
159;0
160;0
161;0
162;0
163;0
164;2
165;0
166;2
167;0
168;0
169;1
170;0
171;0
172;0
173;0
174;0
175;0
176;0
177;1
178;0
179;1
180;0
181;0
182;1
183;0
184;0
185;0
186;0
187;0
188;0
189;2
190;0
191;0
192;0
193;2
194;0
195;0
196;0
197;2
198;0
199;2
200;1
201;0
202;1
203;0
204;2
205;0
206;0
207;2
208;1
209;0
210;2
211;0
212;0
213;0
214;0
215;2
216;4
217;0
218;2
219;2
220;0
221;0
222;0
223;0
224;2
225;0
226;1
227;2
228;0
229;0
230;0
231;0
232;0
233;0
234;0
235;0
236;0
237;0
238;0
239;0
240;0
241;0
242;0
243;0
244;2
245;0
246;0
247;0
248;0
249;0
250;0
251;2
252;0
253;0
254;0
255;0
256;2
257;1
258;0
259;0
260;1
261;0
262;1
263;0
264;0
265;0
266;0
267;0
268;2
269;0
270;2
271;2
272;0
273;0
274;2
275;1
276;0
277;1
278;0
279;0
280;0
281;0
282;0
283;0
284;0
285;0
286;0
287;0
288;0
289;0
290;0
291;0
292;1
293;0
294;0
295;2
296;4
297;0
298;0
299;0
300;2
301;0
302;2
303;0
304;2
305;2
306;1
307;0
308;1
309;2
310;0
311;2
312;0
313;0
314;0
315;0
316;0
317;0
318;2
319;0
320;1
321;0
322;2
323;1
324;0
325;2
326;0
327;0
328;2
329;0
330;0
331;2
332;0
333;0
334;0
335;0
336;2
337;0
338;0
339;0
340;0
341;0
342;0
343;0
344;0
345;0
346;0
347;0
348;1
349;1
350;0
351;0
352;0
353;0
354;2
355;0
356;0
357;0
358;1
359;0
360;0
361;0
362;0
363;0
364;0
365;2
366;2
367;0
368;0
369;2
370;0
371;0
372;0
373;0
374;2
375;2
376;0
377;0
378;0
379;0
380;2
381;0
382;0
383;0
384;0
385;2
386;2
387;0
388;2
389;2
390;0
391;0
392;2
393;0
394;0
395;0
396;1
397;0
398;0
399;2
400;0
401;0
402;0
403;1
404;0
405;0
406;0
407;0
408;0
409;2
410;0
411;0
412;1
413;0
414;2
415;2
416;1
417;0
418;0
419;0
420;0
421;2
422;1
423;2
424;2
425;1
426;0
427;0
428;1
429;0
430;2
431;0
432;0
433;0
434;0
435;0
436;2
437;0
438;0
439;0
440;0
441;0
442;0
443;0
444;1
445;0
446;0
447;0
448;0
449;1
450;1
451;0
452;0
453;0
454;2
455;1
456;2
457;0
458;0
459;2
460;2
461;0
462;1
463;0
464;0
465;0
466;2
467;2
468;2
469;1
470;0
471;0
472;2
473;1
474;0
475;2
476;1
477;0
478;0
479;0
480;0
481;0
482;0
483;0
484;0
485;1
486;0
487;0
488;4
489;0
490;2
491;0
492;0
493;2
494;0
495;0
496;2
497;2
498;0
499;0
500;2
501;2
502;1
503;0
504;2
505;0
506;2
507;0
508;0
509;2
510;1
511;0
512;0
513;0
514;0
515;0
516;0
517;2
518;2
519;0
520;0
521;0
522;0
523;0
524;0
525;0
526;0
527;2
528;2
529;0
530;2
531;2
532;2
533;0
534;2
535;0
536;0
537;2
538;2
539;0
540;0
541;1
542;0
543;0
544;4
545;2
546;0
547;0
548;1
549;0
550;0
551;0
552;1
553;0
554;1
555;0
556;0
557;0
558;2
559;1
560;0
561;0
562;0
563;2
564;2
565;0
566;0
567;0
568;1
569;2
570;1
571;0
572;0
573;2
574;0
575;0
576;1
577;0
578;0
579;0
580;0
581;0
582;0
583;1
584;0
585;0
586;2
587;0
588;0
589;0
590;0
591;0
592;0
593;2
594;0
595;2
596;0
597;0
598;0
599;0
600;0
601;0
602;0
603;0
604;0
605;2
606;1
607;2
608;0
609;0
610;0
611;0
612;2
613;0
614;0
615;0
616;0
617;0
618;0
619;0
620;0
621;0
622;0
623;0
624;0
625;0
626;0
627;0
628;0
629;2
630;2
631;0
632;0
633;0
634;1
635;0
636;2
637;1
638;0
639;0
640;2
641;2
642;1
643;0
644;2
645;0
646;0
647;0
648;0
649;0
650;0
651;0
652;1
653;2
654;1
655;0
656;0
657;0
658;0
659;0
660;0
661;0
662;0
663;0
664;0
665;0
666;0
667;0
668;0
669;0
670;0
671;0
672;2
673;0
674;0
675;2
676;0
677;0
678;0
679;1
680;0
681;1
682;0
683;2
684;0
685;0
686;0
687;0
688;2
689;1
690;1
691;0
692;1
693;0
694;0
695;0
696;0
697;2
698;0
699;2
700;0
701;0
702;0
703;0
704;0
705;0
706;0
707;0
708;1
709;0
710;0
711;0
712;0
713;0
714;0
715;1
716;1
717;1
718;0
719;2
720;0
721;0
722;0
723;0
724;0
725;0
726;2
727;0
728;0
729;1
730;0
731;0
732;0
733;1
734;0
735;0
736;0
737;0
738;0
739;0
740;0
741;0
742;0
743;0
744;0
745;0
746;0
747;0
748;0
749;0
750;2
751;2
752;1
753;0
754;0
755;2
756;2
757;0
758;2
759;1
760;0
761;0
762;2
763;0
764;2
765;1
766;2
767;2
768;2
769;2
770;0
771;2
772;0
773;0
774;0
775;0
776;0
777;0
778;0
779;0
780;0
781;1
782;0
783;0
784;0
785;2
786;0
787;0
788;1
789;0
790;0
791;0
792;2
793;0
794;0
795;1
796;1
797;2
798;0
799;0
800;1
801;0
802;0
803;0
804;0
805;0
806;0
807;0
808;0
809;0
810;2
811;2
812;0
813;2
814;0
815;0
816;2
817;1
818;0
819;0
820;0
821;0
822;0
823;2
824;2
825;0
826;0
827;0
828;2
829;2
830;0
831;2
832;2
833;2
834;1
835;0
836;1
837;0
838;2
839;0
840;0
841;1
842;2
843;0
844;2
845;2
846;2
847;0
848;2
849;1
850;0
851;0
852;0
853;0
854;0
855;0
856;1
857;1
858;0
859;0
860;0
861;0
862;1
863;0
864;0
865;2
866;0
867;0
868;1
869;0
870;0
871;0
872;0
873;1
874;1
875;0
876;0
877;0
878;0
879;1
880;0
881;0
882;1
883;0
884;0
885;0
886;0
887;1
888;2
889;2
890;2
891;0
892;0
893;0
894;1
895;2
896;2
897;0
898;1
899;0
900;0
901;0
902;0
903;0
904;0
905;0
906;0
907;0
908;0
909;0
910;0
911;1
912;0
913;0
914;2
915;2
916;2
917;2
918;1
919;0
920;2
921;2
922;0
923;0
924;0
925;0
926;2
927;0
928;0
929;0
930;0
931;0
932;0
933;0
934;0
935;0
936;2
937;0
938;0
939;2
940;0
941;0
942;0
943;0
944;0
945;0
946;0
947;0
948;0
949;0
950;0
951;0
952;2
953;0
954;0
955;0
956;2
957;0
958;0
959;2
960;0
961;0
962;0
963;0
964;2
965;0
966;1
967;0
968;1
969;0
970;0
971;1
972;0
973;0
974;0
975;2
976;2
977;0
978;2
979;0
980;1
981;2
982;0
983;0
984;1
985;0
986;0
987;0
988;0
989;0
990;0
991;0
992;1
993;0
994;0
995;0
996;1
997;0
998;0
999;1
1000;0
1001;0
1002;0
1003;0
1004;1
1005;2
1006;2
1007;2
1008;2
1009;0
1010;0
1011;0
1012;1
1013;0
1014;1
1015;0
1016;0
1017;0
1018;0
1019;0
1020;0
1021;0
1022;0
1023;0
