0;0
1;0
2;0
3;0
4;2
5;0
6;0
7;2
8;2
9;0
10;2
11;0
12;0
13;0
14;2
15;2
16;1
17;0
18;1
19;0
20;2
21;0
22;1
23;0
24;0
25;0
26;0
27;0
28;0
29;0
30;0
31;2
32;0
33;0
34;0
35;0
36;0
37;2
38;0
39;0
40;0
41;0
42;0
43;0
44;1
45;0
46;0
47;0
48;2
49;2
50;2
51;2
52;2
53;0
54;2
55;2
56;0
57;2
58;0
59;0
60;0
61;0
62;0
63;1
64;0
65;2
66;1
67;0
68;0
69;0
70;0
71;0
72;2
73;2
74;0
75;2
76;1
77;0
78;0
79;0
80;1
81;1
82;0
83;0
84;4
85;2
86;2
87;2
88;1
89;0
90;2
91;0
92;1
93;0
94;1
95;0
96;0
97;2
98;1
99;0
100;0
101;2
102;1
103;0
104;0
105;0
106;1
107;0
108;0
109;2
110;2
111;0
112;2
113;2
114;2
115;0
116;0
117;2
118;1
119;0
120;0
121;0
122;0
123;0
124;2
125;0
126;0
127;0
128;0
129;0
130;1
131;2
132;2
133;0
134;0
135;0
136;0
137;0
138;2
139;1
140;0
141;0
142;0
143;0
144;0
145;0
146;0
147;0
148;2
149;0
150;0
151;0
152;0
153;1
154;0
155;2
156;4
157;0
158;0
159;2
160;0
161;1
162;0
163;0
164;1
165;0
166;0
167;0
168;0
169;0
170;0
171;0
172;0
173;0
174;0
175;0
176;0
177;2
178;0
179;0
180;0
181;0
182;1
183;0
184;0
185;0
186;2
187;1
188;0
189;0
190;0
191;1
192;1
193;0
194;0
195;0
196;0
197;0
198;0
199;0
200;2
201;2
202;2
203;0
204;0
205;1
206;0
207;0
208;2
209;0
210;0
211;0
212;1
213;0
214;0
215;0
216;0
217;0
218;1
219;1
220;0
221;1
222;2
223;0
224;2
225;0
226;0
227;0
228;0
229;0
230;2
231;0
232;0
233;0
234;0
235;1
236;0
237;0
238;1
239;1
240;0
241;0
242;2
243;2
244;0
245;0
246;0
247;0
248;2
249;0
250;0
251;0
252;0
253;0
254;0
255;0
256;1
257;1
258;0
259;2
260;0
261;0
262;1
263;2
264;2
265;1
266;0
267;0
268;1
269;0
270;0
271;2
272;1
273;0
274;0
275;0
276;2
277;0
278;2
279;1
280;0
281;0
282;0
283;0
284;2
285;0
286;2
287;0
288;0
289;0
290;2
291;0
292;0
293;2
294;0
295;0
296;0
297;0
298;2
299;0
300;0
301;1
302;0
303;0
304;0
305;2
306;0
307;0
308;0
309;2
310;2
311;0
312;1
313;2
314;0
315;0
316;0
317;0
318;0
319;0
320;0
321;2
322;0
323;0
324;1
325;0
326;0
327;2
328;0
329;0
330;2
331;0
332;0
333;0
334;0
335;0
336;0
337;0
338;0
339;0
340;0
341;0
342;2
343;0
344;0
345;1
346;0
347;0
348;2
349;0
350;0
351;0
352;0
353;1
354;0
355;0
356;0
357;2
358;0
359;0
360;0
361;0
362;1
363;2
364;2
365;2
366;1
367;0
368;2
369;0
370;0
371;0
372;2
373;0
374;2
375;2
376;2
377;0
378;0
379;0
380;0
381;2
382;1
383;0
384;0
385;0
386;0
387;0
388;2
389;0
390;0
391;2
392;0
393;0
394;0
395;0
396;0
397;0
398;0
399;0
400;1
401;0
402;0
403;0
404;0
405;0
406;0
407;2
408;1
409;0
410;0
411;2
412;0
413;2
414;0
415;0
416;1
417;0
418;0
419;1
420;0
421;0
422;1
423;0
424;0
425;0
426;0
427;0
428;0
429;0
430;0
431;2
432;0
433;0
434;0
435;2
436;0
437;0
438;0
439;4
440;0
441;1
442;0
443;2
444;1
445;0
446;0
447;1
448;0
449;0
450;0
451;0
452;0
453;0
454;2
455;2
456;2
457;0
458;2
459;0
460;2
461;0
462;0
463;0
464;1
465;2
466;1
467;0
468;0
469;2
470;0
471;0
472;0
473;1
474;0
475;0
476;0
477;2
478;2
479;2
480;0
481;0
482;0
483;0
484;1
485;0
486;0
487;0
488;0
489;0
490;1
491;0
492;0
493;0
494;0
495;0
496;2
497;0
498;1
499;0
500;0
501;0
502;0
503;2
504;1
505;1
506;0
507;0
508;0
509;2
510;0
511;2
512;0
513;1
514;0
515;0
516;0
517;0
518;0
519;0
520;0
521;0
522;0
523;0
524;2
525;0
526;2
527;0
528;2
529;2
530;0
531;0
532;2
533;0
534;0
535;0
536;0
537;0
538;0
539;0
540;1
541;0
542;2
543;0
544;2
545;0
546;0
547;0
548;0
549;1
550;0
551;1
552;0
553;2
554;0
555;2
556;2
557;0
558;1
559;0
560;0
561;0
562;0
563;0
564;0
565;0
566;0
567;0
568;0
569;0
570;0
571;0
572;0
573;0
574;0
575;1
576;1
577;0
578;0
579;0
580;1
581;0
582;1
583;0
584;1
585;0
586;0
587;0
588;2
589;0
590;2
591;2
592;2
593;0
594;2
595;1
596;0
597;0
598;0
599;0
600;0
601;0
602;0
603;0
604;1
605;0
606;0
607;0
608;0
609;0
610;2
611;2
612;1
613;0
614;1
615;0
616;1
617;0
618;0
619;0
620;0
621;0
622;2
623;0
624;0
625;0
626;0
627;0
628;0
629;0
630;2
631;0
632;2
633;2
634;2
635;2
636;2
637;1
638;0
639;0
640;2
641;0
642;0
643;0
644;2
645;0
646;0
647;0
648;2
649;0
650;2
651;0
652;0
653;1
654;1
655;0
656;0
657;0
658;0
659;0
660;0
661;2
662;0
663;1
664;2
665;0
666;2
667;0
668;1
669;0
670;0
671;0
672;0
673;0
674;0
675;0
676;2
677;0
678;2
679;2
680;0
681;0
682;1
683;1
684;0
685;0
686;0
687;0
688;0
689;0
690;1
691;2
692;1
693;0
694;0
695;0
696;2
697;0
698;0
699;0
700;1
701;0
702;0
703;0
704;4
705;0
706;2
707;2
708;2
709;0
710;0
711;0
712;1
713;0
714;1
715;0
716;0
717;0
718;0
719;2
720;0
721;0
722;2
723;1
724;0
725;2
726;0
727;0
728;0
729;1
730;0
731;0
732;0
733;0
734;0
735;2
736;0
737;0
738;1
739;0
740;2
741;0
742;1
743;2
744;1
745;0
746;1
747;0
748;1
749;0
750;0
751;1
752;0
753;0
754;2
755;2
756;2
757;0
758;2
759;2
760;2
761;0
762;1
763;0
764;0
765;2
766;0
767;0
768;1
769;0
770;1
771;0
772;0
773;0
774;0
775;0
776;2
777;0
778;0
779;1
780;0
781;0
782;0
783;0
784;0
785;0
786;0
787;0
788;0
789;0
790;2
791;2
792;1
793;0
794;0
795;2
796;1
797;0
798;0
799;0
800;0
801;2
802;0
803;0
804;2
805;2
806;1
807;0
808;0
809;0
810;0
811;2
812;2
813;1
814;2
815;0
816;0
817;0
818;1
819;0
820;0
821;2
822;0
823;1
824;1
825;0
826;1
827;0
828;0
829;0
830;0
831;0
832;2
833;1
834;0
835;2
836;1
837;0
838;2
839;1
840;1
841;0
842;0
843;2
844;2
845;0
846;0
847;1
848;0
849;0
850;2
851;0
852;2
853;1
854;0
855;2
856;1
857;1
858;0
859;0
860;0
861;0
862;0
863;0
864;0
865;0
866;2
867;0
868;1
869;0
870;0
871;0
872;4
873;0
874;2
875;1
876;0
877;0
878;2
879;0
880;2
881;0
882;0
883;2
884;0
885;2
886;0
887;0
888;1
889;2
890;2
891;0
892;0
893;0
894;1
895;0
896;2
897;0
898;1
899;0
900;0
901;1
902;0
903;1
904;0
905;2
906;0
907;0
908;0
909;0
910;0
911;0
912;0
913;0
914;0
915;1
916;0
917;0
918;1
919;0
920;0
921;0
922;1
923;0
924;0
925;1
926;0
927;0
928;0
929;0
930;0
931;0
932;2
933;2
934;0
935;0
936;0
937;0
938;1
939;2
940;0
941;1
942;0
943;2
944;2
945;2
946;0
947;0
948;0
949;0
950;1
951;0
952;0
953;0
954;1
955;0
956;0
957;0
958;1
959;0
960;0
961;0
962;1
963;0
964;0
965;0
966;0
967;0
968;0
969;1
970;0
971;0
972;0
973;0
974;0
975;2
976;0
977;0
978;2
979;2
980;2
981;2
982;0
983;0
984;0
985;0
986;0
987;0
988;0
989;0
990;0
991;1
992;0
993;0
994;0
995;0
996;0
997;0
998;0
999;0
1000;0
1001;2
1002;0
1003;0
1004;1
1005;0
1006;0
1007;2
1008;0
1009;0
1010;0
1011;0
1012;0
1013;0
1014;0
1015;1
1016;0
1017;0
1018;0
1019;0
1020;0
1021;0
1022;0
1023;0
