0;1
1;0
2;0
3;2
4;2
5;0
6;2
7;2
8;2
9;0
10;2
11;0
12;0
13;2
14;0
15;0
16;0
17;1
18;0
19;0
20;0
21;0
22;0
23;0
24;0
25;0
26;0
27;0
28;2
29;2
30;0
31;0
32;2
33;0
34;0
35;0
36;0
37;0
38;2
39;0
40;0
41;1
42;0
43;1
44;0
45;0
46;2
47;0
48;1
49;0
50;0
51;0
52;2
53;2
54;2
55;0
56;0
57;2
58;2
59;2
60;1
61;1
62;0
63;0
64;0
65;0
66;0
67;1
68;0
69;0
70;0
71;2
72;0
73;0
74;0
75;0
76;0
77;0
78;0
79;0
80;0
81;0
82;2
83;0
84;0
85;1
86;1
87;0
88;1
89;0
90;0
91;0
92;1
93;1
94;0
95;2
96;0
97;0
98;1
99;0
100;0
101;0
102;4
103;2
104;4
105;0
106;1
107;0
108;2
109;2
110;1
111;0
112;2
113;0
114;0
115;0
116;2
117;1
118;0
119;1
120;0
121;0
122;2
123;1
124;0
125;1
126;0
127;2
128;4
129;0
130;2
131;2
132;1
133;0
134;2
135;0
136;1
137;0
138;0
139;0
140;1
141;0
142;0
143;2
144;0
145;2
146;2
147;0
148;0
149;0
150;0
151;2
152;0
153;1
154;0
155;0
156;0
157;0
158;1
159;0
160;2
161;2
162;0
163;0
164;2
165;1
166;0
167;2
168;0
169;0
170;0
171;0
172;1
173;0
174;0
175;0
176;1
177;0
178;2
179;2
180;1
181;0
182;0
183;2
184;0
185;1
186;0
187;0
188;2
189;0
190;0
191;0
192;0
193;0
194;0
195;1
196;0
197;0
198;2
199;0
200;1
201;1
202;0
203;2
204;2
205;0
206;2
207;2
208;2
209;0
210;1
211;0
212;1
213;0
214;0
215;1
216;0
217;0
218;0
219;0
220;0
221;0
222;0
223;1
224;1
225;0
226;0
227;0
228;0
229;0
230;0
231;0
232;2
233;0
234;2
235;1
236;0
237;1
238;0
239;0
240;0
241;0
242;0
243;1
244;2
245;0
246;0
247;0
248;2
249;0
250;0
251;0
252;0
253;2
254;0
255;0
256;1
257;0
258;0
259;2
260;2
261;2
262;0
263;0
264;0
265;2
266;1
267;0
268;0
269;0
270;0
271;2
272;2
273;0
274;0
275;0
276;0
277;0
278;0
279;2
280;0
281;0
282;2
283;0
284;0
285;0
286;0
287;2
288;1
289;1
290;0
291;0
292;0
293;0
294;0
295;1
296;1
297;1
298;0
299;0
300;1
301;1
302;0
303;2
304;1
305;0
306;1
307;0
308;0
309;0
310;2
311;0
312;0
313;0
314;2
315;2
316;2
317;0
318;1
319;0
320;0
321;0
322;0
323;2
324;2
325;0
326;0
327;0
328;0
329;0
330;0
331;0
332;0
333;2
334;0
335;0
336;0
337;0
338;1
339;2
340;0
341;2
342;2
343;0
344;0
345;0
346;0
347;0
348;0
349;0
350;0
351;0
352;0
353;0
354;0
355;0
356;2
357;0
358;0
359;1
360;0
361;1
362;0
363;0
364;0
365;2
366;2
367;0
368;0
369;0
370;1
371;0
372;0
373;0
374;0
375;0
376;0
377;0
378;0
379;0
380;0
381;1
382;0
383;0
384;2
385;0
386;0
387;0
388;0
389;0
390;0
391;0
392;0
393;0
394;0
395;0
396;1
397;0
398;0
399;0
400;0
401;0
402;0
403;0
404;0
405;1
406;0
407;0
408;0
409;2
410;0
411;2
412;2
413;1
414;0
415;0
416;0
417;0
418;2
419;2
420;0
421;0
422;1
423;0
424;0
425;0
426;0
427;0
428;0
429;0
430;2
431;2
432;2
433;0
434;0
435;0
436;1
437;0
438;0
439;2
440;2
441;0
442;0
443;2
444;2
445;0
446;0
447;1
448;0
449;2
450;2
451;0
452;1
453;0
454;0
455;2
456;0
457;1
458;0
459;2
460;1
461;0
462;0
463;0
464;1
465;0
466;0
467;1
468;0
469;0
470;0
471;2
472;2
473;0
474;0
475;0
476;0
477;2
478;1
479;0
480;2
481;1
482;0
483;1
484;1
485;0
486;0
487;1
488;0
489;0
490;0
491;1
492;1
493;1
494;0
495;0
496;0
497;1
498;2
499;0
500;2
501;0
502;0
503;0
504;0
505;2
506;0
507;0
508;1
509;1
510;0
511;1
512;1
513;0
514;0
515;0
516;1
517;0
518;0
519;1
520;0
521;0
522;1
523;0
524;2
525;0
526;2
527;0
528;0
529;0
530;0
531;0
532;0
533;0
534;0
535;0
536;0
537;2
538;0
539;2
540;2
541;0
542;0
543;1
544;0
545;0
546;0
547;0
548;2
549;0
550;2
551;2
552;0
553;0
554;0
555;0
556;0
557;0
558;2
559;1
560;0
561;0
562;0
563;2
564;2
565;0
566;2
567;1
568;0
569;0
570;2
571;0
572;1
573;1
574;0
575;0
576;1
577;0
578;2
579;1
580;0
581;1
582;0
583;2
584;2
585;0
586;2
587;0
588;0
589;0
590;0
591;0
592;2
593;0
594;0
595;0
596;0
597;0
598;0
599;0
600;0
601;0
602;0
603;0
604;0
605;0
606;0
607;0
608;1
609;1
610;0
611;0
612;0
613;0
614;0
615;1
616;0
617;2
618;0
619;2
620;0
621;0
622;0
623;0
624;2
625;1
626;0
627;2
628;2
629;0
630;0
631;0
632;0
633;0
634;0
635;2
636;2
637;0
638;0
639;0
640;0
641;2
642;0
643;0
644;0
645;0
646;0
647;1
648;0
649;0
650;1
651;0
652;2
653;0
654;0
655;2
656;0
657;2
658;0
659;0
660;0
661;1
662;0
663;0
664;0
665;0
666;0
667;0
668;0
669;0
670;0
671;0
672;2
673;0
674;0
675;0
676;0
677;0
678;0
679;1
680;0
681;1
682;0
683;1
684;0
685;0
686;0
687;1
688;2
689;1
690;0
691;2
692;2
693;2
694;0
695;2
696;0
697;0
698;1
699;2
700;2
701;0
702;0
703;0
704;0
705;1
706;2
707;0
708;0
709;0
710;0
711;1
712;0
713;0
714;2
715;0
716;0
717;2
718;2
719;1
720;0
721;0
722;2
723;0
724;0
725;2
726;0
727;0
728;0
729;2
730;0
731;0
732;0
733;0
734;2
735;1
736;0
737;0
738;0
739;1
740;0
741;0
742;0
743;1
744;0
745;0
746;2
747;0
748;1
749;0
750;0
751;0
752;0
753;2
754;0
755;0
756;0
757;0
758;2
759;1
760;0
761;1
762;0
763;1
764;0
765;0
766;0
767;0
768;0
769;2
770;0
771;0
772;0
773;2
774;2
775;0
776;1
777;1
778;0
779;0
780;0
781;0
782;0
783;0
784;2
785;1
786;0
787;0
788;0
789;0
790;0
791;0
792;0
793;0
794;2
795;0
796;0
797;0
798;1
799;0
800;1
801;1
802;2
803;0
804;0
805;0
806;0
807;4
808;0
809;0
810;0
811;0
812;0
813;0
814;0
815;2
816;2
817;1
818;0
819;2
820;1
821;0
822;1
823;0
824;0
825;0
826;2
827;1
828;0
829;0
830;0
831;0
832;0
833;2
834;2
835;2
836;1
837;0
838;0
839;0
840;0
841;0
842;0
843;0
844;2
845;0
846;0
847;0
848;0
849;0
850;0
851;0
852;0
853;0
854;1
855;0
856;0
857;0
858;0
859;0
860;0
861;0
862;0
863;2
864;1
865;0
866;0
867;0
868;0
869;0
870;2
871;2
872;2
873;1
874;1
875;0
876;0
877;0
878;2
879;0
880;2
881;0
882;2
883;2
884;0
885;1
886;0
887;0
888;0
889;0
890;0
891;0
892;0
893;0
894;0
895;0
896;0
897;0
898;0
899;1
900;0
901;0
902;2
903;0
904;1
905;0
906;1
907;0
908;0
909;0
910;1
911;0
912;1
913;0
914;2
915;0
916;0
917;0
918;0
919;0
920;0
921;0
922;2
923;0
924;1
925;0
926;0
927;0
928;0
929;2
930;2
931;1
932;0
933;1
934;0
935;0
936;2
937;0
938;0
939;2
940;0
941;0
942;0
943;0
944;2
945;0
946;2
947;0
948;0
949;1
950;0
951;0
952;0
953;0
954;1
955;2
956;0
957;1
958;0
959;2
960;0
961;0
962;0
963;1
964;0
965;0
966;0
967;0
968;0
969;0
970;0
971;0
972;2
973;0
974;2
975;0
976;0
977;0
978;0
979;0
980;0
981;0
982;0
983;0
984;0
985;0
986;0
987;0
988;2
989;0
990;0
991;1
992;0
993;1
994;0
995;2
996;1
997;0
998;2
999;0
1000;1
1001;0
1002;2
1003;2
1004;2
1005;0
1006;2
1007;2
1008;0
1009;0
1010;0
1011;0
1012;1
1013;1
1014;0
1015;1
1016;0
1017;0
1018;0
1019;0
1020;0
1021;0
1022;0
1023;0
