0;0
1;0
2;0
3;2
4;4
5;0
6;2
7;2
8;2
9;0
10;0
11;0
12;2
13;2
14;0
15;0
16;0
17;0
18;0
19;1
20;0
21;0
22;0
23;0
24;0
25;1
26;0
27;0
28;0
29;1
30;1
31;0
32;2
33;0
34;1
35;0
36;0
37;0
38;2
39;0
40;0
41;0
42;0
43;1
44;0
45;0
46;2
47;0
48;1
49;0
50;0
51;0
52;2
53;2
54;2
55;0
56;0
57;0
58;2
59;0
60;0
61;0
62;0
63;0
64;2
65;0
66;0
67;0
68;0
69;0
70;0
71;2
72;0
73;0
74;0
75;0
76;0
77;0
78;0
79;0
80;0
81;0
82;0
83;0
84;0
85;1
86;2
87;2
88;1
89;0
90;0
91;0
92;1
93;2
94;0
95;0
96;0
97;1
98;0
99;2
100;2
101;0
102;0
103;2
104;0
105;1
106;0
107;0
108;2
109;0
110;1
111;0
112;1
113;0
114;0
115;0
116;0
117;0
118;0
119;0
120;0
121;2
122;1
123;0
124;1
125;0
126;0
127;2
128;4
129;1
130;2
131;2
132;2
133;0
134;0
135;0
136;2
137;0
138;1
139;0
140;2
141;0
142;0
143;0
144;0
145;2
146;2
147;0
148;0
149;0
150;0
151;0
152;0
153;1
154;0
155;0
156;0
157;0
158;0
159;0
160;0
161;2
162;0
163;0
164;2
165;0
166;0
167;2
168;0
169;0
170;0
171;0
172;1
173;0
174;0
175;0
176;0
177;2
178;1
179;0
180;0
181;0
182;2
183;0
184;0
185;1
186;0
187;0
188;0
189;0
190;0
191;0
192;0
193;1
194;0
195;2
196;0
197;0
198;1
199;2
200;2
201;0
202;0
203;2
204;2
205;0
206;2
207;1
208;0
209;0
210;0
211;2
212;0
213;0
214;0
215;0
216;0
217;1
218;1
219;1
220;2
221;2
222;1
223;0
224;2
225;2
226;1
227;0
228;2
229;0
230;2
231;0
232;2
233;0
234;1
235;0
236;0
237;0
238;0
239;0
240;0
241;0
242;0
243;1
244;1
245;0
246;0
247;0
248;1
249;2
250;0
251;0
252;1
253;2
254;0
255;2
256;2
257;0
258;0
259;0
260;4
261;2
262;0
263;0
264;2
265;0
266;1
267;2
268;2
269;0
270;0
271;2
272;1
273;0
274;0
275;0
276;0
277;1
278;0
279;0
280;0
281;0
282;2
283;0
284;0
285;0
286;0
287;1
288;0
289;1
290;0
291;0
292;0
293;0
294;0
295;1
296;0
297;0
298;1
299;0
300;2
301;0
302;0
303;0
304;1
305;0
306;0
307;0
308;0
309;0
310;0
311;0
312;0
313;0
314;1
315;0
316;0
317;0
318;2
319;0
320;0
321;0
322;1
323;0
324;2
325;0
326;0
327;0
328;0
329;0
330;0
331;0
332;0
333;0
334;0
335;0
336;2
337;1
338;1
339;2
340;0
341;1
342;0
343;1
344;0
345;0
346;0
347;0
348;0
349;0
350;0
351;0
352;0
353;0
354;0
355;0
356;2
357;1
358;0
359;0
360;0
361;0
362;0
363;0
364;0
365;0
366;2
367;0
368;1
369;0
370;0
371;0
372;0
373;0
374;2
375;0
376;0
377;0
378;1
379;0
380;0
381;0
382;0
383;0
384;2
385;0
386;0
387;0
388;0
389;0
390;0
391;0
392;0
393;0
394;0
395;0
396;1
397;0
398;0
399;0
400;0
401;0
402;0
403;2
404;0
405;0
406;1
407;0
408;0
409;0
410;2
411;2
412;2
413;1
414;0
415;0
416;0
417;0
418;2
419;2
420;2
421;0
422;0
423;0
424;1
425;1
426;0
427;0
428;0
429;0
430;0
431;2
432;2
433;0
434;2
435;0
436;1
437;0
438;0
439;2
440;2
441;0
442;0
443;0
444;0
445;0
446;0
447;0
448;0
449;0
450;0
451;0
452;1
453;2
454;0
455;0
456;2
457;2
458;0
459;2
460;2
461;0
462;0
463;0
464;1
465;2
466;0
467;0
468;0
469;0
470;1
471;1
472;0
473;0
474;0
475;0
476;0
477;0
478;0
479;0
480;2
481;2
482;0
483;2
484;1
485;0
486;0
487;1
488;0
489;2
490;0
491;2
492;0
493;1
494;0
495;0
496;0
497;2
498;2
499;0
500;2
501;0
502;0
503;0
504;0
505;0
506;0
507;0
508;1
509;0
510;1
511;0
512;0
513;0
514;0
515;0
516;1
517;0
518;0
519;0
520;0
521;2
522;2
523;2
524;2
525;0
526;0
527;0
528;0
529;0
530;0
531;0
532;1
533;0
534;0
535;0
536;0
537;2
538;2
539;2
540;1
541;0
542;0
543;0
544;0
545;2
546;0
547;0
548;2
549;0
550;2
551;2
552;0
553;2
554;1
555;0
556;0
557;0
558;0
559;2
560;0
561;0
562;0
563;2
564;4
565;0
566;2
567;2
568;2
569;0
570;0
571;0
572;2
573;1
574;0
575;0
576;1
577;0
578;0
579;0
580;0
581;0
582;0
583;0
584;0
585;2
586;2
587;2
588;2
589;0
590;0
591;0
592;2
593;0
594;0
595;0
596;0
597;0
598;0
599;0
600;1
601;2
602;0
603;0
604;0
605;0
606;0
607;0
608;1
609;0
610;1
611;0
612;2
613;1
614;0
615;0
616;0
617;2
618;0
619;0
620;0
621;0
622;0
623;1
624;0
625;1
626;0
627;0
628;2
629;0
630;0
631;1
632;0
633;0
634;0
635;0
636;2
637;0
638;0
639;0
640;0
641;1
642;0
643;1
644;0
645;0
646;0
647;0
648;0
649;0
650;1
651;0
652;0
653;0
654;1
655;1
656;0
657;2
658;0
659;0
660;0
661;1
662;0
663;0
664;0
665;0
666;0
667;0
668;0
669;0
670;0
671;2
672;2
673;0
674;0
675;0
676;1
677;0
678;0
679;1
680;0
681;0
682;0
683;0
684;0
685;0
686;0
687;1
688;0
689;1
690;0
691;0
692;2
693;1
694;0
695;0
696;0
697;0
698;0
699;2
700;2
701;1
702;0
703;0
704;1
705;1
706;0
707;0
708;1
709;2
710;0
711;0
712;0
713;0
714;0
715;0
716;0
717;2
718;1
719;0
720;2
721;0
722;1
723;0
724;0
725;0
726;0
727;0
728;0
729;2
730;0
731;2
732;2
733;2
734;2
735;0
736;0
737;0
738;0
739;0
740;0
741;0
742;1
743;1
744;0
745;2
746;2
747;0
748;1
749;0
750;0
751;0
752;0
753;2
754;0
755;2
756;0
757;0
758;2
759;1
760;0
761;0
762;1
763;2
764;0
765;2
766;2
767;0
768;2
769;0
770;0
771;0
772;0
773;2
774;0
775;2
776;2
777;0
778;0
779;2
780;0
781;0
782;0
783;0
784;0
785;0
786;0
787;0
788;1
789;0
790;0
791;0
792;0
793;0
794;0
795;2
796;2
797;0
798;0
799;0
800;2
801;1
802;0
803;0
804;1
805;0
806;0
807;0
808;1
809;0
810;0
811;0
812;0
813;0
814;2
815;2
816;2
817;0
818;0
819;1
820;0
821;0
822;1
823;2
824;0
825;0
826;1
827;0
828;0
829;0
830;0
831;0
832;2
833;1
834;2
835;0
836;0
837;0
838;0
839;2
840;0
841;0
842;0
843;0
844;2
845;0
846;0
847;0
848;0
849;0
850;0
851;1
852;2
853;1
854;1
855;0
856;0
857;0
858;0
859;2
860;0
861;0
862;0
863;2
864;0
865;0
866;0
867;0
868;0
869;2
870;2
871;0
872;1
873;0
874;0
875;0
876;0
877;0
878;0
879;1
880;0
881;0
882;2
883;2
884;0
885;2
886;1
887;0
888;2
889;0
890;0
891;2
892;0
893;0
894;0
895;1
896;0
897;0
898;0
899;1
900;0
901;0
902;2
903;0
904;0
905;0
906;1
907;0
908;0
909;0
910;1
911;0
912;1
913;0
914;1
915;0
916;0
917;0
918;2
919;0
920;2
921;0
922;2
923;0
924;1
925;0
926;0
927;0
928;0
929;0
930;0
931;0
932;2
933;0
934;0
935;0
936;2
937;2
938;0
939;1
940;0
941;0
942;0
943;0
944;0
945;0
946;2
947;2
948;0
949;1
950;0
951;0
952;0
953;0
954;0
955;2
956;0
957;0
958;2
959;2
960;0
961;0
962;0
963;0
964;1
965;0
966;0
967;0
968;0
969;0
970;2
971;2
972;2
973;0
974;2
975;0
976;2
977;0
978;0
979;2
980;2
981;0
982;2
983;0
984;1
985;0
986;1
987;0
988;2
989;0
990;0
991;0
992;0
993;0
994;0
995;0
996;0
997;0
998;0
999;0
1000;0
1001;0
1002;1
1003;0
1004;2
1005;0
1006;1
1007;0
1008;0
1009;0
1010;2
1011;2
1012;0
1013;0
1014;0
1015;1
1016;0
1017;0
1018;0
1019;0
1020;0
1021;0
1022;0
1023;0
