0;0
1;0
2;0
3;2
4;4
5;2
6;2
7;2
8;2
9;0
10;2
11;0
12;2
13;2
14;0
15;1
16;0
17;0
18;0
19;0
20;1
21;2
22;0
23;0
24;0
25;0
26;0
27;0
28;0
29;0
30;0
31;0
32;0
33;1
34;1
35;0
36;0
37;0
38;0
39;0
40;1
41;0
42;0
43;0
44;1
45;0
46;0
47;2
48;2
49;2
50;0
51;0
52;0
53;0
54;0
55;2
56;0
57;0
58;0
59;0
60;1
61;0
62;1
63;0
64;2
65;0
66;0
67;0
68;1
69;0
70;0
71;0
72;2
73;2
74;1
75;0
76;2
77;0
78;0
79;0
80;0
81;2
82;2
83;0
84;0
85;2
86;1
87;0
88;1
89;0
90;0
91;0
92;1
93;0
94;2
95;2
96;1
97;0
98;0
99;0
100;1
101;0
102;0
103;0
104;2
105;0
106;0
107;2
108;0
109;0
110;0
111;2
112;0
113;0
114;0
115;0
116;2
117;0
118;0
119;0
120;0
121;2
122;1
123;0
124;0
125;1
126;0
127;0
128;0
129;1
130;0
131;0
132;0
133;0
134;0
135;0
136;0
137;2
138;0
139;0
140;2
141;1
142;2
143;1
144;4
145;0
146;1
147;0
148;0
149;0
150;0
151;0
152;2
153;1
154;0
155;0
156;0
157;0
158;1
159;0
160;2
161;0
162;0
163;0
164;2
165;0
166;0
167;0
168;0
169;1
170;0
171;0
172;1
173;0
174;0
175;0
176;0
177;0
178;0
179;1
180;0
181;0
182;0
183;0
184;0
185;0
186;0
187;0
188;0
189;1
190;0
191;0
192;0
193;0
194;1
195;0
196;2
197;0
198;0
199;0
200;1
201;1
202;1
203;4
204;2
205;0
206;2
207;0
208;1
209;0
210;2
211;1
212;0
213;0
214;0
215;0
216;4
217;0
218;2
219;2
220;2
221;0
222;2
223;0
224;2
225;2
226;1
227;2
228;0
229;0
230;0
231;0
232;0
233;0
234;0
235;0
236;0
237;2
238;0
239;0
240;0
241;0
242;0
243;0
244;0
245;0
246;0
247;0
248;0
249;0
250;0
251;2
252;2
253;2
254;2
255;0
256;0
257;0
258;0
259;0
260;1
261;0
262;1
263;0
264;0
265;0
266;0
267;0
268;2
269;0
270;0
271;2
272;0
273;1
274;0
275;0
276;1
277;0
278;0
279;1
280;0
281;0
282;0
283;0
284;0
285;0
286;0
287;0
288;0
289;0
290;0
291;2
292;1
293;0
294;0
295;2
296;4
297;2
298;2
299;0
300;1
301;0
302;2
303;0
304;2
305;2
306;2
307;2
308;1
309;1
310;1
311;2
312;1
313;2
314;0
315;0
316;2
317;0
318;2
319;0
320;1
321;0
322;2
323;0
324;2
325;0
326;0
327;0
328;2
329;0
330;0
331;2
332;0
333;0
334;0
335;0
336;0
337;0
338;0
339;0
340;0
341;2
342;0
343;0
344;1
345;0
346;0
347;0
348;0
349;1
350;0
351;2
352;0
353;0
354;0
355;0
356;0
357;0
358;1
359;0
360;0
361;0
362;0
363;0
364;0
365;0
366;0
367;1
368;0
369;0
370;0
371;0
372;0
373;0
374;2
375;2
376;0
377;0
378;0
379;0
380;2
381;2
382;0
383;0
384;1
385;2
386;1
387;0
388;2
389;1
390;1
391;0
392;2
393;0
394;0
395;0
396;0
397;2
398;0
399;0
400;0
401;0
402;0
403;2
404;2
405;0
406;0
407;0
408;0
409;2
410;0
411;0
412;1
413;0
414;2
415;2
416;1
417;2
418;0
419;2
420;2
421;0
422;2
423;2
424;2
425;0
426;0
427;0
428;1
429;0
430;2
431;2
432;2
433;2
434;0
435;2
436;2
437;2
438;1
439;0
440;0
441;0
442;1
443;1
444;2
445;0
446;0
447;0
448;0
449;2
450;0
451;0
452;0
453;0
454;1
455;0
456;1
457;0
458;0
459;0
460;4
461;0
462;2
463;2
464;2
465;0
466;4
467;0
468;2
469;2
470;2
471;2
472;1
473;0
474;2
475;1
476;0
477;0
478;2
479;0
480;0
481;0
482;0
483;2
484;1
485;1
486;0
487;0
488;4
489;2
490;2
491;0
492;0
493;0
494;0
495;2
496;2
497;2
498;2
499;2
500;2
501;1
502;0
503;0
504;1
505;0
506;2
507;0
508;0
509;0
510;2
511;0
512;0
513;0
514;0
515;0
516;0
517;0
518;2
519;2
520;0
521;0
522;2
523;2
524;1
525;0
526;0
527;2
528;2
529;0
530;2
531;2
532;2
533;1
534;0
535;0
536;0
537;2
538;2
539;0
540;0
541;1
542;1
543;0
544;1
545;0
546;0
547;0
548;0
549;0
550;0
551;2
552;1
553;2
554;1
555;0
556;0
557;0
558;0
559;2
560;0
561;2
562;0
563;2
564;2
565;2
566;0
567;0
568;0
569;2
570;1
571;0
572;1
573;0
574;0
575;0
576;1
577;0
578;0
579;0
580;2
581;0
582;0
583;2
584;0
585;1
586;0
587;2
588;0
589;0
590;0
591;0
592;0
593;2
594;0
595;0
596;0
597;0
598;0
599;0
600;0
601;0
602;0
603;0
604;0
605;2
606;2
607;0
608;0
609;0
610;0
611;0
612;0
613;0
614;0
615;0
616;0
617;0
618;1
619;0
620;0
621;0
622;0
623;0
624;2
625;1
626;0
627;1
628;0
629;2
630;0
631;0
632;1
633;0
634;0
635;0
636;2
637;2
638;1
639;0
640;2
641;0
642;2
643;1
644;1
645;0
646;0
647;0
648;0
649;0
650;0
651;0
652;1
653;2
654;0
655;0
656;0
657;0
658;0
659;0
660;0
661;0
662;0
663;0
664;0
665;0
666;1
667;0
668;0
669;0
670;0
671;0
672;2
673;2
674;0
675;2
676;0
677;0
678;0
679;2
680;1
681;0
682;0
683;2
684;0
685;0
686;0
687;0
688;0
689;1
690;0
691;0
692;2
693;2
694;1
695;0
696;0
697;0
698;0
699;0
700;0
701;0
702;0
703;0
704;0
705;0
706;0
707;1
708;0
709;0
710;0
711;0
712;0
713;0
714;0
715;0
716;1
717;1
718;0
719;1
720;0
721;1
722;1
723;0
724;0
725;0
726;2
727;0
728;1
729;1
730;0
731;0
732;0
733;0
734;0
735;0
736;1
737;0
738;0
739;0
740;2
741;1
742;0
743;0
744;1
745;0
746;0
747;0
748;1
749;0
750;2
751;2
752;1
753;0
754;0
755;2
756;1
757;2
758;2
759;1
760;2
761;0
762;2
763;0
764;2
765;0
766;0
767;1
768;0
769;2
770;2
771;2
772;0
773;0
774;0
775;0
776;0
777;1
778;0
779;0
780;1
781;0
782;0
783;0
784;0
785;0
786;0
787;0
788;1
789;0
790;0
791;0
792;0
793;0
794;1
795;0
796;1
797;0
798;0
799;0
800;0
801;0
802;0
803;0
804;1
805;0
806;0
807;0
808;1
809;1
810;0
811;2
812;1
813;0
814;0
815;0
816;4
817;2
818;0
819;0
820;0
821;0
822;0
823;0
824;2
825;0
826;0
827;0
828;0
829;0
830;0
831;0
832;2
833;1
834;1
835;2
836;2
837;0
838;0
839;0
840;0
841;0
842;1
843;0
844;0
845;0
846;2
847;0
848;4
849;0
850;2
851;0
852;0
853;2
854;0
855;0
856;1
857;0
858;0
859;0
860;0
861;2
862;1
863;0
864;2
865;0
866;0
867;0
868;0
869;0
870;0
871;2
872;0
873;1
874;1
875;0
876;0
877;0
878;0
879;1
880;0
881;1
882;0
883;0
884;0
885;0
886;1
887;0
888;0
889;1
890;0
891;2
892;2
893;0
894;1
895;0
896;2
897;0
898;0
899;0
900;0
901;0
902;0
903;0
904;0
905;0
906;0
907;0
908;0
909;0
910;2
911;4
912;2
913;0
914;2
915;2
916;0
917;0
918;2
919;1
920;0
921;1
922;1
923;2
924;0
925;0
926;0
927;0
928;0
929;0
930;0
931;0
932;0
933;2
934;0
935;0
936;2
937;0
938;0
939;0
940;0
941;0
942;0
943;0
944;0
945;0
946;0
947;0
948;0
949;0
950;0
951;0
952;0
953;0
954;0
955;0
956;2
957;0
958;0
959;0
960;0
961;0
962;0
963;0
964;0
965;0
966;0
967;1
968;0
969;0
970;0
971;2
972;2
973;0
974;2
975;2
976;2
977;0
978;0
979;0
980;0
981;1
982;0
983;0
984;1
985;0
986;0
987;0
988;1
989;0
990;0
991;4
992;2
993;0
994;0
995;0
996;1
997;0
998;2
999;2
1000;1
1001;1
1002;0
1003;0
1004;2
1005;0
1006;2
1007;2
1008;2
1009;0
1010;2
1011;0
1012;1
1013;0
1014;1
1015;1
1016;0
1017;0
1018;0
1019;0
1020;0
1021;0
1022;0
1023;0
