0;2
1;0
2;0
3;2
4;4
5;0
6;2
7;0
8;2
9;0
10;2
11;0
12;2
13;2
14;0
15;0
16;0
17;0
18;0
19;0
20;0
21;0
22;0
23;0
24;0
25;0
26;0
27;0
28;0
29;1
30;0
31;0
32;0
33;2
34;2
35;0
36;0
37;0
38;2
39;0
40;0
41;0
42;2
43;0
44;0
45;0
46;2
47;0
48;0
49;0
50;0
51;0
52;2
53;2
54;2
55;0
56;0
57;0
58;2
59;1
60;0
61;0
62;0
63;0
64;0
65;0
66;0
67;0
68;0
69;0
70;0
71;0
72;2
73;2
74;0
75;0
76;0
77;2
78;2
79;1
80;0
81;0
82;0
83;0
84;0
85;0
86;2
87;2
88;1
89;0
90;0
91;0
92;0
93;0
94;0
95;0
96;0
97;1
98;0
99;2
100;2
101;0
102;1
103;0
104;2
105;0
106;1
107;0
108;0
109;1
110;0
111;0
112;1
113;0
114;0
115;0
116;0
117;0
118;0
119;0
120;2
121;0
122;0
123;0
124;0
125;2
126;0
127;0
128;0
129;0
130;0
131;2
132;2
133;0
134;0
135;0
136;0
137;0
138;2
139;1
140;0
141;0
142;0
143;2
144;0
145;0
146;2
147;1
148;2
149;2
150;0
151;0
152;2
153;1
154;0
155;1
156;2
157;0
158;0
159;0
160;1
161;0
162;0
163;0
164;1
165;0
166;1
167;1
168;0
169;0
170;2
171;2
172;0
173;1
174;0
175;0
176;2
177;1
178;0
179;0
180;2
181;0
182;2
183;0
184;0
185;0
186;0
187;0
188;2
189;0
190;4
191;1
192;0
193;0
194;1
195;0
196;0
197;2
198;2
199;2
200;0
201;2
202;1
203;0
204;0
205;0
206;0
207;0
208;2
209;0
210;1
211;1
212;0
213;0
214;0
215;0
216;0
217;0
218;0
219;0
220;1
221;1
222;0
223;0
224;2
225;0
226;0
227;1
228;0
229;0
230;0
231;1
232;2
233;2
234;2
235;0
236;0
237;2
238;0
239;0
240;0
241;1
242;0
243;0
244;0
245;2
246;2
247;2
248;2
249;0
250;0
251;0
252;0
253;1
254;0
255;0
256;1
257;0
258;2
259;0
260;0
261;2
262;0
263;0
264;1
265;1
266;0
267;0
268;0
269;0
270;1
271;0
272;0
273;1
274;0
275;0
276;0
277;1
278;1
279;0
280;2
281;0
282;0
283;0
284;0
285;1
286;2
287;0
288;0
289;0
290;2
291;2
292;1
293;0
294;0
295;1
296;1
297;0
298;2
299;2
300;2
301;2
302;2
303;0
304;2
305;0
306;1
307;0
308;0
309;1
310;1
311;0
312;0
313;2
314;1
315;0
316;2
317;0
318;0
319;0
320;0
321;0
322;0
323;0
324;0
325;2
326;2
327;0
328;0
329;0
330;0
331;1
332;0
333;0
334;0
335;1
336;2
337;0
338;1
339;0
340;2
341;0
342;2
343;2
344;1
345;2
346;0
347;0
348;0
349;0
350;0
351;0
352;0
353;0
354;0
355;0
356;2
357;1
358;0
359;0
360;0
361;0
362;0
363;0
364;0
365;1
366;0
367;0
368;0
369;2
370;1
371;0
372;2
373;1
374;0
375;0
376;2
377;0
378;2
379;2
380;0
381;0
382;1
383;2
384;0
385;0
386;0
387;0
388;0
389;0
390;1
391;0
392;0
393;0
394;0
395;0
396;0
397;0
398;0
399;0
400;1
401;0
402;0
403;0
404;0
405;1
406;1
407;0
408;0
409;0
410;0
411;0
412;0
413;0
414;2
415;2
416;2
417;1
418;0
419;0
420;2
421;0
422;2
423;0
424;0
425;0
426;0
427;0
428;0
429;2
430;2
431;0
432;2
433;0
434;0
435;0
436;2
437;0
438;0
439;0
440;0
441;0
442;0
443;1
444;0
445;0
446;0
447;0
448;0
449;2
450;0
451;2
452;0
453;1
454;0
455;0
456;1
457;0
458;0
459;0
460;0
461;0
462;0
463;1
464;0
465;0
466;0
467;0
468;1
469;1
470;0
471;1
472;0
473;0
474;2
475;0
476;0
477;0
478;0
479;0
480;0
481;0
482;0
483;0
484;2
485;0
486;0
487;2
488;1
489;0
490;0
491;0
492;0
493;0
494;0
495;1
496;1
497;1
498;0
499;0
500;2
501;1
502;0
503;2
504;2
505;0
506;0
507;0
508;1
509;1
510;0
511;0
512;2
513;0
514;0
515;0
516;0
517;0
518;1
519;0
520;0
521;0
522;2
523;0
524;0
525;0
526;0
527;1
528;0
529;0
530;0
531;0
532;0
533;0
534;0
535;0
536;0
537;0
538;0
539;0
540;1
541;0
542;2
543;2
544;0
545;0
546;0
547;0
548;0
549;2
550;0
551;0
552;2
553;0
554;2
555;0
556;0
557;2
558;0
559;0
560;0
561;0
562;2
563;0
564;0
565;0
566;1
567;0
568;0
569;0
570;0
571;0
572;0
573;0
574;0
575;0
576;0
577;0
578;0
579;0
580;1
581;0
582;0
583;1
584;0
585;0
586;0
587;0
588;0
589;1
590;0
591;0
592;0
593;0
594;0
595;0
596;0
597;2
598;0
599;0
600;0
601;0
602;0
603;1
604;0
605;1
606;0
607;2
608;2
609;0
610;2
611;0
612;0
613;0
614;0
615;0
616;0
617;0
618;0
619;0
620;0
621;1
622;0
623;1
624;0
625;0
626;0
627;0
628;0
629;0
630;0
631;0
632;2
633;0
634;0
635;1
636;0
637;1
638;0
639;0
640;0
641;0
642;0
643;0
644;0
645;0
646;0
647;2
648;0
649;0
650;0
651;0
652;1
653;0
654;0
655;2
656;1
657;2
658;2
659;2
660;2
661;0
662;2
663;1
664;2
665;0
666;2
667;0
668;0
669;0
670;0
671;0
672;2
673;2
674;0
675;2
676;2
677;1
678;0
679;1
680;0
681;0
682;0
683;0
684;2
685;1
686;0
687;2
688;2
689;2
690;0
691;0
692;0
693;0
694;0
695;1
696;0
697;0
698;0
699;0
700;0
701;2
702;0
703;0
704;0
705;2
706;0
707;0
708;0
709;0
710;0
711;0
712;0
713;0
714;2
715;2
716;2
717;0
718;1
719;0
720;0
721;0
722;0
723;0
724;2
725;2
726;0
727;0
728;0
729;2
730;1
731;0
732;2
733;0
734;0
735;1
736;0
737;0
738;2
739;0
740;0
741;0
742;2
743;0
744;0
745;0
746;0
747;0
748;0
749;2
750;0
751;2
752;1
753;0
754;2
755;1
756;0
757;2
758;1
759;0
760;0
761;2
762;2
763;0
764;2
765;0
766;0
767;0
768;0
769;2
770;2
771;0
772;1
773;0
774;0
775;0
776;0
777;1
778;0
779;0
780;0
781;0
782;1
783;0
784;0
785;0
786;0
787;0
788;0
789;0
790;2
791;0
792;2
793;0
794;2
795;0
796;0
797;2
798;0
799;0
800;0
801;0
802;0
803;2
804;1
805;0
806;1
807;0
808;1
809;0
810;0
811;2
812;2
813;2
814;1
815;2
816;1
817;0
818;0
819;0
820;2
821;0
822;1
823;0
824;2
825;0
826;0
827;0
828;0
829;0
830;0
831;0
832;0
833;2
834;2
835;2
836;1
837;0
838;0
839;0
840;0
841;2
842;1
843;0
844;1
845;0
846;0
847;2
848;0
849;0
850;0
851;0
852;2
853;2
854;0
855;0
856;0
857;0
858;2
859;2
860;1
861;0
862;0
863;0
864;0
865;0
866;0
867;0
868;0
869;0
870;0
871;2
872;1
873;0
874;0
875;0
876;0
877;0
878;2
879;0
880;1
881;0
882;0
883;1
884;0
885;0
886;2
887;0
888;0
889;0
890;2
891;0
892;0
893;2
894;0
895;1
896;2
897;0
898;0
899;2
900;0
901;0
902;0
903;0
904;0
905;2
906;2
907;0
908;2
909;0
910;2
911;0
912;1
913;0
914;1
915;0
916;2
917;0
918;0
919;0
920;1
921;0
922;0
923;0
924;0
925;0
926;1
927;0
928;2
929;0
930;2
931;0
932;1
933;0
934;0
935;0
936;0
937;2
938;0
939;2
940;2
941;0
942;1
943;0
944;2
945;2
946;2
947;2
948;0
949;0
950;0
951;0
952;0
953;0
954;0
955;0
956;0
957;0
958;0
959;0
960;2
961;0
962;0
963;2
964;0
965;2
966;2
967;1
968;0
969;0
970;0
971;2
972;1
973;0
974;2
975;2
976;0
977;0
978;1
979;0
980;2
981;0
982;0
983;0
984;0
985;0
986;0
987;1
988;1
989;0
990;2
991;1
992;0
993;0
994;2
995;2
996;1
997;0
998;2
999;2
1000;1
1001;1
1002;0
1003;1
1004;1
1005;0
1006;2
1007;0
1008;0
1009;0
1010;2
1011;0
1012;1
1013;0
1014;0
1015;0
1016;0
1017;0
1018;0
1019;0
1020;0
1021;0
1022;0
1023;0
