0;1
1;0
2;0
3;2
4;4
5;2
6;2
7;1
8;2
9;0
10;2
11;0
12;1
13;0
14;1
15;0
16;0
17;0
18;0
19;0
20;4
21;0
22;0
23;0
24;0
25;0
26;2
27;2
28;2
29;0
30;0
31;0
32;2
33;0
34;0
35;2
36;0
37;1
38;0
39;0
40;0
41;0
42;0
43;0
44;0
45;0
46;0
47;0
48;0
49;0
50;0
51;2
52;1
53;0
54;0
55;2
56;2
57;1
58;0
59;0
60;2
61;0
62;0
63;0
64;0
65;0
66;2
67;1
68;0
69;0
70;0
71;0
72;1
73;0
74;0
75;0
76;1
77;0
78;0
79;0
80;0
81;0
82;0
83;0
84;2
85;0
86;0
87;0
88;1
89;0
90;0
91;1
92;1
93;0
94;0
95;1
96;1
97;0
98;0
99;0
100;1
101;0
102;0
103;0
104;1
105;0
106;0
107;0
108;0
109;0
110;0
111;0
112;1
113;0
114;0
115;0
116;0
117;0
118;2
119;0
120;2
121;0
122;0
123;0
124;0
125;0
126;0
127;0
128;1
129;0
130;0
131;0
132;0
133;0
134;0
135;0
136;1
137;2
138;0
139;0
140;2
141;2
142;2
143;0
144;0
145;2
146;1
147;0
148;0
149;2
150;2
151;0
152;0
153;0
154;0
155;0
156;0
157;2
158;0
159;0
160;2
161;2
162;2
163;2
164;1
165;0
166;0
167;0
168;0
169;1
170;0
171;0
172;1
173;2
174;1
175;1
176;2
177;0
178;0
179;0
180;1
181;0
182;0
183;0
184;0
185;2
186;2
187;2
188;0
189;0
190;2
191;2
192;1
193;0
194;0
195;2
196;0
197;0
198;2
199;2
200;2
201;2
202;2
203;0
204;2
205;0
206;0
207;2
208;0
209;0
210;0
211;0
212;0
213;0
214;0
215;2
216;1
217;0
218;2
219;0
220;1
221;1
222;0
223;0
224;0
225;0
226;0
227;0
228;2
229;0
230;0
231;0
232;0
233;0
234;0
235;0
236;1
237;0
238;1
239;0
240;2
241;0
242;0
243;0
244;2
245;1
246;0
247;0
248;2
249;0
250;0
251;0
252;0
253;0
254;0
255;0
256;2
257;0
258;0
259;2
260;0
261;0
262;0
263;2
264;0
265;0
266;0
267;0
268;2
269;1
270;0
271;0
272;2
273;0
274;0
275;0
276;0
277;0
278;0
279;0
280;2
281;0
282;2
283;0
284;1
285;0
286;0
287;0
288;2
289;0
290;0
291;0
292;0
293;0
294;0
295;2
296;1
297;0
298;0
299;2
300;0
301;1
302;1
303;0
304;0
305;0
306;1
307;1
308;2
309;0
310;2
311;0
312;0
313;1
314;0
315;0
316;0
317;0
318;0
319;0
320;2
321;0
322;0
323;0
324;2
325;1
326;1
327;1
328;0
329;0
330;2
331;2
332;1
333;0
334;2
335;2
336;1
337;0
338;0
339;2
340;1
341;0
342;2
343;1
344;0
345;0
346;2
347;0
348;1
349;1
350;0
351;0
352;0
353;1
354;0
355;0
356;0
357;0
358;0
359;0
360;0
361;0
362;0
363;0
364;2
365;2
366;0
367;0
368;0
369;2
370;0
371;2
372;0
373;0
374;2
375;0
376;2
377;2
378;0
379;1
380;0
381;0
382;0
383;0
384;0
385;0
386;0
387;1
388;2
389;2
390;1
391;1
392;0
393;1
394;0
395;0
396;2
397;2
398;2
399;2
400;2
401;0
402;0
403;0
404;1
405;0
406;0
407;2
408;4
409;0
410;1
411;0
412;0
413;0
414;0
415;0
416;2
417;0
418;0
419;0
420;0
421;0
422;0
423;0
424;2
425;2
426;2
427;1
428;0
429;2
430;1
431;0
432;0
433;2
434;1
435;1
436;4
437;2
438;2
439;4
440;2
441;0
442;0
443;0
444;1
445;0
446;2
447;2
448;1
449;0
450;1
451;1
452;2
453;0
454;2
455;0
456;1
457;0
458;0
459;4
460;0
461;0
462;1
463;0
464;2
465;2
466;2
467;2
468;2
469;2
470;1
471;2
472;2
473;0
474;0
475;0
476;4
477;2
478;0
479;0
480;0
481;0
482;0
483;0
484;2
485;2
486;2
487;0
488;2
489;0
490;0
491;0
492;0
493;0
494;0
495;2
496;0
497;0
498;0
499;0
500;2
501;0
502;0
503;0
504;2
505;0
506;0
507;0
508;2
509;2
510;2
511;2
512;0
513;1
514;0
515;0
516;2
517;0
518;1
519;1
520;2
521;0
522;0
523;0
524;0
525;2
526;2
527;0
528;0
529;2
530;0
531;0
532;1
533;0
534;1
535;1
536;2
537;0
538;0
539;0
540;4
541;2
542;2
543;2
544;2
545;0
546;0
547;0
548;2
549;1
550;2
551;0
552;0
553;0
554;0
555;2
556;0
557;0
558;0
559;1
560;0
561;1
562;0
563;0
564;2
565;2
566;1
567;0
568;0
569;0
570;1
571;0
572;1
573;0
574;1
575;0
576;1
577;1
578;0
579;2
580;2
581;0
582;2
583;2
584;2
585;0
586;0
587;0
588;2
589;0
590;1
591;0
592;0
593;2
594;2
595;2
596;1
597;0
598;0
599;0
600;0
601;0
602;0
603;2
604;0
605;1
606;0
607;0
608;1
609;0
610;1
611;0
612;0
613;0
614;0
615;0
616;1
617;1
618;0
619;1
620;0
621;0
622;0
623;0
624;0
625;0
626;0
627;0
628;2
629;2
630;2
631;2
632;2
633;0
634;1
635;0
636;0
637;0
638;0
639;2
640;0
641;0
642;0
643;0
644;0
645;1
646;0
647;0
648;0
649;0
650;0
651;0
652;2
653;0
654;0
655;0
656;4
657;0
658;0
659;0
660;0
661;0
662;0
663;0
664;2
665;0
666;2
667;0
668;0
669;0
670;0
671;0
672;0
673;1
674;0
675;0
676;0
677;1
678;0
679;0
680;1
681;1
682;2
683;0
684;0
685;2
686;2
687;2
688;2
689;0
690;2
691;2
692;0
693;0
694;0
695;0
696;1
697;0
698;0
699;1
700;2
701;0
702;2
703;0
704;2
705;0
706;2
707;2
708;1
709;2
710;2
711;1
712;4
713;0
714;0
715;0
716;4
717;0
718;0
719;0
720;2
721;0
722;0
723;0
724;1
725;0
726;1
727;0
728;2
729;0
730;0
731;1
732;0
733;2
734;1
735;0
736;2
737;0
738;2
739;2
740;0
741;1
742;0
743;0
744;1
745;0
746;2
747;2
748;1
749;0
750;0
751;2
752;4
753;0
754;2
755;2
756;2
757;0
758;4
759;0
760;2
761;0
762;0
763;0
764;0
765;0
766;1
767;0
768;2
769;0
770;2
771;0
772;1
773;0
774;0
775;0
776;0
777;0
778;2
779;2
780;0
781;0
782;2
783;0
784;1
785;2
786;0
787;0
788;0
789;0
790;1
791;1
792;0
793;0
794;0
795;0
796;0
797;2
798;2
799;1
800;0
801;2
802;0
803;0
804;1
805;1
806;0
807;0
808;1
809;0
810;0
811;0
812;0
813;0
814;0
815;0
816;0
817;2
818;0
819;0
820;1
821;0
822;2
823;1
824;0
825;0
826;0
827;0
828;1
829;0
830;0
831;0
832;2
833;0
834;2
835;1
836;0
837;0
838;0
839;0
840;0
841;1
842;0
843;0
844;0
845;0
846;1
847;0
848;0
849;0
850;1
851;0
852;2
853;0
854;1
855;0
856;0
857;0
858;2
859;2
860;0
861;1
862;0
863;1
864;0
865;2
866;0
867;2
868;0
869;0
870;2
871;2
872;2
873;0
874;0
875;2
876;2
877;0
878;0
879;0
880;0
881;0
882;0
883;0
884;0
885;0
886;1
887;0
888;0
889;0
890;2
891;1
892;0
893;2
894;0
895;0
896;0
897;0
898;0
899;1
900;1
901;0
902;0
903;1
904;2
905;0
906;0
907;0
908;2
909;2
910;1
911;0
912;2
913;0
914;0
915;0
916;1
917;0
918;0
919;0
920;0
921;0
922;2
923;0
924;0
925;0
926;0
927;1
928;1
929;0
930;0
931;2
932;0
933;0
934;2
935;1
936;0
937;2
938;2
939;1
940;0
941;1
942;0
943;0
944;0
945;0
946;2
947;2
948;1
949;0
950;0
951;2
952;2
953;0
954;2
955;2
956;2
957;0
958;2
959;0
960;0
961;1
962;0
963;0
964;2
965;0
966;0
967;2
968;0
969;0
970;0
971;0
972;0
973;0
974;0
975;0
976;0
977;0
978;0
979;0
980;2
981;2
982;0
983;0
984;0
985;0
986;0
987;1
988;0
989;0
990;0
991;0
992;0
993;0
994;0
995;0
996;0
997;0
998;0
999;4
1000;1
1001;0
1002;0
1003;0
1004;0
1005;0
1006;2
1007;1
1008;0
1009;0
1010;0
1011;2
1012;1
1013;0
1014;0
1015;1
1016;0
1017;0
1018;0
1019;0
1020;0
1021;0
1022;0
1023;0
