0;0
1;0
2;0
3;0
4;2
5;0
6;0
7;2
8;2
9;0
10;2
11;0
12;0
13;0
14;2
15;2
16;1
17;0
18;1
19;0
20;2
21;0
22;1
23;0
24;0
25;0
26;0
27;0
28;0
29;0
30;0
31;2
32;0
33;0
34;0
35;0
36;0
37;2
38;0
39;0
40;0
41;0
42;0
43;0
44;1
45;0
46;0
47;0
48;2
49;2
50;2
51;2
52;2
53;0
54;2
55;2
56;0
57;2
58;0
59;0
60;0
61;0
62;0
63;0
64;0
65;2
66;1
67;0
68;0
69;0
70;0
71;0
72;2
73;2
74;0
75;2
76;2
77;0
78;0
79;0
80;0
81;0
82;2
83;0
84;0
85;2
86;0
87;0
88;2
89;2
90;1
91;0
92;0
93;0
94;2
95;0
96;2
97;0
98;2
99;0
100;0
101;2
102;1
103;0
104;1
105;0
106;0
107;2
108;0
109;0
110;0
111;2
112;2
113;2
114;2
115;2
116;2
117;0
118;2
119;0
120;2
121;2
122;2
123;0
124;2
125;0
126;0
127;0
128;0
129;0
130;1
131;2
132;2
133;0
134;0
135;0
136;0
137;0
138;2
139;1
140;0
141;0
142;0
143;0
144;0
145;0
146;0
147;0
148;2
149;0
150;0
151;0
152;0
153;1
154;0
155;2
156;4
157;0
158;0
159;2
160;0
161;1
162;0
163;0
164;1
165;0
166;0
167;0
168;0
169;0
170;0
171;0
172;0
173;0
174;0
175;2
176;1
177;0
178;0
179;2
180;4
181;0
182;1
183;0
184;0
185;0
186;2
187;2
188;2
189;1
190;0
191;0
192;1
193;0
194;1
195;1
196;0
197;0
198;2
199;1
200;0
201;0
202;2
203;0
204;0
205;0
206;0
207;0
208;1
209;0
210;0
211;0
212;0
213;2
214;0
215;0
216;2
217;2
218;0
219;1
220;1
221;0
222;2
223;1
224;2
225;0
226;0
227;0
228;2
229;2
230;2
231;0
232;0
233;0
234;0
235;0
236;1
237;0
238;2
239;0
240;2
241;2
242;0
243;0
244;2
245;0
246;2
247;2
248;2
249;1
250;0
251;0
252;0
253;0
254;0
255;0
256;0
257;2
258;0
259;0
260;2
261;0
262;0
263;1
264;0
265;0
266;0
267;1
268;0
269;0
270;0
271;2
272;2
273;0
274;2
275;1
276;2
277;0
278;2
279;0
280;2
281;0
282;0
283;0
284;0
285;0
286;0
287;0
288;2
289;0
290;0
291;0
292;0
293;0
294;0
295;0
296;0
297;2
298;2
299;0
300;1
301;1
302;1
303;0
304;0
305;2
306;0
307;0
308;2
309;2
310;0
311;0
312;0
313;0
314;1
315;0
316;0
317;0
318;1
319;0
320;2
321;2
322;1
323;0
324;0
325;0
326;0
327;0
328;0
329;1
330;0
331;0
332;0
333;0
334;0
335;0
336;0
337;2
338;0
339;0
340;0
341;0
342;0
343;0
344;1
345;0
346;0
347;0
348;4
349;0
350;2
351;2
352;2
353;0
354;0
355;0
356;2
357;2
358;0
359;2
360;2
361;2
362;1
363;0
364;0
365;0
366;0
367;0
368;0
369;0
370;1
371;0
372;2
373;0
374;1
375;1
376;0
377;0
378;0
379;2
380;2
381;0
382;2
383;0
384;0
385;0
386;2
387;0
388;0
389;0
390;0
391;1
392;0
393;0
394;2
395;2
396;2
397;2
398;2
399;0
400;1
401;0
402;0
403;2
404;2
405;0
406;0
407;2
408;2
409;0
410;2
411;1
412;0
413;0
414;0
415;0
416;0
417;0
418;2
419;0
420;0
421;0
422;1
423;2
424;2
425;0
426;0
427;0
428;1
429;0
430;0
431;0
432;0
433;2
434;2
435;1
436;0
437;0
438;0
439;2
440;2
441;0
442;0
443;2
444;2
445;0
446;2
447;0
448;2
449;0
450;0
451;0
452;1
453;0
454;0
455;0
456;2
457;0
458;0
459;0
460;2
461;0
462;0
463;2
464;0
465;0
466;0
467;0
468;1
469;0
470;0
471;0
472;0
473;0
474;0
475;2
476;2
477;0
478;0
479;1
480;0
481;0
482;2
483;2
484;2
485;0
486;2
487;0
488;2
489;2
490;1
491;0
492;2
493;0
494;2
495;0
496;0
497;0
498;1
499;0
500;0
501;0
502;0
503;2
504;2
505;0
506;2
507;1
508;0
509;0
510;0
511;0
512;2
513;0
514;1
515;0
516;0
517;1
518;0
519;0
520;2
521;2
522;0
523;0
524;2
525;0
526;0
527;0
528;0
529;2
530;0
531;2
532;0
533;2
534;0
535;0
536;0
537;1
538;0
539;0
540;2
541;2
542;2
543;0
544;0
545;0
546;0
547;1
548;0
549;0
550;0
551;0
552;2
553;0
554;1
555;0
556;0
557;0
558;0
559;1
560;1
561;0
562;0
563;2
564;2
565;0
566;2
567;2
568;2
569;2
570;2
571;0
572;0
573;0
574;1
575;0
576;0
577;2
578;1
579;0
580;0
581;0
582;0
583;0
584;1
585;0
586;0
587;0
588;0
589;0
590;0
591;0
592;0
593;1
594;0
595;0
596;0
597;0
598;0
599;0
600;0
601;2
602;0
603;0
604;1
605;1
606;0
607;0
608;0
609;0
610;0
611;2
612;2
613;0
614;0
615;0
616;0
617;0
618;0
619;0
620;0
621;0
622;1
623;0
624;1
625;0
626;0
627;2
628;2
629;0
630;2
631;2
632;2
633;0
634;0
635;0
636;1
637;0
638;0
639;0
640;0
641;0
642;2
643;0
644;2
645;0
646;0
647;0
648;0
649;0
650;0
651;0
652;0
653;0
654;0
655;0
656;0
657;0
658;0
659;0
660;2
661;0
662;0
663;2
664;0
665;0
666;0
667;0
668;0
669;0
670;0
671;2
672;1
673;0
674;0
675;2
676;2
677;1
678;0
679;2
680;0
681;0
682;2
683;1
684;2
685;2
686;2
687;2
688;1
689;0
690;1
691;2
692;1
693;0
694;0
695;0
696;2
697;0
698;2
699;1
700;0
701;0
702;0
703;0
704;1
705;0
706;1
707;0
708;1
709;0
710;0
711;0
712;4
713;0
714;2
715;1
716;0
717;0
718;0
719;0
720;2
721;0
722;0
723;0
724;0
725;1
726;0
727;1
728;0
729;0
730;0
731;0
732;1
733;0
734;0
735;0
736;2
737;0
738;1
739;2
740;2
741;0
742;0
743;0
744;0
745;0
746;0
747;0
748;0
749;2
750;2
751;0
752;0
753;0
754;0
755;0
756;2
757;1
758;1
759;0
760;2
761;0
762;1
763;0
764;0
765;0
766;0
767;0
768;0
769;0
770;1
771;0
772;0
773;0
774;0
775;0
776;0
777;0
778;2
779;0
780;1
781;2
782;2
783;1
784;0
785;1
786;0
787;0
788;4
789;0
790;2
791;1
792;0
793;0
794;0
795;0
796;1
797;0
798;0
799;0
800;0
801;1
802;0
803;0
804;0
805;0
806;0
807;0
808;0
809;2
810;0
811;2
812;1
813;0
814;0
815;2
816;1
817;0
818;0
819;2
820;1
821;0
822;2
823;2
824;1
825;0
826;0
827;0
828;1
829;0
830;0
831;0
832;2
833;0
834;0
835;2
836;2
837;0
838;2
839;1
840;2
841;2
842;2
843;2
844;0
845;0
846;0
847;0
848;0
849;2
850;1
851;0
852;0
853;0
854;0
855;2
856;1
857;0
858;0
859;0
860;4
861;0
862;2
863;1
864;1
865;0
866;0
867;0
868;2
869;0
870;2
871;0
872;2
873;0
874;0
875;1
876;0
877;0
878;2
879;0
880;0
881;0
882;0
883;0
884;1
885;2
886;2
887;1
888;0
889;0
890;0
891;0
892;2
893;0
894;1
895;0
896;0
897;2
898;2
899;1
900;0
901;1
902;0
903;0
904;2
905;1
906;0
907;0
908;0
909;0
910;0
911;0
912;1
913;0
914;1
915;0
916;2
917;0
918;2
919;1
920;0
921;0
922;1
923;0
924;0
925;0
926;2
927;1
928;0
929;0
930;0
931;1
932;1
933;0
934;0
935;2
936;0
937;0
938;0
939;2
940;0
941;2
942;2
943;1
944;0
945;0
946;2
947;2
948;2
949;0
950;0
951;2
952;0
953;0
954;0
955;1
956;0
957;0
958;0
959;2
960;4
961;0
962;1
963;1
964;0
965;0
966;0
967;0
968;2
969;0
970;0
971;1
972;0
973;2
974;2
975;0
976;1
977;0
978;0
979;0
980;0
981;0
982;2
983;0
984;1
985;2
986;0
987;0
988;2
989;0
990;0
991;0
992;0
993;0
994;0
995;0
996;1
997;1
998;0
999;1
1000;0
1001;2
1002;0
1003;0
1004;0
1005;0
1006;0
1007;0
1008;0
1009;0
1010;2
1011;0
1012;1
1013;0
1014;0
1015;1
1016;0
1017;0
1018;0
1019;0
1020;0
1021;0
1022;0
1023;0
