0;1
1;0
2;0
3;2
4;4
5;0
6;2
7;2
8;2
9;0
10;2
11;0
12;4
13;0
14;0
15;0
16;0
17;0
18;1
19;0
20;4
21;1
22;0
23;0
24;1
25;2
26;2
27;2
28;2
29;0
30;1
31;1
32;2
33;0
34;0
35;0
36;1
37;0
38;2
39;2
40;1
41;0
42;0
43;2
44;0
45;0
46;2
47;2
48;2
49;0
50;2
51;0
52;2
53;2
54;0
55;2
56;0
57;0
58;0
59;2
60;0
61;0
62;0
63;0
64;0
65;2
66;2
67;0
68;0
69;0
70;2
71;0
72;0
73;2
74;0
75;0
76;0
77;0
78;0
79;2
80;0
81;0
82;1
83;0
84;1
85;0
86;0
87;0
88;1
89;2
90;0
91;0
92;1
93;1
94;0
95;0
96;2
97;0
98;1
99;0
100;1
101;0
102;0
103;0
104;0
105;0
106;0
107;0
108;0
109;0
110;1
111;2
112;1
113;0
114;1
115;0
116;1
117;0
118;1
119;0
120;0
121;0
122;1
123;0
124;2
125;0
126;1
127;0
128;1
129;0
130;2
131;0
132;2
133;0
134;1
135;0
136;2
137;0
138;0
139;0
140;4
141;0
142;0
143;0
144;0
145;0
146;1
147;0
148;2
149;2
150;0
151;1
152;2
153;2
154;0
155;0
156;0
157;2
158;0
159;2
160;0
161;2
162;0
163;0
164;0
165;0
166;0
167;0
168;2
169;0
170;0
171;0
172;2
173;2
174;2
175;0
176;1
177;0
178;0
179;0
180;0
181;0
182;1
183;0
184;1
185;1
186;0
187;1
188;2
189;0
190;0
191;0
192;0
193;0
194;0
195;0
196;0
197;2
198;2
199;2
200;0
201;2
202;2
203;1
204;0
205;0
206;0
207;2
208;0
209;0
210;0
211;0
212;0
213;0
214;0
215;2
216;1
217;0
218;2
219;0
220;0
221;0
222;0
223;0
224;0
225;2
226;0
227;0
228;2
229;0
230;1
231;0
232;2
233;0
234;0
235;0
236;1
237;0
238;0
239;0
240;2
241;0
242;0
243;2
244;2
245;1
246;0
247;0
248;2
249;0
250;0
251;0
252;0
253;0
254;0
255;0
256;2
257;0
258;0
259;1
260;0
261;0
262;2
263;0
264;0
265;0
266;1
267;2
268;2
269;0
270;1
271;0
272;0
273;0
274;0
275;0
276;0
277;0
278;2
279;2
280;1
281;0
282;0
283;2
284;4
285;0
286;2
287;2
288;4
289;0
290;2
291;0
292;1
293;0
294;2
295;2
296;1
297;0
298;0
299;0
300;2
301;0
302;0
303;0
304;0
305;0
306;0
307;0
308;1
309;1
310;0
311;2
312;0
313;0
314;1
315;0
316;0
317;0
318;1
319;1
320;2
321;0
322;2
323;0
324;0
325;2
326;2
327;0
328;0
329;1
330;0
331;0
332;0
333;0
334;0
335;2
336;2
337;1
338;1
339;0
340;0
341;0
342;2
343;2
344;2
345;0
346;0
347;0
348;2
349;0
350;0
351;2
352;0
353;0
354;0
355;0
356;0
357;0
358;0
359;0
360;2
361;2
362;0
363;0
364;0
365;2
366;2
367;2
368;0
369;0
370;2
371;0
372;2
373;2
374;0
375;1
376;0
377;0
378;0
379;0
380;0
381;0
382;0
383;0
384;2
385;2
386;1
387;1
388;0
389;1
390;0
391;0
392;2
393;2
394;2
395;2
396;2
397;0
398;0
399;0
400;1
401;0
402;0
403;2
404;4
405;0
406;1
407;0
408;0
409;0
410;0
411;0
412;4
413;0
414;0
415;0
416;0
417;0
418;1
419;0
420;2
421;2
422;1
423;2
424;1
425;2
426;0
427;0
428;0
429;2
430;1
431;1
432;4
433;0
434;0
435;4
436;2
437;0
438;1
439;0
440;2
441;2
442;2
443;1
444;1
445;0
446;0
447;2
448;1
449;0
450;1
451;0
452;0
453;0
454;4
455;0
456;1
457;1
458;1
459;0
460;0
461;2
462;2
463;2
464;2
465;2
466;1
467;2
468;1
469;0
470;1
471;0
472;2
473;2
474;0
475;0
476;0
477;0
478;1
479;0
480;0
481;2
482;2
483;0
484;2
485;0
486;0
487;0
488;0
489;0
490;0
491;2
492;2
493;0
494;2
495;0
496;2
497;0
498;0
499;0
500;0
501;0
502;0
503;0
504;2
505;2
506;2
507;2
508;1
509;2
510;2
511;0
512;2
513;2
514;1
515;1
516;2
517;0
518;0
519;0
520;2
521;0
522;2
523;0
524;2
525;2
526;0
527;0
528;4
529;0
530;0
531;1
532;2
533;1
534;0
535;2
536;2
537;1
538;0
539;2
540;2
541;2
542;0
543;0
544;2
545;0
546;2
547;0
548;0
549;0
550;0
551;2
552;0
553;0
554;0
555;0
556;0
557;1
558;0
559;0
560;2
561;2
562;1
563;0
564;0
565;0
566;1
567;0
568;1
569;0
570;0
571;1
572;0
573;2
574;2
575;2
576;2
577;2
578;2
579;1
580;0
581;0
582;0
583;0
584;0
585;0
586;0
587;0
588;0
589;0
590;0
591;0
592;2
593;2
594;2
595;1
596;0
597;0
598;0
599;0
600;0
601;1
602;0
603;1
604;0
605;0
606;0
607;0
608;0
609;0
610;0
611;0
612;2
613;2
614;2
615;2
616;1
617;0
618;1
619;0
620;2
621;0
622;0
623;2
624;0
625;0
626;0
627;0
628;0
629;1
630;0
631;0
632;0
633;0
634;1
635;0
636;0
637;0
638;0
639;0
640;1
641;0
642;2
643;2
644;1
645;0
646;0
647;2
648;2
649;0
650;2
651;2
652;4
653;0
654;2
655;0
656;2
657;0
658;1
659;0
660;2
661;0
662;2
663;0
664;1
665;0
666;0
667;0
668;2
669;0
670;1
671;0
672;2
673;1
674;0
675;0
676;4
677;1
678;2
679;0
680;0
681;2
682;1
683;2
684;2
685;0
686;0
687;0
688;0
689;0
690;0
691;0
692;1
693;0
694;0
695;0
696;2
697;0
698;2
699;0
700;2
701;0
702;2
703;2
704;0
705;2
706;2
707;2
708;4
709;0
710;0
711;0
712;2
713;0
714;1
715;0
716;2
717;0
718;0
719;0
720;0
721;0
722;1
723;0
724;2
725;0
726;0
727;0
728;2
729;2
730;2
731;0
732;2
733;0
734;0
735;2
736;0
737;2
738;0
739;0
740;1
741;0
742;0
743;0
744;0
745;0
746;2
747;2
748;2
749;2
750;2
751;0
752;1
753;0
754;0
755;0
756;0
757;2
758;2
759;0
760;0
761;0
762;0
763;0
764;0
765;0
766;0
767;0
768;0
769;0
770;0
771;0
772;1
773;0
774;2
775;0
776;0
777;2
778;2
779;2
780;2
781;0
782;0
783;2
784;1
785;1
786;0
787;0
788;0
789;0
790;1
791;0
792;1
793;0
794;0
795;2
796;4
797;0
798;2
799;2
800;2
801;0
802;0
803;0
804;2
805;0
806;0
807;0
808;0
809;2
810;0
811;0
812;1
813;0
814;2
815;1
816;0
817;0
818;1
819;0
820;1
821;0
822;0
823;0
824;1
825;0
826;2
827;2
828;2
829;0
830;0
831;2
832;0
833;2
834;2
835;2
836;2
837;0
838;1
839;0
840;0
841;0
842;0
843;2
844;2
845;0
846;1
847;0
848;1
849;0
850;0
851;2
852;1
853;0
854;2
855;0
856;0
857;2
858;0
859;2
860;0
861;0
862;2
863;2
864;2
865;1
866;0
867;2
868;0
869;2
870;0
871;0
872;0
873;0
874;0
875;0
876;0
877;2
878;2
879;1
880;0
881;0
882;2
883;1
884;0
885;0
886;1
887;1
888;1
889;0
890;0
891;0
892;0
893;2
894;2
895;2
896;2
897;0
898;2
899;0
900;2
901;2
902;2
903;2
904;2
905;2
906;1
907;0
908;1
909;2
910;0
911;0
912;0
913;2
914;2
915;0
916;0
917;0
918;0
919;2
920;1
921;0
922;0
923;2
924;1
925;0
926;2
927;2
928;0
929;0
930;2
931;0
932;0
933;1
934;0
935;0
936;0
937;0
938;2
939;0
940;1
941;1
942;0
943;2
944;4
945;0
946;0
947;0
948;0
949;2
950;2
951;2
952;2
953;0
954;0
955;0
956;1
957;0
958;1
959;0
960;2
961;2
962;0
963;0
964;0
965;0
966;0
967;0
968;0
969;0
970;0
971;0
972;0
973;0
974;0
975;0
976;0
977;0
978;0
979;2
980;1
981;0
982;0
983;0
984;0
985;0
986;0
987;0
988;2
989;0
990;0
991;0
992;2
993;0
994;0
995;1
996;0
997;1
998;0
999;0
1000;0
1001;0
1002;0
1003;1
1004;0
1005;0
1006;0
1007;2
1008;1
1009;2
1010;0
1011;2
1012;0
1013;0
1014;1
1015;0
1016;0
1017;0
1018;0
1019;0
1020;0
1021;0
1022;0
1023;0
