0;1
1;0
2;0
3;2
4;4
5;0
6;2
7;1
8;2
9;0
10;0
11;0
12;2
13;2
14;0
15;0
16;0
17;2
18;0
19;1
20;0
21;0
22;0
23;0
24;0
25;0
26;0
27;0
28;0
29;2
30;2
31;2
32;0
33;0
34;0
35;0
36;0
37;0
38;2
39;0
40;0
41;0
42;0
43;0
44;0
45;0
46;1
47;0
48;0
49;0
50;1
51;0
52;0
53;1
54;0
55;2
56;0
57;1
58;2
59;2
60;2
61;0
62;0
63;2
64;0
65;0
66;0
67;0
68;2
69;0
70;2
71;2
72;0
73;0
74;2
75;0
76;2
77;0
78;0
79;1
80;0
81;0
82;0
83;0
84;0
85;2
86;2
87;1
88;1
89;0
90;0
91;0
92;4
93;0
94;0
95;2
96;1
97;0
98;0
99;2
100;2
101;0
102;0
103;2
104;2
105;2
106;2
107;0
108;0
109;1
110;0
111;2
112;2
113;1
114;2
115;1
116;0
117;0
118;0
119;0
120;2
121;2
122;1
123;0
124;1
125;0
126;0
127;0
128;2
129;0
130;0
131;0
132;2
133;0
134;0
135;0
136;2
137;2
138;0
139;2
140;2
141;0
142;0
143;2
144;2
145;0
146;0
147;0
148;0
149;0
150;2
151;0
152;0
153;0
154;0
155;0
156;0
157;0
158;0
159;0
160;0
161;0
162;0
163;0
164;0
165;1
166;0
167;1
168;0
169;0
170;0
171;0
172;0
173;0
174;2
175;2
176;2
177;0
178;2
179;2
180;1
181;0
182;2
183;2
184;0
185;0
186;2
187;0
188;1
189;0
190;0
191;0
192;0
193;0
194;0
195;1
196;0
197;0
198;0
199;0
200;0
201;2
202;0
203;0
204;0
205;0
206;0
207;0
208;2
209;0
210;0
211;0
212;1
213;0
214;1
215;0
216;0
217;0
218;1
219;0
220;2
221;0
222;0
223;0
224;1
225;0
226;1
227;0
228;1
229;0
230;0
231;2
232;2
233;0
234;1
235;1
236;0
237;0
238;4
239;0
240;2
241;2
242;2
243;2
244;2
245;2
246;2
247;2
248;2
249;0
250;0
251;1
252;0
253;0
254;1
255;0
256;0
257;2
258;0
259;0
260;1
261;0
262;0
263;0
264;1
265;0
266;0
267;0
268;2
269;0
270;0
271;0
272;0
273;0
274;2
275;0
276;2
277;2
278;1
279;0
280;0
281;2
282;0
283;0
284;0
285;0
286;0
287;0
288;0
289;2
290;2
291;2
292;2
293;0
294;2
295;0
296;0
297;1
298;0
299;0
300;0
301;0
302;0
303;0
304;0
305;0
306;1
307;0
308;1
309;2
310;0
311;0
312;0
313;0
314;0
315;0
316;0
317;0
318;0
319;2
320;2
321;2
322;2
323;2
324;1
325;0
326;0
327;4
328;0
329;0
330;2
331;0
332;0
333;1
334;2
335;2
336;2
337;0
338;1
339;0
340;0
341;2
342;0
343;0
344;2
345;2
346;0
347;0
348;0
349;0
350;0
351;0
352;0
353;0
354;0
355;0
356;0
357;0
358;1
359;2
360;0
361;1
362;0
363;0
364;1
365;0
366;0
367;0
368;0
369;0
370;0
371;0
372;0
373;0
374;0
375;0
376;2
377;0
378;2
379;1
380;0
381;1
382;1
383;0
384;0
385;0
386;1
387;0
388;0
389;2
390;2
391;2
392;2
393;0
394;2
395;2
396;0
397;0
398;1
399;0
400;1
401;1
402;0
403;2
404;1
405;0
406;0
407;0
408;0
409;0
410;0
411;0
412;0
413;0
414;0
415;0
416;2
417;0
418;0
419;0
420;0
421;0
422;0
423;0
424;0
425;2
426;0
427;0
428;0
429;2
430;1
431;0
432;2
433;0
434;0
435;0
436;0
437;0
438;0
439;2
440;0
441;0
442;0
443;0
444;0
445;0
446;0
447;0
448;0
449;0
450;1
451;0
452;2
453;0
454;2
455;0
456;0
457;2
458;0
459;2
460;2
461;0
462;0
463;1
464;0
465;0
466;0
467;0
468;0
469;2
470;2
471;2
472;1
473;0
474;0
475;0
476;0
477;0
478;0
479;2
480;1
481;0
482;0
483;2
484;4
485;2
486;2
487;1
488;0
489;0
490;2
491;1
492;2
493;2
494;0
495;0
496;0
497;0
498;2
499;2
500;2
501;0
502;0
503;0
504;2
505;0
506;0
507;0
508;2
509;0
510;1
511;0
512;2
513;0
514;1
515;0
516;2
517;0
518;0
519;1
520;0
521;0
522;0
523;0
524;0
525;1
526;0
527;0
528;0
529;2
530;2
531;2
532;2
533;0
534;0
535;0
536;0
537;1
538;0
539;0
540;0
541;1
542;0
543;0
544;0
545;0
546;0
547;0
548;1
549;0
550;0
551;2
552;2
553;0
554;2
555;2
556;0
557;0
558;2
559;0
560;2
561;2
562;1
563;0
564;2
565;0
566;0
567;0
568;0
569;0
570;0
571;0
572;0
573;0
574;0
575;0
576;0
577;0
578;1
579;0
580;0
581;2
582;0
583;0
584;0
585;2
586;0
587;0
588;0
589;2
590;0
591;0
592;2
593;0
594;0
595;2
596;0
597;0
598;0
599;0
600;0
601;0
602;2
603;0
604;0
605;1
606;0
607;0
608;1
609;0
610;0
611;0
612;0
613;0
614;0
615;0
616;0
617;0
618;0
619;0
620;0
621;0
622;0
623;0
624;0
625;0
626;0
627;0
628;0
629;0
630;0
631;0
632;2
633;0
634;0
635;0
636;1
637;2
638;0
639;0
640;0
641;0
642;0
643;1
644;0
645;1
646;0
647;1
648;2
649;2
650;1
651;0
652;0
653;0
654;0
655;0
656;2
657;0
658;0
659;0
660;0
661;0
662;2
663;2
664;1
665;0
666;0
667;2
668;0
669;2
670;2
671;2
672;0
673;2
674;2
675;0
676;0
677;0
678;0
679;0
680;0
681;0
682;2
683;0
684;2
685;1
686;0
687;1
688;0
689;2
690;0
691;0
692;0
693;1
694;0
695;0
696;0
697;0
698;0
699;0
700;0
701;0
702;0
703;2
704;2
705;1
706;2
707;2
708;0
709;1
710;0
711;0
712;2
713;2
714;0
715;0
716;0
717;0
718;0
719;1
720;0
721;1
722;0
723;0
724;2
725;2
726;0
727;0
728;0
729;0
730;1
731;0
732;1
733;0
734;0
735;0
736;1
737;1
738;0
739;0
740;0
741;2
742;0
743;0
744;0
745;0
746;2
747;1
748;0
749;2
750;2
751;2
752;2
753;0
754;1
755;0
756;0
757;0
758;0
759;0
760;0
761;0
762;1
763;0
764;0
765;2
766;1
767;0
768;2
769;0
770;0
771;0
772;0
773;0
774;0
775;1
776;0
777;0
778;1
779;0
780;1
781;0
782;0
783;0
784;1
785;0
786;2
787;0
788;2
789;0
790;2
791;0
792;1
793;0
794;0
795;4
796;1
797;2
798;2
799;0
800;0
801;0
802;2
803;2
804;1
805;0
806;0
807;2
808;0
809;1
810;0
811;0
812;2
813;1
814;0
815;0
816;1
817;1
818;0
819;0
820;0
821;0
822;0
823;0
824;0
825;0
826;0
827;0
828;1
829;0
830;0
831;0
832;0
833;0
834;1
835;2
836;2
837;0
838;1
839;0
840;0
841;1
842;0
843;0
844;2
845;0
846;0
847;0
848;1
849;0
850;0
851;2
852;0
853;0
854;2
855;2
856;2
857;0
858;1
859;0
860;0
861;0
862;1
863;0
864;0
865;0
866;1
867;0
868;1
869;0
870;0
871;0
872;0
873;2
874;2
875;2
876;1
877;2
878;0
879;2
880;0
881;0
882;0
883;0
884;2
885;0
886;0
887;0
888;0
889;0
890;2
891;1
892;0
893;0
894;1
895;0
896;0
897;0
898;0
899;0
900;0
901;0
902;2
903;2
904;0
905;0
906;0
907;0
908;0
909;0
910;2
911;0
912;1
913;1
914;0
915;0
916;0
917;0
918;0
919;2
920;2
921;0
922;2
923;2
924;0
925;1
926;2
927;1
928;0
929;0
930;0
931;2
932;1
933;0
934;0
935;1
936;0
937;0
938;0
939;0
940;2
941;0
942;0
943;2
944;2
945;0
946;0
947;0
948;0
949;0
950;1
951;0
952;0
953;0
954;1
955;0
956;1
957;0
958;1
959;0
960;2
961;0
962;2
963;0
964;1
965;0
966;0
967;0
968;0
969;2
970;2
971;2
972;2
973;1
974;0
975;0
976;1
977;0
978;1
979;0
980;0
981;0
982;2
983;0
984;0
985;1
986;0
987;0
988;0
989;1
990;2
991;0
992;0
993;0
994;1
995;2
996;0
997;0
998;2
999;2
1000;0
1001;0
1002;0
1003;2
1004;0
1005;0
1006;0
1007;0
1008;2
1009;0
1010;2
1011;2
1012;1
1013;0
1014;0
1015;0
1016;0
1017;0
1018;0
1019;0
1020;0
1021;0
1022;0
1023;0
