0;0
1;0
2;0
3;1
4;4
5;0
6;2
7;1
8;0
9;2
10;2
11;0
12;2
13;0
14;0
15;0
16;0
17;1
18;0
19;0
20;0
21;0
22;1
23;0
24;0
25;0
26;0
27;0
28;0
29;1
30;0
31;0
32;0
33;1
34;1
35;0
36;0
37;0
38;1
39;0
40;0
41;2
42;0
43;0
44;0
45;0
46;0
47;0
48;1
49;0
50;2
51;0
52;1
53;0
54;0
55;2
56;2
57;2
58;2
59;2
60;2
61;0
62;2
63;0
64;2
65;2
66;2
67;0
68;0
69;0
70;2
71;2
72;2
73;0
74;0
75;0
76;0
77;0
78;0
79;0
80;0
81;0
82;0
83;2
84;0
85;0
86;0
87;2
88;0
89;2
90;0
91;0
92;0
93;0
94;0
95;0
96;0
97;0
98;2
99;2
100;1
101;0
102;0
103;0
104;1
105;2
106;0
107;0
108;0
109;1
110;1
111;1
112;0
113;1
114;0
115;1
116;0
117;0
118;0
119;0
120;0
121;2
122;0
123;0
124;0
125;0
126;0
127;0
128;2
129;2
130;0
131;0
132;0
133;0
134;0
135;0
136;0
137;2
138;0
139;0
140;0
141;0
142;0
143;2
144;2
145;0
146;0
147;0
148;0
149;0
150;1
151;0
152;0
153;0
154;0
155;0
156;1
157;0
158;1
159;2
160;2
161;2
162;0
163;0
164;0
165;1
166;0
167;2
168;0
169;0
170;0
171;0
172;0
173;0
174;0
175;0
176;2
177;2
178;1
179;2
180;1
181;0
182;2
183;0
184;0
185;1
186;0
187;0
188;2
189;0
190;1
191;0
192;1
193;2
194;0
195;0
196;0
197;0
198;2
199;2
200;2
201;0
202;0
203;0
204;0
205;0
206;2
207;1
208;0
209;2
210;2
211;0
212;2
213;2
214;0
215;2
216;2
217;0
218;0
219;0
220;0
221;0
222;1
223;1
224;0
225;0
226;0
227;0
228;0
229;0
230;0
231;0
232;1
233;0
234;0
235;2
236;2
237;0
238;0
239;0
240;0
241;2
242;0
243;2
244;2
245;0
246;0
247;0
248;0
249;2
250;0
251;0
252;0
253;0
254;0
255;0
256;0
257;0
258;0
259;2
260;0
261;0
262;0
263;0
264;0
265;1
266;0
267;0
268;0
269;0
270;2
271;0
272;0
273;0
274;0
275;0
276;0
277;1
278;0
279;0
280;0
281;0
282;1
283;0
284;1
285;0
286;0
287;0
288;1
289;2
290;2
291;2
292;1
293;0
294;0
295;0
296;0
297;1
298;2
299;0
300;0
301;2
302;2
303;0
304;2
305;0
306;2
307;0
308;0
309;0
310;0
311;0
312;1
313;0
314;0
315;0
316;0
317;1
318;0
319;2
320;0
321;0
322;1
323;0
324;2
325;0
326;2
327;0
328;0
329;0
330;0
331;0
332;0
333;0
334;1
335;2
336;0
337;2
338;2
339;0
340;1
341;0
342;0
343;0
344;0
345;0
346;0
347;0
348;0
349;0
350;0
351;0
352;2
353;0
354;0
355;1
356;0
357;0
358;0
359;1
360;0
361;0
362;0
363;2
364;1
365;0
366;2
367;1
368;1
369;0
370;2
371;2
372;0
373;0
374;0
375;0
376;0
377;0
378;0
379;0
380;0
381;0
382;0
383;0
384;0
385;0
386;0
387;0
388;2
389;0
390;0
391;2
392;1
393;0
394;0
395;0
396;1
397;0
398;0
399;0
400;0
401;2
402;0
403;1
404;2
405;0
406;2
407;0
408;2
409;1
410;0
411;0
412;0
413;0
414;0
415;2
416;0
417;0
418;2
419;0
420;0
421;0
422;0
423;0
424;1
425;0
426;0
427;2
428;2
429;0
430;2
431;2
432;1
433;0
434;2
435;2
436;2
437;0
438;0
439;2
440;2
441;1
442;0
443;1
444;2
445;0
446;1
447;0
448;0
449;0
450;0
451;0
452;2
453;0
454;0
455;0
456;0
457;0
458;0
459;0
460;0
461;0
462;0
463;2
464;1
465;0
466;2
467;2
468;1
469;0
470;0
471;2
472;4
473;0
474;2
475;0
476;2
477;0
478;0
479;0
480;1
481;2
482;0
483;1
484;0
485;0
486;2
487;1
488;0
489;1
490;1
491;1
492;0
493;0
494;0
495;2
496;0
497;0
498;0
499;0
500;0
501;1
502;0
503;2
504;2
505;0
506;0
507;0
508;0
509;2
510;2
511;0
512;1
513;1
514;0
515;0
516;0
517;0
518;0
519;0
520;4
521;0
522;0
523;1
524;0
525;2
526;2
527;2
528;2
529;0
530;0
531;0
532;0
533;0
534;0
535;0
536;0
537;0
538;0
539;0
540;0
541;2
542;1
543;2
544;2
545;1
546;0
547;0
548;0
549;2
550;0
551;1
552;0
553;0
554;2
555;0
556;0
557;0
558;0
559;0
560;0
561;0
562;2
563;0
564;0
565;2
566;0
567;0
568;2
569;0
570;1
571;0
572;0
573;2
574;0
575;0
576;0
577;0
578;0
579;0
580;0
581;0
582;0
583;0
584;0
585;0
586;0
587;0
588;0
589;1
590;1
591;0
592;2
593;0
594;0
595;0
596;0
597;2
598;0
599;1
600;0
601;0
602;1
603;2
604;2
605;1
606;0
607;0
608;2
609;0
610;0
611;0
612;0
613;0
614;0
615;2
616;2
617;0
618;0
619;0
620;0
621;1
622;0
623;0
624;2
625;0
626;1
627;0
628;0
629;0
630;0
631;0
632;2
633;0
634;0
635;1
636;0
637;0
638;0
639;0
640;0
641;2
642;0
643;0
644;0
645;0
646;0
647;0
648;0
649;0
650;0
651;0
652;2
653;0
654;0
655;0
656;0
657;0
658;0
659;2
660;1
661;0
662;2
663;1
664;0
665;0
666;0
667;2
668;2
669;0
670;2
671;2
672;2
673;0
674;0
675;0
676;2
677;0
678;0
679;0
680;0
681;2
682;0
683;0
684;2
685;1
686;0
687;0
688;0
689;0
690;1
691;2
692;1
693;0
694;0
695;0
696;0
697;1
698;1
699;2
700;0
701;0
702;1
703;0
704;0
705;0
706;0
707;2
708;2
709;0
710;2
711;2
712;2
713;0
714;0
715;0
716;0
717;0
718;0
719;0
720;0
721;0
722;0
723;0
724;0
725;2
726;2
727;1
728;2
729;0
730;1
731;0
732;0
733;2
734;0
735;0
736;0
737;2
738;0
739;0
740;0
741;0
742;1
743;0
744;2
745;0
746;0
747;0
748;2
749;0
750;0
751;0
752;0
753;0
754;2
755;0
756;0
757;0
758;0
759;0
760;0
761;2
762;0
763;2
764;0
765;2
766;2
767;2
768;1
769;0
770;0
771;0
772;0
773;2
774;1
775;0
776;2
777;0
778;0
779;0
780;2
781;2
782;1
783;0
784;2
785;0
786;0
787;0
788;0
789;0
790;0
791;0
792;0
793;0
794;0
795;0
796;1
797;0
798;0
799;0
800;0
801;0
802;0
803;0
804;0
805;0
806;1
807;0
808;2
809;1
810;0
811;0
812;1
813;0
814;0
815;2
816;1
817;0
818;0
819;0
820;0
821;0
822;2
823;0
824;1
825;0
826;1
827;0
828;0
829;0
830;1
831;0
832;0
833;1
834;0
835;0
836;0
837;0
838;0
839;0
840;0
841;2
842;2
843;2
844;1
845;0
846;0
847;2
848;0
849;0
850;0
851;0
852;1
853;0
854;2
855;0
856;0
857;0
858;2
859;2
860;1
861;0
862;1
863;0
864;2
865;0
866;0
867;0
868;2
869;1
870;0
871;0
872;1
873;0
874;0
875;0
876;0
877;0
878;1
879;2
880;1
881;0
882;2
883;2
884;1
885;0
886;0
887;2
888;1
889;0
890;0
891;2
892;2
893;0
894;2
895;0
896;2
897;0
898;0
899;0
900;2
901;0
902;2
903;2
904;0
905;2
906;0
907;2
908;2
909;0
910;0
911;2
912;0
913;0
914;0
915;0
916;0
917;0
918;0
919;0
920;0
921;0
922;2
923;0
924;0
925;0
926;1
927;0
928;1
929;0
930;1
931;0
932;1
933;0
934;1
935;0
936;0
937;0
938;0
939;0
940;2
941;0
942;0
943;0
944;2
945;0
946;0
947;0
948;0
949;2
950;2
951;0
952;2
953;0
954;0
955;0
956;2
957;2
958;2
959;0
960;0
961;0
962;0
963;2
964;2
965;0
966;0
967;0
968;0
969;1
970;0
971;2
972;0
973;0
974;1
975;0
976;0
977;0
978;2
979;2
980;0
981;0
982;0
983;0
984;2
985;0
986;0
987;0
988;2
989;0
990;2
991;2
992;2
993;0
994;0
995;2
996;0
997;0
998;0
999;0
1000;0
1001;0
1002;1
1003;0
1004;0
1005;0
1006;0
1007;1
1008;0
1009;0
1010;2
1011;2
1012;0
1013;0
1014;0
1015;0
1016;0
1017;0
1018;0
1019;0
1020;0
1021;0
1022;0
1023;0
