0;1
1;1
2;0
3;2
4;2
5;0
6;2
7;2
8;2
9;0
10;2
11;0
12;1
13;0
14;0
15;0
16;0
17;0
18;0
19;0
20;1
21;0
22;0
23;0
24;1
25;1
26;0
27;0
28;0
29;2
30;2
31;2
32;0
33;0
34;0
35;0
36;1
37;0
38;2
39;0
40;0
41;0
42;0
43;0
44;0
45;0
46;0
47;0
48;1
49;0
50;2
51;1
52;0
53;2
54;0
55;0
56;0
57;2
58;2
59;2
60;2
61;0
62;2
63;0
64;2
65;1
66;0
67;0
68;0
69;2
70;1
71;0
72;0
73;1
74;0
75;0
76;0
77;0
78;0
79;0
80;0
81;0
82;0
83;0
84;1
85;0
86;0
87;0
88;0
89;0
90;0
91;0
92;1
93;0
94;0
95;0
96;0
97;0
98;2
99;0
100;1
101;0
102;0
103;0
104;1
105;2
106;0
107;1
108;0
109;0
110;0
111;2
112;1
113;1
114;1
115;2
116;1
117;1
118;0
119;0
120;0
121;2
122;2
123;0
124;1
125;0
126;0
127;0
128;2
129;1
130;0
131;1
132;0
133;0
134;0
135;0
136;0
137;2
138;0
139;2
140;0
141;0
142;0
143;0
144;2
145;0
146;0
147;0
148;0
149;0
150;2
151;1
152;0
153;0
154;0
155;0
156;0
157;1
158;0
159;2
160;2
161;2
162;0
163;0
164;0
165;1
166;0
167;1
168;0
169;0
170;0
171;0
172;0
173;0
174;0
175;0
176;2
177;0
178;0
179;0
180;1
181;0
182;2
183;1
184;0
185;1
186;0
187;0
188;0
189;0
190;2
191;2
192;1
193;0
194;0
195;0
196;0
197;0
198;0
199;0
200;2
201;0
202;2
203;0
204;2
205;0
206;2
207;0
208;1
209;0
210;0
211;0
212;2
213;2
214;0
215;0
216;0
217;0
218;0
219;0
220;2
221;1
222;0
223;2
224;0
225;2
226;0
227;0
228;1
229;2
230;1
231;0
232;0
233;0
234;0
235;0
236;0
237;0
238;1
239;0
240;0
241;0
242;0
243;0
244;1
245;0
246;0
247;0
248;0
249;1
250;0
251;0
252;4
253;0
254;2
255;1
256;0
257;0
258;2
259;0
260;2
261;0
262;0
263;0
264;0
265;2
266;0
267;0
268;2
269;0
270;0
271;2
272;2
273;2
274;1
275;0
276;0
277;2
278;2
279;0
280;1
281;1
282;0
283;0
284;0
285;0
286;0
287;0
288;1
289;0
290;0
291;0
292;1
293;0
294;0
295;0
296;0
297;0
298;1
299;0
300;1
301;0
302;4
303;0
304;0
305;0
306;2
307;2
308;1
309;0
310;1
311;0
312;0
313;0
314;0
315;2
316;4
317;0
318;2
319;0
320;0
321;0
322;2
323;0
324;1
325;0
326;1
327;0
328;2
329;0
330;0
331;1
332;0
333;0
334;0
335;0
336;0
337;0
338;0
339;0
340;0
341;0
342;1
343;0
344;0
345;0
346;0
347;2
348;0
349;0
350;2
351;0
352;0
353;0
354;0
355;0
356;0
357;0
358;0
359;0
360;2
361;1
362;0
363;0
364;2
365;2
366;2
367;0
368;0
369;2
370;0
371;0
372;0
373;0
374;0
375;1
376;0
377;2
378;0
379;0
380;2
381;2
382;2
383;0
384;0
385;0
386;0
387;0
388;1
389;0
390;2
391;2
392;1
393;0
394;1
395;0
396;0
397;0
398;0
399;2
400;2
401;0
402;1
403;2
404;0
405;0
406;0
407;2
408;2
409;0
410;2
411;0
412;0
413;0
414;0
415;0
416;2
417;2
418;1
419;0
420;0
421;0
422;1
423;0
424;0
425;1
426;0
427;0
428;0
429;0
430;2
431;1
432;0
433;1
434;0
435;0
436;0
437;2
438;2
439;2
440;0
441;0
442;0
443;0
444;0
445;0
446;0
447;0
448;0
449;0
450;2
451;0
452;2
453;0
454;0
455;0
456;1
457;0
458;0
459;2
460;2
461;0
462;0
463;0
464;0
465;1
466;0
467;0
468;0
469;2
470;2
471;2
472;1
473;0
474;0
475;0
476;0
477;1
478;0
479;1
480;1
481;0
482;0
483;0
484;1
485;0
486;0
487;1
488;0
489;0
490;0
491;0
492;0
493;0
494;0
495;0
496;1
497;0
498;1
499;0
500;2
501;1
502;2
503;2
504;1
505;0
506;1
507;2
508;0
509;2
510;0
511;2
512;0
513;2
514;0
515;0
516;2
517;0
518;2
519;1
520;0
521;0
522;0
523;0
524;0
525;0
526;1
527;0
528;1
529;0
530;0
531;0
532;0
533;0
534;0
535;0
536;0
537;0
538;2
539;0
540;0
541;2
542;2
543;2
544;2
545;0
546;0
547;0
548;1
549;0
550;0
551;0
552;0
553;0
554;0
555;0
556;0
557;2
558;2
559;2
560;2
561;0
562;1
563;0
564;0
565;2
566;0
567;0
568;0
569;0
570;2
571;2
572;2
573;2
574;0
575;0
576;0
577;2
578;2
579;0
580;0
581;0
582;0
583;0
584;0
585;0
586;2
587;1
588;0
589;0
590;2
591;2
592;0
593;0
594;2
595;1
596;0
597;0
598;2
599;2
600;0
601;0
602;0
603;0
604;0
605;0
606;0
607;0
608;0
609;0
610;0
611;0
612;0
613;0
614;0
615;1
616;0
617;1
618;0
619;0
620;2
621;0
622;0
623;0
624;0
625;0
626;0
627;0
628;0
629;0
630;0
631;1
632;0
633;1
634;0
635;2
636;1
637;0
638;0
639;2
640;1
641;0
642;0
643;0
644;2
645;0
646;0
647;0
648;0
649;2
650;0
651;0
652;0
653;2
654;0
655;0
656;0
657;0
658;0
659;1
660;2
661;0
662;0
663;1
664;0
665;2
666;0
667;0
668;0
669;1
670;0
671;0
672;0
673;1
674;0
675;0
676;0
677;0
678;1
679;2
680;0
681;0
682;0
683;0
684;0
685;0
686;1
687;2
688;2
689;0
690;0
691;0
692;0
693;0
694;0
695;0
696;1
697;0
698;0
699;0
700;2
701;2
702;0
703;0
704;0
705;0
706;0
707;0
708;0
709;0
710;0
711;0
712;0
713;1
714;0
715;0
716;0
717;2
718;0
719;0
720;0
721;0
722;2
723;1
724;0
725;0
726;2
727;1
728;0
729;0
730;2
731;0
732;0
733;0
734;0
735;0
736;4
737;2
738;0
739;0
740;0
741;1
742;0
743;2
744;1
745;0
746;0
747;0
748;0
749;0
750;0
751;0
752;2
753;0
754;2
755;0
756;1
757;0
758;0
759;0
760;0
761;2
762;0
763;2
764;0
765;2
766;1
767;0
768;2
769;0
770;0
771;0
772;0
773;0
774;2
775;2
776;1
777;0
778;0
779;2
780;2
781;0
782;2
783;0
784;0
785;0
786;0
787;0
788;0
789;0
790;0
791;2
792;0
793;2
794;0
795;0
796;0
797;0
798;0
799;0
800;0
801;0
802;0
803;0
804;0
805;0
806;1
807;1
808;0
809;0
810;0
811;0
812;0
813;0
814;0
815;0
816;0
817;0
818;0
819;0
820;2
821;0
822;2
823;0
824;2
825;1
826;0
827;0
828;2
829;0
830;0
831;0
832;0
833;0
834;0
835;0
836;2
837;0
838;0
839;2
840;0
841;0
842;0
843;1
844;0
845;0
846;1
847;0
848;0
849;0
850;2
851;2
852;1
853;0
854;0
855;0
856;0
857;0
858;2
859;2
860;2
861;2
862;0
863;2
864;0
865;0
866;0
867;0
868;2
869;0
870;0
871;0
872;0
873;0
874;1
875;0
876;1
877;0
878;1
879;2
880;0
881;0
882;0
883;0
884;0
885;0
886;0
887;0
888;2
889;2
890;0
891;0
892;0
893;0
894;2
895;0
896;0
897;1
898;0
899;0
900;0
901;0
902;0
903;0
904;0
905;0
906;1
907;4
908;0
909;2
910;1
911;0
912;1
913;0
914;2
915;1
916;0
917;0
918;0
919;0
920;4
921;0
922;0
923;2
924;1
925;0
926;2
927;0
928;2
929;0
930;1
931;0
932;0
933;0
934;0
935;0
936;0
937;2
938;1
939;0
940;2
941;0
942;0
943;0
944;0
945;0
946;0
947;0
948;0
949;0
950;2
951;0
952;1
953;2
954;0
955;1
956;0
957;0
958;0
959;0
960;2
961;1
962;2
963;2
964;0
965;0
966;0
967;1
968;2
969;2
970;1
971;0
972;1
973;0
974;0
975;0
976;0
977;0
978;0
979;0
980;0
981;0
982;2
983;1
984;0
985;0
986;2
987;0
988;0
989;1
990;0
991;2
992;0
993;0
994;0
995;1
996;0
997;0
998;2
999;0
1000;0
1001;1
1002;0
1003;0
1004;0
1005;0
1006;0
1007;2
1008;0
1009;0
1010;2
1011;0
1012;1
1013;0
1014;0
1015;1
1016;0
1017;0
1018;0
1019;0
1020;0
1021;0
1022;0
1023;0
