0;1
1;1
2;0
3;2
4;4
5;0
6;2
7;2
8;2
9;0
10;0
11;0
12;2
13;0
14;0
15;0
16;0
17;2
18;0
19;1
20;0
21;0
22;0
23;0
24;0
25;0
26;0
27;0
28;0
29;1
30;1
31;0
32;0
33;0
34;0
35;0
36;0
37;0
38;0
39;0
40;0
41;2
42;0
43;0
44;0
45;0
46;2
47;0
48;1
49;0
50;0
51;0
52;2
53;2
54;2
55;0
56;0
57;1
58;0
59;1
60;0
61;0
62;0
63;0
64;0
65;0
66;1
67;0
68;0
69;0
70;2
71;2
72;0
73;0
74;0
75;0
76;0
77;0
78;0
79;0
80;0
81;0
82;0
83;0
84;0
85;0
86;2
87;2
88;0
89;0
90;0
91;0
92;1
93;0
94;1
95;0
96;1
97;0
98;0
99;2
100;1
101;0
102;2
103;2
104;2
105;0
106;2
107;0
108;1
109;1
110;1
111;0
112;2
113;0
114;2
115;1
116;2
117;0
118;2
119;0
120;1
121;2
122;1
123;0
124;1
125;1
126;0
127;0
128;2
129;2
130;0
131;0
132;0
133;0
134;0
135;0
136;2
137;2
138;0
139;0
140;0
141;0
142;0
143;0
144;0
145;0
146;0
147;0
148;0
149;1
150;1
151;0
152;0
153;0
154;0
155;0
156;0
157;1
158;0
159;0
160;0
161;2
162;0
163;0
164;1
165;0
166;0
167;2
168;0
169;0
170;0
171;0
172;0
173;2
174;2
175;2
176;2
177;1
178;0
179;2
180;2
181;0
182;1
183;0
184;0
185;0
186;2
187;0
188;1
189;0
190;0
191;0
192;2
193;0
194;0
195;1
196;0
197;0
198;1
199;0
200;0
201;0
202;0
203;0
204;0
205;0
206;0
207;0
208;0
209;1
210;0
211;0
212;2
213;2
214;0
215;0
216;0
217;0
218;1
219;0
220;0
221;0
222;0
223;0
224;0
225;0
226;2
227;1
228;1
229;0
230;0
231;0
232;4
233;2
234;2
235;2
236;0
237;0
238;2
239;0
240;2
241;0
242;0
243;0
244;1
245;0
246;2
247;2
248;2
249;0
250;0
251;0
252;2
253;2
254;1
255;1
256;0
257;2
258;0
259;0
260;0
261;1
262;0
263;2
264;0
265;0
266;0
267;0
268;0
269;0
270;0
271;0
272;0
273;0
274;0
275;0
276;2
277;0
278;0
279;0
280;0
281;2
282;0
283;2
284;0
285;2
286;0
287;0
288;0
289;2
290;2
291;0
292;2
293;0
294;0
295;0
296;0
297;1
298;0
299;0
300;0
301;0
302;2
303;0
304;0
305;2
306;0
307;0
308;0
309;0
310;0
311;0
312;0
313;2
314;0
315;0
316;0
317;2
318;0
319;0
320;2
321;2
322;2
323;1
324;0
325;0
326;0
327;0
328;0
329;1
330;2
331;0
332;0
333;2
334;2
335;1
336;0
337;0
338;2
339;0
340;0
341;0
342;0
343;0
344;2
345;0
346;0
347;0
348;0
349;0
350;0
351;0
352;0
353;0
354;0
355;0
356;0
357;0
358;1
359;2
360;0
361;0
362;1
363;0
364;0
365;0
366;0
367;0
368;0
369;0
370;0
371;0
372;0
373;0
374;2
375;0
376;2
377;0
378;0
379;1
380;0
381;1
382;1
383;2
384;0
385;0
386;0
387;2
388;1
389;0
390;2
391;0
392;2
393;0
394;1
395;0
396;0
397;2
398;1
399;0
400;2
401;0
402;0
403;0
404;2
405;0
406;0
407;0
408;0
409;0
410;0
411;0
412;0
413;0
414;0
415;0
416;1
417;0
418;1
419;0
420;0
421;0
422;0
423;0
424;0
425;0
426;0
427;0
428;2
429;0
430;2
431;0
432;0
433;0
434;0
435;0
436;0
437;0
438;0
439;2
440;0
441;0
442;0
443;0
444;0
445;2
446;0
447;0
448;0
449;0
450;0
451;1
452;0
453;0
454;0
455;0
456;0
457;0
458;0
459;2
460;2
461;2
462;0
463;0
464;0
465;0
466;0
467;0
468;0
469;0
470;0
471;2
472;1
473;0
474;0
475;0
476;0
477;0
478;2
479;2
480;1
481;0
482;0
483;2
484;2
485;0
486;2
487;2
488;2
489;0
490;0
491;0
492;0
493;0
494;0
495;2
496;1
497;0
498;2
499;2
500;2
501;0
502;0
503;0
504;0
505;1
506;1
507;0
508;0
509;0
510;0
511;0
512;2
513;2
514;2
515;2
516;1
517;0
518;0
519;0
520;0
521;0
522;2
523;2
524;0
525;1
526;0
527;0
528;0
529;1
530;0
531;0
532;2
533;0
534;0
535;0
536;0
537;2
538;0
539;0
540;1
541;1
542;0
543;1
544;1
545;0
546;2
547;2
548;1
549;0
550;0
551;2
552;2
553;0
554;2
555;2
556;0
557;0
558;0
559;0
560;1
561;0
562;0
563;0
564;0
565;0
566;0
567;0
568;1
569;0
570;0
571;0
572;0
573;2
574;0
575;0
576;0
577;0
578;0
579;0
580;0
581;1
582;0
583;0
584;0
585;0
586;0
587;0
588;0
589;0
590;0
591;0
592;0
593;0
594;1
595;0
596;0
597;0
598;0
599;2
600;0
601;0
602;2
603;0
604;0
605;1
606;0
607;0
608;1
609;0
610;0
611;0
612;0
613;0
614;0
615;0
616;0
617;0
618;0
619;2
620;1
621;0
622;1
623;0
624;0
625;0
626;0
627;0
628;0
629;1
630;0
631;0
632;2
633;0
634;2
635;1
636;0
637;2
638;0
639;0
640;0
641;0
642;0
643;1
644;0
645;0
646;0
647;2
648;2
649;0
650;0
651;0
652;0
653;0
654;0
655;0
656;0
657;0
658;0
659;1
660;0
661;0
662;1
663;0
664;1
665;0
666;0
667;2
668;2
669;2
670;2
671;2
672;2
673;0
674;2
675;0
676;1
677;1
678;0
679;0
680;0
681;0
682;1
683;0
684;2
685;0
686;0
687;2
688;0
689;1
690;2
691;0
692;0
693;1
694;2
695;0
696;0
697;0
698;0
699;0
700;0
701;0
702;0
703;0
704;0
705;0
706;0
707;0
708;1
709;0
710;0
711;2
712;0
713;0
714;0
715;0
716;0
717;0
718;0
719;0
720;2
721;0
722;0
723;2
724;2
725;0
726;0
727;0
728;2
729;0
730;1
731;2
732;1
733;0
734;1
735;0
736;0
737;1
738;0
739;0
740;0
741;2
742;1
743;0
744;0
745;0
746;0
747;1
748;0
749;0
750;2
751;2
752;2
753;0
754;1
755;0
756;0
757;0
758;0
759;0
760;0
761;2
762;0
763;0
764;0
765;0
766;2
767;1
768;0
769;0
770;0
771;0
772;0
773;0
774;0
775;0
776;1
777;0
778;1
779;0
780;2
781;0
782;0
783;1
784;1
785;0
786;1
787;1
788;0
789;0
790;0
791;0
792;1
793;0
794;0
795;4
796;0
797;2
798;2
799;0
800;0
801;1
802;0
803;2
804;1
805;0
806;0
807;1
808;0
809;1
810;0
811;0
812;2
813;2
814;2
815;0
816;0
817;0
818;0
819;0
820;1
821;0
822;0
823;0
824;0
825;0
826;0
827;0
828;1
829;0
830;0
831;0
832;0
833;0
834;2
835;0
836;2
837;0
838;1
839;0
840;2
841;0
842;0
843;0
844;1
845;1
846;0
847;0
848;1
849;0
850;0
851;0
852;0
853;0
854;2
855;2
856;0
857;2
858;0
859;0
860;2
861;2
862;1
863;0
864;0
865;0
866;2
867;2
868;1
869;0
870;0
871;0
872;0
873;0
874;0
875;1
876;0
877;0
878;0
879;0
880;0
881;0
882;0
883;0
884;2
885;0
886;2
887;0
888;0
889;0
890;0
891;2
892;1
893;0
894;0
895;0
896;0
897;0
898;1
899;0
900;1
901;0
902;0
903;2
904;2
905;0
906;0
907;0
908;0
909;0
910;2
911;0
912;1
913;1
914;0
915;0
916;0
917;0
918;0
919;0
920;0
921;0
922;2
923;0
924;2
925;2
926;2
927;1
928;0
929;0
930;0
931;2
932;0
933;0
934;0
935;0
936;0
937;0
938;1
939;0
940;0
941;0
942;2
943;0
944;1
945;0
946;0
947;0
948;1
949;0
950;0
951;0
952;0
953;0
954;0
955;0
956;0
957;0
958;0
959;2
960;2
961;0
962;0
963;0
964;1
965;0
966;0
967;1
968;0
969;2
970;2
971;1
972;0
973;1
974;0
975;0
976;2
977;2
978;0
979;2
980;2
981;0
982;0
983;0
984;0
985;0
986;0
987;2
988;0
989;1
990;0
991;0
992;0
993;0
994;2
995;2
996;0
997;0
998;0
999;2
1000;0
1001;0
1002;0
1003;2
1004;1
1005;0
1006;0
1007;0
1008;2
1009;0
1010;1
1011;0
1012;0
1013;0
1014;0
1015;0
1016;0
1017;0
1018;0
1019;0
1020;0
1021;0
1022;0
1023;0
