0;1
1;0
2;0
3;2
4;4
5;0
6;2
7;2
8;2
9;0
10;2
11;0
12;1
13;0
14;0
15;1
16;0
17;1
18;0
19;0
20;1
21;1
22;0
23;0
24;0
25;1
26;2
27;2
28;2
29;0
30;0
31;0
32;0
33;0
34;0
35;0
36;1
37;2
38;0
39;2
40;0
41;0
42;0
43;0
44;1
45;0
46;0
47;0
48;0
49;0
50;0
51;2
52;1
53;0
54;2
55;2
56;2
57;1
58;1
59;0
60;2
61;0
62;0
63;0
64;0
65;0
66;0
67;2
68;0
69;0
70;0
71;0
72;0
73;0
74;0
75;0
76;1
77;2
78;0
79;0
80;1
81;0
82;0
83;0
84;2
85;0
86;0
87;0
88;0
89;0
90;0
91;0
92;0
93;0
94;0
95;2
96;2
97;1
98;0
99;0
100;0
101;1
102;1
103;0
104;0
105;0
106;1
107;0
108;0
109;0
110;0
111;0
112;0
113;0
114;0
115;0
116;0
117;1
118;2
119;0
120;2
121;0
122;0
123;0
124;0
125;0
126;0
127;0
128;2
129;0
130;0
131;0
132;0
133;0
134;0
135;0
136;0
137;1
138;0
139;0
140;2
141;1
142;0
143;0
144;0
145;2
146;0
147;0
148;0
149;2
150;0
151;0
152;0
153;0
154;0
155;0
156;2
157;0
158;0
159;0
160;0
161;2
162;2
163;0
164;1
165;0
166;0
167;0
168;0
169;0
170;0
171;0
172;0
173;1
174;1
175;1
176;2
177;0
178;0
179;0
180;2
181;0
182;0
183;0
184;0
185;2
186;2
187;0
188;0
189;2
190;2
191;2
192;2
193;0
194;0
195;2
196;0
197;1
198;0
199;0
200;0
201;0
202;0
203;2
204;1
205;0
206;2
207;0
208;1
209;1
210;0
211;0
212;0
213;2
214;0
215;0
216;2
217;2
218;1
219;0
220;2
221;2
222;2
223;0
224;2
225;1
226;0
227;0
228;0
229;0
230;1
231;2
232;2
233;1
234;0
235;1
236;2
237;0
238;0
239;2
240;0
241;0
242;0
243;0
244;2
245;0
246;0
247;2
248;0
249;0
250;2
251;2
252;0
253;2
254;0
255;0
256;2
257;0
258;0
259;0
260;0
261;0
262;0
263;0
264;0
265;0
266;2
267;2
268;1
269;0
270;0
271;2
272;4
273;0
274;2
275;2
276;4
277;0
278;2
279;0
280;1
281;0
282;2
283;2
284;1
285;0
286;0
287;0
288;2
289;0
290;0
291;0
292;0
293;0
294;0
295;2
296;1
297;0
298;0
299;2
300;0
301;0
302;1
303;0
304;0
305;0
306;0
307;1
308;2
309;0
310;2
311;0
312;0
313;2
314;2
315;0
316;0
317;0
318;0
319;0
320;0
321;0
322;2
323;2
324;2
325;1
326;1
327;0
328;0
329;2
330;1
331;0
332;2
333;0
334;0
335;0
336;2
337;2
338;2
339;1
340;0
341;0
342;0
343;0
344;0
345;0
346;2
347;2
348;1
349;1
350;0
351;2
352;4
353;0
354;2
355;2
356;0
357;0
358;2
359;0
360;1
361;0
362;1
363;2
364;0
365;0
366;0
367;2
368;2
369;0
370;2
371;0
372;1
373;0
374;0
375;0
376;2
377;0
378;0
379;2
380;0
381;0
382;0
383;0
384;0
385;1
386;0
387;0
388;1
389;0
390;0
391;0
392;2
393;0
394;0
395;1
396;0
397;0
398;0
399;0
400;0
401;0
402;0
403;0
404;1
405;0
406;0
407;0
408;0
409;2
410;1
411;0
412;2
413;0
414;0
415;0
416;1
417;0
418;0
419;2
420;2
421;0
422;1
423;0
424;0
425;0
426;0
427;0
428;0
429;0
430;0
431;0
432;0
433;0
434;0
435;0
436;0
437;2
438;2
439;2
440;2
441;0
442;0
443;0
444;0
445;0
446;1
447;1
448;2
449;0
450;2
451;0
452;2
453;0
454;0
455;0
456;0
457;2
458;2
459;2
460;2
461;2
462;1
463;2
464;2
465;0
466;1
467;0
468;0
469;0
470;1
471;2
472;1
473;0
474;0
475;0
476;0
477;2
478;2
479;2
480;2
481;2
482;1
483;2
484;1
485;0
486;0
487;0
488;2
489;2
490;2
491;0
492;2
493;0
494;0
495;0
496;0
497;2
498;2
499;0
500;2
501;0
502;0
503;0
504;0
505;0
506;0
507;2
508;2
509;0
510;0
511;0
512;2
513;0
514;0
515;2
516;1
517;2
518;0
519;0
520;2
521;2
522;2
523;0
524;0
525;1
526;0
527;0
528;2
529;2
530;1
531;1
532;2
533;0
534;0
535;0
536;2
537;2
538;2
539;0
540;2
541;2
542;0
543;0
544;1
545;2
546;1
547;1
548;2
549;1
550;0
551;2
552;2
553;2
554;2
555;2
556;1
557;0
558;1
559;0
560;0
561;0
562;0
563;2
564;4
565;0
566;1
567;2
568;2
569;0
570;2
571;0
572;2
573;1
574;1
575;0
576;0
577;0
578;0
579;0
580;0
581;2
582;1
583;0
584;0
585;0
586;1
587;0
588;1
589;1
590;0
591;0
592;1
593;2
594;1
595;0
596;2
597;2
598;1
599;0
600;2
601;0
602;0
603;0
604;2
605;0
606;1
607;0
608;0
609;1
610;0
611;0
612;2
613;2
614;2
615;1
616;0
617;0
618;0
619;0
620;0
621;1
622;0
623;0
624;0
625;0
626;0
627;0
628;0
629;0
630;0
631;1
632;0
633;2
634;2
635;2
636;2
637;0
638;1
639;0
640;2
641;0
642;2
643;0
644;0
645;0
646;0
647;0
648;0
649;2
650;0
651;1
652;0
653;0
654;0
655;2
656;2
657;0
658;2
659;2
660;2
661;0
662;2
663;0
664;0
665;0
666;0
667;0
668;0
669;0
670;0
671;0
672;2
673;0
674;0
675;0
676;0
677;0
678;0
679;0
680;0
681;0
682;2
683;0
684;0
685;0
686;0
687;0
688;0
689;0
690;0
691;0
692;0
693;1
694;0
695;2
696;1
697;1
698;2
699;0
700;0
701;2
702;1
703;0
704;0
705;0
706;0
707;2
708;0
709;0
710;0
711;0
712;1
713;0
714;0
715;1
716;2
717;1
718;2
719;0
720;2
721;0
722;2
723;2
724;0
725;2
726;2
727;2
728;2
729;2
730;1
731;0
732;0
733;0
734;0
735;0
736;0
737;0
738;0
739;0
740;0
741;0
742;1
743;0
744;2
745;0
746;0
747;0
748;2
749;2
750;2
751;0
752;2
753;0
754;2
755;2
756;0
757;2
758;0
759;0
760;0
761;1
762;0
763;0
764;0
765;0
766;1
767;0
768;2
769;2
770;2
771;0
772;0
773;0
774;0
775;0
776;0
777;2
778;2
779;0
780;0
781;0
782;0
783;0
784;0
785;2
786;0
787;0
788;1
789;0
790;0
791;0
792;0
793;0
794;0
795;0
796;0
797;0
798;2
799;2
800;2
801;0
802;0
803;0
804;1
805;1
806;0
807;0
808;0
809;0
810;1
811;0
812;0
813;0
814;0
815;0
816;0
817;0
818;0
819;0
820;1
821;0
822;2
823;1
824;0
825;0
826;0
827;0
828;0
829;0
830;0
831;0
832;1
833;0
834;2
835;2
836;4
837;0
838;0
839;0
840;2
841;0
842;0
843;2
844;2
845;0
846;1
847;0
848;0
849;0
850;2
851;4
852;2
853;0
854;2
855;1
856;0
857;0
858;2
859;1
860;0
861;0
862;0
863;0
864;1
865;2
866;0
867;2
868;0
869;0
870;0
871;2
872;2
873;0
874;0
875;2
876;0
877;0
878;0
879;0
880;0
881;0
882;0
883;0
884;0
885;1
886;0
887;0
888;1
889;0
890;2
891;1
892;0
893;0
894;1
895;0
896;1
897;0
898;0
899;0
900;2
901;1
902;0
903;2
904;2
905;0
906;2
907;0
908;2
909;2
910;2
911;2
912;2
913;0
914;0
915;0
916;0
917;0
918;0
919;0
920;0
921;2
922;2
923;0
924;1
925;0
926;0
927;1
928;1
929;0
930;0
931;2
932;1
933;0
934;2
935;1
936;0
937;2
938;2
939;2
940;0
941;0
942;2
943;2
944;1
945;0
946;0
947;2
948;4
949;0
950;2
951;1
952;0
953;0
954;2
955;0
956;2
957;1
958;0
959;0
960;0
961;0
962;0
963;0
964;1
965;1
966;0
967;1
968;1
969;0
970;0
971;0
972;0
973;2
974;2
975;2
976;2
977;0
978;0
979;0
980;0
981;0
982;0
983;0
984;1
985;0
986;2
987;2
988;1
989;0
990;0
991;2
992;2
993;0
994;2
995;2
996;2
997;0
998;2
999;0
1000;1
1001;0
1002;1
1003;0
1004;0
1005;0
1006;2
1007;0
1008;0
1009;0
1010;0
1011;0
1012;0
1013;0
1014;1
1015;0
1016;0
1017;0
1018;0
1019;0
1020;0
1021;0
1022;0
1023;0
