0;1
1;0
2;0
3;2
4;2
5;0
6;2
7;2
8;2
9;0
10;0
11;0
12;2
13;2
14;0
15;2
16;0
17;0
18;1
19;0
20;0
21;2
22;0
23;2
24;0
25;0
26;0
27;0
28;2
29;0
30;0
31;0
32;0
33;1
34;1
35;0
36;0
37;0
38;0
39;0
40;0
41;1
42;0
43;0
44;1
45;0
46;0
47;2
48;0
49;2
50;2
51;0
52;1
53;0
54;0
55;0
56;0
57;0
58;2
59;0
60;0
61;0
62;0
63;0
64;0
65;0
66;0
67;1
68;0
69;0
70;0
71;0
72;1
73;0
74;1
75;0
76;0
77;0
78;0
79;0
80;2
81;2
82;1
83;0
84;0
85;2
86;1
87;0
88;0
89;1
90;1
91;2
92;0
93;0
94;2
95;2
96;2
97;0
98;2
99;0
100;0
101;0
102;0
103;0
104;2
105;0
106;0
107;2
108;1
109;0
110;1
111;0
112;0
113;2
114;0
115;0
116;0
117;0
118;0
119;0
120;0
121;0
122;0
123;2
124;0
125;1
126;0
127;0
128;0
129;1
130;0
131;0
132;0
133;0
134;0
135;0
136;0
137;1
138;0
139;0
140;1
141;0
142;1
143;0
144;2
145;2
146;1
147;1
148;0
149;0
150;0
151;0
152;2
153;0
154;2
155;1
156;0
157;0
158;0
159;0
160;2
161;0
162;0
163;0
164;0
165;0
166;2
167;0
168;0
169;0
170;0
171;0
172;0
173;0
174;0
175;0
176;0
177;2
178;0
179;1
180;0
181;0
182;0
183;0
184;0
185;0
186;0
187;0
188;1
189;1
190;0
191;0
192;0
193;0
194;0
195;0
196;2
197;0
198;0
199;0
200;1
201;0
202;1
203;4
204;2
205;0
206;0
207;0
208;1
209;0
210;2
211;2
212;1
213;1
214;0
215;0
216;4
217;0
218;0
219;2
220;2
221;0
222;2
223;0
224;1
225;1
226;0
227;2
228;0
229;0
230;0
231;2
232;0
233;0
234;0
235;0
236;0
237;0
238;0
239;0
240;0
241;0
242;0
243;0
244;0
245;0
246;0
247;0
248;0
249;0
250;0
251;1
252;0
253;0
254;2
255;0
256;2
257;0
258;0
259;0
260;1
261;0
262;1
263;0
264;0
265;0
266;0
267;0
268;1
269;0
270;0
271;2
272;0
273;2
274;2
275;2
276;1
277;0
278;0
279;1
280;0
281;0
282;0
283;0
284;0
285;0
286;0
287;0
288;0
289;0
290;0
291;0
292;0
293;0
294;0
295;1
296;0
297;0
298;2
299;2
300;2
301;0
302;0
303;0
304;1
305;0
306;2
307;0
308;0
309;0
310;0
311;2
312;1
313;0
314;2
315;0
316;2
317;0
318;0
319;0
320;1
321;0
322;2
323;2
324;2
325;0
326;0
327;0
328;2
329;0
330;0
331;2
332;0
333;0
334;0
335;0
336;0
337;2
338;0
339;0
340;0
341;0
342;0
343;1
344;0
345;0
346;0
347;0
348;0
349;0
350;0
351;1
352;0
353;0
354;0
355;1
356;0
357;0
358;0
359;0
360;0
361;0
362;0
363;0
364;0
365;0
366;0
367;2
368;2
369;0
370;0
371;0
372;0
373;0
374;2
375;1
376;0
377;0
378;0
379;0
380;0
381;2
382;0
383;0
384;0
385;2
386;0
387;0
388;2
389;2
390;0
391;0
392;2
393;0
394;0
395;0
396;0
397;1
398;0
399;0
400;0
401;0
402;2
403;2
404;1
405;0
406;0
407;0
408;2
409;2
410;0
411;0
412;1
413;0
414;2
415;2
416;1
417;0
418;0
419;0
420;2
421;0
422;2
423;2
424;2
425;0
426;0
427;0
428;2
429;0
430;0
431;2
432;2
433;2
434;0
435;1
436;0
437;0
438;1
439;0
440;0
441;0
442;0
443;0
444;1
445;0
446;0
447;0
448;0
449;2
450;0
451;2
452;0
453;0
454;1
455;0
456;0
457;0
458;0
459;0
460;2
461;0
462;0
463;2
464;2
465;0
466;0
467;0
468;2
469;2
470;1
471;0
472;2
473;2
474;2
475;2
476;1
477;1
478;0
479;0
480;0
481;1
482;0
483;0
484;2
485;1
486;0
487;1
488;4
489;2
490;0
491;1
492;0
493;0
494;0
495;0
496;2
497;2
498;1
499;1
500;0
501;2
502;0
503;0
504;2
505;0
506;2
507;0
508;1
509;0
510;0
511;0
512;0
513;0
514;0
515;0
516;2
517;2
518;0
519;4
520;0
521;0
522;2
523;1
524;0
525;0
526;0
527;2
528;1
529;0
530;2
531;2
532;0
533;0
534;2
535;0
536;4
537;0
538;0
539;0
540;2
541;2
542;2
543;2
544;2
545;2
546;0
547;0
548;2
549;0
550;0
551;0
552;1
553;0
554;1
555;0
556;0
557;1
558;2
559;1
560;0
561;0
562;0
563;0
564;0
565;0
566;0
567;0
568;0
569;0
570;0
571;0
572;0
573;0
574;0
575;0
576;1
577;0
578;0
579;0
580;2
581;0
582;0
583;1
584;0
585;0
586;2
587;0
588;0
589;0
590;0
591;0
592;0
593;2
594;0
595;0
596;0
597;1
598;0
599;0
600;0
601;0
602;0
603;0
604;0
605;2
606;1
607;1
608;0
609;0
610;0
611;0
612;2
613;0
614;0
615;0
616;1
617;2
618;1
619;0
620;0
621;2
622;0
623;0
624;1
625;0
626;0
627;1
628;0
629;2
630;0
631;0
632;1
633;0
634;2
635;0
636;2
637;2
638;2
639;0
640;0
641;0
642;2
643;2
644;1
645;0
646;0
647;0
648;0
649;0
650;0
651;0
652;0
653;1
654;1
655;0
656;0
657;0
658;0
659;0
660;0
661;0
662;0
663;0
664;2
665;0
666;0
667;2
668;0
669;2
670;0
671;0
672;2
673;2
674;0
675;2
676;0
677;0
678;2
679;1
680;0
681;0
682;1
683;0
684;2
685;0
686;0
687;0
688;0
689;1
690;1
691;0
692;0
693;2
694;0
695;0
696;0
697;0
698;0
699;0
700;0
701;0
702;0
703;0
704;0
705;0
706;0
707;0
708;1
709;0
710;0
711;0
712;0
713;2
714;0
715;0
716;0
717;1
718;0
719;2
720;0
721;2
722;0
723;0
724;0
725;0
726;0
727;0
728;1
729;1
730;0
731;0
732;0
733;0
734;0
735;0
736;1
737;0
738;2
739;0
740;2
741;1
742;2
743;0
744;1
745;0
746;0
747;0
748;1
749;0
750;2
751;2
752;1
753;0
754;0
755;0
756;4
757;0
758;2
759;1
760;0
761;0
762;0
763;0
764;2
765;0
766;0
767;0
768;0
769;1
770;0
771;0
772;0
773;2
774;0
775;0
776;0
777;0
778;0
779;0
780;1
781;0
782;0
783;0
784;0
785;0
786;0
787;2
788;2
789;0
790;0
791;0
792;0
793;2
794;1
795;0
796;1
797;0
798;0
799;0
800;0
801;0
802;0
803;0
804;0
805;0
806;0
807;0
808;2
809;2
810;1
811;1
812;0
813;2
814;0
815;1
816;0
817;0
818;0
819;0
820;0
821;1
822;2
823;0
824;0
825;0
826;0
827;0
828;0
829;2
830;0
831;0
832;2
833;1
834;1
835;0
836;0
837;0
838;0
839;0
840;0
841;0
842;1
843;0
844;2
845;0
846;2
847;0
848;2
849;0
850;1
851;2
852;2
853;0
854;0
855;0
856;0
857;0
858;0
859;0
860;0
861;2
862;1
863;0
864;0
865;0
866;0
867;0
868;1
869;0
870;0
871;0
872;0
873;0
874;0
875;1
876;0
877;0
878;0
879;0
880;0
881;0
882;1
883;0
884;0
885;0
886;0
887;0
888;0
889;0
890;2
891;1
892;0
893;0
894;0
895;1
896;2
897;0
898;0
899;2
900;2
901;0
902;0
903;2
904;0
905;0
906;0
907;1
908;0
909;0
910;0
911;0
912;2
913;0
914;0
915;2
916;2
917;0
918;0
919;1
920;0
921;2
922;0
923;0
924;0
925;0
926;0
927;0
928;0
929;0
930;0
931;0
932;0
933;0
934;0
935;0
936;0
937;0
938;1
939;2
940;0
941;0
942;0
943;0
944;0
945;0
946;0
947;0
948;0
949;0
950;0
951;0
952;0
953;0
954;0
955;0
956;4
957;0
958;0
959;0
960;4
961;2
962;0
963;0
964;1
965;0
966;2
967;2
968;1
969;0
970;0
971;2
972;2
973;0
974;0
975;2
976;2
977;0
978;2
979;0
980;0
981;2
982;0
983;0
984;1
985;1
986;0
987;2
988;0
989;0
990;0
991;0
992;1
993;0
994;0
995;0
996;1
997;0
998;1
999;2
1000;1
1001;0
1002;0
1003;2
1004;2
1005;0
1006;1
1007;0
1008;2
1009;0
1010;2
1011;0
1012;1
1013;0
1014;0
1015;1
1016;0
1017;0
1018;0
1019;0
1020;0
1021;0
1022;0
1023;0
