0;1
1;0
2;0
3;2
4;4
5;0
6;2
7;2
8;2
9;0
10;2
11;0
12;1
13;0
14;1
15;0
16;0
17;0
18;2
19;1
20;0
21;1
22;0
23;0
24;0
25;0
26;2
27;2
28;2
29;0
30;1
31;0
32;0
33;0
34;0
35;0
36;2
37;2
38;0
39;0
40;0
41;0
42;1
43;0
44;1
45;0
46;0
47;0
48;0
49;0
50;0
51;2
52;0
53;0
54;2
55;2
56;2
57;0
58;1
59;0
60;2
61;0
62;0
63;0
64;0
65;0
66;0
67;2
68;0
69;0
70;1
71;0
72;0
73;0
74;0
75;0
76;0
77;2
78;0
79;0
80;1
81;1
82;0
83;0
84;1
85;0
86;2
87;1
88;0
89;0
90;0
91;0
92;0
93;0
94;0
95;0
96;2
97;2
98;2
99;1
100;0
101;0
102;1
103;0
104;0
105;1
106;1
107;0
108;0
109;0
110;2
111;1
112;0
113;0
114;0
115;0
116;0
117;1
118;2
119;0
120;2
121;2
122;2
123;1
124;0
125;0
126;0
127;0
128;2
129;0
130;0
131;0
132;0
133;2
134;2
135;1
136;0
137;2
138;0
139;0
140;2
141;0
142;0
143;0
144;0
145;1
146;0
147;0
148;0
149;2
150;0
151;0
152;0
153;0
154;0
155;0
156;1
157;0
158;0
159;0
160;2
161;2
162;0
163;0
164;1
165;0
166;0
167;0
168;0
169;2
170;2
171;0
172;0
173;1
174;1
175;1
176;2
177;0
178;0
179;0
180;1
181;0
182;0
183;0
184;2
185;2
186;2
187;2
188;0
189;2
190;0
191;2
192;0
193;0
194;0
195;2
196;0
197;0
198;0
199;0
200;0
201;0
202;0
203;2
204;1
205;0
206;2
207;0
208;1
209;0
210;0
211;0
212;0
213;0
214;0
215;0
216;2
217;0
218;2
219;2
220;2
221;0
222;0
223;0
224;1
225;0
226;1
227;1
228;2
229;0
230;0
231;0
232;2
233;1
234;0
235;1
236;2
237;0
238;0
239;0
240;0
241;0
242;0
243;0
244;2
245;0
246;0
247;1
248;0
249;0
250;0
251;2
252;0
253;0
254;1
255;0
256;2
257;0
258;2
259;1
260;0
261;0
262;0
263;0
264;0
265;0
266;2
267;1
268;0
269;2
270;2
271;0
272;1
273;0
274;0
275;0
276;0
277;0
278;0
279;0
280;0
281;0
282;0
283;0
284;1
285;0
286;0
287;0
288;0
289;0
290;1
291;0
292;1
293;0
294;2
295;2
296;0
297;0
298;0
299;2
300;2
301;0
302;0
303;2
304;2
305;0
306;0
307;0
308;1
309;0
310;1
311;0
312;1
313;0
314;0
315;2
316;0
317;1
318;0
319;0
320;0
321;0
322;0
323;0
324;0
325;1
326;0
327;0
328;0
329;0
330;2
331;1
332;0
333;1
334;1
335;2
336;0
337;2
338;0
339;2
340;2
341;0
342;0
343;0
344;2
345;2
346;1
347;0
348;2
349;0
350;0
351;2
352;0
353;0
354;0
355;0
356;2
357;2
358;0
359;0
360;0
361;0
362;2
363;0
364;0
365;0
366;0
367;0
368;2
369;2
370;0
371;1
372;0
373;1
374;0
375;0
376;0
377;0
378;0
379;2
380;1
381;0
382;1
383;1
384;0
385;1
386;0
387;0
388;2
389;2
390;1
391;2
392;2
393;0
394;0
395;2
396;1
397;0
398;0
399;2
400;2
401;0
402;1
403;0
404;0
405;0
406;2
407;1
408;0
409;0
410;0
411;1
412;0
413;0
414;1
415;1
416;0
417;2
418;2
419;0
420;2
421;0
422;2
423;0
424;0
425;2
426;0
427;0
428;2
429;0
430;2
431;1
432;0
433;0
434;0
435;2
436;2
437;2
438;0
439;2
440;1
441;0
442;1
443;2
444;2
445;0
446;0
447;0
448;0
449;0
450;1
451;2
452;0
453;0
454;2
455;1
456;0
457;1
458;0
459;0
460;1
461;0
462;1
463;2
464;1
465;0
466;1
467;0
468;2
469;2
470;0
471;0
472;0
473;2
474;0
475;0
476;0
477;2
478;2
479;0
480;2
481;0
482;0
483;0
484;0
485;0
486;0
487;2
488;2
489;0
490;0
491;0
492;2
493;0
494;0
495;0
496;1
497;0
498;0
499;0
500;2
501;0
502;2
503;2
504;0
505;0
506;0
507;0
508;2
509;2
510;1
511;0
512;2
513;0
514;0
515;0
516;0
517;0
518;0
519;2
520;1
521;0
522;0
523;2
524;4
525;0
526;2
527;2
528;2
529;0
530;2
531;1
532;2
533;0
534;2
535;1
536;0
537;2
538;2
539;2
540;2
541;2
542;0
543;0
544;4
545;2
546;1
547;2
548;0
549;0
550;2
551;2
552;2
553;1
554;0
555;2
556;2
557;0
558;2
559;1
560;0
561;1
562;2
563;0
564;0
565;0
566;0
567;2
568;1
569;0
570;0
571;0
572;0
573;1
574;0
575;0
576;2
577;2
578;1
579;0
580;0
581;0
582;1
583;0
584;0
585;0
586;0
587;0
588;0
589;0
590;0
591;2
592;2
593;2
594;0
595;1
596;0
597;0
598;2
599;0
600;0
601;0
602;0
603;0
604;1
605;1
606;0
607;0
608;2
609;2
610;2
611;2
612;2
613;0
614;0
615;0
616;0
617;1
618;0
619;0
620;0
621;1
622;1
623;0
624;0
625;0
626;0
627;1
628;0
629;0
630;0
631;1
632;1
633;2
634;0
635;1
636;0
637;0
638;2
639;0
640;2
641;2
642;0
643;0
644;0
645;2
646;0
647;2
648;0
649;0
650;1
651;2
652;0
653;0
654;0
655;0
656;0
657;1
658;0
659;0
660;0
661;0
662;0
663;1
664;0
665;0
666;0
667;0
668;0
669;0
670;0
671;0
672;0
673;0
674;2
675;0
676;0
677;0
678;2
679;0
680;0
681;0
682;1
683;0
684;0
685;0
686;1
687;1
688;0
689;1
690;0
691;0
692;4
693;1
694;2
695;0
696;0
697;1
698;2
699;2
700;2
701;0
702;0
703;2
704;0
705;0
706;0
707;0
708;1
709;0
710;0
711;1
712;1
713;0
714;2
715;0
716;2
717;0
718;2
719;2
720;0
721;2
722;2
723;2
724;2
725;0
726;2
727;1
728;0
729;0
730;2
731;0
732;0
733;0
734;2
735;0
736;0
737;0
738;1
739;0
740;2
741;0
742;0
743;0
744;2
745;2
746;2
747;0
748;2
749;0
750;2
751;2
752;2
753;2
754;0
755;0
756;0
757;0
758;0
759;0
760;0
761;0
762;2
763;2
764;2
765;2
766;1
767;2
768;1
769;0
770;0
771;0
772;0
773;2
774;1
775;0
776;0
777;0
778;0
779;0
780;0
781;2
782;0
783;0
784;0
785;0
786;0
787;0
788;0
789;0
790;0
791;0
792;0
793;1
794;0
795;1
796;0
797;0
798;0
799;2
800;1
801;2
802;0
803;0
804;0
805;0
806;0
807;0
808;0
809;0
810;0
811;0
812;0
813;0
814;0
815;0
816;1
817;0
818;2
819;1
820;0
821;0
822;0
823;1
824;0
825;0
826;0
827;0
828;1
829;0
830;1
831;0
832;2
833;0
834;2
835;0
836;0
837;0
838;2
839;2
840;2
841;0
842;1
843;0
844;0
845;0
846;0
847;1
848;0
849;0
850;2
851;1
852;0
853;0
854;2
855;0
856;0
857;0
858;0
859;0
860;0
861;4
862;0
863;0
864;0
865;0
866;0
867;2
868;2
869;1
870;0
871;2
872;0
873;0
874;0
875;0
876;0
877;0
878;0
879;0
880;0
881;2
882;2
883;1
884;1
885;0
886;2
887;1
888;0
889;0
890;2
891;0
892;0
893;0
894;0
895;0
896;2
897;2
898;1
899;0
900;2
901;0
902;1
903;0
904;2
905;2
906;2
907;2
908;2
909;0
910;2
911;1
912;0
913;0
914;0
915;0
916;0
917;0
918;2
919;0
920;0
921;0
922;0
923;1
924;2
925;0
926;0
927;2
928;1
929;0
930;2
931;1
932;0
933;0
934;2
935;0
936;0
937;1
938;0
939;1
940;0
941;0
942;0
943;0
944;0
945;0
946;0
947;0
948;0
949;0
950;0
951;0
952;0
953;0
954;2
955;2
956;2
957;0
958;0
959;0
960;0
961;0
962;0
963;0
964;2
965;2
966;0
967;0
968;0
969;0
970;0
971;1
972;0
973;0
974;0
975;0
976;0
977;0
978;0
979;0
980;0
981;0
982;0
983;2
984;2
985;1
986;0
987;2
988;1
989;0
990;0
991;0
992;2
993;0
994;2
995;1
996;0
997;0
998;2
999;1
1000;0
1001;1
1002;0
1003;0
1004;0
1005;0
1006;2
1007;2
1008;1
1009;0
1010;0
1011;2
1012;1
1013;0
1014;1
1015;1
1016;0
1017;0
1018;0
1019;0
1020;0
1021;0
1022;0
1023;0
