0;0
1;0
2;0
3;1
4;1
5;0
6;2
7;2
8;2
9;0
10;2
11;0
12;2
13;1
14;0
15;0
16;0
17;0
18;0
19;0
20;0
21;0
22;0
23;0
24;0
25;0
26;0
27;0
28;0
29;2
30;0
31;2
32;1
33;0
34;1
35;0
36;0
37;0
38;0
39;0
40;0
41;0
42;0
43;2
44;2
45;0
46;2
47;0
48;0
49;0
50;0
51;0
52;2
53;2
54;2
55;0
56;0
57;2
58;1
59;0
60;0
61;0
62;0
63;0
64;0
65;0
66;0
67;0
68;0
69;0
70;0
71;2
72;0
73;0
74;0
75;0
76;0
77;0
78;1
79;0
80;0
81;2
82;2
83;0
84;0
85;2
86;2
87;2
88;1
89;0
90;0
91;0
92;0
93;0
94;0
95;0
96;0
97;1
98;2
99;2
100;2
101;1
102;2
103;0
104;0
105;0
106;1
107;0
108;2
109;2
110;1
111;2
112;0
113;1
114;0
115;0
116;0
117;0
118;0
119;0
120;2
121;0
122;1
123;0
124;0
125;0
126;0
127;2
128;0
129;2
130;0
131;0
132;0
133;0
134;0
135;0
136;0
137;0
138;2
139;1
140;0
141;0
142;1
143;1
144;0
145;0
146;0
147;2
148;2
149;2
150;0
151;0
152;2
153;0
154;0
155;2
156;0
157;0
158;0
159;0
160;0
161;0
162;0
163;0
164;2
165;1
166;0
167;0
168;2
169;0
170;0
171;0
172;0
173;0
174;0
175;2
176;4
177;0
178;2
179;2
180;2
181;0
182;2
183;0
184;2
185;1
186;0
187;0
188;1
189;2
190;0
191;0
192;0
193;1
194;0
195;2
196;2
197;0
198;2
199;0
200;2
201;1
202;0
203;0
204;2
205;0
206;0
207;0
208;0
209;1
210;1
211;0
212;0
213;0
214;0
215;0
216;0
217;1
218;1
219;0
220;1
221;0
222;0
223;0
224;0
225;2
226;1
227;0
228;1
229;2
230;0
231;0
232;0
233;0
234;1
235;0
236;2
237;2
238;0
239;0
240;0
241;0
242;1
243;0
244;0
245;2
246;2
247;0
248;0
249;0
250;0
251;0
252;0
253;0
254;0
255;0
256;0
257;0
258;2
259;0
260;0
261;0
262;1
263;0
264;0
265;2
266;0
267;0
268;0
269;0
270;1
271;0
272;2
273;0
274;0
275;0
276;2
277;2
278;2
279;2
280;2
281;0
282;0
283;0
284;0
285;0
286;2
287;0
288;0
289;2
290;0
291;0
292;0
293;0
294;1
295;0
296;0
297;0
298;0
299;1
300;0
301;0
302;0
303;0
304;0
305;0
306;0
307;0
308;0
309;0
310;1
311;0
312;0
313;0
314;1
315;2
316;0
317;1
318;0
319;0
320;0
321;0
322;0
323;0
324;0
325;0
326;0
327;0
328;0
329;1
330;0
331;0
332;0
333;0
334;2
335;2
336;0
337;4
338;0
339;0
340;0
341;2
342;2
343;2
344;2
345;1
346;0
347;0
348;0
349;0
350;2
351;2
352;2
353;0
354;0
355;0
356;2
357;1
358;0
359;0
360;2
361;0
362;0
363;0
364;0
365;0
366;0
367;0
368;0
369;0
370;0
371;0
372;1
373;0
374;1
375;0
376;0
377;0
378;0
379;0
380;1
381;1
382;0
383;0
384;0
385;2
386;2
387;2
388;1
389;0
390;0
391;0
392;0
393;0
394;2
395;2
396;0
397;0
398;0
399;0
400;0
401;0
402;1
403;0
404;0
405;0
406;0
407;2
408;1
409;2
410;0
411;0
412;1
413;0
414;0
415;2
416;0
417;0
418;1
419;0
420;0
421;0
422;0
423;0
424;0
425;0
426;2
427;0
428;1
429;0
430;0
431;0
432;0
433;1
434;0
435;0
436;1
437;0
438;0
439;0
440;0
441;2
442;0
443;1
444;0
445;1
446;1
447;0
448;0
449;0
450;2
451;0
452;2
453;0
454;2
455;0
456;1
457;0
458;2
459;2
460;2
461;0
462;0
463;0
464;0
465;0
466;0
467;2
468;0
469;0
470;0
471;2
472;0
473;2
474;1
475;0
476;2
477;0
478;0
479;0
480;0
481;0
482;0
483;0
484;0
485;0
486;1
487;0
488;0
489;0
490;0
491;0
492;0
493;1
494;1
495;0
496;0
497;2
498;2
499;0
500;0
501;0
502;0
503;0
504;2
505;0
506;0
507;0
508;1
509;0
510;0
511;0
512;0
513;1
514;0
515;2
516;1
517;0
518;2
519;2
520;1
521;0
522;0
523;0
524;2
525;2
526;2
527;2
528;4
529;2
530;2
531;0
532;2
533;2
534;2
535;2
536;2
537;1
538;0
539;0
540;0
541;0
542;1
543;0
544;1
545;0
546;0
547;0
548;2
549;2
550;0
551;0
552;0
553;0
554;2
555;0
556;0
557;1
558;0
559;0
560;1
561;0
562;0
563;0
564;0
565;0
566;0
567;2
568;0
569;0
570;0
571;0
572;1
573;0
574;0
575;1
576;0
577;0
578;0
579;0
580;0
581;1
582;0
583;0
584;1
585;0
586;2
587;0
588;0
589;2
590;0
591;0
592;0
593;2
594;0
595;0
596;0
597;1
598;0
599;0
600;2
601;0
602;1
603;0
604;0
605;0
606;0
607;0
608;2
609;0
610;0
611;0
612;0
613;1
614;0
615;0
616;0
617;0
618;0
619;0
620;0
621;0
622;1
623;0
624;2
625;0
626;0
627;0
628;0
629;2
630;0
631;1
632;0
633;1
634;0
635;0
636;0
637;0
638;2
639;1
640;0
641;0
642;0
643;1
644;1
645;2
646;2
647;2
648;2
649;0
650;2
651;0
652;0
653;0
654;0
655;0
656;2
657;0
658;0
659;0
660;0
661;0
662;0
663;0
664;0
665;1
666;1
667;0
668;0
669;0
670;0
671;2
672;1
673;1
674;0
675;1
676;0
677;2
678;0
679;0
680;0
681;0
682;0
683;2
684;1
685;0
686;0
687;0
688;1
689;1
690;0
691;1
692;1
693;2
694;0
695;0
696;1
697;0
698;0
699;0
700;0
701;2
702;1
703;0
704;0
705;0
706;0
707;0
708;0
709;0
710;0
711;0
712;0
713;0
714;1
715;0
716;1
717;0
718;0
719;1
720;2
721;0
722;2
723;2
724;2
725;0
726;2
727;0
728;2
729;0
730;2
731;1
732;0
733;0
734;2
735;2
736;1
737;0
738;1
739;0
740;0
741;0
742;2
743;0
744;1
745;0
746;0
747;0
748;0
749;2
750;0
751;2
752;0
753;2
754;2
755;1
756;0
757;0
758;0
759;1
760;0
761;0
762;1
763;0
764;2
765;1
766;0
767;0
768;0
769;2
770;1
771;0
772;2
773;0
774;0
775;0
776;1
777;0
778;1
779;0
780;0
781;0
782;0
783;0
784;1
785;0
786;0
787;0
788;0
789;0
790;0
791;0
792;2
793;0
794;2
795;0
796;1
797;0
798;0
799;0
800;1
801;0
802;2
803;0
804;1
805;0
806;0
807;0
808;0
809;0
810;1
811;0
812;1
813;0
814;1
815;0
816;0
817;0
818;1
819;0
820;0
821;0
822;1
823;0
824;1
825;0
826;2
827;0
828;0
829;2
830;2
831;2
832;1
833;0
834;0
835;0
836;0
837;0
838;0
839;0
840;1
841;0
842;0
843;0
844;0
845;0
846;2
847;2
848;0
849;0
850;0
851;0
852;0
853;0
854;0
855;0
856;0
857;0
858;0
859;0
860;0
861;0
862;0
863;2
864;0
865;0
866;2
867;0
868;1
869;1
870;0
871;1
872;0
873;0
874;1
875;0
876;0
877;0
878;0
879;2
880;0
881;0
882;2
883;2
884;2
885;2
886;0
887;0
888;0
889;0
890;0
891;0
892;0
893;1
894;0
895;0
896;1
897;0
898;1
899;0
900;0
901;0
902;1
903;2
904;0
905;0
906;0
907;0
908;1
909;0
910;0
911;0
912;0
913;0
914;2
915;0
916;2
917;0
918;2
919;0
920;1
921;0
922;0
923;0
924;0
925;2
926;0
927;0
928;0
929;1
930;0
931;2
932;0
933;2
934;0
935;2
936;2
937;0
938;2
939;0
940;2
941;0
942;0
943;0
944;0
945;1
946;0
947;0
948;0
949;0
950;2
951;2
952;0
953;2
954;2
955;0
956;0
957;0
958;0
959;0
960;1
961;0
962;0
963;0
964;1
965;1
966;0
967;2
968;2
969;0
970;0
971;2
972;0
973;0
974;0
975;1
976;1
977;0
978;0
979;2
980;2
981;0
982;2
983;2
984;2
985;0
986;0
987;2
988;0
989;0
990;0
991;0
992;1
993;1
994;1
995;2
996;2
997;0
998;1
999;2
1000;0
1001;0
1002;0
1003;0
1004;0
1005;0
1006;0
1007;2
1008;2
1009;1
1010;1
1011;0
1012;0
1013;0
1014;0
1015;1
1016;0
1017;0
1018;0
1019;0
1020;0
1021;0
1022;0
1023;0
