0;1
1;0
2;0
3;2
4;2
5;0
6;2
7;2
8;2
9;0
10;2
11;0
12;0
13;0
14;0
15;0
16;0
17;0
18;0
19;0
20;0
21;2
22;0
23;0
24;2
25;0
26;0
27;0
28;0
29;2
30;2
31;2
32;2
33;0
34;0
35;0
36;0
37;0
38;0
39;0
40;0
41;0
42;0
43;0
44;0
45;0
46;2
47;0
48;0
49;1
50;0
51;0
52;1
53;0
54;0
55;0
56;2
57;0
58;0
59;1
60;0
61;0
62;2
63;0
64;2
65;0
66;0
67;2
68;0
69;2
70;0
71;2
72;4
73;1
74;0
75;0
76;0
77;0
78;1
79;0
80;2
81;0
82;0
83;2
84;0
85;0
86;0
87;0
88;0
89;0
90;0
91;0
92;0
93;0
94;0
95;0
96;0
97;0
98;2
99;2
100;1
101;0
102;0
103;0
104;0
105;0
106;0
107;0
108;0
109;0
110;2
111;2
112;0
113;2
114;0
115;1
116;0
117;0
118;0
119;0
120;2
121;0
122;0
123;0
124;0
125;0
126;0
127;0
128;0
129;0
130;0
131;0
132;0
133;0
134;0
135;1
136;0
137;0
138;0
139;0
140;0
141;0
142;0
143;2
144;0
145;0
146;0
147;1
148;0
149;0
150;2
151;0
152;0
153;0
154;0
155;0
156;0
157;0
158;1
159;0
160;2
161;2
162;0
163;2
164;1
165;0
166;0
167;2
168;0
169;0
170;0
171;0
172;0
173;0
174;1
175;0
176;2
177;2
178;2
179;0
180;2
181;2
182;2
183;2
184;0
185;0
186;0
187;0
188;2
189;0
190;0
191;0
192;1
193;0
194;2
195;2
196;1
197;0
198;0
199;2
200;2
201;0
202;2
203;2
204;2
205;0
206;0
207;0
208;0
209;0
210;2
211;0
212;2
213;2
214;0
215;0
216;0
217;0
218;0
219;0
220;0
221;1
222;2
223;0
224;0
225;2
226;0
227;0
228;2
229;0
230;1
231;0
232;0
233;0
234;0
235;0
236;0
237;0
238;2
239;2
240;2
241;0
242;0
243;0
244;1
245;0
246;0
247;2
248;1
249;0
250;0
251;1
252;1
253;0
254;0
255;2
256;2
257;2
258;2
259;2
260;2
261;1
262;0
263;0
264;0
265;0
266;0
267;0
268;0
269;0
270;0
271;1
272;0
273;2
274;0
275;0
276;0
277;2
278;1
279;0
280;0
281;0
282;0
283;0
284;0
285;0
286;0
287;0
288;0
289;1
290;0
291;0
292;2
293;2
294;0
295;0
296;1
297;0
298;0
299;0
300;0
301;0
302;1
303;0
304;0
305;2
306;0
307;1
308;0
309;1
310;0
311;2
312;0
313;0
314;0
315;1
316;0
317;0
318;0
319;2
320;2
321;0
322;0
323;2
324;1
325;0
326;1
327;0
328;0
329;0
330;0
331;0
332;2
333;0
334;0
335;0
336;0
337;1
338;0
339;0
340;0
341;0
342;0
343;1
344;0
345;0
346;1
347;0
348;0
349;1
350;0
351;0
352;0
353;0
354;0
355;0
356;0
357;0
358;0
359;0
360;0
361;0
362;0
363;0
364;2
365;0
366;0
367;1
368;0
369;1
370;0
371;0
372;0
373;0
374;2
375;2
376;2
377;2
378;2
379;1
380;0
381;0
382;2
383;0
384;0
385;0
386;0
387;0
388;0
389;0
390;0
391;0
392;1
393;0
394;1
395;0
396;2
397;0
398;0
399;1
400;2
401;0
402;2
403;2
404;2
405;0
406;0
407;0
408;2
409;0
410;2
411;0
412;0
413;1
414;0
415;0
416;1
417;0
418;0
419;0
420;0
421;0
422;0
423;0
424;0
425;1
426;0
427;0
428;0
429;0
430;2
431;2
432;1
433;0
434;2
435;0
436;0
437;0
438;2
439;2
440;0
441;0
442;2
443;0
444;0
445;2
446;1
447;0
448;0
449;0
450;0
451;2
452;0
453;2
454;0
455;0
456;1
457;0
458;0
459;2
460;0
461;0
462;0
463;0
464;0
465;0
466;0
467;0
468;0
469;2
470;2
471;0
472;1
473;0
474;0
475;0
476;0
477;0
478;0
479;2
480;0
481;0
482;0
483;0
484;0
485;0
486;0
487;2
488;1
489;0
490;1
491;0
492;2
493;0
494;1
495;0
496;2
497;0
498;2
499;0
500;0
501;2
502;2
503;1
504;1
505;0
506;0
507;0
508;0
509;0
510;0
511;2
512;0
513;1
514;2
515;0
516;0
517;2
518;2
519;1
520;0
521;0
522;0
523;0
524;0
525;2
526;0
527;0
528;0
529;1
530;1
531;0
532;0
533;0
534;0
535;0
536;0
537;1
538;0
539;0
540;0
541;0
542;1
543;0
544;2
545;0
546;0
547;0
548;0
549;0
550;0
551;0
552;0
553;1
554;0
555;0
556;1
557;2
558;2
559;1
560;2
561;2
562;2
563;1
564;0
565;0
566;0
567;0
568;2
569;0
570;2
571;2
572;0
573;2
574;0
575;0
576;0
577;0
578;2
579;0
580;0
581;1
582;0
583;0
584;1
585;0
586;2
587;0
588;2
589;0
590;0
591;0
592;4
593;0
594;0
595;1
596;0
597;0
598;2
599;0
600;2
601;0
602;0
603;0
604;0
605;0
606;0
607;0
608;1
609;0
610;1
611;0
612;0
613;0
614;0
615;0
616;0
617;0
618;0
619;0
620;1
621;0
622;0
623;0
624;0
625;0
626;0
627;0
628;0
629;0
630;0
631;1
632;0
633;1
634;0
635;2
636;1
637;0
638;0
639;0
640;0
641;0
642;0
643;2
644;0
645;0
646;0
647;1
648;0
649;1
650;0
651;1
652;0
653;0
654;0
655;0
656;0
657;0
658;1
659;0
660;2
661;0
662;1
663;1
664;0
665;2
666;0
667;0
668;1
669;0
670;0
671;0
672;0
673;2
674;0
675;0
676;0
677;0
678;0
679;0
680;2
681;0
682;0
683;0
684;0
685;0
686;0
687;2
688;0
689;0
690;0
691;0
692;1
693;0
694;0
695;0
696;2
697;1
698;0
699;0
700;0
701;2
702;0
703;0
704;1
705;0
706;1
707;0
708;1
709;0
710;0
711;0
712;0
713;2
714;0
715;0
716;0
717;0
718;0
719;0
720;0
721;0
722;0
723;0
724;0
725;0
726;0
727;0
728;2
729;0
730;1
731;0
732;0
733;0
734;0
735;0
736;0
737;2
738;2
739;0
740;0
741;0
742;1
743;0
744;0
745;1
746;0
747;0
748;0
749;0
750;0
751;0
752;0
753;2
754;2
755;0
756;0
757;0
758;0
759;0
760;0
761;2
762;0
763;2
764;1
765;1
766;0
767;2
768;2
769;0
770;0
771;0
772;1
773;0
774;2
775;2
776;1
777;0
778;0
779;0
780;0
781;0
782;2
783;1
784;0
785;0
786;0
787;0
788;0
789;0
790;0
791;1
792;0
793;0
794;0
795;0
796;0
797;0
798;0
799;0
800;0
801;0
802;0
803;0
804;0
805;0
806;0
807;0
808;0
809;0
810;0
811;0
812;1
813;0
814;0
815;0
816;1
817;0
818;2
819;0
820;2
821;0
822;2
823;0
824;1
825;0
826;0
827;0
828;2
829;0
830;0
831;0
832;2
833;0
834;0
835;0
836;0
837;0
838;2
839;2
840;2
841;0
842;0
843;0
844;0
845;0
846;1
847;0
848;0
849;0
850;1
851;0
852;0
853;0
854;0
855;0
856;0
857;0
858;1
859;0
860;0
861;0
862;0
863;2
864;0
865;0
866;0
867;0
868;0
869;2
870;0
871;0
872;0
873;0
874;1
875;0
876;2
877;0
878;1
879;0
880;0
881;0
882;0
883;0
884;0
885;0
886;1
887;0
888;1
889;0
890;0
891;0
892;0
893;0
894;2
895;0
896;0
897;1
898;0
899;1
900;0
901;0
902;0
903;0
904;0
905;0
906;1
907;0
908;0
909;1
910;0
911;1
912;2
913;0
914;0
915;2
916;0
917;0
918;0
919;0
920;2
921;0
922;0
923;2
924;2
925;0
926;2
927;2
928;2
929;0
930;1
931;0
932;2
933;0
934;0
935;2
936;0
937;0
938;2
939;1
940;0
941;0
942;1
943;0
944;0
945;0
946;0
947;0
948;0
949;2
950;2
951;0
952;0
953;2
954;0
955;0
956;0
957;0
958;2
959;0
960;2
961;1
962;0
963;0
964;0
965;0
966;0
967;2
968;1
969;0
970;2
971;0
972;2
973;0
974;0
975;0
976;0
977;0
978;2
979;0
980;0
981;2
982;2
983;0
984;2
985;1
986;0
987;0
988;2
989;2
990;0
991;0
992;0
993;0
994;0
995;0
996;0
997;0
998;0
999;2
1000;1
1001;1
1002;0
1003;2
1004;0
1005;0
1006;2
1007;2
1008;0
1009;0
1010;2
1011;2
1012;0
1013;0
1014;0
1015;1
1016;0
1017;0
1018;0
1019;0
1020;0
1021;0
1022;0
1023;0
