0;0
1;0
2;0
3;2
4;2
5;0
6;2
7;0
8;2
9;0
10;2
11;0
12;2
13;2
14;2
15;2
16;1
17;0
18;2
19;0
20;1
21;0
22;0
23;0
24;0
25;0
26;0
27;0
28;2
29;0
30;0
31;0
32;0
33;1
34;1
35;0
36;0
37;0
38;0
39;0
40;2
41;1
42;0
43;0
44;1
45;1
46;0
47;0
48;0
49;0
50;2
51;0
52;1
53;0
54;2
55;0
56;2
57;0
58;0
59;0
60;0
61;0
62;1
63;0
64;0
65;0
66;0
67;0
68;0
69;0
70;0
71;2
72;4
73;2
74;2
75;2
76;0
77;0
78;0
79;0
80;2
81;2
82;1
83;0
84;2
85;2
86;1
87;0
88;0
89;1
90;0
91;0
92;1
93;2
94;1
95;2
96;2
97;0
98;0
99;0
100;1
101;0
102;0
103;0
104;2
105;0
106;0
107;0
108;0
109;0
110;0
111;0
112;0
113;2
114;0
115;0
116;0
117;0
118;0
119;0
120;0
121;0
122;0
123;0
124;0
125;1
126;0
127;0
128;0
129;1
130;0
131;2
132;0
133;0
134;0
135;0
136;0
137;0
138;0
139;0
140;0
141;1
142;1
143;0
144;0
145;2
146;1
147;0
148;0
149;0
150;1
151;2
152;0
153;0
154;0
155;0
156;2
157;0
158;2
159;1
160;0
161;2
162;2
163;1
164;1
165;0
166;2
167;1
168;0
169;0
170;0
171;0
172;0
173;2
174;0
175;0
176;0
177;2
178;0
179;0
180;0
181;0
182;2
183;2
184;0
185;0
186;1
187;0
188;0
189;1
190;0
191;0
192;0
193;2
194;2
195;2
196;0
197;0
198;0
199;0
200;0
201;0
202;0
203;0
204;0
205;0
206;0
207;0
208;0
209;0
210;0
211;0
212;0
213;0
214;0
215;0
216;1
217;1
218;1
219;1
220;0
221;0
222;0
223;0
224;2
225;0
226;2
227;0
228;0
229;0
230;2
231;2
232;0
233;0
234;0
235;0
236;0
237;0
238;2
239;0
240;0
241;0
242;0
243;0
244;0
245;0
246;0
247;0
248;0
249;2
250;0
251;0
252;1
253;0
254;0
255;0
256;0
257;0
258;2
259;2
260;2
261;1
262;2
263;0
264;0
265;0
266;0
267;0
268;1
269;0
270;0
271;0
272;0
273;0
274;0
275;0
276;2
277;0
278;0
279;0
280;0
281;1
282;0
283;1
284;0
285;0
286;0
287;1
288;0
289;0
290;0
291;0
292;0
293;0
294;0
295;0
296;2
297;2
298;0
299;0
300;0
301;2
302;0
303;0
304;0
305;2
306;0
307;2
308;2
309;0
310;2
311;0
312;0
313;0
314;0
315;0
316;0
317;0
318;0
319;0
320;2
321;0
322;0
323;0
324;0
325;2
326;2
327;0
328;1
329;0
330;0
331;1
332;0
333;0
334;0
335;0
336;1
337;0
338;0
339;0
340;1
341;0
342;0
343;1
344;0
345;0
346;0
347;0
348;2
349;0
350;0
351;0
352;0
353;0
354;0
355;0
356;2
357;2
358;2
359;2
360;2
361;0
362;1
363;0
364;0
365;0
366;0
367;2
368;2
369;0
370;0
371;0
372;2
373;2
374;0
375;0
376;1
377;0
378;0
379;0
380;2
381;2
382;0
383;0
384;0
385;0
386;0
387;1
388;0
389;2
390;0
391;0
392;0
393;0
394;0
395;0
396;0
397;0
398;1
399;2
400;1
401;0
402;0
403;2
404;2
405;0
406;2
407;2
408;2
409;0
410;0
411;0
412;1
413;0
414;0
415;1
416;0
417;0
418;1
419;0
420;1
421;0
422;2
423;2
424;4
425;0
426;2
427;0
428;0
429;2
430;0
431;0
432;1
433;2
434;0
435;0
436;2
437;0
438;0
439;2
440;0
441;0
442;0
443;0
444;2
445;0
446;0
447;0
448;0
449;2
450;0
451;0
452;0
453;1
454;0
455;0
456;2
457;0
458;0
459;2
460;0
461;2
462;2
463;1
464;0
465;1
466;0
467;0
468;0
469;2
470;0
471;0
472;2
473;1
474;0
475;1
476;1
477;2
478;2
479;1
480;0
481;0
482;2
483;0
484;2
485;0
486;2
487;2
488;2
489;0
490;0
491;0
492;2
493;0
494;2
495;0
496;0
497;0
498;0
499;0
500;0
501;0
502;2
503;0
504;0
505;2
506;1
507;2
508;0
509;0
510;0
511;1
512;1
513;1
514;2
515;0
516;1
517;0
518;0
519;0
520;0
521;2
522;0
523;0
524;2
525;0
526;0
527;2
528;0
529;0
530;1
531;0
532;0
533;0
534;2
535;2
536;0
537;0
538;0
539;0
540;0
541;0
542;0
543;0
544;0
545;0
546;1
547;0
548;1
549;1
550;0
551;0
552;1
553;0
554;0
555;0
556;0
557;0
558;0
559;2
560;0
561;1
562;2
563;0
564;0
565;0
566;0
567;0
568;0
569;2
570;2
571;0
572;0
573;0
574;1
575;0
576;1
577;0
578;0
579;2
580;1
581;0
582;2
583;2
584;2
585;0
586;2
587;0
588;1
589;0
590;0
591;0
592;0
593;2
594;2
595;2
596;0
597;1
598;0
599;0
600;2
601;0
602;0
603;0
604;0
605;2
606;1
607;0
608;0
609;2
610;0
611;0
612;1
613;0
614;0
615;0
616;0
617;2
618;0
619;0
620;2
621;0
622;1
623;0
624;0
625;1
626;0
627;0
628;0
629;0
630;2
631;1
632;1
633;0
634;0
635;0
636;0
637;2
638;0
639;0
640;0
641;2
642;0
643;0
644;0
645;0
646;1
647;0
648;1
649;0
650;0
651;0
652;0
653;0
654;0
655;0
656;0
657;0
658;0
659;0
660;2
661;2
662;0
663;2
664;0
665;0
666;1
667;0
668;0
669;0
670;0
671;0
672;2
673;0
674;2
675;0
676;0
677;2
678;1
679;0
680;2
681;2
682;0
683;0
684;2
685;0
686;1
687;0
688;1
689;2
690;0
691;0
692;0
693;2
694;0
695;0
696;0
697;0
698;0
699;1
700;0
701;0
702;0
703;0
704;0
705;1
706;0
707;2
708;0
709;1
710;0
711;0
712;0
713;1
714;2
715;0
716;1
717;1
718;0
719;0
720;0
721;0
722;0
723;0
724;1
725;0
726;2
727;0
728;2
729;2
730;1
731;0
732;1
733;0
734;0
735;0
736;2
737;2
738;1
739;2
740;0
741;0
742;0
743;2
744;0
745;0
746;0
747;0
748;0
749;0
750;0
751;0
752;1
753;0
754;0
755;0
756;0
757;0
758;0
759;0
760;1
761;0
762;0
763;2
764;0
765;2
766;0
767;0
768;1
769;0
770;1
771;0
772;1
773;0
774;0
775;0
776;0
777;0
778;0
779;0
780;2
781;0
782;0
783;2
784;0
785;0
786;0
787;0
788;2
789;2
790;1
791;0
792;0
793;2
794;0
795;0
796;2
797;0
798;2
799;0
800;0
801;2
802;0
803;0
804;2
805;1
806;1
807;0
808;2
809;0
810;0
811;0
812;2
813;0
814;0
815;0
816;2
817;2
818;2
819;0
820;2
821;0
822;2
823;0
824;0
825;1
826;0
827;0
828;0
829;0
830;0
831;0
832;0
833;2
834;0
835;0
836;0
837;0
838;0
839;0
840;0
841;0
842;0
843;0
844;0
845;0
846;0
847;2
848;0
849;0
850;2
851;1
852;0
853;0
854;0
855;1
856;0
857;0
858;2
859;2
860;0
861;0
862;2
863;2
864;0
865;0
866;1
867;0
868;0
869;0
870;0
871;0
872;0
873;0
874;1
875;2
876;1
877;1
878;1
879;0
880;2
881;0
882;0
883;2
884;0
885;0
886;0
887;0
888;0
889;0
890;0
891;0
892;0
893;0
894;2
895;2
896;2
897;0
898;1
899;0
900;0
901;0
902;2
903;2
904;2
905;0
906;1
907;0
908;0
909;0
910;0
911;0
912;0
913;0
914;0
915;0
916;0
917;0
918;0
919;0
920;2
921;0
922;0
923;2
924;0
925;0
926;0
927;2
928;0
929;0
930;0
931;0
932;0
933;0
934;0
935;0
936;0
937;0
938;0
939;0
940;2
941;0
942;0
943;0
944;0
945;0
946;0
947;0
948;2
949;0
950;0
951;0
952;0
953;2
954;0
955;0
956;1
957;0
958;0
959;1
960;0
961;0
962;1
963;0
964;1
965;0
966;2
967;0
968;1
969;0
970;0
971;0
972;2
973;0
974;0
975;0
976;0
977;0
978;1
979;0
980;2
981;0
982;0
983;0
984;2
985;1
986;0
987;0
988;4
989;0
990;0
991;0
992;0
993;0
994;0
995;0
996;1
997;0
998;0
999;0
1000;2
1001;0
1002;1
1003;1
1004;0
1005;0
1006;1
1007;0
1008;1
1009;0
1010;0
1011;0
1012;1
1013;1
1014;1
1015;0
1016;0
1017;0
1018;0
1019;0
1020;0
1021;0
1022;0
1023;0
