0;0
1;0
2;1
3;0
4;2
5;0
6;0
7;1
8;0
9;0
10;2
11;0
12;0
13;0
14;0
15;0
16;0
17;0
18;0
19;0
20;2
21;0
22;0
23;0
24;1
25;0
26;0
27;1
28;1
29;0
30;0
31;0
32;0
33;0
34;0
35;0
36;0
37;0
38;0
39;0
40;0
41;0
42;1
43;0
44;0
45;0
46;0
47;0
48;0
49;2
50;1
51;1
52;2
53;0
54;0
55;0
56;1
57;0
58;1
59;0
60;0
61;0
62;0
63;0
64;0
65;1
66;0
67;0
68;1
69;0
70;1
71;0
72;0
73;0
74;0
75;0
76;0
77;0
78;0
79;0
80;0
81;0
82;0
83;0
84;2
85;2
86;0
87;0
88;0
89;0
90;0
91;2
92;0
93;0
94;0
95;0
96;2
97;0
98;0
99;0
100;0
101;1
102;1
103;0
104;0
105;0
106;0
107;1
108;1
109;0
110;0
111;2
112;0
113;2
114;0
115;1
116;0
117;0
118;2
119;2
120;0
121;1
122;0
123;0
124;0
125;0
126;2
127;0
128;0
129;0
130;0
131;0
132;2
133;0
134;0
135;0
136;2
137;0
138;0
139;1
140;0
141;0
142;0
143;0
144;0
145;0
146;2
147;1
148;0
149;1
150;0
151;1
152;0
153;2
154;0
155;2
156;2
157;0
158;0
159;0
160;1
161;0
162;1
163;0
164;0
165;2
166;0
167;0
168;0
169;0
170;0
171;0
172;2
173;1
174;0
175;0
176;0
177;0
178;0
179;2
180;0
181;0
182;0
183;0
184;1
185;0
186;0
187;1
188;0
189;0
190;0
191;1
192;0
193;2
194;2
195;1
196;0
197;2
198;0
199;0
200;0
201;0
202;0
203;0
204;0
205;0
206;0
207;0
208;2
209;0
210;2
211;0
212;2
213;2
214;1
215;0
216;0
217;0
218;0
219;0
220;0
221;0
222;0
223;0
224;0
225;0
226;0
227;0
228;2
229;0
230;0
231;0
232;2
233;0
234;0
235;0
236;0
237;0
238;0
239;1
240;0
241;0
242;0
243;0
244;1
245;0
246;0
247;1
248;2
249;2
250;0
251;0
252;2
253;0
254;0
255;1
256;2
257;1
258;0
259;1
260;0
261;2
262;0
263;0
264;1
265;2
266;0
267;0
268;0
269;0
270;2
271;0
272;0
273;0
274;0
275;0
276;0
277;0
278;0
279;0
280;2
281;0
282;0
283;0
284;1
285;2
286;0
287;0
288;0
289;0
290;0
291;0
292;0
293;0
294;0
295;0
296;0
297;1
298;1
299;0
300;0
301;1
302;0
303;0
304;0
305;0
306;2
307;2
308;2
309;1
310;0
311;1
312;0
313;1
314;0
315;0
316;0
317;0
318;1
319;0
320;0
321;0
322;0
323;0
324;0
325;0
326;0
327;1
328;0
329;2
330;0
331;0
332;0
333;0
334;0
335;0
336;1
337;0
338;0
339;0
340;1
341;0
342;0
343;0
344;0
345;1
346;0
347;0
348;2
349;0
350;0
351;0
352;1
353;2
354;1
355;0
356;0
357;0
358;0
359;1
360;0
361;0
362;0
363;0
364;1
365;0
366;2
367;1
368;0
369;0
370;2
371;0
372;1
373;0
374;2
375;0
376;0
377;0
378;0
379;0
380;0
381;0
382;0
383;0
384;0
385;0
386;0
387;0
388;0
389;0
390;0
391;2
392;2
393;2
394;0
395;0
396;0
397;0
398;0
399;0
400;1
401;0
402;0
403;2
404;0
405;0
406;0
407;0
408;0
409;0
410;0
411;2
412;2
413;0
414;0
415;0
416;0
417;0
418;0
419;2
420;0
421;0
422;0
423;0
424;2
425;0
426;2
427;2
428;1
429;0
430;0
431;0
432;0
433;0
434;0
435;2
436;0
437;0
438;0
439;0
440;2
441;1
442;0
443;1
444;0
445;2
446;2
447;2
448;1
449;0
450;2
451;2
452;2
453;0
454;0
455;0
456;1
457;0
458;0
459;0
460;2
461;0
462;0
463;0
464;0
465;0
466;2
467;0
468;0
469;0
470;0
471;0
472;0
473;2
474;1
475;0
476;0
477;0
478;0
479;2
480;1
481;0
482;0
483;2
484;2
485;0
486;0
487;1
488;0
489;0
490;1
491;0
492;0
493;0
494;2
495;0
496;0
497;1
498;1
499;0
500;1
501;0
502;0
503;0
504;0
505;0
506;0
507;0
508;0
509;2
510;1
511;0
512;0
513;0
514;2
515;0
516;2
517;1
518;0
519;0
520;0
521;1
522;0
523;1
524;0
525;0
526;0
527;1
528;0
529;2
530;1
531;1
532;0
533;2
534;0
535;1
536;0
537;0
538;0
539;0
540;0
541;0
542;1
543;0
544;0
545;0
546;0
547;1
548;0
549;2
550;2
551;2
552;0
553;0
554;0
555;0
556;0
557;0
558;1
559;1
560;0
561;0
562;0
563;0
564;0
565;0
566;0
567;0
568;0
569;1
570;1
571;2
572;0
573;1
574;0
575;0
576;0
577;0
578;0
579;0
580;0
581;0
582;0
583;0
584;1
585;2
586;2
587;2
588;0
589;0
590;0
591;0
592;2
593;0
594;0
595;0
596;0
597;0
598;0
599;0
600;0
601;0
602;1
603;0
604;2
605;0
606;0
607;1
608;2
609;0
610;2
611;0
612;2
613;2
614;0
615;0
616;0
617;1
618;1
619;2
620;0
621;0
622;2
623;0
624;0
625;0
626;0
627;0
628;0
629;1
630;0
631;0
632;0
633;0
634;2
635;0
636;0
637;0
638;0
639;0
640;2
641;0
642;0
643;0
644;2
645;0
646;0
647;1
648;0
649;1
650;2
651;1
652;0
653;0
654;2
655;0
656;0
657;0
658;0
659;0
660;0
661;0
662;2
663;0
664;0
665;0
666;0
667;0
668;2
669;1
670;0
671;0
672;1
673;0
674;0
675;0
676;0
677;0
678;1
679;0
680;2
681;0
682;1
683;1
684;0
685;0
686;1
687;0
688;0
689;0
690;0
691;0
692;0
693;0
694;0
695;0
696;2
697;1
698;0
699;0
700;0
701;2
702;1
703;0
704;2
705;0
706;0
707;0
708;1
709;0
710;0
711;0
712;0
713;0
714;0
715;0
716;0
717;0
718;1
719;0
720;0
721;0
722;0
723;2
724;0
725;2
726;0
727;1
728;0
729;0
730;0
731;2
732;2
733;0
734;1
735;0
736;1
737;0
738;0
739;0
740;0
741;1
742;0
743;0
744;0
745;0
746;2
747;0
748;0
749;0
750;0
751;0
752;0
753;2
754;2
755;2
756;2
757;0
758;0
759;0
760;0
761;0
762;0
763;1
764;2
765;0
766;0
767;2
768;0
769;0
770;0
771;0
772;0
773;1
774;0
775;2
776;2
777;1
778;0
779;0
780;0
781;1
782;0
783;0
784;0
785;1
786;1
787;0
788;0
789;0
790;0
791;0
792;0
793;0
794;0
795;0
796;2
797;0
798;1
799;2
800;0
801;0
802;0
803;0
804;0
805;0
806;0
807;2
808;0
809;0
810;2
811;0
812;2
813;0
814;0
815;0
816;2
817;0
818;0
819;0
820;2
821;0
822;0
823;0
824;1
825;0
826;0
827;1
828;0
829;0
830;0
831;0
832;0
833;0
834;0
835;0
836;2
837;2
838;0
839;0
840;2
841;2
842;2
843;0
844;0
845;0
846;1
847;0
848;0
849;0
850;0
851;1
852;0
853;0
854;0
855;0
856;0
857;0
858;0
859;2
860;0
861;1
862;0
863;2
864;2
865;0
866;2
867;0
868;2
869;0
870;2
871;2
872;1
873;0
874;0
875;2
876;0
877;0
878;2
879;2
880;2
881;0
882;1
883;0
884;0
885;0
886;0
887;0
888;0
889;0
890;0
891;0
892;0
893;0
894;0
895;0
896;1
897;1
898;0
899;0
900;0
901;0
902;0
903;2
904;0
905;0
906;2
907;2
908;4
909;0
910;2
911;0
912;1
913;0
914;0
915;0
916;1
917;0
918;0
919;1
920;0
921;1
922;0
923;1
924;0
925;0
926;0
927;0
928;0
929;2
930;0
931;0
932;0
933;0
934;1
935;0
936;2
937;1
938;0
939;1
940;0
941;0
942;0
943;2
944;0
945;1
946;0
947;0
948;0
949;0
950;2
951;0
952;1
953;0
954;0
955;0
956;2
957;0
958;1
959;0
960;2
961;1
962;0
963;1
964;0
965;0
966;0
967;0
968;0
969;0
970;0
971;0
972;0
973;0
974;0
975;0
976;0
977;0
978;0
979;0
980;0
981;1
982;0
983;0
984;0
985;2
986;0
987;0
988;0
989;1
990;0
991;1
992;0
993;0
994;2
995;0
996;0
997;1
998;0
999;0
1000;0
1001;0
1002;0
1003;0
1004;2
1005;0
1006;1
1007;0
1008;1
1009;0
1010;0
1011;2
1012;0
1013;1
1014;0
1015;0
1016;0
1017;0
1018;0
1019;0
1020;0
1021;0
1022;0
1023;0
