0;1
1;1
2;0
3;2
4;2
5;0
6;2
7;0
8;2
9;0
10;2
11;0
12;1
13;0
14;0
15;0
16;0
17;0
18;0
19;0
20;1
21;0
22;0
23;1
24;0
25;0
26;0
27;0
28;0
29;1
30;2
31;2
32;2
33;2
34;0
35;0
36;2
37;0
38;2
39;0
40;0
41;0
42;0
43;0
44;0
45;0
46;1
47;0
48;0
49;0
50;1
51;0
52;2
53;0
54;0
55;0
56;0
57;1
58;0
59;2
60;0
61;0
62;0
63;0
64;0
65;0
66;1
67;0
68;0
69;2
70;0
71;2
72;1
73;1
74;2
75;0
76;0
77;0
78;1
79;0
80;1
81;0
82;0
83;0
84;0
85;1
86;1
87;2
88;1
89;0
90;0
91;0
92;2
93;2
94;0
95;0
96;0
97;0
98;1
99;1
100;0
101;1
102;2
103;2
104;4
105;0
106;0
107;0
108;2
109;2
110;1
111;0
112;1
113;0
114;0
115;0
116;0
117;0
118;0
119;0
120;0
121;0
122;0
123;0
124;0
125;0
126;2
127;2
128;0
129;0
130;0
131;2
132;2
133;0
134;0
135;0
136;1
137;0
138;1
139;0
140;0
141;0
142;0
143;0
144;0
145;0
146;1
147;1
148;0
149;0
150;0
151;0
152;0
153;1
154;2
155;2
156;0
157;2
158;0
159;0
160;0
161;2
162;0
163;0
164;1
165;0
166;1
167;0
168;1
169;0
170;2
171;2
172;0
173;1
174;0
175;0
176;2
177;1
178;0
179;1
180;0
181;2
182;0
183;0
184;4
185;0
186;1
187;2
188;2
189;0
190;0
191;0
192;2
193;0
194;1
195;2
196;1
197;0
198;1
199;0
200;2
201;2
202;1
203;0
204;2
205;0
206;0
207;0
208;1
209;0
210;1
211;2
212;0
213;0
214;0
215;0
216;1
217;0
218;0
219;1
220;1
221;0
222;0
223;0
224;0
225;0
226;0
227;2
228;0
229;0
230;0
231;0
232;2
233;0
234;0
235;0
236;2
237;2
238;0
239;0
240;0
241;0
242;0
243;0
244;1
245;0
246;2
247;1
248;0
249;0
250;0
251;0
252;0
253;1
254;0
255;2
256;0
257;0
258;1
259;2
260;0
261;0
262;1
263;0
264;1
265;0
266;0
267;0
268;0
269;0
270;0
271;2
272;0
273;0
274;0
275;0
276;2
277;1
278;0
279;0
280;1
281;0
282;0
283;0
284;1
285;4
286;2
287;0
288;0
289;2
290;2
291;2
292;2
293;1
294;1
295;0
296;0
297;0
298;0
299;0
300;1
301;0
302;0
303;0
304;0
305;1
306;0
307;2
308;4
309;0
310;2
311;2
312;2
313;0
314;2
315;0
316;2
317;0
318;0
319;0
320;2
321;0
322;1
323;2
324;0
325;0
326;0
327;0
328;0
329;2
330;0
331;0
332;0
333;0
334;0
335;0
336;1
337;0
338;0
339;1
340;0
341;0
342;0
343;1
344;0
345;0
346;0
347;0
348;1
349;0
350;0
351;0
352;0
353;0
354;2
355;1
356;0
357;0
358;0
359;2
360;0
361;0
362;0
363;0
364;2
365;0
366;0
367;0
368;2
369;0
370;0
371;1
372;0
373;0
374;0
375;0
376;0
377;0
378;0
379;0
380;0
381;0
382;0
383;0
384;0
385;0
386;0
387;0
388;0
389;1
390;1
391;1
392;0
393;0
394;2
395;2
396;2
397;1
398;0
399;0
400;0
401;0
402;2
403;2
404;1
405;0
406;0
407;0
408;0
409;0
410;0
411;0
412;1
413;0
414;0
415;1
416;0
417;0
418;2
419;0
420;1
421;0
422;2
423;1
424;1
425;0
426;0
427;2
428;2
429;0
430;0
431;0
432;2
433;2
434;2
435;2
436;0
437;0
438;0
439;0
440;0
441;2
442;0
443;2
444;0
445;0
446;1
447;0
448;1
449;2
450;0
451;1
452;0
453;0
454;0
455;0
456;0
457;0
458;1
459;0
460;0
461;0
462;2
463;0
464;0
465;2
466;2
467;0
468;1
469;0
470;1
471;1
472;0
473;0
474;0
475;2
476;0
477;1
478;0
479;0
480;0
481;0
482;2
483;2
484;2
485;0
486;0
487;0
488;0
489;2
490;0
491;0
492;2
493;1
494;1
495;0
496;1
497;0
498;0
499;0
500;1
501;0
502;0
503;0
504;2
505;2
506;2
507;2
508;2
509;0
510;0
511;0
512;0
513;0
514;0
515;0
516;0
517;2
518;2
519;1
520;0
521;0
522;0
523;2
524;1
525;0
526;2
527;2
528;0
529;0
530;2
531;0
532;1
533;2
534;1
535;2
536;0
537;2
538;0
539;0
540;2
541;0
542;0
543;2
544;0
545;0
546;0
547;0
548;0
549;0
550;0
551;0
552;0
553;2
554;0
555;0
556;0
557;0
558;0
559;0
560;2
561;0
562;2
563;2
564;0
565;0
566;0
567;0
568;1
569;0
570;0
571;0
572;0
573;0
574;0
575;2
576;1
577;1
578;1
579;0
580;2
581;0
582;1
583;0
584;0
585;2
586;0
587;0
588;0
589;0
590;0
591;1
592;1
593;1
594;0
595;0
596;2
597;0
598;1
599;0
600;2
601;0
602;0
603;0
604;0
605;0
606;0
607;0
608;0
609;1
610;0
611;0
612;0
613;0
614;0
615;1
616;0
617;0
618;0
619;0
620;2
621;0
622;1
623;1
624;0
625;0
626;0
627;0
628;0
629;1
630;0
631;0
632;0
633;2
634;0
635;0
636;2
637;0
638;0
639;2
640;2
641;0
642;0
643;0
644;0
645;2
646;0
647;1
648;0
649;0
650;0
651;0
652;0
653;1
654;2
655;2
656;2
657;1
658;0
659;0
660;2
661;2
662;0
663;0
664;1
665;0
666;0
667;2
668;1
669;0
670;0
671;0
672;1
673;1
674;0
675;0
676;0
677;0
678;0
679;0
680;0
681;0
682;0
683;1
684;0
685;0
686;0
687;2
688;2
689;0
690;0
691;0
692;0
693;0
694;0
695;0
696;0
697;2
698;0
699;0
700;0
701;1
702;0
703;0
704;2
705;2
706;0
707;0
708;0
709;0
710;1
711;0
712;2
713;0
714;1
715;0
716;0
717;0
718;0
719;0
720;0
721;0
722;0
723;2
724;0
725;0
726;2
727;2
728;2
729;0
730;0
731;0
732;1
733;0
734;1
735;1
736;2
737;1
738;0
739;0
740;2
741;1
742;0
743;0
744;1
745;0
746;2
747;0
748;2
749;0
750;0
751;2
752;2
753;0
754;0
755;2
756;2
757;0
758;0
759;0
760;1
761;1
762;0
763;0
764;0
765;0
766;0
767;0
768;1
769;0
770;1
771;0
772;0
773;0
774;1
775;2
776;2
777;0
778;1
779;0
780;1
781;2
782;0
783;0
784;1
785;0
786;0
787;0
788;1
789;0
790;0
791;0
792;0
793;0
794;1
795;2
796;2
797;0
798;0
799;0
800;0
801;0
802;0
803;0
804;0
805;0
806;0
807;0
808;1
809;0
810;0
811;0
812;0
813;1
814;0
815;2
816;2
817;0
818;0
819;0
820;0
821;0
822;0
823;0
824;2
825;0
826;2
827;2
828;0
829;0
830;2
831;1
832;0
833;0
834;0
835;0
836;2
837;0
838;0
839;0
840;0
841;0
842;2
843;2
844;0
845;0
846;0
847;0
848;0
849;0
850;2
851;0
852;0
853;1
854;0
855;0
856;0
857;0
858;0
859;2
860;2
861;0
862;0
863;2
864;0
865;2
866;2
867;1
868;0
869;0
870;0
871;2
872;1
873;0
874;0
875;1
876;2
877;0
878;2
879;0
880;0
881;0
882;2
883;2
884;2
885;0
886;1
887;0
888;1
889;0
890;2
891;0
892;1
893;1
894;0
895;2
896;1
897;0
898;2
899;1
900;0
901;0
902;2
903;0
904;2
905;0
906;1
907;2
908;1
909;0
910;2
911;0
912;1
913;0
914;0
915;0
916;1
917;0
918;1
919;0
920;0
921;0
922;0
923;2
924;2
925;0
926;2
927;0
928;0
929;0
930;0
931;0
932;0
933;1
934;0
935;0
936;0
937;1
938;0
939;2
940;2
941;1
942;0
943;0
944;0
945;1
946;0
947;0
948;0
949;0
950;0
951;0
952;0
953;1
954;0
955;0
956;0
957;0
958;2
959;2
960;0
961;0
962;0
963;2
964;0
965;0
966;0
967;1
968;0
969;0
970;2
971;0
972;2
973;0
974;0
975;0
976;2
977;0
978;0
979;0
980;0
981;0
982;0
983;1
984;1
985;0
986;2
987;2
988;2
989;1
990;2
991;1
992;0
993;0
994;0
995;2
996;1
997;0
998;0
999;1
1000;0
1001;0
1002;0
1003;0
1004;2
1005;0
1006;0
1007;0
1008;0
1009;0
1010;0
1011;0
1012;0
1013;0
1014;0
1015;0
1016;0
1017;0
1018;0
1019;0
1020;0
1021;0
1022;0
1023;0
