0;1
1;0
2;0
3;2
4;2
5;2
6;2
7;2
8;0
9;0
10;0
11;0
12;0
13;2
14;0
15;0
16;0
17;0
18;0
19;0
20;0
21;1
22;0
23;0
24;0
25;0
26;0
27;0
28;0
29;0
30;0
31;0
32;0
33;1
34;1
35;0
36;0
37;0
38;0
39;0
40;1
41;1
42;0
43;2
44;1
45;0
46;0
47;2
48;0
49;2
50;2
51;0
52;1
53;0
54;0
55;2
56;0
57;0
58;0
59;0
60;0
61;1
62;1
63;0
64;0
65;0
66;0
67;0
68;0
69;1
70;2
71;0
72;4
73;2
74;0
75;1
76;0
77;0
78;0
79;0
80;1
81;2
82;2
83;2
84;0
85;2
86;2
87;0
88;0
89;0
90;0
91;0
92;2
93;0
94;1
95;0
96;0
97;2
98;0
99;0
100;1
101;0
102;0
103;0
104;2
105;0
106;0
107;0
108;0
109;0
110;1
111;2
112;0
113;0
114;0
115;0
116;2
117;0
118;0
119;0
120;0
121;0
122;0
123;2
124;0
125;1
126;0
127;0
128;0
129;0
130;0
131;0
132;0
133;0
134;0
135;0
136;0
137;2
138;0
139;0
140;1
141;0
142;0
143;0
144;2
145;2
146;1
147;1
148;0
149;0
150;2
151;2
152;0
153;0
154;0
155;0
156;2
157;0
158;2
159;0
160;0
161;0
162;2
163;0
164;2
165;0
166;2
167;0
168;0
169;0
170;2
171;0
172;0
173;0
174;0
175;0
176;2
177;2
178;0
179;0
180;2
181;0
182;0
183;0
184;0
185;0
186;0
187;0
188;0
189;0
190;1
191;0
192;0
193;0
194;0
195;1
196;0
197;0
198;0
199;0
200;0
201;1
202;0
203;0
204;0
205;1
206;0
207;0
208;0
209;0
210;0
211;2
212;0
213;0
214;0
215;0
216;0
217;0
218;1
219;2
220;2
221;0
222;0
223;0
224;2
225;0
226;1
227;2
228;2
229;2
230;0
231;0
232;1
233;0
234;0
235;0
236;0
237;0
238;1
239;0
240;2
241;0
242;0
243;0
244;2
245;0
246;0
247;0
248;0
249;0
250;0
251;1
252;0
253;0
254;1
255;0
256;0
257;0
258;0
259;0
260;2
261;2
262;2
263;2
264;0
265;0
266;0
267;0
268;1
269;0
270;1
271;0
272;1
273;0
274;0
275;0
276;2
277;0
278;0
279;0
280;0
281;1
282;0
283;1
284;0
285;0
286;0
287;2
288;2
289;0
290;0
291;0
292;0
293;0
294;0
295;0
296;0
297;0
298;0
299;2
300;0
301;0
302;2
303;0
304;0
305;0
306;2
307;0
308;2
309;0
310;2
311;0
312;0
313;0
314;2
315;1
316;0
317;1
318;2
319;0
320;0
321;0
322;0
323;2
324;0
325;0
326;2
327;0
328;0
329;0
330;0
331;0
332;0
333;0
334;0
335;0
336;1
337;0
338;1
339;0
340;2
341;0
342;0
343;0
344;0
345;2
346;0
347;0
348;2
349;0
350;1
351;0
352;0
353;2
354;0
355;0
356;2
357;1
358;0
359;2
360;1
361;0
362;0
363;0
364;2
365;0
366;0
367;0
368;0
369;2
370;0
371;0
372;2
373;0
374;0
375;0
376;0
377;2
378;0
379;0
380;2
381;2
382;2
383;0
384;2
385;0
386;0
387;0
388;2
389;0
390;0
391;0
392;0
393;0
394;0
395;0
396;0
397;0
398;0
399;0
400;1
401;0
402;0
403;2
404;2
405;0
406;2
407;2
408;2
409;0
410;0
411;0
412;1
413;1
414;1
415;1
416;0
417;1
418;0
419;0
420;2
421;2
422;2
423;2
424;1
425;0
426;0
427;0
428;2
429;2
430;0
431;0
432;2
433;2
434;0
435;2
436;2
437;0
438;0
439;0
440;0
441;0
442;2
443;2
444;2
445;0
446;0
447;0
448;0
449;2
450;0
451;1
452;0
453;0
454;0
455;0
456;2
457;0
458;0
459;0
460;0
461;0
462;2
463;2
464;1
465;0
466;0
467;0
468;0
469;0
470;0
471;0
472;0
473;0
474;0
475;1
476;2
477;2
478;2
479;0
480;0
481;0
482;0
483;0
484;0
485;2
486;0
487;1
488;0
489;0
490;0
491;2
492;0
493;0
494;2
495;0
496;0
497;2
498;2
499;0
500;0
501;0
502;0
503;0
504;2
505;2
506;2
507;1
508;0
509;0
510;0
511;0
512;0
513;0
514;0
515;0
516;0
517;0
518;0
519;0
520;2
521;2
522;0
523;0
524;2
525;1
526;0
527;0
528;1
529;0
530;1
531;0
532;0
533;0
534;2
535;1
536;0
537;0
538;0
539;0
540;2
541;0
542;0
543;0
544;0
545;2
546;1
547;0
548;2
549;0
550;0
551;0
552;1
553;0
554;0
555;0
556;0
557;0
558;0
559;2
560;0
561;2
562;0
563;0
564;0
565;0
566;0
567;0
568;0
569;2
570;0
571;0
572;0
573;0
574;2
575;1
576;1
577;0
578;0
579;2
580;2
581;2
582;2
583;2
584;2
585;0
586;0
587;0
588;0
589;0
590;0
591;0
592;0
593;0
594;0
595;2
596;0
597;0
598;0
599;0
600;0
601;0
602;0
603;0
604;0
605;0
606;1
607;0
608;0
609;0
610;2
611;0
612;0
613;0
614;0
615;0
616;0
617;2
618;2
619;1
620;0
621;0
622;1
623;0
624;2
625;0
626;0
627;2
628;2
629;0
630;0
631;0
632;0
633;0
634;0
635;0
636;0
637;0
638;0
639;0
640;1
641;0
642;0
643;0
644;0
645;0
646;0
647;0
648;0
649;2
650;0
651;0
652;0
653;0
654;1
655;0
656;0
657;2
658;0
659;0
660;2
661;1
662;0
663;2
664;0
665;0
666;0
667;0
668;1
669;0
670;0
671;2
672;0
673;0
674;0
675;0
676;0
677;0
678;1
679;0
680;1
681;0
682;0
683;0
684;0
685;0
686;0
687;0
688;0
689;0
690;0
691;0
692;0
693;0
694;2
695;0
696;0
697;2
698;0
699;0
700;0
701;0
702;0
703;0
704;1
705;1
706;0
707;2
708;0
709;1
710;0
711;0
712;0
713;0
714;2
715;0
716;0
717;2
718;0
719;0
720;0
721;0
722;0
723;0
724;1
725;0
726;2
727;0
728;0
729;0
730;0
731;0
732;1
733;0
734;0
735;0
736;2
737;2
738;1
739;2
740;0
741;0
742;2
743;2
744;0
745;0
746;1
747;0
748;0
749;0
750;0
751;2
752;0
753;0
754;0
755;0
756;0
757;2
758;0
759;0
760;0
761;0
762;0
763;0
764;0
765;1
766;0
767;2
768;1
769;0
770;0
771;0
772;1
773;0
774;0
775;1
776;0
777;0
778;0
779;0
780;0
781;0
782;2
783;2
784;2
785;0
786;0
787;0
788;2
789;1
790;0
791;0
792;0
793;0
794;0
795;0
796;1
797;0
798;0
799;0
800;0
801;0
802;0
803;0
804;2
805;0
806;1
807;0
808;2
809;0
810;0
811;0
812;2
813;0
814;1
815;0
816;2
817;0
818;0
819;2
820;2
821;0
822;2
823;0
824;0
825;0
826;0
827;0
828;1
829;0
830;0
831;0
832;0
833;2
834;0
835;0
836;0
837;1
838;0
839;0
840;1
841;0
842;0
843;1
844;0
845;0
846;0
847;0
848;0
849;0
850;0
851;0
852;0
853;0
854;0
855;2
856;2
857;0
858;2
859;1
860;0
861;0
862;2
863;0
864;0
865;0
866;0
867;0
868;0
869;0
870;0
871;0
872;0
873;0
874;1
875;0
876;2
877;0
878;1
879;1
880;0
881;0
882;0
883;2
884;0
885;0
886;0
887;0
888;0
889;0
890;1
891;1
892;0
893;0
894;1
895;2
896;2
897;0
898;2
899;2
900;2
901;0
902;2
903;0
904;2
905;1
906;1
907;0
908;0
909;1
910;0
911;0
912;0
913;0
914;2
915;0
916;0
917;0
918;0
919;0
920;2
921;0
922;1
923;2
924;0
925;0
926;0
927;0
928;0
929;0
930;0
931;0
932;0
933;0
934;1
935;0
936;0
937;0
938;0
939;0
940;1
941;1
942;0
943;0
944;0
945;0
946;0
947;0
948;2
949;0
950;1
951;1
952;0
953;2
954;0
955;0
956;1
957;0
958;2
959;0
960;0
961;0
962;1
963;0
964;0
965;0
966;0
967;0
968;1
969;0
970;0
971;0
972;0
973;0
974;0
975;0
976;2
977;0
978;0
979;0
980;0
981;0
982;0
983;0
984;0
985;1
986;0
987;0
988;4
989;0
990;1
991;0
992;0
993;0
994;0
995;0
996;1
997;0
998;0
999;0
1000;2
1001;0
1002;0
1003;0
1004;0
1005;0
1006;4
1007;0
1008;2
1009;0
1010;0
1011;1
1012;0
1013;1
1014;1
1015;1
1016;0
1017;0
1018;0
1019;0
1020;0
1021;0
1022;0
1023;0
