0;0
1;0
2;0
3;2
4;2
5;0
6;2
7;2
8;2
9;0
10;2
11;2
12;0
13;2
14;0
15;0
16;0
17;0
18;0
19;0
20;0
21;2
22;0
23;0
24;0
25;0
26;0
27;0
28;0
29;2
30;0
31;2
32;2
33;0
34;1
35;0
36;0
37;0
38;0
39;0
40;2
41;1
42;1
43;0
44;1
45;1
46;0
47;2
48;1
49;2
50;2
51;0
52;0
53;0
54;0
55;0
56;0
57;0
58;0
59;1
60;0
61;0
62;1
63;0
64;0
65;0
66;0
67;0
68;0
69;0
70;2
71;0
72;1
73;0
74;2
75;2
76;2
77;0
78;0
79;1
80;0
81;2
82;1
83;0
84;0
85;2
86;1
87;0
88;0
89;0
90;0
91;0
92;1
93;0
94;0
95;1
96;2
97;0
98;2
99;0
100;0
101;0
102;1
103;0
104;2
105;0
106;0
107;0
108;0
109;0
110;2
111;0
112;1
113;0
114;0
115;0
116;0
117;0
118;0
119;0
120;0
121;0
122;0
123;2
124;0
125;1
126;0
127;0
128;0
129;1
130;0
131;0
132;0
133;0
134;0
135;1
136;2
137;1
138;0
139;0
140;0
141;0
142;1
143;0
144;1
145;1
146;0
147;0
148;1
149;0
150;0
151;0
152;2
153;1
154;2
155;0
156;0
157;0
158;0
159;0
160;0
161;0
162;0
163;0
164;0
165;0
166;0
167;0
168;0
169;1
170;0
171;0
172;0
173;0
174;0
175;0
176;0
177;2
178;0
179;2
180;1
181;0
182;0
183;1
184;0
185;0
186;0
187;2
188;0
189;1
190;0
191;0
192;0
193;0
194;0
195;0
196;0
197;0
198;0
199;0
200;0
201;0
202;0
203;1
204;0
205;0
206;0
207;0
208;2
209;0
210;2
211;1
212;0
213;0
214;2
215;0
216;0
217;0
218;0
219;0
220;1
221;2
222;2
223;2
224;2
225;0
226;0
227;0
228;2
229;2
230;1
231;0
232;0
233;0
234;0
235;1
236;0
237;0
238;1
239;2
240;1
241;1
242;0
243;0
244;4
245;0
246;0
247;0
248;0
249;0
250;2
251;0
252;1
253;0
254;1
255;0
256;2
257;0
258;1
259;1
260;0
261;0
262;0
263;0
264;0
265;0
266;0
267;2
268;0
269;0
270;2
271;0
272;0
273;0
274;0
275;0
276;1
277;0
278;0
279;0
280;2
281;0
282;0
283;0
284;0
285;0
286;0
287;0
288;0
289;0
290;0
291;1
292;0
293;0
294;0
295;0
296;0
297;2
298;0
299;2
300;0
301;0
302;0
303;0
304;2
305;0
306;2
307;0
308;0
309;0
310;2
311;2
312;2
313;2
314;0
315;1
316;0
317;0
318;0
319;0
320;0
321;0
322;2
323;2
324;0
325;0
326;0
327;0
328;0
329;0
330;0
331;0
332;0
333;0
334;1
335;0
336;0
337;1
338;0
339;0
340;2
341;0
342;0
343;0
344;0
345;0
346;1
347;0
348;0
349;0
350;0
351;0
352;0
353;1
354;1
355;0
356;2
357;0
358;0
359;0
360;0
361;0
362;0
363;2
364;0
365;0
366;0
367;0
368;2
369;2
370;0
371;0
372;0
373;0
374;0
375;0
376;2
377;0
378;0
379;2
380;2
381;0
382;0
383;0
384;0
385;0
386;2
387;0
388;0
389;0
390;0
391;2
392;2
393;2
394;0
395;0
396;0
397;0
398;0
399;0
400;2
401;2
402;1
403;0
404;2
405;0
406;0
407;0
408;0
409;0
410;0
411;1
412;0
413;0
414;0
415;2
416;0
417;0
418;1
419;1
420;0
421;0
422;0
423;0
424;2
425;0
426;1
427;0
428;0
429;0
430;0
431;2
432;2
433;0
434;0
435;0
436;0
437;0
438;0
439;0
440;0
441;0
442;0
443;0
444;1
445;1
446;0
447;0
448;0
449;0
450;0
451;0
452;2
453;1
454;0
455;1
456;1
457;0
458;0
459;1
460;0
461;0
462;0
463;0
464;0
465;0
466;1
467;0
468;0
469;2
470;1
471;0
472;2
473;0
474;2
475;0
476;0
477;0
478;2
479;1
480;0
481;0
482;0
483;0
484;0
485;2
486;2
487;0
488;0
489;0
490;0
491;0
492;0
493;2
494;2
495;0
496;0
497;0
498;0
499;0
500;2
501;2
502;0
503;0
504;0
505;0
506;0
507;0
508;1
509;0
510;0
511;0
512;0
513;0
514;2
515;2
516;0
517;0
518;0
519;0
520;2
521;0
522;0
523;0
524;0
525;2
526;2
527;0
528;0
529;0
530;0
531;1
532;0
533;0
534;0
535;0
536;1
537;0
538;0
539;0
540;0
541;0
542;0
543;2
544;0
545;1
546;0
547;0
548;0
549;0
550;0
551;0
552;2
553;2
554;0
555;0
556;1
557;0
558;0
559;0
560;0
561;0
562;0
563;0
564;0
565;2
566;0
567;0
568;0
569;0
570;0
571;0
572;1
573;0
574;0
575;0
576;0
577;2
578;1
579;0
580;0
581;2
582;0
583;2
584;1
585;0
586;0
587;1
588;1
589;0
590;0
591;1
592;1
593;0
594;2
595;2
596;1
597;0
598;0
599;0
600;0
601;0
602;0
603;0
604;2
605;0
606;2
607;0
608;0
609;0
610;0
611;0
612;0
613;0
614;0
615;0
616;0
617;0
618;0
619;0
620;1
621;1
622;0
623;0
624;1
625;0
626;1
627;0
628;0
629;0
630;0
631;0
632;2
633;1
634;0
635;2
636;0
637;0
638;0
639;0
640;2
641;1
642;0
643;1
644;0
645;0
646;0
647;0
648;0
649;0
650;0
651;0
652;1
653;0
654;0
655;0
656;0
657;0
658;0
659;0
660;0
661;0
662;0
663;0
664;0
665;2
666;0
667;0
668;1
669;0
670;0
671;0
672;0
673;0
674;0
675;0
676;0
677;0
678;0
679;2
680;0
681;0
682;0
683;0
684;0
685;0
686;2
687;0
688;0
689;1
690;0
691;0
692;0
693;0
694;0
695;0
696;0
697;0
698;0
699;0
700;0
701;2
702;0
703;0
704;1
705;0
706;0
707;0
708;2
709;2
710;1
711;0
712;2
713;2
714;2
715;2
716;0
717;0
718;0
719;0
720;0
721;0
722;0
723;0
724;0
725;0
726;0
727;0
728;2
729;0
730;0
731;0
732;0
733;0
734;0
735;0
736;0
737;2
738;0
739;0
740;1
741;0
742;0
743;0
744;0
745;0
746;0
747;0
748;2
749;0
750;0
751;1
752;0
753;1
754;0
755;2
756;0
757;0
758;0
759;0
760;0
761;2
762;0
763;0
764;0
765;2
766;0
767;1
768;0
769;0
770;2
771;0
772;0
773;1
774;0
775;0
776;0
777;2
778;0
779;2
780;2
781;0
782;0
783;0
784;0
785;0
786;1
787;0
788;2
789;0
790;2
791;0
792;0
793;0
794;0
795;2
796;1
797;0
798;0
799;0
800;4
801;0
802;2
803;2
804;2
805;0
806;0
807;0
808;2
809;1
810;1
811;0
812;0
813;0
814;0
815;0
816;0
817;0
818;1
819;0
820;2
821;0
822;0
823;1
824;0
825;0
826;0
827;0
828;2
829;0
830;0
831;1
832;0
833;0
834;0
835;0
836;0
837;0
838;1
839;0
840;0
841;0
842;0
843;0
844;0
845;0
846;2
847;0
848;1
849;0
850;0
851;2
852;1
853;2
854;2
855;2
856;2
857;0
858;2
859;0
860;2
861;0
862;0
863;0
864;0
865;0
866;0
867;0
868;0
869;0
870;0
871;1
872;2
873;0
874;2
875;0
876;0
877;2
878;2
879;0
880;0
881;1
882;0
883;2
884;1
885;0
886;2
887;1
888;0
889;0
890;0
891;1
892;0
893;0
894;0
895;2
896;0
897;0
898;2
899;0
900;1
901;0
902;1
903;0
904;0
905;0
906;2
907;0
908;0
909;0
910;0
911;0
912;2
913;0
914;0
915;2
916;2
917;0
918;0
919;2
920;0
921;0
922;0
923;0
924;0
925;0
926;0
927;0
928;0
929;0
930;0
931;0
932;0
933;0
934;0
935;0
936;2
937;0
938;0
939;1
940;0
941;0
942;0
943;0
944;0
945;0
946;0
947;0
948;0
949;2
950;0
951;0
952;1
953;0
954;0
955;0
956;0
957;0
958;1
959;0
960;2
961;0
962;0
963;2
964;2
965;0
966;1
967;0
968;0
969;2
970;0
971;1
972;0
973;2
974;1
975;0
976;2
977;0
978;0
979;0
980;1
981;0
982;2
983;2
984;1
985;0
986;0
987;1
988;2
989;0
990;2
991;0
992;2
993;0
994;2
995;2
996;2
997;0
998;1
999;0
1000;1
1001;0
1002;0
1003;1
1004;0
1005;1
1006;0
1007;2
1008;2
1009;0
1010;1
1011;0
1012;0
1013;0
1014;0
1015;0
1016;0
1017;0
1018;0
1019;0
1020;0
1021;0
1022;0
1023;0
