0;1
1;0
2;0
3;2
4;1
5;2
6;2
7;1
8;2
9;0
10;0
11;0
12;1
13;0
14;0
15;0
16;0
17;0
18;2
19;1
20;0
21;1
22;1
23;0
24;0
25;1
26;0
27;1
28;0
29;0
30;2
31;1
32;0
33;0
34;0
35;0
36;2
37;2
38;0
39;2
40;0
41;0
42;0
43;0
44;1
45;0
46;0
47;0
48;0
49;0
50;0
51;0
52;0
53;0
54;0
55;0
56;0
57;0
58;1
59;2
60;2
61;1
62;0
63;0
64;0
65;0
66;0
67;2
68;1
69;0
70;0
71;0
72;0
73;0
74;0
75;0
76;1
77;2
78;0
79;0
80;1
81;0
82;0
83;2
84;2
85;0
86;2
87;1
88;0
89;0
90;0
91;0
92;0
93;0
94;0
95;0
96;2
97;0
98;2
99;1
100;0
101;0
102;1
103;0
104;0
105;0
106;1
107;1
108;0
109;0
110;1
111;0
112;0
113;0
114;0
115;0
116;0
117;2
118;0
119;0
120;0
121;0
122;2
123;2
124;0
125;0
126;0
127;0
128;0
129;0
130;0
131;0
132;0
133;0
134;1
135;0
136;0
137;1
138;0
139;0
140;2
141;0
142;0
143;0
144;0
145;1
146;0
147;0
148;0
149;0
150;0
151;0
152;0
153;0
154;0
155;0
156;2
157;0
158;0
159;0
160;0
161;1
162;0
163;0
164;1
165;0
166;0
167;0
168;0
169;0
170;2
171;0
172;0
173;1
174;0
175;0
176;2
177;0
178;0
179;0
180;1
181;1
182;0
183;0
184;0
185;0
186;0
187;2
188;0
189;2
190;2
191;1
192;0
193;0
194;0
195;2
196;0
197;0
198;0
199;0
200;0
201;0
202;2
203;2
204;0
205;0
206;2
207;0
208;1
209;0
210;2
211;0
212;0
213;2
214;0
215;0
216;2
217;1
218;0
219;2
220;1
221;0
222;0
223;0
224;1
225;0
226;0
227;0
228;2
229;2
230;2
231;2
232;2
233;1
234;0
235;0
236;0
237;2
238;0
239;0
240;0
241;0
242;0
243;0
244;2
245;0
246;0
247;2
248;0
249;0
250;0
251;0
252;0
253;0
254;1
255;0
256;2
257;0
258;1
259;0
260;2
261;0
262;0
263;0
264;0
265;0
266;0
267;0
268;0
269;1
270;0
271;1
272;0
273;0
274;0
275;0
276;0
277;0
278;0
279;0
280;2
281;0
282;1
283;0
284;1
285;0
286;0
287;2
288;0
289;0
290;0
291;0
292;0
293;0
294;2
295;2
296;0
297;0
298;0
299;2
300;0
301;0
302;2
303;2
304;0
305;2
306;2
307;2
308;1
309;1
310;1
311;0
312;0
313;0
314;0
315;2
316;0
317;1
318;0
319;0
320;0
321;0
322;0
323;1
324;0
325;0
326;0
327;0
328;0
329;0
330;2
331;2
332;2
333;0
334;0
335;2
336;2
337;0
338;2
339;1
340;1
341;0
342;0
343;0
344;1
345;2
346;2
347;2
348;2
349;0
350;0
351;0
352;0
353;0
354;0
355;0
356;0
357;1
358;0
359;0
360;0
361;1
362;0
363;0
364;0
365;0
366;0
367;0
368;2
369;2
370;0
371;1
372;0
373;0
374;0
375;0
376;0
377;1
378;0
379;0
380;0
381;2
382;1
383;1
384;0
385;0
386;0
387;0
388;0
389;1
390;0
391;1
392;2
393;0
394;0
395;0
396;1
397;0
398;0
399;0
400;2
401;0
402;1
403;0
404;0
405;0
406;0
407;2
408;1
409;1
410;0
411;0
412;0
413;0
414;2
415;0
416;2
417;2
418;2
419;0
420;1
421;2
422;1
423;0
424;0
425;0
426;0
427;0
428;0
429;0
430;2
431;2
432;2
433;0
434;2
435;1
436;0
437;0
438;0
439;2
440;0
441;2
442;1
443;1
444;2
445;0
446;2
447;1
448;0
449;0
450;0
451;0
452;0
453;0
454;2
455;1
456;0
457;2
458;2
459;1
460;0
461;0
462;1
463;2
464;2
465;0
466;0
467;0
468;2
469;2
470;0
471;1
472;0
473;0
474;2
475;1
476;0
477;2
478;2
479;0
480;2
481;0
482;0
483;0
484;0
485;0
486;0
487;2
488;2
489;0
490;0
491;0
492;2
493;0
494;0
495;0
496;0
497;0
498;0
499;0
500;2
501;0
502;2
503;1
504;0
505;2
506;2
507;0
508;1
509;0
510;1
511;0
512;2
513;0
514;0
515;0
516;0
517;0
518;2
519;0
520;0
521;0
522;0
523;2
524;2
525;0
526;2
527;1
528;0
529;0
530;2
531;2
532;0
533;0
534;2
535;1
536;0
537;4
538;0
539;0
540;0
541;4
542;1
543;0
544;1
545;2
546;0
547;1
548;0
549;2
550;2
551;2
552;2
553;0
554;2
555;2
556;0
557;0
558;1
559;0
560;0
561;2
562;2
563;0
564;0
565;0
566;0
567;2
568;0
569;0
570;0
571;0
572;0
573;0
574;0
575;0
576;0
577;2
578;2
579;0
580;0
581;0
582;1
583;0
584;1
585;0
586;0
587;0
588;0
589;1
590;0
591;0
592;0
593;2
594;1
595;2
596;2
597;0
598;0
599;0
600;0
601;0
602;0
603;0
604;0
605;2
606;0
607;1
608;0
609;0
610;0
611;1
612;0
613;0
614;0
615;0
616;0
617;0
618;0
619;0
620;0
621;0
622;0
623;0
624;0
625;0
626;0
627;0
628;1
629;0
630;0
631;2
632;4
633;2
634;2
635;2
636;2
637;0
638;2
639;0
640;2
641;2
642;0
643;0
644;0
645;0
646;0
647;0
648;0
649;0
650;2
651;0
652;0
653;0
654;0
655;0
656;0
657;1
658;0
659;1
660;0
661;0
662;2
663;0
664;0
665;0
666;0
667;0
668;2
669;0
670;0
671;0
672;2
673;0
674;2
675;1
676;0
677;0
678;2
679;0
680;0
681;0
682;2
683;1
684;0
685;0
686;2
687;2
688;0
689;1
690;0
691;0
692;0
693;2
694;0
695;0
696;0
697;2
698;2
699;0
700;2
701;0
702;0
703;0
704;0
705;0
706;0
707;0
708;0
709;0
710;0
711;0
712;1
713;0
714;2
715;0
716;2
717;0
718;2
719;2
720;0
721;2
722;2
723;2
724;1
725;0
726;2
727;0
728;0
729;0
730;0
731;1
732;0
733;0
734;0
735;1
736;0
737;0
738;0
739;0
740;1
741;0
742;0
743;0
744;2
745;2
746;1
747;0
748;2
749;0
750;2
751;0
752;0
753;0
754;0
755;2
756;0
757;0
758;0
759;0
760;0
761;1
762;2
763;2
764;1
765;0
766;2
767;0
768;0
769;0
770;0
771;1
772;2
773;0
774;1
775;0
776;0
777;0
778;2
779;0
780;0
781;2
782;0
783;0
784;0
785;0
786;0
787;0
788;0
789;2
790;0
791;0
792;0
793;2
794;2
795;1
796;0
797;2
798;0
799;1
800;0
801;2
802;0
803;0
804;0
805;0
806;1
807;0
808;0
809;0
810;0
811;0
812;0
813;2
814;0
815;0
816;1
817;0
818;1
819;1
820;0
821;0
822;0
823;1
824;0
825;0
826;0
827;0
828;1
829;0
830;0
831;2
832;2
833;0
834;0
835;0
836;1
837;0
838;0
839;2
840;2
841;0
842;2
843;0
844;0
845;0
846;1
847;0
848;0
849;0
850;2
851;2
852;0
853;0
854;2
855;2
856;2
857;0
858;0
859;0
860;0
861;2
862;0
863;0
864;0
865;0
866;0
867;1
868;0
869;0
870;0
871;2
872;0
873;0
874;2
875;0
876;0
877;0
878;0
879;0
880;0
881;0
882;0
883;1
884;0
885;0
886;2
887;1
888;0
889;0
890;0
891;0
892;0
893;0
894;0
895;0
896;2
897;2
898;2
899;2
900;2
901;0
902;2
903;0
904;0
905;2
906;1
907;0
908;2
909;2
910;2
911;2
912;1
913;0
914;0
915;0
916;0
917;2
918;2
919;0
920;0
921;0
922;0
923;1
924;1
925;0
926;0
927;1
928;0
929;0
930;2
931;2
932;0
933;1
934;0
935;0
936;0
937;1
938;0
939;0
940;0
941;2
942;1
943;0
944;0
945;0
946;0
947;2
948;2
949;0
950;0
951;0
952;0
953;0
954;2
955;1
956;0
957;0
958;0
959;0
960;0
961;0
962;0
963;0
964;2
965;2
966;0
967;0
968;0
969;0
970;0
971;0
972;0
973;0
974;0
975;0
976;0
977;0
978;0
979;0
980;0
981;1
982;0
983;0
984;1
985;0
986;1
987;0
988;1
989;0
990;0
991;0
992;1
993;0
994;0
995;1
996;0
997;2
998;0
999;0
1000;0
1001;0
1002;2
1003;0
1004;0
1005;0
1006;2
1007;0
1008;1
1009;2
1010;0
1011;2
1012;1
1013;0
1014;1
1015;1
1016;0
1017;0
1018;0
1019;0
1020;0
1021;0
1022;0
1023;0
