0;0
1;0
2;0
3;0
4;2
5;0
6;0
7;2
8;2
9;0
10;2
11;0
12;0
13;0
14;2
15;2
16;1
17;0
18;1
19;0
20;2
21;0
22;1
23;0
24;0
25;0
26;0
27;0
28;0
29;0
30;0
31;2
32;0
33;0
34;0
35;0
36;0
37;2
38;0
39;0
40;1
41;0
42;0
43;1
44;0
45;0
46;0
47;0
48;2
49;0
50;0
51;2
52;1
53;0
54;0
55;1
56;0
57;2
58;1
59;0
60;2
61;0
62;0
63;2
64;1
65;0
66;2
67;0
68;0
69;2
70;1
71;0
72;0
73;0
74;1
75;2
76;1
77;0
78;2
79;0
80;2
81;2
82;2
83;2
84;0
85;2
86;0
87;2
88;2
89;2
90;0
91;0
92;1
93;0
94;0
95;0
96;0
97;0
98;1
99;1
100;0
101;0
102;0
103;1
104;0
105;1
106;0
107;2
108;0
109;2
110;0
111;2
112;0
113;0
114;0
115;0
116;2
117;2
118;0
119;2
120;2
121;0
122;2
123;0
124;0
125;0
126;0
127;0
128;0
129;1
130;0
131;0
132;0
133;0
134;0
135;0
136;0
137;2
138;0
139;1
140;0
141;0
142;0
143;1
144;0
145;0
146;0
147;0
148;0
149;0
150;0
151;1
152;0
153;0
154;1
155;0
156;0
157;2
158;2
159;0
160;2
161;0
162;0
163;0
164;0
165;0
166;0
167;1
168;1
169;0
170;0
171;0
172;2
173;1
174;0
175;2
176;1
177;0
178;0
179;2
180;1
181;0
182;0
183;0
184;2
185;0
186;1
187;0
188;2
189;0
190;0
191;0
192;1
193;0
194;0
195;0
196;2
197;0
198;0
199;0
200;0
201;0
202;0
203;0
204;2
205;0
206;0
207;0
208;1
209;0
210;0
211;0
212;0
213;1
214;0
215;2
216;2
217;0
218;0
219;0
220;0
221;0
222;1
223;0
224;2
225;2
226;0
227;2
228;0
229;0
230;2
231;0
232;0
233;0
234;1
235;0
236;0
237;0
238;2
239;2
240;2
241;0
242;0
243;0
244;2
245;2
246;2
247;1
248;0
249;0
250;0
251;1
252;0
253;2
254;0
255;2
256;1
257;0
258;1
259;0
260;0
261;1
262;0
263;0
264;0
265;2
266;0
267;0
268;0
269;2
270;0
271;0
272;0
273;2
274;0
275;0
276;0
277;0
278;0
279;0
280;2
281;0
282;1
283;0
284;0
285;2
286;0
287;0
288;0
289;0
290;0
291;2
292;0
293;0
294;0
295;0
296;0
297;1
298;0
299;0
300;0
301;0
302;0
303;0
304;0
305;2
306;2
307;0
308;2
309;0
310;0
311;0
312;0
313;0
314;1
315;0
316;0
317;1
318;2
319;0
320;0
321;0
322;1
323;2
324;0
325;1
326;1
327;2
328;1
329;0
330;0
331;0
332;0
333;0
334;0
335;2
336;1
337;0
338;2
339;2
340;2
341;0
342;2
343;0
344;2
345;0
346;1
347;0
348;2
349;0
350;0
351;0
352;0
353;1
354;0
355;0
356;2
357;0
358;0
359;0
360;0
361;0
362;0
363;2
364;0
365;0
366;0
367;0
368;0
369;1
370;0
371;0
372;0
373;0
374;0
375;0
376;0
377;0
378;2
379;2
380;1
381;0
382;0
383;0
384;0
385;2
386;2
387;0
388;2
389;0
390;0
391;2
392;1
393;2
394;0
395;2
396;2
397;2
398;1
399;0
400;1
401;0
402;0
403;2
404;2
405;0
406;2
407;2
408;2
409;0
410;0
411;2
412;1
413;0
414;0
415;0
416;0
417;0
418;0
419;2
420;0
421;2
422;0
423;2
424;0
425;1
426;0
427;0
428;0
429;1
430;0
431;0
432;2
433;0
434;2
435;1
436;0
437;0
438;0
439;0
440;0
441;0
442;0
443;1
444;0
445;0
446;0
447;0
448;0
449;2
450;0
451;0
452;0
453;0
454;1
455;0
456;2
457;0
458;1
459;0
460;1
461;0
462;1
463;1
464;0
465;0
466;0
467;0
468;0
469;0
470;0
471;0
472;0
473;1
474;0
475;1
476;0
477;0
478;0
479;0
480;0
481;2
482;0
483;1
484;0
485;1
486;0
487;0
488;0
489;1
490;0
491;0
492;2
493;0
494;0
495;0
496;0
497;0
498;0
499;0
500;0
501;0
502;0
503;0
504;2
505;2
506;2
507;0
508;2
509;0
510;0
511;0
512;1
513;0
514;0
515;0
516;0
517;0
518;0
519;2
520;2
521;0
522;0
523;0
524;2
525;0
526;0
527;0
528;0
529;0
530;0
531;1
532;0
533;0
534;0
535;2
536;2
537;0
538;0
539;2
540;1
541;1
542;0
543;0
544;0
545;0
546;0
547;0
548;0
549;0
550;0
551;0
552;0
553;0
554;0
555;0
556;0
557;0
558;0
559;0
560;2
561;2
562;0
563;2
564;2
565;0
566;0
567;0
568;2
569;2
570;1
571;0
572;0
573;0
574;0
575;0
576;1
577;0
578;2
579;0
580;2
581;0
582;1
583;0
584;1
585;0
586;0
587;2
588;2
589;2
590;0
591;0
592;1
593;0
594;0
595;2
596;0
597;0
598;0
599;2
600;1
601;0
602;0
603;0
604;1
605;0
606;0
607;0
608;0
609;0
610;0
611;0
612;0
613;0
614;0
615;0
616;0
617;0
618;0
619;0
620;0
621;0
622;1
623;0
624;1
625;0
626;0
627;2
628;2
629;0
630;2
631;2
632;2
633;0
634;0
635;0
636;1
637;0
638;0
639;0
640;0
641;2
642;1
643;0
644;0
645;0
646;0
647;2
648;0
649;0
650;0
651;0
652;0
653;0
654;0
655;0
656;0
657;0
658;0
659;2
660;2
661;1
662;1
663;2
664;2
665;0
666;0
667;2
668;2
669;0
670;0
671;2
672;1
673;0
674;2
675;2
676;2
677;0
678;0
679;0
680;2
681;2
682;2
683;0
684;2
685;0
686;0
687;1
688;0
689;0
690;2
691;0
692;0
693;0
694;0
695;2
696;0
697;2
698;2
699;0
700;0
701;0
702;0
703;1
704;0
705;0
706;0
707;2
708;2
709;0
710;2
711;0
712;0
713;0
714;2
715;0
716;2
717;2
718;0
719;0
720;1
721;0
722;0
723;1
724;0
725;0
726;0
727;0
728;2
729;0
730;0
731;0
732;0
733;0
734;0
735;2
736;2
737;0
738;1
739;2
740;1
741;0
742;0
743;2
744;1
745;2
746;1
747;0
748;0
749;0
750;2
751;2
752;1
753;0
754;0
755;1
756;1
757;2
758;0
759;2
760;0
761;0
762;0
763;0
764;1
765;0
766;0
767;0
768;0
769;0
770;0
771;0
772;2
773;1
774;0
775;2
776;2
777;0
778;0
779;1
780;0
781;0
782;1
783;0
784;1
785;0
786;0
787;1
788;2
789;2
790;0
791;1
792;0
793;0
794;0
795;0
796;2
797;0
798;0
799;1
800;0
801;2
802;0
803;0
804;0
805;2
806;0
807;0
808;0
809;2
810;0
811;2
812;2
813;0
814;1
815;0
816;2
817;0
818;0
819;0
820;0
821;1
822;0
823;2
824;2
825;0
826;0
827;0
828;2
829;2
830;0
831;0
832;0
833;1
834;0
835;0
836;0
837;1
838;0
839;2
840;0
841;0
842;1
843;2
844;0
845;0
846;0
847;0
848;0
849;2
850;0
851;1
852;0
853;1
854;0
855;2
856;2
857;0
858;1
859;0
860;1
861;2
862;0
863;0
864;0
865;1
866;0
867;0
868;0
869;0
870;0
871;0
872;1
873;0
874;1
875;0
876;0
877;0
878;0
879;0
880;2
881;0
882;2
883;1
884;2
885;0
886;2
887;0
888;2
889;0
890;0
891;2
892;2
893;2
894;0
895;0
896;0
897;1
898;0
899;0
900;0
901;0
902;2
903;0
904;0
905;2
906;0
907;2
908;0
909;0
910;0
911;0
912;0
913;0
914;0
915;2
916;1
917;0
918;0
919;0
920;0
921;0
922;0
923;0
924;0
925;0
926;0
927;1
928;0
929;0
930;0
931;0
932;0
933;1
934;0
935;0
936;1
937;0
938;0
939;0
940;0
941;0
942;0
943;1
944;0
945;0
946;2
947;0
948;1
949;0
950;0
951;2
952;0
953;0
954;0
955;0
956;0
957;0
958;0
959;1
960;0
961;0
962;0
963;1
964;0
965;0
966;1
967;0
968;2
969;0
970;0
971;0
972;2
973;0
974;0
975;0
976;0
977;1
978;0
979;0
980;0
981;0
982;0
983;0
984;0
985;1
986;0
987;1
988;0
989;0
990;2
991;0
992;0
993;0
994;0
995;0
996;2
997;1
998;0
999;0
1000;2
1001;2
1002;0
1003;2
1004;2
1005;2
1006;0
1007;0
1008;2
1009;0
1010;0
1011;2
1012;1
1013;0
1014;1
1015;0
1016;0
1017;0
1018;0
1019;0
1020;0
1021;0
1022;0
1023;0
