0;0
1;0
2;0
3;2
4;4
5;0
6;2
7;2
8;2
9;0
10;0
11;0
12;2
13;0
14;0
15;0
16;0
17;2
18;0
19;0
20;0
21;0
22;0
23;0
24;0
25;0
26;0
27;0
28;0
29;2
30;2
31;1
32;0
33;2
34;0
35;0
36;0
37;0
38;2
39;0
40;0
41;2
42;0
43;0
44;0
45;0
46;2
47;0
48;1
49;0
50;0
51;0
52;2
53;1
54;0
55;0
56;0
57;1
58;0
59;2
60;0
61;0
62;0
63;2
64;0
65;0
66;0
67;0
68;0
69;0
70;2
71;1
72;0
73;0
74;0
75;0
76;2
77;2
78;0
79;0
80;0
81;0
82;0
83;0
84;0
85;0
86;2
87;2
88;1
89;0
90;0
91;0
92;1
93;1
94;0
95;0
96;0
97;0
98;0
99;2
100;2
101;0
102;2
103;2
104;2
105;0
106;0
107;0
108;2
109;2
110;1
111;0
112;1
113;0
114;0
115;0
116;0
117;0
118;0
119;0
120;0
121;0
122;0
123;0
124;0
125;2
126;0
127;0
128;0
129;0
130;0
131;0
132;2
133;0
134;0
135;0
136;0
137;0
138;2
139;1
140;0
141;0
142;0
143;0
144;0
145;2
146;2
147;2
148;1
149;0
150;0
151;0
152;0
153;1
154;0
155;0
156;2
157;0
158;1
159;0
160;0
161;0
162;1
163;0
164;2
165;2
166;0
167;2
168;2
169;0
170;2
171;2
172;0
173;0
174;0
175;2
176;2
177;0
178;0
179;0
180;2
181;0
182;0
183;1
184;0
185;0
186;1
187;0
188;2
189;0
190;0
191;1
192;0
193;0
194;1
195;0
196;2
197;1
198;0
199;0
200;2
201;0
202;1
203;0
204;2
205;0
206;0
207;0
208;0
209;0
210;1
211;2
212;0
213;1
214;0
215;0
216;0
217;0
218;0
219;1
220;2
221;0
222;0
223;0
224;0
225;0
226;2
227;0
228;0
229;0
230;1
231;0
232;2
233;2
234;0
235;0
236;0
237;2
238;0
239;0
240;0
241;0
242;0
243;0
244;0
245;2
246;1
247;0
248;2
249;0
250;2
251;0
252;1
253;0
254;0
255;0
256;0
257;0
258;2
259;0
260;0
261;0
262;0
263;0
264;0
265;1
266;0
267;0
268;0
269;2
270;0
271;0
272;4
273;1
274;0
275;0
276;2
277;2
278;2
279;2
280;1
281;0
282;0
283;0
284;0
285;0
286;1
287;1
288;0
289;2
290;2
291;2
292;2
293;0
294;1
295;0
296;0
297;0
298;2
299;2
300;2
301;0
302;2
303;0
304;1
305;0
306;0
307;0
308;0
309;0
310;0
311;0
312;0
313;0
314;1
315;2
316;0
317;2
318;0
319;2
320;0
321;0
322;0
323;0
324;0
325;0
326;0
327;0
328;0
329;0
330;0
331;0
332;2
333;0
334;0
335;2
336;4
337;0
338;1
339;1
340;0
341;2
342;2
343;2
344;1
345;0
346;2
347;2
348;2
349;0
350;0
351;2
352;0
353;0
354;0
355;0
356;2
357;0
358;0
359;0
360;2
361;0
362;0
363;0
364;2
365;0
366;0
367;0
368;0
369;0
370;2
371;0
372;1
373;0
374;1
375;0
376;1
377;0
378;0
379;0
380;1
381;1
382;1
383;0
384;0
385;0
386;2
387;2
388;2
389;1
390;0
391;0
392;0
393;0
394;2
395;2
396;0
397;0
398;0
399;0
400;0
401;0
402;0
403;0
404;0
405;0
406;1
407;0
408;2
409;1
410;0
411;2
412;1
413;0
414;0
415;0
416;1
417;2
418;2
419;2
420;2
421;0
422;2
423;0
424;2
425;2
426;2
427;0
428;2
429;0
430;0
431;0
432;2
433;1
434;0
435;0
436;0
437;0
438;0
439;2
440;0
441;2
442;2
443;2
444;1
445;0
446;0
447;2
448;2
449;0
450;2
451;1
452;0
453;0
454;2
455;0
456;2
457;2
458;0
459;0
460;1
461;0
462;1
463;0
464;2
465;0
466;0
467;0
468;0
469;0
470;0
471;0
472;2
473;0
474;2
475;0
476;0
477;0
478;0
479;0
480;1
481;0
482;1
483;0
484;0
485;0
486;2
487;2
488;0
489;0
490;0
491;0
492;2
493;2
494;1
495;0
496;0
497;0
498;0
499;0
500;0
501;2
502;0
503;0
504;0
505;1
506;0
507;0
508;0
509;0
510;0
511;0
512;0
513;0
514;0
515;0
516;0
517;1
518;0
519;0
520;0
521;0
522;0
523;0
524;0
525;0
526;0
527;0
528;0
529;0
530;0
531;0
532;0
533;2
534;2
535;2
536;2
537;0
538;0
539;0
540;0
541;2
542;0
543;0
544;2
545;0
546;0
547;2
548;0
549;2
550;1
551;0
552;0
553;0
554;2
555;0
556;0
557;2
558;1
559;0
560;1
561;0
562;0
563;1
564;0
565;0
566;0
567;2
568;0
569;0
570;2
571;2
572;1
573;0
574;0
575;0
576;2
577;0
578;2
579;0
580;2
581;0
582;1
583;0
584;0
585;0
586;0
587;0
588;0
589;0
590;0
591;1
592;0
593;0
594;1
595;0
596;2
597;2
598;0
599;2
600;2
601;0
602;0
603;0
604;0
605;0
606;2
607;1
608;0
609;0
610;0
611;0
612;0
613;0
614;0
615;0
616;1
617;0
618;0
619;2
620;2
621;2
622;2
623;0
624;2
625;2
626;2
627;0
628;0
629;0
630;0
631;0
632;0
633;0
634;0
635;0
636;0
637;1
638;0
639;1
640;0
641;0
642;0
643;0
644;0
645;0
646;1
647;2
648;0
649;0
650;0
651;1
652;0
653;2
654;0
655;0
656;0
657;1
658;0
659;1
660;0
661;1
662;0
663;1
664;0
665;0
666;0
667;0
668;0
669;0
670;0
671;0
672;0
673;2
674;1
675;0
676;1
677;0
678;0
679;0
680;0
681;0
682;0
683;2
684;2
685;0
686;0
687;0
688;2
689;0
690;0
691;0
692;0
693;0
694;1
695;0
696;2
697;1
698;0
699;0
700;0
701;0
702;0
703;1
704;0
705;2
706;2
707;0
708;0
709;2
710;0
711;1
712;0
713;2
714;1
715;0
716;0
717;0
718;1
719;0
720;0
721;0
722;0
723;0
724;0
725;2
726;0
727;0
728;0
729;2
730;2
731;1
732;0
733;0
734;0
735;0
736;0
737;0
738;0
739;0
740;0
741;0
742;0
743;0
744;1
745;0
746;0
747;0
748;0
749;2
750;0
751;2
752;0
753;2
754;2
755;2
756;2
757;0
758;0
759;0
760;0
761;2
762;1
763;0
764;0
765;2
766;0
767;0
768;1
769;0
770;0
771;2
772;2
773;1
774;0
775;0
776;1
777;0
778;2
779;2
780;2
781;0
782;0
783;0
784;2
785;0
786;0
787;0
788;0
789;1
790;0
791;0
792;0
793;0
794;0
795;0
796;1
797;0
798;0
799;0
800;0
801;1
802;0
803;0
804;0
805;0
806;2
807;0
808;0
809;0
810;1
811;0
812;2
813;1
814;0
815;0
816;1
817;0
818;0
819;0
820;1
821;0
822;0
823;0
824;0
825;0
826;1
827;2
828;1
829;0
830;0
831;0
832;0
833;0
834;1
835;0
836;0
837;0
838;1
839;0
840;1
841;0
842;0
843;0
844;0
845;2
846;2
847;2
848;1
849;0
850;0
851;0
852;0
853;0
854;0
855;0
856;2
857;0
858;2
859;0
860;0
861;0
862;2
863;2
864;1
865;0
866;0
867;0
868;0
869;0
870;0
871;0
872;0
873;0
874;0
875;2
876;2
877;0
878;0
879;0
880;0
881;0
882;2
883;0
884;1
885;1
886;0
887;0
888;0
889;0
890;0
891;0
892;2
893;0
894;2
895;2
896;0
897;0
898;2
899;2
900;0
901;0
902;0
903;2
904;0
905;0
906;0
907;2
908;1
909;0
910;0
911;2
912;2
913;0
914;2
915;2
916;2
917;0
918;0
919;0
920;1
921;0
922;0
923;0
924;1
925;0
926;1
927;0
928;0
929;0
930;1
931;0
932;0
933;0
934;0
935;0
936;0
937;0
938;0
939;2
940;1
941;0
942;0
943;2
944;0
945;0
946;2
947;2
948;2
949;0
950;0
951;2
952;0
953;0
954;1
955;0
956;0
957;0
958;2
959;2
960;2
961;0
962;2
963;0
964;1
965;0
966;0
967;0
968;0
969;2
970;0
971;1
972;0
973;1
974;0
975;0
976;2
977;2
978;0
979;2
980;0
981;0
982;0
983;0
984;0
985;0
986;0
987;0
988;1
989;0
990;0
991;0
992;0
993;0
994;1
995;0
996;0
997;2
998;2
999;0
1000;0
1001;0
1002;0
1003;2
1004;0
1005;0
1006;2
1007;0
1008;2
1009;0
1010;0
1011;2
1012;0
1013;0
1014;0
1015;0
1016;0
1017;0
1018;0
1019;0
1020;0
1021;0
1022;0
1023;0
