0;0
1;0
2;0
3;2
4;2
5;0
6;2
7;1
8;0
9;0
10;2
11;0
12;0
13;0
14;1
15;0
16;0
17;0
18;0
19;0
20;0
21;1
22;0
23;0
24;0
25;0
26;0
27;0
28;2
29;0
30;0
31;0
32;2
33;0
34;0
35;0
36;0
37;2
38;0
39;2
40;0
41;0
42;0
43;0
44;1
45;0
46;0
47;0
48;0
49;0
50;0
51;1
52;0
53;0
54;2
55;0
56;2
57;2
58;0
59;0
60;2
61;0
62;0
63;0
64;0
65;0
66;0
67;2
68;0
69;0
70;1
71;0
72;1
73;0
74;0
75;0
76;1
77;0
78;0
79;0
80;1
81;0
82;0
83;0
84;0
85;0
86;0
87;0
88;1
89;0
90;1
91;0
92;1
93;1
94;0
95;0
96;0
97;0
98;0
99;0
100;1
101;0
102;1
103;0
104;0
105;0
106;0
107;0
108;0
109;0
110;0
111;0
112;0
113;0
114;0
115;0
116;0
117;1
118;2
119;0
120;0
121;1
122;0
123;0
124;2
125;0
126;0
127;0
128;2
129;0
130;0
131;0
132;0
133;0
134;1
135;0
136;0
137;2
138;0
139;0
140;2
141;2
142;0
143;2
144;0
145;0
146;1
147;0
148;1
149;0
150;0
151;2
152;2
153;0
154;2
155;2
156;2
157;0
158;2
159;0
160;1
161;0
162;1
163;2
164;0
165;0
166;0
167;2
168;0
169;0
170;2
171;0
172;0
173;0
174;0
175;0
176;0
177;0
178;2
179;2
180;2
181;1
182;0
183;0
184;0
185;1
186;1
187;1
188;2
189;0
190;0
191;0
192;1
193;0
194;0
195;0
196;0
197;2
198;2
199;2
200;0
201;1
202;0
203;2
204;0
205;0
206;0
207;0
208;0
209;0
210;0
211;0
212;0
213;0
214;0
215;2
216;1
217;0
218;2
219;0
220;1
221;0
222;1
223;0
224;0
225;2
226;0
227;0
228;2
229;2
230;0
231;0
232;2
233;0
234;0
235;0
236;0
237;0
238;0
239;0
240;2
241;0
242;2
243;0
244;2
245;1
246;0
247;0
248;2
249;0
250;0
251;0
252;2
253;0
254;1
255;0
256;2
257;0
258;0
259;2
260;0
261;0
262;0
263;2
264;0
265;0
266;1
267;0
268;0
269;0
270;0
271;1
272;0
273;0
274;0
275;0
276;2
277;0
278;0
279;0
280;0
281;2
282;0
283;0
284;1
285;0
286;0
287;0
288;2
289;0
290;0
291;0
292;0
293;0
294;0
295;2
296;1
297;0
298;0
299;2
300;0
301;0
302;1
303;0
304;0
305;0
306;1
307;1
308;0
309;0
310;0
311;0
312;0
313;2
314;2
315;0
316;0
317;1
318;0
319;0
320;0
321;0
322;2
323;2
324;1
325;0
326;1
327;0
328;0
329;2
330;2
331;2
332;4
333;0
334;0
335;0
336;2
337;2
338;2
339;2
340;2
341;0
342;0
343;0
344;0
345;0
346;0
347;0
348;1
349;2
350;0
351;0
352;0
353;2
354;2
355;2
356;0
357;0
358;2
359;0
360;2
361;2
362;0
363;1
364;0
365;0
366;0
367;0
368;0
369;1
370;0
371;0
372;2
373;2
374;2
375;0
376;0
377;0
378;0
379;2
380;2
381;2
382;2
383;2
384;2
385;0
386;0
387;0
388;2
389;0
390;0
391;2
392;4
393;0
394;1
395;0
396;2
397;1
398;0
399;0
400;4
401;0
402;0
403;0
404;0
405;0
406;0
407;0
408;2
409;1
410;0
411;0
412;1
413;2
414;0
415;0
416;0
417;2
418;2
419;2
420;0
421;0
422;0
423;2
424;1
425;0
426;2
427;2
428;2
429;0
430;2
431;0
432;1
433;0
434;2
435;2
436;2
437;0
438;0
439;0
440;4
441;2
442;2
443;2
444;1
445;0
446;0
447;2
448;1
449;0
450;1
451;4
452;0
453;1
454;4
455;0
456;1
457;0
458;2
459;2
460;2
461;2
462;1
463;2
464;0
465;0
466;0
467;0
468;0
469;0
470;0
471;0
472;0
473;0
474;0
475;1
476;0
477;0
478;2
479;0
480;2
481;0
482;0
483;0
484;0
485;2
486;0
487;2
488;0
489;0
490;0
491;0
492;2
493;0
494;2
495;0
496;1
497;0
498;0
499;0
500;1
501;2
502;1
503;0
504;0
505;2
506;1
507;0
508;2
509;2
510;1
511;1
512;2
513;0
514;0
515;0
516;2
517;2
518;0
519;0
520;0
521;2
522;0
523;0
524;4
525;2
526;1
527;1
528;0
529;1
530;0
531;2
532;4
533;2
534;0
535;1
536;0
537;0
538;0
539;0
540;2
541;1
542;2
543;1
544;0
545;0
546;0
547;2
548;0
549;0
550;0
551;0
552;0
553;1
554;0
555;0
556;2
557;0
558;1
559;0
560;0
561;0
562;2
563;0
564;1
565;0
566;0
567;0
568;0
569;2
570;2
571;2
572;1
573;0
574;0
575;2
576;2
577;0
578;0
579;0
580;0
581;0
582;1
583;0
584;0
585;0
586;0
587;0
588;0
589;1
590;0
591;0
592;0
593;0
594;0
595;0
596;0
597;1
598;0
599;0
600;0
601;0
602;2
603;2
604;1
605;0
606;0
607;2
608;2
609;0
610;2
611;1
612;2
613;0
614;2
615;2
616;0
617;0
618;0
619;0
620;2
621;2
622;2
623;2
624;2
625;0
626;1
627;0
628;0
629;0
630;2
631;0
632;0
633;0
634;0
635;0
636;0
637;1
638;0
639;0
640;0
641;2
642;0
643;0
644;2
645;0
646;0
647;0
648;4
649;0
650;0
651;0
652;0
653;0
654;0
655;2
656;2
657;0
658;2
659;0
660;0
661;0
662;0
663;0
664;2
665;0
666;1
667;0
668;0
669;1
670;0
671;1
672;2
673;0
674;0
675;0
676;0
677;0
678;0
679;2
680;2
681;0
682;0
683;2
684;2
685;0
686;0
687;0
688;0
689;0
690;0
691;1
692;2
693;0
694;2
695;0
696;0
697;0
698;2
699;2
700;0
701;1
702;0
703;1
704;0
705;0
706;0
707;0
708;1
709;0
710;0
711;0
712;0
713;0
714;0
715;0
716;0
717;2
718;2
719;0
720;2
721;0
722;0
723;0
724;1
725;0
726;2
727;0
728;2
729;0
730;2
731;2
732;0
733;2
734;0
735;0
736;0
737;0
738;0
739;0
740;0
741;0
742;2
743;0
744;2
745;0
746;2
747;0
748;1
749;0
750;0
751;0
752;0
753;1
754;0
755;0
756;0
757;1
758;0
759;1
760;0
761;0
762;2
763;2
764;0
765;0
766;0
767;2
768;2
769;0
770;0
771;1
772;2
773;1
774;0
775;2
776;1
777;0
778;2
779;1
780;1
781;0
782;0
783;0
784;0
785;0
786;0
787;0
788;0
789;2
790;2
791;2
792;0
793;0
794;0
795;2
796;1
797;1
798;0
799;0
800;0
801;0
802;0
803;0
804;0
805;0
806;0
807;0
808;0
809;2
810;0
811;0
812;1
813;0
814;2
815;1
816;0
817;1
818;0
819;0
820;1
821;0
822;1
823;0
824;1
825;0
826;2
827;1
828;0
829;0
830;0
831;0
832;0
833;2
834;2
835;2
836;0
837;1
838;0
839;0
840;0
841;0
842;0
843;1
844;0
845;0
846;2
847;0
848;1
849;0
850;1
851;0
852;1
853;0
854;1
855;2
856;0
857;2
858;0
859;0
860;0
861;0
862;1
863;0
864;0
865;1
866;0
867;2
868;0
869;2
870;0
871;0
872;1
873;0
874;0
875;0
876;0
877;2
878;2
879;2
880;1
881;0
882;0
883;1
884;0
885;0
886;1
887;0
888;0
889;0
890;0
891;0
892;2
893;2
894;0
895;0
896;0
897;0
898;0
899;0
900;2
901;2
902;2
903;2
904;0
905;0
906;2
907;2
908;1
909;0
910;0
911;2
912;4
913;0
914;1
915;0
916;0
917;0
918;2
919;0
920;2
921;0
922;0
923;0
924;0
925;0
926;1
927;0
928;0
929;0
930;0
931;0
932;2
933;2
934;0
935;0
936;0
937;1
938;0
939;0
940;0
941;0
942;2
943;2
944;1
945;0
946;0
947;1
948;0
949;0
950;2
951;2
952;0
953;0
954;2
955;2
956;2
957;0
958;2
959;2
960;2
961;1
962;0
963;0
964;0
965;1
966;0
967;0
968;0
969;0
970;0
971;1
972;0
973;0
974;0
975;0
976;0
977;1
978;0
979;0
980;2
981;0
982;0
983;0
984;1
985;0
986;0
987;0
988;2
989;2
990;0
991;0
992;0
993;2
994;1
995;1
996;0
997;0
998;0
999;0
1000;0
1001;0
1002;0
1003;0
1004;0
1005;0
1006;0
1007;2
1008;1
1009;0
1010;0
1011;0
1012;0
1013;0
1014;0
1015;0
1016;0
1017;0
1018;0
1019;0
1020;0
1021;0
1022;0
1023;0
