0;1
1;0
2;0
3;2
4;1
5;2
6;2
7;1
8;0
9;0
10;2
11;0
12;2
13;2
14;0
15;0
16;0
17;0
18;2
19;0
20;0
21;2
22;0
23;0
24;0
25;0
26;0
27;0
28;2
29;2
30;0
31;0
32;0
33;0
34;1
35;0
36;0
37;0
38;0
39;0
40;2
41;1
42;0
43;0
44;1
45;1
46;0
47;2
48;2
49;2
50;2
51;0
52;1
53;1
54;0
55;2
56;0
57;0
58;0
59;0
60;0
61;1
62;1
63;0
64;0
65;0
66;0
67;0
68;1
69;0
70;2
71;0
72;2
73;2
74;2
75;1
76;0
77;0
78;0
79;0
80;2
81;2
82;2
83;0
84;0
85;2
86;1
87;0
88;0
89;1
90;0
91;0
92;1
93;0
94;2
95;0
96;0
97;0
98;0
99;0
100;1
101;0
102;0
103;0
104;2
105;0
106;0
107;2
108;0
109;0
110;1
111;2
112;0
113;0
114;0
115;0
116;2
117;0
118;0
119;0
120;0
121;0
122;0
123;2
124;0
125;1
126;0
127;0
128;0
129;1
130;1
131;0
132;0
133;2
134;0
135;0
136;0
137;0
138;0
139;0
140;2
141;1
142;0
143;0
144;2
145;2
146;1
147;1
148;0
149;0
150;2
151;2
152;1
153;0
154;0
155;2
156;4
157;0
158;2
159;2
160;2
161;0
162;2
163;0
164;2
165;0
166;2
167;0
168;0
169;2
170;0
171;0
172;0
173;0
174;0
175;0
176;1
177;2
178;0
179;0
180;0
181;2
182;2
183;2
184;0
185;0
186;0
187;0
188;0
189;0
190;0
191;0
192;0
193;2
194;2
195;0
196;1
197;0
198;0
199;0
200;0
201;0
202;0
203;0
204;0
205;2
206;0
207;0
208;0
209;0
210;0
211;0
212;0
213;1
214;0
215;0
216;4
217;0
218;1
219;2
220;2
221;0
222;0
223;0
224;2
225;0
226;2
227;2
228;2
229;0
230;0
231;0
232;1
233;0
234;0
235;0
236;1
237;0
238;1
239;0
240;2
241;0
242;2
243;0
244;2
245;0
246;1
247;0
248;0
249;0
250;0
251;0
252;0
253;0
254;0
255;0
256;1
257;0
258;0
259;2
260;2
261;2
262;2
263;0
264;2
265;0
266;0
267;0
268;1
269;0
270;1
271;0
272;0
273;0
274;0
275;0
276;2
277;0
278;0
279;2
280;0
281;1
282;0
283;0
284;1
285;0
286;0
287;1
288;0
289;0
290;0
291;0
292;2
293;0
294;0
295;0
296;0
297;0
298;0
299;0
300;0
301;2
302;0
303;2
304;0
305;0
306;0
307;0
308;2
309;0
310;2
311;0
312;1
313;0
314;2
315;2
316;2
317;1
318;2
319;0
320;2
321;0
322;0
323;2
324;0
325;0
326;2
327;0
328;0
329;0
330;0
331;0
332;0
333;0
334;0
335;0
336;1
337;0
338;0
339;0
340;0
341;1
342;0
343;0
344;0
345;0
346;0
347;2
348;2
349;0
350;1
351;1
352;0
353;0
354;1
355;1
356;0
357;0
358;1
359;0
360;2
361;2
362;0
363;0
364;0
365;0
366;0
367;2
368;0
369;2
370;2
371;0
372;2
373;2
374;0
375;0
376;0
377;2
378;0
379;0
380;2
381;2
382;0
383;0
384;2
385;0
386;0
387;0
388;2
389;1
390;0
391;0
392;0
393;0
394;0
395;2
396;1
397;0
398;0
399;2
400;1
401;0
402;0
403;1
404;4
405;0
406;2
407;0
408;0
409;0
410;2
411;0
412;1
413;1
414;0
415;2
416;0
417;2
418;0
419;0
420;2
421;2
422;2
423;2
424;4
425;0
426;0
427;0
428;2
429;0
430;0
431;0
432;2
433;2
434;0
435;2
436;2
437;0
438;1
439;0
440;0
441;0
442;0
443;0
444;2
445;0
446;0
447;0
448;0
449;2
450;0
451;1
452;2
453;0
454;0
455;0
456;2
457;0
458;0
459;2
460;0
461;2
462;2
463;2
464;1
465;0
466;0
467;0
468;2
469;0
470;0
471;0
472;2
473;1
474;0
475;1
476;2
477;2
478;2
479;0
480;0
481;2
482;0
483;0
484;0
485;1
486;0
487;2
488;2
489;2
490;1
491;0
492;2
493;0
494;2
495;0
496;0
497;0
498;1
499;0
500;0
501;0
502;0
503;0
504;2
505;2
506;2
507;2
508;0
509;0
510;0
511;0
512;2
513;0
514;0
515;0
516;0
517;0
518;0
519;0
520;4
521;2
522;0
523;0
524;0
525;0
526;0
527;0
528;1
529;0
530;1
531;0
532;0
533;0
534;2
535;2
536;0
537;2
538;0
539;2
540;2
541;0
542;0
543;0
544;0
545;2
546;2
547;0
548;2
549;0
550;0
551;0
552;0
553;0
554;0
555;0
556;0
557;0
558;0
559;1
560;0
561;1
562;0
563;0
564;0
565;0
566;0
567;0
568;0
569;2
570;0
571;0
572;0
573;0
574;2
575;2
576;1
577;0
578;0
579;2
580;2
581;0
582;2
583;0
584;0
585;0
586;2
587;0
588;1
589;0
590;0
591;0
592;0
593;2
594;1
595;2
596;0
597;0
598;0
599;0
600;2
601;0
602;0
603;0
604;0
605;0
606;1
607;0
608;0
609;0
610;0
611;0
612;1
613;1
614;0
615;1
616;0
617;2
618;0
619;0
620;1
621;0
622;1
623;0
624;0
625;2
626;1
627;0
628;2
629;0
630;2
631;2
632;1
633;0
634;0
635;0
636;0
637;0
638;0
639;0
640;1
641;2
642;0
643;0
644;0
645;0
646;0
647;0
648;1
649;0
650;2
651;0
652;0
653;0
654;0
655;0
656;0
657;0
658;0
659;0
660;2
661;2
662;0
663;2
664;0
665;0
666;0
667;0
668;0
669;0
670;0
671;2
672;0
673;0
674;0
675;0
676;2
677;1
678;0
679;0
680;0
681;2
682;0
683;0
684;0
685;0
686;0
687;0
688;0
689;0
690;0
691;0
692;0
693;0
694;0
695;0
696;1
697;0
698;0
699;0
700;0
701;0
702;0
703;0
704;1
705;1
706;0
707;1
708;1
709;1
710;0
711;0
712;0
713;0
714;2
715;0
716;0
717;2
718;0
719;0
720;0
721;0
722;0
723;0
724;1
725;0
726;2
727;0
728;0
729;1
730;0
731;0
732;1
733;0
734;0
735;0
736;2
737;2
738;1
739;0
740;2
741;2
742;2
743;2
744;0
745;0
746;0
747;0
748;0
749;0
750;0
751;0
752;1
753;0
754;0
755;0
756;0
757;0
758;0
759;0
760;2
761;0
762;0
763;0
764;0
765;1
766;0
767;0
768;1
769;0
770;1
771;0
772;1
773;0
774;0
775;0
776;1
777;0
778;0
779;0
780;2
781;2
782;2
783;2
784;2
785;0
786;0
787;0
788;0
789;1
790;0
791;0
792;0
793;2
794;0
795;0
796;1
797;0
798;2
799;0
800;0
801;0
802;0
803;0
804;2
805;1
806;0
807;0
808;0
809;0
810;2
811;0
812;0
813;0
814;1
815;0
816;1
817;0
818;2
819;0
820;2
821;0
822;2
823;0
824;0
825;0
826;0
827;0
828;1
829;0
830;0
831;0
832;1
833;2
834;1
835;0
836;0
837;0
838;0
839;0
840;1
841;2
842;0
843;0
844;0
845;0
846;0
847;0
848;1
849;0
850;0
851;2
852;1
853;0
854;0
855;2
856;4
857;2
858;2
859;2
860;2
861;0
862;0
863;0
864;1
865;0
866;1
867;0
868;0
869;0
870;0
871;0
872;0
873;0
874;2
875;2
876;0
877;2
878;0
879;0
880;2
881;0
882;0
883;1
884;0
885;0
886;0
887;0
888;0
889;0
890;1
891;1
892;0
893;0
894;0
895;4
896;2
897;2
898;1
899;0
900;2
901;0
902;2
903;2
904;2
905;1
906;0
907;0
908;0
909;0
910;0
911;0
912;0
913;0
914;0
915;0
916;0
917;0
918;0
919;0
920;2
921;0
922;1
923;2
924;1
925;0
926;0
927;0
928;0
929;0
930;0
931;0
932;0
933;0
934;0
935;0
936;2
937;0
938;0
939;0
940;0
941;0
942;0
943;0
944;0
945;2
946;0
947;0
948;2
949;0
950;0
951;0
952;0
953;2
954;0
955;0
956;1
957;0
958;0
959;0
960;0
961;0
962;0
963;0
964;4
965;0
966;0
967;0
968;4
969;0
970;0
971;1
972;2
973;0
974;0
975;0
976;2
977;0
978;2
979;2
980;2
981;0
982;0
983;0
984;0
985;1
986;0
987;2
988;4
989;0
990;1
991;0
992;0
993;0
994;0
995;0
996;1
997;0
998;0
999;0
1000;2
1001;0
1002;1
1003;0
1004;0
1005;0
1006;1
1007;0
1008;1
1009;0
1010;0
1011;2
1012;1
1013;1
1014;1
1015;1
1016;0
1017;0
1018;0
1019;0
1020;0
1021;0
1022;0
1023;0
