0;0
1;0
2;0
3;2
4;2
5;0
6;2
7;0
8;2
9;0
10;2
11;0
12;2
13;0
14;0
15;0
16;0
17;2
18;2
19;0
20;0
21;0
22;0
23;1
24;0
25;0
26;1
27;0
28;0
29;2
30;1
31;0
32;0
33;0
34;2
35;0
36;0
37;0
38;2
39;1
40;0
41;0
42;0
43;1
44;0
45;0
46;2
47;0
48;1
49;0
50;0
51;0
52;2
53;2
54;2
55;0
56;0
57;0
58;2
59;1
60;0
61;0
62;0
63;0
64;0
65;2
66;0
67;0
68;0
69;0
70;0
71;0
72;0
73;0
74;0
75;0
76;0
77;0
78;0
79;1
80;0
81;0
82;0
83;0
84;0
85;1
86;2
87;2
88;1
89;0
90;0
91;0
92;0
93;2
94;0
95;0
96;0
97;1
98;0
99;0
100;2
101;2
102;0
103;2
104;1
105;1
106;0
107;0
108;1
109;0
110;1
111;0
112;1
113;0
114;0
115;0
116;0
117;0
118;0
119;0
120;2
121;2
122;2
123;2
124;0
125;2
126;0
127;2
128;0
129;0
130;0
131;2
132;2
133;0
134;0
135;0
136;0
137;0
138;2
139;1
140;0
141;0
142;0
143;0
144;0
145;0
146;2
147;1
148;0
149;2
150;0
151;0
152;2
153;1
154;0
155;2
156;0
157;0
158;0
159;1
160;0
161;0
162;0
163;0
164;2
165;2
166;1
167;2
168;1
169;0
170;2
171;2
172;0
173;0
174;0
175;0
176;2
177;1
178;0
179;0
180;2
181;0
182;0
183;1
184;0
185;0
186;1
187;2
188;1
189;1
190;2
191;1
192;0
193;0
194;4
195;1
196;0
197;1
198;0
199;0
200;2
201;2
202;1
203;0
204;1
205;0
206;0
207;1
208;0
209;0
210;1
211;1
212;0
213;0
214;0
215;0
216;0
217;0
218;0
219;1
220;1
221;0
222;0
223;0
224;2
225;2
226;0
227;0
228;0
229;2
230;0
231;0
232;2
233;0
234;2
235;0
236;0
237;0
238;0
239;0
240;0
241;0
242;2
243;0
244;0
245;1
246;0
247;2
248;2
249;0
250;0
251;0
252;0
253;1
254;0
255;0
256;0
257;0
258;2
259;0
260;0
261;0
262;2
263;0
264;0
265;0
266;0
267;1
268;0
269;0
270;2
271;0
272;0
273;0
274;0
275;0
276;0
277;0
278;2
279;2
280;1
281;0
282;1
283;0
284;0
285;0
286;2
287;0
288;0
289;0
290;2
291;2
292;2
293;0
294;0
295;1
296;1
297;2
298;1
299;2
300;1
301;0
302;2
303;0
304;2
305;2
306;0
307;0
308;0
309;1
310;0
311;0
312;0
313;0
314;1
315;0
316;2
317;0
318;0
319;0
320;0
321;0
322;1
323;0
324;0
325;2
326;0
327;0
328;0
329;0
330;2
331;2
332;2
333;0
334;0
335;2
336;1
337;0
338;2
339;2
340;2
341;0
342;2
343;0
344;1
345;2
346;0
347;0
348;0
349;0
350;0
351;0
352;0
353;0
354;0
355;0
356;0
357;0
358;0
359;0
360;0
361;0
362;0
363;1
364;0
365;1
366;0
367;0
368;1
369;1
370;2
371;2
372;2
373;2
374;2
375;2
376;2
377;0
378;2
379;2
380;0
381;0
382;0
383;0
384;2
385;0
386;0
387;0
388;1
389;0
390;0
391;0
392;0
393;0
394;0
395;0
396;0
397;0
398;0
399;0
400;0
401;0
402;0
403;0
404;0
405;0
406;0
407;0
408;0
409;1
410;0
411;0
412;0
413;0
414;2
415;2
416;2
417;1
418;0
419;0
420;0
421;0
422;0
423;2
424;0
425;0
426;0
427;0
428;0
429;0
430;2
431;0
432;0
433;0
434;1
435;0
436;2
437;0
438;0
439;0
440;1
441;0
442;0
443;2
444;2
445;0
446;2
447;0
448;0
449;0
450;2
451;0
452;0
453;2
454;2
455;1
456;0
457;0
458;0
459;0
460;0
461;1
462;0
463;0
464;0
465;2
466;0
467;0
468;1
469;2
470;0
471;0
472;0
473;0
474;1
475;2
476;2
477;0
478;2
479;0
480;2
481;0
482;1
483;0
484;0
485;2
486;0
487;2
488;1
489;0
490;0
491;1
492;0
493;2
494;0
495;2
496;0
497;1
498;1
499;0
500;0
501;0
502;0
503;0
504;2
505;0
506;0
507;2
508;0
509;2
510;0
511;0
512;1
513;2
514;0
515;0
516;0
517;0
518;0
519;0
520;0
521;0
522;0
523;0
524;0
525;2
526;1
527;0
528;2
529;0
530;2
531;0
532;0
533;0
534;0
535;0
536;0
537;0
538;0
539;0
540;0
541;2
542;2
543;2
544;2
545;0
546;0
547;0
548;0
549;2
550;0
551;0
552;2
553;0
554;2
555;0
556;0
557;0
558;0
559;0
560;0
561;0
562;0
563;0
564;0
565;1
566;0
567;0
568;1
569;0
570;0
571;0
572;0
573;0
574;0
575;2
576;0
577;0
578;0
579;0
580;0
581;0
582;0
583;0
584;0
585;0
586;0
587;0
588;0
589;0
590;0
591;0
592;2
593;0
594;0
595;0
596;1
597;2
598;0
599;1
600;0
601;0
602;0
603;2
604;2
605;2
606;1
607;2
608;2
609;0
610;2
611;0
612;0
613;2
614;0
615;0
616;2
617;0
618;0
619;0
620;0
621;0
622;0
623;0
624;0
625;1
626;0
627;0
628;0
629;2
630;1
631;0
632;0
633;0
634;1
635;2
636;2
637;1
638;0
639;0
640;2
641;1
642;0
643;0
644;0
645;0
646;0
647;0
648;0
649;0
650;0
651;0
652;1
653;0
654;0
655;0
656;1
657;0
658;0
659;1
660;4
661;0
662;2
663;0
664;0
665;0
666;2
667;0
668;1
669;0
670;1
671;0
672;0
673;0
674;0
675;1
676;0
677;2
678;0
679;0
680;0
681;0
682;0
683;0
684;2
685;1
686;0
687;2
688;2
689;2
690;0
691;0
692;0
693;0
694;1
695;2
696;0
697;0
698;0
699;0
700;0
701;1
702;0
703;0
704;0
705;2
706;0
707;0
708;1
709;0
710;0
711;1
712;0
713;2
714;2
715;0
716;2
717;0
718;1
719;0
720;0
721;4
722;0
723;0
724;0
725;0
726;0
727;0
728;0
729;1
730;0
731;2
732;2
733;0
734;2
735;0
736;0
737;2
738;2
739;0
740;0
741;0
742;2
743;0
744;1
745;0
746;0
747;0
748;0
749;0
750;0
751;2
752;1
753;0
754;2
755;0
756;2
757;0
758;2
759;0
760;0
761;0
762;0
763;0
764;1
765;1
766;0
767;0
768;0
769;2
770;1
771;0
772;2
773;0
774;0
775;2
776;0
777;0
778;0
779;1
780;0
781;1
782;0
783;2
784;0
785;0
786;0
787;0
788;0
789;0
790;2
791;0
792;0
793;1
794;0
795;0
796;0
797;1
798;0
799;0
800;1
801;0
802;0
803;0
804;1
805;1
806;0
807;2
808;1
809;0
810;0
811;2
812;2
813;0
814;0
815;2
816;0
817;0
818;2
819;0
820;0
821;0
822;0
823;2
824;2
825;1
826;0
827;1
828;0
829;0
830;0
831;0
832;0
833;2
834;1
835;0
836;0
837;0
838;0
839;0
840;0
841;0
842;2
843;2
844;1
845;0
846;0
847;2
848;0
849;0
850;0
851;0
852;2
853;0
854;0
855;0
856;0
857;1
858;0
859;2
860;1
861;0
862;0
863;0
864;0
865;0
866;0
867;0
868;0
869;0
870;1
871;2
872;1
873;0
874;0
875;0
876;0
877;0
878;2
879;0
880;1
881;2
882;0
883;0
884;2
885;2
886;1
887;0
888;0
889;0
890;0
891;1
892;0
893;2
894;2
895;2
896;2
897;0
898;0
899;2
900;0
901;0
902;0
903;2
904;0
905;2
906;2
907;0
908;0
909;0
910;2
911;0
912;1
913;0
914;1
915;0
916;1
917;0
918;0
919;0
920;1
921;0
922;1
923;0
924;0
925;0
926;2
927;1
928;0
929;0
930;2
931;0
932;1
933;0
934;0
935;0
936;0
937;1
938;0
939;0
940;0
941;1
942;0
943;0
944;0
945;0
946;0
947;2
948;0
949;0
950;0
951;0
952;0
953;0
954;2
955;0
956;0
957;1
958;0
959;0
960;2
961;0
962;0
963;2
964;0
965;2
966;0
967;2
968;1
969;0
970;0
971;2
972;0
973;0
974;2
975;2
976;1
977;0
978;2
979;2
980;2
981;0
982;0
983;0
984;0
985;0
986;0
987;1
988;1
989;0
990;0
991;0
992;0
993;0
994;2
995;2
996;2
997;0
998;2
999;2
1000;1
1001;0
1002;0
1003;2
1004;2
1005;2
1006;4
1007;4
1008;3
1009;0
1010;1
1011;0
1012;1
1013;1
1014;1
1015;1
1016;0
1017;0
1018;0
1019;0
1020;0
1021;0
1022;0
1023;0
