0;1
1;0
2;0
3;2
4;1
5;0
6;2
7;2
8;2
9;0
10;2
11;0
12;1
13;0
14;0
15;0
16;0
17;0
18;0
19;0
20;1
21;1
22;0
23;0
24;1
25;2
26;2
27;2
28;2
29;0
30;0
31;0
32;2
33;0
34;0
35;0
36;2
37;2
38;0
39;0
40;0
41;0
42;0
43;0
44;1
45;0
46;0
47;0
48;0
49;0
50;0
51;2
52;1
53;0
54;2
55;2
56;2
57;0
58;0
59;0
60;2
61;0
62;0
63;0
64;0
65;0
66;0
67;2
68;0
69;0
70;1
71;0
72;1
73;0
74;0
75;0
76;1
77;2
78;0
79;0
80;1
81;0
82;0
83;0
84;2
85;0
86;0
87;0
88;1
89;0
90;0
91;0
92;1
93;0
94;0
95;0
96;2
97;0
98;1
99;0
100;1
101;0
102;1
103;0
104;0
105;0
106;1
107;0
108;0
109;0
110;0
111;0
112;1
113;0
114;2
115;2
116;1
117;0
118;0
119;2
120;4
121;0
122;2
123;2
124;2
125;0
126;0
127;0
128;2
129;0
130;0
131;0
132;0
133;0
134;1
135;0
136;0
137;0
138;0
139;0
140;1
141;0
142;0
143;2
144;0
145;0
146;0
147;0
148;2
149;2
150;0
151;0
152;2
153;2
154;0
155;0
156;0
157;2
158;0
159;2
160;0
161;1
162;0
163;0
164;0
165;0
166;0
167;0
168;2
169;0
170;0
171;0
172;1
173;0
174;2
175;0
176;1
177;1
178;1
179;0
180;0
181;0
182;1
183;1
184;0
185;0
186;0
187;2
188;2
189;2
190;2
191;0
192;2
193;0
194;2
195;0
196;2
197;2
198;0
199;0
200;1
201;0
202;0
203;0
204;0
205;2
206;0
207;2
208;2
209;2
210;2
211;0
212;1
213;0
214;0
215;1
216;0
217;0
218;0
219;0
220;1
221;0
222;0
223;0
224;0
225;0
226;0
227;2
228;0
229;0
230;2
231;0
232;1
233;0
234;0
235;0
236;0
237;2
238;0
239;0
240;2
241;2
242;2
243;2
244;2
245;0
246;0
247;0
248;0
249;0
250;0
251;1
252;0
253;0
254;2
255;2
256;2
257;1
258;0
259;0
260;2
261;0
262;0
263;0
264;0
265;0
266;0
267;0
268;2
269;0
270;0
271;1
272;0
273;0
274;2
275;2
276;0
277;0
278;0
279;0
280;0
281;0
282;0
283;0
284;2
285;0
286;0
287;0
288;0
289;0
290;0
291;0
292;0
293;1
294;2
295;0
296;1
297;0
298;0
299;0
300;1
301;0
302;2
303;2
304;1
305;0
306;0
307;2
308;2
309;0
310;2
311;2
312;2
313;0
314;2
315;0
316;0
317;0
318;2
319;2
320;1
321;0
322;1
323;0
324;0
325;0
326;0
327;0
328;0
329;0
330;0
331;0
332;0
333;0
334;0
335;0
336;0
337;1
338;1
339;0
340;1
341;0
342;0
343;2
344;0
345;0
346;0
347;0
348;0
349;0
350;0
351;0
352;0
353;1
354;1
355;0
356;2
357;0
358;2
359;2
360;2
361;1
362;1
363;0
364;2
365;1
366;0
367;2
368;4
369;0
370;0
371;0
372;2
373;2
374;2
375;2
376;2
377;0
378;0
379;0
380;0
381;0
382;0
383;0
384;2
385;2
386;0
387;0
388;0
389;2
390;2
391;2
392;0
393;0
394;2
395;2
396;2
397;2
398;0
399;1
400;2
401;0
402;0
403;0
404;0
405;0
406;0
407;2
408;2
409;2
410;1
411;1
412;0
413;1
414;0
415;0
416;2
417;2
418;2
419;2
420;0
421;0
422;0
423;0
424;0
425;0
426;0
427;2
428;2
429;0
430;1
431;0
432;0
433;0
434;0
435;0
436;2
437;0
438;0
439;0
440;0
441;0
442;0
443;0
444;0
445;0
446;2
447;2
448;1
449;2
450;0
451;0
452;0
453;2
454;0
455;1
456;1
457;0
458;2
459;4
460;2
461;0
462;0
463;0
464;2
465;2
466;2
467;2
468;1
469;0
470;1
471;2
472;2
473;0
474;0
475;0
476;1
477;0
478;1
479;2
480;0
481;0
482;0
483;0
484;2
485;1
486;0
487;2
488;2
489;2
490;1
491;2
492;1
493;0
494;0
495;0
496;2
497;1
498;0
499;0
500;0
501;0
502;0
503;0
504;0
505;2
506;2
507;0
508;2
509;0
510;0
511;0
512;0
513;0
514;0
515;2
516;2
517;0
518;0
519;0
520;2
521;0
522;0
523;0
524;1
525;2
526;0
527;0
528;2
529;2
530;0
531;0
532;0
533;0
534;0
535;0
536;2
537;2
538;1
539;1
540;2
541;0
542;0
543;0
544;2
545;4
546;2
547;0
548;2
549;2
550;0
551;0
552;0
553;2
554;1
555;0
556;1
557;0
558;2
559;2
560;1
561;0
562;0
563;1
564;4
565;0
566;2
567;2
568;4
569;0
570;2
571;1
572;1
573;0
574;0
575;0
576;4
577;2
578;2
579;1
580;2
581;0
582;0
583;0
584;2
585;0
586;2
587;0
588;0
589;0
590;0
591;2
592;0
593;0
594;0
595;0
596;0
597;1
598;0
599;0
600;1
601;0
602;0
603;0
604;1
605;0
606;0
607;0
608;1
609;0
610;2
611;2
612;2
613;0
614;2
615;0
616;2
617;0
618;2
619;1
620;2
621;1
622;0
623;1
624;0
625;0
626;2
627;2
628;2
629;2
630;2
631;2
632;0
633;0
634;0
635;0
636;0
637;0
638;0
639;0
640;1
641;0
642;0
643;0
644;2
645;2
646;2
647;2
648;2
649;0
650;0
651;0
652;1
653;1
654;0
655;0
656;0
657;0
658;0
659;1
660;0
661;0
662;0
663;0
664;1
665;2
666;2
667;2
668;2
669;0
670;1
671;0
672;2
673;0
674;1
675;2
676;0
677;0
678;0
679;0
680;0
681;1
682;0
683;0
684;0
685;0
686;0
687;0
688;0
689;0
690;0
691;0
692;4
693;0
694;0
695;2
696;0
697;0
698;0
699;0
700;2
701;0
702;2
703;0
704;1
705;0
706;1
707;0
708;1
709;0
710;0
711;2
712;2
713;0
714;2
715;2
716;2
717;0
718;2
719;0
720;2
721;1
722;0
723;0
724;2
725;1
726;0
727;0
728;0
729;0
730;2
731;2
732;2
733;0
734;0
735;2
736;0
737;0
738;0
739;0
740;1
741;0
742;0
743;0
744;2
745;0
746;2
747;0
748;0
749;0
750;2
751;2
752;1
753;2
754;2
755;2
756;2
757;0
758;2
759;1
760;0
761;0
762;2
763;0
764;0
765;0
766;0
767;2
768;0
769;0
770;0
771;0
772;1
773;0
774;0
775;0
776;2
777;0
778;0
779;0
780;1
781;0
782;1
783;0
784;2
785;0
786;0
787;0
788;2
789;2
790;0
791;0
792;2
793;0
794;2
795;0
796;0
797;2
798;0
799;1
800;0
801;0
802;0
803;0
804;0
805;0
806;2
807;2
808;2
809;2
810;2
811;0
812;0
813;0
814;0
815;0
816;0
817;2
818;1
819;0
820;0
821;0
822;2
823;0
824;0
825;2
826;0
827;0
828;0
829;0
830;0
831;0
832;0
833;0
834;0
835;0
836;0
837;2
838;1
839;0
840;2
841;0
842;0
843;0
844;1
845;0
846;0
847;0
848;0
849;1
850;0
851;1
852;2
853;0
854;0
855;1
856;0
857;2
858;0
859;0
860;1
861;0
862;2
863;1
864;0
865;0
866;0
867;0
868;1
869;0
870;0
871;0
872;1
873;0
874;2
875;2
876;0
877;0
878;0
879;0
880;0
881;2
882;2
883;1
884;0
885;0
886;1
887;0
888;0
889;0
890;0
891;1
892;2
893;0
894;2
895;2
896;1
897;0
898;2
899;2
900;0
901;0
902;0
903;0
904;0
905;2
906;0
907;0
908;0
909;0
910;2
911;2
912;2
913;0
914;0
915;2
916;0
917;0
918;0
919;0
920;0
921;0
922;0
923;0
924;0
925;2
926;2
927;2
928;1
929;0
930;2
931;1
932;0
933;0
934;1
935;0
936;0
937;0
938;0
939;0
940;2
941;2
942;0
943;0
944;2
945;0
946;2
947;2
948;2
949;2
950;2
951;2
952;2
953;0
954;0
955;2
956;1
957;0
958;0
959;0
960;0
961;2
962;2
963;0
964;0
965;0
966;0
967;1
968;1
969;0
970;0
971;2
972;1
973;0
974;2
975;1
976;0
977;2
978;2
979;0
980;1
981;1
982;0
983;0
984;0
985;1
986;0
987;0
988;1
989;2
990;0
991;1
992;1
993;0
994;0
995;0
996;0
997;0
998;2
999;2
1000;2
1001;0
1002;0
1003;0
1004;0
1005;0
1006;0
1007;0
1008;2
1009;2
1010;0
1011;0
1012;0
1013;0
1014;1
1015;1
1016;0
1017;0
1018;0
1019;0
1020;0
1021;0
1022;0
1023;0
