0;1
1;0
2;2
3;0
4;2
5;0
6;2
7;0
8;2
9;0
10;0
11;0
12;2
13;0
14;0
15;0
16;0
17;0
18;1
19;0
20;0
21;0
22;0
23;0
24;0
25;0
26;0
27;0
28;0
29;0
30;2
31;2
32;2
33;0
34;1
35;0
36;1
37;0
38;2
39;0
40;0
41;0
42;0
43;0
44;2
45;0
46;2
47;0
48;1
49;0
50;2
51;0
52;1
53;0
54;0
55;0
56;0
57;1
58;0
59;2
60;2
61;0
62;0
63;0
64;0
65;0
66;1
67;0
68;0
69;0
70;0
71;0
72;0
73;2
74;0
75;2
76;0
77;0
78;0
79;0
80;0
81;0
82;0
83;0
84;0
85;1
86;2
87;2
88;1
89;0
90;0
91;0
92;1
93;1
94;0
95;0
96;0
97;0
98;0
99;2
100;2
101;1
102;0
103;0
104;2
105;0
106;0
107;0
108;2
109;2
110;1
111;0
112;2
113;0
114;0
115;0
116;2
117;0
118;0
119;0
120;0
121;0
122;0
123;2
124;1
125;0
126;0
127;1
128;4
129;0
130;2
131;2
132;2
133;0
134;2
135;0
136;2
137;0
138;1
139;0
140;2
141;0
142;0
143;0
144;0
145;0
146;2
147;0
148;0
149;0
150;2
151;2
152;0
153;0
154;0
155;2
156;4
157;0
158;0
159;2
160;2
161;0
162;0
163;0
164;1
165;0
166;0
167;0
168;0
169;0
170;0
171;0
172;0
173;2
174;2
175;2
176;2
177;2
178;0
179;0
180;2
181;1
182;0
183;2
184;0
185;2
186;0
187;0
188;0
189;0
190;0
191;0
192;2
193;1
194;0
195;2
196;1
197;0
198;2
199;2
200;0
201;0
202;0
203;0
204;2
205;0
206;2
207;0
208;0
209;0
210;0
211;0
212;0
213;0
214;2
215;2
216;2
217;1
218;0
219;0
220;0
221;1
222;1
223;2
224;1
225;0
226;0
227;1
228;0
229;2
230;1
231;0
232;2
233;0
234;0
235;0
236;0
237;0
238;1
239;0
240;0
241;0
242;0
243;0
244;0
245;0
246;0
247;0
248;0
249;0
250;0
251;1
252;0
253;0
254;2
255;0
256;2
257;2
258;0
259;0
260;2
261;0
262;1
263;0
264;0
265;2
266;0
267;0
268;0
269;0
270;0
271;0
272;0
273;1
274;0
275;2
276;0
277;0
278;0
279;0
280;0
281;0
282;0
283;0
284;0
285;2
286;0
287;0
288;0
289;0
290;0
291;0
292;0
293;1
294;0
295;0
296;0
297;0
298;0
299;0
300;0
301;0
302;0
303;0
304;0
305;0
306;2
307;1
308;0
309;0
310;2
311;1
312;1
313;0
314;0
315;1
316;0
317;0
318;0
319;0
320;1
321;0
322;0
323;0
324;0
325;0
326;0
327;0
328;0
329;0
330;0
331;0
332;0
333;0
334;0
335;1
336;0
337;0
338;0
339;2
340;4
341;0
342;2
343;1
344;0
345;0
346;2
347;0
348;1
349;0
350;1
351;0
352;0
353;0
354;0
355;0
356;0
357;0
358;0
359;0
360;0
361;0
362;0
363;0
364;0
365;0
366;0
367;0
368;0
369;2
370;0
371;2
372;0
373;2
374;2
375;0
376;0
377;0
378;0
379;0
380;0
381;0
382;0
383;0
384;0
385;0
386;0
387;0
388;2
389;0
390;0
391;1
392;0
393;0
394;1
395;0
396;1
397;1
398;0
399;2
400;1
401;2
402;2
403;2
404;2
405;0
406;2
407;2
408;0
409;0
410;2
411;0
412;0
413;0
414;2
415;0
416;2
417;0
418;0
419;1
420;0
421;0
422;1
423;0
424;0
425;0
426;0
427;0
428;1
429;2
430;0
431;0
432;1
433;0
434;0
435;0
436;0
437;1
438;0
439;0
440;0
441;0
442;2
443;4
444;2
445;2
446;0
447;0
448;0
449;0
450;0
451;2
452;0
453;0
454;0
455;0
456;2
457;0
458;0
459;0
460;0
461;0
462;2
463;1
464;0
465;2
466;0
467;0
468;2
469;0
470;0
471;1
472;0
473;0
474;0
475;0
476;0
477;0
478;2
479;2
480;0
481;0
482;0
483;2
484;2
485;0
486;2
487;1
488;0
489;0
490;2
491;0
492;2
493;0
494;1
495;0
496;0
497;2
498;0
499;0
500;2
501;0
502;0
503;0
504;2
505;0
506;0
507;0
508;1
509;2
510;0
511;1
512;0
513;0
514;0
515;0
516;0
517;0
518;0
519;0
520;2
521;0
522;2
523;0
524;2
525;2
526;0
527;2
528;1
529;0
530;0
531;0
532;0
533;2
534;0
535;0
536;0
537;1
538;1
539;0
540;0
541;2
542;2
543;1
544;0
545;0
546;0
547;2
548;0
549;0
550;2
551;0
552;1
553;0
554;0
555;2
556;2
557;0
558;2
559;0
560;0
561;0
562;0
563;2
564;1
565;0
566;2
567;1
568;0
569;0
570;0
571;0
572;0
573;2
574;0
575;0
576;0
577;1
578;0
579;0
580;0
581;1
582;0
583;2
584;0
585;0
586;2
587;2
588;0
589;0
590;0
591;0
592;2
593;1
594;0
595;0
596;2
597;0
598;0
599;0
600;0
601;2
602;2
603;0
604;2
605;0
606;0
607;0
608;0
609;1
610;0
611;0
612;1
613;0
614;0
615;0
616;0
617;2
618;0
619;2
620;1
621;2
622;2
623;0
624;0
625;0
626;0
627;0
628;0
629;0
630;0
631;0
632;0
633;1
634;0
635;0
636;0
637;0
638;0
639;0
640;0
641;0
642;0
643;0
644;0
645;0
646;2
647;0
648;0
649;0
650;0
651;1
652;0
653;0
654;0
655;0
656;0
657;1
658;0
659;0
660;0
661;0
662;0
663;0
664;0
665;2
666;0
667;0
668;0
669;0
670;0
671;1
672;0
673;1
674;0
675;2
676;2
677;0
678;0
679;0
680;0
681;0
682;0
683;1
684;1
685;0
686;1
687;0
688;0
689;0
690;0
691;0
692;2
693;0
694;2
695;2
696;2
697;0
698;2
699;2
700;0
701;0
702;0
703;0
704;0
705;0
706;0
707;1
708;2
709;0
710;0
711;0
712;0
713;1
714;0
715;2
716;2
717;2
718;0
719;0
720;2
721;1
722;2
723;0
724;0
725;0
726;1
727;1
728;0
729;0
730;0
731;0
732;0
733;0
734;1
735;0
736;0
737;0
738;0
739;2
740;2
741;1
742;1
743;0
744;0
745;0
746;0
747;2
748;0
749;1
750;0
751;2
752;0
753;0
754;0
755;0
756;0
757;0
758;2
759;0
760;1
761;0
762;0
763;0
764;0
765;2
766;1
767;0
768;0
769;0
770;0
771;1
772;0
773;2
774;0
775;0
776;0
777;2
778;2
779;2
780;2
781;0
782;1
783;0
784;0
785;0
786;0
787;1
788;4
789;0
790;0
791;0
792;0
793;2
794;2
795;2
796;2
797;0
798;0
799;0
800;2
801;0
802;2
803;1
804;0
805;0
806;2
807;0
808;1
809;0
810;0
811;0
812;0
813;2
814;0
815;2
816;0
817;2
818;2
819;2
820;2
821;0
822;0
823;2
824;2
825;0
826;2
827;1
828;0
829;0
830;1
831;1
832;0
833;0
834;0
835;1
836;0
837;1
838;0
839;0
840;2
841;0
842;2
843;0
844;2
845;0
846;0
847;0
848;1
849;0
850;0
851;0
852;0
853;0
854;0
855;0
856;0
857;0
858;0
859;0
860;0
861;0
862;2
863;0
864;2
865;2
866;1
867;0
868;0
869;1
870;2
871;2
872;2
873;0
874;0
875;2
876;0
877;0
878;0
879;2
880;0
881;0
882;0
883;2
884;0
885;0
886;0
887;0
888;0
889;0
890;1
891;0
892;0
893;0
894;0
895;2
896;1
897;0
898;0
899;0
900;0
901;1
902;0
903;0
904;1
905;0
906;0
907;0
908;0
909;0
910;0
911;0
912;2
913;0
914;0
915;0
916;0
917;0
918;0
919;2
920;0
921;0
922;1
923;0
924;0
925;0
926;0
927;2
928;0
929;0
930;0
931;0
932;2
933;0
934;1
935;0
936;0
937;0
938;0
939;0
940;2
941;0
942;0
943;0
944;0
945;0
946;1
947;0
948;2
949;0
950;0
951;0
952;0
953;1
954;1
955;0
956;0
957;1
958;0
959;0
960;0
961;0
962;2
963;2
964;0
965;1
966;0
967;2
968;2
969;2
970;0
971;0
972;1
973;2
974;0
975;2
976;0
977;0
978;0
979;0
980;0
981;0
982;2
983;0
984;1
985;0
986;0
987;0
988;2
989;0
990;0
991;0
992;1
993;0
994;0
995;0
996;0
997;0
998;0
999;2
1000;2
1001;0
1002;2
1003;2
1004;1
1005;0
1006;0
1007;0
1008;2
1009;1
1010;0
1011;0
1012;0
1013;0
1014;0
1015;1
1016;0
1017;0
1018;0
1019;0
1020;0
1021;0
1022;0
1023;0
