0;1
1;1
2;0
3;2
4;1
5;0
6;1
7;0
8;2
9;0
10;2
11;0
12;2
13;2
14;0
15;0
16;0
17;0
18;1
19;0
20;0
21;0
22;0
23;0
24;0
25;0
26;0
27;0
28;0
29;0
30;0
31;2
32;1
33;0
34;0
35;0
36;0
37;0
38;0
39;0
40;0
41;0
42;1
43;0
44;0
45;0
46;2
47;0
48;1
49;0
50;1
51;0
52;2
53;2
54;0
55;0
56;0
57;2
58;2
59;2
60;2
61;0
62;0
63;0
64;0
65;0
66;1
67;0
68;0
69;0
70;0
71;2
72;0
73;0
74;0
75;0
76;0
77;0
78;1
79;0
80;0
81;0
82;2
83;0
84;0
85;1
86;2
87;2
88;1
89;0
90;0
91;2
92;0
93;1
94;0
95;0
96;0
97;1
98;0
99;0
100;2
101;0
102;0
103;2
104;2
105;0
106;0
107;0
108;0
109;1
110;0
111;0
112;0
113;0
114;0
115;0
116;2
117;0
118;2
119;1
120;0
121;0
122;2
123;2
124;1
125;0
126;0
127;2
128;2
129;0
130;2
131;1
132;0
133;0
134;2
135;0
136;2
137;0
138;1
139;0
140;2
141;0
142;0
143;2
144;0
145;0
146;0
147;0
148;0
149;0
150;0
151;0
152;0
153;1
154;0
155;0
156;0
157;0
158;0
159;0
160;0
161;2
162;0
163;0
164;2
165;1
166;0
167;0
168;0
169;0
170;0
171;0
172;0
173;0
174;0
175;1
176;2
177;1
178;0
179;0
180;1
181;0
182;0
183;2
184;0
185;1
186;0
187;0
188;2
189;0
190;0
191;0
192;2
193;0
194;1
195;0
196;0
197;0
198;1
199;2
200;2
201;1
202;0
203;0
204;0
205;0
206;4
207;2
208;2
209;2
210;2
211;1
212;0
213;2
214;1
215;0
216;2
217;0
218;0
219;0
220;0
221;2
222;1
223;0
224;0
225;0
226;2
227;2
228;1
229;0
230;0
231;2
232;2
233;0
234;0
235;2
236;2
237;0
238;2
239;2
240;2
241;0
242;1
243;0
244;0
245;1
246;1
247;0
248;1
249;0
250;0
251;0
252;0
253;2
254;2
255;2
256;2
257;2
258;0
259;0
260;2
261;0
262;0
263;1
264;0
265;2
266;0
267;0
268;0
269;0
270;1
271;0
272;0
273;2
274;1
275;0
276;0
277;0
278;1
279;0
280;0
281;1
282;0
283;0
284;0
285;0
286;2
287;0
288;0
289;0
290;1
291;0
292;1
293;1
294;0
295;0
296;0
297;2
298;2
299;1
300;1
301;1
302;0
303;0
304;2
305;2
306;2
307;2
308;1
309;0
310;0
311;0
312;0
313;0
314;2
315;0
316;2
317;2
318;1
319;1
320;0
321;0
322;1
323;0
324;0
325;0
326;1
327;0
328;2
329;0
330;0
331;2
332;0
333;0
334;0
335;0
336;0
337;0
338;1
339;0
340;0
341;0
342;1
343;2
344;0
345;0
346;2
347;0
348;0
349;0
350;0
351;0
352;0
353;0
354;0
355;0
356;1
357;1
358;0
359;0
360;2
361;0
362;0
363;1
364;0
365;0
366;0
367;0
368;2
369;1
370;2
371;2
372;1
373;0
374;2
375;2
376;0
377;0
378;2
379;2
380;0
381;0
382;0
383;0
384;2
385;0
386;0
387;0
388;2
389;0
390;2
391;0
392;0
393;0
394;0
395;0
396;0
397;0
398;0
399;0
400;1
401;0
402;0
403;0
404;0
405;0
406;0
407;0
408;0
409;1
410;0
411;0
412;0
413;0
414;2
415;2
416;1
417;0
418;0
419;0
420;0
421;0
422;2
423;2
424;0
425;0
426;0
427;0
428;0
429;1
430;1
431;0
432;0
433;0
434;2
435;0
436;0
437;0
438;0
439;0
440;1
441;0
442;0
443;2
444;2
445;0
446;1
447;0
448;0
449;2
450;1
451;0
452;0
453;0
454;2
455;0
456;1
457;0
458;0
459;0
460;0
461;1
462;0
463;0
464;0
465;0
466;0
467;0
468;0
469;2
470;0
471;0
472;0
473;0
474;1
475;0
476;0
477;0
478;1
479;0
480;2
481;0
482;2
483;0
484;2
485;2
486;1
487;0
488;2
489;0
490;0
491;1
492;0
493;2
494;0
495;1
496;1
497;1
498;0
499;0
500;0
501;1
502;0
503;0
504;0
505;0
506;0
507;0
508;0
509;2
510;0
511;0
512;0
513;2
514;0
515;0
516;0
517;0
518;0
519;0
520;0
521;2
522;1
523;0
524;0
525;2
526;0
527;2
528;2
529;0
530;0
531;0
532;0
533;0
534;0
535;0
536;0
537;0
538;0
539;0
540;0
541;2
542;2
543;2
544;0
545;0
546;1
547;0
548;0
549;2
550;0
551;0
552;0
553;0
554;2
555;2
556;0
557;0
558;0
559;0
560;1
561;0
562;1
563;1
564;0
565;1
566;0
567;0
568;2
569;0
570;1
571;0
572;0
573;0
574;1
575;0
576;1
577;0
578;0
579;0
580;4
581;0
582;2
583;2
584;2
585;0
586;2
587;0
588;2
589;2
590;2
591;2
592;0
593;0
594;0
595;0
596;0
597;1
598;1
599;0
600;0
601;0
602;0
603;0
604;2
605;2
606;0
607;2
608;2
609;0
610;1
611;0
612;1
613;0
614;2
615;1
616;0
617;0
618;0
619;0
620;0
621;0
622;0
623;0
624;0
625;0
626;0
627;0
628;2
629;0
630;1
631;0
632;1
633;0
634;0
635;2
636;4
637;2
638;2
639;2
640;0
641;0
642;0
643;0
644;1
645;1
646;0
647;0
648;0
649;0
650;0
651;0
652;0
653;2
654;1
655;0
656;0
657;0
658;0
659;1
660;0
661;2
662;0
663;0
664;0
665;1
666;0
667;0
668;0
669;0
670;0
671;0
672;2
673;0
674;0
675;0
676;0
677;0
678;0
679;2
680;0
681;1
682;1
683;2
684;2
685;0
686;1
687;0
688;1
689;1
690;0
691;2
692;2
693;1
694;0
695;2
696;2
697;2
698;0
699;0
700;0
701;0
702;2
703;2
704;0
705;0
706;0
707;0
708;0
709;1
710;0
711;0
712;0
713;2
714;0
715;0
716;0
717;0
718;0
719;1
720;0
721;0
722;2
723;1
724;0
725;0
726;1
727;0
728;0
729;0
730;0
731;0
732;0
733;2
734;0
735;0
736;0
737;0
738;1
739;0
740;2
741;0
742;1
743;0
744;0
745;0
746;1
747;0
748;0
749;0
750;2
751;0
752;1
753;0
754;0
755;0
756;0
757;0
758;0
759;2
760;1
761;0
762;0
763;2
764;2
765;0
766;0
767;0
768;1
769;0
770;1
771;0
772;0
773;1
774;0
775;0
776;2
777;2
778;1
779;0
780;2
781;0
782;0
783;2
784;0
785;0
786;0
787;0
788;0
789;0
790;0
791;0
792;0
793;0
794;0
795;0
796;0
797;0
798;0
799;1
800;0
801;0
802;0
803;0
804;2
805;1
806;0
807;0
808;2
809;0
810;0
811;2
812;1
813;0
814;0
815;0
816;0
817;0
818;2
819;2
820;2
821;2
822;1
823;0
824;0
825;0
826;1
827;0
828;0
829;1
830;1
831;0
832;0
833;0
834;2
835;0
836;0
837;1
838;0
839;1
840;0
841;0
842;0
843;2
844;0
845;0
846;0
847;0
848;2
849;0
850;0
851;0
852;0
853;0
854;0
855;2
856;0
857;0
858;1
859;0
860;0
861;0
862;0
863;0
864;0
865;0
866;0
867;2
868;0
869;0
870;0
871;0
872;0
873;0
874;2
875;0
876;2
877;0
878;0
879;0
880;0
881;1
882;1
883;0
884;0
885;0
886;2
887;2
888;0
889;2
890;1
891;0
892;0
893;0
894;0
895;2
896;0
897;0
898;0
899;0
900;0
901;0
902;2
903;1
904;0
905;0
906;2
907;0
908;1
909;0
910;0
911;0
912;1
913;0
914;1
915;0
916;1
917;0
918;1
919;0
920;0
921;2
922;0
923;0
924;0
925;0
926;2
927;0
928;0
929;0
930;0
931;0
932;0
933;2
934;2
935;2
936;2
937;1
938;0
939;2
940;2
941;2
942;2
943;0
944;0
945;0
946;0
947;0
948;0
949;0
950;0
951;0
952;1
953;2
954;0
955;0
956;0
957;0
958;2
959;2
960;0
961;0
962;2
963;2
964;0
965;0
966;0
967;2
968;1
969;0
970;2
971;0
972;2
973;0
974;0
975;2
976;2
977;0
978;0
979;0
980;0
981;0
982;0
983;0
984;0
985;0
986;2
987;1
988;0
989;0
990;1
991;0
992;2
993;0
994;2
995;2
996;0
997;0
998;0
999;2
1000;1
1001;0
1002;0
1003;2
1004;2
1005;2
1006;2
1007;1
1008;0
1009;0
1010;0
1011;2
1012;0
1013;1
1014;0
1015;0
1016;0
1017;0
1018;0
1019;0
1020;0
1021;0
1022;0
1023;0
