0;1
1;0
2;0
3;0
4;2
5;0
6;2
7;1
8;0
9;0
10;2
11;2
12;2
13;2
14;0
15;0
16;0
17;0
18;0
19;0
20;0
21;0
22;0
23;1
24;0
25;0
26;0
27;1
28;0
29;2
30;2
31;0
32;1
33;0
34;0
35;0
36;0
37;0
38;0
39;0
40;0
41;0
42;0
43;0
44;0
45;0
46;1
47;0
48;2
49;0
50;2
51;0
52;2
53;2
54;2
55;0
56;0
57;0
58;0
59;2
60;0
61;0
62;0
63;0
64;0
65;0
66;0
67;0
68;0
69;0
70;0
71;2
72;0
73;2
74;0
75;0
76;0
77;0
78;0
79;0
80;0
81;0
82;0
83;0
84;0
85;1
86;2
87;1
88;0
89;0
90;0
91;0
92;0
93;2
94;0
95;1
96;0
97;2
98;0
99;2
100;2
101;1
102;2
103;0
104;2
105;0
106;0
107;0
108;0
109;2
110;1
111;0
112;0
113;0
114;0
115;0
116;2
117;0
118;2
119;0
120;0
121;0
122;0
123;0
124;0
125;1
126;0
127;2
128;0
129;0
130;0
131;2
132;2
133;0
134;0
135;0
136;0
137;0
138;0
139;1
140;0
141;0
142;0
143;0
144;0
145;0
146;1
147;0
148;2
149;2
150;0
151;0
152;0
153;1
154;0
155;4
156;0
157;0
158;0
159;0
160;0
161;2
162;0
163;1
164;2
165;1
166;0
167;2
168;1
169;0
170;0
171;0
172;0
173;1
174;1
175;2
176;2
177;0
178;0
179;2
180;0
181;1
182;0
183;0
184;0
185;0
186;1
187;0
188;2
189;0
190;0
191;0
192;0
193;0
194;0
195;2
196;2
197;2
198;1
199;2
200;1
201;0
202;0
203;2
204;2
205;0
206;2
207;1
208;0
209;0
210;2
211;0
212;2
213;0
214;0
215;0
216;0
217;2
218;2
219;0
220;0
221;0
222;0
223;0
224;0
225;0
226;0
227;0
228;0
229;0
230;1
231;1
232;2
233;0
234;0
235;0
236;0
237;0
238;0
239;0
240;2
241;1
242;0
243;0
244;4
245;2
246;2
247;2
248;0
249;0
250;0
251;0
252;2
253;2
254;2
255;0
256;1
257;0
258;0
259;0
260;0
261;0
262;0
263;0
264;0
265;0
266;0
267;0
268;0
269;0
270;2
271;0
272;0
273;0
274;0
275;1
276;0
277;1
278;0
279;0
280;0
281;1
282;2
283;0
284;1
285;0
286;0
287;1
288;1
289;0
290;2
291;1
292;0
293;0
294;2
295;0
296;4
297;0
298;0
299;1
300;0
301;1
302;0
303;2
304;1
305;0
306;0
307;0
308;0
309;0
310;0
311;0
312;0
313;2
314;2
315;2
316;0
317;0
318;2
319;0
320;0
321;0
322;2
323;2
324;1
325;0
326;0
327;0
328;2
329;0
330;1
331;0
332;0
333;0
334;2
335;0
336;2
337;0
338;0
339;0
340;0
341;0
342;0
343;0
344;0
345;0
346;0
347;0
348;0
349;0
350;1
351;2
352;0
353;0
354;2
355;0
356;0
357;0
358;0
359;0
360;0
361;0
362;0
363;0
364;0
365;1
366;0
367;0
368;2
369;1
370;0
371;1
372;0
373;0
374;0
375;0
376;2
377;2
378;2
379;0
380;2
381;2
382;2
383;2
384;1
385;0
386;2
387;2
388;0
389;0
390;1
391;0
392;0
393;0
394;0
395;0
396;2
397;0
398;2
399;0
400;0
401;0
402;0
403;0
404;0
405;0
406;0
407;0
408;2
409;0
410;0
411;0
412;1
413;0
414;0
415;0
416;0
417;1
418;0
419;0
420;0
421;0
422;2
423;2
424;1
425;1
426;0
427;0
428;0
429;2
430;2
431;2
432;0
433;0
434;0
435;0
436;0
437;2
438;2
439;0
440;0
441;0
442;1
443;0
444;2
445;0
446;0
447;0
448;0
449;0
450;0
451;2
452;2
453;0
454;0
455;1
456;0
457;0
458;0
459;0
460;0
461;2
462;2
463;0
464;2
465;0
466;0
467;0
468;0
469;1
470;0
471;1
472;0
473;0
474;0
475;0
476;0
477;0
478;0
479;0
480;0
481;0
482;0
483;0
484;0
485;0
486;0
487;0
488;0
489;0
490;0
491;0
492;2
493;0
494;2
495;2
496;0
497;1
498;0
499;0
500;2
501;0
502;0
503;0
504;0
505;1
506;0
507;0
508;0
509;2
510;2
511;2
512;2
513;0
514;0
515;0
516;0
517;0
518;0
519;0
520;1
521;0
522;0
523;0
524;0
525;1
526;0
527;0
528;2
529;0
530;0
531;0
532;0
533;0
534;2
535;1
536;0
537;0
538;2
539;0
540;2
541;0
542;0
543;1
544;0
545;0
546;0
547;0
548;2
549;0
550;0
551;0
552;2
553;0
554;2
555;0
556;0
557;2
558;2
559;0
560;2
561;2
562;0
563;0
564;0
565;0
566;0
567;0
568;0
569;0
570;0
571;0
572;0
573;2
574;2
575;0
576;1
577;0
578;0
579;2
580;0
581;1
582;0
583;0
584;0
585;0
586;0
587;0
588;0
589;1
590;0
591;0
592;1
593;0
594;0
595;0
596;0
597;0
598;0
599;2
600;1
601;0
602;0
603;1
604;0
605;0
606;2
607;2
608;2
609;0
610;0
611;2
612;1
613;0
614;1
615;0
616;1
617;2
618;0
619;0
620;0
621;0
622;0
623;0
624;0
625;0
626;0
627;0
628;0
629;1
630;0
631;0
632;2
633;1
634;0
635;0
636;1
637;2
638;0
639;0
640;2
641;0
642;0
643;0
644;0
645;0
646;0
647;0
648;0
649;0
650;0
651;2
652;2
653;1
654;0
655;0
656;0
657;0
658;0
659;0
660;0
661;0
662;0
663;0
664;0
665;0
666;1
667;0
668;2
669;0
670;0
671;2
672;0
673;2
674;0
675;0
676;2
677;1
678;0
679;0
680;0
681;1
682;0
683;0
684;0
685;0
686;0
687;0
688;2
689;0
690;0
691;0
692;0
693;0
694;0
695;2
696;2
697;0
698;2
699;0
700;0
701;0
702;1
703;2
704;2
705;0
706;0
707;2
708;2
709;0
710;0
711;0
712;0
713;0
714;2
715;0
716;2
717;0
718;0
719;2
720;2
721;2
722;0
723;0
724;0
725;0
726;1
727;0
728;2
729;1
730;0
731;0
732;1
733;0
734;0
735;0
736;0
737;2
738;0
739;0
740;0
741;0
742;2
743;1
744;0
745;2
746;2
747;2
748;2
749;0
750;1
751;0
752;0
753;0
754;0
755;0
756;2
757;2
758;0
759;0
760;0
761;2
762;2
763;1
764;0
765;0
766;0
767;0
768;2
769;1
770;0
771;0
772;0
773;0
774;0
775;0
776;1
777;0
778;0
779;0
780;0
781;0
782;0
783;2
784;0
785;0
786;0
787;2
788;2
789;0
790;0
791;0
792;0
793;2
794;0
795;0
796;2
797;1
798;1
799;2
800;2
801;2
802;1
803;0
804;1
805;1
806;0
807;2
808;0
809;1
810;0
811;0
812;0
813;0
814;0
815;0
816;0
817;0
818;0
819;0
820;0
821;0
822;2
823;0
824;2
825;0
826;1
827;0
828;2
829;1
830;0
831;0
832;1
833;0
834;0
835;0
836;1
837;0
838;0
839;0
840;0
841;0
842;2
843;0
844;2
845;0
846;0
847;0
848;0
849;0
850;0
851;0
852;0
853;0
854;0
855;0
856;0
857;0
858;0
859;0
860;0
861;2
862;2
863;2
864;1
865;0
866;0
867;2
868;0
869;0
870;0
871;0
872;1
873;2
874;0
875;0
876;1
877;0
878;2
879;1
880;0
881;0
882;1
883;0
884;2
885;0
886;0
887;0
888;0
889;0
890;0
891;1
892;1
893;0
894;0
895;0
896;0
897;0
898;2
899;0
900;1
901;1
902;0
903;0
904;0
905;0
906;1
907;0
908;0
909;0
910;0
911;0
912;4
913;0
914;0
915;2
916;2
917;0
918;0
919;0
920;2
921;0
922;0
923;0
924;0
925;0
926;0
927;1
928;0
929;0
930;0
931;0
932;0
933;0
934;0
935;2
936;1
937;0
938;0
939;0
940;0
941;0
942;0
943;0
944;0
945;0
946;1
947;2
948;1
949;0
950;1
951;0
952;1
953;0
954;0
955;1
956;0
957;0
958;0
959;2
960;2
961;0
962;0
963;0
964;1
965;0
966;0
967;0
968;0
969;2
970;2
971;1
972;0
973;0
974;0
975;0
976;0
977;0
978;0
979;2
980;4
981;0
982;0
983;1
984;0
985;0
986;2
987;0
988;2
989;1
990;0
991;0
992;2
993;1
994;0
995;0
996;0
997;2
998;2
999;0
1000;0
1001;1
1002;0
1003;0
1004;0
1005;0
1006;2
1007;2
1008;0
1009;0
1010;0
1011;2
1012;0
1013;0
1014;0
1015;0
1016;0
1017;0
1018;0
1019;0
1020;0
1021;0
1022;0
1023;0
