0;0
1;0
2;0
3;0
4;0
5;0
6;0
7;0
8;0
9;0
10;0
11;2
12;0
13;0
14;0
15;1
16;0
17;1
18;0
19;1
20;0
21;0
22;0
23;0
24;0
25;0
26;0
27;0
28;0
29;0
30;0
31;2
32;0
33;1
34;0
35;2
36;0
37;0
38;0
39;1
40;0
41;0
42;0
43;0
44;0
45;0
46;1
47;0
48;0
49;0
50;0
51;2
52;2
53;0
54;0
55;0
56;0
57;0
58;0
59;0
60;0
61;0
62;1
63;0
64;0
65;0
66;0
67;1
68;0
69;0
70;0
71;0
72;2
73;1
74;0
75;2
76;0
77;1
78;0
79;0
80;0
81;0
82;0
83;0
84;0
85;0
86;0
87;0
88;0
89;0
90;2
91;0
92;0
93;0
94;0
95;0
96;0
97;1
98;1
99;0
100;2
101;0
102;0
103;1
104;0
105;0
106;0
107;0
108;0
109;0
110;0
111;1
112;2
113;2
114;0
115;2
116;0
117;0
118;1
119;0
120;2
121;2
122;0
123;0
124;0
125;0
126;0
127;0
128;0
129;0
130;1
131;0
132;1
133;0
134;0
135;0
136;1
137;0
138;0
139;0
140;0
141;0
142;1
143;0
144;1
145;0
146;0
147;2
148;2
149;0
150;2
151;0
152;1
153;0
154;0
155;0
156;1
157;0
158;0
159;0
160;0
161;0
162;0
163;0
164;0
165;2
166;1
167;0
168;0
169;0
170;0
171;0
172;0
173;0
174;0
175;2
176;0
177;0
178;2
179;0
180;1
181;0
182;1
183;0
184;0
185;0
186;2
187;1
188;0
189;1
190;0
191;0
192;0
193;0
194;1
195;0
196;0
197;0
198;0
199;0
200;0
201;1
202;0
203;1
204;0
205;0
206;0
207;0
208;1
209;0
210;0
211;0
212;1
213;0
214;0
215;1
216;1
217;0
218;2
219;0
220;0
221;0
222;0
223;0
224;1
225;0
226;0
227;1
228;0
229;1
230;0
231;0
232;0
233;0
234;0
235;0
236;0
237;1
238;0
239;0
240;0
241;0
242;0
243;0
244;0
245;0
246;0
247;0
248;2
249;0
250;2
251;0
252;0
253;0
254;0
255;0
256;0
257;0
258;2
259;1
260;0
261;2
262;2
263;1
264;0
265;0
266;1
267;0
268;0
269;0
270;0
271;1
272;1
273;2
274;0
275;0
276;0
277;2
278;2
279;2
280;2
281;0
282;2
283;0
284;0
285;2
286;0
287;0
288;2
289;0
290;0
291;0
292;0
293;0
294;1
295;1
296;2
297;1
298;0
299;0
300;0
301;0
302;2
303;0
304;0
305;0
306;0
307;0
308;0
309;2
310;2
311;0
312;0
313;0
314;1
315;1
316;0
317;0
318;0
319;0
320;0
321;0
322;1
323;0
324;0
325;1
326;0
327;0
328;2
329;0
330;0
331;2
332;0
333;0
334;0
335;0
336;1
337;0
338;0
339;0
340;0
341;0
342;0
343;0
344;0
345;1
346;0
347;0
348;0
349;0
350;0
351;0
352;0
353;1
354;1
355;1
356;0
357;1
358;2
359;0
360;2
361;0
362;0
363;2
364;0
365;0
366;0
367;0
368;0
369;0
370;0
371;0
372;0
373;0
374;2
375;0
376;0
377;2
378;0
379;0
380;0
381;0
382;0
383;0
384;0
385;0
386;0
387;0
388;2
389;0
390;2
391;1
392;1
393;0
394;0
395;0
396;0
397;1
398;2
399;0
400;1
401;0
402;0
403;0
404;0
405;0
406;0
407;1
408;0
409;0
410;0
411;2
412;0
413;0
414;2
415;1
416;2
417;0
418;0
419;1
420;0
421;0
422;0
423;0
424;0
425;0
426;0
427;0
428;0
429;0
430;0
431;0
432;0
433;1
434;0
435;1
436;2
437;0
438;0
439;0
440;0
441;0
442;0
443;1
444;1
445;0
446;0
447;2
448;2
449;0
450;0
451;0
452;2
453;0
454;0
455;1
456;2
457;0
458;2
459;0
460;0
461;0
462;0
463;0
464;0
465;2
466;0
467;1
468;0
469;0
470;0
471;0
472;0
473;0
474;2
475;0
476;1
477;0
478;0
479;0
480;0
481;0
482;0
483;0
484;0
485;0
486;0
487;0
488;0
489;2
490;2
491;0
492;0
493;1
494;0
495;0
496;2
497;0
498;0
499;0
500;1
501;2
502;2
503;0
504;0
505;0
506;2
507;0
508;0
509;1
510;0
511;0
512;0
513;0
514;0
515;0
516;0
517;0
518;0
519;0
520;1
521;0
522;0
523;0
524;1
525;0
526;0
527;2
528;0
529;0
530;0
531;0
532;0
533;1
534;0
535;0
536;0
537;0
538;0
539;0
540;0
541;0
542;2
543;0
544;0
545;0
546;0
547;0
548;0
549;1
550;0
551;0
552;0
553;0
554;0
555;0
556;0
557;0
558;0
559;0
560;1
561;0
562;0
563;0
564;0
565;2
566;0
567;0
568;0
569;0
570;0
571;0
572;0
573;2
574;0
575;2
576;0
577;1
578;1
579;0
580;2
581;0
582;0
583;1
584;0
585;2
586;0
587;0
588;0
589;0
590;0
591;2
592;0
593;0
594;2
595;0
596;0
597;0
598;0
599;2
600;2
601;0
602;0
603;0
604;0
605;0
606;0
607;0
608;2
609;2
610;1
611;0
612;1
613;0
614;0
615;0
616;0
617;2
618;0
619;0
620;0
621;0
622;0
623;1
624;0
625;0
626;0
627;0
628;2
629;2
630;0
631;0
632;1
633;0
634;0
635;0
636;2
637;0
638;0
639;0
640;0
641;0
642;0
643;0
644;0
645;0
646;0
647;2
648;2
649;0
650;0
651;0
652;0
653;0
654;0
655;2
656;1
657;0
658;0
659;0
660;2
661;2
662;0
663;0
664;0
665;0
666;1
667;0
668;2
669;2
670;1
671;0
672;0
673;0
674;0
675;0
676;0
677;0
678;0
679;0
680;1
681;2
682;0
683;0
684;0
685;0
686;0
687;0
688;0
689;0
690;0
691;0
692;0
693;0
694;0
695;2
696;0
697;0
698;0
699;2
700;0
701;0
702;0
703;2
704;2
705;0
706;0
707;1
708;2
709;0
710;0
711;0
712;0
713;0
714;1
715;1
716;0
717;0
718;2
719;0
720;0
721;0
722;0
723;1
724;1
725;1
726;1
727;0
728;0
729;0
730;1
731;2
732;1
733;0
734;0
735;1
736;2
737;2
738;1
739;1
740;1
741;0
742;0
743;2
744;1
745;0
746;0
747;0
748;0
749;0
750;0
751;0
752;0
753;0
754;0
755;2
756;0
757;0
758;0
759;0
760;0
761;2
762;2
763;0
764;0
765;0
766;0
767;2
768;0
769;0
770;0
771;2
772;0
773;0
774;0
775;0
776;2
777;0
778;0
779;1
780;0
781;0
782;2
783;0
784;0
785;2
786;0
787;0
788;0
789;0
790;2
791;0
792;2
793;0
794;0
795;2
796;0
797;2
798;0
799;2
800;0
801;2
802;0
803;2
804;1
805;0
806;0
807;1
808;0
809;0
810;0
811;2
812;2
813;0
814;2
815;0
816;0
817;2
818;0
819;0
820;0
821;0
822;0
823;1
824;0
825;0
826;2
827;0
828;1
829;0
830;0
831;0
832;2
833;0
834;0
835;0
836;1
837;0
838;1
839;0
840;1
841;0
842;0
843;0
844;0
845;0
846;0
847;0
848;0
849;0
850;0
851;0
852;2
853;2
854;0
855;0
856;1
857;0
858;1
859;1
860;0
861;0
862;1
863;0
864;0
865;1
866;2
867;0
868;0
869;0
870;0
871;0
872;0
873;0
874;0
875;1
876;0
877;0
878;2
879;0
880;0
881;0
882;1
883;0
884;0
885;0
886;1
887;0
888;1
889;1
890;1
891;0
892;2
893;1
894;1
895;0
896;0
897;0
898;1
899;1
900;0
901;0
902;1
903;0
904;0
905;0
906;0
907;0
908;0
909;0
910;0
911;1
912;0
913;0
914;0
915;0
916;2
917;2
918;1
919;0
920;1
921;0
922;0
923;1
924;0
925;1
926;0
927;0
928;0
929;0
930;0
931;1
932;0
933;2
934;0
935;0
936;1
937;0
938;0
939;2
940;0
941;1
942;0
943;0
944;1
945;1
946;2
947;0
948;0
949;1
950;0
951;0
952;2
953;2
954;0
955;0
956;0
957;0
958;0
959;0
960;1
961;0
962;0
963;0
964;2
965;2
966;1
967;0
968;0
969;0
970;1
971;2
972;2
973;0
974;2
975;0
976;1
977;0
978;1
979;0
980;0
981;0
982;0
983;2
984;0
985;1
986;0
987;0
988;0
989;0
990;0
991;0
992;0
993;0
994;0
995;2
996;1
997;0
998;0
999;2
1000;0
1001;0
1002;0
1003;0
1004;0
1005;1
1006;0
1007;0
1008;0
1009;0
1010;0
1011;0
1012;0
1013;0
1014;0
1015;0
1016;0
1017;0
1018;0
1019;0
1020;0
1021;0
1022;0
1023;0
