0;0
1;0
2;0
3;2
4;2
5;0
6;2
7;0
8;2
9;0
10;2
11;0
12;1
13;0
14;0
15;0
16;0
17;1
18;2
19;2
20;4
21;1
22;0
23;0
24;2
25;2
26;2
27;2
28;2
29;2
30;1
31;0
32;1
33;0
34;0
35;2
36;0
37;2
38;0
39;2
40;0
41;0
42;0
43;0
44;0
45;0
46;0
47;0
48;0
49;0
50;0
51;0
52;0
53;0
54;1
55;0
56;0
57;1
58;1
59;0
60;0
61;0
62;0
63;0
64;0
65;0
66;0
67;2
68;0
69;0
70;1
71;0
72;1
73;0
74;0
75;0
76;1
77;2
78;0
79;0
80;1
81;0
82;0
83;0
84;2
85;0
86;1
87;0
88;0
89;0
90;0
91;0
92;0
93;1
94;0
95;2
96;2
97;0
98;2
99;1
100;0
101;0
102;1
103;0
104;0
105;0
106;0
107;0
108;0
109;0
110;1
111;0
112;0
113;0
114;0
115;1
116;0
117;1
118;0
119;0
120;2
121;0
122;2
123;1
124;0
125;0
126;0
127;0
128;2
129;0
130;1
131;0
132;0
133;0
134;1
135;0
136;0
137;0
138;0
139;0
140;2
141;1
142;0
143;0
144;0
145;2
146;0
147;0
148;1
149;2
150;0
151;0
152;0
153;0
154;0
155;0
156;2
157;0
158;0
159;0
160;1
161;0
162;0
163;2
164;0
165;0
166;0
167;0
168;2
169;0
170;0
171;1
172;0
173;0
174;1
175;1
176;2
177;0
178;0
179;0
180;1
181;0
182;0
183;0
184;0
185;2
186;2
187;2
188;0
189;2
190;2
191;2
192;2
193;0
194;0
195;0
196;0
197;0
198;0
199;1
200;0
201;0
202;1
203;0
204;1
205;0
206;2
207;0
208;2
209;0
210;0
211;1
212;0
213;2
214;0
215;0
216;0
217;2
218;1
219;0
220;2
221;0
222;0
223;0
224;1
225;0
226;0
227;1
228;2
229;0
230;2
231;1
232;1
233;1
234;0
235;2
236;0
237;0
238;0
239;0
240;0
241;0
242;0
243;0
244;2
245;2
246;0
247;0
248;0
249;0
250;2
251;2
252;0
253;0
254;1
255;0
256;1
257;0
258;1
259;0
260;0
261;0
262;0
263;0
264;0
265;2
266;2
267;1
268;0
269;0
270;2
271;0
272;0
273;1
274;0
275;0
276;2
277;0
278;0
279;0
280;0
281;0
282;0
283;0
284;1
285;0
286;0
287;2
288;0
289;2
290;1
291;0
292;0
293;0
294;0
295;0
296;0
297;0
298;0
299;2
300;2
301;0
302;1
303;1
304;0
305;0
306;2
307;2
308;1
309;1
310;0
311;0
312;0
313;0
314;0
315;0
316;0
317;2
318;0
319;0
320;0
321;0
322;0
323;1
324;0
325;1
326;0
327;1
328;0
329;0
330;1
331;2
332;2
333;1
334;1
335;0
336;0
337;0
338;1
339;0
340;2
341;0
342;0
343;0
344;2
345;2
346;2
347;1
348;0
349;0
350;0
351;0
352;0
353;0
354;0
355;0
356;2
357;2
358;0
359;0
360;0
361;2
362;2
363;0
364;0
365;0
366;2
367;0
368;2
369;2
370;0
371;1
372;0
373;0
374;1
375;0
376;0
377;0
378;0
379;0
380;2
381;0
382;0
383;0
384;2
385;1
386;0
387;2
388;2
389;1
390;0
391;0
392;0
393;0
394;0
395;0
396;1
397;0
398;0
399;1
400;0
401;0
402;0
403;0
404;0
405;1
406;0
407;0
408;2
409;0
410;0
411;0
412;0
413;0
414;0
415;1
416;0
417;0
418;0
419;0
420;0
421;2
422;0
423;0
424;1
425;0
426;1
427;0
428;1
429;0
430;1
431;1
432;2
433;0
434;1
435;0
436;0
437;2
438;2
439;2
440;2
441;2
442;1
443;2
444;2
445;0
446;2
447;1
448;0
449;0
450;1
451;2
452;1
453;0
454;1
455;0
456;0
457;1
458;0
459;2
460;1
461;2
462;1
463;0
464;1
465;0
466;0
467;0
468;0
469;2
470;0
471;0
472;0
473;2
474;1
475;0
476;0
477;0
478;2
479;0
480;2
481;0
482;0
483;0
484;0
485;2
486;0
487;0
488;0
489;0
490;0
491;2
492;2
493;0
494;2
495;0
496;0
497;0
498;0
499;0
500;2
501;2
502;2
503;2
504;0
505;2
506;2
507;0
508;0
509;0
510;1
511;0
512;0
513;0
514;0
515;2
516;1
517;0
518;2
519;2
520;0
521;0
522;0
523;0
524;4
525;0
526;2
527;2
528;2
529;0
530;0
531;0
532;1
533;0
534;2
535;1
536;0
537;0
538;0
539;2
540;2
541;0
542;0
543;0
544;2
545;2
546;1
547;1
548;0
549;0
550;2
551;2
552;2
553;1
554;0
555;0
556;0
557;0
558;1
559;0
560;0
561;2
562;2
563;1
564;0
565;0
566;0
567;2
568;0
569;0
570;0
571;0
572;0
573;1
574;0
575;0
576;0
577;2
578;2
579;0
580;0
581;0
582;1
583;0
584;2
585;0
586;0
587;0
588;0
589;1
590;0
591;1
592;2
593;2
594;2
595;0
596;2
597;0
598;0
599;0
600;2
601;0
602;0
603;0
604;0
605;2
606;0
607;0
608;2
609;2
610;2
611;0
612;0
613;0
614;0
615;0
616;2
617;0
618;0
619;1
620;0
621;0
622;0
623;0
624;0
625;0
626;1
627;0
628;1
629;1
630;0
631;2
632;2
633;0
634;2
635;2
636;2
637;0
638;0
639;0
640;2
641;2
642;0
643;0
644;0
645;0
646;0
647;2
648;0
649;0
650;1
651;2
652;0
653;0
654;0
655;0
656;0
657;1
658;0
659;0
660;0
661;2
662;1
663;0
664;0
665;0
666;0
667;0
668;0
669;0
670;0
671;0
672;2
673;0
674;2
675;1
676;0
677;0
678;2
679;0
680;2
681;0
682;2
683;0
684;0
685;0
686;2
687;1
688;0
689;1
690;0
691;0
692;2
693;1
694;1
695;0
696;0
697;0
698;0
699;2
700;0
701;0
702;0
703;2
704;2
705;0
706;1
707;0
708;1
709;0
710;2
711;1
712;1
713;0
714;0
715;0
716;2
717;0
718;2
719;2
720;0
721;2
722;2
723;0
724;0
725;0
726;2
727;0
728;0
729;2
730;1
731;0
732;0
733;0
734;1
735;0
736;0
737;0
738;1
739;0
740;1
741;0
742;0
743;0
744;0
745;0
746;0
747;0
748;2
749;0
750;1
751;0
752;1
753;0
754;0
755;0
756;0
757;0
758;2
759;0
760;0
761;2
762;2
763;1
764;0
765;2
766;2
767;0
768;1
769;0
770;0
771;0
772;0
773;2
774;2
775;0
776;2
777;0
778;0
779;0
780;0
781;0
782;0
783;0
784;0
785;0
786;1
787;0
788;4
789;0
790;0
791;0
792;0
793;0
794;2
795;2
796;2
797;0
798;0
799;0
800;0
801;2
802;0
803;0
804;0
805;1
806;0
807;0
808;0
809;0
810;0
811;1
812;0
813;0
814;0
815;0
816;0
817;0
818;2
819;0
820;0
821;2
822;2
823;1
824;0
825;0
826;0
827;0
828;2
829;0
830;2
831;0
832;2
833;0
834;0
835;0
836;0
837;0
838;2
839;1
840;0
841;0
842;0
843;0
844;1
845;0
846;1
847;1
848;2
849;2
850;2
851;2
852;1
853;0
854;2
855;2
856;1
857;0
858;0
859;1
860;0
861;2
862;0
863;2
864;0
865;0
866;2
867;2
868;2
869;1
870;0
871;0
872;0
873;0
874;2
875;0
876;0
877;0
878;1
879;0
880;0
881;0
882;0
883;0
884;0
885;0
886;2
887;1
888;0
889;0
890;0
891;0
892;0
893;0
894;0
895;0
896;0
897;0
898;0
899;1
900;2
901;0
902;0
903;0
904;2
905;1
906;0
907;0
908;0
909;0
910;1
911;0
912;0
913;2
914;0
915;0
916;0
917;1
918;0
919;0
920;1
921;0
922;0
923;0
924;1
925;0
926;0
927;1
928;0
929;0
930;2
931;1
932;0
933;2
934;0
935;0
936;0
937;0
938;0
939;0
940;0
941;0
942;1
943;1
944;0
945;1
946;0
947;1
948;0
949;0
950;0
951;0
952;0
953;2
954;0
955;2
956;1
957;0
958;0
959;0
960;0
961;0
962;0
963;0
964;2
965;2
966;0
967;1
968;0
969;0
970;0
971;0
972;0
973;0
974;0
975;2
976;0
977;0
978;0
979;0
980;0
981;0
982;0
983;2
984;1
985;0
986;0
987;1
988;0
989;0
990;1
991;0
992;2
993;1
994;0
995;1
996;0
997;0
998;1
999;0
1000;1
1001;1
1002;0
1003;0
1004;0
1005;0
1006;2
1007;2
1008;1
1009;0
1010;0
1011;2
1012;1
1013;0
1014;0
1015;1
1016;0
1017;0
1018;0
1019;0
1020;0
1021;0
1022;0
1023;0
