0;2
1;2
2;0
3;2
4;2
5;0
6;0
7;1
8;0
9;0
10;0
11;0
12;2
13;0
14;0
15;0
16;0
17;2
18;1
19;0
20;0
21;0
22;0
23;0
24;0
25;0
26;1
27;1
28;0
29;0
30;0
31;0
32;2
33;2
34;0
35;0
36;0
37;0
38;0
39;0
40;0
41;0
42;0
43;1
44;0
45;0
46;2
47;0
48;0
49;0
50;2
51;0
52;2
53;0
54;2
55;2
56;0
57;0
58;1
59;0
60;2
61;1
62;0
63;0
64;0
65;0
66;0
67;0
68;0
69;0
70;2
71;2
72;0
73;2
74;0
75;0
76;0
77;0
78;0
79;0
80;0
81;2
82;2
83;0
84;0
85;1
86;2
87;0
88;1
89;0
90;0
91;0
92;1
93;0
94;1
95;2
96;0
97;0
98;0
99;0
100;2
101;0
102;2
103;2
104;2
105;1
106;0
107;0
108;0
109;1
110;0
111;0
112;2
113;1
114;2
115;2
116;4
117;0
118;0
119;0
120;2
121;2
122;0
123;0
124;1
125;0
126;0
127;0
128;2
129;0
130;0
131;0
132;0
133;0
134;0
135;0
136;0
137;2
138;0
139;2
140;1
141;0
142;0
143;1
144;0
145;0
146;0
147;0
148;0
149;0
150;2
151;1
152;0
153;0
154;0
155;0
156;0
157;2
158;2
159;2
160;2
161;2
162;2
163;0
164;2
165;1
166;0
167;1
168;0
169;0
170;0
171;0
172;0
173;0
174;1
175;0
176;0
177;0
178;0
179;2
180;2
181;0
182;1
183;2
184;2
185;0
186;2
187;0
188;0
189;1
190;0
191;0
192;2
193;2
194;0
195;0
196;0
197;1
198;0
199;0
200;0
201;2
202;0
203;0
204;1
205;1
206;0
207;0
208;0
209;0
210;0
211;0
212;2
213;2
214;0
215;0
216;0
217;0
218;2
219;2
220;2
221;0
222;0
223;0
224;0
225;0
226;2
227;2
228;0
229;0
230;0
231;0
232;2
233;0
234;4
235;1
236;2
237;0
238;2
239;0
240;0
241;2
242;2
243;2
244;1
245;0
246;0
247;0
248;2
249;0
250;0
251;0
252;0
253;0
254;1
255;0
256;2
257;2
258;0
259;0
260;0
261;0
262;0
263;1
264;1
265;0
266;0
267;0
268;2
269;0
270;0
271;0
272;2
273;2
274;0
275;0
276;2
277;0
278;0
279;0
280;0
281;0
282;0
283;1
284;0
285;0
286;0
287;0
288;0
289;2
290;2
291;2
292;2
293;0
294;0
295;0
296;0
297;1
298;0
299;0
300;0
301;0
302;0
303;2
304;0
305;0
306;0
307;0
308;0
309;0
310;0
311;0
312;0
313;2
314;0
315;0
316;0
317;1
318;0
319;0
320;2
321;0
322;2
323;0
324;1
325;0
326;0
327;0
328;1
329;0
330;2
331;0
332;0
333;2
334;2
335;2
336;2
337;0
338;1
339;0
340;0
341;0
342;0
343;0
344;2
345;0
346;0
347;0
348;0
349;2
350;0
351;0
352;0
353;0
354;0
355;0
356;0
357;0
358;2
359;0
360;0
361;2
362;0
363;0
364;0
365;0
366;0
367;0
368;0
369;2
370;0
371;0
372;0
373;0
374;0
375;0
376;2
377;0
378;0
379;0
380;0
381;1
382;0
383;0
384;0
385;2
386;1
387;0
388;2
389;2
390;2
391;1
392;0
393;0
394;1
395;0
396;0
397;0
398;0
399;0
400;2
401;0
402;0
403;0
404;1
405;0
406;2
407;0
408;0
409;0
410;0
411;0
412;0
413;0
414;0
415;0
416;2
417;0
418;0
419;0
420;0
421;0
422;0
423;0
424;0
425;1
426;0
427;0
428;0
429;0
430;2
431;1
432;0
433;1
434;0
435;1
436;0
437;2
438;2
439;0
440;0
441;0
442;2
443;0
444;2
445;0
446;1
447;0
448;0
449;0
450;1
451;0
452;2
453;0
454;0
455;0
456;0
457;0
458;0
459;2
460;2
461;0
462;0
463;0
464;0
465;0
466;0
467;1
468;0
469;2
470;2
471;0
472;1
473;0
474;0
475;0
476;0
477;0
478;1
479;0
480;1
481;0
482;0
483;0
484;2
485;0
486;2
487;1
488;0
489;0
490;2
491;0
492;0
493;0
494;0
495;0
496;1
497;0
498;0
499;0
500;0
501;0
502;0
503;0
504;0
505;0
506;1
507;0
508;2
509;0
510;0
511;0
512;1
513;0
514;0
515;2
516;0
517;1
518;0
519;1
520;0
521;0
522;0
523;0
524;0
525;1
526;0
527;0
528;0
529;1
530;0
531;0
532;2
533;0
534;0
535;0
536;0
537;2
538;0
539;0
540;0
541;2
542;0
543;0
544;0
545;0
546;2
547;2
548;1
549;0
550;0
551;0
552;2
553;0
554;2
555;2
556;2
557;0
558;2
559;0
560;0
561;2
562;1
563;0
564;2
565;0
566;0
567;0
568;0
569;0
570;1
571;0
572;0
573;0
574;0
575;0
576;0
577;0
578;0
579;0
580;0
581;1
582;0
583;0
584;0
585;0
586;0
587;0
588;0
589;0
590;0
591;0
592;0
593;0
594;2
595;2
596;0
597;2
598;0
599;0
600;0
601;0
602;0
603;2
604;0
605;1
606;0
607;0
608;0
609;0
610;0
611;0
612;0
613;0
614;0
615;0
616;0
617;0
618;0
619;0
620;1
621;0
622;0
623;0
624;0
625;0
626;0
627;1
628;0
629;1
630;0
631;0
632;2
633;0
634;0
635;0
636;0
637;2
638;0
639;0
640;0
641;0
642;0
643;1
644;0
645;0
646;0
647;2
648;2
649;2
650;0
651;0
652;2
653;0
654;0
655;0
656;2
657;0
658;0
659;0
660;0
661;2
662;0
663;0
664;0
665;0
666;0
667;2
668;4
669;0
670;2
671;2
672;0
673;0
674;2
675;0
676;1
677;0
678;1
679;0
680;0
681;0
682;1
683;0
684;2
685;0
686;0
687;1
688;0
689;2
690;0
691;0
692;0
693;1
694;2
695;0
696;0
697;0
698;0
699;1
700;0
701;0
702;0
703;0
704;0
705;0
706;0
707;0
708;0
709;0
710;0
711;2
712;0
713;2
714;0
715;0
716;1
717;0
718;0
719;1
720;2
721;1
722;0
723;0
724;0
725;1
726;0
727;0
728;0
729;0
730;1
731;2
732;2
733;0
734;0
735;0
736;0
737;1
738;0
739;0
740;0
741;2
742;0
743;0
744;0
745;0
746;0
747;0
748;0
749;0
750;2
751;2
752;2
753;0
754;1
755;0
756;0
757;0
758;0
759;0
760;0
761;2
762;0
763;1
764;0
765;0
766;0
767;0
768;2
769;2
770;0
771;0
772;0
773;0
774;0
775;0
776;0
777;0
778;2
779;2
780;0
781;0
782;0
783;2
784;4
785;0
786;2
787;2
788;2
789;0
790;0
791;0
792;2
793;1
794;0
795;0
796;1
797;2
798;2
799;2
800;0
801;0
802;2
803;0
804;1
805;1
806;0
807;1
808;0
809;1
810;0
811;0
812;2
813;0
814;2
815;2
816;0
817;0
818;1
819;0
820;0
821;0
822;0
823;0
824;0
825;0
826;0
827;0
828;1
829;0
830;0
831;0
832;0
833;0
834;2
835;2
836;0
837;0
838;1
839;0
840;2
841;1
842;0
843;0
844;1
845;0
846;0
847;0
848;1
849;0
850;0
851;0
852;0
853;0
854;2
855;2
856;2
857;0
858;0
859;0
860;0
861;0
862;0
863;0
864;0
865;0
866;0
867;2
868;1
869;0
870;0
871;0
872;0
873;1
874;0
875;2
876;1
877;0
878;0
879;2
880;0
881;0
882;0
883;0
884;0
885;0
886;0
887;0
888;0
889;0
890;2
891;1
892;0
893;0
894;1
895;0
896;0
897;0
898;0
899;0
900;0
901;0
902;0
903;2
904;1
905;0
906;0
907;0
908;0
909;0
910;2
911;0
912;2
913;1
914;0
915;0
916;0
917;2
918;0
919;0
920;0
921;0
922;2
923;2
924;0
925;2
926;2
927;1
928;0
929;0
930;0
931;2
932;0
933;0
934;0
935;2
936;0
937;0
938;0
939;0
940;2
941;0
942;2
943;0
944;1
945;0
946;1
947;0
948;1
949;0
950;1
951;0
952;0
953;0
954;1
955;0
956;0
957;0
958;0
959;2
960;2
961;0
962;2
963;0
964;1
965;0
966;0
967;0
968;0
969;2
970;0
971;2
972;2
973;1
974;0
975;0
976;2
977;2
978;2
979;2
980;0
981;1
982;0
983;0
984;2
985;0
986;2
987;2
988;0
989;1
990;0
991;0
992;2
993;0
994;2
995;2
996;0
997;0
998;0
999;0
1000;0
1001;0
1002;0
1003;2
1004;1
1005;0
1006;0
1007;0
1008;2
1009;0
1010;2
1011;2
1012;1
1013;0
1014;0
1015;1
1016;0
1017;0
1018;0
1019;0
1020;0
1021;0
1022;0
1023;0
