0;1
1;0
2;0
3;2
4;2
5;0
6;2
7;2
8;2
9;0
10;2
11;0
12;0
13;0
14;0
15;0
16;0
17;0
18;2
19;0
20;4
21;1
22;0
23;0
24;1
25;1
26;2
27;2
28;2
29;0
30;2
31;0
32;2
33;0
34;0
35;0
36;2
37;2
38;0
39;2
40;0
41;0
42;0
43;0
44;1
45;0
46;0
47;0
48;0
49;0
50;0
51;2
52;1
53;0
54;2
55;2
56;1
57;0
58;0
59;2
60;4
61;0
62;2
63;2
64;2
65;0
66;2
67;0
68;2
69;0
70;1
71;0
72;2
73;0
74;0
75;0
76;0
77;0
78;0
79;2
80;0
81;0
82;1
83;0
84;1
85;0
86;0
87;0
88;1
89;2
90;0
91;0
92;1
93;0
94;0
95;0
96;2
97;0
98;2
99;0
100;1
101;0
102;0
103;0
104;1
105;0
106;0
107;0
108;2
109;0
110;2
111;0
112;1
113;0
114;1
115;0
116;1
117;0
118;1
119;0
120;0
121;0
122;2
123;0
124;2
125;0
126;0
127;0
128;1
129;1
130;2
131;0
132;2
133;0
134;2
135;0
136;2
137;0
138;0
139;0
140;4
141;0
142;0
143;2
144;0
145;0
146;2
147;0
148;2
149;2
150;0
151;0
152;2
153;0
154;0
155;0
156;0
157;2
158;0
159;2
160;0
161;2
162;0
163;0
164;0
165;2
166;0
167;0
168;2
169;0
170;0
171;0
172;2
173;2
174;2
175;0
176;1
177;0
178;0
179;0
180;0
181;0
182;2
183;0
184;1
185;1
186;1
187;1
188;0
189;0
190;0
191;0
192;1
193;0
194;0
195;0
196;0
197;2
198;1
199;0
200;0
201;0
202;2
203;1
204;0
205;0
206;0
207;2
208;0
209;0
210;0
211;0
212;0
213;0
214;0
215;1
216;0
217;0
218;2
219;0
220;1
221;0
222;0
223;0
224;0
225;2
226;0
227;0
228;2
229;2
230;0
231;2
232;2
233;0
234;0
235;0
236;1
237;0
238;0
239;0
240;2
241;0
242;2
243;2
244;2
245;1
246;0
247;0
248;2
249;0
250;0
251;0
252;0
253;0
254;0
255;0
256;2
257;0
258;0
259;1
260;0
261;0
262;2
263;2
264;0
265;0
266;1
267;0
268;2
269;0
270;2
271;0
272;2
273;0
274;0
275;0
276;0
277;0
278;2
279;0
280;0
281;2
282;2
283;0
284;1
285;0
286;0
287;0
288;2
289;2
290;0
291;0
292;0
293;0
294;0
295;0
296;1
297;0
298;0
299;2
300;0
301;0
302;1
303;0
304;0
305;0
306;1
307;1
308;2
309;0
310;2
311;0
312;0
313;2
314;2
315;2
316;0
317;1
318;0
319;0
320;0
321;0
322;2
323;2
324;2
325;1
326;1
327;0
328;0
329;2
330;1
331;0
332;4
333;2
334;0
335;1
336;2
337;2
338;2
339;2
340;1
341;0
342;2
343;2
344;1
345;0
346;0
347;0
348;4
349;0
350;2
351;2
352;2
353;0
354;2
355;0
356;1
357;2
358;0
359;0
360;1
361;0
362;1
363;2
364;2
365;0
366;1
367;0
368;2
369;0
370;2
371;0
372;1
373;0
374;0
375;0
376;0
377;0
378;0
379;2
380;0
381;0
382;0
383;0
384;0
385;0
386;0
387;0
388;1
389;0
390;0
391;0
392;2
393;0
394;0
395;1
396;0
397;0
398;0
399;0
400;0
401;0
402;0
403;0
404;1
405;0
406;0
407;0
408;0
409;2
410;2
411;1
412;0
413;0
414;0
415;0
416;0
417;0
418;0
419;2
420;4
421;0
422;1
423;0
424;0
425;0
426;2
427;0
428;2
429;0
430;0
431;0
432;0
433;0
434;2
435;2
436;1
437;0
438;0
439;2
440;2
441;0
442;2
443;2
444;2
445;0
446;2
447;0
448;2
449;0
450;0
451;0
452;0
453;0
454;0
455;0
456;0
457;0
458;0
459;0
460;4
461;1
462;2
463;2
464;2
465;0
466;2
467;0
468;1
469;0
470;0
471;2
472;1
473;1
474;4
475;0
476;2
477;1
478;0
479;2
480;2
481;2
482;1
483;2
484;1
485;0
486;0
487;0
488;4
489;2
490;0
491;0
492;0
493;0
494;2
495;0
496;2
497;2
498;2
499;0
500;2
501;0
502;0
503;0
504;0
505;0
506;0
507;2
508;2
509;0
510;0
511;0
512;2
513;0
514;0
515;0
516;1
517;0
518;0
519;0
520;2
521;2
522;2
523;2
524;0
525;2
526;2
527;0
528;2
529;2
530;1
531;1
532;2
533;0
534;0
535;0
536;2
537;2
538;2
539;0
540;2
541;2
542;1
543;0
544;1
545;2
546;1
547;1
548;2
549;2
550;2
551;2
552;4
553;2
554;2
555;2
556;2
557;0
558;2
559;0
560;2
561;1
562;2
563;0
564;0
565;0
566;0
567;2
568;0
569;0
570;0
571;0
572;0
573;1
574;0
575;0
576;2
577;2
578;1
579;0
580;0
581;0
582;1
583;0
584;1
585;0
586;0
587;1
588;1
589;2
590;0
591;2
592;2
593;2
594;2
595;2
596;2
597;0
598;0
599;0
600;0
601;0
602;0
603;0
604;0
605;1
606;0
607;0
608;2
609;2
610;2
611;0
612;2
613;0
614;0
615;0
616;1
617;1
618;0
619;0
620;0
621;0
622;0
623;0
624;0
625;0
626;0
627;0
628;2
629;2
630;2
631;2
632;2
633;0
634;1
635;0
636;2
637;0
638;1
639;1
640;0
641;0
642;0
643;0
644;0
645;1
646;0
647;0
648;0
649;0
650;2
651;0
652;2
653;0
654;0
655;0
656;4
657;0
658;0
659;0
660;0
661;0
662;2
663;0
664;2
665;0
666;2
667;0
668;0
669;0
670;2
671;0
672;0
673;0
674;2
675;0
676;0
677;1
678;0
679;0
680;4
681;1
682;2
683;0
684;0
685;2
686;2
687;2
688;1
689;0
690;2
691;2
692;1
693;0
694;0
695;2
696;4
697;0
698;2
699;2
700;2
701;0
702;2
703;0
704;2
705;1
706;0
707;1
708;0
709;0
710;0
711;0
712;1
713;0
714;0
715;1
716;2
717;0
718;2
719;0
720;2
721;0
722;2
723;2
724;1
725;2
726;2
727;2
728;4
729;0
730;2
731;0
732;4
733;0
734;2
735;0
736;2
737;0
738;2
739;0
740;1
741;0
742;1
743;0
744;2
745;0
746;0
747;0
748;2
749;0
750;2
751;0
752;2
753;0
754;2
755;2
756;0
757;2
758;0
759;0
760;0
761;0
762;0
763;0
764;0
765;0
766;0
767;2
768;2
769;2
770;2
771;0
772;1
773;0
774;0
775;0
776;0
777;2
778;1
779;0
780;0
781;0
782;0
783;0
784;0
785;2
786;0
787;0
788;0
789;0
790;0
791;0
792;1
793;2
794;0
795;0
796;0
797;2
798;2
799;2
800;2
801;0
802;0
803;2
804;1
805;1
806;0
807;0
808;0
809;0
810;0
811;0
812;0
813;0
814;0
815;0
816;0
817;2
818;0
819;0
820;1
821;0
822;0
823;1
824;0
825;0
826;2
827;0
828;1
829;0
830;0
831;0
832;2
833;2
834;2
835;2
836;4
837;0
838;0
839;0
840;0
841;2
842;2
843;2
844;2
845;0
846;1
847;0
848;0
849;0
850;2
851;4
852;2
853;0
854;2
855;2
856;1
857;0
858;2
859;2
860;1
861;0
862;0
863;0
864;0
865;2
866;0
867;4
868;0
869;0
870;2
871;2
872;1
873;0
874;2
875;2
876;1
877;0
878;0
879;2
880;4
881;0
882;2
883;2
884;2
885;0
886;2
887;0
888;1
889;0
890;0
891;0
892;0
893;2
894;0
895;0
896;0
897;0
898;0
899;0
900;2
901;2
902;1
903;0
904;1
905;0
906;2
907;1
908;0
909;0
910;1
911;0
912;4
913;0
914;0
915;2
916;2
917;2
918;2
919;2
920;2
921;2
922;2
923;0
924;4
925;2
926;2
927;2
928;2
929;0
930;2
931;0
932;1
933;0
934;0
935;0
936;0
937;2
938;2
939;0
940;0
941;0
942;0
943;1
944;1
945;0
946;0
947;2
948;1
949;0
950;2
951;1
952;0
953;2
954;2
955;0
956;1
957;1
958;0
959;0
960;0
961;0
962;2
963;0
964;1
965;1
966;0
967;1
968;1
969;0
970;0
971;0
972;0
973;2
974;2
975;2
976;2
977;0
978;0
979;0
980;0
981;0
982;0
983;0
984;2
985;2
986;0
987;0
988;0
989;0
990;0
991;1
992;0
993;0
994;0
995;0
996;0
997;0
998;0
999;0
1000;0
1001;0
1002;0
1003;2
1004;1
1005;0
1006;0
1007;0
1008;0
1009;0
1010;0
1011;0
1012;1
1013;0
1014;1
1015;0
1016;0
1017;0
1018;0
1019;0
1020;0
1021;0
1022;0
1023;0
