0;0
1;0
2;0
3;2
4;2
5;0
6;2
7;1
8;0
9;0
10;2
11;0
12;2
13;2
14;0
15;0
16;0
17;0
18;0
19;0
20;0
21;0
22;0
23;1
24;0
25;0
26;0
27;0
28;0
29;1
30;0
31;0
32;2
33;2
34;0
35;0
36;0
37;0
38;2
39;0
40;0
41;0
42;0
43;0
44;0
45;0
46;2
47;0
48;0
49;0
50;1
51;0
52;0
53;0
54;2
55;0
56;0
57;2
58;1
59;2
60;2
61;0
62;0
63;0
64;0
65;0
66;0
67;0
68;0
69;0
70;0
71;0
72;0
73;0
74;0
75;0
76;0
77;0
78;0
79;0
80;0
81;0
82;2
83;0
84;0
85;1
86;1
87;0
88;1
89;0
90;0
91;0
92;2
93;1
94;0
95;0
96;0
97;1
98;4
99;2
100;2
101;0
102;1
103;0
104;2
105;0
106;1
107;0
108;2
109;2
110;2
111;0
112;1
113;0
114;0
115;0
116;1
117;0
118;0
119;0
120;0
121;0
122;0
123;0
124;2
125;2
126;2
127;2
128;0
129;2
130;0
131;2
132;0
133;0
134;0
135;0
136;0
137;0
138;2
139;0
140;0
141;0
142;0
143;0
144;0
145;0
146;2
147;2
148;2
149;2
150;0
151;0
152;2
153;0
154;0
155;2
156;0
157;0
158;0
159;0
160;0
161;0
162;0
163;0
164;2
165;2
166;1
167;0
168;1
169;0
170;2
171;2
172;0
173;1
174;0
175;0
176;2
177;0
178;0
179;2
180;2
181;0
182;0
183;0
184;0
185;0
186;2
187;2
188;2
189;1
190;0
191;0
192;1
193;0
194;2
195;2
196;2
197;2
198;2
199;2
200;1
201;0
202;0
203;0
204;2
205;0
206;0
207;0
208;0
209;0
210;0
211;1
212;0
213;0
214;0
215;0
216;0
217;2
218;0
219;2
220;1
221;0
222;0
223;0
224;2
225;0
226;0
227;0
228;0
229;2
230;0
231;0
232;2
233;0
234;0
235;0
236;0
237;2
238;0
239;0
240;0
241;0
242;0
243;0
244;0
245;2
246;2
247;2
248;2
249;0
250;1
251;0
252;0
253;1
254;0
255;0
256;0
257;0
258;2
259;0
260;0
261;0
262;0
263;0
264;0
265;1
266;2
267;0
268;0
269;0
270;0
271;0
272;1
273;1
274;0
275;0
276;0
277;2
278;0
279;0
280;1
281;1
282;0
283;0
284;0
285;0
286;0
287;0
288;0
289;2
290;2
291;0
292;2
293;0
294;2
295;0
296;0
297;0
298;0
299;0
300;1
301;0
302;0
303;0
304;0
305;0
306;0
307;0
308;0
309;0
310;0
311;0
312;0
313;0
314;1
315;2
316;0
317;2
318;2
319;0
320;0
321;0
322;0
323;0
324;0
325;0
326;0
327;0
328;0
329;0
330;0
331;0
332;2
333;0
334;0
335;1
336;0
337;1
338;0
339;0
340;1
341;2
342;2
343;1
344;0
345;2
346;2
347;2
348;2
349;0
350;2
351;0
352;0
353;0
354;0
355;1
356;0
357;0
358;0
359;0
360;2
361;0
362;0
363;0
364;0
365;0
366;0
367;0
368;0
369;0
370;2
371;2
372;1
373;0
374;0
375;0
376;0
377;0
378;0
379;0
380;0
381;1
382;1
383;0
384;0
385;0
386;1
387;2
388;2
389;1
390;2
391;0
392;0
393;0
394;0
395;2
396;2
397;0
398;0
399;0
400;0
401;0
402;0
403;0
404;0
405;0
406;2
407;1
408;0
409;0
410;2
411;1
412;1
413;0
414;2
415;2
416;1
417;2
418;2
419;2
420;2
421;0
422;2
423;0
424;2
425;1
426;0
427;0
428;2
429;0
430;0
431;0
432;2
433;2
434;0
435;0
436;0
437;2
438;0
439;0
440;0
441;0
442;2
443;0
444;1
445;0
446;0
447;2
448;2
449;0
450;0
451;2
452;2
453;0
454;2
455;1
456;0
457;0
458;0
459;0
460;0
461;0
462;2
463;2
464;2
465;0
466;0
467;0
468;0
469;0
470;0
471;0
472;2
473;0
474;2
475;2
476;2
477;2
478;2
479;2
480;2
481;0
482;0
483;2
484;0
485;0
486;0
487;2
488;0
489;1
490;0
491;2
492;0
493;0
494;1
495;0
496;2
497;0
498;0
499;1
500;0
501;2
502;0
503;0
504;0
505;1
506;0
507;0
508;0
509;0
510;0
511;0
512;0
513;0
514;0
515;0
516;0
517;2
518;2
519;1
520;2
521;0
522;0
523;0
524;0
525;0
526;0
527;0
528;0
529;0
530;0
531;0
532;0
533;2
534;2
535;2
536;1
537;0
538;0
539;0
540;0
541;2
542;0
543;0
544;2
545;0
546;2
547;2
548;0
549;2
550;1
551;2
552;0
553;0
554;0
555;0
556;0
557;1
558;0
559;0
560;2
561;0
562;1
563;0
564;0
565;0
566;0
567;2
568;0
569;0
570;0
571;2
572;1
573;0
574;0
575;2
576;2
577;0
578;2
579;1
580;2
581;0
582;0
583;0
584;0
585;0
586;0
587;0
588;0
589;0
590;0
591;2
592;0
593;0
594;1
595;0
596;1
597;2
598;0
599;0
600;2
601;2
602;0
603;0
604;1
605;0
606;2
607;1
608;0
609;1
610;1
611;0
612;0
613;0
614;2
615;2
616;1
617;0
618;0
619;0
620;4
621;0
622;2
623;2
624;2
625;0
626;2
627;0
628;2
629;0
630;0
631;0
632;0
633;0
634;0
635;0
636;0
637;0
638;0
639;0
640;0
641;0
642;0
643;0
644;0
645;0
646;1
647;0
648;2
649;0
650;0
651;1
652;0
653;2
654;0
655;0
656;0
657;2
658;2
659;0
660;0
661;0
662;0
663;0
664;0
665;0
666;0
667;0
668;0
669;0
670;2
671;0
672;0
673;2
674;1
675;2
676;0
677;2
678;0
679;0
680;0
681;0
682;0
683;0
684;2
685;1
686;0
687;2
688;2
689;0
690;0
691;0
692;0
693;0
694;1
695;1
696;0
697;0
698;0
699;0
700;0
701;2
702;0
703;0
704;0
705;2
706;0
707;0
708;0
709;0
710;0
711;1
712;0
713;2
714;2
715;1
716;0
717;0
718;1
719;0
720;0
721;0
722;0
723;0
724;1
725;2
726;0
727;0
728;0
729;2
730;2
731;2
732;2
733;0
734;0
735;0
736;0
737;0
738;0
739;0
740;0
741;2
742;1
743;0
744;1
745;0
746;0
747;0
748;0
749;2
750;0
751;2
752;0
753;0
754;0
755;2
756;1
757;0
758;0
759;0
760;0
761;0
762;1
763;0
764;2
765;0
766;0
767;0
768;0
769;0
770;1
771;0
772;1
773;0
774;0
775;2
776;2
777;0
778;2
779;1
780;0
781;0
782;2
783;0
784;2
785;0
786;0
787;0
788;2
789;0
790;0
791;0
792;0
793;0
794;0
795;0
796;1
797;0
798;0
799;0
800;1
801;0
802;0
803;0
804;0
805;0
806;2
807;0
808;2
809;0
810;1
811;1
812;0
813;1
814;0
815;0
816;1
817;0
818;0
819;2
820;2
821;0
822;0
823;0
824;0
825;0
826;1
827;0
828;2
829;2
830;0
831;0
832;0
833;2
834;1
835;0
836;0
837;0
838;2
839;2
840;1
841;0
842;0
843;0
844;0
845;1
846;0
847;2
848;1
849;0
850;0
851;0
852;0
853;0
854;0
855;0
856;2
857;0
858;2
859;0
860;0
861;0
862;2
863;1
864;1
865;0
866;1
867;0
868;0
869;0
870;1
871;0
872;0
873;0
874;0
875;2
876;1
877;0
878;0
879;2
880;0
881;0
882;2
883;0
884;1
885;1
886;0
887;0
888;0
889;0
890;0
891;0
892;0
893;0
894;2
895;2
896;0
897;0
898;2
899;0
900;2
901;0
902;0
903;2
904;0
905;0
906;0
907;1
908;0
909;0
910;0
911;2
912;1
913;0
914;2
915;2
916;2
917;0
918;2
919;0
920;2
921;1
922;0
923;2
924;0
925;0
926;2
927;1
928;0
929;0
930;0
931;0
932;0
933;0
934;0
935;2
936;0
937;0
938;0
939;2
940;1
941;0
942;0
943;2
944;4
945;0
946;2
947;2
948;2
949;0
950;0
951;0
952;1
953;0
954;0
955;0
956;0
957;0
958;2
959;2
960;2
961;0
962;2
963;0
964;2
965;1
966;0
967;0
968;0
969;2
970;2
971;1
972;0
973;1
974;0
975;2
976;2
977;2
978;0
979;2
980;0
981;0
982;0
983;0
984;0
985;0
986;2
987;0
988;0
989;1
990;0
991;0
992;0
993;0
994;1
995;1
996;1
997;0
998;2
999;2
1000;0
1001;0
1002;0
1003;1
1004;0
1005;0
1006;2
1007;0
1008;2
1009;0
1010;2
1011;2
1012;1
1013;0
1014;0
1015;0
1016;0
1017;0
1018;0
1019;0
1020;0
1021;0
1022;0
1023;0
