0;1
1;0
2;0
3;2
4;0
5;0
6;2
7;1
8;0
9;0
10;0
11;2
12;2
13;0
14;1
15;2
16;0
17;1
18;2
19;0
20;0
21;1
22;0
23;0
24;2
25;2
26;2
27;2
28;0
29;0
30;2
31;0
32;0
33;1
34;0
35;0
36;2
37;2
38;0
39;0
40;0
41;0
42;0
43;0
44;1
45;2
46;0
47;0
48;0
49;0
50;0
51;2
52;0
53;0
54;2
55;2
56;2
57;0
58;1
59;0
60;2
61;0
62;0
63;0
64;0
65;0
66;0
67;2
68;0
69;0
70;2
71;0
72;1
73;0
74;0
75;0
76;0
77;0
78;0
79;0
80;1
81;0
82;0
83;0
84;2
85;0
86;1
87;0
88;1
89;0
90;1
91;0
92;0
93;0
94;0
95;0
96;2
97;0
98;0
99;0
100;0
101;0
102;0
103;0
104;1
105;0
106;2
107;0
108;0
109;0
110;1
111;2
112;2
113;0
114;0
115;0
116;0
117;2
118;0
119;0
120;2
121;0
122;2
123;1
124;0
125;0
126;0
127;0
128;0
129;0
130;0
131;0
132;0
133;0
134;0
135;1
136;0
137;2
138;0
139;0
140;2
141;2
142;0
143;0
144;0
145;2
146;0
147;1
148;1
149;2
150;0
151;0
152;0
153;2
154;1
155;0
156;1
157;0
158;0
159;0
160;0
161;0
162;2
163;0
164;1
165;0
166;0
167;0
168;0
169;0
170;2
171;1
172;0
173;1
174;1
175;1
176;0
177;0
178;0
179;0
180;1
181;1
182;0
183;0
184;0
185;2
186;2
187;2
188;0
189;0
190;2
191;2
192;2
193;0
194;0
195;2
196;0
197;0
198;0
199;0
200;0
201;0
202;0
203;2
204;1
205;0
206;0
207;0
208;1
209;0
210;0
211;1
212;0
213;2
214;0
215;0
216;2
217;2
218;2
219;1
220;0
221;0
222;0
223;0
224;1
225;0
226;0
227;0
228;2
229;0
230;1
231;2
232;2
233;2
234;0
235;0
236;2
237;0
238;0
239;0
240;0
241;0
242;0
243;0
244;2
245;0
246;0
247;2
248;0
249;0
250;2
251;2
252;0
253;0
254;1
255;0
256;2
257;0
258;2
259;1
260;0
261;0
262;0
263;0
264;0
265;0
266;2
267;1
268;0
269;0
270;2
271;2
272;1
273;0
274;0
275;0
276;2
277;2
278;0
279;0
280;0
281;0
282;0
283;0
284;0
285;0
286;0
287;4
288;0
289;0
290;1
291;0
292;0
293;0
294;2
295;2
296;1
297;0
298;0
299;0
300;0
301;2
302;2
303;1
304;0
305;0
306;2
307;0
308;0
309;1
310;0
311;0
312;1
313;0
314;0
315;2
316;0
317;0
318;0
319;0
320;0
321;2
322;0
323;0
324;1
325;0
326;0
327;0
328;2
329;0
330;2
331;2
332;2
333;0
334;1
335;0
336;0
337;1
338;0
339;1
340;1
341;0
342;0
343;0
344;2
345;0
346;0
347;2
348;2
349;0
350;0
351;0
352;0
353;0
354;0
355;1
356;2
357;2
358;0
359;0
360;0
361;2
362;2
363;2
364;0
365;0
366;2
367;0
368;2
369;2
370;0
371;1
372;0
373;1
374;0
375;0
376;0
377;0
378;0
379;0
380;1
381;0
382;1
383;1
384;0
385;1
386;0
387;1
388;2
389;1
390;0
391;2
392;2
393;0
394;0
395;0
396;0
397;0
398;0
399;2
400;2
401;0
402;1
403;0
404;0
405;0
406;0
407;2
408;2
409;0
410;0
411;0
412;0
413;0
414;2
415;2
416;0
417;1
418;0
419;0
420;0
421;0
422;0
423;0
424;0
425;1
426;0
427;2
428;0
429;2
430;2
431;2
432;2
433;0
434;2
435;1
436;0
437;0
438;2
439;2
440;1
441;0
442;1
443;2
444;0
445;0
446;2
447;2
448;1
449;0
450;1
451;4
452;1
453;0
454;2
455;2
456;2
457;2
458;2
459;2
460;2
461;0
462;1
463;2
464;1
465;0
466;0
467;0
468;2
469;2
470;0
471;0
472;0
473;0
474;2
475;0
476;0
477;2
478;2
479;0
480;1
481;0
482;0
483;0
484;2
485;0
486;0
487;2
488;0
489;0
490;0
491;0
492;0
493;0
494;0
495;0
496;0
497;0
498;0
499;0
500;0
501;2
502;2
503;2
504;1
505;2
506;0
507;0
508;2
509;2
510;1
511;2
512;2
513;0
514;0
515;0
516;1
517;0
518;1
519;0
520;1
521;0
522;0
523;2
524;2
525;2
526;2
527;2
528;2
529;0
530;0
531;0
532;1
533;0
534;1
535;0
536;0
537;4
538;2
539;2
540;2
541;2
542;0
543;0
544;0
545;2
546;1
547;1
548;0
549;0
550;1
551;0
552;2
553;1
554;0
555;1
556;0
557;0
558;1
559;0
560;2
561;1
562;0
563;0
564;0
565;0
566;0
567;2
568;0
569;0
570;0
571;0
572;0
573;1
574;0
575;0
576;1
577;0
578;0
579;0
580;0
581;0
582;1
583;0
584;1
585;0
586;0
587;1
588;0
589;0
590;2
591;2
592;2
593;2
594;2
595;1
596;2
597;0
598;0
599;0
600;0
601;0
602;0
603;0
604;1
605;2
606;0
607;0
608;2
609;2
610;2
611;2
612;2
613;0
614;0
615;0
616;1
617;1
618;0
619;0
620;0
621;0
622;0
623;0
624;1
625;0
626;2
627;2
628;1
629;0
630;0
631;1
632;0
633;0
634;2
635;1
636;2
637;0
638;2
639;2
640;1
641;2
642;0
643;0
644;0
645;2
646;0
647;2
648;0
649;0
650;1
651;2
652;0
653;0
654;0
655;0
656;1
657;1
658;0
659;0
660;0
661;0
662;0
663;1
664;0
665;0
666;0
667;0
668;0
669;0
670;0
671;0
672;0
673;0
674;2
675;1
676;0
677;0
678;0
679;0
680;0
681;0
682;1
683;0
684;0
685;0
686;1
687;0
688;0
689;1
690;0
691;2
692;2
693;1
694;2
695;0
696;0
697;2
698;2
699;2
700;2
701;0
702;0
703;2
704;0
705;0
706;0
707;0
708;0
709;0
710;0
711;1
712;0
713;0
714;2
715;0
716;2
717;0
718;0
719;2
720;2
721;2
722;2
723;0
724;2
725;0
726;2
727;1
728;0
729;0
730;2
731;2
732;0
733;0
734;2
735;2
736;1
737;0
738;1
739;0
740;2
741;2
742;0
743;0
744;2
745;2
746;2
747;0
748;1
749;0
750;0
751;0
752;0
753;2
754;0
755;0
756;0
757;1
758;0
759;0
760;0
761;0
762;2
763;1
764;0
765;1
766;0
767;0
768;1
769;0
770;0
771;0
772;0
773;2
774;1
775;0
776;2
777;0
778;0
779;0
780;0
781;2
782;0
783;0
784;0
785;0
786;0
787;0
788;0
789;0
790;0
791;0
792;0
793;2
794;1
795;0
796;2
797;2
798;0
799;2
800;1
801;1
802;1
803;0
804;0
805;0
806;0
807;0
808;0
809;0
810;1
811;0
812;0
813;2
814;0
815;0
816;0
817;0
818;1
819;1
820;0
821;0
822;0
823;1
824;0
825;0
826;0
827;0
828;1
829;0
830;2
831;2
832;2
833;0
834;0
835;0
836;0
837;1
838;0
839;2
840;1
841;1
842;0
843;0
844;0
845;0
846;1
847;0
848;2
849;0
850;2
851;0
852;1
853;0
854;0
855;2
856;2
857;0
858;0
859;0
860;0
861;2
862;0
863;2
864;0
865;0
866;1
867;2
868;2
869;0
870;0
871;2
872;2
873;0
874;0
875;0
876;0
877;0
878;0
879;0
880;0
881;0
882;1
883;2
884;1
885;0
886;0
887;1
888;0
889;0
890;1
891;0
892;1
893;0
894;0
895;0
896;2
897;2
898;2
899;2
900;2
901;0
902;2
903;0
904;2
905;1
906;2
907;2
908;2
909;0
910;2
911;1
912;0
913;0
914;0
915;0
916;0
917;0
918;2
919;0
920;0
921;0
922;0
923;1
924;1
925;0
926;0
927;1
928;1
929;0
930;0
931;1
932;0
933;2
934;2
935;0
936;0
937;1
938;0
939;0
940;2
941;0
942;2
943;1
944;0
945;0
946;2
947;0
948;0
949;0
950;0
951;0
952;0
953;2
954;1
955;0
956;0
957;0
958;0
959;0
960;0
961;0
962;0
963;0
964;2
965;2
966;0
967;0
968;0
969;0
970;0
971;1
972;0
973;0
974;0
975;0
976;0
977;0
978;1
979;0
980;0
981;0
982;1
983;2
984;1
985;0
986;0
987;0
988;0
989;0
990;0
991;0
992;2
993;2
994;1
995;0
996;0
997;0
998;2
999;2
1000;0
1001;2
1002;0
1003;0
1004;0
1005;0
1006;0
1007;1
1008;0
1009;0
1010;0
1011;2
1012;1
1013;0
1014;1
1015;1
1016;0
1017;0
1018;0
1019;0
1020;0
1021;0
1022;0
1023;0
