0;1
1;0
2;0
3;2
4;4
5;0
6;0
7;1
8;0
9;0
10;2
11;0
12;1
13;0
14;0
15;0
16;0
17;0
18;0
19;0
20;2
21;1
22;0
23;0
24;0
25;2
26;2
27;2
28;2
29;0
30;0
31;0
32;0
33;0
34;0
35;2
36;2
37;2
38;2
39;0
40;0
41;0
42;0
43;0
44;1
45;0
46;2
47;0
48;0
49;2
50;0
51;0
52;0
53;0
54;2
55;2
56;2
57;0
58;0
59;0
60;2
61;0
62;0
63;0
64;0
65;0
66;0
67;2
68;0
69;0
70;1
71;0
72;0
73;0
74;0
75;0
76;1
77;0
78;0
79;0
80;0
81;0
82;0
83;0
84;2
85;1
86;0
87;0
88;0
89;0
90;0
91;0
92;0
93;1
94;0
95;0
96;1
97;1
98;0
99;0
100;0
101;1
102;2
103;0
104;0
105;0
106;2
107;0
108;0
109;0
110;0
111;0
112;0
113;0
114;0
115;0
116;0
117;1
118;2
119;0
120;2
121;0
122;0
123;0
124;0
125;0
126;0
127;0
128;2
129;0
130;0
131;0
132;0
133;1
134;0
135;0
136;2
137;1
138;0
139;0
140;0
141;1
142;0
143;0
144;0
145;0
146;2
147;2
148;0
149;0
150;0
151;2
152;4
153;0
154;0
155;2
156;2
157;0
158;0
159;0
160;1
161;1
162;0
163;0
164;2
165;0
166;0
167;2
168;2
169;0
170;0
171;2
172;0
173;0
174;2
175;0
176;0
177;2
178;2
179;2
180;2
181;0
182;0
183;0
184;2
185;0
186;1
187;1
188;0
189;0
190;0
191;0
192;1
193;0
194;0
195;4
196;0
197;2
198;0
199;0
200;0
201;0
202;2
203;1
204;0
205;0
206;0
207;2
208;0
209;0
210;0
211;0
212;0
213;0
214;0
215;2
216;1
217;0
218;0
219;0
220;1
221;1
222;0
223;0
224;0
225;2
226;0
227;0
228;1
229;0
230;0
231;0
232;2
233;2
234;0
235;0
236;0
237;0
238;0
239;0
240;2
241;0
242;1
243;1
244;0
245;1
246;0
247;0
248;2
249;0
250;0
251;0
252;0
253;0
254;0
255;0
256;0
257;0
258;0
259;0
260;0
261;0
262;2
263;2
264;0
265;0
266;0
267;0
268;0
269;0
270;0
271;0
272;1
273;0
274;0
275;0
276;0
277;0
278;1
279;0
280;2
281;2
282;0
283;0
284;1
285;0
286;0
287;0
288;2
289;0
290;0
291;0
292;0
293;0
294;0
295;0
296;0
297;0
298;0
299;2
300;0
301;0
302;1
303;0
304;2
305;0
306;1
307;0
308;0
309;0
310;0
311;0
312;0
313;2
314;2
315;0
316;0
317;1
318;0
319;2
320;0
321;0
322;2
323;2
324;0
325;1
326;0
327;0
328;2
329;0
330;1
331;0
332;0
333;0
334;0
335;0
336;2
337;2
338;2
339;0
340;0
341;0
342;0
343;0
344;0
345;0
346;0
347;0
348;0
349;2
350;0
351;0
352;0
353;2
354;1
355;0
356;0
357;0
358;0
359;0
360;1
361;0
362;0
363;1
364;0
365;0
366;0
367;0
368;0
369;0
370;0
371;0
372;0
373;1
374;2
375;1
376;0
377;2
378;0
379;0
380;2
381;0
382;2
383;1
384;0
385;0
386;0
387;0
388;0
389;0
390;0
391;2
392;0
393;0
394;2
395;0
396;0
397;1
398;0
399;0
400;2
401;0
402;1
403;1
404;0
405;0
406;0
407;0
408;0
409;2
410;1
411;0
412;1
413;2
414;0
415;0
416;0
417;0
418;1
419;0
420;0
421;0
422;0
423;0
424;4
425;0
426;2
427;2
428;2
429;0
430;0
431;0
432;2
433;2
434;1
435;0
436;2
437;0
438;2
439;0
440;2
441;0
442;1
443;2
444;2
445;1
446;0
447;0
448;0
449;0
450;1
451;2
452;2
453;0
454;0
455;0
456;0
457;1
458;0
459;1
460;0
461;1
462;1
463;0
464;1
465;0
466;0
467;0
468;1
469;0
470;0
471;0
472;0
473;1
474;0
475;0
476;2
477;2
478;2
479;0
480;2
481;0
482;0
483;0
484;0
485;0
486;0
487;0
488;2
489;0
490;2
491;0
492;2
493;2
494;0
495;2
496;2
497;0
498;0
499;0
500;2
501;0
502;0
503;2
504;1
505;1
506;0
507;0
508;1
509;0
510;1
511;1
512;2
513;0
514;0
515;0
516;2
517;2
518;2
519;0
520;2
521;2
522;0
523;0
524;2
525;1
526;0
527;1
528;1
529;0
530;2
531;1
532;0
533;2
534;1
535;0
536;2
537;0
538;0
539;0
540;2
541;1
542;2
543;0
544;1
545;0
546;0
547;2
548;0
549;0
550;0
551;0
552;0
553;1
554;0
555;0
556;0
557;2
558;1
559;0
560;0
561;0
562;1
563;0
564;0
565;1
566;0
567;4
568;0
569;0
570;2
571;2
572;2
573;2
574;2
575;2
576;2
577;0
578;0
579;0
580;0
581;0
582;0
583;0
584;0
585;2
586;2
587;2
588;2
589;2
590;2
591;1
592;0
593;0
594;0
595;0
596;1
597;0
598;0
599;0
600;0
601;0
602;0
603;0
604;1
605;0
606;0
607;0
608;4
609;0
610;2
611;2
612;2
613;0
614;2
615;0
616;1
617;0
618;0
619;0
620;4
621;1
622;0
623;2
624;1
625;0
626;1
627;0
628;1
629;0
630;1
631;0
632;0
633;0
634;0
635;0
636;0
637;2
638;0
639;0
640;0
641;0
642;1
643;0
644;0
645;2
646;0
647;0
648;2
649;0
650;0
651;0
652;0
653;0
654;0
655;0
656;1
657;0
658;2
659;0
660;0
661;0
662;0
663;0
664;2
665;1
666;0
667;0
668;0
669;1
670;0
671;0
672;1
673;0
674;0
675;0
676;0
677;2
678;2
679;2
680;2
681;0
682;0
683;0
684;0
685;0
686;0
687;0
688;1
689;0
690;0
691;0
692;2
693;0
694;2
695;0
696;2
697;2
698;1
699;0
700;1
701;1
702;0
703;2
704;2
705;0
706;0
707;0
708;4
709;0
710;0
711;0
712;0
713;0
714;0
715;0
716;1
717;0
718;1
719;0
720;0
721;0
722;0
723;0
724;0
725;2
726;2
727;2
728;2
729;2
730;2
731;2
732;2
733;2
734;0
735;0
736;0
737;0
738;0
739;0
740;0
741;0
742;2
743;2
744;0
745;0
746;2
747;0
748;0
749;0
750;0
751;0
752;0
753;0
754;1
755;0
756;0
757;0
758;2
759;0
760;0
761;0
762;2
763;2
764;1
765;0
766;0
767;2
768;4
769;0
770;2
771;2
772;2
773;0
774;2
775;0
776;1
777;0
778;1
779;1
780;1
781;0
782;0
783;0
784;0
785;2
786;0
787;0
788;0
789;2
790;2
791;1
792;0
793;0
794;0
795;2
796;2
797;2
798;0
799;0
800;1
801;0
802;0
803;0
804;0
805;0
806;0
807;0
808;0
809;2
810;0
811;0
812;1
813;0
814;2
815;1
816;0
817;1
818;0
819;1
820;1
821;0
822;0
823;0
824;1
825;0
826;2
827;2
828;2
829;0
830;0
831;0
832;0
833;2
834;2
835;0
836;0
837;0
838;1
839;1
840;0
841;0
842;0
843;2
844;0
845;2
846;2
847;2
848;1
849;0
850;2
851;2
852;1
853;0
854;0
855;0
856;0
857;1
858;0
859;0
860;0
861;1
862;0
863;0
864;2
865;0
866;0
867;0
868;0
869;2
870;0
871;0
872;0
873;0
874;0
875;0
876;0
877;2
878;1
879;0
880;1
881;0
882;2
883;0
884;0
885;0
886;0
887;1
888;2
889;0
890;0
891;0
892;1
893;0
894;2
895;1
896;0
897;0
898;2
899;0
900;2
901;1
902;0
903;2
904;1
905;0
906;2
907;2
908;0
909;0
910;0
911;0
912;2
913;0
914;2
915;0
916;2
917;0
918;0
919;0
920;2
921;0
922;0
923;0
924;0
925;0
926;1
927;0
928;0
929;1
930;0
931;0
932;2
933;2
934;2
935;0
936;0
937;1
938;0
939;0
940;1
941;0
942;0
943;1
944;1
945;0
946;0
947;2
948;0
949;0
950;0
951;2
952;2
953;2
954;2
955;0
956;2
957;2
958;2
959;1
960;0
961;2
962;0
963;0
964;0
965;0
966;0
967;0
968;1
969;0
970;0
971;0
972;0
973;0
974;0
975;0
976;2
977;2
978;0
979;0
980;0
981;0
982;0
983;0
984;0
985;0
986;2
987;0
988;2
989;2
990;0
991;0
992;0
993;0
994;0
995;1
996;0
997;0
998;0
999;2
1000;0
1001;0
1002;0
1003;1
1004;0
1005;0
1006;1
1007;1
1008;0
1009;0
1010;0
1011;0
1012;0
1013;0
1014;0
1015;0
1016;0
1017;0
1018;0
1019;0
1020;0
1021;0
1022;0
1023;0
