0;0
1;0
2;0
3;2
4;4
5;0
6;2
7;1
8;0
9;0
10;2
11;0
12;2
13;2
14;0
15;0
16;0
17;0
18;0
19;2
20;0
21;0
22;0
23;0
24;0
25;0
26;0
27;0
28;0
29;1
30;0
31;0
32;2
33;0
34;0
35;1
36;0
37;0
38;2
39;0
40;0
41;1
42;0
43;1
44;0
45;0
46;2
47;0
48;0
49;0
50;1
51;0
52;2
53;2
54;2
55;2
56;0
57;2
58;1
59;0
60;2
61;0
62;0
63;0
64;0
65;0
66;0
67;1
68;0
69;0
70;0
71;2
72;0
73;0
74;0
75;0
76;0
77;0
78;0
79;1
80;0
81;0
82;0
83;0
84;0
85;1
86;2
87;2
88;1
89;0
90;0
91;0
92;0
93;1
94;0
95;0
96;0
97;1
98;0
99;2
100;2
101;1
102;4
103;2
104;2
105;0
106;0
107;0
108;2
109;2
110;1
111;0
112;1
113;0
114;0
115;0
116;2
117;0
118;0
119;0
120;0
121;0
122;2
123;2
124;1
125;0
126;0
127;2
128;4
129;0
130;2
131;2
132;2
133;0
134;2
135;0
136;2
137;0
138;1
139;0
140;2
141;0
142;0
143;0
144;0
145;0
146;0
147;0
148;0
149;0
150;0
151;0
152;0
153;1
154;0
155;0
156;0
157;0
158;1
159;0
160;0
161;2
162;0
163;0
164;2
165;1
166;0
167;0
168;0
169;0
170;0
171;0
172;0
173;0
174;0
175;0
176;2
177;0
178;1
179;2
180;1
181;0
182;2
183;2
184;0
185;1
186;0
187;0
188;2
189;0
190;0
191;0
192;2
193;0
194;0
195;1
196;0
197;0
198;0
199;2
200;1
201;0
202;0
203;2
204;4
205;0
206;2
207;2
208;2
209;0
210;2
211;0
212;2
213;0
214;0
215;1
216;1
217;1
218;4
219;2
220;2
221;2
222;2
223;2
224;2
225;2
226;1
227;0
228;2
229;0
230;0
231;0
232;0
233;0
234;1
235;1
236;0
237;0
238;0
239;1
240;0
241;0
242;0
243;2
244;1
245;0
246;0
247;0
248;2
249;0
250;0
251;0
252;2
253;2
254;0
255;0
256;0
257;0
258;0
259;1
260;0
261;2
262;0
263;0
264;0
265;0
266;0
267;0
268;0
269;2
270;1
271;0
272;2
273;0
274;0
275;0
276;0
277;1
278;0
279;0
280;0
281;0
282;2
283;0
284;0
285;0
286;0
287;1
288;0
289;1
290;0
291;0
292;0
293;0
294;1
295;1
296;1
297;1
298;0
299;0
300;2
301;2
302;2
303;2
304;1
305;0
306;0
307;0
308;1
309;0
310;2
311;0
312;0
313;2
314;2
315;2
316;2
317;0
318;1
319;0
320;0
321;0
322;1
323;0
324;2
325;0
326;2
327;0
328;0
329;0
330;0
331;0
332;0
333;0
334;0
335;1
336;0
337;0
338;1
339;2
340;0
341;1
342;0
343;0
344;0
345;0
346;0
347;0
348;0
349;0
350;0
351;0
352;0
353;0
354;2
355;0
356;2
357;0
358;0
359;1
360;0
361;1
362;0
363;0
364;0
365;2
366;2
367;2
368;2
369;2
370;0
371;0
372;2
373;0
374;0
375;2
376;0
377;0
378;1
379;0
380;2
381;0
382;0
383;0
384;0
385;0
386;0
387;0
388;0
389;0
390;0
391;0
392;0
393;0
394;0
395;0
396;0
397;0
398;0
399;0
400;0
401;0
402;0
403;0
404;0
405;1
406;0
407;0
408;0
409;0
410;2
411;2
412;2
413;1
414;0
415;0
416;0
417;0
418;2
419;0
420;0
421;0
422;0
423;0
424;2
425;0
426;0
427;1
428;0
429;0
430;2
431;1
432;0
433;0
434;2
435;0
436;2
437;0
438;0
439;2
440;4
441;0
442;0
443;1
444;0
445;0
446;0
447;2
448;2
449;2
450;2
451;0
452;1
453;0
454;0
455;0
456;0
457;1
458;0
459;1
460;0
461;0
462;0
463;0
464;1
465;2
466;0
467;1
468;0
469;0
470;0
471;1
472;0
473;0
474;0
475;0
476;2
477;0
478;2
479;0
480;2
481;2
482;1
483;1
484;1
485;0
486;0
487;2
488;0
489;0
490;0
491;1
492;1
493;1
494;0
495;0
496;0
497;2
498;2
499;2
500;2
501;0
502;2
503;0
504;0
505;2
506;0
507;0
508;1
509;2
510;0
511;0
512;0
513;1
514;0
515;0
516;1
517;0
518;0
519;1
520;0
521;2
522;2
523;2
524;2
525;0
526;0
527;0
528;0
529;0
530;0
531;0
532;0
533;0
534;0
535;0
536;0
537;2
538;2
539;2
540;2
541;0
542;0
543;1
544;0
545;2
546;0
547;0
548;2
549;0
550;2
551;2
552;0
553;2
554;0
555;0
556;0
557;0
558;2
559;2
560;1
561;0
562;0
563;2
564;4
565;0
566;2
567;2
568;4
569;0
570;2
571;0
572;2
573;2
574;0
575;0
576;1
577;0
578;2
579;2
580;1
581;0
582;0
583;2
584;4
585;2
586;2
587;2
588;0
589;0
590;2
591;0
592;2
593;0
594;0
595;0
596;0
597;0
598;0
599;0
600;1
601;0
602;0
603;0
604;0
605;0
606;0
607;1
608;0
609;1
610;0
611;0
612;2
613;0
614;0
615;1
616;0
617;2
618;0
619;0
620;0
621;0
622;0
623;1
624;0
625;1
626;0
627;2
628;0
629;0
630;0
631;1
632;0
633;0
634;0
635;0
636;2
637;0
638;0
639;0
640;0
641;1
642;0
643;0
644;0
645;0
646;0
647;0
648;0
649;0
650;1
651;0
652;2
653;1
654;0
655;1
656;0
657;2
658;0
659;0
660;0
661;1
662;0
663;0
664;0
665;1
666;0
667;0
668;0
669;0
670;0
671;0
672;2
673;0
674;2
675;0
676;0
677;0
678;0
679;2
680;0
681;1
682;0
683;1
684;0
685;0
686;0
687;0
688;2
689;1
690;0
691;2
692;2
693;2
694;0
695;0
696;0
697;0
698;1
699;2
700;1
701;0
702;0
703;0
704;0
705;1
706;0
707;0
708;0
709;2
710;0
711;0
712;0
713;0
714;0
715;1
716;0
717;2
718;2
719;2
720;2
721;0
722;1
723;0
724;0
725;0
726;0
727;0
728;0
729;2
730;0
731;0
732;0
733;1
734;0
735;1
736;0
737;0
738;0
739;1
740;0
741;0
742;0
743;1
744;0
745;0
746;2
747;0
748;0
749;0
750;0
751;0
752;0
753;2
754;0
755;2
756;1
757;2
758;2
759;2
760;1
761;0
762;0
763;2
764;2
765;2
766;2
767;0
768;2
769;0
770;0
771;0
772;2
773;2
774;1
775;0
776;2
777;0
778;0
779;0
780;0
781;0
782;0
783;0
784;0
785;0
786;0
787;0
788;1
789;0
790;0
791;0
792;0
793;0
794;2
795;0
796;2
797;0
798;1
799;0
800;1
801;1
802;0
803;0
804;1
805;0
806;0
807;2
808;1
809;0
810;0
811;0
812;0
813;0
814;0
815;2
816;2
817;0
818;0
819;1
820;0
821;0
822;1
823;0
824;0
825;0
826;0
827;2
828;1
829;0
830;0
831;0
832;0
833;2
834;2
835;2
836;1
837;0
838;0
839;2
840;0
841;0
842;0
843;0
844;2
845;0
846;0
847;0
848;0
849;0
850;2
851;2
852;1
853;0
854;1
855;0
856;0
857;0
858;0
859;0
860;0
861;0
862;0
863;1
864;0
865;0
866;0
867;0
868;0
869;0
870;0
871;0
872;1
873;1
874;0
875;0
876;0
877;0
878;0
879;1
880;0
881;0
882;2
883;2
884;0
885;2
886;0
887;0
888;2
889;0
890;0
891;2
892;0
893;0
894;0
895;2
896;2
897;1
898;0
899;1
900;0
901;0
902;2
903;0
904;0
905;0
906;1
907;0
908;1
909;0
910;1
911;0
912;1
913;0
914;1
915;0
916;0
917;0
918;1
919;0
920;2
921;0
922;0
923;0
924;1
925;0
926;0
927;0
928;0
929;2
930;2
931;1
932;0
933;1
934;0
935;0
936;2
937;2
938;0
939;2
940;0
941;0
942;0
943;0
944;0
945;0
946;2
947;0
948;0
949;1
950;0
951;0
952;0
953;0
954;2
955;0
956;0
957;0
958;2
959;2
960;0
961;0
962;2
963;2
964;1
965;0
966;0
967;2
968;2
969;0
970;2
971;2
972;2
973;0
974;2
975;0
976;0
977;0
978;0
979;1
980;0
981;0
982;0
983;0
984;2
985;0
986;2
987;2
988;2
989;0
990;0
991;0
992;2
993;0
994;0
995;1
996;1
997;0
998;2
999;2
1000;2
1001;0
1002;2
1003;2
1004;2
1005;0
1006;2
1007;2
1008;1
1009;0
1010;0
1011;0
1012;1
1013;0
1014;0
1015;0
1016;0
1017;0
1018;0
1019;0
1020;0
1021;0
1022;0
1023;0
