0;1
1;0
2;0
3;2
4;2
5;0
6;2
7;2
8;2
9;2
10;2
11;0
12;4
13;2
14;0
15;0
16;0
17;0
18;0
19;0
20;1
21;0
22;0
23;0
24;0
25;0
26;0
27;0
28;0
29;2
30;2
31;0
32;2
33;0
34;0
35;0
36;0
37;0
38;2
39;0
40;0
41;0
42;0
43;0
44;0
45;0
46;2
47;0
48;1
49;0
50;1
51;0
52;2
53;2
54;2
55;0
56;0
57;2
58;0
59;1
60;1
61;0
62;0
63;0
64;0
65;0
66;0
67;0
68;2
69;0
70;0
71;2
72;0
73;0
74;0
75;0
76;0
77;0
78;0
79;1
80;0
81;2
82;2
83;0
84;0
85;0
86;2
87;2
88;1
89;0
90;0
91;0
92;1
93;1
94;0
95;0
96;0
97;1
98;0
99;2
100;2
101;0
102;2
103;2
104;4
105;0
106;0
107;0
108;1
109;0
110;0
111;0
112;1
113;0
114;0
115;0
116;2
117;2
118;0
119;0
120;0
121;0
122;0
123;0
124;0
125;2
126;0
127;2
128;0
129;0
130;0
131;2
132;2
133;0
134;0
135;0
136;0
137;0
138;0
139;1
140;0
141;0
142;0
143;0
144;0
145;0
146;2
147;2
148;2
149;2
150;0
151;0
152;0
153;1
154;0
155;2
156;0
157;0
158;0
159;0
160;0
161;0
162;0
163;0
164;2
165;2
166;1
167;2
168;2
169;0
170;2
171;2
172;0
173;0
174;0
175;0
176;4
177;0
178;0
179;0
180;2
181;0
182;0
183;0
184;2
185;0
186;1
187;1
188;2
189;0
190;0
191;0
192;0
193;0
194;4
195;2
196;1
197;0
198;0
199;0
200;2
201;2
202;1
203;0
204;2
205;0
206;2
207;0
208;0
209;0
210;0
211;1
212;0
213;2
214;0
215;0
216;0
217;0
218;0
219;1
220;1
221;0
222;0
223;2
224;1
225;0
226;0
227;0
228;0
229;2
230;0
231;0
232;2
233;0
234;0
235;0
236;0
237;1
238;2
239;0
240;0
241;0
242;0
243;0
244;0
245;2
246;2
247;2
248;2
249;0
250;0
251;0
252;2
253;0
254;0
255;0
256;0
257;0
258;2
259;0
260;0
261;0
262;0
263;0
264;0
265;0
266;0
267;0
268;0
269;0
270;0
271;0
272;1
273;1
274;0
275;0
276;2
277;2
278;2
279;2
280;1
281;0
282;0
283;0
284;1
285;0
286;2
287;0
288;0
289;2
290;2
291;2
292;2
293;0
294;1
295;0
296;0
297;0
298;1
299;0
300;1
301;0
302;2
303;0
304;0
305;0
306;0
307;0
308;0
309;0
310;0
311;1
312;0
313;0
314;1
315;2
316;0
317;2
318;2
319;0
320;0
321;0
322;0
323;0
324;0
325;0
326;0
327;0
328;0
329;0
330;0
331;0
332;0
333;0
334;2
335;1
336;0
337;1
338;0
339;2
340;0
341;2
342;2
343;1
344;0
345;2
346;1
347;0
348;1
349;0
350;2
351;2
352;0
353;0
354;0
355;0
356;2
357;0
358;0
359;0
360;0
361;0
362;0
363;0
364;0
365;0
366;0
367;0
368;1
369;0
370;2
371;2
372;1
373;0
374;0
375;0
376;0
377;0
378;0
379;0
380;0
381;2
382;0
383;0
384;0
385;2
386;2
387;2
388;2
389;1
390;2
391;0
392;0
393;0
394;2
395;2
396;0
397;0
398;0
399;0
400;1
401;0
402;0
403;0
404;0
405;0
406;2
407;2
408;1
409;0
410;2
411;2
412;1
413;0
414;0
415;2
416;1
417;2
418;2
419;2
420;4
421;0
422;0
423;0
424;0
425;2
426;0
427;2
428;2
429;0
430;0
431;0
432;2
433;1
434;0
435;0
436;0
437;0
438;2
439;1
440;0
441;0
442;1
443;0
444;1
445;0
446;0
447;1
448;0
449;0
450;1
451;0
452;2
453;0
454;2
455;0
456;0
457;0
458;0
459;0
460;1
461;0
462;1
463;1
464;0
465;0
466;0
467;0
468;0
469;0
470;1
471;0
472;4
473;0
474;0
475;0
476;0
477;2
478;2
479;2
480;1
481;0
482;0
483;1
484;0
485;2
486;0
487;2
488;0
489;1
490;0
491;0
492;0
493;0
494;2
495;2
496;2
497;0
498;0
499;0
500;0
501;2
502;0
503;0
504;0
505;1
506;0
507;0
508;0
509;1
510;0
511;0
512;0
513;0
514;0
515;0
516;0
517;1
518;1
519;0
520;0
521;0
522;0
523;0
524;0
525;0
526;0
527;0
528;0
529;0
530;0
531;0
532;0
533;2
534;2
535;2
536;2
537;0
538;0
539;0
540;0
541;2
542;0
543;0
544;2
545;0
546;2
547;0
548;0
549;2
550;0
551;2
552;0
553;0
554;2
555;0
556;0
557;1
558;0
559;0
560;1
561;0
562;0
563;1
564;2
565;0
566;0
567;0
568;0
569;0
570;2
571;1
572;1
573;0
574;0
575;2
576;4
577;0
578;2
579;2
580;2
581;0
582;2
583;0
584;1
585;0
586;0
587;0
588;0
589;0
590;1
591;0
592;0
593;0
594;1
595;0
596;2
597;2
598;0
599;2
600;0
601;0
602;0
603;0
604;0
605;0
606;1
607;0
608;0
609;0
610;0
611;0
612;1
613;0
614;0
615;1
616;0
617;0
618;0
619;0
620;2
621;0
622;0
623;2
624;2
625;0
626;0
627;0
628;2
629;0
630;0
631;0
632;1
633;0
634;0
635;0
636;0
637;1
638;0
639;0
640;0
641;0
642;0
643;0
644;0
645;0
646;1
647;0
648;2
649;0
650;0
651;1
652;0
653;2
654;0
655;0
656;0
657;2
658;2
659;0
660;0
661;0
662;0
663;0
664;0
665;0
666;2
667;0
668;0
669;0
670;0
671;0
672;1
673;0
674;1
675;2
676;2
677;2
678;0
679;0
680;0
681;0
682;0
683;0
684;2
685;1
686;0
687;0
688;2
689;1
690;1
691;0
692;0
693;0
694;1
695;2
696;1
697;0
698;0
699;0
700;0
701;2
702;0
703;0
704;0
705;2
706;0
707;0
708;0
709;0
710;0
711;0
712;0
713;2
714;2
715;2
716;2
717;0
718;1
719;0
720;0
721;0
722;0
723;0
724;1
725;2
726;0
727;0
728;0
729;2
730;2
731;2
732;2
733;0
734;0
735;0
736;0
737;2
738;0
739;0
740;0
741;0
742;2
743;0
744;1
745;0
746;0
747;0
748;2
749;2
750;0
751;2
752;0
753;0
754;2
755;0
756;2
757;0
758;0
759;0
760;0
761;2
762;1
763;0
764;2
765;2
766;0
767;0
768;1
769;0
770;2
771;1
772;0
773;0
774;0
775;2
776;4
777;0
778;2
779;2
780;2
781;0
782;2
783;0
784;2
785;0
786;0
787;0
788;2
789;0
790;0
791;0
792;0
793;0
794;0
795;0
796;0
797;0
798;0
799;0
800;2
801;0
802;0
803;1
804;0
805;0
806;0
807;0
808;2
809;0
810;1
811;2
812;2
813;1
814;0
815;0
816;1
817;0
818;0
819;2
820;0
821;0
822;0
823;2
824;0
825;0
826;2
827;1
828;1
829;0
830;0
831;0
832;0
833;0
834;0
835;0
836;0
837;0
838;0
839;2
840;1
841;0
842;0
843;0
844;0
845;2
846;2
847;1
848;0
849;0
850;0
851;1
852;0
853;0
854;0
855;0
856;2
857;0
858;0
859;0
860;1
861;0
862;2
863;0
864;2
865;1
866;1
867;0
868;2
869;0
870;0
871;0
872;0
873;0
874;0
875;2
876;1
877;0
878;0
879;0
880;0
881;0
882;2
883;0
884;1
885;1
886;0
887;0
888;0
889;0
890;0
891;0
892;0
893;0
894;2
895;2
896;0
897;1
898;0
899;0
900;2
901;0
902;0
903;2
904;0
905;0
906;2
907;2
908;1
909;0
910;0
911;1
912;1
913;0
914;2
915;1
916;0
917;0
918;0
919;0
920;4
921;1
922;0
923;2
924;0
925;2
926;2
927;2
928;2
929;2
930;0
931;0
932;0
933;0
934;0
935;2
936;0
937;0
938;2
939;1
940;0
941;0
942;0
943;2
944;4
945;0
946;2
947;2
948;2
949;0
950;0
951;0
952;1
953;0
954;1
955;0
956;0
957;2
958;2
959;1
960;0
961;0
962;2
963;0
964;0
965;0
966;0
967;0
968;0
969;2
970;2
971;2
972;2
973;2
974;0
975;0
976;0
977;2
978;0
979;2
980;0
981;0
982;2
983;0
984;0
985;0
986;2
987;0
988;0
989;0
990;0
991;0
992;0
993;0
994;0
995;2
996;0
997;2
998;2
999;2
1000;0
1001;0
1002;0
1003;2
1004;1
1005;0
1006;0
1007;0
1008;0
1009;0
1010;0
1011;1
1012;0
1013;0
1014;0
1015;0
1016;0
1017;0
1018;0
1019;0
1020;0
1021;0
1022;0
1023;0
