0;1
1;0
2;0
3;0
4;4
5;2
6;2
7;1
8;0
9;0
10;2
11;0
12;2
13;2
14;0
15;0
16;0
17;0
18;0
19;0
20;1
21;0
22;0
23;0
24;0
25;0
26;0
27;0
28;0
29;0
30;0
31;0
32;2
33;2
34;0
35;2
36;2
37;0
38;0
39;0
40;0
41;0
42;0
43;0
44;2
45;0
46;2
47;0
48;1
49;0
50;2
51;1
52;0
53;0
54;0
55;2
56;2
57;0
58;2
59;2
60;0
61;0
62;0
63;0
64;2
65;1
66;0
67;0
68;0
69;2
70;0
71;0
72;0
73;0
74;0
75;0
76;0
77;0
78;1
79;0
80;0
81;0
82;0
83;0
84;0
85;0
86;0
87;0
88;0
89;0
90;0
91;1
92;0
93;0
94;0
95;0
96;0
97;1
98;1
99;2
100;1
101;0
102;0
103;0
104;1
105;2
106;0
107;0
108;0
109;1
110;0
111;2
112;2
113;0
114;0
115;0
116;1
117;0
118;0
119;0
120;1
121;1
122;0
123;2
124;1
125;0
126;0
127;0
128;2
129;0
130;0
131;1
132;0
133;2
134;0
135;0
136;0
137;1
138;0
139;2
140;0
141;0
142;0
143;1
144;0
145;0
146;0
147;0
148;0
149;0
150;2
151;1
152;0
153;0
154;0
155;0
156;0
157;0
158;2
159;2
160;2
161;2
162;0
163;0
164;0
165;0
166;0
167;4
168;0
169;0
170;1
171;0
172;0
173;0
174;0
175;1
176;0
177;2
178;0
179;2
180;0
181;0
182;0
183;2
184;0
185;0
186;0
187;0
188;0
189;0
190;0
191;0
192;0
193;0
194;0
195;0
196;0
197;0
198;0
199;0
200;1
201;0
202;0
203;0
204;0
205;0
206;0
207;0
208;2
209;2
210;2
211;1
212;0
213;2
214;1
215;0
216;0
217;0
218;0
219;0
220;0
221;0
222;0
223;1
224;0
225;0
226;0
227;1
228;0
229;0
230;0
231;1
232;0
233;0
234;0
235;0
236;2
237;0
238;0
239;0
240;0
241;0
242;0
243;2
244;2
245;2
246;0
247;0
248;0
249;2
250;2
251;0
252;0
253;1
254;0
255;0
256;0
257;2
258;1
259;0
260;2
261;0
262;0
263;0
264;0
265;1
266;0
267;0
268;0
269;0
270;2
271;2
272;0
273;0
274;0
275;0
276;0
277;1
278;2
279;0
280;0
281;2
282;0
283;0
284;1
285;1
286;0
287;0
288;0
289;2
290;0
291;2
292;1
293;0
294;1
295;2
296;0
297;0
298;2
299;0
300;0
301;0
302;2
303;2
304;2
305;1
306;1
307;0
308;0
309;0
310;1
311;0
312;1
313;0
314;2
315;2
316;1
317;0
318;0
319;0
320;1
321;0
322;1
323;2
324;1
325;0
326;2
327;0
328;2
329;0
330;0
331;0
332;0
333;0
334;0
335;1
336;0
337;0
338;2
339;0
340;2
341;0
342;0
343;0
344;0
345;0
346;0
347;0
348;0
349;0
350;0
351;0
352;2
353;0
354;0
355;0
356;0
357;1
358;0
359;1
360;0
361;1
362;0
363;0
364;2
365;0
366;2
367;2
368;0
369;0
370;0
371;2
372;0
373;0
374;0
375;0
376;1
377;0
378;0
379;0
380;1
381;1
382;0
383;0
384;0
385;0
386;0
387;0
388;0
389;1
390;0
391;0
392;1
393;0
394;1
395;0
396;0
397;0
398;0
399;2
400;0
401;1
402;0
403;0
404;2
405;0
406;2
407;2
408;2
409;2
410;0
411;0
412;0
413;0
414;2
415;2
416;0
417;0
418;0
419;0
420;0
421;0
422;0
423;2
424;2
425;0
426;0
427;1
428;2
429;0
430;0
431;0
432;2
433;0
434;2
435;0
436;2
437;2
438;0
439;2
440;2
441;1
442;1
443;2
444;2
445;0
446;0
447;2
448;0
449;0
450;0
451;2
452;0
453;0
454;0
455;0
456;2
457;0
458;0
459;0
460;1
461;0
462;0
463;1
464;0
465;0
466;2
467;2
468;1
469;0
470;0
471;2
472;2
473;0
474;2
475;2
476;2
477;2
478;2
479;0
480;0
481;2
482;0
483;0
484;0
485;1
486;0
487;1
488;0
489;0
490;0
491;0
492;0
493;2
494;0
495;2
496;0
497;0
498;0
499;0
500;0
501;0
502;0
503;1
504;0
505;0
506;0
507;0
508;0
509;2
510;0
511;0
512;2
513;0
514;0
515;0
516;0
517;0
518;0
519;0
520;1
521;0
522;0
523;0
524;0
525;0
526;2
527;2
528;2
529;0
530;0
531;0
532;0
533;0
534;0
535;0
536;0
537;0
538;0
539;0
540;0
541;2
542;0
543;0
544;2
545;0
546;0
547;1
548;0
549;2
550;0
551;0
552;2
553;0
554;2
555;2
556;0
557;2
558;0
559;0
560;0
561;0
562;2
563;1
564;0
565;1
566;0
567;0
568;0
569;0
570;0
571;0
572;2
573;0
574;0
575;0
576;0
577;0
578;0
579;0
580;1
581;0
582;0
583;0
584;0
585;1
586;0
587;0
588;0
589;1
590;2
591;0
592;2
593;0
594;0
595;0
596;0
597;2
598;0
599;0
600;0
601;0
602;0
603;0
604;0
605;1
606;0
607;2
608;1
609;0
610;0
611;0
612;0
613;0
614;0
615;1
616;0
617;0
618;0
619;0
620;0
621;1
622;0
623;0
624;0
625;0
626;0
627;1
628;0
629;0
630;2
631;0
632;0
633;0
634;0
635;2
636;0
637;2
638;0
639;0
640;1
641;1
642;0
643;0
644;0
645;0
646;0
647;0
648;0
649;0
650;2
651;0
652;0
653;0
654;2
655;0
656;0
657;0
658;1
659;2
660;1
661;0
662;0
663;2
664;1
665;0
666;0
667;2
668;4
669;0
670;2
671;2
672;0
673;0
674;2
675;0
676;2
677;2
678;0
679;0
680;0
681;0
682;0
683;1
684;0
685;1
686;0
687;0
688;0
689;0
690;1
691;1
692;0
693;0
694;0
695;0
696;1
697;2
698;0
699;0
700;0
701;0
702;0
703;2
704;1
705;0
706;0
707;2
708;2
709;0
710;2
711;2
712;2
713;0
714;2
715;0
716;1
717;0
718;0
719;0
720;0
721;0
722;0
723;0
724;2
725;1
726;0
727;2
728;2
729;0
730;1
731;0
732;0
733;0
734;0
735;0
736;0
737;0
738;0
739;0
740;0
741;1
742;1
743;0
744;0
745;0
746;0
747;0
748;0
749;0
750;0
751;0
752;0
753;0
754;1
755;0
756;2
757;0
758;0
759;0
760;0
761;2
762;2
763;2
764;0
765;0
766;0
767;2
768;2
769;0
770;0
771;0
772;0
773;2
774;1
775;1
776;1
777;0
778;0
779;0
780;0
781;2
782;1
783;0
784;2
785;0
786;0
787;0
788;0
789;0
790;0
791;0
792;1
793;0
794;2
795;0
796;0
797;0
798;1
799;0
800;0
801;0
802;2
803;0
804;0
805;0
806;0
807;0
808;2
809;1
810;0
811;0
812;1
813;1
814;0
815;2
816;1
817;0
818;0
819;0
820;0
821;0
822;2
823;2
824;2
825;0
826;0
827;0
828;0
829;0
830;0
831;0
832;0
833;0
834;2
835;0
836;1
837;0
838;0
839;0
840;0
841;2
842;0
843;0
844;1
845;0
846;0
847;2
848;0
849;0
850;0
851;0
852;2
853;0
854;0
855;0
856;0
857;0
858;1
859;0
860;2
861;1
862;0
863;2
864;0
865;0
866;0
867;0
868;0
869;0
870;0
871;2
872;1
873;0
874;0
875;0
876;0
877;0
878;2
879;0
880;0
881;0
882;2
883;1
884;1
885;0
886;0
887;2
888;4
889;0
890;2
891;2
892;2
893;0
894;0
895;0
896;2
897;0
898;0
899;0
900;0
901;0
902;0
903;2
904;0
905;0
906;2
907;0
908;2
909;0
910;0
911;0
912;0
913;0
914;0
915;2
916;2
917;2
918;0
919;0
920;2
921;0
922;2
923;0
924;1
925;0
926;1
927;0
928;1
929;0
930;0
931;0
932;1
933;0
934;1
935;0
936;0
937;0
938;2
939;0
940;2
941;0
942;2
943;0
944;0
945;0
946;0
947;0
948;0
949;1
950;0
951;1
952;0
953;1
954;0
955;1
956;1
957;0
958;0
959;2
960;0
961;0
962;0
963;0
964;2
965;0
966;0
967;0
968;0
969;1
970;0
971;0
972;0
973;0
974;2
975;2
976;0
977;0
978;2
979;1
980;0
981;0
982;0
983;0
984;1
985;0
986;0
987;0
988;2
989;0
990;0
991;0
992;0
993;0
994;0
995;0
996;0
997;0
998;0
999;0
1000;2
1001;0
1002;2
1003;1
1004;0
1005;0
1006;1
1007;2
1008;2
1009;0
1010;2
1011;2
1012;0
1013;0
1014;0
1015;0
1016;0
1017;0
1018;0
1019;0
1020;0
1021;0
1022;0
1023;0
