0;1
1;0
2;0
3;2
4;2
5;0
6;2
7;2
8;2
9;0
10;2
11;0
12;2
13;0
14;0
15;0
16;0
17;0
18;1
19;0
20;0
21;0
22;0
23;0
24;0
25;0
26;0
27;0
28;0
29;2
30;2
31;1
32;0
33;0
34;1
35;0
36;0
37;0
38;0
39;0
40;0
41;1
42;0
43;0
44;0
45;0
46;2
47;0
48;1
49;0
50;1
51;0
52;0
53;0
54;2
55;0
56;0
57;0
58;0
59;0
60;2
61;0
62;0
63;0
64;0
65;0
66;1
67;0
68;0
69;0
70;0
71;2
72;0
73;2
74;0
75;0
76;0
77;2
78;0
79;0
80;0
81;0
82;0
83;0
84;0
85;1
86;2
87;2
88;1
89;0
90;0
91;0
92;1
93;1
94;0
95;0
96;0
97;0
98;2
99;2
100;2
101;1
102;0
103;1
104;1
105;0
106;0
107;0
108;0
109;2
110;1
111;0
112;1
113;0
114;0
115;0
116;2
117;0
118;1
119;0
120;0
121;0
122;1
123;0
124;2
125;2
126;0
127;2
128;0
129;0
130;0
131;0
132;2
133;0
134;0
135;0
136;0
137;0
138;1
139;0
140;0
141;0
142;0
143;0
144;0
145;0
146;0
147;2
148;2
149;2
150;0
151;0
152;2
153;1
154;0
155;2
156;0
157;0
158;0
159;0
160;0
161;0
162;0
163;0
164;2
165;2
166;1
167;2
168;1
169;0
170;2
171;1
172;0
173;0
174;0
175;0
176;0
177;0
178;0
179;2
180;2
181;0
182;0
183;0
184;0
185;0
186;1
187;2
188;2
189;2
190;1
191;0
192;0
193;1
194;1
195;1
196;0
197;2
198;1
199;0
200;2
201;2
202;2
203;0
204;2
205;0
206;0
207;1
208;0
209;0
210;2
211;0
212;0
213;0
214;1
215;0
216;0
217;0
218;1
219;1
220;1
221;0
222;0
223;0
224;2
225;0
226;0
227;2
228;1
229;0
230;0
231;1
232;0
233;0
234;0
235;2
236;2
237;0
238;2
239;2
240;2
241;0
242;1
243;0
244;2
245;0
246;0
247;1
248;0
249;0
250;2
251;1
252;0
253;2
254;0
255;0
256;2
257;1
258;0
259;1
260;0
261;0
262;0
263;1
264;0
265;2
266;2
267;2
268;1
269;1
270;0
271;0
272;0
273;0
274;0
275;0
276;0
277;0
278;0
279;0
280;2
281;1
282;0
283;2
284;1
285;0
286;0
287;0
288;1
289;0
290;2
291;0
292;0
293;0
294;2
295;2
296;2
297;0
298;1
299;0
300;0
301;0
302;0
303;2
304;2
305;2
306;0
307;0
308;0
309;0
310;0
311;0
312;2
313;0
314;1
315;0
316;0
317;0
318;1
319;2
320;0
321;2
322;2
323;0
324;1
325;0
326;0
327;0
328;0
329;0
330;0
331;0
332;0
333;0
334;0
335;0
336;2
337;0
338;0
339;1
340;0
341;0
342;0
343;0
344;0
345;2
346;1
347;0
348;2
349;2
350;2
351;2
352;0
353;2
354;2
355;2
356;0
357;0
358;0
359;0
360;2
361;0
362;0
363;0
364;1
365;0
366;0
367;0
368;0
369;0
370;0
371;0
372;0
373;1
374;0
375;0
376;1
377;0
378;1
379;0
380;0
381;0
382;0
383;0
384;0
385;0
386;0
387;0
388;0
389;0
390;2
391;2
392;2
393;0
394;0
395;0
396;0
397;0
398;2
399;2
400;0
401;0
402;0
403;0
404;0
405;0
406;1
407;0
408;0
409;0
410;2
411;2
412;0
413;0
414;1
415;0
416;2
417;0
418;0
419;2
420;2
421;0
422;1
423;0
424;0
425;0
426;0
427;0
428;0
429;2
430;2
431;0
432;0
433;0
434;0
435;0
436;0
437;0
438;0
439;1
440;0
441;0
442;0
443;0
444;1
445;2
446;0
447;2
448;0
449;0
450;0
451;1
452;1
453;0
454;0
455;2
456;2
457;0
458;2
459;2
460;2
461;0
462;2
463;0
464;0
465;2
466;0
467;1
468;0
469;0
470;0
471;1
472;0
473;0
474;0
475;1
476;0
477;0
478;0
479;0
480;0
481;1
482;0
483;0
484;0
485;2
486;1
487;0
488;0
489;0
490;0
491;0
492;0
493;2
494;0
495;0
496;0
497;2
498;0
499;0
500;0
501;1
502;0
503;0
504;1
505;1
506;2
507;0
508;0
509;0
510;0
511;2
512;2
513;0
514;0
515;2
516;0
517;0
518;2
519;0
520;0
521;0
522;0
523;0
524;0
525;1
526;0
527;2
528;2
529;0
530;1
531;0
532;0
533;2
534;2
535;0
536;0
537;0
538;0
539;0
540;0
541;2
542;0
543;1
544;0
545;2
546;0
547;2
548;0
549;1
550;0
551;0
552;1
553;0
554;0
555;0
556;0
557;0
558;0
559;0
560;0
561;0
562;0
563;0
564;0
565;0
566;1
567;1
568;0
569;0
570;0
571;0
572;0
573;1
574;0
575;0
576;2
577;2
578;1
579;0
580;0
581;2
582;0
583;0
584;0
585;0
586;1
587;0
588;0
589;0
590;0
591;2
592;2
593;0
594;1
595;0
596;0
597;2
598;0
599;0
600;1
601;0
602;2
603;0
604;0
605;1
606;0
607;0
608;0
609;0
610;0
611;2
612;0
613;2
614;1
615;2
616;2
617;0
618;0
619;0
620;0
621;1
622;0
623;0
624;0
625;1
626;0
627;0
628;0
629;0
630;0
631;0
632;0
633;0
634;0
635;0
636;0
637;2
638;0
639;0
640;0
641;0
642;1
643;2
644;2
645;0
646;0
647;0
648;0
649;0
650;0
651;1
652;0
653;0
654;0
655;2
656;0
657;2
658;0
659;0
660;1
661;0
662;2
663;2
664;1
665;0
666;0
667;0
668;0
669;1
670;0
671;0
672;0
673;0
674;0
675;0
676;0
677;0
678;0
679;1
680;0
681;1
682;0
683;1
684;0
685;0
686;0
687;0
688;2
689;2
690;1
691;0
692;0
693;2
694;0
695;1
696;0
697;2
698;1
699;0
700;2
701;1
702;2
703;1
704;0
705;0
706;4
707;2
708;1
709;0
710;0
711;2
712;4
713;0
714;2
715;0
716;2
717;1
718;0
719;0
720;1
721;2
722;0
723;1
724;0
725;0
726;0
727;0
728;0
729;2
730;0
731;2
732;0
733;1
734;0
735;2
736;0
737;2
738;1
739;0
740;0
741;0
742;1
743;0
744;2
745;0
746;0
747;0
748;1
749;0
750;2
751;0
752;2
753;0
754;1
755;0
756;0
757;0
758;0
759;0
760;0
761;0
762;0
763;0
764;1
765;0
766;0
767;0
768;1
769;0
770;2
771;0
772;2
773;0
774;1
775;2
776;2
777;1
778;0
779;0
780;0
781;0
782;0
783;2
784;0
785;0
786;0
787;0
788;0
789;0
790;2
791;2
792;2
793;0
794;1
795;0
796;0
797;0
798;1
799;0
800;0
801;0
802;0
803;2
804;0
805;0
806;0
807;0
808;0
809;2
810;2
811;1
812;0
813;0
814;0
815;2
816;0
817;2
818;0
819;0
820;2
821;0
822;2
823;0
824;1
825;0
826;2
827;2
828;1
829;0
830;0
831;0
832;0
833;0
834;0
835;2
836;0
837;0
838;0
839;2
840;1
841;0
842;0
843;0
844;0
845;0
846;0
847;0
848;1
849;0
850;0
851;1
852;0
853;2
854;1
855;0
856;0
857;0
858;0
859;2
860;0
861;2
862;2
863;0
864;2
865;0
866;0
867;0
868;0
869;0
870;0
871;2
872;0
873;0
874;1
875;0
876;2
877;0
878;1
879;0
880;1
881;0
882;1
883;0
884;1
885;0
886;0
887;0
888;0
889;0
890;0
891;0
892;0
893;2
894;2
895;1
896;0
897;0
898;2
899;0
900;2
901;1
902;0
903;0
904;0
905;2
906;2
907;1
908;2
909;1
910;0
911;0
912;1
913;0
914;0
915;0
916;0
917;0
918;0
919;0
920;0
921;0
922;2
923;0
924;0
925;1
926;0
927;0
928;0
929;0
930;2
931;2
932;0
933;2
934;2
935;2
936;1
937;0
938;0
939;2
940;2
941;0
942;0
943;2
944;2
945;0
946;0
947;0
948;0
949;0
950;0
951;0
952;0
953;0
954;2
955;2
956;1
957;0
958;0
959;2
960;4
961;0
962;2
963;1
964;0
965;0
966;2
967;1
968;2
969;0
970;0
971;0
972;1
973;0
974;2
975;2
976;2
977;0
978;2
979;2
980;0
981;1
982;0
983;0
984;0
985;0
986;0
987;0
988;0
989;0
990;2
991;0
992;0
993;2
994;1
995;1
996;0
997;0
998;0
999;0
1000;2
1001;0
1002;1
1003;0
1004;0
1005;0
1006;1
1007;0
1008;2
1009;0
1010;1
1011;0
1012;0
1013;0
1014;0
1015;0
1016;0
1017;0
1018;0
1019;0
1020;0
1021;0
1022;0
1023;0
