0;1
1;0
2;0
3;1
4;2
5;0
6;2
7;1
8;0
9;0
10;2
11;0
12;2
13;2
14;0
15;0
16;0
17;0
18;2
19;0
20;0
21;0
22;0
23;0
24;0
25;0
26;2
27;0
28;0
29;2
30;2
31;2
32;2
33;0
34;2
35;0
36;0
37;0
38;2
39;0
40;2
41;0
42;2
43;0
44;0
45;0
46;2
47;0
48;1
49;0
50;2
51;0
52;2
53;0
54;2
55;0
56;2
57;2
58;1
59;0
60;0
61;0
62;0
63;0
64;0
65;0
66;0
67;0
68;2
69;0
70;0
71;2
72;0
73;0
74;0
75;0
76;0
77;0
78;2
79;0
80;0
81;0
82;0
83;0
84;0
85;1
86;2
87;2
88;1
89;0
90;0
91;0
92;0
93;1
94;0
95;0
96;0
97;1
98;0
99;2
100;2
101;0
102;1
103;0
104;2
105;0
106;0
107;0
108;1
109;0
110;2
111;2
112;1
113;0
114;0
115;0
116;1
117;2
118;2
119;2
120;2
121;0
122;2
123;0
124;1
125;0
126;0
127;2
128;2
129;2
130;0
131;2
132;0
133;2
134;0
135;0
136;0
137;0
138;0
139;0
140;1
141;1
142;0
143;0
144;0
145;0
146;2
147;1
148;0
149;0
150;0
151;0
152;0
153;0
154;2
155;2
156;2
157;2
158;0
159;0
160;2
161;1
162;0
163;2
164;0
165;0
166;0
167;0
168;0
169;0
170;0
171;0
172;2
173;2
174;1
175;1
176;1
177;0
178;2
179;2
180;0
181;1
182;0
183;0
184;2
185;0
186;0
187;2
188;2
189;0
190;2
191;0
192;0
193;0
194;1
195;2
196;2
197;0
198;2
199;0
200;1
201;0
202;0
203;2
204;2
205;1
206;0
207;2
208;1
209;0
210;1
211;0
212;2
213;0
214;0
215;0
216;0
217;0
218;1
219;0
220;0
221;0
222;2
223;0
224;0
225;0
226;1
227;1
228;1
229;0
230;2
231;2
232;1
233;0
234;0
235;2
236;4
237;2
238;2
239;2
240;2
241;0
242;0
243;0
244;1
245;0
246;0
247;0
248;0
249;1
250;0
251;2
252;2
253;0
254;1
255;0
256;2
257;0
258;2
259;0
260;0
261;0
262;0
263;0
264;0
265;2
266;2
267;0
268;2
269;1
270;0
271;1
272;0
273;0
274;0
275;0
276;0
277;0
278;0
279;0
280;0
281;0
282;2
283;0
284;0
285;0
286;0
287;0
288;0
289;1
290;0
291;0
292;0
293;0
294;2
295;0
296;1
297;1
298;0
299;0
300;2
301;1
302;0
303;2
304;1
305;0
306;0
307;0
308;2
309;1
310;0
311;0
312;0
313;2
314;2
315;1
316;0
317;0
318;2
319;0
320;0
321;0
322;0
323;0
324;1
325;0
326;2
327;0
328;0
329;0
330;0
331;1
332;0
333;0
334;0
335;0
336;0
337;0
338;1
339;2
340;0
341;2
342;2
343;0
344;0
345;0
346;0
347;0
348;0
349;0
350;0
351;0
352;0
353;0
354;0
355;0
356;2
357;0
358;0
359;0
360;0
361;1
362;0
363;0
364;0
365;2
366;1
367;2
368;2
369;0
370;1
371;0
372;0
373;0
374;2
375;2
376;0
377;2
378;0
379;2
380;2
381;0
382;0
383;0
384;0
385;0
386;0
387;0
388;0
389;0
390;0
391;0
392;0
393;0
394;0
395;0
396;2
397;0
398;2
399;2
400;1
401;0
402;0
403;2
404;4
405;0
406;2
407;0
408;2
409;0
410;2
411;0
412;2
413;0
414;0
415;0
416;0
417;0
418;0
419;0
420;0
421;0
422;0
423;2
424;2
425;2
426;0
427;0
428;0
429;0
430;0
431;2
432;0
433;0
434;0
435;0
436;0
437;2
438;0
439;0
440;0
441;0
442;2
443;2
444;2
445;0
446;0
447;0
448;0
449;0
450;0
451;2
452;1
453;0
454;1
455;0
456;0
457;0
458;2
459;0
460;0
461;2
462;2
463;0
464;1
465;0
466;0
467;0
468;0
469;2
470;0
471;2
472;0
473;0
474;0
475;2
476;1
477;2
478;0
479;1
480;0
481;2
482;0
483;0
484;0
485;1
486;0
487;0
488;0
489;0
490;2
491;0
492;2
493;2
494;2
495;2
496;1
497;0
498;0
499;1
500;0
501;0
502;0
503;2
504;0
505;1
506;0
507;0
508;0
509;2
510;2
511;2
512;2
513;0
514;0
515;0
516;0
517;2
518;0
519;0
520;2
521;1
522;0
523;0
524;1
525;0
526;0
527;0
528;0
529;2
530;0
531;0
532;0
533;2
534;1
535;0
536;1
537;0
538;2
539;2
540;1
541;0
542;0
543;2
544;2
545;0
546;0
547;2
548;2
549;0
550;2
551;0
552;2
553;0
554;0
555;0
556;2
557;0
558;0
559;0
560;0
561;0
562;0
563;0
564;0
565;2
566;1
567;2
568;2
569;0
570;0
571;0
572;0
573;2
574;0
575;0
576;0
577;0
578;2
579;2
580;0
581;2
582;0
583;0
584;0
585;0
586;0
587;1
588;1
589;0
590;0
591;2
592;2
593;0
594;1
595;0
596;2
597;2
598;2
599;0
600;2
601;1
602;0
603;0
604;1
605;0
606;0
607;2
608;1
609;0
610;0
611;4
612;2
613;0
614;0
615;2
616;2
617;0
618;2
619;2
620;2
621;0
622;0
623;2
624;0
625;0
626;0
627;0
628;1
629;0
630;0
631;0
632;0
633;0
634;0
635;0
636;0
637;1
638;0
639;0
640;2
641;0
642;0
643;0
644;2
645;2
646;0
647;0
648;0
649;0
650;0
651;1
652;0
653;1
654;0
655;0
656;2
657;0
658;0
659;0
660;0
661;0
662;0
663;2
664;2
665;0
666;0
667;0
668;0
669;1
670;0
671;0
672;1
673;0
674;1
675;0
676;0
677;0
678;1
679;0
680;2
681;0
682;0
683;1
684;0
685;2
686;0
687;0
688;0
689;1
690;0
691;0
692;0
693;0
694;0
695;0
696;2
697;0
698;0
699;0
700;0
701;0
702;0
703;0
704;0
705;0
706;0
707;2
708;0
709;0
710;2
711;0
712;0
713;0
714;0
715;0
716;2
717;1
718;0
719;2
720;2
721;2
722;0
723;0
724;0
725;0
726;1
727;1
728;1
729;0
730;0
731;0
732;0
733;1
734;0
735;0
736;0
737;2
738;0
739;0
740;0
741;0
742;0
743;1
744;0
745;2
746;2
747;2
748;2
749;2
750;1
751;2
752;1
753;0
754;0
755;1
756;4
757;0
758;2
759;1
760;0
761;0
762;0
763;0
764;2
765;2
766;2
767;1
768;0
769;1
770;1
771;0
772;0
773;0
774;0
775;1
776;0
777;0
778;2
779;0
780;0
781;0
782;1
783;2
784;2
785;2
786;2
787;1
788;0
789;0
790;2
791;0
792;0
793;0
794;2
795;0
796;1
797;0
798;0
799;0
800;0
801;2
802;0
803;2
804;0
805;0
806;2
807;2
808;1
809;0
810;0
811;2
812;4
813;0
814;2
815;2
816;2
817;0
818;0
819;0
820;1
821;0
822;0
823;1
824;0
825;0
826;0
827;0
828;2
829;2
830;1
831;0
832;1
833;0
834;0
835;0
836;0
837;0
838;0
839;0
840;0
841;1
842;0
843;0
844;1
845;0
846;0
847;0
848;0
849;1
850;2
851;0
852;0
853;0
854;1
855;0
856;2
857;0
858;0
859;0
860;1
861;0
862;0
863;0
864;1
865;0
866;0
867;0
868;0
869;0
870;2
871;2
872;2
873;0
874;0
875;0
876;4
877;0
878;2
879;2
880;2
881;0
882;2
883;0
884;2
885;0
886;0
887;2
888;0
889;0
890;0
891;2
892;2
893;0
894;1
895;0
896;0
897;0
898;0
899;1
900;0
901;0
902;0
903;0
904;0
905;2
906;2
907;2
908;1
909;0
910;0
911;0
912;0
913;0
914;0
915;0
916;2
917;0
918;0
919;0
920;0
921;0
922;2
923;1
924;0
925;0
926;1
927;0
928;0
929;0
930;0
931;0
932;2
933;0
934;0
935;2
936;1
937;0
938;0
939;0
940;0
941;0
942;2
943;0
944;1
945;1
946;0
947;0
948;0
949;0
950;0
951;0
952;0
953;0
954;0
955;2
956;0
957;2
958;1
959;0
960;0
961;0
962;0
963;0
964;0
965;0
966;0
967;0
968;0
969;0
970;2
971;0
972;1
973;0
974;2
975;1
976;0
977;0
978;0
979;0
980;2
981;0
982;2
983;1
984;0
985;0
986;0
987;0
988;0
989;0
990;0
991;0
992;0
993;0
994;1
995;0
996;1
997;0
998;0
999;0
1000;1
1001;0
1002;1
1003;0
1004;0
1005;0
1006;0
1007;0
1008;2
1009;0
1010;2
1011;0
1012;1
1013;0
1014;0
1015;0
1016;0
1017;0
1018;0
1019;0
1020;0
1021;0
1022;0
1023;0
