0;0
1;0
2;0
3;0
4;2
5;0
6;0
7;2
8;2
9;0
10;2
11;0
12;0
13;1
14;0
15;0
16;0
17;1
18;0
19;0
20;0
21;1
22;2
23;2
24;0
25;0
26;0
27;0
28;2
29;2
30;0
31;0
32;0
33;0
34;2
35;0
36;2
37;0
38;0
39;0
40;1
41;0
42;0
43;0
44;1
45;0
46;0
47;0
48;2
49;2
50;2
51;2
52;2
53;0
54;2
55;2
56;0
57;0
58;0
59;2
60;0
61;0
62;0
63;0
64;0
65;1
66;1
67;0
68;1
69;0
70;2
71;1
72;0
73;2
74;0
75;0
76;0
77;0
78;1
79;0
80;0
81;0
82;0
83;0
84;0
85;0
86;1
87;0
88;0
89;0
90;1
91;0
92;2
93;0
94;0
95;2
96;2
97;0
98;2
99;2
100;2
101;0
102;2
103;0
104;0
105;0
106;0
107;1
108;0
109;0
110;0
111;2
112;1
113;0
114;0
115;2
116;0
117;0
118;1
119;0
120;0
121;2
122;1
123;0
124;0
125;0
126;0
127;0
128;0
129;0
130;0
131;1
132;0
133;0
134;2
135;1
136;0
137;0
138;0
139;1
140;2
141;2
142;1
143;0
144;2
145;0
146;2
147;2
148;2
149;0
150;0
151;0
152;2
153;0
154;2
155;1
156;0
157;2
158;1
159;0
160;0
161;1
162;0
163;0
164;2
165;0
166;0
167;0
168;0
169;2
170;2
171;0
172;1
173;2
174;0
175;0
176;0
177;0
178;0
179;2
180;1
181;0
182;0
183;0
184;2
185;0
186;1
187;0
188;2
189;0
190;0
191;0
192;1
193;0
194;1
195;0
196;0
197;2
198;0
199;0
200;2
201;0
202;1
203;0
204;2
205;0
206;0
207;0
208;0
209;0
210;2
211;2
212;1
213;0
214;1
215;0
216;0
217;0
218;0
219;0
220;0
221;0
222;0
223;1
224;0
225;0
226;2
227;0
228;0
229;0
230;0
231;0
232;2
233;0
234;2
235;0
236;0
237;0
238;2
239;1
240;0
241;0
242;1
243;2
244;2
245;0
246;1
247;0
248;0
249;2
250;1
251;1
252;0
253;1
254;0
255;0
256;2
257;0
258;1
259;0
260;0
261;2
262;0
263;1
264;1
265;0
266;0
267;2
268;0
269;0
270;0
271;0
272;0
273;0
274;0
275;0
276;0
277;0
278;2
279;1
280;0
281;0
282;0
283;1
284;2
285;0
286;2
287;1
288;0
289;0
290;2
291;0
292;2
293;0
294;1
295;0
296;0
297;0
298;2
299;2
300;0
301;0
302;0
303;1
304;0
305;0
306;0
307;0
308;1
309;0
310;0
311;1
312;0
313;0
314;0
315;0
316;0
317;0
318;1
319;0
320;1
321;0
322;2
323;1
324;0
325;2
326;0
327;2
328;2
329;0
330;2
331;2
332;0
333;0
334;2
335;0
336;2
337;0
338;1
339;0
340;0
341;0
342;0
343;0
344;0
345;0
346;0
347;0
348;0
349;2
350;0
351;0
352;0
353;1
354;0
355;0
356;2
357;0
358;0
359;0
360;1
361;0
362;0
363;0
364;1
365;0
366;0
367;0
368;0
369;0
370;2
371;2
372;1
373;0
374;0
375;0
376;2
377;0
378;0
379;2
380;2
381;0
382;2
383;0
384;2
385;0
386;1
387;1
388;0
389;2
390;1
391;0
392;0
393;0
394;0
395;0
396;0
397;0
398;0
399;2
400;0
401;2
402;1
403;1
404;2
405;0
406;1
407;0
408;2
409;1
410;0
411;0
412;0
413;0
414;2
415;0
416;2
417;0
418;2
419;2
420;1
421;1
422;0
423;0
424;4
425;0
426;2
427;1
428;0
429;0
430;0
431;0
432;1
433;2
434;1
435;0
436;0
437;0
438;0
439;1
440;0
441;0
442;0
443;0
444;0
445;0
446;1
447;1
448;0
449;2
450;0
451;1
452;0
453;0
454;1
455;0
456;0
457;0
458;0
459;0
460;0
461;0
462;0
463;2
464;0
465;0
466;0
467;0
468;0
469;0
470;2
471;0
472;0
473;0
474;0
475;1
476;0
477;1
478;0
479;2
480;0
481;0
482;2
483;0
484;0
485;0
486;1
487;0
488;0
489;0
490;2
491;0
492;0
493;0
494;0
495;2
496;0
497;0
498;0
499;0
500;0
501;1
502;0
503;0
504;0
505;0
506;1
507;0
508;0
509;0
510;0
511;0
512;0
513;0
514;1
515;0
516;0
517;0
518;0
519;0
520;1
521;0
522;2
523;2
524;4
525;0
526;2
527;2
528;1
529;0
530;2
531;0
532;2
533;0
534;0
535;0
536;0
537;0
538;0
539;0
540;2
541;0
542;0
543;0
544;2
545;2
546;0
547;0
548;0
549;1
550;0
551;0
552;0
553;1
554;0
555;2
556;1
557;0
558;0
559;0
560;1
561;0
562;0
563;0
564;0
565;0
566;0
567;2
568;1
569;0
570;0
571;2
572;0
573;0
574;2
575;1
576;2
577;0
578;2
579;2
580;1
581;0
582;0
583;0
584;0
585;0
586;0
587;0
588;0
589;0
590;0
591;2
592;2
593;0
594;0
595;1
596;0
597;0
598;1
599;0
600;2
601;0
602;1
603;0
604;0
605;0
606;0
607;0
608;0
609;1
610;2
611;2
612;1
613;0
614;0
615;2
616;2
617;2
618;0
619;2
620;0
621;0
622;1
623;0
624;2
625;0
626;0
627;0
628;0
629;0
630;1
631;0
632;2
633;1
634;0
635;1
636;0
637;0
638;2
639;1
640;0
641;0
642;0
643;2
644;0
645;0
646;1
647;0
648;0
649;0
650;0
651;0
652;1
653;0
654;1
655;0
656;0
657;0
658;0
659;2
660;2
661;0
662;0
663;2
664;2
665;2
666;0
667;0
668;1
669;0
670;2
671;0
672;2
673;1
674;0
675;0
676;0
677;0
678;0
679;0
680;0
681;0
682;0
683;0
684;0
685;0
686;0
687;2
688;0
689;0
690;2
691;0
692;2
693;1
694;0
695;0
696;1
697;0
698;2
699;0
700;0
701;0
702;0
703;2
704;2
705;0
706;1
707;2
708;2
709;0
710;0
711;2
712;2
713;1
714;0
715;0
716;0
717;0
718;0
719;1
720;1
721;1
722;0
723;0
724;0
725;0
726;0
727;1
728;0
729;0
730;2
731;2
732;1
733;1
734;0
735;0
736;0
737;0
738;2
739;2
740;0
741;2
742;1
743;0
744;1
745;0
746;0
747;2
748;2
749;2
750;2
751;2
752;2
753;2
754;2
755;0
756;0
757;0
758;1
759;0
760;0
761;2
762;0
763;0
764;0
765;2
766;2
767;0
768;1
769;0
770;0
771;0
772;2
773;0
774;1
775;1
776;1
777;0
778;1
779;0
780;2
781;2
782;1
783;0
784;1
785;0
786;1
787;0
788;1
789;0
790;0
791;2
792;1
793;2
794;1
795;2
796;2
797;0
798;2
799;0
800;1
801;0
802;0
803;0
804;0
805;0
806;0
807;0
808;0
809;0
810;0
811;0
812;0
813;0
814;1
815;0
816;0
817;0
818;0
819;0
820;2
821;2
822;2
823;0
824;0
825;0
826;1
827;0
828;0
829;0
830;2
831;1
832;0
833;0
834;0
835;2
836;1
837;1
838;0
839;0
840;2
841;0
842;0
843;4
844;0
845;0
846;0
847;0
848;1
849;0
850;2
851;1
852;0
853;0
854;0
855;2
856;2
857;1
858;0
859;2
860;1
861;0
862;0
863;0
864;0
865;0
866;0
867;0
868;0
869;0
870;0
871;2
872;0
873;0
874;0
875;0
876;0
877;0
878;1
879;0
880;1
881;0
882;0
883;1
884;2
885;0
886;2
887;1
888;0
889;0
890;2
891;0
892;0
893;0
894;0
895;2
896;0
897;2
898;0
899;2
900;2
901;0
902;2
903;0
904;0
905;1
906;0
907;0
908;0
909;1
910;0
911;0
912;0
913;0
914;0
915;1
916;0
917;0
918;1
919;0
920;0
921;0
922;2
923;2
924;0
925;0
926;1
927;0
928;0
929;0
930;0
931;0
932;2
933;2
934;2
935;2
936;0
937;0
938;2
939;0
940;0
941;2
942;0
943;0
944;0
945;0
946;0
947;2
948;1
949;2
950;0
951;0
952;0
953;1
954;1
955;2
956;1
957;0
958;0
959;2
960;0
961;0
962;0
963;0
964;1
965;1
966;0
967;2
968;1
969;0
970;0
971;0
972;1
973;0
974;0
975;2
976;1
977;0
978;2
979;0
980;1
981;0
982;2
983;0
984;2
985;0
986;0
987;1
988;0
989;2
990;0
991;0
992;0
993;0
994;0
995;0
996;1
997;2
998;0
999;2
1000;0
1001;0
1002;0
1003;0
1004;1
1005;0
1006;0
1007;2
1008;0
1009;0
1010;2
1011;0
1012;0
1013;1
1014;0
1015;0
1016;0
1017;0
1018;0
1019;0
1020;0
1021;0
1022;0
1023;0
