0;1
1;1
2;0
3;2
4;2
5;0
6;2
7;2
8;2
9;2
10;2
11;0
12;2
13;2
14;0
15;0
16;0
17;0
18;0
19;2
20;0
21;0
22;0
23;0
24;0
25;0
26;0
27;2
28;0
29;2
30;2
31;2
32;2
33;0
34;0
35;1
36;0
37;0
38;2
39;0
40;0
41;0
42;0
43;1
44;0
45;0
46;0
47;0
48;0
49;0
50;0
51;0
52;0
53;2
54;2
55;0
56;0
57;1
58;0
59;2
60;2
61;1
62;0
63;0
64;0
65;1
66;0
67;1
68;0
69;0
70;0
71;2
72;0
73;0
74;0
75;0
76;0
77;0
78;0
79;1
80;0
81;0
82;0
83;0
84;0
85;1
86;2
87;0
88;1
89;0
90;0
91;0
92;1
93;1
94;0
95;0
96;0
97;1
98;0
99;2
100;2
101;0
102;2
103;2
104;2
105;0
106;0
107;0
108;0
109;2
110;1
111;0
112;2
113;0
114;0
115;0
116;0
117;1
118;0
119;1
120;1
121;0
122;0
123;1
124;0
125;0
126;0
127;2
128;1
129;0
130;0
131;2
132;2
133;0
134;2
135;0
136;2
137;0
138;1
139;0
140;2
141;0
142;2
143;0
144;2
145;2
146;2
147;0
148;0
149;0
150;0
151;0
152;0
153;1
154;0
155;0
156;0
157;0
158;1
159;0
160;0
161;2
162;0
163;0
164;2
165;1
166;0
167;2
168;0
169;0
170;0
171;0
172;1
173;0
174;0
175;0
176;1
177;2
178;0
179;2
180;0
181;0
182;2
183;2
184;0
185;0
186;0
187;0
188;1
189;0
190;0
191;2
192;2
193;0
194;0
195;1
196;0
197;1
198;0
199;2
200;1
201;0
202;0
203;1
204;2
205;0
206;2
207;1
208;1
209;0
210;0
211;1
212;0
213;1
214;0
215;2
216;0
217;0
218;0
219;0
220;0
221;0
222;2
223;1
224;2
225;1
226;0
227;0
228;2
229;0
230;0
231;0
232;0
233;0
234;1
235;0
236;0
237;0
238;0
239;2
240;1
241;0
242;0
243;0
244;0
245;0
246;0
247;0
248;2
249;0
250;0
251;2
252;0
253;0
254;0
255;0
256;2
257;0
258;0
259;1
260;0
261;0
262;0
263;0
264;2
265;0
266;0
267;1
268;0
269;2
270;2
271;1
272;0
273;0
274;0
275;0
276;0
277;1
278;0
279;0
280;0
281;0
282;2
283;0
284;0
285;1
286;0
287;0
288;0
289;1
290;0
291;0
292;0
293;1
294;0
295;1
296;0
297;1
298;0
299;0
300;0
301;0
302;1
303;0
304;1
305;0
306;0
307;0
308;0
309;0
310;0
311;0
312;0
313;0
314;2
315;1
316;0
317;1
318;1
319;1
320;0
321;2
322;1
323;0
324;2
325;0
326;0
327;0
328;0
329;0
330;0
331;1
332;0
333;0
334;0
335;1
336;0
337;0
338;2
339;2
340;0
341;2
342;2
343;0
344;0
345;0
346;0
347;0
348;0
349;0
350;0
351;2
352;0
353;0
354;0
355;0
356;0
357;1
358;0
359;1
360;0
361;0
362;0
363;0
364;0
365;2
366;2
367;2
368;2
369;2
370;2
371;2
372;2
373;0
374;0
375;2
376;0
377;0
378;1
379;0
380;0
381;0
382;0
383;0
384;2
385;0
386;0
387;1
388;0
389;0
390;0
391;0
392;2
393;0
394;0
395;0
396;2
397;0
398;0
399;0
400;0
401;0
402;1
403;0
404;0
405;0
406;0
407;0
408;2
409;0
410;2
411;2
412;0
413;0
414;0
415;0
416;0
417;2
418;1
419;2
420;0
421;2
422;0
423;0
424;0
425;1
426;0
427;1
428;0
429;0
430;0
431;2
432;0
433;2
434;0
435;0
436;1
437;0
438;0
439;0
440;2
441;0
442;0
443;2
444;1
445;0
446;0
447;2
448;0
449;2
450;0
451;0
452;1
453;0
454;0
455;0
456;0
457;1
458;0
459;2
460;0
461;0
462;0
463;0
464;1
465;0
466;0
467;1
468;0
469;1
470;0
471;0
472;2
473;1
474;0
475;0
476;2
477;0
478;0
479;0
480;2
481;2
482;2
483;2
484;2
485;0
486;0
487;1
488;0
489;0
490;0
491;0
492;0
493;1
494;0
495;0
496;0
497;2
498;2
499;2
500;2
501;0
502;0
503;0
504;0
505;2
506;0
507;0
508;1
509;0
510;0
511;0
512;0
513;0
514;0
515;0
516;0
517;0
518;0
519;1
520;0
521;2
522;2
523;1
524;0
525;0
526;0
527;0
528;0
529;0
530;0
531;0
532;0
533;0
534;1
535;0
536;0
537;1
538;0
539;2
540;2
541;0
542;0
543;1
544;0
545;2
546;0
547;0
548;2
549;0
550;2
551;2
552;0
553;2
554;0
555;2
556;0
557;0
558;0
559;1
560;0
561;0
562;2
563;2
564;2
565;0
566;2
567;2
568;2
569;0
570;0
571;0
572;1
573;0
574;0
575;0
576;1
577;0
578;0
579;0
580;2
581;0
582;0
583;2
584;4
585;0
586;2
587;2
588;1
589;0
590;0
591;0
592;2
593;2
594;0
595;2
596;0
597;0
598;0
599;0
600;1
601;0
602;0
603;0
604;0
605;2
606;0
607;0
608;0
609;1
610;0
611;0
612;2
613;0
614;0
615;0
616;0
617;0
618;0
619;0
620;0
621;2
622;0
623;1
624;0
625;2
626;2
627;0
628;2
629;0
630;0
631;0
632;0
633;0
634;0
635;1
636;0
637;0
638;0
639;0
640;0
641;1
642;0
643;1
644;0
645;0
646;2
647;0
648;0
649;2
650;1
651;0
652;0
653;0
654;0
655;1
656;0
657;2
658;0
659;0
660;0
661;2
662;2
663;0
664;0
665;0
666;0
667;0
668;0
669;0
670;0
671;0
672;2
673;0
674;0
675;0
676;1
677;0
678;1
679;0
680;2
681;0
682;0
683;0
684;0
685;0
686;0
687;2
688;2
689;1
690;0
691;0
692;2
693;2
694;0
695;0
696;0
697;0
698;0
699;2
700;0
701;0
702;0
703;0
704;0
705;1
706;0
707;0
708;0
709;2
710;2
711;0
712;0
713;2
714;0
715;2
716;2
717;2
718;0
719;1
720;0
721;0
722;1
723;0
724;0
725;0
726;0
727;0
728;0
729;0
730;0
731;2
732;0
733;2
734;2
735;2
736;0
737;0
738;0
739;1
740;0
741;0
742;0
743;1
744;0
745;0
746;0
747;0
748;2
749;0
750;0
751;0
752;0
753;2
754;0
755;2
756;0
757;0
758;1
759;0
760;2
761;0
762;0
763;0
764;0
765;1
766;1
767;0
768;2
769;1
770;0
771;0
772;0
773;1
774;0
775;0
776;0
777;0
778;1
779;0
780;1
781;0
782;0
783;0
784;0
785;0
786;2
787;0
788;1
789;0
790;0
791;0
792;0
793;0
794;2
795;0
796;2
797;0
798;0
799;2
800;0
801;1
802;0
803;0
804;1
805;0
806;0
807;2
808;2
809;0
810;0
811;0
812;0
813;0
814;0
815;2
816;2
817;0
818;0
819;1
820;0
821;0
822;2
823;1
824;1
825;0
826;2
827;2
828;1
829;0
830;0
831;0
832;0
833;2
834;2
835;2
836;1
837;0
838;0
839;0
840;0
841;1
842;0
843;0
844;2
845;2
846;0
847;0
848;0
849;0
850;2
851;0
852;1
853;0
854;1
855;0
856;0
857;0
858;0
859;0
860;0
861;1
862;0
863;2
864;1
865;0
866;0
867;0
868;0
869;0
870;0
871;2
872;1
873;1
874;1
875;0
876;0
877;0
878;0
879;2
880;2
881;0
882;0
883;0
884;0
885;1
886;0
887;2
888;2
889;0
890;0
891;2
892;0
893;0
894;0
895;2
896;0
897;0
898;0
899;1
900;0
901;0
902;2
903;2
904;1
905;0
906;0
907;2
908;1
909;0
910;0
911;0
912;1
913;0
914;0
915;0
916;0
917;2
918;2
919;1
920;1
921;0
922;2
923;0
924;1
925;0
926;0
927;0
928;0
929;2
930;1
931;2
932;2
933;1
934;0
935;0
936;0
937;0
938;0
939;2
940;0
941;0
942;0
943;2
944;0
945;0
946;1
947;2
948;0
949;1
950;0
951;0
952;0
953;0
954;0
955;2
956;0
957;0
958;2
959;2
960;1
961;0
962;2
963;2
964;1
965;0
966;0
967;2
968;4
969;0
970;2
971;2
972;0
973;0
974;2
975;0
976;2
977;0
978;0
979;1
980;0
981;0
982;0
983;0
984;2
985;0
986;1
987;0
988;2
989;0
990;0
991;1
992;0
993;0
994;0
995;0
996;1
997;0
998;2
999;2
1000;1
1001;0
1002;1
1003;0
1004;2
1005;0
1006;2
1007;1
1008;0
1009;1
1010;1
1011;0
1012;0
1013;0
1014;0
1015;1
1016;0
1017;0
1018;0
1019;0
1020;0
1021;0
1022;0
1023;0
