0;0
1;0
2;1
3;0
4;0
5;0
6;0
7;0
8;0
9;0
10;0
11;0
12;0
13;0
14;0
15;0
16;2
17;0
18;0
19;0
20;0
21;0
22;0
23;0
24;0
25;0
26;0
27;2
28;2
29;2
30;1
31;0
32;0
33;0
34;1
35;2
36;0
37;0
38;0
39;0
40;0
41;0
42;0
43;2
44;0
45;0
46;1
47;0
48;0
49;0
50;0
51;0
52;0
53;0
54;0
55;0
56;2
57;0
58;0
59;2
60;1
61;1
62;0
63;2
64;0
65;2
66;2
67;1
68;0
69;0
70;1
71;0
72;2
73;0
74;2
75;0
76;0
77;0
78;0
79;0
80;0
81;2
82;0
83;0
84;0
85;0
86;0
87;0
88;0
89;2
90;0
91;1
92;0
93;0
94;0
95;0
96;1
97;1
98;1
99;0
100;0
101;0
102;1
103;0
104;0
105;0
106;0
107;0
108;2
109;0
110;0
111;0
112;0
113;0
114;0
115;0
116;0
117;0
118;0
119;0
120;0
121;0
122;0
123;0
124;0
125;0
126;0
127;0
128;0
129;0
130;0
131;1
132;0
133;0
134;0
135;1
136;0
137;1
138;1
139;0
140;2
141;0
142;0
143;0
144;1
145;0
146;0
147;2
148;0
149;0
150;1
151;0
152;1
153;0
154;0
155;1
156;0
157;2
158;0
159;0
160;0
161;2
162;1
163;0
164;2
165;2
166;2
167;0
168;0
169;0
170;0
171;0
172;1
173;2
174;0
175;2
176;0
177;2
178;2
179;0
180;2
181;0
182;0
183;0
184;0
185;0
186;1
187;0
188;2
189;0
190;0
191;0
192;0
193;0
194;0
195;0
196;0
197;0
198;0
199;0
200;1
201;0
202;0
203;0
204;0
205;0
206;0
207;2
208;2
209;0
210;2
211;0
212;0
213;0
214;1
215;0
216;0
217;1
218;0
219;2
220;0
221;0
222;0
223;0
224;0
225;0
226;0
227;0
228;0
229;2
230;2
231;0
232;0
233;0
234;2
235;0
236;0
237;0
238;0
239;0
240;0
241;2
242;0
243;0
244;1
245;0
246;0
247;0
248;0
249;0
250;0
251;2
252;0
253;0
254;0
255;0
256;0
257;0
258;0
259;0
260;0
261;1
262;0
263;0
264;0
265;0
266;0
267;0
268;0
269;0
270;0
271;2
272;0
273;0
274;2
275;0
276;1
277;0
278;0
279;0
280;1
281;0
282;0
283;0
284;2
285;0
286;2
287;0
288;0
289;0
290;2
291;1
292;2
293;0
294;0
295;1
296;0
297;2
298;0
299;2
300;0
301;2
302;1
303;0
304;0
305;0
306;0
307;1
308;0
309;0
310;2
311;0
312;2
313;0
314;0
315;0
316;0
317;0
318;1
319;0
320;0
321;0
322;0
323;0
324;0
325;2
326;0
327;0
328;0
329;0
330;0
331;0
332;2
333;0
334;0
335;0
336;0
337;0
338;2
339;0
340;0
341;0
342;0
343;0
344;1
345;0
346;0
347;0
348;0
349;0
350;0
351;2
352;0
353;0
354;0
355;0
356;0
357;0
358;2
359;2
360;0
361;2
362;2
363;0
364;0
365;0
366;0
367;2
368;2
369;1
370;2
371;0
372;2
373;2
374;0
375;0
376;0
377;0
378;0
379;0
380;0
381;0
382;0
383;0
384;0
385;1
386;0
387;2
388;0
389;0
390;0
391;0
392;0
393;2
394;2
395;0
396;2
397;0
398;1
399;0
400;0
401;1
402;0
403;2
404;0
405;0
406;0
407;0
408;0
409;0
410;2
411;0
412;2
413;0
414;0
415;0
416;0
417;0
418;0
419;1
420;1
421;0
422;1
423;0
424;0
425;0
426;0
427;0
428;0
429;0
430;0
431;0
432;0
433;0
434;0
435;2
436;1
437;0
438;1
439;0
440;0
441;0
442;0
443;0
444;0
445;0
446;0
447;0
448;0
449;0
450;1
451;0
452;0
453;0
454;0
455;0
456;0
457;0
458;1
459;0
460;0
461;0
462;0
463;0
464;2
465;2
466;2
467;0
468;2
469;0
470;0
471;0
472;0
473;1
474;1
475;0
476;2
477;1
478;0
479;2
480;0
481;1
482;0
483;0
484;0
485;1
486;2
487;0
488;0
489;0
490;0
491;0
492;0
493;0
494;2
495;2
496;2
497;1
498;0
499;0
500;0
501;0
502;0
503;0
504;0
505;0
506;0
507;0
508;0
509;0
510;0
511;0
512;0
513;0
514;0
515;0
516;1
517;0
518;0
519;0
520;0
521;1
522;0
523;2
524;0
525;0
526;0
527;2
528;2
529;0
530;0
531;0
532;0
533;0
534;0
535;0
536;1
537;0
538;2
539;0
540;0
541;0
542;0
543;2
544;1
545;0
546;0
547;2
548;1
549;0
550;0
551;0
552;2
553;0
554;0
555;2
556;2
557;0
558;0
559;2
560;0
561;1
562;0
563;0
564;0
565;0
566;0
567;0
568;2
569;0
570;1
571;0
572;0
573;0
574;2
575;0
576;0
577;0
578;0
579;0
580;2
581;0
582;0
583;0
584;0
585;0
586;0
587;1
588;1
589;2
590;1
591;0
592;0
593;0
594;0
595;2
596;1
597;0
598;0
599;0
600;0
601;1
602;0
603;0
604;0
605;0
606;0
607;0
608;1
609;0
610;0
611;0
612;0
613;0
614;0
615;0
616;0
617;0
618;0
619;0
620;0
621;0
622;0
623;0
624;0
625;2
626;2
627;0
628;0
629;0
630;1
631;0
632;0
633;1
634;1
635;2
636;0
637;0
638;2
639;1
640;0
641;0
642;2
643;0
644;0
645;2
646;0
647;2
648;0
649;0
650;0
651;2
652;0
653;1
654;0
655;1
656;0
657;0
658;0
659;0
660;1
661;0
662;0
663;0
664;0
665;0
666;0
667;0
668;0
669;0
670;1
671;0
672;0
673;0
674;0
675;1
676;0
677;2
678;2
679;0
680;0
681;2
682;1
683;0
684;0
685;0
686;0
687;0
688;0
689;1
690;0
691;0
692;0
693;0
694;0
695;2
696;0
697;0
698;1
699;0
700;0
701;2
702;2
703;0
704;0
705;0
706;0
707;0
708;0
709;0
710;0
711;1
712;0
713;1
714;0
715;0
716;1
717;0
718;2
719;0
720;1
721;0
722;0
723;1
724;2
725;0
726;0
727;0
728;0
729;0
730;0
731;0
732;0
733;0
734;1
735;0
736;0
737;0
738;0
739;0
740;2
741;0
742;0
743;1
744;1
745;2
746;0
747;0
748;0
749;0
750;0
751;1
752;0
753;0
754;1
755;0
756;0
757;0
758;1
759;0
760;0
761;0
762;0
763;0
764;1
765;2
766;2
767;0
768;1
769;0
770;0
771;0
772;0
773;1
774;2
775;0
776;0
777;0
778;0
779;0
780;0
781;1
782;0
783;0
784;1
785;1
786;0
787;0
788;1
789;0
790;2
791;2
792;0
793;0
794;2
795;0
796;0
797;0
798;0
799;1
800;0
801;0
802;0
803;0
804;2
805;0
806;0
807;1
808;0
809;2
810;0
811;0
812;1
813;0
814;0
815;2
816;0
817;0
818;0
819;0
820;2
821;0
822;0
823;2
824;2
825;0
826;0
827;0
828;0
829;0
830;0
831;0
832;0
833;0
834;1
835;0
836;0
837;2
838;0
839;0
840;0
841;0
842;0
843;0
844;2
845;0
846;0
847;0
848;0
849;0
850;2
851;2
852;0
853;1
854;0
855;0
856;0
857;0
858;2
859;0
860;0
861;2
862;1
863;1
864;0
865;0
866;1
867;0
868;0
869;0
870;1
871;1
872;0
873;0
874;0
875;0
876;2
877;0
878;1
879;0
880;1
881;0
882;0
883;0
884;0
885;1
886;0
887;0
888;2
889;0
890;0
891;0
892;0
893;2
894;1
895;0
896;0
897;0
898;0
899;0
900;0
901;0
902;0
903;0
904;2
905;0
906;0
907;0
908;2
909;0
910;0
911;0
912;0
913;0
914;0
915;0
916;0
917;0
918;0
919;0
920;0
921;0
922;2
923;0
924;0
925;0
926;2
927;0
928;0
929;0
930;0
931;0
932;1
933;0
934;2
935;0
936;0
937;0
938;0
939;0
940;0
941;0
942;1
943;1
944;0
945;0
946;0
947;0
948;2
949;2
950;0
951;0
952;0
953;0
954;0
955;0
956;0
957;2
958;0
959;0
960;1
961;2
962;0
963;0
964;0
965;0
966;0
967;0
968;0
969;0
970;0
971;0
972;1
973;0
974;0
975;0
976;2
977;0
978;1
979;0
980;0
981;1
982;0
983;0
984;0
985;0
986;2
987;0
988;1
989;0
990;0
991;2
992;1
993;0
994;0
995;0
996;0
997;0
998;0
999;0
1000;1
1001;0
1002;0
1003;1
1004;0
1005;0
1006;2
1007;0
1008;0
1009;2
1010;1
1011;0
1012;1
1013;0
1014;0
1015;0
1016;0
1017;0
1018;0
1019;0
1020;0
1021;0
1022;0
1023;0
