0;1
1;0
2;0
3;2
4;2
5;0
6;2
7;0
8;2
9;0
10;2
11;0
12;1
13;0
14;0
15;0
16;2
17;0
18;0
19;0
20;2
21;1
22;0
23;0
24;1
25;0
26;0
27;2
28;2
29;0
30;0
31;0
32;2
33;0
34;0
35;0
36;2
37;2
38;0
39;2
40;0
41;0
42;0
43;0
44;0
45;0
46;0
47;0
48;0
49;0
50;0
51;2
52;0
53;0
54;0
55;1
56;0
57;0
58;0
59;0
60;2
61;0
62;0
63;0
64;0
65;0
66;0
67;0
68;0
69;0
70;0
71;0
72;1
73;0
74;0
75;0
76;2
77;2
78;0
79;0
80;1
81;0
82;0
83;0
84;2
85;0
86;0
87;0
88;1
89;0
90;0
91;0
92;0
93;0
94;0
95;0
96;0
97;0
98;1
99;0
100;1
101;0
102;0
103;0
104;0
105;0
106;1
107;0
108;0
109;1
110;0
111;0
112;2
113;0
114;0
115;0
116;1
117;2
118;2
119;0
120;2
121;0
122;0
123;0
124;2
125;2
126;0
127;0
128;4
129;0
130;0
131;0
132;0
133;0
134;0
135;0
136;2
137;2
138;0
139;0
140;1
141;0
142;0
143;0
144;0
145;0
146;0
147;2
148;1
149;0
150;0
151;0
152;4
153;0
154;2
155;2
156;2
157;0
158;2
159;0
160;2
161;1
162;0
163;0
164;1
165;0
166;0
167;2
168;0
169;0
170;0
171;0
172;0
173;0
174;0
175;0
176;0
177;2
178;2
179;0
180;2
181;0
182;0
183;1
184;1
185;1
186;1
187;0
188;0
189;0
190;0
191;0
192;1
193;0
194;0
195;1
196;0
197;0
198;2
199;2
200;0
201;2
202;0
203;0
204;1
205;0
206;0
207;2
208;0
209;0
210;0
211;0
212;0
213;0
214;1
215;2
216;1
217;0
218;0
219;0
220;2
221;0
222;0
223;0
224;0
225;2
226;0
227;0
228;1
229;0
230;1
231;0
232;0
233;0
234;0
235;0
236;1
237;0
238;0
239;0
240;2
241;0
242;2
243;2
244;2
245;1
246;2
247;0
248;0
249;0
250;0
251;2
252;0
253;0
254;0
255;0
256;2
257;0
258;0
259;0
260;0
261;0
262;2
263;0
264;0
265;0
266;1
267;0
268;1
269;1
270;0
271;2
272;2
273;0
274;0
275;0
276;0
277;0
278;1
279;1
280;0
281;2
282;2
283;2
284;1
285;0
286;0
287;0
288;2
289;0
290;0
291;0
292;0
293;0
294;0
295;0
296;0
297;0
298;0
299;2
300;0
301;0
302;1
303;0
304;0
305;0
306;1
307;1
308;0
309;0
310;2
311;0
312;0
313;2
314;2
315;0
316;0
317;2
318;0
319;1
320;0
321;0
322;2
323;2
324;2
325;1
326;1
327;0
328;0
329;1
330;0
331;1
332;2
333;0
334;0
335;0
336;2
337;2
338;2
339;1
340;0
341;0
342;0
343;0
344;0
345;0
346;0
347;0
348;2
349;2
350;0
351;0
352;2
353;2
354;2
355;2
356;0
357;0
358;2
359;0
360;0
361;2
362;0
363;0
364;2
365;0
366;0
367;0
368;0
369;0
370;0
371;2
372;1
373;0
374;1
375;1
376;0
377;1
378;0
379;0
380;2
381;1
382;0
383;2
384;2
385;0
386;0
387;0
388;1
389;0
390;0
391;0
392;4
393;0
394;0
395;0
396;0
397;0
398;0
399;0
400;2
401;0
402;0
403;0
404;0
405;1
406;0
407;0
408;0
409;2
410;2
411;1
412;1
413;2
414;0
415;0
416;0
417;0
418;2
419;1
420;0
421;0
422;0
423;1
424;0
425;0
426;2
427;2
428;0
429;0
430;2
431;0
432;2
433;2
434;0
435;2
436;2
437;0
438;0
439;0
440;1
441;0
442;2
443;2
444;2
445;0
446;1
447;0
448;1
449;0
450;1
451;2
452;1
453;0
454;0
455;0
456;2
457;2
458;0
459;2
460;1
461;0
462;1
463;0
464;1
465;0
466;0
467;0
468;1
469;0
470;0
471;0
472;0
473;0
474;1
475;0
476;2
477;2
478;2
479;0
480;2
481;0
482;0
483;0
484;0
485;0
486;0
487;2
488;2
489;2
490;2
491;0
492;0
493;0
494;0
495;0
496;1
497;0
498;0
499;0
500;0
501;2
502;2
503;1
504;0
505;0
506;2
507;0
508;0
509;1
510;0
511;0
512;2
513;0
514;0
515;0
516;0
517;1
518;0
519;0
520;2
521;2
522;0
523;0
524;4
525;2
526;1
527;0
528;0
529;2
530;2
531;2
532;2
533;2
534;1
535;0
536;2
537;0
538;0
539;0
540;0
541;1
542;2
543;0
544;0
545;0
546;0
547;2
548;0
549;0
550;0
551;0
552;0
553;2
554;2
555;2
556;2
557;0
558;1
559;0
560;0
561;0
562;2
563;1
564;1
565;0
566;0
567;1
568;1
569;2
570;2
571;2
572;1
573;1
574;2
575;2
576;2
577;0
578;0
579;0
580;0
581;0
582;0
583;2
584;0
585;1
586;0
587;0
588;2
589;0
590;1
591;0
592;2
593;0
594;0
595;0
596;1
597;0
598;0
599;0
600;0
601;0
602;2
603;2
604;1
605;0
606;0
607;0
608;2
609;0
610;2
611;2
612;2
613;0
614;2
615;0
616;1
617;0
618;0
619;0
620;2
621;1
622;0
623;2
624;2
625;0
626;1
627;0
628;0
629;0
630;1
631;0
632;0
633;0
634;0
635;0
636;0
637;1
638;0
639;0
640;0
641;1
642;0
643;0
644;0
645;0
646;0
647;0
648;2
649;0
650;0
651;0
652;0
653;2
654;1
655;0
656;2
657;0
658;2
659;0
660;0
661;0
662;0
663;1
664;2
665;2
666;1
667;0
668;1
669;1
670;0
671;0
672;2
673;1
674;2
675;0
676;0
677;2
678;1
679;0
680;0
681;0
682;0
683;0
684;0
685;0
686;0
687;0
688;1
689;0
690;0
691;1
692;0
693;0
694;2
695;0
696;2
697;2
698;0
699;2
700;0
701;2
702;1
703;0
704;4
705;1
706;0
707;2
708;2
709;0
710;0
711;0
712;2
713;1
714;0
715;0
716;1
717;0
718;2
719;0
720;2
721;0
722;0
723;0
724;2
725;2
726;2
727;0
728;0
729;0
730;2
731;2
732;0
733;2
734;0
735;0
736;0
737;0
738;0
739;0
740;0
741;0
742;1
743;2
744;2
745;2
746;2
747;0
748;1
749;0
750;0
751;0
752;0
753;0
754;1
755;0
756;0
757;0
758;0
759;0
760;0
761;0
762;1
763;0
764;1
765;0
766;0
767;1
768;4
769;0
770;2
771;2
772;2
773;0
774;2
775;0
776;2
777;1
778;1
779;1
780;1
781;0
782;0
783;0
784;0
785;0
786;0
787;0
788;0
789;2
790;2
791;1
792;2
793;0
794;2
795;2
796;1
797;0
798;0
799;0
800;0
801;0
802;0
803;1
804;0
805;0
806;0
807;0
808;0
809;2
810;2
811;0
812;0
813;0
814;2
815;1
816;0
817;1
818;0
819;0
820;1
821;0
822;0
823;0
824;2
825;2
826;2
827;2
828;2
829;0
830;0
831;0
832;0
833;1
834;2
835;2
836;0
837;0
838;1
839;0
840;1
841;0
842;2
843;2
844;2
845;0
846;2
847;2
848;2
849;2
850;2
851;0
852;1
853;0
854;0
855;0
856;0
857;0
858;0
859;0
860;0
861;0
862;0
863;1
864;0
865;0
866;0
867;0
868;0
869;0
870;0
871;0
872;0
873;0
874;0
875;0
876;0
877;2
878;1
879;0
880;0
881;0
882;2
883;1
884;0
885;0
886;1
887;0
888;0
889;2
890;0
891;0
892;2
893;1
894;0
895;0
896;2
897;0
898;2
899;1
900;2
901;2
902;1
903;0
904;1
905;0
906;2
907;2
908;1
909;0
910;0
911;0
912;4
913;0
914;0
915;1
916;2
917;0
918;2
919;0
920;1
921;0
922;0
923;0
924;0
925;0
926;2
927;0
928;0
929;0
930;0
931;0
932;2
933;2
934;0
935;0
936;0
937;0
938;0
939;0
940;1
941;0
942;2
943;2
944;1
945;0
946;0
947;0
948;2
949;0
950;2
951;1
952;0
953;0
954;2
955;0
956;0
957;2
958;2
959;2
960;2
961;2
962;0
963;0
964;0
965;1
966;0
967;2
968;0
969;1
970;0
971;1
972;0
973;0
974;0
975;0
976;0
977;2
978;2
979;2
980;2
981;0
982;0
983;0
984;0
985;0
986;1
987;0
988;1
989;0
990;0
991;0
992;0
993;0
994;0
995;1
996;0
997;0
998;0
999;0
1000;0
1001;0
1002;0
1003;0
1004;0
1005;0
1006;0
1007;2
1008;2
1009;0
1010;2
1011;0
1012;0
1013;0
1014;0
1015;0
1016;0
1017;0
1018;0
1019;0
1020;0
1021;0
1022;0
1023;0
