0;1
1;0
2;0
3;2
4;2
5;0
6;2
7;2
8;2
9;0
10;0
11;0
12;0
13;1
14;0
15;2
16;1
17;0
18;2
19;2
20;2
21;0
22;0
23;0
24;2
25;0
26;0
27;2
28;0
29;0
30;0
31;0
32;0
33;0
34;1
35;0
36;0
37;2
38;0
39;0
40;1
41;0
42;0
43;0
44;1
45;0
46;0
47;1
48;1
49;0
50;0
51;2
52;2
53;0
54;2
55;0
56;1
57;0
58;0
59;0
60;0
61;2
62;2
63;0
64;2
65;0
66;0
67;0
68;0
69;0
70;0
71;0
72;2
73;2
74;0
75;0
76;1
77;0
78;1
79;1
80;0
81;0
82;0
83;2
84;2
85;0
86;0
87;2
88;2
89;0
90;2
91;0
92;0
93;0
94;2
95;0
96;0
97;2
98;2
99;0
100;1
101;2
102;1
103;0
104;1
105;0
106;0
107;0
108;1
109;0
110;2
111;0
112;0
113;0
114;0
115;0
116;0
117;0
118;2
119;0
120;1
121;2
122;0
123;0
124;2
125;2
126;0
127;0
128;0
129;0
130;0
131;2
132;4
133;0
134;0
135;0
136;2
137;0
138;0
139;2
140;1
141;0
142;0
143;0
144;0
145;0
146;0
147;0
148;1
149;0
150;0
151;0
152;2
153;0
154;0
155;2
156;4
157;0
158;0
159;1
160;0
161;0
162;0
163;1
164;2
165;2
166;2
167;0
168;1
169;0
170;2
171;1
172;0
173;1
174;0
175;0
176;2
177;1
178;0
179;0
180;2
181;0
182;0
183;0
184;0
185;0
186;0
187;0
188;0
189;0
190;0
191;0
192;0
193;0
194;0
195;2
196;1
197;0
198;0
199;2
200;2
201;0
202;2
203;2
204;2
205;2
206;2
207;0
208;0
209;0
210;2
211;1
212;0
213;2
214;2
215;2
216;0
217;1
218;0
219;1
220;0
221;0
222;0
223;0
224;2
225;0
226;2
227;2
228;1
229;0
230;0
231;2
232;0
233;0
234;2
235;2
236;2
237;0
238;2
239;0
240;2
241;2
242;0
243;2
244;2
245;2
246;1
247;2
248;2
249;0
250;0
251;0
252;0
253;0
254;0
255;0
256;0
257;1
258;0
259;1
260;1
261;0
262;0
263;0
264;0
265;0
266;2
267;2
268;2
269;0
270;1
271;0
272;0
273;0
274;1
275;0
276;2
277;0
278;0
279;2
280;0
281;0
282;0
283;0
284;0
285;0
286;0
287;2
288;1
289;0
290;0
291;2
292;0
293;2
294;2
295;2
296;2
297;0
298;0
299;0
300;1
301;0
302;0
303;0
304;0
305;0
306;2
307;2
308;2
309;1
310;0
311;2
312;2
313;0
314;0
315;0
316;2
317;0
318;0
319;0
320;2
321;2
322;0
323;0
324;1
325;0
326;0
327;0
328;1
329;0
330;2
331;0
332;0
333;1
334;0
335;0
336;0
337;2
338;0
339;0
340;0
341;2
342;2
343;0
344;1
345;0
346;2
347;2
348;1
349;0
350;0
351;2
352;2
353;0
354;2
355;2
356;0
357;0
358;0
359;0
360;0
361;0
362;2
363;1
364;0
365;0
366;0
367;0
368;1
369;0
370;0
371;0
372;0
373;0
374;0
375;0
376;2
377;0
378;2
379;0
380;2
381;0
382;2
383;2
384;2
385;0
386;0
387;0
388;0
389;1
390;0
391;0
392;0
393;0
394;0
395;0
396;0
397;0
398;2
399;0
400;2
401;0
402;0
403;0
404;0
405;0
406;0
407;0
408;0
409;1
410;2
411;2
412;0
413;1
414;0
415;0
416;2
417;0
418;0
419;0
420;1
421;0
422;1
423;0
424;1
425;0
426;0
427;2
428;1
429;0
430;2
431;2
432;2
433;0
434;2
435;0
436;1
437;0
438;0
439;0
440;2
441;0
442;0
443;0
444;0
445;2
446;1
447;1
448;0
449;0
450;0
451;0
452;2
453;0
454;0
455;2
456;0
457;2
458;0
459;0
460;0
461;0
462;0
463;0
464;1
465;0
466;0
467;0
468;0
469;0
470;0
471;0
472;1
473;1
474;0
475;0
476;0
477;0
478;1
479;0
480;1
481;0
482;0
483;1
484;0
485;0
486;0
487;0
488;0
489;0
490;0
491;2
492;1
493;0
494;0
495;2
496;2
497;0
498;0
499;1
500;0
501;0
502;2
503;0
504;1
505;0
506;0
507;2
508;0
509;4
510;0
511;2
512;0
513;0
514;1
515;1
516;0
517;1
518;0
519;0
520;2
521;2
522;2
523;1
524;0
525;2
526;1
527;0
528;1
529;0
530;2
531;1
532;0
533;0
534;0
535;2
536;4
537;0
538;0
539;0
540;2
541;0
542;0
543;0
544;1
545;0
546;0
547;2
548;0
549;1
550;0
551;0
552;0
553;0
554;0
555;2
556;0
557;0
558;1
559;0
560;0
561;0
562;0
563;0
564;0
565;0
566;0
567;1
568;0
569;0
570;1
571;0
572;0
573;0
574;0
575;0
576;0
577;1
578;0
579;2
580;2
581;0
582;2
583;0
584;0
585;2
586;0
587;0
588;1
589;0
590;1
591;2
592;1
593;0
594;0
595;2
596;4
597;2
598;2
599;2
600;4
601;0
602;2
603;0
604;2
605;2
606;2
607;0
608;1
609;0
610;1
611;0
612;1
613;1
614;0
615;2
616;4
617;2
618;2
619;1
620;2
621;0
622;0
623;0
624;2
625;0
626;0
627;0
628;0
629;0
630;0
631;0
632;2
633;0
634;0
635;0
636;1
637;0
638;0
639;0
640;1
641;0
642;0
643;2
644;1
645;0
646;2
647;1
648;2
649;0
650;0
651;2
652;1
653;1
654;0
655;0
656;0
657;0
658;0
659;2
660;2
661;2
662;2
663;1
664;0
665;0
666;0
667;0
668;0
669;0
670;2
671;1
672;0
673;0
674;0
675;0
676;0
677;0
678;0
679;2
680;1
681;0
682;2
683;1
684;0
685;0
686;0
687;2
688;4
689;0
690;2
691;2
692;2
693;0
694;0
695;0
696;1
697;0
698;0
699;0
700;0
701;0
702;1
703;0
704;0
705;2
706;0
707;1
708;4
709;0
710;0
711;0
712;0
713;2
714;2
715;0
716;2
717;0
718;0
719;0
720;0
721;0
722;2
723;0
724;0
725;2
726;2
727;0
728;1
729;0
730;0
731;0
732;0
733;1
734;1
735;0
736;1
737;0
738;1
739;0
740;1
741;0
742;0
743;2
744;0
745;0
746;1
747;2
748;1
749;0
750;0
751;2
752;2
753;0
754;0
755;2
756;2
757;0
758;2
759;0
760;0
761;1
762;0
763;0
764;0
765;0
766;0
767;0
768;1
769;0
770;2
771;0
772;1
773;0
774;0
775;0
776;1
777;1
778;0
779;1
780;0
781;0
782;2
783;2
784;2
785;0
786;2
787;0
788;0
789;0
790;0
791;0
792;0
793;1
794;0
795;0
796;0
797;0
798;0
799;0
800;0
801;0
802;0
803;0
804;0
805;0
806;2
807;0
808;4
809;2
810;2
811;0
812;2
813;0
814;0
815;0
816;2
817;2
818;0
819;1
820;0
821;0
822;2
823;2
824;2
825;0
826;0
827;0
828;0
829;0
830;0
831;0
832;0
833;2
834;2
835;0
836;0
837;0
838;0
839;0
840;0
841;0
842;2
843;0
844;2
845;0
846;2
847;1
848;0
849;0
850;2
851;2
852;1
853;0
854;0
855;2
856;1
857;0
858;2
859;2
860;2
861;0
862;0
863;0
864;0
865;0
866;1
867;0
868;0
869;0
870;0
871;0
872;0
873;0
874;0
875;0
876;1
877;2
878;1
879;0
880;2
881;0
882;2
883;0
884;1
885;0
886;1
887;0
888;0
889;0
890;2
891;0
892;0
893;0
894;2
895;2
896;1
897;0
898;0
899;2
900;2
901;2
902;1
903;2
904;2
905;0
906;2
907;0
908;1
909;0
910;0
911;0
912;0
913;2
914;2
915;2
916;2
917;0
918;0
919;0
920;1
921;0
922;0
923;0
924;0
925;0
926;0
927;0
928;0
929;2
930;2
931;0
932;1
933;0
934;1
935;1
936;0
937;2
938;1
939;2
940;2
941;0
942;0
943;0
944;2
945;1
946;0
947;0
948;1
949;0
950;1
951;0
952;1
953;0
954;2
955;2
956;1
957;0
958;0
959;2
960;2
961;0
962;2
963;1
964;0
965;0
966;0
967;0
968;1
969;1
970;0
971;0
972;0
973;2
974;0
975;0
976;0
977;0
978;2
979;2
980;2
981;1
982;0
983;2
984;1
985;0
986;0
987;0
988;0
989;1
990;0
991;0
992;2
993;1
994;0
995;0
996;1
997;0
998;1
999;0
1000;1
1001;0
1002;0
1003;2
1004;2
1005;0
1006;2
1007;2
1008;2
1009;0
1010;2
1011;0
1012;1
1013;0
1014;1
1015;1
1016;0
1017;0
1018;0
1019;0
1020;0
1021;0
1022;0
1023;0
