0;0
1;0
2;2
3;2
4;4
5;0
6;2
7;2
8;2
9;0
10;2
11;0
12;1
13;0
14;0
15;0
16;0
17;2
18;1
19;2
20;2
21;2
22;0
23;0
24;0
25;2
26;1
27;0
28;2
29;0
30;0
31;2
32;2
33;0
34;0
35;0
36;0
37;2
38;0
39;2
40;0
41;0
42;1
43;0
44;1
45;0
46;0
47;0
48;0
49;2
50;0
51;2
52;0
53;2
54;2
55;2
56;2
57;0
58;1
59;0
60;0
61;0
62;0
63;0
64;0
65;0
66;0
67;1
68;0
69;0
70;1
71;1
72;2
73;2
74;0
75;0
76;0
77;0
78;0
79;2
80;1
81;0
82;0
83;0
84;0
85;2
86;1
87;2
88;0
89;0
90;0
91;0
92;2
93;0
94;0
95;0
96;0
97;1
98;0
99;1
100;0
101;0
102;0
103;0
104;0
105;0
106;1
107;0
108;0
109;0
110;0
111;0
112;0
113;0
114;0
115;0
116;2
117;1
118;2
119;0
120;1
121;0
122;1
123;1
124;0
125;1
126;0
127;0
128;4
129;0
130;0
131;0
132;0
133;0
134;1
135;0
136;2
137;2
138;0
139;0
140;2
141;2
142;0
143;0
144;0
145;2
146;0
147;2
148;0
149;2
150;0
151;0
152;0
153;0
154;0
155;0
156;2
157;0
158;0
159;0
160;2
161;2
162;2
163;0
164;1
165;0
166;0
167;0
168;0
169;2
170;1
171;2
172;1
173;0
174;0
175;1
176;2
177;0
178;0
179;0
180;2
181;1
182;0
183;0
184;0
185;0
186;2
187;0
188;0
189;1
190;0
191;0
192;2
193;0
194;0
195;2
196;0
197;0
198;0
199;0
200;0
201;0
202;0
203;2
204;1
205;0
206;2
207;0
208;0
209;0
210;0
211;0
212;0
213;2
214;0
215;0
216;1
217;2
218;2
219;2
220;0
221;0
222;0
223;0
224;1
225;1
226;0
227;0
228;0
229;0
230;2
231;2
232;0
233;1
234;1
235;0
236;2
237;0
238;0
239;0
240;0
241;0
242;0
243;0
244;2
245;0
246;0
247;0
248;0
249;0
250;1
251;0
252;0
253;0
254;0
255;0
256;0
257;0
258;0
259;0
260;0
261;0
262;1
263;0
264;2
265;0
266;0
267;1
268;0
269;0
270;2
271;0
272;1
273;1
274;0
275;0
276;2
277;0
278;0
279;0
280;0
281;0
282;0
283;0
284;1
285;0
286;2
287;2
288;0
289;0
290;0
291;0
292;0
293;0
294;1
295;2
296;0
297;0
298;0
299;0
300;2
301;2
302;1
303;0
304;0
305;2
306;0
307;0
308;0
309;0
310;2
311;2
312;2
313;0
314;0
315;0
316;0
317;2
318;1
319;0
320;2
321;0
322;0
323;0
324;1
325;0
326;0
327;2
328;1
329;0
330;0
331;0
332;0
333;0
334;1
335;0
336;2
337;0
338;2
339;0
340;2
341;1
342;0
343;0
344;0
345;0
346;0
347;1
348;1
349;0
350;0
351;2
352;0
353;0
354;2
355;0
356;2
357;0
358;0
359;0
360;0
361;0
362;0
363;0
364;0
365;0
366;0
367;0
368;0
369;0
370;0
371;0
372;1
373;0
374;0
375;0
376;2
377;0
378;0
379;1
380;0
381;1
382;0
383;0
384;0
385;2
386;0
387;0
388;0
389;2
390;0
391;0
392;0
393;2
394;2
395;1
396;0
397;0
398;2
399;0
400;0
401;1
402;0
403;2
404;4
405;0
406;2
407;0
408;0
409;2
410;1
411;2
412;2
413;0
414;0
415;0
416;1
417;0
418;0
419;1
420;2
421;2
422;2
423;0
424;1
425;0
426;2
427;2
428;0
429;0
430;1
431;0
432;1
433;0
434;4
435;2
436;0
437;0
438;2
439;0
440;2
441;2
442;1
443;1
444;2
445;0
446;2
447;2
448;2
449;0
450;1
451;2
452;2
453;1
454;0
455;2
456;1
457;0
458;0
459;0
460;0
461;0
462;1
463;0
464;1
465;0
466;1
467;2
468;1
469;1
470;1
471;1
472;0
473;2
474;2
475;2
476;2
477;2
478;0
479;2
480;2
481;2
482;0
483;0
484;2
485;2
486;0
487;0
488;0
489;0
490;1
491;2
492;0
493;2
494;2
495;0
496;2
497;0
498;0
499;0
500;0
501;0
502;0
503;2
504;2
505;1
506;0
507;0
508;2
509;0
510;0
511;0
512;1
513;2
514;0
515;0
516;1
517;0
518;2
519;0
520;0
521;0
522;0
523;2
524;2
525;0
526;2
527;2
528;2
529;0
530;2
531;0
532;1
533;0
534;0
535;2
536;0
537;0
538;1
539;0
540;1
541;2
542;0
543;2
544;0
545;0
546;0
547;0
548;0
549;0
550;2
551;0
552;0
553;2
554;0
555;0
556;4
557;2
558;2
559;0
560;0
561;2
562;2
563;2
564;2
565;0
566;0
567;2
568;2
569;0
570;0
571;2
572;2
573;1
574;2
575;0
576;0
577;0
578;0
579;0
580;0
581;0
582;0
583;1
584;0
585;1
586;0
587;0
588;2
589;2
590;0
591;0
592;0
593;0
594;2
595;0
596;0
597;0
598;0
599;0
600;1
601;2
602;2
603;2
604;2
605;1
606;0
607;2
608;1
609;0
610;0
611;0
612;2
613;0
614;0
615;0
616;0
617;1
618;0
619;0
620;2
621;2
622;2
623;1
624;0
625;0
626;0
627;0
628;0
629;1
630;0
631;0
632;0
633;0
634;0
635;0
636;0
637;0
638;0
639;0
640;0
641;2
642;2
643;2
644;2
645;0
646;0
647;0
648;2
649;1
650;0
651;0
652;0
653;0
654;0
655;0
656;0
657;1
658;0
659;0
660;0
661;0
662;0
663;2
664;0
665;0
666;0
667;0
668;2
669;0
670;0
671;0
672;0
673;0
674;1
675;2
676;2
677;0
678;2
679;0
680;0
681;0
682;1
683;1
684;0
685;0
686;1
687;1
688;0
689;1
690;0
691;0
692;0
693;1
694;2
695;0
696;0
697;0
698;1
699;0
700;2
701;0
702;2
703;2
704;0
705;0
706;0
707;0
708;1
709;0
710;0
711;1
712;2
713;2
714;0
715;0
716;2
717;0
718;2
719;2
720;0
721;2
722;2
723;2
724;1
725;0
726;0
727;0
728;1
729;0
730;0
731;2
732;2
733;0
734;1
735;2
736;2
737;0
738;2
739;0
740;2
741;0
742;1
743;2
744;0
745;0
746;1
747;0
748;2
749;0
750;0
751;0
752;2
753;0
754;2
755;0
756;2
757;0
758;2
759;2
760;0
761;2
762;0
763;0
764;0
765;0
766;0
767;0
768;0
769;0
770;2
771;1
772;0
773;0
774;2
775;2
776;0
777;0
778;0
779;2
780;0
781;0
782;1
783;0
784;2
785;0
786;0
787;0
788;0
789;2
790;0
791;0
792;0
793;0
794;0
795;1
796;0
797;0
798;0
799;0
800;0
801;0
802;0
803;1
804;0
805;0
806;0
807;2
808;1
809;1
810;0
811;0
812;0
813;0
814;0
815;0
816;0
817;0
818;2
819;0
820;0
821;2
822;0
823;0
824;1
825;0
826;2
827;0
828;1
829;0
830;1
831;2
832;1
833;0
834;0
835;0
836;1
837;0
838;2
839;1
840;1
841;0
842;0
843;0
844;0
845;2
846;2
847;2
848;1
849;1
850;0
851;1
852;0
853;0
854;2
855;2
856;2
857;0
858;0
859;2
860;2
861;0
862;0
863;2
864;1
865;1
866;0
867;0
868;0
869;1
870;0
871;0
872;2
873;0
874;2
875;2
876;2
877;0
878;0
879;2
880;0
881;0
882;0
883;0
884;0
885;0
886;0
887;0
888;0
889;1
890;0
891;0
892;0
893;0
894;0
895;1
896;0
897;0
898;1
899;0
900;0
901;0
902;0
903;2
904;2
905;2
906;2
907;1
908;0
909;0
910;2
911;0
912;1
913;0
914;0
915;0
916;2
917;0
918;0
919;2
920;1
921;0
922;0
923;0
924;0
925;2
926;2
927;0
928;0
929;0
930;0
931;1
932;2
933;0
934;0
935;0
936;1
937;0
938;2
939;1
940;0
941;1
942;2
943;0
944;0
945;1
946;0
947;0
948;0
949;0
950;2
951;0
952;1
953;1
954;0
955;1
956;0
957;0
958;0
959;0
960;0
961;2
962;0
963;2
964;2
965;0
966;0
967;0
968;0
969;0
970;0
971;0
972;0
973;2
974;0
975;0
976;0
977;0
978;0
979;1
980;0
981;0
982;0
983;0
984;0
985;0
986;0
987;0
988;0
989;0
990;0
991;2
992;0
993;0
994;0
995;0
996;1
997;1
998;0
999;0
1000;4
1001;0
1002;0
1003;0
1004;0
1005;2
1006;0
1007;2
1008;2
1009;1
1010;0
1011;0
1012;0
1013;0
1014;0
1015;0
1016;0
1017;0
1018;0
1019;0
1020;0
1021;0
1022;0
1023;0
