0;1
1;0
2;0
3;2
4;2
5;0
6;2
7;2
8;2
9;2
10;2
11;0
12;0
13;0
14;0
15;1
16;0
17;0
18;2
19;0
20;0
21;0
22;0
23;0
24;0
25;0
26;0
27;0
28;0
29;1
30;0
31;0
32;2
33;2
34;2
35;0
36;0
37;0
38;2
39;0
40;1
41;0
42;1
43;0
44;0
45;0
46;2
47;0
48;1
49;0
50;1
51;0
52;2
53;2
54;2
55;0
56;0
57;2
58;1
59;0
60;2
61;0
62;0
63;0
64;0
65;0
66;0
67;1
68;0
69;2
70;0
71;2
72;0
73;0
74;0
75;0
76;0
77;2
78;0
79;0
80;0
81;0
82;0
83;0
84;0
85;0
86;2
87;2
88;0
89;0
90;0
91;0
92;1
93;1
94;0
95;0
96;0
97;0
98;0
99;2
100;2
101;0
102;1
103;0
104;2
105;0
106;0
107;0
108;0
109;2
110;1
111;0
112;1
113;0
114;0
115;0
116;2
117;0
118;0
119;0
120;0
121;0
122;2
123;0
124;0
125;2
126;0
127;2
128;0
129;0
130;0
131;0
132;2
133;0
134;0
135;0
136;0
137;0
138;0
139;1
140;0
141;0
142;0
143;0
144;0
145;0
146;2
147;0
148;1
149;0
150;0
151;0
152;2
153;1
154;0
155;2
156;0
157;0
158;0
159;0
160;0
161;0
162;0
163;0
164;1
165;2
166;0
167;0
168;0
169;0
170;2
171;0
172;0
173;1
174;0
175;0
176;2
177;0
178;0
179;0
180;2
181;2
182;2
183;0
184;0
185;0
186;0
187;0
188;2
189;0
190;1
191;0
192;0
193;1
194;2
195;1
196;0
197;0
198;1
199;0
200;2
201;2
202;1
203;0
204;2
205;0
206;0
207;1
208;0
209;0
210;1
211;1
212;0
213;0
214;0
215;0
216;0
217;0
218;0
219;1
220;1
221;0
222;0
223;0
224;2
225;0
226;0
227;0
228;0
229;2
230;0
231;0
232;2
233;2
234;0
235;0
236;0
237;2
238;0
239;0
240;0
241;0
242;2
243;0
244;0
245;1
246;0
247;1
248;2
249;0
250;0
251;2
252;0
253;1
254;0
255;0
256;0
257;0
258;2
259;0
260;0
261;0
262;2
263;0
264;1
265;1
266;0
267;0
268;0
269;0
270;0
271;0
272;0
273;1
274;0
275;0
276;2
277;2
278;2
279;2
280;1
281;0
282;0
283;0
284;0
285;1
286;0
287;0
288;0
289;0
290;1
291;0
292;1
293;1
294;0
295;1
296;4
297;0
298;2
299;0
300;2
301;0
302;0
303;0
304;2
305;0
306;1
307;0
308;0
309;0
310;2
311;0
312;0
313;0
314;0
315;1
316;1
317;0
318;2
319;0
320;1
321;0
322;0
323;0
324;0
325;0
326;0
327;0
328;0
329;0
330;2
331;2
332;1
333;0
334;0
335;0
336;1
337;2
338;2
339;1
340;0
341;0
342;0
343;0
344;2
345;0
346;0
347;0
348;0
349;0
350;0
351;0
352;0
353;0
354;0
355;0
356;0
357;0
358;0
359;0
360;0
361;0
362;0
363;1
364;0
365;0
366;0
367;1
368;0
369;2
370;0
371;0
372;2
373;2
374;2
375;0
376;2
377;0
378;2
379;0
380;0
381;2
382;0
383;0
384;2
385;0
386;0
387;2
388;2
389;0
390;0
391;0
392;0
393;0
394;0
395;0
396;2
397;0
398;0
399;0
400;1
401;0
402;0
403;0
404;0
405;0
406;0
407;0
408;1
409;1
410;0
411;0
412;0
413;0
414;0
415;2
416;0
417;0
418;0
419;0
420;0
421;0
422;2
423;2
424;0
425;0
426;0
427;0
428;0
429;0
430;2
431;0
432;0
433;0
434;0
435;2
436;0
437;0
438;2
439;0
440;2
441;0
442;0
443;2
444;2
445;0
446;0
447;0
448;0
449;2
450;2
451;0
452;0
453;2
454;0
455;0
456;0
457;0
458;0
459;2
460;0
461;2
462;1
463;0
464;0
465;0
466;0
467;0
468;0
469;1
470;0
471;1
472;0
473;2
474;2
475;0
476;0
477;0
478;0
479;0
480;0
481;0
482;2
483;0
484;1
485;0
486;2
487;2
488;1
489;0
490;0
491;1
492;0
493;0
494;0
495;1
496;1
497;1
498;0
499;0
500;0
501;1
502;2
503;2
504;2
505;0
506;0
507;0
508;0
509;2
510;2
511;0
512;1
513;1
514;0
515;0
516;0
517;0
518;0
519;0
520;0
521;0
522;1
523;0
524;0
525;0
526;1
527;1
528;0
529;0
530;0
531;0
532;0
533;2
534;0
535;0
536;0
537;0
538;0
539;0
540;0
541;1
542;0
543;1
544;2
545;0
546;2
547;0
548;0
549;0
550;0
551;0
552;1
553;2
554;2
555;2
556;0
557;2
558;0
559;0
560;0
561;0
562;2
563;0
564;0
565;1
566;0
567;0
568;0
569;0
570;0
571;0
572;0
573;0
574;0
575;0
576;0
577;0
578;0
579;0
580;0
581;0
582;0
583;0
584;0
585;0
586;0
587;0
588;0
589;0
590;0
591;0
592;0
593;0
594;2
595;0
596;0
597;2
598;0
599;0
600;0
601;0
602;0
603;1
604;0
605;1
606;0
607;0
608;1
609;0
610;2
611;0
612;0
613;0
614;0
615;2
616;2
617;0
618;0
619;0
620;0
621;0
622;1
623;0
624;0
625;2
626;0
627;0
628;0
629;2
630;1
631;0
632;2
633;0
634;0
635;1
636;0
637;2
638;0
639;0
640;0
641;1
642;0
643;0
644;1
645;0
646;0
647;2
648;0
649;0
650;2
651;0
652;1
653;0
654;0
655;0
656;0
657;0
658;0
659;2
660;2
661;0
662;2
663;1
664;2
665;0
666;0
667;0
668;2
669;0
670;2
671;0
672;0
673;0
674;0
675;2
676;0
677;0
678;1
679;0
680;2
681;0
682;0
683;2
684;0
685;2
686;2
687;2
688;0
689;2
690;0
691;0
692;0
693;1
694;1
695;0
696;1
697;0
698;0
699;0
700;0
701;0
702;0
703;1
704;0
705;0
706;0
707;0
708;0
709;0
710;0
711;1
712;0
713;0
714;1
715;0
716;2
717;0
718;1
719;0
720;0
721;2
722;0
723;0
724;1
725;2
726;0
727;2
728;0
729;2
730;1
731;0
732;2
733;2
734;2
735;0
736;2
737;0
738;2
739;0
740;0
741;2
742;0
743;0
744;1
745;0
746;0
747;0
748;0
749;2
750;0
751;2
752;0
753;0
754;2
755;0
756;2
757;0
758;2
759;0
760;0
761;2
762;0
763;0
764;0
765;1
766;0
767;0
768;0
769;2
770;2
771;0
772;2
773;0
774;0
775;0
776;0
777;0
778;1
779;1
780;0
781;0
782;0
783;0
784;1
785;0
786;0
787;0
788;0
789;2
790;2
791;0
792;2
793;0
794;1
795;2
796;2
797;2
798;0
799;0
800;1
801;0
802;0
803;2
804;1
805;0
806;1
807;0
808;1
809;2
810;2
811;2
812;2
813;0
814;2
815;2
816;2
817;0
818;0
819;0
820;2
821;0
822;0
823;1
824;0
825;0
826;0
827;0
828;0
829;0
830;1
831;1
832;0
833;0
834;0
835;2
836;1
837;0
838;2
839;0
840;0
841;2
842;1
843;0
844;0
845;0
846;0
847;2
848;0
849;0
850;0
851;0
852;2
853;0
854;0
855;0
856;0
857;0
858;2
859;1
860;0
861;0
862;0
863;0
864;0
865;0
866;1
867;0
868;0
869;0
870;0
871;0
872;1
873;0
874;0
875;0
876;0
877;2
878;2
879;0
880;0
881;2
882;0
883;0
884;0
885;0
886;2
887;0
888;0
889;1
890;2
891;1
892;0
893;2
894;0
895;0
896;0
897;0
898;0
899;0
900;0
901;0
902;0
903;2
904;0
905;0
906;0
907;0
908;0
909;0
910;2
911;0
912;1
913;0
914;1
915;0
916;1
917;0
918;0
919;0
920;1
921;0
922;1
923;0
924;0
925;0
926;2
927;2
928;2
929;0
930;2
931;0
932;1
933;0
934;0
935;0
936;0
937;1
938;2
939;0
940;0
941;1
942;0
943;0
944;1
945;0
946;2
947;2
948;0
949;0
950;0
951;0
952;0
953;0
954;2
955;0
956;0
957;0
958;2
959;0
960;0
961;0
962;2
963;0
964;0
965;0
966;2
967;2
968;0
969;0
970;0
971;2
972;1
973;0
974;2
975;0
976;2
977;0
978;2
979;2
980;2
981;0
982;0
983;0
984;0
985;0
986;0
987;1
988;1
989;0
990;0
991;4
992;2
993;2
994;2
995;2
996;1
997;0
998;2
999;1
1000;0
1001;0
1002;2
1003;2
1004;2
1005;0
1006;2
1007;2
1008;3
1009;0
1010;0
1011;0
1012;1
1013;1
1014;1
1015;1
1016;0
1017;0
1018;0
1019;0
1020;0
1021;0
1022;0
1023;0
