0;1
1;0
2;0
3;2
4;4
5;0
6;2
7;2
8;2
9;0
10;2
11;1
12;1
13;0
14;2
15;2
16;1
17;0
18;2
19;2
20;2
21;0
22;1
23;0
24;2
25;0
26;0
27;0
28;0
29;0
30;0
31;2
32;0
33;0
34;0
35;0
36;0
37;2
38;0
39;0
40;1
41;0
42;2
43;2
44;1
45;0
46;0
47;2
48;4
49;0
50;2
51;2
52;2
53;0
54;2
55;0
56;1
57;0
58;0
59;0
60;0
61;0
62;0
63;1
64;0
65;0
66;0
67;1
68;0
69;0
70;0
71;0
72;2
73;2
74;2
75;2
76;2
77;0
78;0
79;1
80;0
81;0
82;0
83;0
84;0
85;2
86;1
87;0
88;2
89;0
90;0
91;1
92;0
93;0
94;2
95;0
96;2
97;0
98;0
99;0
100;0
101;0
102;0
103;1
104;0
105;0
106;2
107;2
108;1
109;0
110;0
111;2
112;4
113;0
114;2
115;2
116;2
117;0
118;2
119;0
120;2
121;2
122;2
123;0
124;2
125;2
126;0
127;0
128;0
129;0
130;0
131;1
132;1
133;0
134;0
135;0
136;2
137;0
138;2
139;2
140;1
141;0
142;0
143;2
144;0
145;0
146;2
147;2
148;1
149;0
150;0
151;2
152;4
153;0
154;2
155;2
156;2
157;0
158;2
159;0
160;1
161;0
162;0
163;0
164;0
165;0
166;2
167;2
168;1
169;0
170;0
171;0
172;2
173;0
174;0
175;1
176;0
177;2
178;0
179;0
180;0
181;0
182;0
183;0
184;0
185;2
186;0
187;0
188;0
189;0
190;0
191;1
192;0
193;0
194;2
195;0
196;0
197;0
198;2
199;2
200;2
201;0
202;0
203;0
204;0
205;0
206;0
207;1
208;4
209;2
210;0
211;0
212;2
213;2
214;2
215;2
216;2
217;0
218;0
219;0
220;2
221;0
222;0
223;0
224;0
225;0
226;0
227;1
228;0
229;1
230;0
231;1
232;1
233;0
234;0
235;0
236;0
237;2
238;2
239;2
240;1
241;0
242;2
243;2
244;1
245;0
246;0
247;2
248;4
249;0
250;2
251;2
252;2
253;0
254;2
255;0
256;2
257;2
258;1
259;2
260;1
261;0
262;2
263;2
264;1
265;0
266;0
267;2
268;4
269;0
270;2
271;2
272;2
273;0
274;2
275;0
276;2
277;0
278;0
279;0
280;2
281;0
282;0
283;0
284;0
285;0
286;0
287;0
288;0
289;0
290;2
291;2
292;1
293;1
294;1
295;2
296;1
297;2
298;2
299;2
300;2
301;2
302;1
303;0
304;2
305;2
306;1
307;0
308;2
309;0
310;0
311;1
312;0
313;0
314;0
315;1
316;0
317;0
318;1
319;0
320;0
321;1
322;0
323;0
324;0
325;1
326;0
327;0
328;0
329;2
330;0
331;0
332;0
333;2
334;0
335;0
336;1
337;0
338;0
339;0
340;2
341;0
342;0
343;0
344;0
345;2
346;0
347;2
348;0
349;0
350;0
351;0
352;0
353;0
354;0
355;0
356;0
357;0
358;2
359;2
360;1
361;0
362;0
363;2
364;4
365;0
366;2
367;2
368;2
369;0
370;2
371;0
372;2
373;0
374;0
375;0
376;0
377;0
378;0
379;0
380;2
381;0
382;0
383;0
384;0
385;0
386;0
387;0
388;0
389;1
390;2
391;0
392;0
393;2
394;1
395;2
396;2
397;0
398;0
399;1
400;0
401;0
402;2
403;2
404;1
405;0
406;0
407;2
408;4
409;0
410;2
411;2
412;4
413;0
414;2
415;0
416;1
417;0
418;2
419;2
420;4
421;0
422;0
423;0
424;0
425;2
426;2
427;2
428;2
429;0
430;0
431;0
432;2
433;0
434;0
435;4
436;0
437;0
438;0
439;0
440;0
441;0
442;2
443;2
444;1
445;0
446;0
447;2
448;4
449;0
450;2
451;2
452;2
453;0
454;2
455;0
456;1
457;0
458;2
459;2
460;1
461;0
462;2
463;0
464;0
465;0
466;2
467;2
468;1
469;0
470;0
471;0
472;0
473;2
474;2
475;2
476;1
477;0
478;2
479;2
480;1
481;0
482;0
483;2
484;4
485;0
486;2
487;2
488;4
489;1
490;2
491;0
492;2
493;2
494;2
495;2
496;2
497;1
498;1
499;0
500;1
501;1
502;0
503;2
504;0
505;1
506;1
507;4
508;1
509;4
510;4
511;4
512;4
513;2
514;2
515;2
516;2
517;2
518;2
519;2
520;1
521;0
522;0
523;0
524;0
525;0
526;0
527;2
528;2
529;0
530;1
531;0
532;0
533;0
534;0
535;1
536;0
537;0
538;2
539;2
540;1
541;0
542;0
543;2
544;4
545;0
546;2
547;2
548;2
549;0
550;2
551;0
552;1
553;0
554;0
555;0
556;0
557;0
558;0
559;1
560;0
561;0
562;0
563;2
564;1
565;0
566;0
567;0
568;0
569;0
570;0
571;1
572;0
573;1
574;0
575;2
576;2
577;0
578;2
579;0
580;0
581;2
582;0
583;0
584;1
585;1
586;0
587;0
588;0
589;1
590;0
591;2
592;2
593;0
594;0
595;0
596;0
597;0
598;2
599;2
600;1
601;0
602;0
603;2
604;4
605;0
606;2
607;2
608;2
609;0
610;2
611;0
612;2
613;0
614;0
615;0
616;0
617;1
618;0
619;0
620;2
621;0
622;0
623;0
624;2
625;0
626;0
627;0
628;0
629;0
630;0
631;0
632;2
633;0
634;2
635;0
636;2
637;0
638;0
639;2
640;0
641;0
642;0
643;0
644;0
645;0
646;0
647;2
648;2
649;0
650;0
651;1
652;0
653;0
654;0
655;0
656;0
657;0
658;0
659;0
660;0
661;1
662;0
663;0
664;0
665;0
666;0
667;0
668;0
669;0
670;0
671;0
672;1
673;0
674;2
675;2
676;1
677;0
678;0
679;2
680;4
681;0
682;2
683;2
684;2
685;0
686;2
687;0
688;1
689;0
690;0
691;0
692;0
693;0
694;1
695;0
696;1
697;0
698;0
699;0
700;0
701;0
702;2
703;2
704;1
705;0
706;1
707;0
708;1
709;0
710;0
711;0
712;0
713;0
714;1
715;0
716;0
717;0
718;2
719;2
720;1
721;0
722;0
723;2
724;4
725;0
726;2
727;2
728;2
729;0
730;2
731;0
732;2
733;0
734;1
735;2
736;1
737;0
738;0
739;0
740;0
741;1
742;0
743;0
744;0
745;0
746;0
747;0
748;0
749;0
750;0
751;2
752;0
753;0
754;2
755;0
756;1
757;0
758;2
759;2
760;1
761;0
762;0
763;2
764;4
765;0
766;2
767;2
768;2
769;0
770;2
771;0
772;2
773;0
774;0
775;1
776;0
777;0
778;0
779;1
780;0
781;2
782;0
783;1
784;2
785;0
786;2
787;0
788;2
789;0
790;2
791;0
792;1
793;0
794;0
795;1
796;0
797;2
798;2
799;2
800;1
801;0
802;2
803;2
804;1
805;0
806;0
807;2
808;4
809;0
810;2
811;2
812;2
813;1
814;4
815;1
816;4
817;2
818;2
819;2
820;2
821;2
822;2
823;2
824;1
825;0
826;0
827;0
828;2
829;0
830;0
831;0
832;0
833;0
834;0
835;0
836;2
837;0
838;1
839;0
840;2
841;0
842;0
843;1
844;0
845;0
846;1
847;0
848;0
849;0
850;2
851;2
852;0
853;0
854;0
855;1
856;0
857;2
858;0
859;0
860;0
861;1
862;0
863;0
864;1
865;0
866;0
867;0
868;0
869;0
870;2
871;2
872;1
873;0
874;0
875;2
876;4
877;0
878;2
879;2
880;2
881;0
882;2
883;0
884;1
885;2
886;0
887;0
888;1
889;0
890;0
891;0
892;0
893;0
894;0
895;1
896;0
897;2
898;0
899;0
900;1
901;0
902;2
903;2
904;1
905;0
906;0
907;2
908;4
909;0
910;2
911;2
912;2
913;0
914;2
915;0
916;2
917;0
918;0
919;1
920;0
921;0
922;0
923;1
924;0
925;1
926;0
927;0
928;0
929;2
930;0
931;0
932;0
933;0
934;2
935;4
936;2
937;0
938;2
939;2
940;1
941;0
942;2
943;2
944;1
945;0
946;0
947;2
948;4
949;0
950;2
951;2
952;2
953;0
954;2
955;0
956;2
957;0
958;2
959;0
960;0
961;0
962;0
963;0
964;1
965;0
966;0
967;1
968;0
969;0
970;0
971;0
972;0
973;0
974;0
975;0
976;0
977;1
978;0
979;0
980;0
981;0
982;0
983;1
984;0
985;0
986;0
987;0
988;0
989;0
990;0
991;1
992;0
993;2
994;2
995;2
996;2
997;0
998;0
999;1
1000;0
1001;2
1002;0
1003;0
1004;1
1005;1
1006;1
1007;0
1008;0
1009;0
1010;0
1011;1
1012;0
1013;0
1014;0
1015;1
1016;0
1017;0
1018;0
1019;0
1020;0
1021;0
1022;0
1023;0
