0;0
1;1
2;0
3;0
4;2
5;0
6;2
7;2
8;2
9;0
10;0
11;0
12;2
13;2
14;0
15;0
16;0
17;0
18;2
19;2
20;0
21;0
22;0
23;0
24;0
25;0
26;2
27;0
28;0
29;2
30;2
31;2
32;2
33;0
34;1
35;0
36;1
37;2
38;0
39;0
40;0
41;0
42;1
43;0
44;0
45;0
46;1
47;0
48;1
49;0
50;2
51;0
52;2
53;1
54;0
55;0
56;2
57;2
58;1
59;0
60;0
61;0
62;0
63;0
64;0
65;0
66;1
67;0
68;2
69;0
70;0
71;0
72;0
73;0
74;0
75;0
76;0
77;0
78;1
79;0
80;0
81;0
82;0
83;0
84;2
85;1
86;2
87;0
88;1
89;0
90;0
91;0
92;1
93;0
94;0
95;0
96;0
97;0
98;0
99;2
100;1
101;0
102;2
103;2
104;2
105;0
106;0
107;0
108;0
109;0
110;1
111;0
112;1
113;0
114;0
115;0
116;4
117;2
118;1
119;0
120;0
121;0
122;2
123;2
124;1
125;0
126;0
127;2
128;4
129;0
130;2
131;2
132;2
133;0
134;2
135;0
136;2
137;0
138;1
139;2
140;2
141;0
142;0
143;0
144;0
145;2
146;0
147;0
148;1
149;0
150;0
151;0
152;0
153;1
154;0
155;0
156;0
157;0
158;1
159;0
160;0
161;2
162;0
163;0
164;0
165;1
166;0
167;1
168;2
169;0
170;0
171;0
172;1
173;0
174;1
175;0
176;1
177;0
178;1
179;2
180;2
181;0
182;2
183;2
184;0
185;0
186;0
187;0
188;2
189;0
190;0
191;0
192;2
193;0
194;0
195;0
196;0
197;2
198;2
199;4
200;2
201;2
202;1
203;0
204;2
205;0
206;2
207;2
208;2
209;1
210;1
211;0
212;2
213;2
214;1
215;0
216;2
217;0
218;0
219;0
220;0
221;2
222;2
223;1
224;0
225;0
226;0
227;2
228;0
229;0
230;0
231;2
232;2
233;0
234;1
235;2
236;2
237;0
238;2
239;0
240;2
241;2
242;1
243;0
244;0
245;1
246;1
247;0
248;1
249;0
250;0
251;0
252;0
253;2
254;2
255;2
256;0
257;2
258;0
259;2
260;2
261;0
262;1
263;0
264;0
265;2
266;0
267;0
268;0
269;0
270;1
271;0
272;0
273;0
274;1
275;2
276;2
277;0
278;0
279;0
280;0
281;1
282;0
283;0
284;0
285;0
286;0
287;0
288;0
289;0
290;1
291;0
292;0
293;1
294;0
295;0
296;0
297;0
298;2
299;1
300;0
301;1
302;0
303;0
304;0
305;1
306;0
307;2
308;2
309;0
310;0
311;0
312;0
313;0
314;2
315;0
316;0
317;2
318;2
319;2
320;2
321;0
322;1
323;0
324;0
325;0
326;0
327;0
328;2
329;0
330;2
331;0
332;0
333;0
334;0
335;0
336;2
337;2
338;1
339;0
340;0
341;0
342;1
343;1
344;0
345;0
346;2
347;0
348;0
349;1
350;0
351;0
352;0
353;2
354;0
355;2
356;0
357;0
358;0
359;0
360;2
361;0
362;0
363;1
364;0
365;2
366;0
367;1
368;0
369;0
370;2
371;0
372;1
373;0
374;2
375;1
376;0
377;0
378;0
379;0
380;0
381;0
382;0
383;0
384;2
385;0
386;0
387;0
388;0
389;0
390;2
391;0
392;0
393;0
394;0
395;0
396;0
397;0
398;0
399;0
400;2
401;0
402;0
403;0
404;0
405;0
406;0
407;0
408;0
409;1
410;0
411;0
412;0
413;0
414;2
415;1
416;1
417;0
418;0
419;0
420;2
421;0
422;2
423;2
424;0
425;0
426;0
427;0
428;0
429;0
430;1
431;0
432;0
433;0
434;2
435;2
436;0
437;0
438;2
439;0
440;2
441;0
442;0
443;2
444;1
445;0
446;0
447;0
448;0
449;0
450;1
451;0
452;0
453;1
454;2
455;0
456;1
457;0
458;0
459;0
460;0
461;1
462;0
463;1
464;0
465;0
466;1
467;0
468;0
469;2
470;0
471;1
472;0
473;0
474;0
475;0
476;0
477;1
478;0
479;0
480;0
481;0
482;0
483;0
484;2
485;2
486;0
487;1
488;1
489;0
490;0
491;1
492;0
493;0
494;0
495;2
496;0
497;1
498;2
499;0
500;0
501;0
502;0
503;1
504;0
505;0
506;2
507;0
508;0
509;2
510;0
511;0
512;0
513;2
514;0
515;0
516;0
517;0
518;0
519;0
520;0
521;0
522;1
523;0
524;0
525;0
526;2
527;1
528;0
529;0
530;0
531;0
532;0
533;0
534;0
535;0
536;1
537;0
538;0
539;0
540;0
541;0
542;2
543;2
544;2
545;0
546;1
547;0
548;0
549;0
550;1
551;0
552;2
553;0
554;2
555;0
556;0
557;2
558;1
559;0
560;0
561;0
562;0
563;0
564;0
565;2
566;1
567;0
568;1
569;0
570;0
571;0
572;0
573;0
574;2
575;2
576;0
577;0
578;0
579;2
580;2
581;0
582;0
583;2
584;2
585;0
586;0
587;0
588;1
589;0
590;1
591;0
592;1
593;0
594;1
595;0
596;0
597;0
598;2
599;0
600;0
601;1
602;0
603;0
604;2
605;0
606;0
607;2
608;2
609;0
610;1
611;0
612;0
613;0
614;2
615;0
616;0
617;0
618;0
619;0
620;0
621;0
622;0
623;0
624;0
625;0
626;0
627;0
628;0
629;0
630;2
631;1
632;1
633;0
634;0
635;0
636;2
637;0
638;2
639;2
640;2
641;0
642;2
643;0
644;1
645;1
646;0
647;0
648;0
649;1
650;0
651;1
652;2
653;0
654;0
655;0
656;1
657;1
658;0
659;0
660;0
661;2
662;0
663;0
664;0
665;2
666;0
667;0
668;0
669;1
670;0
671;0
672;0
673;0
674;0
675;0
676;0
677;0
678;0
679;0
680;0
681;0
682;0
683;2
684;2
685;0
686;1
687;0
688;0
689;0
690;0
691;0
692;2
693;0
694;0
695;2
696;0
697;2
698;0
699;2
700;0
701;0
702;1
703;0
704;2
705;1
706;0
707;0
708;0
709;1
710;0
711;0
712;0
713;0
714;0
715;0
716;0
717;0
718;0
719;0
720;0
721;1
722;0
723;1
724;0
725;0
726;0
727;0
728;0
729;0
730;0
731;0
732;1
733;2
734;0
735;0
736;0
737;2
738;1
739;0
740;2
741;0
742;1
743;0
744;0
745;0
746;1
747;0
748;2
749;0
750;1
751;0
752;1
753;0
754;0
755;0
756;0
757;1
758;0
759;2
760;0
761;2
762;2
763;2
764;2
765;0
766;2
767;0
768;0
769;0
770;1
771;0
772;2
773;1
774;0
775;0
776;2
777;2
778;1
779;0
780;2
781;0
782;0
783;0
784;0
785;0
786;0
787;0
788;0
789;0
790;0
791;0
792;1
793;0
794;0
795;0
796;0
797;0
798;2
799;0
800;2
801;0
802;0
803;0
804;2
805;2
806;0
807;0
808;1
809;0
810;0
811;2
812;1
813;0
814;0
815;0
816;0
817;0
818;2
819;2
820;2
821;0
822;0
823;0
824;0
825;0
826;1
827;0
828;0
829;0
830;0
831;0
832;1
833;0
834;0
835;0
836;2
837;2
838;0
839;1
840;0
841;0
842;0
843;2
844;0
845;0
846;0
847;0
848;0
849;0
850;0
851;0
852;0
853;0
854;0
855;0
856;1
857;0
858;1
859;0
860;0
861;0
862;0
863;0
864;0
865;0
866;0
867;1
868;0
869;0
870;0
871;0
872;0
873;0
874;2
875;0
876;1
877;0
878;0
879;0
880;0
881;0
882;1
883;0
884;0
885;0
886;2
887;1
888;0
889;0
890;0
891;0
892;0
893;0
894;2
895;0
896;0
897;2
898;0
899;2
900;0
901;0
902;2
903;1
904;0
905;0
906;1
907;2
908;1
909;0
910;1
911;0
912;1
913;0
914;0
915;0
916;1
917;0
918;1
919;0
920;0
921;0
922;2
923;1
924;0
925;0
926;2
927;0
928;1
929;0
930;0
931;2
932;0
933;2
934;2
935;2
936;2
937;1
938;0
939;2
940;2
941;2
942;2
943;2
944;0
945;0
946;0
947;0
948;2
949;2
950;0
951;0
952;0
953;1
954;0
955;0
956;0
957;2
958;2
959;2
960;0
961;0
962;0
963;0
964;0
965;0
966;0
967;0
968;1
969;0
970;0
971;0
972;0
973;0
974;1
975;0
976;0
977;0
978;0
979;0
980;2
981;0
982;0
983;0
984;0
985;2
986;1
987;0
988;0
989;0
990;0
991;0
992;2
993;0
994;2
995;2
996;0
997;0
998;0
999;1
1000;0
1001;0
1002;0
1003;2
1004;2
1005;0
1006;2
1007;2
1008;2
1009;0
1010;0
1011;0
1012;1
1013;0
1014;1
1015;0
1016;0
1017;0
1018;0
1019;0
1020;0
1021;0
1022;0
1023;0
