0;0
1;0
2;0
3;0
4;4
5;0
6;0
7;1
8;0
9;2
10;0
11;0
12;1
13;0
14;2
15;0
16;1
17;0
18;0
19;0
20;0
21;0
22;0
23;0
24;0
25;0
26;0
27;0
28;0
29;0
30;0
31;2
32;0
33;2
34;2
35;2
36;2
37;0
38;0
39;0
40;0
41;0
42;0
43;0
44;0
45;0
46;0
47;0
48;0
49;0
50;0
51;0
52;0
53;0
54;0
55;0
56;0
57;0
58;0
59;0
60;0
61;0
62;0
63;0
64;1
65;0
66;0
67;0
68;2
69;0
70;0
71;2
72;0
73;0
74;1
75;2
76;1
77;0
78;0
79;0
80;0
81;0
82;0
83;2
84;1
85;0
86;1
87;0
88;0
89;0
90;0
91;0
92;1
93;0
94;1
95;0
96;0
97;0
98;1
99;1
100;0
101;1
102;0
103;2
104;0
105;2
106;2
107;0
108;0
109;0
110;2
111;0
112;1
113;0
114;0
115;0
116;1
117;0
118;1
119;0
120;1
121;0
122;2
123;1
124;0
125;0
126;0
127;2
128;0
129;0
130;0
131;0
132;2
133;0
134;1
135;0
136;0
137;0
138;2
139;0
140;0
141;2
142;1
143;2
144;0
145;1
146;0
147;0
148;0
149;0
150;2
151;0
152;1
153;0
154;0
155;2
156;1
157;2
158;4
159;2
160;2
161;0
162;0
163;0
164;1
165;0
166;1
167;0
168;2
169;0
170;0
171;0
172;0
173;1
174;0
175;2
176;2
177;2
178;0
179;0
180;2
181;0
182;2
183;0
184;2
185;2
186;2
187;2
188;1
189;0
190;0
191;0
192;0
193;0
194;0
195;0
196;1
197;0
198;0
199;0
200;0
201;0
202;2
203;2
204;1
205;0
206;0
207;0
208;0
209;1
210;0
211;2
212;0
213;0
214;2
215;0
216;2
217;0
218;0
219;0
220;0
221;0
222;0
223;0
224;1
225;1
226;0
227;2
228;0
229;0
230;2
231;0
232;0
233;0
234;0
235;0
236;2
237;2
238;0
239;2
240;0
241;2
242;2
243;0
244;1
245;0
246;0
247;0
248;0
249;2
250;0
251;0
252;0
253;0
254;2
255;0
256;0
257;0
258;0
259;2
260;2
261;0
262;1
263;0
264;0
265;0
266;0
267;0
268;2
269;2
270;1
271;1
272;0
273;0
274;0
275;1
276;0
277;0
278;0
279;0
280;0
281;0
282;2
283;0
284;0
285;1
286;0
287;0
288;1
289;0
290;0
291;2
292;0
293;0
294;0
295;0
296;0
297;0
298;0
299;2
300;2
301;0
302;0
303;1
304;0
305;0
306;0
307;0
308;0
309;0
310;0
311;1
312;2
313;1
314;0
315;0
316;2
317;0
318;0
319;0
320;1
321;2
322;1
323;0
324;0
325;0
326;0
327;0
328;0
329;0
330;0
331;0
332;2
333;0
334;2
335;0
336;0
337;2
338;0
339;0
340;0
341;0
342;0
343;0
344;0
345;0
346;2
347;0
348;0
349;0
350;0
351;2
352;1
353;1
354;0
355;2
356;2
357;0
358;0
359;2
360;2
361;0
362;2
363;2
364;1
365;0
366;0
367;0
368;0
369;0
370;2
371;0
372;0
373;0
374;0
375;0
376;2
377;0
378;2
379;0
380;2
381;0
382;0
383;0
384;2
385;0
386;0
387;0
388;1
389;0
390;0
391;0
392;0
393;0
394;0
395;2
396;2
397;0
398;2
399;0
400;2
401;0
402;2
403;0
404;0
405;1
406;0
407;0
408;0
409;0
410;0
411;1
412;2
413;0
414;1
415;0
416;0
417;0
418;2
419;0
420;1
421;0
422;0
423;1
424;0
425;1
426;2
427;0
428;0
429;1
430;0
431;0
432;1
433;0
434;0
435;0
436;0
437;0
438;0
439;0
440;1
441;1
442;0
443;0
444;2
445;0
446;2
447;0
448;2
449;0
450;0
451;0
452;0
453;0
454;1
455;0
456;0
457;1
458;0
459;2
460;0
461;0
462;1
463;1
464;0
465;2
466;0
467;2
468;2
469;2
470;2
471;2
472;1
473;0
474;2
475;0
476;1
477;1
478;0
479;0
480;0
481;1
482;2
483;1
484;0
485;0
486;0
487;0
488;0
489;0
490;2
491;1
492;0
493;0
494;0
495;0
496;1
497;0
498;0
499;0
500;2
501;0
502;0
503;2
504;0
505;0
506;0
507;0
508;2
509;0
510;0
511;2
512;0
513;0
514;2
515;1
516;0
517;0
518;0
519;1
520;1
521;0
522;0
523;0
524;1
525;0
526;2
527;0
528;0
529;0
530;0
531;0
532;2
533;0
534;2
535;1
536;0
537;0
538;1
539;2
540;1
541;0
542;0
543;1
544;0
545;2
546;2
547;1
548;0
549;0
550;2
551;1
552;0
553;0
554;0
555;1
556;0
557;0
558;0
559;0
560;2
561;0
562;2
563;0
564;2
565;0
566;0
567;0
568;0
569;0
570;1
571;0
572;1
573;0
574;0
575;0
576;2
577;1
578;0
579;2
580;0
581;0
582;0
583;2
584;1
585;0
586;0
587;0
588;0
589;0
590;0
591;0
592;0
593;0
594;0
595;0
596;1
597;0
598;0
599;0
600;4
601;0
602;2
603;2
604;0
605;0
606;0
607;0
608;2
609;0
610;2
611;0
612;0
613;0
614;2
615;1
616;1
617;0
618;0
619;0
620;0
621;0
622;0
623;1
624;1
625;0
626;1
627;2
628;2
629;0
630;2
631;1
632;0
633;0
634;2
635;0
636;2
637;0
638;0
639;0
640;2
641;0
642;0
643;0
644;0
645;0
646;1
647;0
648;1
649;0
650;0
651;1
652;0
653;0
654;0
655;1
656;0
657;0
658;0
659;0
660;1
661;0
662;0
663;2
664;0
665;0
666;1
667;2
668;1
669;0
670;0
671;2
672;0
673;0
674;1
675;0
676;0
677;0
678;0
679;0
680;2
681;0
682;0
683;2
684;2
685;0
686;2
687;2
688;0
689;0
690;0
691;0
692;0
693;2
694;0
695;2
696;0
697;0
698;0
699;0
700;1
701;0
702;0
703;2
704;1
705;1
706;2
707;1
708;0
709;2
710;2
711;2
712;0
713;1
714;0
715;0
716;0
717;0
718;0
719;0
720;1
721;0
722;0
723;0
724;1
725;0
726;0
727;0
728;0
729;0
730;0
731;0
732;0
733;2
734;0
735;0
736;0
737;2
738;0
739;0
740;1
741;0
742;0
743;2
744;0
745;0
746;1
747;0
748;0
749;0
750;0
751;0
752;0
753;2
754;1
755;1
756;0
757;0
758;0
759;0
760;1
761;0
762;2
763;1
764;0
765;0
766;0
767;0
768;1
769;0
770;0
771;0
772;0
773;0
774;0
775;0
776;2
777;0
778;0
779;0
780;2
781;0
782;2
783;0
784;0
785;0
786;0
787;1
788;0
789;0
790;0
791;0
792;0
793;2
794;0
795;0
796;0
797;0
798;0
799;2
800;0
801;0
802;0
803;2
804;0
805;0
806;2
807;2
808;2
809;0
810;0
811;0
812;1
813;0
814;0
815;0
816;0
817;0
818;0
819;0
820;0
821;0
822;0
823;0
824;1
825;0
826;0
827;0
828;1
829;0
830;0
831;0
832;1
833;0
834;0
835;0
836;2
837;0
838;2
839;0
840;2
841;0
842;2
843;0
844;2
845;0
846;0
847;0
848;0
849;1
850;0
851;0
852;1
853;1
854;0
855;0
856;0
857;0
858;2
859;0
860;0
861;0
862;0
863;2
864;1
865;0
866;0
867;2
868;2
869;0
870;2
871;2
872;2
873;0
874;0
875;0
876;0
877;1
878;0
879;2
880;2
881;0
882;0
883;0
884;0
885;0
886;2
887;0
888;0
889;0
890;0
891;1
892;0
893;0
894;0
895;0
896;0
897;0
898;0
899;0
900;0
901;0
902;0
903;1
904;2
905;0
906;0
907;0
908;0
909;2
910;0
911;1
912;0
913;1
914;0
915;1
916;0
917;0
918;0
919;2
920;2
921;0
922;1
923;0
924;0
925;0
926;2
927;2
928;1
929;0
930;0
931;2
932;1
933;0
934;0
935;0
936;0
937;0
938;2
939;0
940;0
941;0
942;0
943;0
944;0
945;0
946;0
947;1
948;0
949;0
950;0
951;0
952;2
953;2
954;0
955;2
956;2
957;1
958;2
959;0
960;1
961;0
962;0
963;0
964;0
965;0
966;0
967;0
968;1
969;0
970;0
971;0
972;1
973;0
974;0
975;0
976;0
977;0
978;0
979;2
980;0
981;0
982;2
983;1
984;0
985;0
986;0
987;1
988;2
989;0
990;2
991;1
992;0
993;2
994;1
995;0
996;1
997;0
998;0
999;0
1000;0
1001;0
1002;0
1003;0
1004;0
1005;1
1006;0
1007;0
1008;1
1009;0
1010;0
1011;0
1012;0
1013;1
1014;0
1015;1
1016;0
1017;0
1018;0
1019;0
1020;0
1021;0
1022;0
1023;0
