0;1
1;0
2;0
3;2
4;2
5;0
6;0
7;1
8;0
9;0
10;2
11;0
12;0
13;0
14;0
15;0
16;0
17;0
18;0
19;0
20;1
21;0
22;0
23;0
24;0
25;0
26;0
27;0
28;1
29;0
30;2
31;2
32;2
33;0
34;0
35;0
36;4
37;0
38;2
39;0
40;0
41;0
42;0
43;0
44;2
45;0
46;2
47;0
48;2
49;0
50;1
51;0
52;2
53;0
54;1
55;0
56;0
57;2
58;2
59;2
60;1
61;0
62;0
63;0
64;0
65;0
66;0
67;0
68;2
69;0
70;2
71;2
72;0
73;0
74;0
75;0
76;0
77;0
78;0
79;0
80;1
81;0
82;0
83;0
84;0
85;1
86;2
87;0
88;1
89;0
90;0
91;0
92;1
93;0
94;0
95;0
96;1
97;1
98;0
99;0
100;1
101;0
102;2
103;2
104;1
105;0
106;0
107;0
108;2
109;2
110;0
111;0
112;1
113;0
114;0
115;0
116;2
117;0
118;0
119;0
120;1
121;0
122;0
123;0
124;0
125;0
126;0
127;2
128;0
129;0
130;0
131;2
132;2
133;0
134;0
135;0
136;1
137;0
138;2
139;1
140;0
141;0
142;0
143;0
144;0
145;0
146;2
147;1
148;0
149;0
150;0
151;0
152;2
153;1
154;0
155;2
156;0
157;0
158;0
159;0
160;0
161;0
162;0
163;0
164;2
165;2
166;1
167;2
168;1
169;0
170;2
171;0
172;0
173;1
174;0
175;0
176;2
177;0
178;0
179;0
180;2
181;0
182;0
183;0
184;1
185;0
186;1
187;4
188;2
189;1
190;0
191;1
192;4
193;1
194;2
195;2
196;2
197;2
198;2
199;2
200;2
201;1
202;0
203;2
204;2
205;0
206;0
207;0
208;1
209;0
210;1
211;1
212;0
213;0
214;0
215;0
216;1
217;0
218;0
219;1
220;1
221;0
222;0
223;0
224;1
225;2
226;0
227;0
228;0
229;2
230;0
231;0
232;0
233;0
234;1
235;0
236;1
237;2
238;2
239;0
240;0
241;0
242;0
243;0
244;2
245;2
246;2
247;0
248;0
249;0
250;0
251;0
252;0
253;0
254;0
255;0
256;0
257;0
258;2
259;1
260;0
261;0
262;1
263;0
264;0
265;0
266;0
267;0
268;0
269;0
270;0
271;0
272;4
273;1
274;0
275;0
276;2
277;2
278;2
279;2
280;1
281;0
282;0
283;0
284;0
285;0
286;2
287;0
288;0
289;2
290;2
291;2
292;2
293;0
294;1
295;0
296;0
297;2
298;0
299;0
300;1
301;0
302;0
303;2
304;1
305;0
306;2
307;2
308;4
309;0
310;2
311;2
312;2
313;0
314;0
315;0
316;2
317;0
318;0
319;0
320;0
321;0
322;1
323;2
324;0
325;0
326;2
327;0
328;0
329;0
330;0
331;0
332;0
333;0
334;0
335;0
336;0
337;0
338;0
339;0
340;2
341;0
342;0
343;1
344;0
345;0
346;1
347;0
348;0
349;2
350;1
351;0
352;0
353;2
354;1
355;0
356;2
357;0
358;2
359;2
360;0
361;0
362;0
363;0
364;0
365;2
366;0
367;0
368;0
369;0
370;0
371;0
372;0
373;0
374;0
375;0
376;0
377;0
378;0
379;0
380;1
381;0
382;0
383;0
384;1
385;0
386;0
387;0
388;0
389;0
390;0
391;0
392;0
393;0
394;2
395;2
396;0
397;0
398;0
399;0
400;0
401;2
402;2
403;2
404;1
405;0
406;0
407;1
408;0
409;0
410;0
411;0
412;1
413;0
414;2
415;2
416;0
417;0
418;0
419;0
420;0
421;0
422;0
423;2
424;2
425;0
426;0
427;0
428;0
429;0
430;2
431;0
432;2
433;2
434;2
435;0
436;1
437;0
438;0
439;0
440;0
441;1
442;0
443;0
444;0
445;0
446;0
447;0
448;1
449;2
450;0
451;1
452;0
453;2
454;0
455;0
456;0
457;0
458;0
459;0
460;2
461;0
462;2
463;0
464;2
465;1
466;0
467;2
468;2
469;0
470;1
471;1
472;0
473;2
474;0
475;2
476;0
477;0
478;0
479;0
480;0
481;2
482;2
483;2
484;2
485;0
486;0
487;0
488;0
489;2
490;0
491;0
492;2
493;0
494;0
495;0
496;0
497;0
498;0
499;0
500;0
501;0
502;0
503;0
504;2
505;2
506;2
507;1
508;0
509;0
510;0
511;0
512;0
513;0
514;0
515;0
516;0
517;0
518;0
519;2
520;1
521;0
522;0
523;2
524;4
525;0
526;2
527;2
528;1
529;0
530;2
531;0
532;2
533;0
534;1
535;0
536;0
537;2
538;0
539;0
540;2
541;0
542;2
543;2
544;0
545;0
546;0
547;0
548;0
549;0
550;2
551;0
552;0
553;1
554;0
555;0
556;1
557;0
558;0
559;1
560;0
561;0
562;0
563;0
564;0
565;0
566;0
567;0
568;1
569;0
570;0
571;0
572;0
573;0
574;0
575;0
576;0
577;0
578;0
579;0
580;0
581;0
582;0
583;0
584;1
585;2
586;0
587;1
588;0
589;0
590;0
591;2
592;0
593;1
594;0
595;2
596;2
597;0
598;0
599;0
600;0
601;0
602;0
603;2
604;2
605;0
606;0
607;0
608;0
609;0
610;0
611;0
612;0
613;0
614;0
615;0
616;0
617;0
618;1
619;0
620;2
621;0
622;0
623;1
624;0
625;2
626;0
627;0
628;0
629;1
630;0
631;1
632;0
633;0
634;1
635;1
636;0
637;0
638;0
639;0
640;2
641;0
642;0
643;2
644;0
645;0
646;0
647;2
648;2
649;0
650;0
651;0
652;0
653;0
654;0
655;2
656;2
657;1
658;0
659;2
660;2
661;2
662;0
663;0
664;1
665;0
666;0
667;0
668;1
669;0
670;0
671;0
672;0
673;1
674;1
675;1
676;0
677;2
678;0
679;0
680;0
681;0
682;0
683;1
684;0
685;1
686;0
687;2
688;2
689;0
690;0
691;0
692;0
693;0
694;1
695;0
696;0
697;0
698;0
699;0
700;1
701;1
702;0
703;1
704;1
705;0
706;0
707;0
708;2
709;0
710;0
711;0
712;2
713;0
714;1
715;0
716;1
717;0
718;0
719;0
720;0
721;2
722;0
723;2
724;1
725;2
726;1
727;2
728;1
729;0
730;0
731;0
732;1
733;2
734;1
735;0
736;0
737;1
738;0
739;0
740;0
741;0
742;1
743;0
744;1
745;0
746;1
747;0
748;1
749;0
750;0
751;2
752;4
753;0
754;2
755;2
756;2
757;0
758;2
759;0
760;1
761;0
762;0
763;0
764;0
765;0
766;2
767;0
768;1
769;0
770;0
771;0
772;0
773;0
774;2
775;0
776;2
777;0
778;0
779;0
780;2
781;1
782;0
783;1
784;1
785;0
786;0
787;2
788;1
789;0
790;0
791;0
792;0
793;0
794;2
795;2
796;2
797;0
798;0
799;0
800;0
801;0
802;1
803;0
804;0
805;0
806;2
807;2
808;1
809;1
810;0
811;0
812;0
813;1
814;0
815;0
816;1
817;0
818;0
819;2
820;0
821;0
822;0
823;0
824;2
825;0
826;0
827;0
828;0
829;0
830;1
831;0
832;0
833;0
834;1
835;0
836;0
837;0
838;0
839;0
840;0
841;1
842;0
843;0
844;1
845;0
846;0
847;0
848;0
849;0
850;2
851;0
852;1
853;1
854;0
855;0
856;0
857;0
858;0
859;0
860;2
861;0
862;0
863;2
864;0
865;2
866;1
867;0
868;1
869;0
870;0
871;1
872;1
873;0
874;0
875;2
876;4
877;0
878;2
879;2
880;2
881;0
882;2
883;0
884;2
885;0
886;1
887;0
888;1
889;0
890;2
891;1
892;0
893;0
894;2
895;2
896;2
897;0
898;0
899;2
900;2
901;0
902;0
903;0
904;0
905;0
906;2
907;0
908;1
909;0
910;0
911;0
912;1
913;0
914;1
915;0
916;1
917;0
918;2
919;0
920;0
921;0
922;1
923;0
924;2
925;0
926;2
927;0
928;1
929;0
930;0
931;0
932;0
933;2
934;2
935;2
936;2
937;1
938;0
939;0
940;2
941;2
942;2
943;2
944;0
945;0
946;0
947;0
948;0
949;0
950;0
951;0
952;0
953;1
954;0
955;0
956;0
957;0
958;2
959;2
960;0
961;2
962;0
963;2
964;0
965;0
966;1
967;2
968;0
969;0
970;2
971;0
972;0
973;0
974;2
975;2
976;2
977;0
978;0
979;0
980;0
981;0
982;0
983;0
984;1
985;0
986;2
987;1
988;1
989;0
990;2
991;2
992;2
993;0
994;0
995;2
996;0
997;0
998;0
999;0
1000;2
1001;2
1002;0
1003;0
1004;2
1005;0
1006;2
1007;2
1008;0
1009;0
1010;0
1011;0
1012;0
1013;0
1014;0
1015;0
1016;0
1017;0
1018;0
1019;0
1020;0
1021;0
1022;0
1023;0
