0;1
1;0
2;0
3;2
4;4
5;0
6;2
7;2
8;2
9;0
10;2
11;0
12;2
13;2
14;0
15;0
16;0
17;0
18;0
19;0
20;1
21;0
22;0
23;0
24;0
25;0
26;2
27;0
28;1
29;1
30;2
31;2
32;2
33;0
34;0
35;0
36;2
37;0
38;2
39;0
40;0
41;0
42;0
43;0
44;0
45;0
46;0
47;0
48;0
49;0
50;0
51;0
52;2
53;2
54;2
55;2
56;0
57;0
58;0
59;2
60;0
61;0
62;0
63;0
64;0
65;0
66;0
67;0
68;0
69;0
70;0
71;0
72;0
73;0
74;0
75;0
76;0
77;0
78;0
79;1
80;0
81;0
82;0
83;0
84;0
85;2
86;2
87;2
88;1
89;0
90;0
91;0
92;1
93;1
94;1
95;0
96;0
97;1
98;0
99;2
100;0
101;1
102;0
103;0
104;4
105;0
106;0
107;0
108;2
109;2
110;1
111;0
112;1
113;0
114;0
115;0
116;2
117;0
118;2
119;0
120;0
121;0
122;0
123;0
124;0
125;0
126;2
127;2
128;0
129;0
130;0
131;2
132;2
133;0
134;2
135;0
136;0
137;0
138;2
139;1
140;0
141;0
142;0
143;0
144;0
145;0
146;1
147;2
148;2
149;2
150;0
151;0
152;1
153;1
154;0
155;2
156;0
157;0
158;0
159;1
160;0
161;0
162;0
163;0
164;2
165;2
166;1
167;2
168;2
169;2
170;2
171;2
172;0
173;1
174;0
175;0
176;2
177;0
178;0
179;2
180;0
181;0
182;0
183;0
184;0
185;0
186;0
187;2
188;2
189;2
190;0
191;0
192;1
193;1
194;1
195;2
196;0
197;0
198;2
199;2
200;2
201;2
202;1
203;0
204;2
205;0
206;0
207;0
208;0
209;0
210;1
211;0
212;0
213;0
214;0
215;0
216;0
217;0
218;0
219;0
220;0
221;0
222;0
223;2
224;2
225;0
226;0
227;0
228;0
229;2
230;0
231;0
232;2
233;0
234;0
235;0
236;0
237;2
238;0
239;0
240;0
241;0
242;2
243;2
244;1
245;0
246;0
247;0
248;4
249;2
250;2
251;2
252;2
253;0
254;0
255;0
256;1
257;1
258;2
259;2
260;0
261;1
262;0
263;0
264;0
265;0
266;2
267;0
268;0
269;0
270;0
271;0
272;0
273;0
274;0
275;0
276;1
277;0
278;0
279;0
280;1
281;1
282;0
283;0
284;2
285;2
286;2
287;2
288;1
289;0
290;0
291;0
292;1
293;0
294;0
295;0
296;0
297;2
298;2
299;2
300;2
301;0
302;1
303;0
304;1
305;0
306;1
307;0
308;2
309;0
310;0
311;0
312;0
313;0
314;0
315;0
316;0
317;0
318;0
319;0
320;0
321;0
322;1
323;2
324;0
325;0
326;2
327;0
328;0
329;0
330;0
331;0
332;0
333;0
334;0
335;0
336;0
337;0
338;0
339;0
340;0
341;1
342;0
343;1
344;0
345;1
346;0
347;0
348;0
349;1
350;1
351;0
352;2
353;2
354;2
355;1
356;0
357;0
358;0
359;0
360;0
361;0
362;1
363;0
364;2
365;0
366;0
367;0
368;2
369;0
370;2
371;2
372;1
373;0
374;0
375;2
376;2
377;0
378;2
379;1
380;0
381;0
382;2
383;0
384;2
385;0
386;0
387;0
388;0
389;0
390;0
391;0
392;1
393;0
394;0
395;0
396;0
397;0
398;0
399;0
400;0
401;0
402;0
403;0
404;0
405;0
406;2
407;2
408;2
409;1
410;0
411;0
412;0
413;0
414;2
415;0
416;0
417;0
418;0
419;0
420;0
421;0
422;0
423;0
424;0
425;0
426;2
427;2
428;2
429;0
430;0
431;0
432;1
433;0
434;0
435;2
436;2
437;0
438;0
439;0
440;0
441;0
442;0
443;1
444;0
445;1
446;0
447;0
448;1
449;0
450;0
451;0
452;0
453;2
454;0
455;0
456;0
457;0
458;0
459;2
460;1
461;2
462;0
463;1
464;0
465;2
466;0
467;0
468;0
469;0
470;0
471;0
472;2
473;0
474;2
475;0
476;0
477;0
478;2
479;1
480;1
481;0
482;0
483;0
484;0
485;0
486;0
487;0
488;0
489;0
490;0
491;0
492;0
493;2
494;2
495;2
496;2
497;0
498;0
499;0
500;0
501;2
502;0
503;0
504;0
505;2
506;0
507;0
508;0
509;0
510;0
511;0
512;0
513;0
514;0
515;0
516;0
517;2
518;1
519;2
520;2
521;0
522;0
523;0
524;0
525;0
526;0
527;0
528;0
529;0
530;0
531;0
532;0
533;2
534;2
535;1
536;0
537;0
538;0
539;0
540;2
541;2
542;0
543;0
544;0
545;0
546;1
547;0
548;1
549;0
550;0
551;1
552;2
553;0
554;2
555;0
556;0
557;0
558;2
559;0
560;2
561;2
562;1
563;0
564;1
565;0
566;0
567;0
568;0
569;0
570;2
571;0
572;0
573;1
574;0
575;0
576;0
577;0
578;0
579;0
580;0
581;0
582;2
583;0
584;0
585;0
586;0
587;0
588;1
589;2
590;1
591;0
592;0
593;0
594;0
595;0
596;0
597;1
598;0
599;0
600;2
601;0
602;0
603;0
604;0
605;2
606;0
607;0
608;0
609;0
610;0
611;1
612;0
613;0
614;0
615;2
616;0
617;0
618;0
619;0
620;0
621;0
622;0
623;0
624;2
625;0
626;0
627;0
628;0
629;0
630;0
631;0
632;0
633;0
634;0
635;0
636;2
637;0
638;1
639;0
640;2
641;0
642;0
643;1
644;0
645;2
646;0
647;0
648;0
649;1
650;0
651;0
652;0
653;0
654;1
655;0
656;0
657;0
658;2
659;0
660;0
661;0
662;0
663;0
664;0
665;0
666;0
667;2
668;2
669;0
670;0
671;0
672;0
673;0
674;0
675;2
676;2
677;1
678;0
679;1
680;2
681;2
682;0
683;0
684;0
685;0
686;0
687;2
688;1
689;0
690;0
691;0
692;1
693;2
694;0
695;0
696;0
697;2
698;0
699;0
700;0
701;0
702;0
703;1
704;0
705;0
706;2
707;2
708;2
709;0
710;1
711;0
712;0
713;0
714;0
715;0
716;0
717;0
718;0
719;0
720;0
721;2
722;1
723;0
724;2
725;0
726;0
727;0
728;0
729;0
730;0
731;0
732;0
733;0
734;2
735;0
736;1
737;0
738;0
739;0
740;0
741;2
742;0
743;2
744;0
745;2
746;2
747;2
748;2
749;0
750;0
751;0
752;0
753;2
754;1
755;0
756;2
757;2
758;0
759;0
760;0
761;2
762;2
763;0
764;1
765;0
766;0
767;0
768;0
769;0
770;0
771;0
772;0
773;0
774;0
775;0
776;1
777;0
778;0
779;0
780;0
781;0
782;2
783;0
784;0
785;0
786;2
787;0
788;2
789;1
790;0
791;0
792;1
793;0
794;0
795;2
796;2
797;2
798;0
799;0
800;0
801;0
802;2
803;2
804;2
805;0
806;0
807;0
808;0
809;0
810;1
811;0
812;0
813;2
814;0
815;2
816;0
817;0
818;0
819;0
820;0
821;2
822;2
823;2
824;0
825;0
826;0
827;0
828;2
829;0
830;0
831;0
832;2
833;0
834;0
835;2
836;0
837;0
838;2
839;2
840;1
841;0
842;1
843;0
844;0
845;0
846;0
847;0
848;0
849;0
850;2
851;2
852;1
853;0
854;0
855;0
856;4
857;0
858;2
859;2
860;2
861;0
862;2
863;0
864;1
865;0
866;0
867;0
868;2
869;2
870;0
871;0
872;1
873;1
874;0
875;1
876;0
877;2
878;0
879;0
880;2
881;0
882;0
883;2
884;0
885;2
886;2
887;1
888;0
889;0
890;0
891;2
892;0
893;0
894;1
895;0
896;0
897;2
898;0
899;0
900;0
901;0
902;0
903;2
904;1
905;0
906;0
907;2
908;1
909;2
910;2
911;0
912;2
913;2
914;2
915;0
916;1
917;2
918;1
919;0
920;1
921;0
922;1
923;0
924;1
925;0
926;1
927;0
928;2
929;1
930;1
931;0
932;0
933;0
934;2
935;2
936;2
937;0
938;2
939;0
940;1
941;0
942;0
943;0
944;0
945;0
946;2
947;1
948;0
949;1
950;0
951;0
952;2
953;2
954;0
955;2
956;0
957;0
958;0
959;0
960;0
961;0
962;0
963;0
964;0
965;0
966;0
967;0
968;0
969;0
970;2
971;2
972;0
973;0
974;1
975;0
976;0
977;0
978;0
979;2
980;2
981;0
982;2
983;2
984;2
985;0
986;2
987;0
988;2
989;2
990;0
991;0
992;0
993;2
994;0
995;0
996;0
997;0
998;2
999;0
1000;2
1001;0
1002;2
1003;2
1004;1
1005;2
1006;0
1007;0
1008;1
1009;0
1010;0
1011;0
1012;1
1013;0
1014;0
1015;1
1016;0
1017;0
1018;0
1019;0
1020;0
1021;0
1022;0
1023;0
