0;1
1;0
2;0
3;0
4;0
5;0
6;2
7;1
8;0
9;0
10;2
11;2
12;1
13;0
14;0
15;0
16;0
17;0
18;1
19;2
20;1
21;1
22;0
23;0
24;0
25;2
26;2
27;0
28;2
29;0
30;0
31;1
32;2
33;0
34;0
35;0
36;2
37;2
38;0
39;0
40;1
41;0
42;0
43;0
44;0
45;0
46;0
47;0
48;0
49;0
50;0
51;2
52;0
53;0
54;0
55;0
56;2
57;0
58;1
59;0
60;2
61;0
62;0
63;1
64;0
65;0
66;0
67;2
68;1
69;0
70;1
71;0
72;1
73;0
74;0
75;0
76;0
77;1
78;2
79;0
80;1
81;0
82;0
83;0
84;0
85;0
86;1
87;1
88;1
89;0
90;0
91;0
92;0
93;0
94;0
95;2
96;2
97;0
98;1
99;2
100;1
101;0
102;2
103;0
104;0
105;0
106;1
107;1
108;0
109;0
110;0
111;2
112;2
113;0
114;1
115;0
116;1
117;0
118;2
119;0
120;2
121;0
122;0
123;2
124;2
125;0
126;0
127;0
128;2
129;0
130;0
131;0
132;0
133;0
134;1
135;0
136;2
137;2
138;0
139;0
140;1
141;0
142;0
143;0
144;0
145;0
146;0
147;2
148;0
149;2
150;0
151;0
152;0
153;0
154;0
155;0
156;0
157;0
158;0
159;0
160;2
161;2
162;0
163;2
164;1
165;0
166;0
167;0
168;0
169;0
170;1
171;2
172;1
173;1
174;1
175;1
176;1
177;0
178;0
179;0
180;1
181;0
182;0
183;0
184;2
185;0
186;2
187;2
188;0
189;2
190;2
191;1
192;0
193;2
194;0
195;2
196;0
197;0
198;0
199;0
200;0
201;0
202;0
203;2
204;1
205;0
206;0
207;0
208;0
209;1
210;2
211;0
212;1
213;2
214;0
215;0
216;0
217;0
218;1
219;0
220;1
221;0
222;2
223;0
224;1
225;0
226;0
227;4
228;1
229;0
230;2
231;1
232;2
233;1
234;0
235;1
236;0
237;0
238;2
239;0
240;0
241;0
242;0
243;0
244;2
245;0
246;0
247;1
248;2
249;0
250;0
251;0
252;1
253;0
254;1
255;0
256;2
257;1
258;0
259;1
260;2
261;0
262;0
263;0
264;0
265;0
266;2
267;0
268;2
269;1
270;2
271;0
272;1
273;0
274;0
275;0
276;0
277;0
278;0
279;2
280;0
281;0
282;0
283;0
284;1
285;0
286;0
287;2
288;0
289;0
290;1
291;0
292;0
293;0
294;1
295;0
296;2
297;0
298;1
299;0
300;0
301;2
302;1
303;0
304;0
305;2
306;0
307;0
308;2
309;2
310;2
311;2
312;2
313;1
314;1
315;0
316;0
317;1
318;0
319;1
320;0
321;0
322;0
323;1
324;1
325;0
326;2
327;0
328;0
329;0
330;0
331;0
332;2
333;0
334;1
335;2
336;2
337;0
338;0
339;0
340;1
341;0
342;0
343;0
344;0
345;0
346;0
347;1
348;1
349;2
350;2
351;1
352;0
353;0
354;2
355;0
356;0
357;0
358;0
359;0
360;0
361;0
362;0
363;0
364;0
365;0
366;0
367;0
368;2
369;0
370;1
371;0
372;1
373;0
374;0
375;0
376;0
377;0
378;0
379;2
380;0
381;0
382;0
383;0
384;0
385;0
386;2
387;0
388;2
389;0
390;2
391;0
392;0
393;1
394;0
395;1
396;0
397;2
398;0
399;0
400;0
401;0
402;0
403;2
404;2
405;0
406;1
407;0
408;0
409;1
410;0
411;2
412;2
413;0
414;0
415;1
416;0
417;2
418;1
419;2
420;4
421;2
422;2
423;2
424;2
425;1
426;0
427;2
428;2
429;0
430;2
431;2
432;0
433;2
434;2
435;2
436;2
437;0
438;2
439;0
440;0
441;2
442;1
443;0
444;2
445;0
446;2
447;2
448;1
449;0
450;0
451;2
452;2
453;0
454;2
455;0
456;1
457;0
458;0
459;1
460;2
461;0
462;2
463;1
464;0
465;0
466;1
467;4
468;0
469;0
470;1
471;2
472;2
473;2
474;2
475;1
476;0
477;0
478;1
479;2
480;1
481;2
482;0
483;0
484;4
485;1
486;0
487;0
488;2
489;0
490;0
491;0
492;2
493;2
494;2
495;0
496;0
497;0
498;0
499;0
500;0
501;0
502;0
503;1
504;2
505;0
506;2
507;0
508;2
509;0
510;0
511;0
512;0
513;2
514;0
515;0
516;1
517;0
518;2
519;1
520;1
521;0
522;0
523;2
524;2
525;0
526;1
527;0
528;0
529;0
530;1
531;0
532;0
533;0
534;0
535;2
536;2
537;2
538;2
539;2
540;2
541;0
542;0
543;0
544;0
545;0
546;0
547;0
548;0
549;2
550;2
551;0
552;2
553;2
554;0
555;0
556;4
557;2
558;1
559;2
560;1
561;0
562;1
563;2
564;2
565;2
566;0
567;2
568;2
569;2
570;1
571;2
572;2
573;1
574;2
575;0
576;0
577;0
578;0
579;2
580;0
581;0
582;0
583;0
584;0
585;1
586;0
587;0
588;0
589;0
590;1
591;0
592;0
593;0
594;1
595;0
596;1
597;0
598;0
599;0
600;0
601;2
602;2
603;0
604;1
605;0
606;0
607;2
608;1
609;0
610;0
611;0
612;0
613;0
614;0
615;0
616;0
617;0
618;0
619;0
620;0
621;0
622;2
623;1
624;2
625;0
626;0
627;2
628;0
629;1
630;0
631;0
632;1
633;0
634;0
635;0
636;0
637;0
638;0
639;0
640;2
641;2
642;2
643;0
644;2
645;0
646;1
647;0
648;2
649;0
650;0
651;0
652;0
653;0
654;0
655;1
656;0
657;1
658;1
659;0
660;0
661;2
662;1
663;2
664;2
665;0
666;0
667;0
668;1
669;2
670;0
671;0
672;0
673;2
674;1
675;2
676;1
677;0
678;0
679;0
680;0
681;0
682;0
683;0
684;2
685;0
686;1
687;2
688;2
689;1
690;0
691;2
692;0
693;1
694;2
695;0
696;0
697;2
698;0
699;0
700;0
701;1
702;0
703;2
704;0
705;0
706;0
707;0
708;1
709;0
710;0
711;1
712;1
713;0
714;2
715;0
716;2
717;1
718;0
719;0
720;0
721;2
722;2
723;1
724;0
725;0
726;0
727;1
728;0
729;0
730;0
731;2
732;1
733;0
734;2
735;2
736;2
737;0
738;2
739;0
740;1
741;0
742;1
743;1
744;0
745;0
746;2
747;0
748;2
749;2
750;0
751;0
752;1
753;0
754;2
755;0
756;2
757;0
758;0
759;1
760;0
761;2
762;0
763;0
764;0
765;0
766;0
767;0
768;2
769;0
770;0
771;2
772;1
773;0
774;2
775;0
776;0
777;0
778;0
779;0
780;0
781;2
782;2
783;0
784;0
785;0
786;0
787;0
788;0
789;2
790;0
791;0
792;0
793;0
794;0
795;0
796;0
797;1
798;0
799;0
800;0
801;1
802;0
803;2
804;0
805;0
806;0
807;2
808;1
809;1
810;0
811;0
812;0
813;1
814;0
815;0
816;2
817;0
818;0
819;0
820;0
821;0
822;0
823;0
824;1
825;0
826;0
827;1
828;0
829;0
830;1
831;0
832;1
833;0
834;0
835;0
836;1
837;0
838;0
839;2
840;2
841;0
842;0
843;0
844;0
845;2
846;2
847;0
848;0
849;0
850;0
851;0
852;0
853;0
854;2
855;2
856;1
857;0
858;0
859;0
860;0
861;0
862;0
863;2
864;0
865;0
866;0
867;0
868;0
869;2
870;0
871;2
872;0
873;0
874;2
875;2
876;2
877;0
878;0
879;2
880;0
881;0
882;2
883;0
884;0
885;0
886;0
887;0
888;1
889;0
890;0
891;2
892;1
893;0
894;2
895;1
896;0
897;0
898;1
899;0
900;1
901;0
902;0
903;0
904;0
905;2
906;2
907;2
908;2
909;0
910;0
911;0
912;1
913;0
914;2
915;0
916;0
917;2
918;0
919;2
920;1
921;0
922;0
923;0
924;0
925;2
926;2
927;0
928;0
929;0
930;0
931;0
932;1
933;0
934;0
935;0
936;0
937;0
938;2
939;2
940;0
941;2
942;2
943;0
944;1
945;1
946;1
947;0
948;0
949;0
950;1
951;2
952;1
953;1
954;0
955;1
956;0
957;1
958;0
959;0
960;0
961;1
962;0
963;2
964;2
965;0
966;0
967;2
968;1
969;0
970;0
971;0
972;2
973;2
974;0
975;0
976;0
977;0
978;0
979;1
980;0
981;0
982;0
983;0
984;0
985;0
986;1
987;0
988;0
989;0
990;0
991;2
992;1
993;0
994;0
995;0
996;0
997;0
998;0
999;0
1000;4
1001;0
1002;2
1003;0
1004;0
1005;0
1006;0
1007;2
1008;2
1009;0
1010;0
1011;0
1012;1
1013;1
1014;0
1015;1
1016;0
1017;0
1018;0
1019;0
1020;0
1021;0
1022;0
1023;0
