0;0
1;0
2;0
3;2
4;2
5;0
6;2
7;2
8;2
9;0
10;0
11;0
12;1
13;0
14;0
15;0
16;0
17;0
18;0
19;0
20;0
21;0
22;1
23;0
24;0
25;2
26;0
27;0
28;2
29;0
30;0
31;0
32;0
33;0
34;0
35;0
36;2
37;2
38;0
39;2
40;0
41;0
42;0
43;0
44;1
45;0
46;0
47;0
48;0
49;0
50;0
51;1
52;1
53;0
54;1
55;0
56;0
57;0
58;0
59;0
60;0
61;0
62;0
63;0
64;0
65;0
66;0
67;0
68;0
69;0
70;1
71;0
72;1
73;0
74;0
75;0
76;1
77;2
78;0
79;0
80;1
81;0
82;0
83;0
84;1
85;0
86;0
87;0
88;0
89;0
90;0
91;1
92;0
93;0
94;0
95;0
96;2
97;0
98;1
99;0
100;0
101;0
102;1
103;0
104;0
105;0
106;0
107;0
108;0
109;0
110;0
111;0
112;0
113;0
114;1
115;0
116;0
117;0
118;0
119;0
120;2
121;0
122;0
123;0
124;0
125;0
126;0
127;0
128;0
129;0
130;0
131;2
132;0
133;1
134;0
135;0
136;2
137;1
138;0
139;0
140;2
141;2
142;2
143;0
144;0
145;0
146;0
147;2
148;0
149;0
150;0
151;0
152;0
153;0
154;0
155;0
156;2
157;0
158;0
159;0
160;2
161;2
162;2
163;0
164;1
165;0
166;0
167;0
168;0
169;0
170;0
171;0
172;0
173;1
174;0
175;2
176;2
177;0
178;0
179;0
180;0
181;0
182;0
183;0
184;0
185;2
186;0
187;2
188;0
189;2
190;0
191;0
192;2
193;0
194;0
195;0
196;0
197;1
198;0
199;1
200;0
201;0
202;0
203;2
204;1
205;0
206;2
207;0
208;0
209;0
210;0
211;1
212;0
213;2
214;0
215;0
216;2
217;2
218;2
219;2
220;2
221;2
222;0
223;2
224;1
225;0
226;0
227;0
228;2
229;0
230;0
231;2
232;2
233;0
234;0
235;0
236;2
237;0
238;2
239;0
240;0
241;0
242;0
243;0
244;2
245;0
246;0
247;1
248;0
249;0
250;2
251;0
252;0
253;0
254;1
255;0
256;2
257;0
258;0
259;0
260;0
261;0
262;0
263;0
264;0
265;0
266;0
267;2
268;1
269;0
270;0
271;2
272;2
273;0
274;2
275;2
276;4
277;0
278;2
279;0
280;0
281;0
282;2
283;2
284;1
285;0
286;0
287;0
288;2
289;0
290;0
291;0
292;0
293;0
294;0
295;2
296;0
297;0
298;0
299;2
300;0
301;0
302;1
303;0
304;0
305;0
306;1
307;1
308;2
309;0
310;2
311;0
312;0
313;2
314;1
315;0
316;0
317;1
318;0
319;0
320;0
321;0
322;2
323;0
324;0
325;1
326;1
327;0
328;2
329;2
330;0
331;0
332;0
333;2
334;0
335;0
336;2
337;1
338;0
339;0
340;2
341;0
342;0
343;0
344;0
345;0
346;2
347;1
348;0
349;0
350;0
351;0
352;2
353;0
354;0
355;1
356;0
357;0
358;2
359;0
360;1
361;0
362;0
363;2
364;0
365;2
366;0
367;2
368;2
369;0
370;2
371;0
372;0
373;0
374;0
375;0
376;0
377;0
378;0
379;2
380;0
381;0
382;0
383;0
384;0
385;0
386;0
387;0
388;0
389;0
390;0
391;0
392;2
393;0
394;0
395;0
396;0
397;0
398;0
399;0
400;0
401;0
402;0
403;0
404;0
405;0
406;0
407;0
408;0
409;1
410;0
411;2
412;2
413;0
414;0
415;0
416;2
417;0
418;0
419;2
420;2
421;0
422;0
423;1
424;0
425;0
426;1
427;0
428;0
429;0
430;2
431;0
432;0
433;0
434;0
435;0
436;0
437;2
438;2
439;1
440;0
441;0
442;0
443;0
444;0
445;0
446;1
447;1
448;0
449;0
450;2
451;4
452;2
453;0
454;0
455;0
456;2
457;0
458;2
459;1
460;0
461;0
462;2
463;2
464;1
465;0
466;0
467;0
468;0
469;0
470;1
471;2
472;0
473;0
474;0
475;0
476;0
477;1
478;2
479;2
480;1
481;0
482;0
483;0
484;1
485;2
486;0
487;0
488;0
489;0
490;0
491;0
492;0
493;1
494;0
495;0
496;0
497;0
498;1
499;0
500;2
501;0
502;0
503;0
504;2
505;2
506;0
507;0
508;2
509;0
510;0
511;0
512;0
513;0
514;0
515;0
516;1
517;0
518;1
519;0
520;0
521;2
522;1
523;0
524;2
525;2
526;2
527;0
528;2
529;2
530;1
531;0
532;2
533;0
534;0
535;0
536;1
537;1
538;0
539;0
540;2
541;0
542;0
543;0
544;0
545;2
546;1
547;2
548;0
549;1
550;0
551;0
552;2
553;2
554;2
555;4
556;1
557;0
558;1
559;0
560;1
561;0
562;0
563;2
564;4
565;0
566;2
567;2
568;2
569;0
570;0
571;0
572;2
573;1
574;0
575;0
576;0
577;2
578;2
579;2
580;2
581;2
582;2
583;0
584;0
585;0
586;1
587;0
588;1
589;0
590;0
591;0
592;0
593;0
594;0
595;2
596;2
597;2
598;2
599;0
600;2
601;0
602;2
603;0
604;0
605;0
606;0
607;0
608;0
609;0
610;0
611;0
612;0
613;2
614;2
615;1
616;0
617;0
618;0
619;0
620;0
621;1
622;0
623;0
624;0
625;0
626;0
627;0
628;0
629;0
630;0
631;0
632;2
633;2
634;2
635;0
636;2
637;0
638;1
639;0
640;0
641;0
642;0
643;2
644;1
645;0
646;0
647;1
648;0
649;0
650;0
651;2
652;1
653;1
654;0
655;0
656;2
657;0
658;2
659;1
660;0
661;0
662;2
663;0
664;2
665;0
666;0
667;0
668;0
669;0
670;0
671;2
672;2
673;0
674;0
675;0
676;0
677;0
678;0
679;1
680;0
681;0
682;2
683;0
684;0
685;1
686;1
687;0
688;0
689;0
690;0
691;0
692;0
693;1
694;1
695;0
696;2
697;1
698;2
699;0
700;0
701;2
702;1
703;0
704;0
705;0
706;0
707;1
708;0
709;0
710;0
711;0
712;1
713;0
714;0
715;1
716;0
717;1
718;2
719;0
720;2
721;2
722;2
723;0
724;0
725;2
726;2
727;1
728;0
729;1
730;0
731;0
732;0
733;0
734;0
735;0
736;0
737;0
738;0
739;0
740;0
741;0
742;0
743;0
744;0
745;0
746;0
747;0
748;2
749;2
750;0
751;0
752;0
753;0
754;0
755;0
756;0
757;2
758;0
759;0
760;1
761;0
762;0
763;0
764;0
765;0
766;0
767;2
768;0
769;0
770;0
771;2
772;1
773;0
774;0
775;2
776;0
777;2
778;1
779;0
780;0
781;0
782;0
783;1
784;0
785;2
786;0
787;0
788;0
789;1
790;0
791;1
792;0
793;0
794;0
795;0
796;0
797;2
798;1
799;0
800;2
801;0
802;0
803;2
804;1
805;0
806;0
807;0
808;0
809;0
810;0
811;0
812;0
813;0
814;0
815;0
816;0
817;2
818;0
819;0
820;1
821;0
822;2
823;1
824;0
825;1
826;0
827;0
828;1
829;0
830;0
831;0
832;0
833;0
834;1
835;0
836;0
837;0
838;0
839;1
840;0
841;0
842;1
843;2
844;0
845;0
846;0
847;0
848;0
849;0
850;0
851;1
852;2
853;2
854;2
855;2
856;1
857;0
858;2
859;0
860;1
861;2
862;0
863;0
864;0
865;0
866;0
867;2
868;0
869;0
870;1
871;0
872;1
873;0
874;0
875;2
876;2
877;0
878;0
879;0
880;0
881;0
882;0
883;0
884;0
885;0
886;0
887;1
888;0
889;0
890;0
891;1
892;0
893;0
894;0
895;0
896;0
897;0
898;0
899;0
900;0
901;2
902;1
903;0
904;0
905;2
906;2
907;0
908;0
909;2
910;2
911;2
912;2
913;0
914;1
915;0
916;0
917;2
918;0
919;0
920;0
921;2
922;2
923;1
924;0
925;0
926;0
927;2
928;0
929;2
930;0
931;0
932;1
933;0
934;2
935;1
936;0
937;2
938;0
939;0
940;0
941;0
942;0
943;1
944;0
945;0
946;0
947;0
948;4
949;0
950;0
951;2
952;2
953;0
954;2
955;0
956;2
957;1
958;0
959;0
960;0
961;0
962;0
963;0
964;1
965;0
966;0
967;2
968;1
969;0
970;1
971;0
972;2
973;1
974;2
975;2
976;2
977;0
978;0
979;0
980;0
981;0
982;0
983;0
984;1
985;0
986;2
987;2
988;1
989;0
990;0
991;2
992;1
993;0
994;2
995;2
996;2
997;0
998;2
999;0
1000;1
1001;0
1002;2
1003;2
1004;0
1005;0
1006;0
1007;0
1008;0
1009;0
1010;0
1011;0
1012;0
1013;1
1014;0
1015;0
1016;0
1017;0
1018;0
1019;0
1020;0
1021;0
1022;0
1023;0
