0;1
1;0
2;0
3;2
4;4
5;0
6;2
7;2
8;2
9;0
10;2
11;0
12;2
13;2
14;0
15;0
16;2
17;0
18;2
19;0
20;0
21;2
22;0
23;0
24;0
25;0
26;0
27;0
28;2
29;2
30;0
31;2
32;0
33;0
34;0
35;0
36;0
37;0
38;1
39;0
40;2
41;1
42;0
43;2
44;1
45;0
46;0
47;0
48;0
49;1
50;0
51;0
52;1
53;0
54;0
55;2
56;0
57;1
58;0
59;0
60;4
61;1
62;1
63;0
64;0
65;0
66;0
67;0
68;1
69;0
70;0
71;0
72;2
73;2
74;1
75;0
76;2
77;0
78;0
79;2
80;2
81;2
82;2
83;0
84;0
85;2
86;0
87;0
88;1
89;0
90;0
91;0
92;1
93;0
94;0
95;0
96;0
97;0
98;0
99;0
100;1
101;0
102;0
103;0
104;2
105;0
106;0
107;0
108;1
109;0
110;1
111;0
112;0
113;2
114;0
115;0
116;2
117;0
118;0
119;0
120;0
121;2
122;0
123;2
124;0
125;1
126;0
127;2
128;0
129;0
130;0
131;0
132;1
133;0
134;0
135;0
136;0
137;0
138;0
139;0
140;1
141;0
142;0
143;0
144;1
145;0
146;1
147;1
148;0
149;0
150;0
151;2
152;0
153;0
154;0
155;2
156;0
157;0
158;2
159;1
160;0
161;0
162;0
163;0
164;0
165;0
166;2
167;0
168;0
169;0
170;0
171;0
172;0
173;0
174;0
175;2
176;1
177;2
178;0
179;0
180;0
181;2
182;0
183;2
184;0
185;0
186;0
187;0
188;1
189;2
190;0
191;0
192;0
193;1
194;2
195;2
196;0
197;0
198;0
199;0
200;0
201;0
202;0
203;0
204;1
205;1
206;1
207;0
208;0
209;0
210;1
211;0
212;2
213;2
214;0
215;0
216;2
217;1
218;1
219;0
220;2
221;0
222;0
223;0
224;0
225;0
226;0
227;2
228;1
229;0
230;0
231;0
232;1
233;0
234;0
235;0
236;1
237;0
238;0
239;1
240;0
241;2
242;0
243;0
244;2
245;0
246;0
247;0
248;0
249;0
250;0
251;0
252;0
253;1
254;0
255;0
256;0
257;0
258;0
259;2
260;2
261;2
262;0
263;0
264;0
265;0
266;0
267;0
268;2
269;0
270;1
271;0
272;0
273;0
274;0
275;0
276;4
277;0
278;0
279;1
280;0
281;2
282;2
283;2
284;2
285;0
286;0
287;1
288;0
289;0
290;0
291;0
292;2
293;0
294;0
295;0
296;2
297;0
298;0
299;0
300;0
301;0
302;0
303;2
304;0
305;0
306;0
307;0
308;2
309;0
310;2
311;0
312;1
313;0
314;2
315;2
316;2
317;0
318;2
319;0
320;2
321;0
322;0
323;2
324;0
325;0
326;0
327;0
328;0
329;0
330;1
331;0
332;0
333;2
334;0
335;1
336;1
337;0
338;0
339;0
340;0
341;0
342;0
343;0
344;0
345;0
346;0
347;0
348;0
349;0
350;1
351;0
352;0
353;0
354;0
355;0
356;1
357;2
358;1
359;0
360;1
361;0
362;0
363;0
364;2
365;0
366;2
367;2
368;0
369;0
370;0
371;0
372;1
373;0
374;0
375;0
376;1
377;2
378;0
379;0
380;2
381;2
382;0
383;0
384;2
385;0
386;1
387;1
388;0
389;0
390;0
391;0
392;0
393;0
394;0
395;2
396;1
397;0
398;2
399;0
400;0
401;0
402;0
403;2
404;2
405;0
406;2
407;1
408;0
409;0
410;2
411;0
412;1
413;1
414;1
415;2
416;0
417;0
418;0
419;0
420;0
421;2
422;0
423;2
424;2
425;0
426;0
427;0
428;0
429;0
430;0
431;0
432;0
433;2
434;0
435;2
436;2
437;0
438;0
439;0
440;0
441;0
442;0
443;0
444;2
445;0
446;0
447;0
448;0
449;2
450;0
451;0
452;2
453;0
454;0
455;0
456;2
457;0
458;1
459;0
460;0
461;1
462;0
463;0
464;0
465;1
466;0
467;0
468;0
469;0
470;0
471;0
472;2
473;1
474;0
475;1
476;1
477;2
478;2
479;1
480;0
481;0
482;0
483;0
484;2
485;2
486;2
487;2
488;0
489;0
490;1
491;0
492;0
493;0
494;2
495;0
496;0
497;0
498;0
499;0
500;0
501;1
502;0
503;0
504;0
505;2
506;2
507;2
508;0
509;2
510;0
511;0
512;0
513;0
514;0
515;0
516;0
517;0
518;0
519;0
520;1
521;0
522;2
523;1
524;0
525;0
526;0
527;0
528;1
529;0
530;1
531;0
532;0
533;0
534;2
535;2
536;0
537;2
538;0
539;0
540;2
541;0
542;0
543;0
544;0
545;0
546;1
547;0
548;2
549;0
550;0
551;2
552;1
553;0
554;0
555;0
556;2
557;0
558;0
559;2
560;0
561;2
562;0
563;2
564;0
565;0
566;0
567;0
568;0
569;1
570;0
571;0
572;1
573;0
574;2
575;2
576;1
577;0
578;0
579;2
580;1
581;0
582;2
583;2
584;2
585;0
586;2
587;0
588;1
589;0
590;0
591;0
592;1
593;1
594;0
595;2
596;0
597;0
598;0
599;0
600;0
601;0
602;0
603;0
604;0
605;0
606;0
607;0
608;0
609;0
610;0
611;0
612;0
613;0
614;0
615;1
616;0
617;0
618;0
619;0
620;1
621;0
622;1
623;0
624;2
625;2
626;1
627;0
628;2
629;0
630;1
631;0
632;1
633;0
634;0
635;0
636;0
637;0
638;2
639;0
640;1
641;2
642;0
643;0
644;0
645;0
646;1
647;0
648;0
649;0
650;0
651;0
652;0
653;2
654;0
655;0
656;0
657;0
658;0
659;0
660;2
661;0
662;2
663;2
664;0
665;0
666;1
667;2
668;2
669;0
670;0
671;2
672;2
673;2
674;0
675;0
676;2
677;1
678;0
679;0
680;0
681;2
682;0
683;0
684;0
685;0
686;0
687;0
688;0
689;0
690;0
691;0
692;2
693;0
694;0
695;0
696;0
697;0
698;0
699;0
700;0
701;2
702;0
703;0
704;0
705;1
706;0
707;2
708;0
709;2
710;0
711;0
712;0
713;0
714;2
715;1
716;0
717;2
718;0
719;0
720;0
721;0
722;0
723;0
724;0
725;0
726;2
727;0
728;0
729;2
730;1
731;0
732;1
733;0
734;1
735;0
736;0
737;0
738;0
739;0
740;0
741;2
742;2
743;2
744;0
745;0
746;0
747;0
748;0
749;1
750;0
751;0
752;1
753;0
754;0
755;0
756;0
757;0
758;0
759;0
760;2
761;0
762;0
763;0
764;2
765;2
766;1
767;0
768;1
769;0
770;0
771;0
772;0
773;0
774;0
775;0
776;1
777;0
778;0
779;0
780;1
781;0
782;2
783;2
784;2
785;0
786;0
787;0
788;0
789;2
790;0
791;0
792;0
793;0
794;0
795;1
796;0
797;0
798;0
799;0
800;0
801;0
802;0
803;1
804;0
805;2
806;1
807;0
808;2
809;0
810;2
811;2
812;0
813;0
814;1
815;0
816;2
817;0
818;2
819;0
820;1
821;2
822;0
823;0
824;0
825;0
826;0
827;0
828;0
829;0
830;0
831;0
832;0
833;1
834;0
835;1
836;0
837;2
838;0
839;0
840;1
841;0
842;0
843;0
844;0
845;0
846;0
847;0
848;0
849;0
850;1
851;0
852;1
853;0
854;2
855;2
856;1
857;0
858;2
859;2
860;2
861;0
862;2
863;0
864;1
865;0
866;1
867;1
868;0
869;0
870;0
871;0
872;0
873;0
874;0
875;0
876;2
877;2
878;0
879;0
880;2
881;0
882;0
883;0
884;0
885;0
886;0
887;0
888;0
889;0
890;0
891;0
892;0
893;1
894;1
895;2
896;2
897;0
898;2
899;1
900;0
901;2
902;1
903;0
904;0
905;1
906;1
907;0
908;0
909;0
910;0
911;0
912;0
913;0
914;0
915;0
916;0
917;0
918;0
919;0
920;2
921;2
922;0
923;0
924;0
925;0
926;0
927;1
928;0
929;0
930;0
931;0
932;0
933;0
934;0
935;0
936;0
937;1
938;2
939;0
940;0
941;0
942;0
943;1
944;0
945;0
946;2
947;0
948;1
949;2
950;0
951;0
952;0
953;2
954;0
955;0
956;1
957;0
958;2
959;0
960;0
961;2
962;1
963;0
964;4
965;0
966;0
967;0
968;2
969;0
970;0
971;0
972;2
973;0
974;0
975;0
976;0
977;0
978;2
979;2
980;2
981;0
982;0
983;0
984;1
985;1
986;0
987;0
988;0
989;0
990;1
991;0
992;0
993;0
994;0
995;0
996;1
997;0
998;0
999;0
1000;2
1001;0
1002;0
1003;0
1004;2
1005;2
1006;0
1007;0
1008;0
1009;2
1010;0
1011;0
1012;0
1013;0
1014;1
1015;0
1016;0
1017;0
1018;0
1019;0
1020;0
1021;0
1022;0
1023;0
