0;1
1;0
2;0
3;2
4;1
5;2
6;2
7;2
8;2
9;2
10;2
11;0
12;1
13;0
14;0
15;0
16;0
17;2
18;2
19;0
20;2
21;1
22;0
23;0
24;0
25;0
26;2
27;1
28;2
29;2
30;2
31;0
32;0
33;1
34;0
35;0
36;2
37;2
38;0
39;0
40;0
41;0
42;0
43;0
44;1
45;0
46;0
47;0
48;0
49;2
50;0
51;2
52;1
53;0
54;2
55;2
56;1
57;0
58;0
59;0
60;4
61;0
62;2
63;1
64;2
65;2
66;2
67;0
68;2
69;0
70;1
71;0
72;2
73;0
74;0
75;0
76;0
77;0
78;0
79;2
80;0
81;0
82;1
83;0
84;1
85;0
86;0
87;0
88;1
89;2
90;0
91;0
92;1
93;0
94;0
95;0
96;2
97;0
98;1
99;2
100;1
101;0
102;0
103;0
104;4
105;0
106;0
107;0
108;2
109;0
110;2
111;0
112;1
113;0
114;1
115;0
116;1
117;0
118;1
119;0
120;2
121;0
122;2
123;0
124;2
125;0
126;0
127;0
128;1
129;1
130;2
131;0
132;1
133;0
134;2
135;0
136;2
137;0
138;0
139;0
140;2
141;0
142;0
143;1
144;2
145;0
146;2
147;0
148;0
149;0
150;0
151;0
152;2
153;2
154;0
155;0
156;0
157;2
158;0
159;2
160;0
161;0
162;0
163;0
164;0
165;0
166;0
167;0
168;2
169;0
170;0
171;0
172;1
173;0
174;2
175;2
176;1
177;0
178;0
179;0
180;0
181;0
182;2
183;0
184;0
185;2
186;1
187;1
188;2
189;0
190;1
191;0
192;1
193;0
194;0
195;0
196;0
197;2
198;0
199;0
200;0
201;2
202;1
203;0
204;2
205;0
206;0
207;0
208;0
209;0
210;0
211;0
212;0
213;0
214;0
215;2
216;1
217;0
218;0
219;0
220;1
221;0
222;0
223;0
224;0
225;0
226;0
227;0
228;2
229;1
230;0
231;1
232;2
233;0
234;0
235;0
236;1
237;0
238;0
239;0
240;1
241;0
242;0
243;0
244;2
245;1
246;0
247;0
248;1
249;0
250;0
251;0
252;0
253;2
254;0
255;0
256;2
257;0
258;0
259;0
260;0
261;0
262;2
263;0
264;0
265;0
266;1
267;0
268;2
269;0
270;1
271;0
272;0
273;0
274;0
275;0
276;0
277;0
278;2
279;0
280;0
281;2
282;2
283;0
284;1
285;0
286;0
287;0
288;2
289;0
290;0
291;0
292;0
293;0
294;0
295;0
296;0
297;0
298;0
299;1
300;0
301;0
302;1
303;0
304;1
305;0
306;0
307;0
308;2
309;0
310;2
311;0
312;2
313;2
314;2
315;0
316;0
317;1
318;0
319;0
320;0
321;0
322;1
323;2
324;2
325;1
326;1
327;0
328;0
329;0
330;1
331;0
332;2
333;0
334;0
335;0
336;1
337;0
338;2
339;2
340;1
341;0
342;2
343;0
344;1
345;0
346;0
347;2
348;4
349;2
350;2
351;2
352;2
353;0
354;2
355;0
356;1
357;2
358;0
359;0
360;0
361;0
362;0
363;1
364;0
365;0
366;2
367;2
368;2
369;1
370;2
371;0
372;1
373;0
374;0
375;0
376;0
377;0
378;0
379;2
380;0
381;0
382;0
383;0
384;0
385;0
386;0
387;0
388;1
389;0
390;0
391;0
392;2
393;0
394;0
395;0
396;0
397;1
398;0
399;0
400;0
401;0
402;0
403;0
404;1
405;0
406;0
407;0
408;0
409;1
410;0
411;2
412;2
413;0
414;0
415;0
416;1
417;0
418;0
419;2
420;4
421;0
422;1
423;0
424;0
425;0
426;2
427;0
428;2
429;0
430;0
431;0
432;0
433;0
434;0
435;2
436;0
437;0
438;0
439;2
440;0
441;0
442;2
443;1
444;0
445;0
446;0
447;0
448;2
449;0
450;0
451;0
452;0
453;0
454;0
455;0
456;0
457;0
458;0
459;0
460;1
461;2
462;2
463;2
464;2
465;0
466;2
467;0
468;1
469;0
470;1
471;4
472;0
473;1
474;2
475;0
476;1
477;0
478;2
479;2
480;2
481;2
482;0
483;2
484;1
485;2
486;0
487;0
488;2
489;2
490;0
491;0
492;0
493;2
494;2
495;0
496;2
497;2
498;2
499;2
500;2
501;0
502;0
503;0
504;0
505;0
506;0
507;2
508;2
509;0
510;0
511;2
512;2
513;0
514;0
515;0
516;1
517;2
518;0
519;0
520;2
521;1
522;0
523;2
524;0
525;2
526;4
527;0
528;2
529;2
530;1
531;1
532;2
533;0
534;2
535;0
536;2
537;0
538;2
539;2
540;2
541;2
542;0
543;0
544;1
545;0
546;0
547;0
548;2
549;2
550;1
551;0
552;2
553;1
554;0
555;1
556;0
557;0
558;2
559;0
560;0
561;1
562;0
563;0
564;0
565;0
566;0
567;2
568;1
569;0
570;0
571;0
572;0
573;1
574;0
575;0
576;2
577;2
578;1
579;0
580;0
581;0
582;1
583;0
584;1
585;0
586;0
587;0
588;2
589;2
590;2
591;1
592;2
593;2
594;1
595;0
596;2
597;0
598;0
599;0
600;0
601;1
602;0
603;0
604;0
605;0
606;0
607;0
608;2
609;1
610;0
611;0
612;2
613;0
614;2
615;0
616;1
617;1
618;0
619;0
620;0
621;0
622;0
623;0
624;1
625;0
626;0
627;0
628;0
629;2
630;0
631;2
632;2
633;0
634;0
635;0
636;0
637;0
638;1
639;2
640;0
641;0
642;0
643;0
644;0
645;1
646;0
647;0
648;0
649;0
650;2
651;0
652;2
653;0
654;0
655;0
656;4
657;0
658;0
659;0
660;0
661;0
662;2
663;0
664;2
665;0
666;2
667;0
668;4
669;0
670;2
671;0
672;0
673;0
674;2
675;0
676;2
677;1
678;0
679;0
680;2
681;2
682;0
683;0
684;0
685;0
686;2
687;2
688;1
689;0
690;0
691;2
692;1
693;1
694;0
695;2
696;2
697;0
698;2
699;2
700;2
701;0
702;0
703;0
704;0
705;1
706;0
707;1
708;0
709;0
710;0
711;0
712;1
713;0
714;0
715;1
716;1
717;0
718;2
719;0
720;2
721;0
722;0
723;2
724;1
725;2
726;1
727;0
728;2
729;0
730;2
731;0
732;2
733;0
734;2
735;0
736;2
737;0
738;2
739;0
740;0
741;0
742;1
743;0
744;0
745;0
746;0
747;0
748;2
749;2
750;2
751;0
752;2
753;0
754;0
755;2
756;0
757;2
758;0
759;0
760;0
761;0
762;0
763;0
764;0
765;2
766;2
767;2
768;2
769;2
770;0
771;0
772;1
773;0
774;0
775;0
776;0
777;1
778;0
779;0
780;0
781;0
782;0
783;0
784;0
785;2
786;0
787;0
788;0
789;0
790;0
791;0
792;0
793;0
794;0
795;0
796;0
797;0
798;2
799;2
800;0
801;0
802;0
803;2
804;2
805;0
806;0
807;0
808;0
809;0
810;0
811;0
812;0
813;0
814;0
815;0
816;2
817;2
818;0
819;0
820;1
821;0
822;2
823;1
824;0
825;0
826;2
827;0
828;1
829;0
830;0
831;0
832;0
833;0
834;2
835;2
836;2
837;0
838;0
839;2
840;0
841;2
842;1
843;0
844;2
845;0
846;0
847;0
848;0
849;0
850;2
851;4
852;2
853;0
854;2
855;2
856;1
857;0
858;2
859;2
860;1
861;0
862;0
863;0
864;0
865;2
866;0
867;2
868;0
869;0
870;2
871;2
872;1
873;0
874;1
875;0
876;1
877;0
878;0
879;2
880;4
881;0
882;2
883;2
884;2
885;0
886;2
887;0
888;1
889;0
890;0
891;0
892;0
893;0
894;0
895;1
896;0
897;0
898;0
899;0
900;0
901;2
902;1
903;2
904;1
905;0
906;2
907;1
908;0
909;0
910;1
911;0
912;0
913;2
914;2
915;0
916;2
917;2
918;4
919;2
920;2
921;0
922;2
923;0
924;4
925;0
926;1
927;0
928;2
929;0
930;2
931;0
932;1
933;0
934;0
935;0
936;0
937;2
938;2
939;0
940;0
941;0
942;0
943;1
944;1
945;0
946;0
947;2
948;0
949;0
950;2
951;0
952;0
953;2
954;2
955;0
956;1
957;1
958;0
959;0
960;0
961;0
962;2
963;0
964;1
965;0
966;0
967;1
968;0
969;0
970;0
971;0
972;0
973;0
974;1
975;0
976;2
977;0
978;2
979;0
980;0
981;0
982;0
983;0
984;2
985;2
986;1
987;0
988;0
989;0
990;1
991;1
992;0
993;0
994;0
995;0
996;2
997;0
998;0
999;1
1000;0
1001;0
1002;0
1003;2
1004;0
1005;0
1006;0
1007;0
1008;0
1009;0
1010;0
1011;0
1012;1
1013;0
1014;1
1015;1
1016;0
1017;0
1018;0
1019;0
1020;0
1021;0
1022;0
1023;0
