0;1
1;0
2;0
3;2
4;2
5;2
6;2
7;2
8;2
9;0
10;2
11;0
12;1
13;0
14;0
15;0
16;0
17;1
18;2
19;0
20;1
21;0
22;0
23;0
24;2
25;1
26;0
27;2
28;2
29;0
30;2
31;1
32;2
33;0
34;0
35;0
36;1
37;0
38;0
39;2
40;0
41;0
42;0
43;0
44;1
45;0
46;2
47;0
48;0
49;0
50;0
51;2
52;1
53;0
54;1
55;0
56;0
57;0
58;0
59;0
60;0
61;0
62;0
63;0
64;0
65;0
66;0
67;2
68;0
69;0
70;0
71;0
72;0
73;0
74;0
75;0
76;1
77;2
78;0
79;0
80;0
81;0
82;0
83;0
84;2
85;0
86;0
87;1
88;0
89;0
90;0
91;0
92;0
93;0
94;0
95;0
96;2
97;0
98;2
99;1
100;0
101;0
102;1
103;0
104;0
105;1
106;1
107;0
108;0
109;0
110;1
111;1
112;0
113;2
114;0
115;0
116;0
117;2
118;0
119;0
120;2
121;0
122;1
123;0
124;0
125;0
126;0
127;0
128;2
129;0
130;0
131;0
132;0
133;0
134;2
135;2
136;0
137;2
138;0
139;1
140;2
141;2
142;0
143;0
144;0
145;2
146;0
147;2
148;0
149;0
150;0
151;0
152;0
153;0
154;0
155;0
156;2
157;0
158;0
159;0
160;0
161;0
162;0
163;0
164;1
165;0
166;0
167;0
168;0
169;0
170;0
171;1
172;0
173;1
174;2
175;0
176;0
177;0
178;0
179;0
180;0
181;1
182;0
183;1
184;0
185;2
186;2
187;2
188;0
189;0
190;2
191;1
192;0
193;0
194;0
195;0
196;0
197;0
198;0
199;0
200;1
201;0
202;0
203;2
204;1
205;0
206;2
207;0
208;0
209;2
210;0
211;0
212;0
213;2
214;0
215;0
216;1
217;0
218;0
219;2
220;2
221;0
222;2
223;0
224;1
225;0
226;0
227;0
228;2
229;0
230;0
231;0
232;2
233;2
234;0
235;0
236;2
237;0
238;0
239;0
240;0
241;0
242;0
243;0
244;2
245;0
246;0
247;1
248;2
249;0
250;2
251;0
252;0
253;0
254;1
255;0
256;2
257;0
258;2
259;1
260;0
261;0
262;0
263;0
264;0
265;2
266;0
267;1
268;0
269;0
270;0
271;0
272;1
273;0
274;0
275;0
276;2
277;0
278;0
279;0
280;1
281;0
282;0
283;0
284;1
285;0
286;0
287;4
288;0
289;0
290;0
291;0
292;0
293;0
294;2
295;2
296;2
297;1
298;0
299;2
300;4
301;0
302;2
303;2
304;2
305;0
306;2
307;0
308;1
309;0
310;1
311;0
312;1
313;0
314;0
315;2
316;0
317;1
318;0
319;0
320;0
321;0
322;0
323;0
324;0
325;0
326;0
327;0
328;0
329;0
330;2
331;0
332;2
333;1
334;1
335;0
336;0
337;0
338;1
339;0
340;0
341;0
342;0
343;0
344;1
345;0
346;0
347;0
348;0
349;0
350;0
351;0
352;0
353;0
354;0
355;0
356;2
357;2
358;0
359;0
360;0
361;2
362;2
363;2
364;0
365;0
366;0
367;0
368;2
369;0
370;0
371;0
372;0
373;0
374;0
375;0
376;0
377;0
378;0
379;0
380;1
381;0
382;0
383;0
384;0
385;1
386;0
387;0
388;2
389;1
390;0
391;2
392;2
393;0
394;0
395;0
396;1
397;0
398;0
399;2
400;0
401;0
402;1
403;0
404;0
405;0
406;1
407;1
408;1
409;0
410;1
411;0
412;2
413;0
414;2
415;0
416;2
417;0
418;2
419;2
420;1
421;0
422;0
423;0
424;0
425;2
426;0
427;0
428;2
429;0
430;2
431;2
432;1
433;0
434;0
435;0
436;0
437;1
438;0
439;0
440;1
441;0
442;0
443;0
444;1
445;0
446;0
447;1
448;0
449;0
450;1
451;0
452;1
453;2
454;1
455;2
456;0
457;2
458;1
459;0
460;2
461;1
462;0
463;2
464;1
465;0
466;0
467;0
468;2
469;2
470;0
471;0
472;0
473;0
474;1
475;0
476;0
477;0
478;2
479;0
480;2
481;0
482;0
483;0
484;0
485;0
486;0
487;2
488;0
489;2
490;0
491;0
492;2
493;0
494;0
495;2
496;1
497;0
498;0
499;0
500;0
501;2
502;0
503;0
504;0
505;2
506;1
507;0
508;2
509;2
510;1
511;0
512;0
513;0
514;2
515;0
516;1
517;0
518;2
519;2
520;0
521;0
522;0
523;2
524;2
525;0
526;2
527;0
528;0
529;0
530;0
531;0
532;2
533;0
534;2
535;1
536;0
537;1
538;2
539;2
540;2
541;2
542;0
543;0
544;0
545;2
546;1
547;2
548;0
549;1
550;0
551;1
552;0
553;2
554;2
555;2
556;2
557;0
558;2
559;2
560;2
561;2
562;2
563;0
564;0
565;0
566;0
567;2
568;1
569;0
570;2
571;0
572;0
573;1
574;0
575;0
576;0
577;2
578;1
579;0
580;0
581;0
582;1
583;0
584;1
585;0
586;0
587;0
588;0
589;0
590;2
591;2
592;2
593;1
594;0
595;2
596;0
597;0
598;0
599;0
600;0
601;0
602;0
603;0
604;1
605;1
606;0
607;0
608;2
609;2
610;2
611;2
612;2
613;0
614;0
615;0
616;0
617;1
618;0
619;0
620;0
621;0
622;0
623;0
624;0
625;0
626;0
627;2
628;1
629;0
630;0
631;2
632;4
633;0
634;2
635;0
636;2
637;0
638;2
639;0
640;2
641;2
642;0
643;0
644;0
645;2
646;0
647;2
648;0
649;0
650;2
651;0
652;0
653;0
654;0
655;0
656;0
657;1
658;0
659;0
660;0
661;1
662;2
663;0
664;0
665;0
666;0
667;0
668;0
669;0
670;0
671;0
672;2
673;0
674;2
675;1
676;0
677;0
678;2
679;0
680;0
681;2
682;0
683;1
684;0
685;0
686;2
687;1
688;0
689;1
690;0
691;0
692;2
693;1
694;2
695;0
696;0
697;1
698;0
699;0
700;0
701;0
702;0
703;2
704;2
705;0
706;0
707;0
708;1
709;0
710;0
711;2
712;0
713;0
714;2
715;2
716;2
717;0
718;2
719;0
720;0
721;2
722;2
723;2
724;0
725;0
726;2
727;1
728;0
729;2
730;2
731;0
732;0
733;1
734;2
735;1
736;0
737;0
738;1
739;2
740;2
741;0
742;0
743;0
744;2
745;2
746;1
747;0
748;2
749;0
750;2
751;1
752;0
753;2
754;0
755;0
756;0
757;0
758;0
759;0
760;0
761;0
762;1
763;0
764;2
765;2
766;2
767;0
768;1
769;0
770;0
771;0
772;0
773;2
774;1
775;0
776;0
777;0
778;0
779;0
780;0
781;2
782;0
783;0
784;0
785;0
786;0
787;0
788;0
789;0
790;0
791;0
792;0
793;2
794;0
795;0
796;2
797;0
798;0
799;2
800;1
801;1
802;1
803;0
804;0
805;1
806;0
807;0
808;0
809;0
810;0
811;1
812;0
813;0
814;0
815;0
816;1
817;0
818;0
819;1
820;0
821;0
822;2
823;1
824;0
825;0
826;0
827;0
828;0
829;0
830;2
831;0
832;0
833;0
834;0
835;0
836;0
837;0
838;2
839;2
840;1
841;0
842;1
843;0
844;0
845;0
846;2
847;1
848;0
849;0
850;2
851;2
852;0
853;0
854;2
855;0
856;1
857;0
858;0
859;0
860;0
861;0
862;0
863;2
864;0
865;0
866;2
867;1
868;0
869;0
870;2
871;1
872;0
873;0
874;0
875;0
876;0
877;0
878;0
879;0
880;0
881;2
882;2
883;0
884;0
885;0
886;2
887;1
888;0
889;0
890;1
891;0
892;0
893;0
894;0
895;0
896;1
897;0
898;0
899;2
900;0
901;0
902;2
903;1
904;2
905;2
906;1
907;0
908;0
909;2
910;0
911;1
912;0
913;0
914;0
915;0
916;0
917;2
918;2
919;0
920;0
921;0
922;1
923;1
924;1
925;0
926;0
927;2
928;1
929;0
930;0
931;1
932;0
933;0
934;0
935;0
936;0
937;1
938;0
939;0
940;0
941;0
942;1
943;1
944;0
945;1
946;0
947;1
948;0
949;0
950;0
951;0
952;0
953;1
954;0
955;0
956;0
957;0
958;0
959;0
960;1
961;0
962;0
963;1
964;0
965;2
966;0
967;0
968;0
969;0
970;0
971;1
972;0
973;0
974;0
975;0
976;2
977;0
978;0
979;2
980;0
981;0
982;0
983;2
984;1
985;0
986;0
987;0
988;0
989;0
990;0
991;0
992;2
993;2
994;2
995;1
996;0
997;0
998;0
999;0
1000;0
1001;1
1002;0
1003;0
1004;1
1005;0
1006;2
1007;0
1008;0
1009;0
1010;0
1011;2
1012;1
1013;0
1014;0
1015;1
1016;0
1017;0
1018;0
1019;0
1020;0
1021;0
1022;0
1023;0
