0;1
1;0
2;0
3;2
4;2
5;0
6;2
7;1
8;0
9;0
10;2
11;0
12;2
13;0
14;0
15;0
16;0
17;0
18;2
19;0
20;0
21;0
22;0
23;0
24;0
25;0
26;0
27;0
28;0
29;2
30;2
31;2
32;2
33;0
34;2
35;0
36;0
37;0
38;2
39;0
40;0
41;0
42;2
43;0
44;0
45;0
46;2
47;0
48;1
49;0
50;1
51;0
52;2
53;0
54;2
55;0
56;0
57;2
58;0
59;0
60;2
61;0
62;0
63;0
64;0
65;2
66;2
67;0
68;0
69;0
70;0
71;2
72;0
73;0
74;0
75;0
76;0
77;2
78;0
79;0
80;0
81;0
82;0
83;0
84;0
85;1
86;1
87;2
88;1
89;0
90;0
91;0
92;1
93;0
94;0
95;0
96;0
97;0
98;0
99;0
100;2
101;0
102;0
103;1
104;0
105;0
106;0
107;0
108;2
109;2
110;2
111;0
112;1
113;0
114;0
115;0
116;1
117;0
118;1
119;0
120;0
121;0
122;2
123;0
124;0
125;2
126;0
127;2
128;0
129;0
130;0
131;2
132;1
133;1
134;0
135;0
136;1
137;0
138;2
139;1
140;0
141;0
142;2
143;0
144;0
145;0
146;2
147;0
148;2
149;2
150;0
151;0
152;2
153;1
154;0
155;2
156;0
157;0
158;0
159;0
160;0
161;0
162;0
163;0
164;0
165;2
166;0
167;2
168;1
169;0
170;0
171;2
172;0
173;1
174;0
175;0
176;2
177;0
178;0
179;0
180;2
181;2
182;1
183;0
184;0
185;0
186;0
187;2
188;0
189;0
190;1
191;0
192;0
193;0
194;4
195;1
196;0
197;2
198;2
199;2
200;2
201;2
202;1
203;0
204;2
205;0
206;0
207;0
208;0
209;0
210;1
211;1
212;0
213;0
214;2
215;0
216;0
217;0
218;0
219;0
220;1
221;0
222;0
223;0
224;2
225;1
226;0
227;0
228;0
229;2
230;0
231;2
232;2
233;0
234;2
235;0
236;0
237;2
238;0
239;0
240;0
241;0
242;2
243;1
244;0
245;2
246;2
247;2
248;2
249;0
250;0
251;0
252;0
253;0
254;0
255;0
256;0
257;0
258;2
259;0
260;0
261;0
262;2
263;0
264;0
265;1
266;0
267;0
268;0
269;0
270;2
271;0
272;1
273;1
274;0
275;0
276;2
277;2
278;2
279;2
280;1
281;0
282;0
283;0
284;1
285;1
286;2
287;0
288;0
289;0
290;2
291;2
292;1
293;0
294;0
295;2
296;2
297;0
298;0
299;2
300;2
301;0
302;0
303;0
304;0
305;0
306;2
307;0
308;0
309;0
310;0
311;0
312;0
313;0
314;1
315;0
316;2
317;0
318;0
319;0
320;0
321;2
322;0
323;0
324;0
325;0
326;0
327;0
328;0
329;0
330;0
331;2
332;1
333;0
334;0
335;2
336;1
337;0
338;2
339;2
340;2
341;0
342;2
343;0
344;1
345;2
346;0
347;1
348;0
349;2
350;0
351;0
352;0
353;0
354;0
355;0
356;1
357;0
358;2
359;0
360;2
361;0
362;0
363;1
364;0
365;0
366;0
367;0
368;1
369;2
370;2
371;1
372;0
373;2
374;2
375;2
376;2
377;0
378;2
379;2
380;0
381;0
382;0
383;0
384;2
385;0
386;0
387;0
388;2
389;0
390;2
391;0
392;0
393;0
394;0
395;0
396;0
397;0
398;0
399;0
400;0
401;0
402;0
403;0
404;0
405;0
406;0
407;2
408;0
409;0
410;1
411;0
412;0
413;0
414;2
415;2
416;2
417;0
418;0
419;0
420;0
421;2
422;2
423;2
424;0
425;0
426;0
427;0
428;0
429;0
430;0
431;0
432;0
433;0
434;2
435;2
436;0
437;0
438;2
439;0
440;2
441;2
442;0
443;2
444;2
445;0
446;2
447;0
448;0
449;0
450;2
451;0
452;0
453;1
454;2
455;0
456;1
457;0
458;0
459;0
460;0
461;1
462;0
463;2
464;0
465;0
466;0
467;0
468;1
469;2
470;0
471;1
472;0
473;0
474;1
475;0
476;0
477;0
478;0
479;0
480;2
481;0
482;2
483;0
484;2
485;2
486;0
487;2
488;1
489;0
490;0
491;1
492;0
493;0
494;0
495;2
496;0
497;1
498;0
499;0
500;0
501;2
502;2
503;2
504;2
505;0
506;0
507;0
508;1
509;2
510;2
511;0
512;1
513;2
514;0
515;0
516;1
517;0
518;0
519;0
520;0
521;2
522;2
523;0
524;0
525;2
526;1
527;0
528;2
529;0
530;0
531;0
532;0
533;0
534;0
535;0
536;0
537;0
538;0
539;0
540;0
541;1
542;2
543;0
544;2
545;0
546;2
547;0
548;0
549;2
550;0
551;0
552;2
553;0
554;2
555;2
556;0
557;2
558;0
559;2
560;0
561;0
562;2
563;0
564;0
565;1
566;0
567;0
568;1
569;0
570;0
571;0
572;2
573;2
574;0
575;0
576;1
577;0
578;0
579;0
580;1
581;0
582;0
583;0
584;0
585;0
586;0
587;0
588;1
589;2
590;0
591;0
592;0
593;2
594;2
595;0
596;0
597;2
598;0
599;0
600;0
601;0
602;0
603;0
604;0
605;0
606;1
607;2
608;2
609;0
610;2
611;0
612;0
613;0
614;0
615;2
616;2
617;0
618;0
619;0
620;0
621;1
622;0
623;0
624;0
625;0
626;0
627;0
628;0
629;0
630;1
631;0
632;0
633;0
634;0
635;1
636;0
637;2
638;0
639;1
640;0
641;1
642;0
643;0
644;0
645;0
646;2
647;0
648;0
649;0
650;0
651;0
652;1
653;0
654;2
655;1
656;0
657;0
658;0
659;2
660;2
661;0
662;1
663;2
664;4
665;0
666;2
667;0
668;0
669;0
670;0
671;0
672;1
673;0
674;0
675;2
676;0
677;0
678;0
679;0
680;0
681;0
682;0
683;0
684;2
685;1
686;0
687;1
688;2
689;2
690;0
691;0
692;0
693;0
694;0
695;2
696;1
697;0
698;0
699;0
700;0
701;1
702;0
703;0
704;0
705;2
706;0
707;0
708;0
709;2
710;0
711;1
712;0
713;2
714;2
715;2
716;2
717;0
718;1
719;0
720;0
721;0
722;0
723;0
724;0
725;2
726;0
727;0
728;0
729;2
730;2
731;1
732;0
733;0
734;2
735;0
736;0
737;0
738;2
739;0
740;0
741;2
742;2
743;0
744;1
745;0
746;0
747;0
748;0
749;2
750;0
751;2
752;0
753;2
754;2
755;2
756;2
757;0
758;2
759;0
760;0
761;2
762;1
763;0
764;2
765;1
766;0
767;0
768;2
769;0
770;2
771;0
772;2
773;0
774;1
775;0
776;0
777;0
778;0
779;0
780;0
781;0
782;0
783;0
784;1
785;0
786;0
787;0
788;0
789;0
790;0
791;0
792;2
793;0
794;1
795;0
796;2
797;0
798;0
799;0
800;1
801;0
802;0
803;0
804;1
805;0
806;2
807;1
808;0
809;1
810;0
811;2
812;2
813;0
814;2
815;2
816;2
817;0
818;2
819;0
820;2
821;0
822;2
823;1
824;2
825;0
826;2
827;1
828;0
829;0
830;0
831;0
832;0
833;0
834;0
835;2
836;1
837;0
838;0
839;0
840;0
841;2
842;2
843;2
844;2
845;0
846;0
847;2
848;0
849;0
850;0
851;0
852;1
853;0
854;0
855;0
856;0
857;0
858;0
859;2
860;0
861;1
862;1
863;0
864;0
865;0
866;0
867;0
868;0
869;0
870;0
871;2
872;1
873;0
874;2
875;0
876;0
877;0
878;2
879;0
880;1
881;2
882;0
883;0
884;0
885;0
886;2
887;0
888;0
889;0
890;2
891;0
892;0
893;2
894;2
895;1
896;2
897;0
898;2
899;2
900;0
901;0
902;0
903;2
904;0
905;0
906;2
907;0
908;2
909;0
910;2
911;0
912;2
913;0
914;1
915;0
916;1
917;0
918;0
919;0
920;1
921;0
922;1
923;0
924;0
925;0
926;2
927;2
928;2
929;0
930;2
931;0
932;1
933;0
934;0
935;0
936;0
937;2
938;2
939;0
940;2
941;2
942;1
943;0
944;2
945;0
946;0
947;2
948;0
949;0
950;0
951;0
952;0
953;0
954;2
955;2
956;0
957;1
958;0
959;0
960;0
961;1
962;2
963;2
964;0
965;0
966;2
967;0
968;0
969;0
970;0
971;0
972;1
973;0
974;0
975;0
976;2
977;0
978;0
979;2
980;2
981;0
982;0
983;0
984;0
985;0
986;0
987;0
988;1
989;0
990;2
991;1
992;0
993;0
994;2
995;2
996;1
997;0
998;0
999;2
1000;1
1001;0
1002;0
1003;2
1004;0
1005;0
1006;0
1007;1
1008;0
1009;0
1010;2
1011;0
1012;1
1013;1
1014;1
1015;1
1016;0
1017;0
1018;0
1019;0
1020;0
1021;0
1022;0
1023;0
