0;1
1;0
2;0
3;2
4;4
5;0
6;0
7;2
8;2
9;0
10;2
11;0
12;2
13;0
14;2
15;0
16;0
17;1
18;0
19;1
20;0
21;0
22;0
23;0
24;0
25;0
26;0
27;0
28;0
29;2
30;2
31;1
32;0
33;0
34;1
35;1
36;0
37;0
38;2
39;0
40;2
41;0
42;0
43;0
44;0
45;0
46;0
47;0
48;0
49;0
50;1
51;0
52;2
53;0
54;0
55;0
56;0
57;1
58;0
59;2
60;2
61;0
62;0
63;0
64;0
65;0
66;0
67;1
68;0
69;0
70;0
71;1
72;0
73;2
74;0
75;0
76;0
77;0
78;0
79;1
80;0
81;0
82;0
83;0
84;0
85;0
86;0
87;2
88;1
89;0
90;0
91;0
92;1
93;1
94;0
95;0
96;0
97;1
98;0
99;2
100;2
101;1
102;2
103;2
104;2
105;0
106;1
107;0
108;2
109;2
110;1
111;2
112;1
113;0
114;0
115;0
116;2
117;0
118;0
119;1
120;0
121;0
122;2
123;0
124;1
125;2
126;0
127;0
128;2
129;0
130;2
131;1
132;0
133;0
134;2
135;0
136;0
137;0
138;1
139;0
140;2
141;0
142;0
143;0
144;0
145;0
146;0
147;0
148;0
149;0
150;0
151;0
152;0
153;1
154;0
155;0
156;0
157;0
158;1
159;0
160;0
161;2
162;0
163;2
164;2
165;1
166;0
167;2
168;0
169;0
170;0
171;0
172;0
173;0
174;0
175;0
176;2
177;2
178;1
179;2
180;1
181;0
182;2
183;2
184;0
185;0
186;0
187;0
188;2
189;0
190;0
191;2
192;0
193;1
194;0
195;0
196;0
197;0
198;2
199;2
200;1
201;0
202;0
203;0
204;0
205;2
206;2
207;2
208;2
209;0
210;1
211;0
212;2
213;1
214;0
215;0
216;1
217;0
218;2
219;2
220;2
221;2
222;2
223;2
224;1
225;0
226;1
227;0
228;2
229;0
230;1
231;1
232;0
233;0
234;2
235;0
236;0
237;0
238;0
239;1
240;0
241;0
242;1
243;1
244;1
245;0
246;0
247;0
248;2
249;0
250;0
251;0
252;0
253;0
254;0
255;0
256;2
257;0
258;0
259;1
260;0
261;2
262;0
263;0
264;0
265;0
266;0
267;1
268;0
269;0
270;2
271;1
272;0
273;0
274;0
275;0
276;0
277;1
278;0
279;0
280;0
281;0
282;1
283;0
284;0
285;0
286;0
287;1
288;0
289;1
290;0
291;1
292;2
293;0
294;0
295;0
296;0
297;0
298;0
299;0
300;0
301;2
302;0
303;1
304;0
305;0
306;0
307;0
308;2
309;0
310;2
311;0
312;0
313;2
314;2
315;0
316;2
317;0
318;0
319;0
320;0
321;0
322;1
323;0
324;2
325;0
326;0
327;0
328;0
329;2
330;0
331;0
332;0
333;1
334;0
335;0
336;0
337;0
338;1
339;1
340;0
341;2
342;2
343;0
344;0
345;0
346;0
347;1
348;0
349;0
350;0
351;0
352;0
353;0
354;0
355;0
356;2
357;0
358;0
359;1
360;0
361;1
362;0
363;1
364;1
365;2
366;1
367;0
368;2
369;2
370;2
371;2
372;2
373;0
374;0
375;0
376;0
377;0
378;0
379;0
380;2
381;0
382;0
383;2
384;2
385;0
386;0
387;0
388;0
389;0
390;0
391;0
392;0
393;0
394;0
395;0
396;2
397;2
398;0
399;0
400;0
401;0
402;0
403;0
404;1
405;1
406;0
407;0
408;2
409;0
410;0
411;2
412;0
413;1
414;2
415;0
416;0
417;0
418;0
419;0
420;0
421;1
422;2
423;0
424;0
425;0
426;0
427;1
428;0
429;0
430;0
431;2
432;2
433;0
434;2
435;0
436;0
437;0
438;0
439;2
440;2
441;0
442;1
443;1
444;0
445;0
446;0
447;1
448;0
449;1
450;2
451;0
452;1
453;0
454;0
455;0
456;0
457;1
458;0
459;2
460;0
461;0
462;0
463;0
464;1
465;2
466;0
467;2
468;2
469;0
470;0
471;1
472;0
473;0
474;0
475;0
476;2
477;0
478;2
479;0
480;2
481;2
482;1
483;2
484;1
485;0
486;0
487;1
488;0
489;0
490;2
491;2
492;0
493;1
494;0
495;1
496;0
497;0
498;2
499;2
500;0
501;0
502;0
503;0
504;0
505;2
506;0
507;0
508;1
509;1
510;0
511;0
512;0
513;1
514;0
515;0
516;0
517;0
518;0
519;2
520;0
521;0
522;0
523;2
524;2
525;0
526;0
527;0
528;0
529;0
530;0
531;0
532;0
533;0
534;0
535;0
536;2
537;2
538;2
539;2
540;2
541;1
542;0
543;2
544;2
545;2
546;2
547;0
548;0
549;0
550;2
551;2
552;0
553;1
554;0
555;0
556;0
557;0
558;0
559;2
560;1
561;0
562;0
563;2
564;2
565;0
566;2
567;2
568;0
569;0
570;0
571;0
572;0
573;0
574;0
575;0
576;0
577;0
578;1
579;0
580;1
581;0
582;0
583;0
584;0
585;0
586;0
587;1
588;0
589;0
590;2
591;2
592;0
593;2
594;0
595;0
596;0
597;0
598;1
599;0
600;1
601;0
602;0
603;0
604;0
605;0
606;0
607;2
608;0
609;0
610;0
611;2
612;0
613;0
614;0
615;1
616;0
617;2
618;0
619;0
620;0
621;0
622;0
623;1
624;0
625;0
626;0
627;1
628;2
629;0
630;0
631;1
632;0
633;0
634;2
635;0
636;0
637;0
638;0
639;0
640;1
641;0
642;0
643;2
644;0
645;2
646;0
647;0
648;0
649;0
650;1
651;0
652;2
653;0
654;0
655;1
656;0
657;2
658;0
659;0
660;0
661;1
662;0
663;0
664;0
665;0
666;0
667;0
668;0
669;0
670;0
671;0
672;2
673;0
674;0
675;0
676;0
677;2
678;0
679;2
680;2
681;0
682;0
683;0
684;0
685;0
686;0
687;0
688;2
689;1
690;0
691;2
692;2
693;2
694;0
695;0
696;0
697;0
698;1
699;2
700;2
701;0
702;0
703;0
704;2
705;1
706;0
707;0
708;0
709;2
710;0
711;0
712;0
713;0
714;1
715;1
716;0
717;1
718;0
719;0
720;2
721;0
722;1
723;0
724;0
725;0
726;0
727;0
728;0
729;2
730;0
731;0
732;0
733;2
734;2
735;1
736;0
737;0
738;1
739;2
740;0
741;0
742;0
743;0
744;0
745;0
746;2
747;0
748;1
749;0
750;0
751;0
752;0
753;2
754;0
755;2
756;0
757;1
758;0
759;2
760;2
761;1
762;0
763;0
764;0
765;0
766;1
767;1
768;2
769;1
770;0
771;0
772;2
773;2
774;2
775;0
776;2
777;0
778;0
779;0
780;0
781;0
782;2
783;0
784;0
785;0
786;0
787;0
788;0
789;0
790;0
791;0
792;1
793;0
794;0
795;0
796;0
797;0
798;1
799;0
800;2
801;0
802;0
803;0
804;1
805;0
806;0
807;2
808;0
809;0
810;0
811;0
812;0
813;0
814;0
815;0
816;0
817;0
818;0
819;2
820;2
821;0
822;1
823;0
824;0
825;1
826;0
827;2
828;1
829;0
830;0
831;0
832;0
833;1
834;0
835;1
836;0
837;0
838;0
839;2
840;2
841;0
842;0
843;0
844;2
845;0
846;0
847;0
848;1
849;0
850;2
851;2
852;1
853;0
854;1
855;2
856;0
857;0
858;0
859;0
860;0
861;0
862;0
863;2
864;1
865;0
866;0
867;0
868;0
869;0
870;2
871;0
872;1
873;0
874;0
875;0
876;0
877;0
878;0
879;1
880;0
881;0
882;2
883;0
884;0
885;0
886;0
887;1
888;0
889;0
890;0
891;2
892;0
893;0
894;0
895;0
896;0
897;0
898;1
899;1
900;0
901;0
902;2
903;0
904;1
905;0
906;1
907;0
908;1
909;0
910;1
911;0
912;1
913;0
914;1
915;0
916;0
917;0
918;2
919;2
920;0
921;0
922;2
923;0
924;0
925;0
926;0
927;0
928;0
929;2
930;1
931;0
932;2
933;2
934;0
935;2
936;2
937;2
938;2
939;2
940;0
941;0
942;0
943;0
944;0
945;0
946;2
947;0
948;0
949;1
950;0
951;0
952;0
953;0
954;0
955;2
956;0
957;0
958;2
959;0
960;0
961;2
962;2
963;1
964;0
965;0
966;0
967;2
968;1
969;2
970;2
971;2
972;2
973;0
974;2
975;0
976;2
977;0
978;0
979;1
980;0
981;0
982;2
983;0
984;0
985;0
986;0
987;0
988;2
989;0
990;0
991;0
992;0
993;0
994;0
995;0
996;1
997;0
998;2
999;2
1000;2
1001;0
1002;0
1003;0
1004;2
1005;0
1006;1
1007;0
1008;0
1009;0
1010;2
1011;0
1012;1
1013;0
1014;0
1015;1
1016;0
1017;0
1018;0
1019;0
1020;0
1021;0
1022;0
1023;0
