0;1
1;0
2;0
3;0
4;4
5;0
6;2
7;2
8;2
9;0
10;2
11;0
12;2
13;2
14;0
15;0
16;0
17;0
18;0
19;0
20;0
21;0
22;0
23;0
24;0
25;0
26;0
27;0
28;0
29;2
30;0
31;2
32;2
33;0
34;0
35;0
36;0
37;0
38;2
39;0
40;0
41;0
42;0
43;0
44;0
45;0
46;0
47;0
48;0
49;0
50;1
51;0
52;2
53;2
54;2
55;0
56;0
57;2
58;0
59;2
60;2
61;0
62;0
63;0
64;0
65;0
66;0
67;0
68;0
69;0
70;0
71;0
72;0
73;0
74;0
75;0
76;0
77;0
78;1
79;0
80;0
81;0
82;0
83;0
84;0
85;1
86;2
87;2
88;1
89;0
90;0
91;0
92;1
93;1
94;0
95;0
96;1
97;1
98;0
99;2
100;2
101;1
102;2
103;1
104;0
105;0
106;0
107;0
108;2
109;2
110;1
111;0
112;0
113;0
114;0
115;0
116;2
117;1
118;0
119;0
120;0
121;0
122;0
123;0
124;0
125;2
126;0
127;2
128;0
129;0
130;0
131;2
132;2
133;0
134;0
135;0
136;0
137;0
138;2
139;1
140;0
141;0
142;0
143;0
144;0
145;0
146;0
147;2
148;2
149;2
150;0
151;0
152;2
153;1
154;0
155;0
156;0
157;0
158;0
159;0
160;0
161;0
162;0
163;0
164;0
165;2
166;1
167;2
168;1
169;0
170;2
171;0
172;0
173;0
174;0
175;0
176;2
177;0
178;2
179;0
180;2
181;0
182;0
183;0
184;0
185;0
186;1
187;2
188;2
189;0
190;0
191;0
192;1
193;0
194;2
195;2
196;2
197;0
198;2
199;2
200;1
201;0
202;1
203;0
204;2
205;0
206;1
207;0
208;0
209;1
210;1
211;2
212;0
213;0
214;0
215;0
216;0
217;0
218;0
219;0
220;1
221;0
222;0
223;0
224;2
225;0
226;0
227;0
228;0
229;2
230;0
231;0
232;2
233;0
234;0
235;0
236;0
237;2
238;0
239;0
240;0
241;2
242;0
243;0
244;0
245;0
246;2
247;2
248;2
249;0
250;0
251;0
252;0
253;0
254;0
255;0
256;0
257;0
258;2
259;0
260;0
261;0
262;0
263;0
264;1
265;0
266;0
267;0
268;0
269;0
270;0
271;0
272;4
273;1
274;0
275;2
276;2
277;2
278;2
279;2
280;1
281;0
282;0
283;0
284;0
285;0
286;2
287;0
288;0
289;2
290;1
291;0
292;2
293;0
294;2
295;0
296;0
297;0
298;1
299;0
300;2
301;0
302;0
303;2
304;1
305;0
306;0
307;0
308;0
309;0
310;0
311;0
312;0
313;0
314;1
315;0
316;0
317;2
318;2
319;0
320;0
321;0
322;0
323;0
324;0
325;0
326;1
327;0
328;0
329;0
330;0
331;0
332;2
333;0
334;0
335;1
336;0
337;1
338;0
339;0
340;0
341;2
342;1
343;0
344;2
345;2
346;1
347;0
348;2
349;0
350;2
351;2
352;0
353;0
354;0
355;0
356;2
357;0
358;0
359;0
360;2
361;0
362;0
363;0
364;0
365;0
366;0
367;0
368;0
369;0
370;0
371;0
372;1
373;0
374;0
375;0
376;1
377;0
378;0
379;0
380;0
381;0
382;0
383;0
384;0
385;0
386;2
387;2
388;2
389;1
390;0
391;0
392;0
393;0
394;2
395;2
396;0
397;0
398;0
399;0
400;0
401;0
402;0
403;0
404;0
405;0
406;2
407;2
408;1
409;0
410;2
411;2
412;1
413;0
414;0
415;2
416;1
417;2
418;2
419;2
420;2
421;0
422;2
423;0
424;2
425;2
426;1
427;0
428;2
429;0
430;0
431;0
432;4
433;1
434;0
435;0
436;0
437;0
438;0
439;0
440;1
441;0
442;2
443;2
444;1
445;0
446;0
447;2
448;4
449;0
450;2
451;0
452;2
453;0
454;2
455;0
456;2
457;0
458;0
459;0
460;1
461;0
462;0
463;1
464;0
465;0
466;0
467;0
468;0
469;0
470;1
471;0
472;2
473;0
474;0
475;0
476;2
477;2
478;2
479;2
480;1
481;0
482;0
483;1
484;0
485;0
486;0
487;2
488;0
489;2
490;0
491;0
492;0
493;2
494;1
495;0
496;0
497;0
498;0
499;0
500;0
501;0
502;0
503;0
504;1
505;1
506;0
507;0
508;0
509;0
510;1
511;0
512;1
513;0
514;0
515;0
516;0
517;2
518;2
519;2
520;2
521;0
522;0
523;0
524;0
525;0
526;0
527;0
528;0
529;0
530;0
531;0
532;0
533;2
534;2
535;2
536;2
537;0
538;0
539;0
540;0
541;2
542;0
543;0
544;2
545;0
546;0
547;2
548;0
549;2
550;0
551;0
552;0
553;0
554;2
555;0
556;0
557;1
558;0
559;0
560;1
561;0
562;0
563;0
564;2
565;0
566;0
567;0
568;0
569;0
570;2
571;2
572;1
573;0
574;0
575;2
576;2
577;0
578;2
579;2
580;2
581;0
582;0
583;0
584;1
585;0
586;0
587;1
588;0
589;0
590;0
591;0
592;0
593;1
594;0
595;0
596;2
597;2
598;0
599;0
600;2
601;0
602;0
603;0
604;0
605;0
606;2
607;1
608;0
609;0
610;0
611;0
612;0
613;0
614;2
615;2
616;1
617;0
618;0
619;2
620;1
621;2
622;2
623;2
624;2
625;0
626;0
627;0
628;2
629;0
630;0
631;0
632;2
633;0
634;0
635;0
636;0
637;1
638;0
639;0
640;0
641;0
642;0
643;0
644;0
645;0
646;1
647;0
648;2
649;0
650;0
651;1
652;0
653;2
654;0
655;0
656;0
657;1
658;0
659;0
660;0
661;0
662;0
663;0
664;0
665;0
666;0
667;0
668;2
669;0
670;0
671;0
672;0
673;0
674;0
675;2
676;2
677;0
678;0
679;0
680;0
681;0
682;0
683;2
684;2
685;1
686;0
687;2
688;2
689;2
690;0
691;0
692;0
693;0
694;0
695;0
696;1
697;0
698;0
699;0
700;0
701;1
702;0
703;0
704;0
705;0
706;0
707;0
708;0
709;0
710;0
711;1
712;0
713;1
714;0
715;2
716;0
717;0
718;1
719;0
720;0
721;0
722;0
723;0
724;1
725;2
726;0
727;0
728;0
729;2
730;2
731;2
732;2
733;0
734;0
735;0
736;0
737;0
738;0
739;0
740;0
741;0
742;2
743;0
744;1
745;0
746;0
747;0
748;0
749;2
750;0
751;2
752;0
753;0
754;1
755;2
756;2
757;0
758;0
759;0
760;0
761;2
762;1
763;0
764;2
765;1
766;0
767;0
768;2
769;2
770;2
771;1
772;0
773;0
774;0
775;2
776;4
777;0
778;2
779;2
780;2
781;0
782;2
783;0
784;2
785;0
786;0
787;0
788;1
789;0
790;2
791;0
792;0
793;0
794;0
795;0
796;0
797;0
798;0
799;0
800;1
801;0
802;0
803;0
804;0
805;0
806;2
807;0
808;2
809;0
810;0
811;0
812;2
813;1
814;0
815;0
816;1
817;0
818;0
819;2
820;0
821;0
822;0
823;0
824;0
825;0
826;2
827;0
828;2
829;1
830;1
831;0
832;0
833;0
834;1
835;0
836;0
837;0
838;0
839;0
840;1
841;0
842;0
843;0
844;2
845;2
846;2
847;2
848;1
849;0
850;0
851;2
852;0
853;0
854;0
855;0
856;2
857;0
858;0
859;0
860;0
861;0
862;2
863;2
864;1
865;0
866;1
867;0
868;0
869;0
870;0
871;0
872;0
873;0
874;0
875;2
876;1
877;0
878;0
879;0
880;0
881;2
882;2
883;0
884;1
885;1
886;1
887;0
888;0
889;0
890;0
891;0
892;0
893;0
894;2
895;2
896;0
897;2
898;1
899;0
900;2
901;0
902;0
903;2
904;0
905;0
906;2
907;2
908;1
909;0
910;0
911;2
912;2
913;0
914;2
915;2
916;2
917;0
918;2
919;0
920;0
921;1
922;0
923;2
924;2
925;0
926;1
927;0
928;2
929;0
930;0
931;0
932;0
933;0
934;0
935;2
936;0
937;0
938;2
939;2
940;1
941;0
942;0
943;2
944;2
945;0
946;2
947;2
948;0
949;0
950;2
951;2
952;1
953;0
954;1
955;0
956;0
957;0
958;2
959;1
960;0
961;0
962;2
963;0
964;1
965;0
966;0
967;0
968;0
969;2
970;1
971;0
972;2
973;1
974;0
975;0
976;2
977;2
978;0
979;2
980;0
981;0
982;0
983;0
984;0
985;0
986;2
987;0
988;0
989;1
990;0
991;0
992;0
993;0
994;2
995;2
996;0
997;0
998;2
999;2
1000;0
1001;0
1002;1
1003;2
1004;1
1005;0
1006;2
1007;0
1008;2
1009;0
1010;2
1011;1
1012;1
1013;0
1014;0
1015;0
1016;0
1017;0
1018;0
1019;0
1020;0
1021;0
1022;0
1023;0
