0;1
1;0
2;0
3;0
4;4
5;0
6;2
7;2
8;2
9;0
10;0
11;0
12;2
13;2
14;0
15;0
16;0
17;2
18;0
19;0
20;2
21;0
22;0
23;0
24;0
25;0
26;0
27;2
28;0
29;2
30;1
31;2
32;2
33;0
34;0
35;2
36;2
37;0
38;2
39;0
40;0
41;0
42;0
43;0
44;2
45;0
46;0
47;0
48;0
49;0
50;0
51;0
52;0
53;2
54;2
55;0
56;0
57;2
58;1
59;0
60;2
61;0
62;0
63;0
64;0
65;0
66;0
67;0
68;2
69;0
70;0
71;2
72;0
73;0
74;0
75;0
76;2
77;2
78;0
79;0
80;0
81;0
82;0
83;0
84;0
85;0
86;2
87;0
88;1
89;1
90;0
91;2
92;0
93;1
94;0
95;0
96;0
97;0
98;2
99;2
100;2
101;0
102;0
103;0
104;2
105;0
106;0
107;0
108;0
109;0
110;0
111;0
112;1
113;0
114;0
115;0
116;2
117;0
118;1
119;0
120;2
121;2
122;0
123;0
124;0
125;0
126;0
127;2
128;0
129;0
130;0
131;1
132;0
133;0
134;0
135;0
136;0
137;0
138;2
139;1
140;0
141;0
142;0
143;0
144;0
145;0
146;2
147;1
148;0
149;2
150;0
151;0
152;0
153;2
154;0
155;2
156;0
157;0
158;1
159;0
160;1
161;0
162;0
163;0
164;2
165;2
166;0
167;2
168;2
169;0
170;2
171;2
172;0
173;1
174;0
175;0
176;1
177;0
178;0
179;0
180;2
181;0
182;0
183;0
184;2
185;0
186;1
187;0
188;0
189;0
190;1
191;0
192;0
193;0
194;0
195;0
196;2
197;1
198;0
199;2
200;1
201;0
202;1
203;0
204;0
205;0
206;0
207;0
208;1
209;0
210;2
211;0
212;0
213;0
214;0
215;0
216;1
217;0
218;0
219;1
220;1
221;0
222;0
223;0
224;2
225;0
226;0
227;0
228;0
229;0
230;0
231;0
232;0
233;2
234;0
235;0
236;2
237;2
238;0
239;0
240;0
241;0
242;2
243;0
244;2
245;2
246;1
247;0
248;1
249;0
250;0
251;1
252;0
253;0
254;0
255;0
256;0
257;0
258;0
259;0
260;0
261;0
262;0
263;0
264;0
265;0
266;2
267;1
268;0
269;0
270;0
271;0
272;2
273;1
274;0
275;0
276;1
277;0
278;0
279;2
280;0
281;0
282;0
283;0
284;1
285;0
286;2
287;0
288;0
289;0
290;2
291;2
292;2
293;0
294;0
295;0
296;0
297;0
298;1
299;0
300;1
301;0
302;1
303;0
304;1
305;0
306;0
307;1
308;2
309;0
310;2
311;1
312;0
313;0
314;0
315;0
316;0
317;0
318;0
319;0
320;1
321;0
322;1
323;1
324;1
325;0
326;2
327;2
328;0
329;0
330;0
331;0
332;0
333;0
334;0
335;0
336;0
337;0
338;0
339;0
340;2
341;0
342;0
343;1
344;1
345;0
346;0
347;1
348;0
349;2
350;1
351;0
352;2
353;1
354;0
355;1
356;0
357;0
358;2
359;2
360;0
361;2
362;1
363;0
364;0
365;2
366;0
367;0
368;2
369;0
370;0
371;1
372;0
373;0
374;0
375;0
376;0
377;0
378;0
379;0
380;1
381;0
382;0
383;0
384;0
385;0
386;0
387;0
388;0
389;1
390;1
391;0
392;2
393;0
394;1
395;0
396;0
397;1
398;0
399;2
400;0
401;2
402;1
403;0
404;0
405;0
406;0
407;0
408;0
409;0
410;0
411;0
412;1
413;0
414;0
415;2
416;2
417;2
418;0
419;0
420;2
421;0
422;0
423;2
424;2
425;0
426;0
427;0
428;2
429;0
430;0
431;0
432;0
433;2
434;2
435;0
436;1
437;2
438;0
439;0
440;0
441;1
442;0
443;2
444;1
445;0
446;0
447;0
448;1
449;2
450;0
451;1
452;0
453;2
454;0
455;0
456;2
457;0
458;0
459;0
460;2
461;0
462;2
463;0
464;2
465;2
466;1
467;0
468;1
469;1
470;0
471;1
472;0
473;0
474;0
475;2
476;0
477;1
478;1
479;0
480;0
481;2
482;2
483;2
484;2
485;0
486;0
487;0
488;1
489;2
490;0
491;0
492;1
493;1
494;0
495;1
496;0
497;1
498;2
499;0
500;0
501;0
502;0
503;0
504;2
505;2
506;2
507;1
508;0
509;0
510;1
511;0
512;0
513;0
514;0
515;0
516;0
517;2
518;2
519;1
520;0
521;0
522;0
523;1
524;1
525;0
526;2
527;1
528;0
529;0
530;2
531;0
532;2
533;0
534;2
535;0
536;0
537;2
538;0
539;0
540;2
541;0
542;2
543;0
544;0
545;2
546;0
547;0
548;0
549;0
550;1
551;2
552;0
553;1
554;0
555;0
556;1
557;0
558;0
559;0
560;0
561;0
562;0
563;0
564;0
565;0
566;0
567;0
568;0
569;0
570;0
571;0
572;0
573;0
574;0
575;0
576;0
577;1
578;0
579;0
580;0
581;0
582;0
583;0
584;1
585;2
586;0
587;0
588;0
589;0
590;0
591;0
592;0
593;0
594;0
595;2
596;2
597;0
598;0
599;0
600;0
601;0
602;0
603;2
604;0
605;0
606;0
607;0
608;0
609;2
610;0
611;0
612;0
613;0
614;0
615;0
616;2
617;0
618;1
619;0
620;0
621;0
622;0
623;1
624;0
625;2
626;0
627;0
628;2
629;2
630;0
631;0
632;0
633;0
634;1
635;0
636;0
637;0
638;0
639;0
640;0
641;0
642;0
643;2
644;0
645;0
646;0
647;2
648;2
649;0
650;0
651;0
652;1
653;1
654;0
655;1
656;0
657;0
658;0
659;0
660;2
661;1
662;0
663;0
664;0
665;0
666;2
667;2
668;2
669;2
670;0
671;0
672;0
673;2
674;0
675;0
676;0
677;2
678;0
679;0
680;0
681;1
682;0
683;0
684;0
685;0
686;2
687;0
688;0
689;0
690;1
691;0
692;0
693;0
694;0
695;0
696;0
697;2
698;0
699;0
700;0
701;0
702;1
703;0
704;2
705;0
706;0
707;0
708;2
709;0
710;0
711;0
712;2
713;0
714;1
715;0
716;0
717;0
718;0
719;0
720;0
721;2
722;0
723;0
724;0
725;1
726;0
727;2
728;2
729;2
730;1
731;0
732;2
733;2
734;2
735;0
736;0
737;1
738;0
739;0
740;2
741;2
742;2
743;0
744;0
745;0
746;2
747;1
748;0
749;0
750;0
751;2
752;4
753;0
754;2
755;0
756;0
757;0
758;0
759;0
760;1
761;0
762;0
763;0
764;0
765;0
766;2
767;0
768;0
769;0
770;0
771;0
772;1
773;0
774;0
775;0
776;2
777;0
778;2
779;0
780;2
781;1
782;0
783;0
784;1
785;0
786;0
787;0
788;2
789;1
790;0
791;0
792;0
793;0
794;2
795;2
796;2
797;2
798;0
799;0
800;0
801;0
802;1
803;0
804;0
805;0
806;2
807;2
808;0
809;1
810;0
811;0
812;0
813;2
814;2
815;0
816;0
817;0
818;0
819;0
820;2
821;0
822;0
823;0
824;2
825;0
826;0
827;0
828;1
829;0
830;0
831;2
832;1
833;0
834;0
835;2
836;0
837;0
838;0
839;0
840;0
841;0
842;0
843;0
844;0
845;0
846;0
847;0
848;0
849;0
850;2
851;0
852;2
853;1
854;0
855;0
856;0
857;2
858;0
859;0
860;0
861;0
862;0
863;1
864;0
865;0
866;0
867;2
868;0
869;0
870;2
871;2
872;1
873;0
874;0
875;0
876;0
877;2
878;2
879;1
880;0
881;0
882;2
883;0
884;0
885;2
886;1
887;0
888;1
889;0
890;1
891;0
892;1
893;0
894;0
895;2
896;2
897;0
898;0
899;2
900;2
901;0
902;2
903;0
904;2
905;0
906;2
907;0
908;1
909;0
910;1
911;0
912;1
913;0
914;1
915;0
916;0
917;0
918;0
919;0
920;0
921;0
922;0
923;2
924;2
925;0
926;2
927;0
928;1
929;0
930;0
931;0
932;0
933;2
934;1
935;0
936;2
937;0
938;1
939;0
940;2
941;2
942;0
943;0
944;0
945;0
946;0
947;2
948;0
949;0
950;2
951;0
952;0
953;2
954;0
955;2
956;0
957;0
958;2
959;2
960;0
961;0
962;0
963;0
964;0
965;0
966;0
967;2
968;2
969;0
970;2
971;0
972;0
973;0
974;2
975;2
976;2
977;0
978;0
979;0
980;0
981;0
982;0
983;0
984;1
985;0
986;1
987;0
988;0
989;0
990;0
991;0
992;2
993;0
994;0
995;2
996;0
997;0
998;0
999;0
1000;1
1001;0
1002;0
1003;0
1004;2
1005;0
1006;2
1007;0
1008;0
1009;0
1010;0
1011;0
1012;0
1013;0
1014;0
1015;0
1016;0
1017;0
1018;0
1019;0
1020;0
1021;0
1022;0
1023;0
