0;0
1;0
2;0
3;1
4;2
5;0
6;2
7;2
8;2
9;0
10;2
11;0
12;1
13;0
14;0
15;0
16;0
17;2
18;0
19;0
20;2
21;0
22;0
23;0
24;0
25;0
26;0
27;1
28;1
29;2
30;1
31;0
32;2
33;0
34;0
35;0
36;2
37;0
38;0
39;0
40;0
41;0
42;0
43;0
44;0
45;0
46;2
47;0
48;1
49;0
50;0
51;0
52;2
53;1
54;0
55;0
56;0
57;2
58;2
59;2
60;4
61;0
62;0
63;0
64;0
65;0
66;0
67;2
68;2
69;0
70;0
71;0
72;0
73;0
74;0
75;0
76;0
77;0
78;0
79;0
80;0
81;0
82;0
83;0
84;0
85;1
86;1
87;0
88;0
89;0
90;0
91;0
92;0
93;1
94;0
95;0
96;1
97;1
98;2
99;2
100;2
101;0
102;2
103;2
104;4
105;0
106;0
107;0
108;2
109;0
110;1
111;0
112;1
113;0
114;0
115;0
116;2
117;0
118;0
119;0
120;0
121;0
122;0
123;0
124;2
125;2
126;0
127;2
128;0
129;0
130;0
131;0
132;0
133;1
134;0
135;0
136;0
137;1
138;1
139;0
140;0
141;0
142;0
143;1
144;0
145;2
146;0
147;2
148;2
149;2
150;0
151;2
152;2
153;0
154;0
155;0
156;0
157;0
158;0
159;0
160;0
161;0
162;0
163;0
164;2
165;2
166;1
167;2
168;1
169;0
170;1
171;0
172;0
173;0
174;0
175;0
176;4
177;0
178;0
179;0
180;2
181;0
182;0
183;0
184;2
185;0
186;1
187;0
188;2
189;1
190;0
191;0
192;2
193;1
194;1
195;0
196;2
197;0
198;1
199;0
200;2
201;2
202;1
203;0
204;2
205;0
206;0
207;0
208;1
209;0
210;1
211;1
212;0
213;0
214;0
215;0
216;1
217;1
218;0
219;1
220;1
221;0
222;0
223;0
224;2
225;0
226;0
227;0
228;0
229;0
230;0
231;0
232;2
233;2
234;0
235;0
236;1
237;2
238;0
239;1
240;0
241;0
242;0
243;0
244;2
245;2
246;2
247;2
248;1
249;0
250;0
251;0
252;2
253;1
254;0
255;0
256;0
257;0
258;2
259;0
260;0
261;2
262;1
263;0
264;1
265;1
266;0
267;0
268;0
269;0
270;0
271;0
272;2
273;1
274;0
275;0
276;2
277;2
278;1
279;0
280;1
281;0
282;0
283;0
284;0
285;1
286;2
287;0
288;0
289;0
290;2
291;2
292;2
293;0
294;0
295;0
296;1
297;0
298;0
299;0
300;1
301;0
302;2
303;0
304;1
305;0
306;0
307;2
308;4
309;0
310;0
311;2
312;2
313;0
314;2
315;0
316;2
317;0
318;0
319;0
320;0
321;0
322;1
323;2
324;0
325;2
326;2
327;0
328;0
329;0
330;0
331;0
332;0
333;0
334;0
335;0
336;0
337;1
338;0
339;2
340;2
341;0
342;0
343;1
344;0
345;1
346;0
347;0
348;1
349;0
350;0
351;2
352;2
353;2
354;2
355;2
356;2
357;0
358;2
359;2
360;0
361;0
362;0
363;0
364;1
365;2
366;0
367;0
368;2
369;0
370;0
371;0
372;0
373;0
374;0
375;0
376;0
377;1
378;0
379;0
380;1
381;0
382;0
383;2
384;0
385;0
386;0
387;0
388;0
389;0
390;0
391;0
392;0
393;0
394;2
395;2
396;0
397;0
398;0
399;0
400;0
401;0
402;2
403;0
404;0
405;0
406;0
407;0
408;0
409;2
410;0
411;0
412;0
413;2
414;1
415;0
416;2
417;0
418;0
419;0
420;1
421;0
422;0
423;2
424;4
425;0
426;0
427;0
428;2
429;0
430;0
431;2
432;2
433;2
434;0
435;0
436;1
437;0
438;0
439;0
440;0
441;1
442;0
443;2
444;0
445;0
446;0
447;0
448;0
449;2
450;0
451;1
452;0
453;0
454;0
455;0
456;2
457;1
458;1
459;0
460;1
461;0
462;2
463;0
464;2
465;2
466;2
467;2
468;1
469;0
470;0
471;1
472;0
473;0
474;0
475;0
476;0
477;1
478;1
479;0
480;0
481;2
482;2
483;1
484;0
485;0
486;0
487;0
488;0
489;2
490;0
491;0
492;1
493;1
494;0
495;0
496;0
497;0
498;0
499;0
500;1
501;2
502;0
503;0
504;2
505;1
506;0
507;2
508;2
509;0
510;0
511;0
512;0
513;0
514;0
515;0
516;0
517;0
518;2
519;0
520;1
521;0
522;0
523;2
524;2
525;0
526;2
527;2
528;2
529;0
530;2
531;0
532;0
533;0
534;2
535;0
536;0
537;2
538;0
539;0
540;0
541;0
542;1
543;0
544;0
545;0
546;0
547;0
548;0
549;0
550;2
551;0
552;0
553;1
554;0
555;0
556;1
557;0
558;0
559;0
560;2
561;0
562;0
563;0
564;1
565;0
566;0
567;2
568;1
569;0
570;1
571;0
572;0
573;0
574;0
575;0
576;1
577;1
578;0
579;0
580;2
581;0
582;0
583;0
584;1
585;2
586;1
587;0
588;0
589;0
590;0
591;1
592;0
593;1
594;0
595;0
596;2
597;0
598;1
599;0
600;0
601;0
602;0
603;0
604;2
605;0
606;0
607;0
608;0
609;1
610;0
611;0
612;0
613;0
614;0
615;0
616;0
617;0
618;1
619;0
620;2
621;0
622;0
623;2
624;2
625;2
626;2
627;0
628;0
629;1
630;0
631;0
632;0
633;0
634;0
635;0
636;0
637;0
638;0
639;0
640;2
641;0
642;0
643;2
644;4
645;0
646;0
647;1
648;0
649;0
650;0
651;0
652;1
653;0
654;0
655;2
656;0
657;1
658;0
659;2
660;2
661;0
662;0
663;0
664;0
665;0
666;1
667;2
668;0
669;0
670;0
671;0
672;0
673;1
674;0
675;0
676;1
677;2
678;0
679;0
680;0
681;0
682;0
683;0
684;0
685;0
686;2
687;2
688;2
689;0
690;1
691;0
692;0
693;2
694;1
695;0
696;1
697;2
698;0
699;0
700;1
701;2
702;2
703;2
704;2
705;0
706;0
707;0
708;2
709;0
710;0
711;0
712;2
713;0
714;2
715;0
716;1
717;0
718;0
719;0
720;0
721;2
722;0
723;2
724;0
725;0
726;2
727;2
728;1
729;0
730;0
731;0
732;0
733;0
734;1
735;0
736;0
737;2
738;0
739;0
740;2
741;2
742;1
743;0
744;2
745;2
746;2
747;2
748;1
749;0
750;0
751;2
752;1
753;0
754;2
755;2
756;2
757;0
758;2
759;0
760;1
761;0
762;0
763;0
764;0
765;0
766;0
767;0
768;1
769;0
770;0
771;0
772;0
773;0
774;2
775;2
776;2
777;0
778;1
779;0
780;2
781;1
782;0
783;0
784;1
785;0
786;0
787;0
788;0
789;0
790;0
791;0
792;0
793;0
794;2
795;2
796;2
797;0
798;1
799;0
800;1
801;0
802;1
803;0
804;0
805;0
806;2
807;2
808;1
809;0
810;0
811;0
812;0
813;0
814;2
815;2
816;1
817;0
818;0
819;1
820;0
821;0
822;0
823;0
824;0
825;0
826;2
827;0
828;0
829;0
830;2
831;2
832;1
833;0
834;0
835;0
836;0
837;0
838;1
839;0
840;0
841;0
842;0
843;2
844;1
845;0
846;0
847;0
848;0
849;0
850;2
851;0
852;1
853;2
854;0
855;0
856;0
857;0
858;0
859;0
860;2
861;0
862;2
863;2
864;0
865;2
866;2
867;0
868;1
869;0
870;0
871;2
872;1
873;0
874;0
875;2
876;4
877;0
878;1
879;0
880;2
881;0
882;2
883;0
884;2
885;0
886;0
887;0
888;1
889;0
890;2
891;1
892;0
893;0
894;0
895;2
896;2
897;0
898;1
899;2
900;2
901;0
902;0
903;2
904;0
905;0
906;2
907;0
908;1
909;0
910;1
911;0
912;1
913;0
914;0
915;0
916;0
917;0
918;1
919;0
920;0
921;0
922;0
923;2
924;2
925;0
926;0
927;0
928;1
929;0
930;0
931;0
932;0
933;2
934;2
935;2
936;2
937;0
938;0
939;0
940;1
941;0
942;0
943;2
944;0
945;0
946;0
947;0
948;0
949;2
950;2
951;0
952;0
953;1
954;0
955;2
956;0
957;0
958;2
959;2
960;0
961;2
962;0
963;2
964;0
965;0
966;0
967;1
968;0
969;0
970;2
971;0
972;2
973;0
974;2
975;1
976;0
977;0
978;0
979;0
980;0
981;0
982;0
983;0
984;1
985;0
986;2
987;2
988;2
989;0
990;2
991;0
992;0
993;0
994;2
995;2
996;0
997;0
998;0
999;0
1000;2
1001;0
1002;0
1003;0
1004;2
1005;0
1006;2
1007;0
1008;0
1009;0
1010;0
1011;0
1012;0
1013;0
1014;0
1015;0
1016;0
1017;0
1018;0
1019;0
1020;0
1021;0
1022;0
1023;0
