0;0
1;0
2;0
3;0
4;4
5;2
6;2
7;2
8;0
9;0
10;0
11;0
12;1
13;0
14;0
15;2
16;0
17;1
18;0
19;0
20;0
21;1
22;0
23;0
24;1
25;2
26;1
27;0
28;1
29;0
30;0
31;0
32;2
33;0
34;0
35;0
36;2
37;2
38;0
39;2
40;0
41;0
42;0
43;0
44;1
45;0
46;0
47;0
48;1
49;0
50;0
51;2
52;1
53;0
54;2
55;1
56;0
57;0
58;1
59;0
60;0
61;0
62;0
63;1
64;0
65;0
66;0
67;2
68;0
69;0
70;1
71;0
72;1
73;0
74;0
75;0
76;1
77;2
78;0
79;0
80;1
81;1
82;0
83;0
84;1
85;0
86;0
87;0
88;2
89;1
90;0
91;1
92;1
93;0
94;0
95;0
96;2
97;0
98;0
99;0
100;1
101;0
102;1
103;0
104;0
105;0
106;1
107;0
108;0
109;0
110;0
111;0
112;2
113;0
114;0
115;0
116;2
117;0
118;2
119;0
120;2
121;0
122;0
123;0
124;0
125;2
126;0
127;2
128;2
129;0
130;0
131;0
132;0
133;0
134;0
135;0
136;0
137;2
138;0
139;0
140;2
141;2
142;0
143;0
144;2
145;2
146;1
147;0
148;2
149;0
150;0
151;2
152;1
153;0
154;0
155;2
156;2
157;0
158;2
159;0
160;2
161;1
162;0
163;0
164;1
165;0
166;0
167;0
168;2
169;0
170;0
171;0
172;0
173;0
174;0
175;0
176;1
177;2
178;2
179;2
180;2
181;0
182;0
183;0
184;1
185;0
186;1
187;1
188;2
189;0
190;0
191;0
192;0
193;1
194;0
195;0
196;0
197;1
198;0
199;2
200;0
201;0
202;1
203;1
204;0
205;0
206;0
207;0
208;0
209;0
210;0
211;0
212;0
213;0
214;0
215;0
216;1
217;0
218;2
219;0
220;1
221;1
222;0
223;0
224;0
225;2
226;0
227;0
228;0
229;0
230;2
231;2
232;0
233;0
234;0
235;2
236;1
237;0
238;1
239;0
240;0
241;0
242;2
243;1
244;0
245;0
246;0
247;0
248;2
249;0
250;0
251;2
252;0
253;0
254;0
255;0
256;2
257;0
258;0
259;1
260;0
261;0
262;2
263;2
264;0
265;0
266;1
267;0
268;2
269;0
270;1
271;0
272;4
273;0
274;0
275;0
276;2
277;0
278;0
279;0
280;2
281;2
282;2
283;0
284;1
285;0
286;0
287;0
288;0
289;0
290;0
291;0
292;0
293;0
294;0
295;0
296;1
297;0
298;0
299;2
300;0
301;0
302;0
303;0
304;0
305;0
306;1
307;1
308;2
309;0
310;1
311;0
312;0
313;2
314;2
315;0
316;0
317;0
318;0
319;0
320;0
321;0
322;0
323;1
324;0
325;1
326;0
327;0
328;0
329;2
330;2
331;2
332;4
333;0
334;0
335;0
336;2
337;2
338;2
339;2
340;2
341;0
342;0
343;0
344;1
345;0
346;1
347;0
348;2
349;2
350;0
351;0
352;0
353;0
354;0
355;2
356;0
357;0
358;2
359;0
360;2
361;1
362;2
363;1
364;0
365;0
366;0
367;0
368;0
369;0
370;0
371;0
372;2
373;2
374;0
375;1
376;0
377;2
378;0
379;0
380;2
381;2
382;2
383;0
384;2
385;0
386;0
387;0
388;0
389;0
390;0
391;2
392;2
393;0
394;0
395;0
396;0
397;1
398;0
399;0
400;2
401;0
402;0
403;0
404;0
405;0
406;0
407;0
408;2
409;1
410;1
411;2
412;1
413;2
414;0
415;0
416;0
417;2
418;2
419;2
420;1
421;1
422;0
423;2
424;2
425;0
426;2
427;1
428;0
429;0
430;0
431;0
432;2
433;2
434;0
435;2
436;2
437;0
438;0
439;0
440;0
441;1
442;2
443;2
444;2
445;0
446;0
447;0
448;1
449;0
450;0
451;4
452;0
453;1
454;0
455;0
456;2
457;1
458;0
459;2
460;2
461;2
462;0
463;2
464;1
465;0
466;0
467;0
468;1
469;0
470;2
471;0
472;0
473;0
474;1
475;2
476;2
477;2
478;2
479;0
480;2
481;0
482;0
483;0
484;0
485;0
486;0
487;2
488;2
489;0
490;0
491;0
492;2
493;0
494;0
495;0
496;0
497;0
498;0
499;0
500;2
501;0
502;1
503;0
504;1
505;2
506;2
507;0
508;2
509;2
510;1
511;0
512;0
513;0
514;0
515;0
516;2
517;2
518;2
519;0
520;0
521;4
522;0
523;0
524;2
525;2
526;1
527;1
528;0
529;2
530;2
531;2
532;2
533;2
534;2
535;2
536;1
537;0
538;0
539;0
540;2
541;2
542;0
543;0
544;0
545;0
546;0
547;0
548;0
549;0
550;0
551;0
552;0
553;1
554;0
555;0
556;0
557;2
558;1
559;0
560;0
561;0
562;2
563;0
564;1
565;0
566;1
567;1
568;0
569;2
570;2
571;2
572;2
573;0
574;2
575;2
576;2
577;0
578;0
579;0
580;0
581;0
582;0
583;0
584;0
585;0
586;0
587;0
588;1
589;0
590;1
591;2
592;1
593;2
594;0
595;0
596;0
597;1
598;0
599;0
600;0
601;0
602;1
603;0
604;1
605;0
606;0
607;2
608;2
609;0
610;2
611;2
612;2
613;0
614;2
615;0
616;1
617;0
618;0
619;0
620;2
621;2
622;2
623;2
624;2
625;0
626;1
627;0
628;2
629;2
630;2
631;0
632;0
633;0
634;1
635;2
636;0
637;0
638;0
639;0
640;0
641;0
642;0
643;0
644;0
645;0
646;0
647;0
648;4
649;0
650;0
651;0
652;0
653;0
654;0
655;0
656;2
657;0
658;0
659;2
660;0
661;1
662;0
663;0
664;2
665;1
666;0
667;0
668;0
669;1
670;0
671;0
672;0
673;1
674;1
675;0
676;0
677;0
678;2
679;2
680;0
681;0
682;0
683;2
684;0
685;0
686;1
687;0
688;1
689;0
690;0
691;1
692;2
693;1
694;2
695;0
696;2
697;0
698;2
699;2
700;1
701;2
702;2
703;1
704;0
705;0
706;0
707;0
708;4
709;1
710;0
711;0
712;0
713;0
714;0
715;0
716;2
717;0
718;1
719;0
720;1
721;0
722;0
723;0
724;0
725;2
726;2
727;0
728;2
729;0
730;2
731;2
732;0
733;2
734;1
735;0
736;0
737;0
738;0
739;0
740;0
741;0
742;0
743;2
744;2
745;0
746;2
747;0
748;0
749;0
750;2
751;0
752;2
753;2
754;1
755;0
756;0
757;1
758;0
759;0
760;0
761;2
762;1
763;0
764;1
765;1
766;0
767;0
768;2
769;0
770;2
771;0
772;2
773;0
774;2
775;0
776;0
777;2
778;1
779;1
780;0
781;0
782;0
783;0
784;4
785;0
786;0
787;0
788;0
789;2
790;0
791;2
792;2
793;0
794;2
795;2
796;1
797;0
798;0
799;0
800;0
801;1
802;0
803;0
804;0
805;0
806;0
807;1
808;0
809;2
810;0
811;0
812;0
813;0
814;0
815;0
816;0
817;0
818;0
819;0
820;0
821;0
822;0
823;0
824;1
825;0
826;2
827;2
828;1
829;0
830;0
831;0
832;0
833;2
834;1
835;0
836;2
837;0
838;1
839;1
840;0
841;0
842;0
843;1
844;0
845;0
846;2
847;2
848;1
849;0
850;0
851;2
852;1
853;2
854;0
855;1
856;0
857;2
858;0
859;2
860;0
861;0
862;0
863;2
864;2
865;0
866;0
867;2
868;0
869;0
870;0
871;0
872;0
873;0
874;0
875;0
876;0
877;0
878;1
879;0
880;1
881;0
882;2
883;1
884;0
885;0
886;1
887;0
888;1
889;0
890;0
891;2
892;2
893;1
894;0
895;2
896;2
897;0
898;2
899;0
900;1
901;1
902;0
903;1
904;0
905;2
906;0
907;2
908;0
909;0
910;0
911;1
912;4
913;0
914;2
915;2
916;2
917;0
918;0
919;0
920;2
921;0
922;0
923;0
924;0
925;2
926;1
927;0
928;0
929;0
930;0
931;0
932;0
933;2
934;0
935;0
936;0
937;1
938;1
939;0
940;1
941;0
942;0
943;0
944;1
945;0
946;0
947;2
948;2
949;0
950;2
951;2
952;2
953;0
954;2
955;1
956;0
957;1
958;0
959;2
960;4
961;2
962;0
963;0
964;0
965;0
966;0
967;0
968;1
969;1
970;0
971;1
972;0
973;0
974;0
975;0
976;0
977;2
978;2
979;1
980;0
981;0
982;0
983;0
984;0
985;0
986;0
987;0
988;0
989;0
990;0
991;0
992;0
993;0
994;0
995;2
996;0
997;0
998;0
999;0
1000;0
1001;0
1002;0
1003;0
1004;0
1005;0
1006;0
1007;0
1008;0
1009;0
1010;0
1011;0
1012;0
1013;0
1014;0
1015;0
1016;0
1017;0
1018;0
1019;0
1020;0
1021;0
1022;0
1023;0
