0;0
1;1
2;0
3;0
4;2
5;0
6;2
7;2
8;2
9;0
10;2
11;0
12;0
13;0
14;0
15;0
16;2
17;0
18;1
19;0
20;0
21;0
22;0
23;0
24;0
25;0
26;1
27;0
28;2
29;0
30;0
31;0
32;0
33;0
34;0
35;0
36;0
37;0
38;1
39;0
40;0
41;0
42;0
43;0
44;0
45;0
46;0
47;0
48;1
49;0
50;2
51;1
52;0
53;0
54;0
55;0
56;4
57;0
58;2
59;2
60;2
61;0
62;2
63;0
64;2
65;2
66;2
67;0
68;0
69;1
70;0
71;1
72;0
73;0
74;0
75;0
76;0
77;0
78;0
79;0
80;2
81;0
82;0
83;2
84;0
85;2
86;0
87;0
88;0
89;0
90;0
91;0
92;1
93;0
94;0
95;0
96;0
97;0
98;0
99;0
100;1
101;0
102;0
103;0
104;1
105;0
106;0
107;0
108;0
109;0
110;0
111;2
112;2
113;1
114;2
115;2
116;2
117;0
118;0
119;0
120;0
121;1
122;0
123;0
124;2
125;0
126;0
127;0
128;2
129;0
130;0
131;0
132;2
133;0
134;0
135;0
136;0
137;0
138;0
139;0
140;0
141;0
142;0
143;0
144;1
145;1
146;0
147;0
148;0
149;0
150;2
151;1
152;0
153;0
154;0
155;0
156;1
157;0
158;0
159;1
160;0
161;2
162;0
163;0
164;0
165;1
166;0
167;1
168;0
169;0
170;0
171;0
172;0
173;0
174;0
175;0
176;2
177;2
178;0
179;2
180;1
181;0
182;0
183;2
184;0
185;0
186;1
187;0
188;0
189;1
190;1
191;0
192;0
193;0
194;0
195;0
196;2
197;0
198;2
199;0
200;2
201;0
202;0
203;0
204;0
205;2
206;1
207;0
208;2
209;1
210;0
211;0
212;2
213;2
214;1
215;0
216;1
217;1
218;2
219;0
220;0
221;0
222;1
223;2
224;2
225;0
226;0
227;0
228;0
229;0
230;0
231;1
232;1
233;0
234;0
235;0
236;0
237;0
238;0
239;0
240;0
241;0
242;0
243;0
244;0
245;2
246;0
247;0
248;0
249;2
250;2
251;2
252;0
253;0
254;0
255;0
256;0
257;2
258;1
259;0
260;0
261;0
262;1
263;0
264;0
265;1
266;0
267;0
268;0
269;0
270;2
271;0
272;0
273;0
274;1
275;1
276;0
277;0
278;1
279;0
280;0
281;0
282;0
283;0
284;1
285;0
286;0
287;0
288;1
289;0
290;2
291;2
292;1
293;0
294;0
295;0
296;1
297;1
298;2
299;0
300;0
301;0
302;2
303;2
304;2
305;0
306;1
307;0
308;0
309;0
310;1
311;0
312;2
313;0
314;0
315;2
316;1
317;0
318;0
319;2
320;2
321;0
322;2
323;1
324;0
325;2
326;2
327;2
328;1
329;0
330;0
331;1
332;1
333;0
334;1
335;0
336;0
337;0
338;2
339;0
340;0
341;0
342;0
343;1
344;0
345;0
346;0
347;0
348;0
349;0
350;0
351;0
352;2
353;0
354;0
355;1
356;0
357;0
358;0
359;2
360;1
361;2
362;2
363;2
364;2
365;2
366;1
367;2
368;1
369;0
370;0
371;2
372;0
373;2
374;0
375;0
376;2
377;0
378;2
379;0
380;0
381;0
382;0
383;0
384;0
385;0
386;0
387;0
388;0
389;0
390;0
391;0
392;1
393;0
394;0
395;0
396;2
397;0
398;0
399;0
400;0
401;1
402;0
403;1
404;0
405;0
406;2
407;2
408;1
409;0
410;0
411;0
412;0
413;0
414;0
415;0
416;0
417;0
418;0
419;0
420;0
421;0
422;2
423;2
424;1
425;0
426;0
427;2
428;2
429;0
430;2
431;2
432;2
433;0
434;2
435;0
436;2
437;0
438;0
439;2
440;1
441;0
442;0
443;1
444;2
445;2
446;1
447;0
448;0
449;0
450;0
451;0
452;2
453;0
454;0
455;0
456;2
457;0
458;1
459;0
460;2
461;0
462;0
463;1
464;0
465;0
466;1
467;0
468;0
469;0
470;0
471;0
472;2
473;0
474;2
475;2
476;2
477;0
478;2
479;0
480;2
481;2
482;0
483;0
484;0
485;0
486;2
487;0
488;0
489;0
490;0
491;0
492;0
493;0
494;0
495;2
496;0
497;1
498;0
499;0
500;0
501;0
502;2
503;2
504;2
505;0
506;0
507;0
508;0
509;2
510;0
511;0
512;1
513;1
514;1
515;0
516;2
517;0
518;0
519;0
520;0
521;0
522;0
523;0
524;1
525;0
526;2
527;2
528;0
529;2
530;0
531;0
532;0
533;0
534;0
535;0
536;0
537;0
538;0
539;0
540;0
541;1
542;0
543;2
544;2
545;0
546;0
547;0
548;0
549;2
550;0
551;0
552;0
553;0
554;2
555;2
556;0
557;2
558;1
559;2
560;0
561;0
562;2
563;0
564;0
565;1
566;0
567;0
568;1
569;1
570;0
571;0
572;0
573;2
574;0
575;0
576;0
577;0
578;0
579;0
580;2
581;2
582;0
583;0
584;0
585;0
586;0
587;0
588;0
589;1
590;0
591;0
592;2
593;0
594;0
595;0
596;0
597;2
598;1
599;0
600;0
601;0
602;0
603;2
604;2
605;1
606;0
607;2
608;1
609;2
610;0
611;0
612;0
613;0
614;0
615;2
616;2
617;0
618;0
619;0
620;0
621;2
622;0
623;0
624;0
625;0
626;0
627;0
628;0
629;0
630;0
631;0
632;2
633;0
634;0
635;1
636;0
637;0
638;0
639;0
640;0
641;1
642;0
643;0
644;0
645;0
646;0
647;0
648;0
649;0
650;0
651;0
652;2
653;0
654;0
655;0
656;0
657;0
658;0
659;2
660;1
661;0
662;0
663;0
664;0
665;0
666;0
667;2
668;1
669;2
670;2
671;2
672;2
673;0
674;0
675;0
676;1
677;0
678;0
679;0
680;0
681;0
682;0
683;0
684;0
685;2
686;0
687;0
688;0
689;0
690;0
691;2
692;1
693;0
694;0
695;0
696;0
697;2
698;0
699;0
700;0
701;0
702;0
703;1
704;0
705;0
706;0
707;2
708;4
709;0
710;2
711;2
712;0
713;0
714;2
715;0
716;1
717;0
718;0
719;0
720;0
721;0
722;0
723;0
724;0
725;2
726;2
727;1
728;2
729;0
730;1
731;0
732;0
733;0
734;0
735;1
736;0
737;0
738;0
739;0
740;0
741;1
742;0
743;2
744;2
745;0
746;0
747;0
748;0
749;0
750;0
751;0
752;0
753;2
754;0
755;0
756;1
757;0
758;0
759;2
760;0
761;2
762;0
763;2
764;0
765;0
766;0
767;2
768;2
769;0
770;0
771;0
772;2
773;2
774;1
775;1
776;1
777;1
778;1
779;2
780;2
781;1
782;0
783;0
784;0
785;0
786;0
787;0
788;1
789;0
790;1
791;0
792;0
793;1
794;0
795;0
796;1
797;0
798;0
799;0
800;0
801;0
802;0
803;0
804;0
805;0
806;1
807;0
808;0
809;1
810;0
811;0
812;0
813;0
814;0
815;1
816;0
817;0
818;0
819;2
820;0
821;0
822;2
823;0
824;0
825;0
826;0
827;0
828;0
829;0
830;1
831;0
832;0
833;0
834;0
835;1
836;0
837;0
838;0
839;0
840;0
841;0
842;1
843;0
844;2
845;0
846;0
847;2
848;0
849;0
850;0
851;0
852;2
853;0
854;0
855;0
856;0
857;0
858;2
859;2
860;1
861;0
862;1
863;0
864;0
865;0
866;0
867;0
868;0
869;0
870;0
871;2
872;0
873;0
874;0
875;0
876;0
877;0
878;2
879;0
880;1
881;0
882;2
883;2
884;1
885;0
886;0
887;2
888;2
889;0
890;0
891;2
892;2
893;0
894;2
895;0
896;0
897;0
898;0
899;0
900;0
901;1
902;0
903;2
904;0
905;1
906;0
907;1
908;0
909;0
910;0
911;0
912;0
913;0
914;0
915;0
916;2
917;0
918;0
919;0
920;0
921;0
922;2
923;0
924;2
925;0
926;1
927;0
928;1
929;0
930;0
931;0
932;1
933;0
934;1
935;0
936;0
937;0
938;2
939;1
940;0
941;0
942;2
943;0
944;1
945;0
946;0
947;0
948;0
949;2
950;2
951;2
952;0
953;1
954;0
955;0
956;2
957;2
958;0
959;0
960;0
961;0
962;0
963;0
964;0
965;0
966;2
967;0
968;0
969;1
970;0
971;0
972;0
973;0
974;2
975;2
976;0
977;2
978;2
979;2
980;1
981;0
982;0
983;0
984;0
985;0
986;2
987;0
988;2
989;0
990;2
991;1
992;0
993;0
994;0
995;0
996;0
997;0
998;0
999;0
1000;0
1001;0
1002;2
1003;2
1004;1
1005;0
1006;2
1007;1
1008;0
1009;0
1010;1
1011;0
1012;0
1013;0
1014;0
1015;0
1016;0
1017;0
1018;0
1019;0
1020;0
1021;0
1022;0
1023;0
