0;0
1;0
2;0
3;0
4;2
5;0
6;2
7;2
8;2
9;0
10;0
11;0
12;0
13;2
14;0
15;2
16;0
17;0
18;0
19;0
20;1
21;2
22;0
23;0
24;0
25;2
26;0
27;0
28;2
29;2
30;0
31;0
32;0
33;1
34;1
35;1
36;0
37;0
38;0
39;0
40;2
41;1
42;0
43;0
44;1
45;0
46;0
47;0
48;0
49;1
50;0
51;0
52;1
53;1
54;0
55;2
56;0
57;0
58;0
59;0
60;0
61;1
62;1
63;0
64;0
65;0
66;0
67;0
68;1
69;0
70;0
71;0
72;2
73;2
74;2
75;2
76;2
77;0
78;2
79;2
80;2
81;2
82;0
83;0
84;0
85;2
86;1
87;0
88;0
89;2
90;0
91;1
92;1
93;0
94;0
95;2
96;2
97;0
98;2
99;0
100;1
101;0
102;0
103;0
104;2
105;0
106;0
107;0
108;0
109;2
110;1
111;2
112;0
113;0
114;0
115;0
116;2
117;0
118;1
119;0
120;1
121;0
122;0
123;2
124;0
125;1
126;0
127;0
128;0
129;1
130;0
131;0
132;0
133;0
134;0
135;0
136;2
137;2
138;0
139;0
140;2
141;1
142;1
143;0
144;1
145;0
146;0
147;1
148;0
149;0
150;0
151;1
152;0
153;0
154;0
155;0
156;0
157;0
158;2
159;2
160;2
161;0
162;2
163;2
164;2
165;0
166;2
167;0
168;0
169;2
170;0
171;0
172;0
173;0
174;1
175;0
176;1
177;2
178;0
179;0
180;0
181;2
182;2
183;2
184;0
185;0
186;1
187;0
188;0
189;0
190;0
191;0
192;0
193;1
194;0
195;1
196;0
197;0
198;0
199;0
200;0
201;0
202;0
203;2
204;0
205;1
206;0
207;0
208;0
209;0
210;0
211;1
212;0
213;2
214;0
215;0
216;0
217;1
218;1
219;0
220;0
221;0
222;0
223;0
224;2
225;0
226;2
227;2
228;2
229;0
230;2
231;0
232;0
233;1
234;0
235;0
236;0
237;0
238;2
239;1
240;0
241;0
242;0
243;0
244;4
245;0
246;0
247;0
248;0
249;0
250;0
251;0
252;2
253;0
254;0
255;2
256;0
257;0
258;0
259;2
260;2
261;0
262;2
263;0
264;2
265;0
266;0
267;0
268;0
269;0
270;0
271;0
272;1
273;1
274;0
275;0
276;0
277;0
278;0
279;2
280;0
281;2
282;2
283;1
284;0
285;0
286;0
287;2
288;0
289;0
290;0
291;0
292;0
293;0
294;2
295;0
296;2
297;0
298;2
299;0
300;1
301;0
302;0
303;2
304;0
305;2
306;0
307;0
308;2
309;0
310;2
311;0
312;0
313;0
314;2
315;1
316;2
317;0
318;0
319;0
320;2
321;2
322;0
323;0
324;0
325;0
326;1
327;0
328;1
329;0
330;0
331;2
332;0
333;0
334;0
335;0
336;1
337;0
338;0
339;0
340;1
341;1
342;0
343;0
344;0
345;0
346;0
347;0
348;2
349;0
350;0
351;0
352;0
353;0
354;0
355;0
356;0
357;0
358;2
359;2
360;2
361;0
362;0
363;0
364;2
365;0
366;2
367;2
368;0
369;0
370;0
371;2
372;0
373;2
374;0
375;0
376;0
377;2
378;0
379;0
380;2
381;0
382;0
383;0
384;2
385;0
386;0
387;0
388;0
389;0
390;0
391;0
392;0
393;0
394;0
395;1
396;0
397;0
398;2
399;2
400;1
401;0
402;0
403;2
404;2
405;0
406;2
407;1
408;0
409;0
410;2
411;0
412;1
413;0
414;0
415;2
416;0
417;0
418;0
419;0
420;2
421;2
422;2
423;2
424;4
425;0
426;0
427;0
428;0
429;0
430;0
431;0
432;1
433;0
434;0
435;2
436;2
437;0
438;1
439;1
440;0
441;0
442;0
443;2
444;1
445;0
446;0
447;0
448;0
449;1
450;0
451;2
452;0
453;2
454;0
455;0
456;0
457;0
458;2
459;2
460;0
461;0
462;0
463;2
464;1
465;1
466;0
467;0
468;0
469;0
470;0
471;0
472;2
473;1
474;0
475;1
476;2
477;1
478;2
479;0
480;0
481;0
482;0
483;0
484;0
485;2
486;1
487;0
488;1
489;2
490;1
491;0
492;2
493;0
494;2
495;0
496;0
497;0
498;1
499;0
500;0
501;0
502;0
503;0
504;2
505;2
506;0
507;0
508;1
509;0
510;1
511;0
512;2
513;0
514;0
515;0
516;0
517;0
518;0
519;0
520;0
521;2
522;0
523;2
524;2
525;2
526;0
527;0
528;1
529;0
530;1
531;0
532;0
533;0
534;2
535;2
536;0
537;0
538;0
539;0
540;1
541;0
542;0
543;0
544;1
545;1
546;0
547;2
548;2
549;0
550;0
551;0
552;1
553;0
554;0
555;0
556;2
557;0
558;0
559;0
560;1
561;1
562;1
563;0
564;0
565;0
566;0
567;1
568;0
569;2
570;0
571;0
572;0
573;0
574;0
575;0
576;0
577;0
578;0
579;0
580;2
581;0
582;2
583;1
584;0
585;0
586;0
587;0
588;2
589;1
590;2
591;0
592;0
593;2
594;1
595;2
596;0
597;0
598;0
599;0
600;2
601;0
602;0
603;0
604;1
605;0
606;1
607;0
608;0
609;0
610;0
611;0
612;0
613;0
614;0
615;1
616;2
617;2
618;0
619;0
620;1
621;0
622;1
623;0
624;2
625;0
626;1
627;0
628;2
629;0
630;1
631;0
632;1
633;0
634;0
635;0
636;0
637;0
638;0
639;0
640;0
641;2
642;0
643;0
644;0
645;0
646;0
647;0
648;0
649;1
650;1
651;0
652;0
653;0
654;1
655;0
656;0
657;1
658;0
659;0
660;2
661;2
662;0
663;2
664;0
665;0
666;2
667;0
668;1
669;0
670;0
671;2
672;0
673;0
674;0
675;0
676;2
677;1
678;1
679;0
680;2
681;2
682;0
683;2
684;2
685;0
686;0
687;0
688;1
689;0
690;0
691;0
692;0
693;0
694;0
695;0
696;0
697;0
698;0
699;0
700;0
701;0
702;0
703;0
704;0
705;0
706;0
707;2
708;0
709;0
710;1
711;0
712;0
713;0
714;2
715;0
716;1
717;1
718;0
719;0
720;0
721;0
722;0
723;0
724;2
725;2
726;2
727;0
728;0
729;1
730;0
731;0
732;0
733;0
734;0
735;2
736;1
737;0
738;0
739;1
740;2
741;2
742;0
743;2
744;0
745;0
746;0
747;0
748;0
749;0
750;0
751;0
752;0
753;0
754;0
755;2
756;0
757;0
758;1
759;0
760;0
761;0
762;0
763;2
764;0
765;2
766;1
767;0
768;0
769;0
770;1
771;0
772;1
773;0
774;0
775;0
776;0
777;2
778;0
779;0
780;2
781;1
782;0
783;2
784;2
785;0
786;0
787;0
788;2
789;0
790;0
791;0
792;0
793;0
794;0
795;0
796;1
797;0
798;0
799;0
800;2
801;0
802;0
803;0
804;2
805;2
806;0
807;0
808;0
809;0
810;0
811;0
812;0
813;0
814;2
815;0
816;0
817;0
818;2
819;0
820;0
821;0
822;0
823;0
824;0
825;0
826;0
827;0
828;1
829;0
830;0
831;0
832;0
833;2
834;2
835;0
836;0
837;0
838;0
839;0
840;1
841;0
842;0
843;0
844;0
845;0
846;0
847;0
848;0
849;0
850;1
851;0
852;1
853;0
854;0
855;0
856;1
857;0
858;0
859;1
860;0
861;0
862;0
863;0
864;2
865;1
866;1
867;0
868;0
869;0
870;0
871;0
872;0
873;2
874;2
875;2
876;1
877;0
878;0
879;0
880;2
881;0
882;0
883;0
884;2
885;0
886;0
887;2
888;0
889;0
890;0
891;0
892;0
893;0
894;1
895;2
896;0
897;0
898;2
899;1
900;0
901;0
902;2
903;2
904;1
905;0
906;1
907;2
908;0
909;0
910;0
911;0
912;2
913;0
914;0
915;0
916;0
917;0
918;0
919;0
920;2
921;0
922;1
923;2
924;0
925;0
926;0
927;0
928;1
929;0
930;0
931;0
932;0
933;0
934;0
935;0
936;0
937;0
938;0
939;0
940;1
941;0
942;0
943;0
944;0
945;0
946;0
947;0
948;2
949;0
950;0
951;0
952;0
953;1
954;0
955;0
956;1
957;0
958;0
959;1
960;0
961;2
962;1
963;0
964;2
965;0
966;0
967;0
968;2
969;0
970;0
971;0
972;0
973;0
974;0
975;0
976;2
977;0
978;2
979;2
980;2
981;0
982;0
983;0
984;0
985;1
986;0
987;2
988;1
989;0
990;1
991;2
992;0
993;0
994;0
995;0
996;1
997;0
998;0
999;0
1000;4
1001;0
1002;1
1003;0
1004;0
1005;0
1006;0
1007;0
1008;2
1009;0
1010;0
1011;2
1012;0
1013;1
1014;1
1015;1
1016;0
1017;0
1018;0
1019;0
1020;0
1021;0
1022;0
1023;0
