0;1
1;0
2;0
3;2
4;4
5;0
6;2
7;2
8;2
9;0
10;2
11;0
12;2
13;2
14;0
15;0
16;0
17;0
18;0
19;0
20;1
21;0
22;0
23;0
24;0
25;0
26;0
27;0
28;0
29;0
30;0
31;0
32;1
33;0
34;1
35;0
36;2
37;0
38;2
39;0
40;0
41;0
42;0
43;0
44;0
45;0
46;2
47;0
48;1
49;0
50;1
51;1
52;0
53;0
54;2
55;0
56;0
57;0
58;2
59;1
60;0
61;0
62;0
63;0
64;0
65;0
66;0
67;0
68;0
69;0
70;0
71;2
72;0
73;0
74;0
75;0
76;0
77;0
78;0
79;0
80;0
81;0
82;0
83;0
84;0
85;2
86;2
87;2
88;1
89;0
90;0
91;0
92;1
93;1
94;0
95;0
96;0
97;1
98;2
99;2
100;2
101;0
102;2
103;1
104;0
105;2
106;0
107;1
108;2
109;2
110;1
111;0
112;1
113;1
114;0
115;0
116;2
117;0
118;0
119;1
120;0
121;2
122;1
123;0
124;1
125;0
126;0
127;0
128;2
129;0
130;2
131;1
132;0
133;0
134;2
135;0
136;2
137;0
138;1
139;0
140;2
141;0
142;0
143;2
144;2
145;0
146;2
147;0
148;0
149;0
150;0
151;0
152;1
153;0
154;0
155;2
156;4
157;0
158;2
159;2
160;2
161;0
162;2
163;0
164;1
165;0
166;2
167;1
168;0
169;0
170;0
171;0
172;0
173;0
174;1
175;1
176;0
177;2
178;0
179;0
180;2
181;1
182;0
183;2
184;0
185;0
186;0
187;0
188;0
189;0
190;0
191;0
192;0
193;0
194;2
195;2
196;1
197;0
198;0
199;2
200;0
201;1
202;1
203;0
204;2
205;0
206;0
207;0
208;2
209;0
210;2
211;0
212;0
213;0
214;1
215;2
216;2
217;0
218;1
219;0
220;0
221;0
222;2
223;2
224;2
225;2
226;2
227;2
228;0
229;0
230;0
231;0
232;1
233;0
234;0
235;0
236;2
237;0
238;2
239;1
240;0
241;1
242;0
243;0
244;0
245;0
246;0
247;1
248;1
249;0
250;0
251;0
252;0
253;0
254;2
255;0
256;0
257;2
258;0
259;0
260;2
261;0
262;0
263;0
264;0
265;2
266;0
267;0
268;0
269;1
270;0
271;1
272;0
273;2
274;2
275;0
276;2
277;0
278;0
279;0
280;0
281;1
282;0
283;0
284;0
285;0
286;0
287;0
288;0
289;0
290;0
291;0
292;0
293;1
294;0
295;1
296;0
297;0
298;2
299;0
300;0
301;1
302;0
303;0
304;1
305;0
306;2
307;1
308;0
309;0
310;0
311;1
312;0
313;0
314;0
315;2
316;2
317;0
318;2
319;0
320;1
321;0
322;0
323;0
324;0
325;0
326;0
327;1
328;0
329;0
330;2
331;0
332;0
333;0
334;1
335;0
336;0
337;0
338;0
339;2
340;4
341;0
342;0
343;2
344;2
345;0
346;2
347;0
348;1
349;0
350;1
351;0
352;0
353;0
354;0
355;0
356;0
357;0
358;0
359;2
360;0
361;0
362;0
363;0
364;0
365;0
366;0
367;0
368;0
369;0
370;1
371;2
372;0
373;2
374;2
375;0
376;0
377;0
378;0
379;0
380;0
381;0
382;0
383;0
384;0
385;0
386;0
387;0
388;2
389;0
390;0
391;1
392;0
393;1
394;1
395;0
396;0
397;0
398;0
399;2
400;2
401;1
402;0
403;0
404;2
405;0
406;2
407;2
408;0
409;0
410;0
411;0
412;2
413;0
414;0
415;0
416;1
417;0
418;0
419;0
420;0
421;0
422;0
423;0
424;0
425;0
426;0
427;0
428;1
429;0
430;0
431;0
432;0
433;0
434;0
435;0
436;0
437;2
438;0
439;0
440;0
441;0
442;1
443;0
444;2
445;1
446;0
447;0
448;0
449;0
450;2
451;0
452;0
453;2
454;0
455;2
456;0
457;1
458;0
459;0
460;0
461;0
462;0
463;2
464;2
465;0
466;0
467;0
468;2
469;0
470;0
471;2
472;2
473;0
474;0
475;0
476;0
477;0
478;1
479;0
480;1
481;0
482;0
483;2
484;4
485;0
486;2
487;1
488;0
489;0
490;2
491;0
492;2
493;0
494;1
495;0
496;0
497;0
498;0
499;0
500;0
501;0
502;0
503;2
504;2
505;0
506;0
507;0
508;1
509;1
510;0
511;1
512;0
513;0
514;0
515;0
516;0
517;2
518;2
519;0
520;2
521;0
522;2
523;0
524;0
525;0
526;0
527;2
528;1
529;0
530;0
531;1
532;0
533;0
534;2
535;0
536;0
537;2
538;0
539;0
540;0
541;2
542;2
543;2
544;2
545;0
546;0
547;1
548;0
549;0
550;0
551;2
552;1
553;0
554;0
555;2
556;4
557;0
558;2
559;2
560;2
561;0
562;0
563;0
564;2
565;0
566;0
567;0
568;0
569;0
570;0
571;0
572;2
573;0
574;0
575;0
576;0
577;0
578;2
579;1
580;1
581;0
582;0
583;1
584;1
585;0
586;2
587;0
588;2
589;0
590;0
591;0
592;2
593;1
594;0
595;0
596;2
597;0
598;0
599;0
600;1
601;2
602;2
603;2
604;2
605;0
606;0
607;0
608;0
609;1
610;0
611;0
612;0
613;0
614;0
615;0
616;0
617;2
618;0
619;0
620;2
621;2
622;2
623;2
624;0
625;2
626;0
627;0
628;0
629;0
630;0
631;0
632;0
633;1
634;0
635;0
636;1
637;0
638;0
639;0
640;0
641;0
642;0
643;0
644;0
645;0
646;0
647;0
648;1
649;0
650;0
651;0
652;0
653;0
654;0
655;0
656;0
657;1
658;0
659;0
660;0
661;0
662;1
663;0
664;0
665;2
666;0
667;0
668;0
669;0
670;0
671;0
672;0
673;1
674;0
675;2
676;2
677;0
678;0
679;0
680;0
681;0
682;0
683;2
684;1
685;0
686;2
687;2
688;1
689;0
690;0
691;2
692;4
693;0
694;2
695;2
696;2
697;0
698;0
699;0
700;2
701;0
702;0
703;0
704;0
705;0
706;0
707;0
708;0
709;2
710;1
711;0
712;2
713;0
714;0
715;1
716;0
717;2
718;0
719;0
720;0
721;1
722;2
723;2
724;0
725;0
726;0
727;0
728;0
729;0
730;0
731;0
732;2
733;0
734;0
735;0
736;0
737;0
738;0
739;2
740;1
741;0
742;0
743;0
744;0
745;0
746;0
747;0
748;2
749;1
750;0
751;1
752;0
753;0
754;0
755;0
756;0
757;0
758;0
759;2
760;1
761;0
762;0
763;0
764;0
765;1
766;0
767;0
768;0
769;2
770;0
771;0
772;0
773;0
774;2
775;0
776;0
777;2
778;2
779;2
780;2
781;0
782;1
783;0
784;0
785;0
786;0
787;1
788;0
789;0
790;2
791;2
792;0
793;1
794;0
795;0
796;0
797;0
798;0
799;0
800;2
801;1
802;1
803;0
804;0
805;0
806;0
807;0
808;1
809;0
810;0
811;0
812;1
813;2
814;0
815;2
816;0
817;0
818;0
819;2
820;1
821;0
822;0
823;2
824;1
825;0
826;2
827;1
828;0
829;0
830;2
831;0
832;1
833;0
834;0
835;1
836;0
837;1
838;0
839;0
840;2
841;1
842;0
843;0
844;2
845;0
846;0
847;0
848;0
849;0
850;0
851;0
852;0
853;0
854;0
855;0
856;1
857;0
858;0
859;0
860;0
861;0
862;2
863;0
864;0
865;0
866;1
867;0
868;2
869;1
870;0
871;0
872;1
873;0
874;0
875;2
876;1
877;0
878;0
879;0
880;0
881;0
882;1
883;0
884;2
885;1
886;0
887;0
888;0
889;0
890;1
891;0
892;0
893;2
894;2
895;0
896;1
897;0
898;0
899;0
900;0
901;2
902;2
903;2
904;1
905;0
906;0
907;2
908;0
909;0
910;0
911;0
912;2
913;0
914;2
915;0
916;0
917;0
918;0
919;2
920;1
921;0
922;0
923;0
924;0
925;0
926;2
927;2
928;0
929;0
930;0
931;2
932;2
933;0
934;0
935;2
936;2
937;0
938;0
939;0
940;2
941;0
942;0
943;0
944;0
945;0
946;0
947;0
948;2
949;0
950;0
951;0
952;0
953;1
954;0
955;0
956;1
957;0
958;0
959;0
960;4
961;0
962;2
963;2
964;0
965;0
966;2
967;2
968;2
969;0
970;0
971;0
972;0
973;0
974;0
975;2
976;0
977;0
978;0
979;0
980;0
981;0
982;2
983;0
984;1
985;0
986;1
987;0
988;1
989;0
990;1
991;0
992;0
993;0
994;0
995;1
996;0
997;0
998;0
999;0
1000;2
1001;0
1002;2
1003;0
1004;1
1005;0
1006;0
1007;0
1008;0
1009;0
1010;1
1011;0
1012;1
1013;1
1014;0
1015;0
1016;0
1017;0
1018;0
1019;0
1020;0
1021;0
1022;0
1023;0
