0;0
1;0
2;0
3;2
4;2
5;0
6;2
7;2
8;2
9;0
10;0
11;0
12;1
13;0
14;0
15;1
16;0
17;0
18;0
19;0
20;1
21;0
22;0
23;0
24;0
25;1
26;0
27;0
28;2
29;2
30;2
31;2
32;2
33;1
34;0
35;0
36;0
37;0
38;0
39;0
40;2
41;0
42;0
43;0
44;0
45;2
46;2
47;0
48;0
49;0
50;2
51;2
52;2
53;2
54;2
55;0
56;2
57;0
58;2
59;2
60;2
61;0
62;0
63;0
64;0
65;0
66;1
67;0
68;0
69;0
70;0
71;2
72;0
73;2
74;0
75;0
76;0
77;0
78;2
79;0
80;0
81;0
82;0
83;0
84;0
85;0
86;1
87;0
88;1
89;0
90;0
91;0
92;1
93;0
94;0
95;0
96;0
97;1
98;0
99;1
100;2
101;0
102;2
103;2
104;2
105;0
106;0
107;0
108;2
109;2
110;1
111;1
112;0
113;0
114;0
115;2
116;4
117;0
118;2
119;0
120;0
121;0
122;2
123;0
124;1
125;0
126;0
127;0
128;0
129;0
130;0
131;0
132;0
133;0
134;0
135;2
136;0
137;0
138;0
139;2
140;2
141;0
142;0
143;0
144;0
145;0
146;0
147;0
148;0
149;0
150;1
151;0
152;2
153;2
154;0
155;0
156;2
157;2
158;0
159;0
160;2
161;1
162;0
163;0
164;2
165;0
166;1
167;0
168;0
169;0
170;0
171;0
172;2
173;1
174;0
175;1
176;0
177;0
178;0
179;1
180;2
181;0
182;2
183;0
184;0
185;0
186;0
187;0
188;2
189;2
190;2
191;0
192;0
193;0
194;0
195;2
196;2
197;0
198;1
199;1
200;1
201;0
202;4
203;0
204;1
205;0
206;2
207;1
208;0
209;2
210;1
211;0
212;0
213;0
214;0
215;0
216;0
217;0
218;1
219;0
220;0
221;0
222;0
223;0
224;0
225;0
226;0
227;1
228;1
229;0
230;0
231;2
232;0
233;0
234;0
235;0
236;0
237;0
238;0
239;0
240;2
241;2
242;0
243;1
244;0
245;2
246;0
247;2
248;0
249;0
250;2
251;0
252;0
253;2
254;2
255;2
256;0
257;0
258;0
259;0
260;0
261;0
262;0
263;0
264;0
265;0
266;2
267;0
268;0
269;0
270;0
271;0
272;0
273;1
274;0
275;0
276;0
277;0
278;2
279;0
280;2
281;1
282;0
283;0
284;2
285;2
286;2
287;0
288;2
289;2
290;0
291;0
292;0
293;2
294;0
295;0
296;0
297;0
298;1
299;0
300;2
301;0
302;1
303;0
304;0
305;2
306;1
307;0
308;2
309;0
310;0
311;0
312;0
313;0
314;0
315;0
316;0
317;0
318;2
319;0
320;2
321;1
322;1
323;0
324;0
325;2
326;0
327;0
328;0
329;0
330;0
331;0
332;0
333;0
334;0
335;1
336;0
337;0
338;0
339;0
340;2
341;2
342;1
343;0
344;0
345;1
346;0
347;0
348;1
349;1
350;0
351;1
352;0
353;2
354;2
355;2
356;2
357;0
358;2
359;2
360;0
361;0
362;0
363;0
364;2
365;0
366;0
367;0
368;0
369;0
370;0
371;1
372;0
373;0
374;0
375;0
376;0
377;0
378;0
379;0
380;0
381;0
382;0
383;0
384;0
385;0
386;0
387;0
388;0
389;1
390;0
391;0
392;0
393;0
394;0
395;2
396;2
397;1
398;0
399;0
400;0
401;0
402;2
403;0
404;0
405;0
406;0
407;0
408;0
409;0
410;2
411;0
412;0
413;0
414;0
415;0
416;2
417;0
418;0
419;1
420;0
421;0
422;0
423;0
424;1
425;0
426;2
427;2
428;1
429;0
430;0
431;2
432;1
433;0
434;2
435;1
436;0
437;0
438;2
439;0
440;1
441;0
442;2
443;0
444;1
445;0
446;0
447;0
448;0
449;2
450;1
451;2
452;0
453;0
454;0
455;0
456;0
457;2
458;0
459;0
460;0
461;0
462;0
463;0
464;0
465;0
466;0
467;0
468;0
469;1
470;0
471;0
472;0
473;0
474;0
475;0
476;4
477;0
478;1
479;0
480;0
481;2
482;2
483;0
484;2
485;0
486;0
487;1
488;1
489;0
490;0
491;0
492;0
493;0
494;0
495;0
496;1
497;0
498;0
499;0
500;0
501;0
502;2
503;0
504;0
505;0
506;1
507;0
508;2
509;2
510;0
511;0
512;0
513;0
514;2
515;2
516;1
517;2
518;1
519;0
520;0
521;2
522;0
523;0
524;0
525;0
526;1
527;0
528;1
529;0
530;2
531;0
532;2
533;2
534;0
535;2
536;2
537;0
538;0
539;0
540;0
541;0
542;0
543;0
544;0
545;0
546;0
547;0
548;0
549;2
550;2
551;2
552;2
553;0
554;2
555;0
556;0
557;2
558;0
559;0
560;0
561;0
562;2
563;2
564;0
565;0
566;0
567;0
568;0
569;2
570;0
571;2
572;0
573;1
574;0
575;0
576;1
577;0
578;1
579;0
580;0
581;0
582;0
583;0
584;2
585;0
586;2
587;2
588;2
589;0
590;2
591;0
592;0
593;0
594;0
595;0
596;0
597;0
598;0
599;2
600;1
601;0
602;0
603;0
604;0
605;0
606;0
607;0
608;0
609;2
610;0
611;0
612;1
613;0
614;1
615;0
616;0
617;2
618;0
619;0
620;0
621;0
622;0
623;0
624;0
625;1
626;0
627;2
628;2
629;0
630;2
631;0
632;0
633;0
634;0
635;0
636;2
637;2
638;0
639;0
640;0
641;1
642;0
643;0
644;0
645;0
646;0
647;0
648;0
649;0
650;1
651;0
652;0
653;0
654;0
655;1
656;0
657;2
658;0
659;0
660;0
661;2
662;2
663;0
664;0
665;1
666;0
667;0
668;0
669;0
670;2
671;0
672;0
673;0
674;0
675;2
676;0
677;0
678;0
679;2
680;2
681;0
682;2
683;0
684;0
685;0
686;0
687;2
688;0
689;1
690;0
691;2
692;2
693;2
694;0
695;0
696;0
697;0
698;0
699;1
700;0
701;1
702;0
703;0
704;0
705;0
706;0
707;0
708;0
709;2
710;2
711;0
712;1
713;0
714;0
715;0
716;0
717;1
718;0
719;0
720;0
721;0
722;1
723;0
724;0
725;2
726;0
727;0
728;0
729;2
730;0
731;0
732;0
733;0
734;2
735;1
736;0
737;2
738;0
739;1
740;0
741;0
742;2
743;0
744;0
745;2
746;0
747;0
748;0
749;0
750;0
751;0
752;0
753;2
754;2
755;2
756;1
757;2
758;2
759;2
760;2
761;0
762;2
763;0
764;2
765;2
766;1
767;0
768;2
769;1
770;1
771;0
772;0
773;2
774;0
775;0
776;2
777;0
778;0
779;0
780;1
781;0
782;0
783;0
784;0
785;0
786;0
787;2
788;1
789;0
790;0
791;0
792;0
793;1
794;0
795;0
796;0
797;0
798;1
799;0
800;2
801;1
802;1
803;0
804;1
805;0
806;0
807;2
808;0
809;0
810;0
811;0
812;0
813;0
814;0
815;2
816;2
817;0
818;0
819;0
820;0
821;0
822;0
823;0
824;0
825;0
826;0
827;0
828;1
829;0
830;0
831;0
832;0
833;0
834;0
835;2
836;0
837;0
838;0
839;2
840;2
841;0
842;0
843;0
844;2
845;0
846;0
847;0
848;1
849;0
850;0
851;1
852;0
853;0
854;0
855;0
856;0
857;0
858;0
859;0
860;0
861;0
862;0
863;2
864;0
865;0
866;0
867;0
868;0
869;0
870;2
871;0
872;1
873;0
874;0
875;0
876;2
877;0
878;2
879;0
880;0
881;0
882;2
883;2
884;0
885;2
886;2
887;2
888;2
889;0
890;0
891;0
892;0
893;0
894;2
895;2
896;0
897;2
898;0
899;1
900;0
901;0
902;2
903;0
904;1
905;0
906;1
907;0
908;1
909;0
910;1
911;0
912;1
913;0
914;1
915;0
916;0
917;1
918;0
919;0
920;0
921;0
922;0
923;2
924;4
925;0
926;2
927;0
928;0
929;0
930;2
931;0
932;2
933;0
934;2
935;0
936;0
937;0
938;2
939;0
940;0
941;2
942;1
943;0
944;0
945;0
946;0
947;0
948;0
949;1
950;0
951;2
952;0
953;0
954;0
955;0
956;0
957;0
958;0
959;2
960;0
961;0
962;0
963;2
964;2
965;0
966;2
967;2
968;2
969;2
970;0
971;0
972;2
973;0
974;0
975;0
976;2
977;0
978;2
979;0
980;2
981;0
982;2
983;0
984;0
985;0
986;2
987;2
988;0
989;0
990;0
991;0
992;0
993;0
994;2
995;0
996;2
997;0
998;0
999;0
1000;2
1001;0
1002;0
1003;0
1004;0
1005;0
1006;0
1007;0
1008;1
1009;0
1010;0
1011;0
1012;1
1013;0
1014;0
1015;1
1016;0
1017;0
1018;0
1019;0
1020;0
1021;0
1022;0
1023;0
