0;1
1;0
2;0
3;0
4;4
5;0
6;2
7;2
8;2
9;0
10;2
11;0
12;1
13;0
14;2
15;0
16;0
17;0
18;0
19;0
20;2
21;1
22;0
23;0
24;1
25;0
26;0
27;0
28;2
29;0
30;0
31;0
32;2
33;0
34;0
35;0
36;0
37;2
38;0
39;0
40;0
41;0
42;0
43;0
44;1
45;0
46;2
47;0
48;0
49;0
50;0
51;2
52;1
53;0
54;2
55;2
56;2
57;0
58;1
59;0
60;2
61;2
62;0
63;0
64;0
65;0
66;0
67;2
68;0
69;0
70;1
71;0
72;1
73;0
74;0
75;0
76;0
77;1
78;2
79;0
80;1
81;0
82;0
83;0
84;2
85;0
86;0
87;0
88;1
89;0
90;0
91;0
92;0
93;0
94;0
95;2
96;2
97;0
98;1
99;0
100;1
101;0
102;0
103;0
104;0
105;2
106;1
107;0
108;0
109;1
110;0
111;0
112;2
113;0
114;1
115;0
116;0
117;0
118;2
119;0
120;2
121;0
122;0
123;0
124;2
125;0
126;0
127;0
128;1
129;2
130;0
131;0
132;0
133;0
134;0
135;2
136;0
137;2
138;0
139;0
140;2
141;2
142;0
143;0
144;0
145;0
146;1
147;0
148;0
149;0
150;0
151;1
152;4
153;0
154;2
155;0
156;2
157;0
158;2
159;0
160;1
161;0
162;1
163;0
164;1
165;0
166;0
167;0
168;0
169;0
170;0
171;0
172;2
173;0
174;0
175;0
176;0
177;2
178;2
179;0
180;2
181;0
182;0
183;0
184;0
185;0
186;1
187;1
188;2
189;0
190;0
191;0
192;1
193;0
194;0
195;0
196;0
197;2
198;2
199;2
200;0
201;2
202;2
203;2
204;0
205;0
206;0
207;0
208;0
209;0
210;2
211;0
212;0
213;0
214;1
215;2
216;1
217;0
218;1
219;2
220;2
221;0
222;0
223;0
224;0
225;2
226;1
227;0
228;2
229;2
230;0
231;0
232;2
233;0
234;0
235;0
236;2
237;0
238;0
239;0
240;1
241;0
242;0
243;1
244;2
245;2
246;1
247;0
248;0
249;0
250;0
251;0
252;0
253;0
254;0
255;0
256;2
257;0
258;0
259;1
260;0
261;0
262;0
263;2
264;0
265;0
266;0
267;0
268;2
269;0
270;0
271;0
272;4
273;0
274;0
275;0
276;0
277;0
278;1
279;0
280;2
281;1
282;2
283;0
284;1
285;0
286;0
287;2
288;2
289;0
290;0
291;0
292;0
293;0
294;0
295;0
296;0
297;0
298;0
299;1
300;0
301;0
302;1
303;0
304;0
305;0
306;0
307;1
308;2
309;0
310;2
311;2
312;0
313;1
314;0
315;0
316;0
317;1
318;0
319;0
320;0
321;0
322;2
323;2
324;1
325;1
326;1
327;2
328;0
329;2
330;2
331;1
332;0
333;0
334;0
335;0
336;2
337;2
338;1
339;0
340;2
341;0
342;0
343;0
344;0
345;0
346;0
347;0
348;0
349;2
350;0
351;2
352;0
353;2
354;1
355;2
356;0
357;0
358;1
359;0
360;2
361;1
362;0
363;1
364;0
365;0
366;0
367;1
368;0
369;0
370;0
371;0
372;2
373;0
374;2
375;0
376;0
377;2
378;0
379;0
380;2
381;2
382;2
383;2
384;2
385;0
386;0
387;0
388;0
389;0
390;0
391;2
392;2
393;0
394;1
395;0
396;0
397;0
398;1
399;0
400;2
401;0
402;0
403;0
404;0
405;2
406;1
407;0
408;2
409;2
410;1
411;0
412;1
413;0
414;0
415;0
416;0
417;0
418;2
419;2
420;2
421;0
422;0
423;0
424;1
425;0
426;1
427;2
428;2
429;0
430;2
431;0
432;2
433;1
434;0
435;1
436;0
437;0
438;0
439;0
440;2
441;1
442;2
443;2
444;2
445;0
446;0
447;0
448;1
449;0
450;1
451;2
452;0
453;0
454;1
455;0
456;0
457;2
458;1
459;0
460;0
461;1
462;0
463;0
464;1
465;0
466;0
467;0
468;2
469;1
470;0
471;1
472;0
473;2
474;0
475;0
476;0
477;2
478;2
479;0
480;2
481;0
482;0
483;0
484;0
485;2
486;0
487;2
488;0
489;0
490;0
491;0
492;2
493;2
494;0
495;0
496;1
497;0
498;0
499;0
500;0
501;0
502;2
503;0
504;1
505;2
506;2
507;0
508;2
509;2
510;1
511;2
512;2
513;0
514;0
515;0
516;0
517;2
518;1
519;0
520;1
521;2
522;0
523;2
524;1
525;0
526;1
527;0
528;2
529;1
530;0
531;2
532;2
533;0
534;2
535;1
536;2
537;0
538;0
539;0
540;2
541;2
542;2
543;0
544;1
545;0
546;2
547;2
548;0
549;0
550;0
551;0
552;0
553;1
554;0
555;0
556;2
557;2
558;1
559;0
560;0
561;0
562;1
563;0
564;1
565;0
566;0
567;0
568;2
569;2
570;2
571;1
572;2
573;1
574;0
575;0
576;0
577;0
578;0
579;0
580;0
581;0
582;0
583;0
584;2
585;1
586;0
587;0
588;1
589;0
590;0
591;2
592;2
593;0
594;0
595;0
596;1
597;1
598;0
599;0
600;0
601;0
602;1
603;0
604;1
605;0
606;0
607;2
608;4
609;2
610;2
611;2
612;1
613;0
614;2
615;0
616;1
617;0
618;0
619;0
620;2
621;2
622;0
623;2
624;0
625;0
626;1
627;0
628;0
629;0
630;1
631;2
632;0
633;0
634;0
635;0
636;2
637;1
638;0
639;0
640;2
641;1
642;0
643;0
644;2
645;0
646;0
647;0
648;2
649;0
650;0
651;0
652;0
653;0
654;0
655;0
656;1
657;0
658;0
659;0
660;0
661;0
662;0
663;0
664;2
665;0
666;0
667;0
668;0
669;0
670;0
671;0
672;1
673;1
674;2
675;0
676;2
677;0
678;2
679;2
680;2
681;0
682;0
683;2
684;0
685;0
686;0
687;0
688;1
689;0
690;0
691;1
692;1
693;2
694;0
695;0
696;2
697;0
698;0
699;2
700;0
701;0
702;2
703;2
704;4
705;0
706;0
707;0
708;2
709;1
710;0
711;0
712;2
713;1
714;0
715;0
716;0
717;0
718;1
719;0
720;1
721;0
722;0
723;0
724;0
725;2
726;2
727;0
728;2
729;0
730;2
731;2
732;0
733;2
734;0
735;1
736;0
737;0
738;0
739;2
740;0
741;2
742;1
743;0
744;2
745;1
746;2
747;0
748;1
749;0
750;0
751;0
752;0
753;2
754;1
755;0
756;0
757;0
758;0
759;0
760;0
761;0
762;2
763;2
764;0
765;0
766;0
767;2
768;2
769;0
770;2
771;2
772;2
773;0
774;2
775;2
776;2
777;2
778;1
779;0
780;1
781;0
782;1
783;0
784;0
785;0
786;0
787;0
788;0
789;2
790;2
791;1
792;0
793;0
794;0
795;2
796;2
797;1
798;0
799;0
800;0
801;1
802;0
803;0
804;0
805;0
806;0
807;0
808;0
809;2
810;0
811;0
812;1
813;0
814;0
815;0
816;0
817;0
818;1
819;0
820;1
821;0
822;0
823;0
824;1
825;0
826;2
827;2
828;4
829;0
830;0
831;0
832;0
833;0
834;2
835;2
836;2
837;0
838;0
839;0
840;2
841;0
842;0
843;2
844;2
845;0
846;1
847;2
848;1
849;0
850;0
851;1
852;0
853;0
854;1
855;0
856;0
857;2
858;0
859;2
860;1
861;0
862;1
863;0
864;2
865;0
866;0
867;2
868;0
869;0
870;2
871;2
872;0
873;0
874;0
875;0
876;0
877;2
878;0
879;1
880;0
881;0
882;2
883;1
884;0
885;0
886;1
887;0
888;0
889;0
890;0
891;0
892;1
893;0
894;2
895;2
896;0
897;2
898;2
899;1
900;2
901;2
902;2
903;2
904;1
905;0
906;2
907;2
908;0
909;0
910;0
911;0
912;2
913;0
914;1
915;1
916;0
917;2
918;2
919;2
920;2
921;0
922;0
923;0
924;0
925;2
926;0
927;0
928;0
929;2
930;0
931;0
932;0
933;0
934;0
935;0
936;2
937;1
938;0
939;0
940;1
941;0
942;2
943;2
944;1
945;0
946;0
947;2
948;4
949;0
950;0
951;2
952;2
953;0
954;2
955;0
956;1
957;0
958;0
959;0
960;1
961;1
962;0
963;0
964;0
965;1
966;0
967;0
968;0
969;0
970;0
971;0
972;1
973;0
974;0
975;0
976;0
977;0
978;2
979;2
980;1
981;2
982;0
983;0
984;0
985;0
986;0
987;0
988;2
989;2
990;0
991;0
992;0
993;0
994;0
995;2
996;2
997;0
998;0
999;0
1000;0
1001;0
1002;0
1003;0
1004;1
1005;0
1006;0
1007;2
1008;1
1009;0
1010;0
1011;0
1012;0
1013;0
1014;0
1015;0
1016;0
1017;0
1018;0
1019;0
1020;0
1021;0
1022;0
1023;0
