0;0
1;0
2;0
3;2
4;4
5;0
6;2
7;1
8;0
9;0
10;2
11;0
12;1
13;0
14;0
15;0
16;0
17;0
18;1
19;1
20;0
21;0
22;0
23;0
24;1
25;2
26;2
27;2
28;2
29;0
30;1
31;2
32;2
33;0
34;0
35;0
36;0
37;2
38;0
39;0
40;1
41;0
42;0
43;0
44;1
45;0
46;0
47;0
48;0
49;0
50;0
51;2
52;1
53;0
54;2
55;0
56;2
57;0
58;1
59;0
60;2
61;0
62;0
63;0
64;0
65;0
66;0
67;2
68;0
69;0
70;0
71;0
72;1
73;0
74;0
75;0
76;1
77;2
78;0
79;0
80;1
81;0
82;0
83;0
84;2
85;2
86;1
87;1
88;0
89;0
90;0
91;0
92;1
93;0
94;0
95;0
96;2
97;0
98;0
99;2
100;1
101;1
102;0
103;0
104;1
105;0
106;1
107;0
108;0
109;0
110;1
111;2
112;2
113;0
114;0
115;0
116;1
117;1
118;2
119;0
120;0
121;0
122;1
123;2
124;2
125;0
126;0
127;0
128;1
129;0
130;0
131;0
132;0
133;0
134;1
135;2
136;2
137;2
138;0
139;0
140;2
141;2
142;0
143;0
144;0
145;2
146;0
147;2
148;0
149;2
150;2
151;0
152;0
153;0
154;1
155;0
156;2
157;0
158;0
159;2
160;0
161;2
162;2
163;0
164;1
165;0
166;0
167;0
168;0
169;2
170;1
171;2
172;1
173;0
174;1
175;1
176;2
177;0
178;0
179;0
180;1
181;0
182;0
183;0
184;0
185;2
186;2
187;2
188;0
189;2
190;2
191;0
192;2
193;0
194;0
195;2
196;0
197;0
198;0
199;0
200;0
201;2
202;1
203;2
204;1
205;0
206;0
207;0
208;0
209;0
210;0
211;0
212;0
213;2
214;0
215;0
216;0
217;0
218;0
219;2
220;2
221;0
222;0
223;0
224;2
225;1
226;0
227;0
228;2
229;0
230;2
231;2
232;2
233;2
234;1
235;0
236;0
237;0
238;0
239;0
240;0
241;0
242;0
243;0
244;2
245;2
246;0
247;0
248;0
249;0
250;2
251;2
252;0
253;0
254;1
255;0
256;2
257;0
258;1
259;2
260;2
261;0
262;1
263;0
264;0
265;0
266;2
267;2
268;2
269;2
270;2
271;0
272;0
273;0
274;0
275;0
276;2
277;0
278;0
279;0
280;0
281;0
282;0
283;0
284;1
285;0
286;0
287;2
288;0
289;0
290;1
291;0
292;0
293;0
294;2
295;0
296;0
297;0
298;2
299;0
300;0
301;2
302;2
303;0
304;0
305;1
306;0
307;0
308;0
309;0
310;0
311;2
312;2
313;2
314;0
315;0
316;0
317;2
318;2
319;2
320;2
321;0
322;0
323;0
324;1
325;0
326;2
327;2
328;1
329;0
330;0
331;2
332;2
333;0
334;2
335;0
336;2
337;0
338;2
339;0
340;0
341;1
342;0
343;0
344;0
345;0
346;0
347;1
348;1
349;0
350;2
351;0
352;0
353;0
354;0
355;0
356;2
357;0
358;0
359;0
360;2
361;0
362;0
363;2
364;0
365;0
366;0
367;1
368;0
369;0
370;0
371;0
372;0
373;0
374;0
375;0
376;2
377;0
378;0
379;0
380;0
381;0
382;2
383;0
384;0
385;0
386;0
387;0
388;2
389;0
390;0
391;0
392;0
393;1
394;0
395;2
396;2
397;0
398;0
399;0
400;0
401;0
402;0
403;2
404;4
405;0
406;1
407;0
408;0
409;2
410;1
411;2
412;2
413;0
414;0
415;0
416;0
417;0
418;1
419;2
420;2
421;2
422;1
423;0
424;1
425;0
426;0
427;1
428;0
429;0
430;0
431;2
432;4
433;0
434;2
435;2
436;2
437;0
438;0
439;0
440;2
441;0
442;1
443;2
444;1
445;1
446;0
447;4
448;2
449;0
450;0
451;2
452;2
453;2
454;2
455;1
456;0
457;0
458;1
459;2
460;2
461;0
462;1
463;2
464;1
465;0
466;1
467;4
468;1
469;1
470;1
471;1
472;1
473;0
474;2
475;2
476;2
477;1
478;0
479;2
480;0
481;0
482;0
483;2
484;2
485;1
486;0
487;0
488;0
489;0
490;1
491;1
492;2
493;2
494;2
495;0
496;2
497;0
498;0
499;0
500;0
501;0
502;0
503;0
504;0
505;0
506;0
507;0
508;2
509;0
510;0
511;0
512;1
513;2
514;0
515;0
516;2
517;2
518;2
519;2
520;1
521;0
522;0
523;2
524;2
525;0
526;2
527;2
528;0
529;0
530;2
531;0
532;0
533;0
534;0
535;2
536;0
537;2
538;2
539;1
540;2
541;0
542;0
543;0
544;0
545;0
546;0
547;0
548;0
549;2
550;1
551;0
552;2
553;2
554;0
555;0
556;1
557;0
558;1
559;1
560;2
561;2
562;2
563;1
564;0
565;2
566;1
567;0
568;2
569;0
570;1
571;2
572;0
573;1
574;2
575;0
576;0
577;0
578;0
579;2
580;0
581;0
582;0
583;0
584;0
585;1
586;0
587;0
588;2
589;2
590;1
591;0
592;0
593;0
594;1
595;0
596;1
597;0
598;0
599;0
600;0
601;0
602;2
603;2
604;1
605;2
606;1
607;0
608;2
609;0
610;0
611;0
612;0
613;0
614;0
615;0
616;0
617;1
618;0
619;0
620;2
621;2
622;2
623;2
624;0
625;0
626;0
627;0
628;0
629;1
630;0
631;0
632;0
633;0
634;0
635;0
636;0
637;0
638;0
639;0
640;2
641;2
642;1
643;0
644;2
645;0
646;1
647;0
648;2
649;0
650;0
651;2
652;0
653;0
654;0
655;1
656;0
657;1
658;0
659;0
660;0
661;0
662;1
663;2
664;2
665;0
666;0
667;2
668;2
669;0
670;0
671;0
672;0
673;0
674;1
675;1
676;0
677;0
678;2
679;0
680;0
681;0
682;1
683;0
684;2
685;2
686;0
687;1
688;0
689;1
690;0
691;0
692;0
693;1
694;2
695;0
696;0
697;2
698;2
699;0
700;0
701;0
702;0
703;1
704;0
705;0
706;0
707;0
708;1
709;0
710;0
711;0
712;0
713;0
714;0
715;0
716;0
717;0
718;2
719;2
720;0
721;2
722;2
723;2
724;0
725;0
726;2
727;1
728;0
729;0
730;0
731;0
732;4
733;0
734;2
735;1
736;0
737;0
738;0
739;0
740;2
741;0
742;0
743;2
744;1
745;0
746;0
747;0
748;1
749;0
750;0
751;0
752;2
753;2
754;2
755;0
756;2
757;0
758;1
759;0
760;0
761;1
762;0
763;0
764;0
765;0
766;0
767;0
768;0
769;2
770;0
771;2
772;2
773;1
774;2
775;0
776;1
777;0
778;0
779;0
780;0
781;0
782;1
783;0
784;0
785;0
786;0
787;0
788;0
789;2
790;0
791;0
792;0
793;0
794;0
795;0
796;1
797;0
798;0
799;0
800;0
801;2
802;2
803;2
804;2
805;0
806;0
807;2
808;1
809;1
810;0
811;0
812;0
813;0
814;0
815;0
816;0
817;0
818;0
819;0
820;0
821;0
822;0
823;0
824;0
825;0
826;2
827;1
828;0
829;0
830;1
831;0
832;1
833;0
834;0
835;0
836;1
837;0
838;2
839;2
840;2
841;0
842;0
843;0
844;0
845;0
846;2
847;2
848;2
849;0
850;1
851;0
852;0
853;0
854;2
855;4
856;2
857;0
858;2
859;2
860;0
861;0
862;0
863;2
864;0
865;1
866;1
867;0
868;0
869;2
870;0
871;2
872;0
873;0
874;1
875;0
876;2
877;0
878;0
879;2
880;0
881;0
882;0
883;0
884;0
885;0
886;0
887;0
888;0
889;2
890;2
891;2
892;1
893;0
894;2
895;1
896;0
897;0
898;1
899;0
900;1
901;2
902;0
903;0
904;2
905;2
906;2
907;2
908;2
909;0
910;2
911;0
912;1
913;1
914;0
915;2
916;2
917;0
918;1
919;2
920;1
921;2
922;1
923;0
924;2
925;0
926;2
927;0
928;0
929;0
930;0
931;1
932;1
933;0
934;0
935;0
936;1
937;0
938;2
939;1
940;0
941;2
942;2
943;0
944;1
945;1
946;0
947;0
948;0
949;0
950;1
951;2
952;1
953;1
954;0
955;1
956;1
957;0
958;0
959;0
960;0
961;1
962;0
963;2
964;2
965;0
966;0
967;0
968;0
969;0
970;0
971;0
972;0
973;2
974;0
975;0
976;0
977;0
978;0
979;0
980;0
981;0
982;0
983;2
984;0
985;0
986;0
987;0
988;0
989;0
990;1
991;0
992;1
993;0
994;0
995;1
996;0
997;0
998;0
999;0
1000;4
1001;0
1002;1
1003;2
1004;2
1005;0
1006;1
1007;0
1008;2
1009;1
1010;0
1011;0
1012;1
1013;0
1014;0
1015;1
1016;0
1017;0
1018;0
1019;0
1020;0
1021;0
1022;0
1023;0
