0;1
1;0
2;0
3;2
4;2
5;0
6;2
7;2
8;2
9;0
10;0
11;2
12;0
13;2
14;0
15;0
16;0
17;0
18;0
19;0
20;1
21;0
22;0
23;0
24;0
25;0
26;0
27;0
28;0
29;0
30;2
31;2
32;0
33;0
34;0
35;0
36;2
37;0
38;2
39;0
40;0
41;2
42;0
43;0
44;0
45;0
46;2
47;0
48;0
49;0
50;1
51;0
52;2
53;0
54;0
55;0
56;0
57;2
58;0
59;0
60;1
61;0
62;0
63;0
64;0
65;0
66;0
67;0
68;2
69;0
70;0
71;2
72;0
73;0
74;2
75;0
76;0
77;0
78;0
79;0
80;1
81;0
82;0
83;0
84;0
85;0
86;1
87;0
88;1
89;0
90;0
91;0
92;1
93;1
94;0
95;0
96;0
97;1
98;0
99;2
100;1
101;0
102;0
103;0
104;2
105;0
106;0
107;0
108;2
109;2
110;1
111;0
112;1
113;0
114;0
115;0
116;2
117;2
118;0
119;1
120;0
121;0
122;0
123;0
124;0
125;2
126;0
127;2
128;0
129;0
130;0
131;1
132;0
133;0
134;0
135;1
136;0
137;0
138;2
139;0
140;0
141;0
142;0
143;0
144;0
145;0
146;2
147;1
148;2
149;2
150;0
151;2
152;2
153;1
154;0
155;2
156;0
157;0
158;0
159;0
160;0
161;0
162;0
163;0
164;2
165;2
166;1
167;2
168;1
169;0
170;0
171;2
172;0
173;1
174;0
175;0
176;2
177;0
178;0
179;0
180;2
181;0
182;0
183;0
184;2
185;2
186;1
187;4
188;2
189;1
190;0
191;1
192;4
193;0
194;0
195;2
196;2
197;2
198;2
199;2
200;2
201;1
202;1
203;0
204;2
205;0
206;2
207;0
208;0
209;0
210;1
211;2
212;1
213;0
214;1
215;0
216;0
217;0
218;0
219;1
220;0
221;0
222;0
223;0
224;0
225;0
226;0
227;0
228;0
229;2
230;0
231;0
232;2
233;2
234;0
235;0
236;1
237;2
238;0
239;0
240;2
241;0
242;1
243;0
244;2
245;2
246;2
247;2
248;2
249;0
250;0
251;0
252;0
253;1
254;0
255;0
256;1
257;0
258;2
259;0
260;0
261;2
262;0
263;0
264;1
265;0
266;0
267;0
268;0
269;2
270;0
271;0
272;2
273;1
274;0
275;0
276;2
277;2
278;2
279;0
280;1
281;0
282;0
283;0
284;1
285;0
286;2
287;0
288;0
289;0
290;2
291;2
292;2
293;0
294;1
295;0
296;0
297;0
298;1
299;0
300;1
301;0
302;2
303;0
304;0
305;0
306;0
307;1
308;1
309;0
310;2
311;1
312;2
313;0
314;0
315;0
316;2
317;0
318;0
319;0
320;0
321;0
322;0
323;2
324;0
325;0
326;2
327;0
328;0
329;0
330;0
331;0
332;0
333;0
334;0
335;0
336;0
337;0
338;0
339;0
340;2
341;0
342;0
343;1
344;0
345;0
346;0
347;0
348;1
349;2
350;2
351;2
352;2
353;2
354;2
355;2
356;2
357;0
358;2
359;2
360;0
361;0
362;0
363;2
364;2
365;0
366;0
367;0
368;2
369;0
370;2
371;0
372;0
373;0
374;0
375;0
376;0
377;0
378;0
379;0
380;1
381;0
382;0
383;0
384;0
385;0
386;0
387;0
388;0
389;1
390;0
391;0
392;0
393;2
394;0
395;2
396;2
397;2
398;0
399;0
400;0
401;0
402;1
403;1
404;0
405;0
406;0
407;0
408;0
409;0
410;0
411;0
412;1
413;0
414;0
415;2
416;2
417;0
418;0
419;0
420;2
421;0
422;0
423;2
424;4
425;0
426;0
427;0
428;0
429;0
430;0
431;0
432;2
433;2
434;2
435;0
436;1
437;0
438;0
439;2
440;0
441;0
442;0
443;2
444;0
445;0
446;0
447;0
448;2
449;0
450;0
451;0
452;0
453;2
454;2
455;0
456;2
457;0
458;0
459;0
460;2
461;0
462;2
463;0
464;0
465;2
466;2
467;2
468;2
469;0
470;0
471;1
472;0
473;0
474;0
475;0
476;0
477;1
478;0
479;0
480;0
481;2
482;1
483;0
484;0
485;0
486;0
487;0
488;0
489;2
490;0
491;0
492;0
493;1
494;0
495;0
496;0
497;1
498;0
499;0
500;0
501;2
502;0
503;0
504;2
505;2
506;0
507;0
508;2
509;0
510;0
511;0
512;0
513;0
514;0
515;0
516;0
517;0
518;2
519;2
520;1
521;0
522;0
523;2
524;2
525;0
526;2
527;0
528;0
529;0
530;2
531;2
532;0
533;0
534;2
535;0
536;0
537;2
538;0
539;2
540;0
541;0
542;1
543;0
544;2
545;2
546;0
547;0
548;0
549;0
550;2
551;0
552;0
553;1
554;0
555;0
556;1
557;0
558;0
559;1
560;0
561;0
562;0
563;0
564;0
565;0
566;0
567;0
568;1
569;0
570;0
571;0
572;0
573;0
574;0
575;0
576;0
577;1
578;0
579;0
580;2
581;0
582;0
583;0
584;1
585;0
586;0
587;0
588;0
589;0
590;0
591;1
592;0
593;1
594;0
595;2
596;2
597;2
598;0
599;0
600;0
601;0
602;0
603;0
604;2
605;0
606;0
607;0
608;0
609;1
610;0
611;1
612;0
613;0
614;0
615;0
616;2
617;0
618;2
619;0
620;2
621;0
622;0
623;1
624;0
625;2
626;2
627;0
628;0
629;2
630;0
631;0
632;0
633;0
634;0
635;2
636;0
637;0
638;0
639;2
640;0
641;2
642;0
643;0
644;0
645;0
646;0
647;1
648;0
649;0
650;0
651;0
652;1
653;0
654;0
655;2
656;2
657;1
658;0
659;2
660;2
661;2
662;0
663;0
664;0
665;0
666;1
667;2
668;1
669;0
670;0
671;0
672;0
673;1
674;0
675;0
676;0
677;2
678;2
679;0
680;1
681;0
682;0
683;1
684;0
685;1
686;0
687;2
688;2
689;0
690;1
691;0
692;0
693;0
694;0
695;0
696;1
697;2
698;0
699;2
700;0
701;2
702;2
703;2
704;4
705;0
706;0
707;0
708;2
709;2
710;0
711;0
712;2
713;0
714;1
715;0
716;0
717;0
718;0
719;0
720;0
721;2
722;2
723;2
724;0
725;2
726;2
727;1
728;2
729;2
730;0
731;0
732;2
733;2
734;1
735;0
736;2
737;1
738;0
739;0
740;2
741;2
742;2
743;0
744;0
745;0
746;0
747;2
748;1
749;0
750;0
751;1
752;0
753;0
754;2
755;2
756;2
757;0
758;2
759;0
760;1
761;0
762;0
763;0
764;0
765;0
766;0
767;0
768;1
769;0
770;0
771;0
772;0
773;0
774;0
775;0
776;2
777;0
778;1
779;0
780;0
781;1
782;0
783;0
784;1
785;0
786;0
787;2
788;1
789;0
790;0
791;0
792;0
793;0
794;2
795;2
796;2
797;0
798;0
799;0
800;0
801;0
802;1
803;0
804;0
805;0
806;0
807;1
808;0
809;0
810;0
811;0
812;0
813;1
814;2
815;2
816;2
817;0
818;0
819;2
820;0
821;0
822;0
823;0
824;0
825;2
826;2
827;0
828;0
829;0
830;0
831;0
832;0
833;1
834;0
835;0
836;0
837;0
838;0
839;0
840;0
841;1
842;0
843;2
844;1
845;0
846;0
847;0
848;0
849;0
850;2
851;0
852;1
853;1
854;0
855;0
856;0
857;0
858;0
859;0
860;2
861;0
862;0
863;2
864;0
865;0
866;0
867;1
868;1
869;0
870;1
871;0
872;1
873;0
874;0
875;2
876;4
877;0
878;2
879;2
880;0
881;0
882;2
883;0
884;2
885;2
886;0
887;0
888;1
889;0
890;0
891;2
892;1
893;0
894;0
895;2
896;2
897;0
898;2
899;2
900;2
901;0
902;2
903;0
904;2
905;0
906;0
907;0
908;1
909;0
910;1
911;0
912;1
913;0
914;0
915;0
916;1
917;0
918;0
919;0
920;0
921;0
922;1
923;0
924;2
925;0
926;2
927;0
928;1
929;0
930;0
931;0
932;2
933;1
934;0
935;0
936;0
937;0
938;0
939;2
940;1
941;0
942;0
943;2
944;0
945;0
946;2
947;0
948;0
949;0
950;2
951;0
952;0
953;0
954;0
955;0
956;0
957;0
958;2
959;2
960;0
961;0
962;0
963;2
964;0
965;0
966;0
967;2
968;1
969;0
970;2
971;0
972;0
973;0
974;0
975;1
976;2
977;0
978;1
979;0
980;0
981;0
982;0
983;0
984;0
985;0
986;2
987;2
988;2
989;0
990;0
991;1
992;2
993;0
994;2
995;2
996;0
997;0
998;0
999;0
1000;2
1001;0
1002;0
1003;0
1004;0
1005;0
1006;2
1007;0
1008;0
1009;0
1010;1
1011;0
1012;0
1013;0
1014;1
1015;0
1016;0
1017;0
1018;0
1019;0
1020;0
1021;0
1022;0
1023;0
