0;1
1;0
2;0
3;2
4;2
5;0
6;0
7;1
8;0
9;0
10;2
11;0
12;2
13;0
14;0
15;0
16;0
17;0
18;1
19;0
20;0
21;0
22;0
23;0
24;0
25;0
26;0
27;0
28;2
29;0
30;0
31;1
32;0
33;0
34;1
35;0
36;0
37;0
38;0
39;0
40;0
41;0
42;2
43;1
44;0
45;0
46;2
47;0
48;1
49;0
50;0
51;0
52;2
53;1
54;0
55;0
56;0
57;0
58;2
59;2
60;0
61;0
62;0
63;0
64;0
65;2
66;1
67;0
68;0
69;0
70;0
71;2
72;0
73;2
74;0
75;0
76;0
77;0
78;0
79;0
80;1
81;2
82;0
83;0
84;0
85;1
86;1
87;1
88;1
89;0
90;0
91;0
92;1
93;2
94;0
95;0
96;0
97;1
98;0
99;2
100;2
101;0
102;2
103;2
104;2
105;0
106;1
107;0
108;0
109;1
110;0
111;0
112;1
113;1
114;0
115;0
116;2
117;0
118;1
119;0
120;0
121;0
122;0
123;0
124;0
125;0
126;0
127;2
128;2
129;0
130;2
131;1
132;0
133;0
134;2
135;0
136;0
137;0
138;0
139;0
140;2
141;0
142;0
143;0
144;0
145;2
146;0
147;0
148;0
149;0
150;0
151;0
152;0
153;1
154;0
155;0
156;0
157;0
158;1
159;1
160;0
161;2
162;0
163;0
164;2
165;1
166;0
167;1
168;0
169;0
170;0
171;0
172;0
173;0
174;0
175;1
176;2
177;2
178;1
179;0
180;1
181;0
182;2
183;2
184;0
185;0
186;0
187;0
188;2
189;0
190;0
191;0
192;2
193;0
194;2
195;1
196;0
197;0
198;1
199;1
200;2
201;0
202;0
203;0
204;1
205;0
206;2
207;0
208;0
209;0
210;2
211;2
212;1
213;0
214;1
215;0
216;1
217;0
218;0
219;2
220;0
221;0
222;1
223;2
224;0
225;0
226;0
227;2
228;1
229;0
230;0
231;0
232;2
233;0
234;2
235;2
236;2
237;0
238;1
239;0
240;2
241;2
242;1
243;0
244;1
245;1
246;0
247;0
248;0
249;0
250;0
251;0
252;0
253;2
254;1
255;0
256;2
257;2
258;0
259;0
260;2
261;0
262;1
263;0
264;0
265;2
266;2
267;0
268;0
269;0
270;0
271;0
272;2
273;1
274;2
275;2
276;1
277;0
278;0
279;0
280;0
281;0
282;0
283;0
284;0
285;0
286;0
287;0
288;0
289;0
290;0
291;1
292;0
293;1
294;0
295;0
296;0
297;0
298;1
299;0
300;1
301;1
302;0
303;2
304;1
305;0
306;2
307;2
308;1
309;0
310;2
311;2
312;0
313;0
314;0
315;0
316;0
317;0
318;0
319;1
320;0
321;0
322;1
323;0
324;1
325;0
326;0
327;0
328;0
329;0
330;0
331;0
332;0
333;0
334;0
335;1
336;1
337;0
338;2
339;1
340;0
341;0
342;1
343;0
344;0
345;0
346;2
347;0
348;0
349;0
350;0
351;0
352;0
353;0
354;0
355;0
356;0
357;0
358;0
359;0
360;0
361;0
362;0
363;2
364;0
365;1
366;0
367;0
368;1
369;0
370;0
371;0
372;1
373;0
374;2
375;0
376;2
377;0
378;0
379;0
380;0
381;0
382;0
383;2
384;2
385;2
386;0
387;2
388;2
389;0
390;0
391;0
392;0
393;0
394;0
395;0
396;0
397;0
398;0
399;0
400;1
401;2
402;0
403;0
404;0
405;0
406;1
407;0
408;0
409;0
410;0
411;1
412;0
413;0
414;2
415;1
416;0
417;1
418;0
419;0
420;0
421;0
422;2
423;2
424;0
425;0
426;2
427;0
428;0
429;0
430;1
431;0
432;0
433;0
434;2
435;2
436;2
437;0
438;0
439;0
440;1
441;0
442;0
443;2
444;1
445;2
446;1
447;0
448;0
449;0
450;0
451;0
452;0
453;2
454;2
455;2
456;1
457;0
458;2
459;0
460;0
461;2
462;0
463;2
464;2
465;0
466;0
467;0
468;1
469;2
470;0
471;1
472;0
473;0
474;0
475;0
476;0
477;0
478;0
479;0
480;2
481;0
482;1
483;0
484;0
485;0
486;2
487;1
488;1
489;0
490;0
491;1
492;0
493;0
494;2
495;2
496;0
497;1
498;0
499;1
500;0
501;2
502;0
503;2
504;0
505;0
506;0
507;0
508;0
509;2
510;0
511;2
512;0
513;2
514;0
515;0
516;0
517;0
518;0
519;0
520;0
521;2
522;1
523;0
524;0
525;0
526;1
527;2
528;0
529;0
530;0
531;0
532;0
533;0
534;0
535;0
536;0
537;0
538;0
539;2
540;0
541;1
542;0
543;0
544;0
545;0
546;1
547;0
548;0
549;2
550;0
551;0
552;0
553;0
554;1
555;0
556;2
557;1
558;0
559;0
560;0
561;0
562;2
563;2
564;0
565;0
566;0
567;0
568;1
569;0
570;0
571;0
572;1
573;0
574;2
575;2
576;1
577;0
578;0
579;2
580;4
581;2
582;2
583;2
584;2
585;0
586;2
587;0
588;2
589;2
590;1
591;0
592;0
593;2
594;0
595;0
596;1
597;0
598;0
599;0
600;0
601;0
602;1
603;0
604;0
605;0
606;0
607;0
608;2
609;0
610;0
611;1
612;0
613;0
614;1
615;0
616;0
617;0
618;0
619;2
620;0
621;1
622;0
623;0
624;0
625;0
626;0
627;0
628;1
629;0
630;0
631;0
632;2
633;0
634;0
635;0
636;0
637;0
638;0
639;0
640;0
641;0
642;0
643;0
644;1
645;0
646;0
647;0
648;0
649;0
650;0
651;0
652;2
653;0
654;1
655;0
656;2
657;0
658;0
659;1
660;0
661;2
662;2
663;0
664;0
665;2
666;0
667;0
668;0
669;0
670;2
671;0
672;0
673;0
674;0
675;0
676;2
677;0
678;0
679;1
680;1
681;0
682;0
683;0
684;2
685;0
686;0
687;0
688;0
689;0
690;0
691;2
692;0
693;1
694;0
695;2
696;2
697;2
698;0
699;0
700;0
701;0
702;1
703;2
704;1
705;0
706;0
707;0
708;0
709;2
710;0
711;0
712;0
713;2
714;1
715;1
716;0
717;0
718;0
719;1
720;0
721;1
722;0
723;0
724;0
725;0
726;1
727;0
728;0
729;2
730;0
731;0
732;0
733;2
734;0
735;0
736;0
737;0
738;1
739;0
740;2
741;0
742;1
743;0
744;0
745;0
746;0
747;2
748;2
749;0
750;2
751;0
752;0
753;1
754;0
755;0
756;0
757;2
758;0
759;0
760;0
761;2
762;2
763;2
764;2
765;0
766;1
767;0
768;0
769;2
770;1
771;0
772;0
773;1
774;0
775;0
776;1
777;0
778;1
779;0
780;1
781;0
782;1
783;0
784;2
785;0
786;0
787;0
788;0
789;0
790;0
791;0
792;1
793;0
794;0
795;0
796;0
797;0
798;2
799;0
800;1
801;0
802;0
803;0
804;0
805;1
806;0
807;0
808;1
809;0
810;0
811;0
812;1
813;0
814;0
815;2
816;0
817;0
818;2
819;1
820;0
821;0
822;1
823;0
824;0
825;0
826;0
827;0
828;0
829;0
830;1
831;0
832;1
833;0
834;0
835;0
836;0
837;2
838;2
839;2
840;1
841;0
842;0
843;2
844;0
845;0
846;0
847;0
848;2
849;2
850;2
851;0
852;0
853;0
854;2
855;1
856;0
857;0
858;1
859;0
860;0
861;0
862;0
863;0
864;0
865;0
866;0
867;2
868;1
869;0
870;0
871;0
872;0
873;0
874;2
875;0
876;1
877;0
878;1
879;1
880;0
881;0
882;1
883;0
884;0
885;0
886;2
887;2
888;0
889;0
890;2
891;0
892;1
893;2
894;2
895;0
896;0
897;0
898;0
899;2
900;0
901;1
902;0
903;0
904;0
905;0
906;2
907;0
908;1
909;0
910;0
911;0
912;1
913;0
914;0
915;0
916;1
917;0
918;1
919;0
920;0
921;0
922;2
923;1
924;0
925;0
926;2
927;0
928;1
929;0
930;2
931;0
932;0
933;2
934;0
935;2
936;2
937;2
938;1
939;2
940;2
941;0
942;2
943;1
944;0
945;0
946;0
947;0
948;0
949;0
950;1
951;0
952;0
953;1
954;0
955;0
956;0
957;0
958;0
959;2
960;0
961;2
962;2
963;0
964;0
965;0
966;0
967;0
968;1
969;0
970;2
971;0
972;1
973;0
974;2
975;2
976;2
977;0
978;1
979;0
980;2
981;0
982;0
983;0
984;1
985;0
986;0
987;2
988;2
989;2
990;1
991;0
992;2
993;0
994;2
995;2
996;0
997;0
998;2
999;0
1000;0
1001;0
1002;0
1003;2
1004;1
1005;0
1006;2
1007;2
1008;2
1009;0
1010;2
1011;0
1012;0
1013;0
1014;1
1015;1
1016;0
1017;0
1018;0
1019;0
1020;0
1021;0
1022;0
1023;0
