0;0
1;0
2;0
3;2
4;1
5;0
6;2
7;0
8;2
9;0
10;2
11;0
12;1
13;0
14;1
15;2
16;0
17;0
18;1
19;0
20;1
21;1
22;0
23;1
24;0
25;2
26;2
27;2
28;2
29;2
30;1
31;2
32;0
33;0
34;0
35;0
36;2
37;2
38;0
39;2
40;0
41;0
42;0
43;0
44;0
45;0
46;0
47;0
48;0
49;0
50;0
51;2
52;1
53;0
54;0
55;0
56;2
57;0
58;2
59;0
60;2
61;2
62;0
63;0
64;0
65;1
66;0
67;1
68;0
69;0
70;0
71;0
72;0
73;0
74;0
75;0
76;0
77;2
78;0
79;0
80;4
81;0
82;0
83;0
84;0
85;0
86;0
87;0
88;2
89;0
90;0
91;0
92;1
93;0
94;0
95;0
96;2
97;0
98;1
99;2
100;1
101;0
102;0
103;0
104;0
105;1
106;0
107;0
108;0
109;2
110;1
111;2
112;2
113;0
114;2
115;0
116;2
117;2
118;2
119;0
120;2
121;0
122;0
123;0
124;0
125;0
126;0
127;0
128;2
129;0
130;1
131;0
132;0
133;0
134;1
135;0
136;0
137;0
138;0
139;1
140;0
141;2
142;0
143;0
144;0
145;0
146;2
147;2
148;0
149;2
150;0
151;0
152;0
153;0
154;0
155;2
156;2
157;0
158;0
159;0
160;2
161;2
162;2
163;0
164;1
165;0
166;0
167;0
168;0
169;0
170;1
171;2
172;1
173;0
174;1
175;1
176;2
177;0
178;0
179;0
180;1
181;0
182;0
183;0
184;0
185;1
186;0
187;2
188;0
189;2
190;2
191;1
192;0
193;0
194;0
195;2
196;0
197;0
198;0
199;0
200;0
201;0
202;0
203;2
204;0
205;0
206;2
207;0
208;1
209;0
210;2
211;0
212;0
213;0
214;0
215;1
216;2
217;1
218;0
219;0
220;2
221;0
222;0
223;0
224;1
225;0
226;1
227;0
228;2
229;0
230;2
231;0
232;0
233;1
234;0
235;0
236;2
237;0
238;0
239;0
240;0
241;0
242;0
243;0
244;2
245;0
246;0
247;1
248;0
249;0
250;0
251;0
252;0
253;2
254;1
255;0
256;2
257;0
258;1
259;2
260;1
261;0
262;0
263;0
264;0
265;0
266;0
267;2
268;2
269;2
270;1
271;0
272;0
273;0
274;0
275;0
276;2
277;0
278;0
279;0
280;0
281;0
282;0
283;0
284;1
285;0
286;0
287;2
288;0
289;0
290;0
291;0
292;0
293;0
294;0
295;0
296;2
297;0
298;2
299;0
300;0
301;2
302;1
303;0
304;0
305;1
306;0
307;1
308;0
309;0
310;0
311;2
312;2
313;1
314;1
315;2
316;0
317;1
318;0
319;1
320;2
321;0
322;0
323;0
324;1
325;0
326;2
327;2
328;1
329;0
330;0
331;2
332;2
333;0
334;2
335;2
336;2
337;0
338;2
339;0
340;2
341;1
342;0
343;0
344;0
345;0
346;0
347;2
348;2
349;0
350;2
351;1
352;0
353;0
354;2
355;0
356;1
357;0
358;0
359;0
360;0
361;1
362;0
363;2
364;1
365;0
366;1
367;0
368;0
369;0
370;0
371;0
372;1
373;1
374;0
375;0
376;1
377;2
378;0
379;1
380;0
381;0
382;0
383;0
384;1
385;0
386;0
387;0
388;1
389;0
390;1
391;1
392;0
393;2
394;2
395;1
396;0
397;0
398;0
399;0
400;1
401;0
402;0
403;1
404;0
405;0
406;1
407;0
408;2
409;0
410;1
411;1
412;1
413;0
414;0
415;0
416;0
417;0
418;1
419;2
420;2
421;1
422;0
423;2
424;0
425;0
426;0
427;0
428;1
429;1
430;0
431;2
432;4
433;0
434;2
435;0
436;0
437;0
438;1
439;0
440;2
441;2
442;0
443;1
444;1
445;0
446;1
447;0
448;1
449;0
450;1
451;2
452;2
453;2
454;2
455;2
456;1
457;0
458;0
459;2
460;2
461;0
462;1
463;2
464;1
465;0
466;1
467;2
468;0
469;0
470;0
471;2
472;2
473;2
474;2
475;2
476;2
477;1
478;0
479;0
480;1
481;0
482;0
483;0
484;1
485;0
486;0
487;0
488;2
489;0
490;0
491;2
492;2
493;2
494;2
495;0
496;2
497;0
498;0
499;2
500;0
501;2
502;0
503;2
504;2
505;2
506;0
507;0
508;2
509;0
510;2
511;0
512;0
513;2
514;0
515;0
516;1
517;0
518;0
519;0
520;0
521;0
522;0
523;0
524;1
525;0
526;2
527;2
528;2
529;0
530;2
531;0
532;1
533;0
534;0
535;0
536;0
537;2
538;2
539;2
540;1
541;2
542;0
543;0
544;0
545;0
546;0
547;0
548;0
549;2
550;1
551;0
552;0
553;2
554;1
555;0
556;1
557;0
558;1
559;0
560;2
561;2
562;2
563;2
564;2
565;2
566;0
567;0
568;0
569;0
570;1
571;1
572;2
573;1
574;2
575;1
576;0
577;0
578;0
579;2
580;0
581;0
582;0
583;0
584;0
585;1
586;0
587;0
588;2
589;1
590;0
591;0
592;0
593;2
594;0
595;0
596;0
597;0
598;0
599;0
600;0
601;0
602;0
603;2
604;2
605;2
606;1
607;0
608;1
609;0
610;0
611;0
612;0
613;0
614;0
615;0
616;0
617;0
618;0
619;0
620;2
621;1
622;0
623;0
624;0
625;0
626;0
627;0
628;1
629;1
630;0
631;0
632;0
633;0
634;0
635;0
636;0
637;0
638;0
639;0
640;0
641;0
642;2
643;2
644;0
645;0
646;1
647;0
648;2
649;0
650;0
651;0
652;0
653;0
654;0
655;0
656;1
657;2
658;0
659;0
660;0
661;0
662;1
663;0
664;2
665;0
666;0
667;2
668;4
669;0
670;0
671;0
672;0
673;0
674;1
675;2
676;4
677;0
678;2
679;0
680;0
681;0
682;0
683;2
684;2
685;0
686;1
687;1
688;0
689;1
690;0
691;0
692;2
693;1
694;2
695;0
696;0
697;2
698;2
699;0
700;0
701;0
702;0
703;2
704;0
705;0
706;0
707;0
708;1
709;0
710;0
711;0
712;2
713;1
714;2
715;0
716;2
717;0
718;2
719;2
720;0
721;1
722;2
723;2
724;1
725;0
726;0
727;2
728;1
729;0
730;0
731;2
732;2
733;0
734;2
735;2
736;1
737;0
738;2
739;0
740;0
741;2
742;1
743;2
744;1
745;0
746;1
747;0
748;2
749;2
750;0
751;2
752;2
753;1
754;0
755;0
756;0
757;0
758;0
759;2
760;2
761;2
762;0
763;0
764;0
765;0
766;0
767;0
768;0
769;0
770;2
771;2
772;2
773;2
774;2
775;2
776;1
777;0
778;0
779;0
780;0
781;0
782;0
783;0
784;0
785;0
786;0
787;0
788;0
789;2
790;0
791;0
792;0
793;0
794;0
795;0
796;2
797;0
798;0
799;0
800;0
801;2
802;0
803;2
804;2
805;0
806;0
807;2
808;1
809;0
810;0
811;0
812;0
813;2
814;0
815;0
816;0
817;0
818;0
819;0
820;2
821;2
822;0
823;0
824;4
825;0
826;2
827;1
828;0
829;0
830;1
831;2
832;1
833;0
834;0
835;0
836;2
837;0
838;0
839;0
840;4
841;0
842;0
843;0
844;0
845;2
846;2
847;2
848;2
849;0
850;0
851;0
852;0
853;0
854;0
855;4
856;2
857;0
858;0
859;2
860;1
861;0
862;0
863;2
864;1
865;0
866;2
867;0
868;0
869;2
870;0
871;2
872;0
873;0
874;0
875;2
876;1
877;0
878;0
879;2
880;1
881;0
882;1
883;0
884;0
885;0
886;0
887;0
888;0
889;2
890;2
891;2
892;1
893;0
894;2
895;1
896;0
897;0
898;1
899;2
900;0
901;2
902;0
903;0
904;2
905;1
906;0
907;0
908;2
909;0
910;0
911;0
912;0
913;2
914;2
915;2
916;0
917;0
918;0
919;1
920;0
921;0
922;0
923;0
924;1
925;2
926;2
927;1
928;0
929;0
930;0
931;1
932;0
933;0
934;2
935;0
936;1
937;1
938;2
939;2
940;2
941;0
942;0
943;0
944;1
945;1
946;0
947;1
948;2
949;0
950;1
951;2
952;1
953;0
954;0
955;1
956;0
957;0
958;0
959;2
960;0
961;0
962;0
963;1
964;0
965;0
966;0
967;0
968;1
969;0
970;0
971;2
972;2
973;2
974;1
975;1
976;0
977;0
978;0
979;2
980;2
981;0
982;0
983;0
984;0
985;0
986;0
987;0
988;0
989;0
990;0
991;0
992;2
993;0
994;0
995;0
996;0
997;0
998;0
999;0
1000;1
1001;0
1002;0
1003;2
1004;2
1005;2
1006;2
1007;0
1008;1
1009;0
1010;0
1011;0
1012;0
1013;1
1014;0
1015;0
1016;0
1017;0
1018;0
1019;0
1020;0
1021;0
1022;0
1023;0
