0;1
1;0
2;0
3;1
4;1
5;2
6;2
7;2
8;0
9;0
10;0
11;0
12;1
13;0
14;0
15;0
16;0
17;0
18;1
19;0
20;4
21;1
22;0
23;0
24;1
25;2
26;2
27;2
28;1
29;0
30;0
31;0
32;2
33;0
34;2
35;0
36;1
37;0
38;1
39;0
40;0
41;0
42;0
43;2
44;2
45;0
46;2
47;2
48;2
49;0
50;2
51;0
52;0
53;2
54;0
55;2
56;0
57;0
58;0
59;2
60;0
61;0
62;0
63;0
64;0
65;0
66;2
67;0
68;0
69;0
70;0
71;0
72;0
73;2
74;0
75;0
76;2
77;0
78;0
79;2
80;0
81;0
82;1
83;0
84;1
85;0
86;0
87;0
88;2
89;1
90;0
91;1
92;1
93;0
94;0
95;0
96;2
97;0
98;0
99;0
100;1
101;0
102;0
103;0
104;1
105;0
106;0
107;0
108;4
109;0
110;1
111;0
112;1
113;0
114;1
115;0
116;4
117;0
118;1
119;0
120;0
121;0
122;1
123;0
124;2
125;0
126;0
127;0
128;0
129;2
130;0
131;0
132;2
133;2
134;1
135;0
136;2
137;0
138;0
139;0
140;2
141;0
142;0
143;0
144;0
145;0
146;1
147;2
148;2
149;2
150;0
151;2
152;2
153;2
154;0
155;0
156;0
157;2
158;0
159;2
160;0
161;2
162;0
163;0
164;0
165;0
166;0
167;0
168;2
169;0
170;0
171;2
172;1
173;0
174;0
175;0
176;1
177;0
178;0
179;0
180;0
181;0
182;1
183;0
184;1
185;1
186;1
187;1
188;2
189;0
190;0
191;0
192;1
193;0
194;0
195;0
196;0
197;2
198;0
199;2
200;0
201;2
202;2
203;1
204;0
205;0
206;0
207;2
208;0
209;1
210;0
211;0
212;0
213;0
214;0
215;2
216;0
217;0
218;2
219;0
220;2
221;0
222;0
223;0
224;0
225;0
226;0
227;0
228;2
229;2
230;2
231;2
232;2
233;0
234;2
235;0
236;1
237;0
238;0
239;0
240;2
241;0
242;2
243;2
244;2
245;1
246;0
247;0
248;2
249;0
250;0
251;0
252;0
253;0
254;0
255;0
256;2
257;0
258;0
259;1
260;0
261;0
262;0
263;0
264;0
265;0
266;1
267;0
268;0
269;0
270;1
271;0
272;2
273;0
274;0
275;0
276;0
277;0
278;2
279;1
280;0
281;0
282;0
283;2
284;1
285;0
286;2
287;2
288;2
289;0
290;0
291;0
292;1
293;0
294;2
295;0
296;0
297;0
298;0
299;0
300;0
301;2
302;0
303;0
304;0
305;0
306;0
307;0
308;1
309;0
310;0
311;2
312;0
313;0
314;1
315;0
316;0
317;0
318;1
319;0
320;2
321;0
322;2
323;0
324;2
325;2
326;0
327;0
328;0
329;1
330;0
331;0
332;0
333;0
334;2
335;0
336;2
337;1
338;1
339;2
340;0
341;1
342;0
343;2
344;2
345;0
346;0
347;0
348;2
349;2
350;2
351;2
352;2
353;0
354;0
355;0
356;0
357;0
358;0
359;0
360;2
361;1
362;0
363;0
364;0
365;2
366;2
367;0
368;0
369;0
370;2
371;0
372;2
373;1
374;0
375;1
376;0
377;0
378;0
379;0
380;0
381;1
382;0
383;0
384;2
385;2
386;1
387;1
388;0
389;1
390;0
391;0
392;1
393;2
394;2
395;2
396;2
397;0
398;0
399;0
400;1
401;0
402;0
403;0
404;4
405;0
406;1
407;0
408;2
409;0
410;1
411;0
412;2
413;0
414;0
415;0
416;0
417;0
418;0
419;0
420;0
421;2
422;2
423;2
424;0
425;0
426;0
427;0
428;0
429;1
430;0
431;1
432;4
433;0
434;2
435;0
436;2
437;0
438;1
439;0
440;2
441;2
442;2
443;1
444;0
445;0
446;1
447;2
448;2
449;0
450;0
451;0
452;1
453;0
454;1
455;2
456;0
457;2
458;1
459;0
460;1
461;1
462;0
463;1
464;0
465;1
466;1
467;2
468;2
469;2
470;0
471;0
472;4
473;2
474;0
475;0
476;0
477;0
478;1
479;0
480;2
481;2
482;2
483;0
484;2
485;0
486;0
487;0
488;0
489;0
490;0
491;2
492;2
493;0
494;2
495;0
496;0
497;0
498;0
499;0
500;0
501;0
502;0
503;0
504;2
505;1
506;1
507;0
508;0
509;2
510;2
511;0
512;2
513;2
514;2
515;2
516;0
517;0
518;0
519;0
520;1
521;0
522;2
523;0
524;2
525;4
526;1
527;0
528;2
529;2
530;1
531;4
532;0
533;2
534;1
535;0
536;1
537;0
538;2
539;2
540;2
541;0
542;0
543;0
544;2
545;1
546;2
547;1
548;0
549;0
550;0
551;2
552;0
553;0
554;0
555;0
556;0
557;0
558;0
559;0
560;2
561;2
562;1
563;0
564;0
565;0
566;1
567;0
568;1
569;0
570;0
571;1
572;0
573;1
574;0
575;0
576;2
577;2
578;2
579;2
580;2
581;0
582;0
583;0
584;0
585;0
586;0
587;0
588;2
589;1
590;0
591;0
592;2
593;0
594;2
595;2
596;0
597;0
598;0
599;0
600;0
601;1
602;0
603;0
604;0
605;0
606;0
607;0
608;4
609;0
610;0
611;0
612;0
613;0
614;2
615;2
616;1
617;0
618;1
619;0
620;2
621;0
622;1
623;2
624;0
625;0
626;0
627;0
628;0
629;1
630;0
631;0
632;0
633;0
634;1
635;0
636;2
637;0
638;0
639;0
640;1
641;0
642;2
643;2
644;1
645;0
646;0
647;2
648;2
649;0
650;2
651;0
652;0
653;0
654;2
655;1
656;2
657;0
658;1
659;0
660;0
661;0
662;2
663;0
664;0
665;0
666;1
667;0
668;0
669;0
670;1
671;0
672;2
673;1
674;0
675;0
676;2
677;1
678;2
679;0
680;0
681;2
682;2
683;2
684;2
685;0
686;0
687;2
688;0
689;0
690;0
691;0
692;0
693;0
694;0
695;0
696;2
697;0
698;2
699;0
700;2
701;0
702;0
703;2
704;1
705;2
706;1
707;2
708;4
709;0
710;1
711;0
712;1
713;0
714;1
715;0
716;2
717;0
718;1
719;0
720;1
721;0
722;1
723;0
724;2
725;0
726;0
727;0
728;2
729;2
730;2
731;0
732;2
733;0
734;2
735;2
736;0
737;2
738;1
739;0
740;1
741;0
742;0
743;0
744;0
745;0
746;2
747;2
748;2
749;2
750;2
751;0
752;1
753;0
754;0
755;0
756;0
757;2
758;1
759;0
760;0
761;0
762;0
763;0
764;0
765;1
766;0
767;0
768;0
769;0
770;1
771;0
772;0
773;0
774;0
775;0
776;0
777;2
778;2
779;2
780;0
781;0
782;0
783;2
784;1
785;0
786;0
787;0
788;0
789;0
790;2
791;2
792;1
793;0
794;0
795;2
796;1
797;2
798;2
799;2
800;2
801;0
802;2
803;0
804;0
805;0
806;0
807;0
808;0
809;2
810;0
811;0
812;1
813;0
814;2
815;1
816;0
817;2
818;0
819;1
820;1
821;0
822;0
823;0
824;1
825;0
826;2
827;2
828;0
829;0
830;0
831;0
832;0
833;0
834;2
835;2
836;2
837;0
838;0
839;1
840;0
841;0
842;1
843;0
844;2
845;0
846;2
847;2
848;1
849;0
850;2
851;0
852;1
853;2
854;0
855;0
856;0
857;2
858;0
859;2
860;0
861;0
862;2
863;2
864;2
865;0
866;0
867;2
868;2
869;0
870;0
871;2
872;0
873;0
874;0
875;0
876;0
877;0
878;2
879;2
880;1
881;0
882;0
883;0
884;0
885;0
886;0
887;0
888;1
889;0
890;0
891;0
892;2
893;2
894;0
895;2
896;2
897;0
898;2
899;0
900;2
901;1
902;0
903;2
904;2
905;0
906;1
907;0
908;1
909;0
910;0
911;0
912;0
913;2
914;2
915;0
916;0
917;0
918;0
919;1
920;1
921;0
922;0
923;2
924;1
925;0
926;0
927;0
928;0
929;2
930;0
931;0
932;0
933;1
934;0
935;0
936;0
937;0
938;1
939;0
940;0
941;1
942;0
943;1
944;0
945;0
946;0
947;0
948;0
949;2
950;2
951;2
952;2
953;0
954;0
955;0
956;2
957;0
958;0
959;0
960;2
961;2
962;0
963;0
964;0
965;0
966;0
967;1
968;0
969;0
970;0
971;0
972;0
973;0
974;0
975;0
976;0
977;0
978;0
979;2
980;1
981;0
982;0
983;0
984;0
985;0
986;0
987;0
988;0
989;2
990;1
991;0
992;0
993;2
994;1
995;0
996;0
997;1
998;0
999;0
1000;0
1001;0
1002;0
1003;1
1004;0
1005;2
1006;0
1007;0
1008;1
1009;0
1010;0
1011;2
1012;0
1013;0
1014;1
1015;0
1016;0
1017;0
1018;0
1019;0
1020;0
1021;0
1022;0
1023;0
