0;1
1;0
2;0
3;2
4;4
5;0
6;2
7;2
8;0
9;0
10;2
11;0
12;1
13;0
14;0
15;0
16;0
17;0
18;0
19;0
20;0
21;1
22;0
23;0
24;0
25;1
26;0
27;1
28;0
29;1
30;0
31;0
32;2
33;0
34;0
35;2
36;2
37;2
38;0
39;2
40;0
41;0
42;0
43;0
44;1
45;0
46;0
47;0
48;0
49;0
50;0
51;0
52;1
53;0
54;2
55;1
56;0
57;0
58;1
59;0
60;2
61;0
62;0
63;0
64;0
65;0
66;0
67;2
68;0
69;0
70;1
71;0
72;1
73;0
74;0
75;0
76;2
77;0
78;0
79;0
80;1
81;1
82;0
83;0
84;2
85;0
86;0
87;0
88;1
89;0
90;0
91;2
92;4
93;0
94;0
95;0
96;2
97;1
98;0
99;0
100;2
101;0
102;0
103;0
104;0
105;0
106;1
107;0
108;0
109;1
110;0
111;0
112;0
113;0
114;0
115;0
116;1
117;0
118;2
119;0
120;0
121;0
122;1
123;0
124;2
125;2
126;0
127;0
128;2
129;0
130;0
131;0
132;0
133;0
134;0
135;0
136;0
137;2
138;2
139;1
140;2
141;2
142;0
143;0
144;0
145;0
146;1
147;0
148;1
149;0
150;0
151;0
152;4
153;0
154;2
155;2
156;2
157;0
158;2
159;0
160;2
161;2
162;0
163;0
164;1
165;0
166;0
167;0
168;2
169;0
170;0
171;0
172;0
173;0
174;0
175;0
176;1
177;2
178;2
179;0
180;2
181;0
182;0
183;0
184;1
185;1
186;1
187;1
188;2
189;0
190;0
191;0
192;0
193;0
194;0
195;0
196;0
197;2
198;0
199;2
200;0
201;2
202;0
203;2
204;2
205;0
206;0
207;2
208;0
209;0
210;0
211;0
212;0
213;0
214;0
215;2
216;1
217;0
218;0
219;0
220;2
221;0
222;0
223;0
224;0
225;2
226;0
227;0
228;2
229;2
230;2
231;2
232;2
233;0
234;0
235;0
236;1
237;0
238;0
239;1
240;2
241;2
242;2
243;0
244;2
245;1
246;0
247;1
248;2
249;0
250;0
251;0
252;0
253;0
254;0
255;0
256;2
257;0
258;0
259;1
260;0
261;0
262;2
263;2
264;0
265;0
266;1
267;0
268;2
269;0
270;0
271;0
272;4
273;0
274;0
275;0
276;0
277;0
278;0
279;0
280;1
281;2
282;1
283;0
284;1
285;0
286;0
287;0
288;0
289;0
290;0
291;0
292;0
293;0
294;0
295;0
296;1
297;0
298;0
299;2
300;0
301;0
302;1
303;0
304;0
305;0
306;1
307;2
308;2
309;0
310;2
311;0
312;0
313;2
314;2
315;0
316;0
317;0
318;0
319;0
320;0
321;0
322;0
323;1
324;0
325;2
326;0
327;0
328;0
329;2
330;1
331;2
332;4
333;0
334;0
335;0
336;2
337;2
338;2
339;2
340;2
341;0
342;0
343;0
344;0
345;0
346;0
347;0
348;2
349;2
350;0
351;2
352;0
353;2
354;2
355;2
356;0
357;0
358;2
359;0
360;0
361;2
362;0
363;1
364;0
365;0
366;0
367;0
368;0
369;0
370;0
371;0
372;2
373;1
374;0
375;1
376;0
377;0
378;0
379;0
380;0
381;2
382;2
383;2
384;2
385;0
386;0
387;0
388;1
389;0
390;0
391;0
392;2
393;0
394;1
395;0
396;0
397;0
398;0
399;0
400;4
401;0
402;0
403;0
404;1
405;0
406;0
407;0
408;2
409;2
410;2
411;2
412;2
413;0
414;0
415;0
416;0
417;0
418;0
419;2
420;0
421;0
422;0
423;2
424;2
425;0
426;2
427;1
428;0
429;0
430;2
431;0
432;2
433;2
434;0
435;2
436;2
437;0
438;0
439;0
440;2
441;1
442;2
443;1
444;0
445;1
446;0
447;0
448;1
449;0
450;0
451;2
452;1
453;0
454;0
455;0
456;2
457;2
458;0
459;2
460;1
461;2
462;1
463;2
464;1
465;0
466;0
467;0
468;1
469;0
470;0
471;0
472;0
473;0
474;0
475;0
476;1
477;2
478;2
479;0
480;2
481;0
482;0
483;0
484;0
485;0
486;0
487;2
488;2
489;0
490;0
491;0
492;2
493;0
494;0
495;2
496;1
497;0
498;0
499;0
500;2
501;2
502;2
503;2
504;0
505;2
506;1
507;0
508;2
509;2
510;1
511;1
512;0
513;0
514;0
515;0
516;0
517;2
518;2
519;0
520;2
521;2
522;0
523;0
524;2
525;2
526;2
527;1
528;2
529;0
530;2
531;0
532;4
533;1
534;0
535;2
536;2
537;0
538;0
539;0
540;2
541;1
542;2
543;0
544;0
545;0
546;0
547;2
548;0
549;0
550;0
551;2
552;0
553;2
554;1
555;0
556;0
557;0
558;1
559;0
560;0
561;0
562;1
563;0
564;1
565;0
566;4
567;1
568;0
569;2
570;2
571;0
572;0
573;2
574;2
575;1
576;0
577;0
578;0
579;0
580;0
581;0
582;0
583;2
584;1
585;2
586;0
587;0
588;2
589;1
590;2
591;2
592;2
593;0
594;0
595;0
596;1
597;1
598;0
599;0
600;0
601;2
602;2
603;2
604;1
605;0
606;0
607;2
608;4
609;0
610;2
611;2
612;2
613;0
614;0
615;0
616;1
617;2
618;0
619;0
620;2
621;1
622;0
623;2
624;2
625;0
626;1
627;0
628;2
629;0
630;1
631;0
632;0
633;0
634;1
635;0
636;0
637;1
638;1
639;0
640;0
641;0
642;0
643;0
644;2
645;0
646;0
647;0
648;4
649;0
650;0
651;0
652;0
653;0
654;0
655;0
656;4
657;0
658;2
659;0
660;0
661;0
662;0
663;0
664;2
665;0
666;0
667;0
668;0
669;1
670;0
671;0
672;2
673;1
674;0
675;0
676;0
677;0
678;2
679;2
680;2
681;0
682;0
683;2
684;0
685;0
686;0
687;0
688;1
689;0
690;0
691;1
692;2
693;0
694;2
695;0
696;2
697;0
698;2
699;2
700;0
701;2
702;0
703;2
704;4
705;0
706;0
707;0
708;4
709;0
710;0
711;0
712;2
713;0
714;0
715;0
716;1
717;0
718;2
719;0
720;2
721;0
722;0
723;0
724;2
725;2
726;2
727;0
728;0
729;0
730;2
731;2
732;0
733;2
734;0
735;0
736;4
737;0
738;0
739;0
740;2
741;0
742;0
743;2
744;2
745;2
746;2
747;0
748;1
749;0
750;0
751;0
752;0
753;2
754;0
755;0
756;0
757;0
758;0
759;1
760;0
761;0
762;0
763;2
764;1
765;0
766;0
767;2
768;4
769;0
770;4
771;1
772;0
773;0
774;2
775;0
776;2
777;2
778;1
779;0
780;0
781;0
782;0
783;0
784;1
785;0
786;0
787;0
788;0
789;2
790;2
791;2
792;2
793;0
794;0
795;2
796;1
797;1
798;1
799;0
800;0
801;0
802;0
803;0
804;0
805;0
806;0
807;0
808;2
809;2
810;0
811;0
812;0
813;0
814;2
815;1
816;0
817;0
818;0
819;0
820;0
821;0
822;0
823;0
824;1
825;0
826;1
827;0
828;4
829;0
830;0
831;0
832;0
833;2
834;2
835;2
836;2
837;0
838;1
839;0
840;0
841;0
842;2
843;4
844;2
845;0
846;1
847;0
848;1
849;0
850;2
851;2
852;1
853;0
854;0
855;0
856;0
857;2
858;0
859;2
860;0
861;0
862;2
863;2
864;2
865;0
866;0
867;2
868;0
869;0
870;0
871;0
872;0
873;0
874;0
875;0
876;0
877;2
878;2
879;2
880;1
881;0
882;2
883;0
884;0
885;0
886;1
887;0
888;1
889;0
890;0
891;0
892;2
893;2
894;2
895;2
896;2
897;0
898;2
899;1
900;2
901;2
902;1
903;0
904;1
905;0
906;2
907;1
908;1
909;0
910;0
911;0
912;4
913;0
914;2
915;1
916;0
917;0
918;2
919;0
920;2
921;0
922;0
923;0
924;0
925;0
926;1
927;0
928;0
929;0
930;0
931;0
932;0
933;2
934;0
935;0
936;0
937;1
938;0
939;0
940;1
941;0
942;0
943;0
944;1
945;0
946;0
947;2
948;2
949;0
950;2
951;0
952;2
953;0
954;0
955;2
956;2
957;1
958;0
959;2
960;2
961;2
962;0
963;0
964;0
965;1
966;0
967;0
968;1
969;0
970;0
971;1
972;0
973;0
974;0
975;0
976;0
977;0
978;2
979;2
980;2
981;0
982;0
983;0
984;1
985;0
986;0
987;2
988;1
989;0
990;0
991;0
992;0
993;0
994;0
995;1
996;0
997;0
998;0
999;0
1000;0
1001;0
1002;0
1003;0
1004;0
1005;0
1006;0
1007;2
1008;2
1009;0
1010;0
1011;0
1012;0
1013;0
1014;0
1015;0
1016;0
1017;0
1018;0
1019;0
1020;0
1021;0
1022;0
1023;0
