0;1
1;0
2;0
3;2
4;4
5;0
6;2
7;2
8;2
9;0
10;2
11;0
12;1
13;0
14;0
15;0
16;0
17;0
18;0
19;0
20;2
21;1
22;0
23;0
24;0
25;0
26;2
27;2
28;0
29;0
30;0
31;0
32;2
33;0
34;0
35;0
36;2
37;2
38;0
39;2
40;0
41;0
42;0
43;0
44;1
45;0
46;0
47;0
48;0
49;0
50;0
51;2
52;1
53;0
54;2
55;2
56;2
57;1
58;1
59;0
60;2
61;0
62;0
63;0
64;0
65;0
66;0
67;2
68;0
69;0
70;1
71;0
72;0
73;0
74;0
75;0
76;1
77;0
78;0
79;0
80;1
81;0
82;0
83;0
84;2
85;0
86;0
87;0
88;0
89;0
90;0
91;0
92;1
93;0
94;0
95;0
96;2
97;0
98;0
99;0
100;1
101;0
102;1
103;0
104;1
105;0
106;1
107;0
108;0
109;0
110;0
111;0
112;1
113;0
114;0
115;1
116;0
117;0
118;0
119;2
120;4
121;0
122;2
123;2
124;1
125;0
126;2
127;0
128;2
129;0
130;0
131;0
132;2
133;0
134;1
135;0
136;0
137;0
138;0
139;0
140;1
141;0
142;0
143;0
144;0
145;0
146;0
147;0
148;2
149;2
150;0
151;0
152;2
153;0
154;0
155;0
156;0
157;2
158;0
159;2
160;0
161;2
162;0
163;0
164;0
165;0
166;0
167;0
168;2
169;2
170;2
171;0
172;2
173;2
174;2
175;0
176;0
177;0
178;0
179;0
180;0
181;0
182;2
183;1
184;1
185;0
186;0
187;2
188;4
189;0
190;2
191;2
192;2
193;0
194;2
195;0
196;2
197;4
198;0
199;1
200;0
201;0
202;2
203;0
204;0
205;2
206;2
207;2
208;2
209;0
210;2
211;0
212;0
213;0
214;0
215;1
216;0
217;0
218;0
219;0
220;1
221;0
222;0
223;0
224;0
225;0
226;0
227;2
228;1
229;0
230;2
231;0
232;1
233;0
234;0
235;0
236;0
237;0
238;0
239;0
240;1
241;0
242;2
243;1
244;0
245;0
246;0
247;0
248;0
249;0
250;0
251;0
252;2
253;0
254;2
255;2
256;2
257;2
258;0
259;0
260;2
261;0
262;2
263;0
264;0
265;0
266;0
267;0
268;2
269;0
270;0
271;1
272;2
273;0
274;2
275;2
276;0
277;0
278;1
279;0
280;2
281;1
282;0
283;0
284;0
285;0
286;0
287;0
288;0
289;0
290;0
291;0
292;1
293;0
294;0
295;0
296;1
297;0
298;0
299;0
300;1
301;0
302;0
303;2
304;1
305;0
306;0
307;1
308;1
309;0
310;2
311;2
312;2
313;0
314;2
315;0
316;2
317;0
318;2
319;1
320;0
321;0
322;1
323;0
324;0
325;0
326;1
327;0
328;0
329;0
330;0
331;0
332;0
333;0
334;0
335;0
336;1
337;1
338;1
339;0
340;1
341;0
342;0
343;0
344;0
345;1
346;0
347;0
348;0
349;0
350;0
351;0
352;0
353;1
354;0
355;0
356;0
357;0
358;2
359;2
360;0
361;1
362;1
363;0
364;0
365;0
366;2
367;2
368;2
369;0
370;0
371;0
372;2
373;1
374;0
375;0
376;2
377;0
378;0
379;2
380;0
381;1
382;0
383;0
384;2
385;2
386;2
387;0
388;0
389;2
390;2
391;2
392;0
393;0
394;2
395;0
396;2
397;2
398;0
399;1
400;0
401;0
402;0
403;0
404;0
405;0
406;0
407;0
408;2
409;2
410;1
411;0
412;0
413;1
414;0
415;0
416;2
417;2
418;2
419;2
420;2
421;0
422;0
423;0
424;1
425;0
426;2
427;2
428;4
429;0
430;1
431;1
432;0
433;0
434;1
435;0
436;4
437;0
438;0
439;0
440;0
441;0
442;1
443;0
444;1
445;0
446;2
447;2
448;1
449;2
450;0
451;0
452;0
453;0
454;1
455;1
456;2
457;0
458;1
459;0
460;2
461;0
462;0
463;0
464;0
465;2
466;1
467;0
468;1
469;0
470;1
471;2
472;2
473;0
474;0
475;0
476;1
477;0
478;2
479;2
480;2
481;0
482;0
483;0
484;1
485;0
486;0
487;1
488;0
489;2
490;1
491;2
492;1
493;0
494;0
495;0
496;4
497;2
498;0
499;0
500;0
501;0
502;0
503;0
504;2
505;2
506;2
507;0
508;2
509;0
510;0
511;0
512;0
513;0
514;0
515;2
516;2
517;0
518;0
519;0
520;2
521;0
522;0
523;2
524;1
525;0
526;0
527;0
528;2
529;2
530;2
531;2
532;0
533;2
534;0
535;0
536;0
537;2
538;1
539;1
540;2
541;0
542;0
543;0
544;2
545;4
546;2
547;2
548;2
549;2
550;0
551;0
552;0
553;2
554;1
555;0
556;1
557;0
558;2
559;2
560;2
561;0
562;0
563;2
564;2
565;0
566;2
567;2
568;4
569;0
570;0
571;0
572;2
573;0
574;0
575;2
576;2
577;2
578;1
579;0
580;2
581;1
582;0
583;0
584;2
585;0
586;2
587;0
588;0
589;0
590;0
591;2
592;0
593;0
594;1
595;0
596;0
597;1
598;0
599;0
600;1
601;0
602;2
603;2
604;1
605;0
606;0
607;0
608;2
609;0
610;2
611;2
612;2
613;0
614;2
615;0
616;0
617;0
618;1
619;0
620;0
621;1
622;0
623;0
624;0
625;2
626;2
627;1
628;0
629;2
630;0
631;0
632;0
633;0
634;0
635;0
636;0
637;0
638;0
639;0
640;0
641;2
642;0
643;0
644;2
645;1
646;0
647;0
648;2
649;0
650;0
651;0
652;1
653;1
654;0
655;0
656;0
657;0
658;0
659;0
660;0
661;0
662;0
663;0
664;2
665;1
666;0
667;2
668;2
669;0
670;1
671;0
672;2
673;0
674;1
675;2
676;0
677;0
678;0
679;0
680;0
681;1
682;1
683;0
684;2
685;0
686;0
687;0
688;2
689;0
690;0
691;0
692;2
693;0
694;0
695;0
696;0
697;0
698;0
699;0
700;0
701;0
702;0
703;0
704;0
705;0
706;0
707;2
708;1
709;0
710;0
711;0
712;2
713;0
714;2
715;0
716;2
717;0
718;2
719;0
720;2
721;1
722;0
723;0
724;2
725;1
726;1
727;0
728;0
729;2
730;2
731;0
732;0
733;0
734;0
735;2
736;0
737;0
738;0
739;0
740;1
741;0
742;0
743;2
744;0
745;0
746;2
747;0
748;1
749;0
750;0
751;1
752;0
753;0
754;0
755;2
756;2
757;0
758;2
759;2
760;2
761;0
762;2
763;0
764;1
765;0
766;0
767;2
768;0
769;0
770;0
771;0
772;0
773;0
774;0
775;0
776;2
777;0
778;0
779;0
780;1
781;2
782;1
783;0
784;2
785;0
786;0
787;0
788;2
789;2
790;2
791;0
792;0
793;0
794;2
795;2
796;0
797;2
798;0
799;0
800;0
801;0
802;0
803;0
804;0
805;0
806;2
807;2
808;2
809;2
810;2
811;0
812;1
813;0
814;2
815;0
816;0
817;2
818;0
819;0
820;0
821;0
822;0
823;1
824;0
825;2
826;0
827;0
828;0
829;0
830;0
831;0
832;1
833;0
834;0
835;0
836;0
837;2
838;2
839;2
840;2
841;2
842;0
843;2
844;1
845;1
846;0
847;0
848;0
849;0
850;0
851;0
852;0
853;0
854;0
855;2
856;0
857;2
858;0
859;0
860;1
861;0
862;0
863;1
864;0
865;0
866;0
867;0
868;0
869;0
870;0
871;0
872;1
873;0
874;0
875;1
876;0
877;0
878;0
879;0
880;0
881;2
882;2
883;1
884;0
885;0
886;0
887;0
888;0
889;0
890;0
891;2
892;2
893;0
894;2
895;2
896;1
897;0
898;0
899;2
900;1
901;1
902;0
903;1
904;1
905;0
906;0
907;2
908;0
909;0
910;0
911;2
912;2
913;0
914;0
915;2
916;0
917;0
918;0
919;0
920;2
921;0
922;0
923;0
924;0
925;2
926;2
927;1
928;0
929;0
930;2
931;1
932;0
933;0
934;1
935;0
936;0
937;0
938;0
939;2
940;2
941;1
942;0
943;0
944;1
945;0
946;2
947;0
948;2
949;1
950;0
951;0
952;0
953;0
954;0
955;0
956;0
957;0
958;0
959;0
960;0
961;2
962;2
963;0
964;0
965;0
966;0
967;1
968;1
969;0
970;0
971;2
972;1
973;0
974;1
975;0
976;0
977;2
978;2
979;0
980;0
981;1
982;0
983;1
984;0
985;1
986;0
987;0
988;1
989;1
990;0
991;1
992;0
993;0
994;0
995;0
996;0
997;2
998;2
999;2
1000;2
1001;0
1002;0
1003;0
1004;0
1005;0
1006;0
1007;0
1008;1
1009;0
1010;0
1011;0
1012;0
1013;0
1014;0
1015;1
1016;0
1017;0
1018;0
1019;0
1020;0
1021;0
1022;0
1023;0
