0;1
1;0
2;0
3;0
4;4
5;0
6;1
7;0
8;2
9;0
10;2
11;0
12;1
13;0
14;0
15;0
16;0
17;2
18;2
19;0
20;2
21;1
22;0
23;0
24;0
25;0
26;1
27;0
28;2
29;0
30;2
31;0
32;2
33;0
34;0
35;0
36;2
37;2
38;0
39;2
40;0
41;0
42;0
43;0
44;1
45;0
46;0
47;0
48;2
49;0
50;0
51;2
52;1
53;0
54;2
55;2
56;2
57;0
58;0
59;2
60;1
61;1
62;0
63;1
64;0
65;0
66;2
67;0
68;1
69;0
70;1
71;0
72;0
73;0
74;0
75;0
76;0
77;0
78;0
79;0
80;0
81;0
82;1
83;0
84;0
85;0
86;0
87;2
88;1
89;2
90;0
91;0
92;1
93;0
94;0
95;0
96;1
97;0
98;2
99;0
100;2
101;2
102;0
103;0
104;0
105;0
106;0
107;0
108;1
109;0
110;2
111;0
112;0
113;1
114;2
115;0
116;0
117;0
118;1
119;0
120;0
121;0
122;2
123;0
124;0
125;0
126;0
127;0
128;0
129;2
130;2
131;2
132;2
133;0
134;0
135;0
136;0
137;0
138;0
139;0
140;2
141;0
142;0
143;0
144;0
145;0
146;2
147;0
148;1
149;2
150;0
151;0
152;1
153;0
154;2
155;0
156;0
157;2
158;0
159;0
160;0
161;2
162;0
163;0
164;0
165;0
166;0
167;0
168;2
169;0
170;2
171;0
172;2
173;0
174;0
175;0
176;2
177;0
178;0
179;0
180;0
181;0
182;2
183;0
184;2
185;1
186;1
187;1
188;2
189;0
190;0
191;0
192;1
193;0
194;0
195;0
196;0
197;0
198;2
199;2
200;0
201;2
202;1
203;2
204;2
205;0
206;0
207;2
208;0
209;0
210;0
211;0
212;0
213;0
214;1
215;2
216;1
217;0
218;2
219;0
220;0
221;0
222;0
223;0
224;0
225;2
226;0
227;0
228;0
229;2
230;1
231;2
232;0
233;0
234;0
235;2
236;1
237;0
238;0
239;0
240;2
241;0
242;0
243;2
244;1
245;0
246;0
247;0
248;2
249;0
250;0
251;1
252;0
253;0
254;1
255;0
256;1
257;0
258;0
259;2
260;4
261;0
262;2
263;0
264;2
265;0
266;2
267;0
268;2
269;0
270;0
271;0
272;1
273;0
274;2
275;0
276;1
277;0
278;0
279;0
280;0
281;0
282;2
283;0
284;1
285;0
286;2
287;0
288;2
289;0
290;0
291;0
292;0
293;0
294;2
295;0
296;0
297;2
298;2
299;0
300;0
301;0
302;0
303;0
304;2
305;0
306;0
307;0
308;0
309;0
310;0
311;0
312;1
313;0
314;0
315;2
316;0
317;0
318;0
319;0
320;0
321;0
322;0
323;1
324;2
325;0
326;0
327;0
328;0
329;0
330;0
331;2
332;1
333;0
334;0
335;2
336;2
337;0
338;0
339;1
340;0
341;0
342;2
343;0
344;2
345;0
346;0
347;0
348;0
349;1
350;0
351;0
352;0
353;0
354;2
355;2
356;2
357;0
358;1
359;0
360;0
361;2
362;2
363;2
364;2
365;0
366;0
367;0
368;2
369;2
370;2
371;1
372;0
373;0
374;0
375;0
376;0
377;0
378;0
379;0
380;2
381;2
382;0
383;0
384;0
385;2
386;2
387;2
388;0
389;0
390;0
391;0
392;2
393;2
394;0
395;1
396;1
397;0
398;0
399;0
400;0
401;0
402;0
403;0
404;2
405;0
406;1
407;0
408;0
409;1
410;0
411;1
412;2
413;2
414;2
415;0
416;2
417;0
418;0
419;0
420;0
421;0
422;0
423;2
424;1
425;0
426;0
427;1
428;0
429;0
430;0
431;0
432;2
433;0
434;0
435;1
436;2
437;0
438;0
439;0
440;2
441;2
442;2
443;2
444;1
445;2
446;0
447;0
448;0
449;0
450;0
451;2
452;2
453;0
454;0
455;2
456;1
457;0
458;2
459;0
460;0
461;2
462;2
463;2
464;1
465;0
466;1
467;0
468;2
469;0
470;1
471;1
472;0
473;0
474;1
475;2
476;0
477;0
478;0
479;0
480;2
481;2
482;2
483;0
484;0
485;2
486;0
487;0
488;1
489;2
490;0
491;0
492;0
493;2
494;0
495;0
496;0
497;2
498;2
499;0
500;2
501;2
502;2
503;0
504;2
505;0
506;0
507;0
508;0
509;0
510;0
511;2
512;2
513;0
514;0
515;0
516;2
517;0
518;0
519;0
520;1
521;0
522;2
523;0
524;1
525;1
526;0
527;2
528;1
529;0
530;0
531;1
532;1
533;0
534;0
535;0
536;1
537;0
538;0
539;0
540;1
541;0
542;0
543;0
544;0
545;2
546;1
547;0
548;1
549;0
550;0
551;2
552;0
553;0
554;0
555;0
556;0
557;1
558;0
559;0
560;1
561;2
562;1
563;0
564;2
565;2
566;1
567;1
568;1
569;0
570;2
571;2
572;2
573;1
574;0
575;1
576;0
577;0
578;2
579;0
580;2
581;2
582;0
583;0
584;0
585;0
586;0
587;0
588;0
589;0
590;0
591;0
592;0
593;1
594;0
595;0
596;2
597;2
598;1
599;0
600;0
601;0
602;1
603;0
604;1
605;0
606;0
607;0
608;1
609;2
610;2
611;1
612;0
613;1
614;0
615;2
616;1
617;0
618;2
619;0
620;1
621;0
622;0
623;2
624;4
625;0
626;1
627;2
628;2
629;0
630;2
631;0
632;2
633;0
634;0
635;0
636;0
637;1
638;0
639;2
640;1
641;0
642;0
643;1
644;0
645;1
646;0
647;0
648;1
649;1
650;0
651;1
652;0
653;1
654;0
655;0
656;0
657;0
658;0
659;0
660;1
661;0
662;2
663;2
664;0
665;0
666;1
667;0
668;0
669;0
670;1
671;2
672;1
673;0
674;0
675;0
676;0
677;1
678;0
679;2
680;0
681;0
682;2
683;0
684;2
685;0
686;0
687;0
688;1
689;0
690;0
691;0
692;0
693;0
694;1
695;2
696;2
697;0
698;2
699;0
700;0
701;0
702;2
703;0
704;0
705;0
706;2
707;0
708;2
709;1
710;1
711;1
712;1
713;1
714;2
715;0
716;0
717;1
718;0
719;1
720;1
721;0
722;0
723;2
724;0
725;0
726;1
727;2
728;1
729;0
730;0
731;0
732;2
733;0
734;2
735;0
736;2
737;0
738;2
739;0
740;0
741;2
742;2
743;2
744;1
745;0
746;2
747;0
748;0
749;0
750;2
751;0
752;0
753;0
754;1
755;0
756;1
757;0
758;1
759;0
760;1
761;0
762;0
763;0
764;2
765;0
766;2
767;0
768;2
769;0
770;0
771;2
772;0
773;0
774;1
775;0
776;1
777;0
778;0
779;2
780;2
781;0
782;2
783;2
784;2
785;0
786;2
787;2
788;1
789;0
790;0
791;0
792;0
793;0
794;0
795;0
796;0
797;2
798;2
799;1
800;0
801;0
802;0
803;0
804;0
805;2
806;1
807;0
808;0
809;0
810;2
811;0
812;0
813;2
814;0
815;0
816;0
817;0
818;0
819;1
820;0
821;0
822;0
823;0
824;0
825;0
826;1
827;0
828;2
829;0
830;0
831;2
832;1
833;1
834;0
835;0
836;1
837;0
838;0
839;0
840;0
841;0
842;0
843;0
844;0
845;2
846;0
847;0
848;1
849;0
850;2
851;0
852;0
853;0
854;2
855;0
856;1
857;0
858;0
859;0
860;2
861;0
862;2
863;1
864;1
865;0
866;0
867;0
868;0
869;1
870;0
871;2
872;2
873;0
874;1
875;0
876;0
877;0
878;2
879;2
880;2
881;0
882;2
883;0
884;1
885;0
886;1
887;0
888;1
889;0
890;0
891;0
892;0
893;0
894;0
895;2
896;0
897;0
898;0
899;1
900;0
901;0
902;0
903;1
904;0
905;0
906;0
907;2
908;1
909;0
910;0
911;0
912;0
913;2
914;1
915;0
916;1
917;0
918;0
919;1
920;0
921;0
922;1
923;0
924;0
925;0
926;0
927;2
928;2
929;1
930;0
931;1
932;0
933;0
934;0
935;0
936;2
937;2
938;2
939;1
940;0
941;0
942;2
943;0
944;1
945;0
946;2
947;2
948;2
949;0
950;0
951;2
952;2
953;0
954;2
955;2
956;4
957;0
958;0
959;0
960;0
961;0
962;1
963;2
964;2
965;2
966;2
967;0
968;0
969;2
970;0
971;1
972;1
973;0
974;0
975;2
976;1
977;0
978;0
979;1
980;0
981;2
982;2
983;0
984;0
985;1
986;0
987;0
988;0
989;2
990;2
991;0
992;0
993;0
994;2
995;0
996;0
997;0
998;0
999;0
1000;2
1001;2
1002;0
1003;0
1004;2
1005;0
1006;0
1007;0
1008;0
1009;0
1010;0
1011;0
1012;1
1013;1
1014;1
1015;0
1016;0
1017;0
1018;0
1019;0
1020;0
1021;0
1022;0
1023;0
