0;0
1;0
2;0
3;2
4;1
5;0
6;2
7;1
8;0
9;1
10;0
11;0
12;1
13;0
14;2
15;0
16;0
17;0
18;0
19;0
20;1
21;1
22;0
23;0
24;0
25;2
26;2
27;2
28;2
29;0
30;0
31;0
32;2
33;0
34;0
35;0
36;2
37;2
38;2
39;2
40;2
41;0
42;0
43;0
44;1
45;2
46;0
47;0
48;0
49;0
50;0
51;2
52;2
53;0
54;2
55;2
56;2
57;0
58;1
59;0
60;2
61;0
62;0
63;0
64;0
65;2
66;0
67;0
68;0
69;0
70;1
71;0
72;0
73;0
74;0
75;0
76;0
77;0
78;0
79;0
80;1
81;0
82;0
83;0
84;2
85;0
86;0
87;0
88;0
89;0
90;0
91;0
92;0
93;0
94;0
95;0
96;2
97;1
98;0
99;0
100;0
101;1
102;1
103;0
104;1
105;0
106;0
107;0
108;0
109;0
110;0
111;0
112;2
113;0
114;0
115;0
116;0
117;0
118;2
119;0
120;0
121;1
122;0
123;0
124;2
125;2
126;0
127;2
128;4
129;0
130;0
131;0
132;0
133;0
134;0
135;0
136;2
137;2
138;0
139;0
140;1
141;0
142;0
143;2
144;0
145;0
146;0
147;1
148;1
149;0
150;0
151;0
152;2
153;0
154;2
155;1
156;2
157;0
158;2
159;0
160;2
161;0
162;0
163;0
164;0
165;0
166;0
167;0
168;2
169;0
170;0
171;0
172;0
173;0
174;0
175;0
176;0
177;0
178;2
179;0
180;2
181;0
182;0
183;0
184;1
185;1
186;1
187;0
188;1
189;0
190;1
191;0
192;2
193;0
194;0
195;0
196;0
197;2
198;2
199;2
200;0
201;0
202;1
203;2
204;0
205;0
206;0
207;1
208;0
209;0
210;0
211;0
212;0
213;0
214;0
215;2
216;1
217;0
218;2
219;0
220;0
221;0
222;0
223;0
224;0
225;0
226;0
227;1
228;0
229;2
230;2
231;1
232;0
233;0
234;0
235;0
236;1
237;0
238;1
239;0
240;2
241;0
242;0
243;0
244;2
245;1
246;0
247;0
248;2
249;0
250;0
251;0
252;0
253;2
254;0
255;0
256;1
257;0
258;0
259;1
260;0
261;0
262;2
263;0
264;1
265;0
266;0
267;0
268;2
269;0
270;0
271;2
272;4
273;0
274;0
275;2
276;0
277;0
278;0
279;0
280;2
281;2
282;1
283;0
284;1
285;0
286;0
287;0
288;2
289;0
290;2
291;0
292;0
293;0
294;0
295;0
296;1
297;0
298;0
299;2
300;0
301;1
302;1
303;0
304;0
305;0
306;1
307;1
308;2
309;0
310;0
311;0
312;0
313;2
314;2
315;0
316;0
317;2
318;0
319;0
320;0
321;0
322;2
323;2
324;2
325;1
326;1
327;0
328;0
329;0
330;1
331;0
332;4
333;0
334;0
335;0
336;2
337;1
338;0
339;0
340;1
341;1
342;0
343;0
344;1
345;0
346;0
347;0
348;2
349;2
350;0
351;1
352;0
353;2
354;1
355;0
356;0
357;0
358;2
359;0
360;2
361;2
362;0
363;0
364;0
365;0
366;0
367;0
368;0
369;0
370;0
371;0
372;2
373;2
374;1
375;1
376;0
377;1
378;0
379;2
380;0
381;0
382;2
383;1
384;0
385;0
386;0
387;0
388;1
389;0
390;0
391;2
392;4
393;0
394;0
395;0
396;0
397;0
398;0
399;0
400;2
401;0
402;0
403;1
404;0
405;0
406;0
407;0
408;0
409;0
410;0
411;0
412;1
413;2
414;0
415;0
416;0
417;1
418;0
419;0
420;1
421;0
422;0
423;2
424;2
425;0
426;0
427;1
428;0
429;0
430;2
431;0
432;2
433;2
434;0
435;2
436;0
437;0
438;0
439;0
440;2
441;0
442;2
443;0
444;1
445;0
446;0
447;0
448;0
449;0
450;1
451;2
452;1
453;1
454;0
455;0
456;0
457;2
458;2
459;2
460;2
461;2
462;1
463;0
464;1
465;0
466;0
467;0
468;4
469;2
470;0
471;0
472;0
473;0
474;0
475;0
476;2
477;2
478;2
479;0
480;2
481;0
482;0
483;0
484;0
485;0
486;0
487;1
488;0
489;0
490;2
491;0
492;2
493;0
494;0
495;0
496;1
497;0
498;0
499;0
500;0
501;1
502;0
503;2
504;0
505;0
506;2
507;0
508;1
509;0
510;0
511;2
512;2
513;0
514;0
515;0
516;0
517;0
518;2
519;0
520;2
521;2
522;0
523;0
524;1
525;2
526;1
527;1
528;1
529;0
530;2
531;2
532;1
533;0
534;2
535;2
536;2
537;0
538;0
539;0
540;2
541;1
542;2
543;0
544;0
545;0
546;0
547;1
548;0
549;0
550;0
551;0
552;0
553;2
554;2
555;2
556;2
557;2
558;1
559;0
560;0
561;0
562;1
563;1
564;1
565;0
566;0
567;0
568;0
569;2
570;2
571;2
572;2
573;2
574;0
575;0
576;0
577;0
578;0
579;0
580;2
581;0
582;0
583;0
584;0
585;0
586;0
587;0
588;2
589;1
590;1
591;0
592;1
593;0
594;0
595;1
596;0
597;0
598;0
599;0
600;0
601;0
602;0
603;2
604;1
605;0
606;0
607;1
608;4
609;0
610;2
611;2
612;2
613;1
614;0
615;0
616;1
617;0
618;0
619;0
620;2
621;2
622;2
623;0
624;2
625;0
626;1
627;0
628;2
629;1
630;0
631;2
632;0
633;0
634;0
635;0
636;1
637;1
638;0
639;0
640;0
641;1
642;0
643;0
644;0
645;0
646;0
647;0
648;0
649;0
650;0
651;0
652;0
653;0
654;1
655;0
656;1
657;0
658;2
659;0
660;0
661;0
662;0
663;0
664;1
665;0
666;0
667;0
668;0
669;1
670;0
671;2
672;4
673;1
674;2
675;0
676;0
677;1
678;0
679;2
680;2
681;0
682;0
683;2
684;0
685;0
686;0
687;0
688;0
689;0
690;0
691;0
692;2
693;0
694;2
695;0
696;2
697;0
698;2
699;2
700;0
701;2
702;1
703;0
704;2
705;0
706;0
707;0
708;0
709;0
710;1
711;0
712;2
713;0
714;0
715;2
716;1
717;2
718;2
719;2
720;2
721;0
722;0
723;0
724;2
725;2
726;2
727;0
728;2
729;0
730;0
731;0
732;0
733;2
734;0
735;0
736;0
737;0
738;0
739;0
740;0
741;1
742;1
743;0
744;0
745;0
746;2
747;1
748;0
749;2
750;0
751;0
752;0
753;2
754;1
755;0
756;0
757;0
758;2
759;0
760;0
761;0
762;2
763;2
764;1
765;0
766;0
767;2
768;4
769;0
770;0
771;2
772;2
773;0
774;0
775;0
776;2
777;2
778;1
779;1
780;2
781;0
782;0
783;0
784;0
785;0
786;0
787;0
788;0
789;2
790;2
791;2
792;2
793;0
794;0
795;2
796;1
797;1
798;0
799;0
800;1
801;0
802;1
803;0
804;0
805;0
806;0
807;2
808;0
809;2
810;2
811;0
812;0
813;0
814;0
815;1
816;0
817;0
818;0
819;1
820;0
821;0
822;1
823;0
824;1
825;0
826;2
827;1
828;1
829;0
830;0
831;0
832;2
833;2
834;2
835;2
836;2
837;0
838;1
839;0
840;0
841;0
842;0
843;2
844;2
845;0
846;1
847;0
848;0
849;0
850;1
851;2
852;1
853;0
854;0
855;0
856;0
857;2
858;0
859;1
860;1
861;0
862;0
863;0
864;0
865;0
866;0
867;2
868;0
869;0
870;2
871;0
872;0
873;0
874;0
875;0
876;0
877;0
878;2
879;2
880;1
881;0
882;0
883;1
884;0
885;0
886;1
887;0
888;0
889;0
890;0
891;0
892;2
893;2
894;1
895;0
896;2
897;0
898;2
899;0
900;2
901;2
902;0
903;2
904;0
905;0
906;1
907;0
908;1
909;0
910;0
911;0
912;1
913;0
914;2
915;2
916;0
917;0
918;2
919;0
920;2
921;0
922;0
923;0
924;0
925;1
926;1
927;0
928;0
929;0
930;0
931;0
932;2
933;2
934;0
935;0
936;0
937;1
938;0
939;0
940;1
941;0
942;0
943;0
944;1
945;0
946;0
947;2
948;0
949;0
950;2
951;1
952;0
953;0
954;2
955;0
956;1
957;0
958;2
959;2
960;2
961;2
962;0
963;0
964;2
965;0
966;1
967;0
968;0
969;0
970;0
971;1
972;0
973;0
974;0
975;2
976;0
977;2
978;1
979;0
980;2
981;0
982;0
983;0
984;0
985;0
986;0
987;0
988;2
989;1
990;0
991;0
992;0
993;0
994;0
995;1
996;0
997;1
998;0
999;0
1000;0
1001;0
1002;0
1003;0
1004;0
1005;0
1006;0
1007;2
1008;2
1009;0
1010;0
1011;0
1012;0
1013;0
1014;0
1015;0
1016;0
1017;0
1018;0
1019;0
1020;0
1021;0
1022;0
1023;0
