0;2
1;0
2;2
3;0
4;4
5;0
6;2
7;2
8;2
9;0
10;0
11;0
12;1
13;0
14;0
15;0
16;0
17;0
18;2
19;0
20;0
21;1
22;0
23;0
24;0
25;2
26;2
27;1
28;2
29;2
30;0
31;0
32;0
33;0
34;0
35;0
36;0
37;2
38;2
39;2
40;0
41;0
42;0
43;0
44;1
45;0
46;0
47;0
48;0
49;0
50;0
51;2
52;2
53;0
54;0
55;1
56;0
57;0
58;0
59;0
60;2
61;0
62;1
63;2
64;0
65;0
66;2
67;0
68;2
69;0
70;0
71;0
72;2
73;0
74;0
75;0
76;0
77;0
78;0
79;0
80;0
81;0
82;1
83;0
84;1
85;0
86;0
87;0
88;2
89;2
90;0
91;0
92;1
93;0
94;0
95;0
96;2
97;0
98;2
99;0
100;0
101;0
102;0
103;0
104;0
105;0
106;0
107;2
108;1
109;0
110;2
111;0
112;1
113;0
114;1
115;0
116;0
117;0
118;0
119;0
120;2
121;0
122;2
123;0
124;2
125;2
126;0
127;0
128;0
129;0
130;2
131;0
132;2
133;0
134;2
135;0
136;2
137;0
138;0
139;0
140;1
141;1
142;0
143;0
144;0
145;0
146;0
147;0
148;2
149;2
150;0
151;0
152;1
153;0
154;2
155;0
156;0
157;0
158;2
159;0
160;0
161;2
162;0
163;0
164;0
165;0
166;0
167;0
168;2
169;0
170;0
171;0
172;2
173;2
174;2
175;0
176;1
177;0
178;0
179;0
180;2
181;0
182;1
183;0
184;1
185;2
186;0
187;0
188;0
189;0
190;0
191;0
192;1
193;0
194;0
195;0
196;0
197;2
198;1
199;0
200;0
201;2
202;2
203;2
204;0
205;0
206;0
207;0
208;0
209;0
210;0
211;0
212;0
213;0
214;0
215;0
216;1
217;0
218;2
219;0
220;2
221;0
222;0
223;0
224;0
225;0
226;0
227;0
228;0
229;1
230;0
231;0
232;2
233;0
234;0
235;0
236;0
237;0
238;0
239;0
240;2
241;0
242;2
243;0
244;2
245;1
246;0
247;0
248;2
249;0
250;0
251;2
252;0
253;0
254;2
255;2
256;1
257;0
258;0
259;2
260;1
261;0
262;2
263;0
264;0
265;0
266;0
267;0
268;2
269;2
270;2
271;2
272;1
273;0
274;0
275;0
276;0
277;0
278;0
279;2
280;0
281;0
282;2
283;0
284;2
285;2
286;2
287;0
288;2
289;0
290;0
291;0
292;0
293;0
294;1
295;0
296;0
297;0
298;0
299;0
300;1
301;0
302;0
303;0
304;2
305;0
306;0
307;0
308;0
309;2
310;0
311;0
312;1
313;0
314;0
315;2
316;0
317;0
318;2
319;2
320;0
321;0
322;1
323;1
324;0
325;0
326;2
327;0
328;1
329;0
330;2
331;1
332;1
333;0
334;0
335;0
336;2
337;0
338;0
339;2
340;2
341;0
342;2
343;0
344;0
345;0
346;0
347;0
348;0
349;1
350;1
351;0
352;0
353;0
354;0
355;0
356;2
357;2
358;0
359;0
360;0
361;2
362;1
363;0
364;0
365;0
366;0
367;0
368;0
369;1
370;0
371;2
372;0
373;1
374;0
375;0
376;0
377;0
378;0
379;0
380;0
381;2
382;0
383;0
384;0
385;2
386;2
387;2
388;0
389;0
390;0
391;0
392;2
393;2
394;0
395;0
396;0
397;0
398;0
399;0
400;0
401;0
402;0
403;0
404;2
405;2
406;1
407;1
408;0
409;2
410;0
411;0
412;2
413;1
414;1
415;0
416;2
417;0
418;0
419;0
420;0
421;0
422;0
423;2
424;2
425;0
426;1
427;0
428;0
429;2
430;0
431;0
432;2
433;0
434;0
435;0
436;2
437;0
438;1
439;2
440;0
441;1
442;0
443;2
444;0
445;2
446;0
447;0
448;0
449;2
450;1
451;0
452;0
453;2
454;2
455;1
456;2
457;0
458;2
459;0
460;0
461;0
462;0
463;0
464;0
465;0
466;2
467;0
468;2
469;0
470;0
471;0
472;0
473;0
474;1
475;2
476;0
477;0
478;4
479;0
480;0
481;0
482;0
483;0
484;2
485;2
486;1
487;0
488;1
489;2
490;0
491;1
492;1
493;0
494;0
495;0
496;2
497;0
498;1
499;2
500;2
501;2
502;2
503;0
504;0
505;0
506;0
507;0
508;0
509;0
510;0
511;2
512;0
513;0
514;0
515;2
516;2
517;2
518;0
519;0
520;0
521;0
522;2
523;2
524;1
525;0
526;0
527;2
528;1
529;1
530;2
531;2
532;0
533;0
534;2
535;0
536;0
537;0
538;1
539;0
540;1
541;0
542;0
543;2
544;2
545;0
546;1
547;0
548;0
549;0
550;0
551;0
552;0
553;0
554;0
555;0
556;0
557;1
558;2
559;0
560;0
561;2
562;0
563;0
564;4
565;1
566;0
567;1
568;2
569;1
570;0
571;2
572;2
573;2
574;2
575;2
576;2
577;0
578;2
579;0
580;0
581;1
582;2
583;0
584;0
585;0
586;0
587;2
588;0
589;0
590;0
591;0
592;0
593;2
594;1
595;0
596;2
597;2
598;2
599;2
600;2
601;0
602;1
603;0
604;0
605;0
606;0
607;0
608;1
609;0
610;0
611;0
612;2
613;2
614;2
615;2
616;1
617;0
618;2
619;0
620;0
621;0
622;0
623;0
624;1
625;0
626;1
627;2
628;2
629;0
630;2
631;0
632;2
633;0
634;0
635;0
636;1
637;1
638;0
639;0
640;1
641;2
642;2
643;2
644;1
645;2
646;0
647;0
648;1
649;1
650;0
651;0
652;0
653;0
654;0
655;0
656;0
657;0
658;0
659;0
660;2
661;2
662;2
663;2
664;2
665;0
666;1
667;0
668;2
669;0
670;2
671;0
672;0
673;0
674;1
675;0
676;0
677;1
678;0
679;0
680;0
681;0
682;0
683;0
684;1
685;0
686;0
687;0
688;0
689;0
690;0
691;0
692;0
693;0
694;2
695;0
696;0
697;0
698;2
699;0
700;0
701;0
702;2
703;0
704;2
705;0
706;0
707;0
708;2
709;1
710;0
711;0
712;4
713;2
714;2
715;0
716;0
717;0
718;2
719;2
720;2
721;2
722;0
723;0
724;0
725;0
726;1
727;0
728;1
729;0
730;0
731;1
732;2
733;0
734;2
735;2
736;2
737;0
738;2
739;0
740;0
741;2
742;2
743;2
744;2
745;0
746;1
747;0
748;2
749;0
750;2
751;0
752;0
753;2
754;2
755;0
756;0
757;0
758;1
759;2
760;2
761;0
762;2
763;0
764;2
765;2
766;2
767;0
768;2
769;2
770;2
771;2
772;0
773;0
774;0
775;0
776;2
777;0
778;0
779;2
780;4
781;0
782;2
783;2
784;1
785;2
786;2
787;0
788;1
789;0
790;0
791;0
792;0
793;0
794;2
795;2
796;1
797;0
798;1
799;2
800;1
801;0
802;0
803;0
804;0
805;2
806;2
807;0
808;0
809;0
810;0
811;0
812;0
813;2
814;0
815;0
816;0
817;2
818;0
819;0
820;0
821;0
822;1
823;2
824;0
825;2
826;1
827;0
828;2
829;0
830;2
831;2
832;2
833;0
834;0
835;1
836;1
837;0
838;0
839;0
840;0
841;0
842;0
843;1
844;0
845;2
846;0
847;0
848;0
849;0
850;2
851;1
852;0
853;0
854;2
855;0
856;1
857;0
858;0
859;1
860;1
861;0
862;2
863;2
864;2
865;2
866;0
867;0
868;0
869;2
870;2
871;1
872;1
873;0
874;0
875;0
876;0
877;0
878;0
879;2
880;2
881;0
882;1
883;0
884;1
885;0
886;0
887;0
888;1
889;0
890;0
891;0
892;0
893;2
894;2
895;2
896;0
897;0
898;1
899;0
900;0
901;0
902;0
903;2
904;0
905;0
906;2
907;0
908;0
909;0
910;0
911;0
912;0
913;2
914;2
915;2
916;1
917;0
918;0
919;0
920;0
921;0
922;1
923;0
924;0
925;0
926;0
927;0
928;2
929;1
930;0
931;1
932;0
933;0
934;2
935;0
936;2
937;1
938;0
939;2
940;2
941;2
942;2
943;0
944;0
945;0
946;1
947;0
948;0
949;0
950;0
951;1
952;0
953;1
954;2
955;2
956;2
957;0
958;0
959;0
960;2
961;0
962;2
963;0
964;0
965;2
966;2
967;0
968;0
969;0
970;0
971;1
972;2
973;2
974;0
975;0
976;1
977;0
978;0
979;1
980;0
981;0
982;1
983;0
984;0
985;1
986;0
987;0
988;0
989;2
990;2
991;0
992;1
993;0
994;0
995;1
996;1
997;0
998;1
999;0
1000;0
1001;0
1002;0
1003;2
1004;2
1005;0
1006;0
1007;0
1008;0
1009;0
1010;0
1011;2
1012;0
1013;0
1014;0
1015;0
1016;0
1017;0
1018;0
1019;0
1020;0
1021;0
1022;0
1023;0
