0;1
1;0
2;0
3;2
4;4
5;0
6;0
7;2
8;0
9;0
10;0
11;0
12;2
13;2
14;0
15;0
16;0
17;0
18;1
19;0
20;0
21;0
22;0
23;0
24;0
25;0
26;0
27;0
28;0
29;2
30;2
31;1
32;2
33;0
34;1
35;0
36;0
37;0
38;2
39;0
40;0
41;0
42;1
43;0
44;0
45;0
46;2
47;0
48;1
49;0
50;0
51;0
52;2
53;2
54;2
55;0
56;0
57;0
58;2
59;1
60;0
61;0
62;0
63;0
64;0
65;1
66;0
67;0
68;2
69;0
70;0
71;0
72;0
73;0
74;0
75;0
76;0
77;2
78;1
79;0
80;0
81;0
82;0
83;1
84;0
85;1
86;2
87;2
88;1
89;0
90;0
91;0
92;0
93;0
94;0
95;0
96;0
97;1
98;0
99;1
100;0
101;1
102;2
103;0
104;2
105;0
106;0
107;0
108;0
109;2
110;1
111;0
112;1
113;0
114;0
115;0
116;2
117;0
118;1
119;0
120;0
121;0
122;1
123;0
124;0
125;2
126;0
127;2
128;0
129;0
130;0
131;2
132;2
133;0
134;0
135;0
136;0
137;0
138;2
139;0
140;0
141;0
142;0
143;0
144;0
145;0
146;2
147;2
148;2
149;0
150;0
151;0
152;2
153;1
154;0
155;0
156;0
157;0
158;0
159;0
160;0
161;2
162;0
163;0
164;2
165;2
166;1
167;2
168;1
169;0
170;2
171;2
172;0
173;0
174;1
175;0
176;2
177;0
178;2
179;0
180;2
181;0
182;1
183;0
184;2
185;0
186;4
187;2
188;2
189;0
190;1
191;0
192;0
193;0
194;2
195;1
196;0
197;2
198;1
199;0
200;0
201;0
202;1
203;0
204;2
205;0
206;0
207;0
208;0
209;0
210;1
211;0
212;0
213;0
214;1
215;0
216;0
217;0
218;0
219;1
220;0
221;0
222;0
223;0
224;2
225;0
226;0
227;0
228;0
229;0
230;0
231;0
232;1
233;0
234;0
235;2
236;2
237;0
238;2
239;0
240;2
241;0
242;0
243;2
244;2
245;2
246;0
247;0
248;0
249;0
250;1
251;0
252;0
253;2
254;2
255;0
256;0
257;0
258;0
259;2
260;2
261;2
262;1
263;0
264;0
265;0
266;2
267;2
268;1
269;1
270;0
271;2
272;0
273;0
274;1
275;0
276;1
277;0
278;0
279;0
280;2
281;2
282;2
283;2
284;1
285;0
286;0
287;0
288;0
289;0
290;2
291;0
292;0
293;2
294;2
295;1
296;0
297;0
298;1
299;0
300;0
301;0
302;1
303;0
304;2
305;0
306;0
307;0
308;0
309;0
310;0
311;0
312;0
313;0
314;1
315;0
316;0
317;0
318;2
319;2
320;0
321;2
322;2
323;0
324;1
325;0
326;0
327;0
328;0
329;0
330;0
331;0
332;0
333;0
334;0
335;0
336;0
337;0
338;0
339;1
340;0
341;0
342;0
343;0
344;1
345;2
346;2
347;1
348;0
349;2
350;2
351;2
352;1
353;0
354;2
355;2
356;0
357;0
358;0
359;0
360;0
361;0
362;0
363;0
364;2
365;0
366;2
367;0
368;0
369;0
370;0
371;0
372;0
373;0
374;0
375;0
376;1
377;0
378;0
379;0
380;0
381;0
382;0
383;0
384;0
385;1
386;1
387;2
388;0
389;0
390;2
391;0
392;2
393;1
394;0
395;0
396;2
397;0
398;2
399;2
400;0
401;0
402;0
403;0
404;0
405;0
406;2
407;0
408;0
409;0
410;2
411;2
412;2
413;0
414;0
415;0
416;2
417;0
418;0
419;2
420;2
421;0
422;1
423;0
424;0
425;0
426;2
427;0
428;0
429;2
430;2
431;0
432;0
433;0
434;0
435;0
436;0
437;1
438;0
439;2
440;2
441;2
442;0
443;0
444;1
445;2
446;0
447;1
448;0
449;0
450;1
451;2
452;1
453;0
454;0
455;2
456;4
457;0
458;1
459;2
460;2
461;0
462;2
463;0
464;2
465;2
466;0
467;0
468;0
469;0
470;0
471;0
472;0
473;0
474;0
475;1
476;2
477;0
478;0
479;2
480;0
481;1
482;0
483;0
484;0
485;2
486;1
487;0
488;2
489;0
490;0
491;2
492;0
493;2
494;0
495;0
496;1
497;1
498;0
499;0
500;0
501;0
502;0
503;0
504;1
505;0
506;1
507;0
508;0
509;2
510;0
511;2
512;2
513;0
514;0
515;0
516;0
517;0
518;0
519;0
520;0
521;0
522;0
523;0
524;0
525;2
526;2
527;2
528;2
529;2
530;2
531;0
532;0
533;2
534;2
535;0
536;2
537;0
538;2
539;2
540;0
541;2
542;0
543;0
544;0
545;0
546;2
547;0
548;0
549;0
550;0
551;0
552;1
553;0
554;0
555;0
556;0
557;0
558;0
559;0
560;1
561;1
562;0
563;0
564;1
565;0
566;0
567;0
568;0
569;0
570;0
571;0
572;1
573;1
574;0
575;0
576;0
577;0
578;2
579;1
580;0
581;0
582;0
583;0
584;0
585;0
586;0
587;1
588;0
589;1
590;0
591;2
592;2
593;0
594;1
595;0
596;0
597;0
598;0
599;0
600;2
601;0
602;0
603;0
604;0
605;1
606;0
607;0
608;0
609;0
610;0
611;0
612;0
613;0
614;1
615;0
616;0
617;1
618;0
619;1
620;0
621;2
622;0
623;0
624;2
625;0
626;0
627;0
628;0
629;0
630;1
631;0
632;0
633;0
634;0
635;0
636;0
637;0
638;0
639;0
640;0
641;0
642;0
643;2
644;2
645;0
646;2
647;1
648;0
649;0
650;0
651;2
652;2
653;1
654;0
655;2
656;2
657;2
658;0
659;0
660;0
661;0
662;1
663;2
664;1
665;0
666;0
667;0
668;0
669;1
670;0
671;0
672;0
673;2
674;0
675;0
676;0
677;0
678;0
679;1
680;0
681;2
682;2
683;2
684;2
685;0
686;0
687;0
688;0
689;2
690;0
691;0
692;1
693;2
694;0
695;0
696;0
697;1
698;2
699;2
700;2
701;0
702;1
703;0
704;0
705;0
706;2
707;2
708;2
709;1
710;0
711;2
712;4
713;0
714;2
715;2
716;0
717;0
718;2
719;0
720;1
721;2
722;0
723;0
724;0
725;0
726;0
727;0
728;0
729;0
730;0
731;2
732;0
733;2
734;2
735;2
736;2
737;0
738;1
739;0
740;0
741;2
742;1
743;0
744;2
745;1
746;0
747;0
748;2
749;2
750;1
751;0
752;2
753;0
754;0
755;0
756;0
757;0
758;0
759;0
760;1
761;0
762;0
763;0
764;0
765;0
766;0
767;0
768;0
769;0
770;2
771;0
772;2
773;1
774;2
775;0
776;2
777;1
778;0
779;0
780;0
781;0
782;0
783;0
784;1
785;0
786;0
787;0
788;0
789;0
790;2
791;2
792;2
793;2
794;1
795;0
796;0
797;0
798;0
799;0
800;0
801;0
802;2
803;2
804;1
805;0
806;0
807;0
808;0
809;2
810;2
811;1
812;0
813;0
814;0
815;2
816;0
817;0
818;0
819;0
820;0
821;0
822;0
823;0
824;0
825;0
826;2
827;0
828;1
829;0
830;0
831;0
832;0
833;0
834;0
835;0
836;0
837;0
838;0
839;0
840;1
841;0
842;0
843;0
844;0
845;0
846;2
847;0
848;2
849;1
850;0
851;0
852;0
853;0
854;1
855;0
856;0
857;0
858;0
859;1
860;0
861;2
862;2
863;2
864;2
865;0
866;0
867;2
868;0
869;0
870;0
871;1
872;0
873;0
874;1
875;0
876;0
877;0
878;0
879;2
880;1
881;0
882;1
883;0
884;1
885;0
886;1
887;0
888;1
889;0
890;1
891;0
892;0
893;0
894;2
895;1
896;0
897;0
898;2
899;2
900;1
901;0
902;0
903;0
904;0
905;1
906;0
907;2
908;2
909;1
910;0
911;0
912;2
913;2
914;0
915;2
916;2
917;0
918;2
919;0
920;0
921;0
922;2
923;0
924;0
925;1
926;0
927;0
928;2
929;0
930;2
931;2
932;0
933;0
934;2
935;2
936;0
937;0
938;1
939;2
940;0
941;0
942;2
943;0
944;2
945;0
946;2
947;2
948;2
949;0
950;0
951;0
952;1
953;0
954;2
955;1
956;1
957;0
958;0
959;2
960;2
961;0
962;2
963;0
964;2
965;0
966;0
967;0
968;0
969;0
970;0
971;0
972;2
973;0
974;0
975;0
976;2
977;0
978;2
979;2
980;0
981;0
982;0
983;0
984;2
985;0
986;1
987;0
988;0
989;0
990;0
991;0
992;0
993;0
994;0
995;0
996;2
997;1
998;0
999;0
1000;2
1001;2
1002;1
1003;0
1004;0
1005;0
1006;0
1007;2
1008;2
1009;0
1010;1
1011;0
1012;0
1013;0
1014;0
1015;0
1016;0
1017;0
1018;0
1019;0
1020;0
1021;0
1022;0
1023;0
