0;0
1;0
2;0
3;2
4;1
5;2
6;2
7;2
8;0
9;0
10;2
11;0
12;1
13;0
14;0
15;0
16;0
17;2
18;0
19;0
20;0
21;1
22;0
23;0
24;0
25;0
26;0
27;0
28;2
29;2
30;1
31;0
32;2
33;0
34;0
35;0
36;1
37;0
38;0
39;1
40;0
41;0
42;0
43;1
44;1
45;0
46;0
47;1
48;0
49;0
50;2
51;0
52;2
53;2
54;0
55;0
56;0
57;0
58;0
59;0
60;0
61;1
62;0
63;0
64;0
65;2
66;2
67;0
68;0
69;0
70;0
71;0
72;0
73;2
74;0
75;0
76;2
77;0
78;0
79;0
80;0
81;0
82;1
83;0
84;1
85;0
86;0
87;0
88;1
89;0
90;0
91;1
92;0
93;0
94;0
95;0
96;0
97;1
98;0
99;0
100;0
101;0
102;0
103;1
104;0
105;0
106;0
107;0
108;2
109;0
110;0
111;1
112;1
113;1
114;1
115;0
116;2
117;0
118;1
119;0
120;0
121;0
122;0
123;0
124;2
125;0
126;0
127;0
128;1
129;1
130;1
131;0
132;2
133;0
134;1
135;0
136;2
137;0
138;0
139;0
140;2
141;0
142;0
143;0
144;0
145;0
146;2
147;0
148;2
149;2
150;0
151;0
152;0
153;2
154;2
155;0
156;0
157;1
158;0
159;2
160;0
161;2
162;0
163;0
164;0
165;0
166;0
167;0
168;2
169;2
170;0
171;0
172;2
173;1
174;0
175;0
176;1
177;0
178;0
179;0
180;0
181;2
182;1
183;0
184;0
185;1
186;1
187;0
188;1
189;0
190;0
191;0
192;1
193;0
194;0
195;0
196;0
197;0
198;0
199;2
200;0
201;2
202;2
203;2
204;2
205;0
206;0
207;2
208;0
209;0
210;0
211;0
212;0
213;0
214;0
215;0
216;1
217;0
218;1
219;2
220;0
221;0
222;0
223;0
224;0
225;2
226;0
227;0
228;2
229;2
230;2
231;1
232;0
233;0
234;0
235;0
236;1
237;0
238;1
239;0
240;2
241;2
242;2
243;1
244;0
245;2
246;2
247;1
248;2
249;2
250;0
251;0
252;0
253;0
254;0
255;0
256;2
257;0
258;0
259;1
260;0
261;0
262;2
263;0
264;0
265;0
266;0
267;0
268;0
269;2
270;1
271;0
272;0
273;0
274;0
275;2
276;0
277;0
278;0
279;0
280;1
281;0
282;0
283;2
284;0
285;0
286;2
287;0
288;0
289;0
290;0
291;0
292;0
293;0
294;0
295;0
296;1
297;0
298;0
299;0
300;2
301;0
302;0
303;2
304;0
305;0
306;0
307;2
308;0
309;0
310;0
311;2
312;0
313;0
314;1
315;0
316;0
317;0
318;1
319;2
320;0
321;0
322;2
323;0
324;0
325;2
326;1
327;0
328;0
329;1
330;1
331;0
332;2
333;0
334;0
335;2
336;2
337;1
338;1
339;0
340;0
341;2
342;1
343;0
344;2
345;0
346;0
347;2
348;2
349;2
350;0
351;1
352;0
353;0
354;0
355;2
356;0
357;0
358;0
359;0
360;1
361;0
362;0
363;2
364;0
365;2
366;1
367;0
368;0
369;0
370;2
371;0
372;2
373;0
374;0
375;0
376;0
377;0
378;0
379;0
380;1
381;1
382;0
383;0
384;2
385;2
386;0
387;0
388;0
389;1
390;0
391;0
392;2
393;2
394;1
395;0
396;2
397;0
398;0
399;0
400;0
401;0
402;0
403;1
404;1
405;0
406;0
407;0
408;0
409;0
410;1
411;0
412;4
413;0
414;0
415;0
416;0
417;2
418;0
419;0
420;1
421;0
422;0
423;0
424;0
425;2
426;0
427;0
428;1
429;0
430;1
431;0
432;2
433;0
434;1
435;0
436;2
437;2
438;1
439;0
440;0
441;0
442;2
443;2
444;1
445;0
446;1
447;2
448;0
449;0
450;1
451;0
452;4
453;1
454;1
455;2
456;0
457;0
458;1
459;0
460;2
461;2
462;0
463;2
464;2
465;2
466;1
467;2
468;1
469;0
470;0
471;0
472;2
473;2
474;0
475;2
476;2
477;0
478;1
479;0
480;0
481;0
482;2
483;0
484;2
485;0
486;0
487;0
488;2
489;2
490;0
491;2
492;2
493;0
494;0
495;0
496;2
497;0
498;0
499;0
500;2
501;0
502;0
503;0
504;2
505;0
506;2
507;2
508;1
509;2
510;2
511;0
512;1
513;0
514;1
515;0
516;2
517;0
518;0
519;2
520;1
521;1
522;2
523;0
524;2
525;2
526;0
527;2
528;1
529;0
530;0
531;1
532;1
533;0
534;2
535;2
536;0
537;0
538;2
539;2
540;2
541;2
542;1
543;0
544;2
545;0
546;2
547;0
548;0
549;0
550;0
551;2
552;0
553;0
554;0
555;0
556;0
557;2
558;2
559;2
560;2
561;2
562;1
563;0
564;0
565;0
566;2
567;0
568;1
569;1
570;0
571;1
572;0
573;2
574;2
575;2
576;0
577;0
578;2
579;2
580;0
581;0
582;0
583;0
584;0
585;0
586;0
587;0
588;0
589;1
590;0
591;0
592;2
593;2
594;1
595;0
596;2
597;0
598;0
599;0
600;0
601;0
602;0
603;0
604;0
605;0
606;0
607;0
608;0
609;0
610;0
611;0
612;2
613;2
614;2
615;0
616;2
617;0
618;1
619;0
620;0
621;2
622;1
623;2
624;1
625;0
626;0
627;0
628;0
629;1
630;2
631;0
632;0
633;2
634;1
635;0
636;0
637;0
638;0
639;0
640;1
641;0
642;0
643;2
644;1
645;0
646;2
647;2
648;4
649;0
650;2
651;0
652;1
653;2
654;2
655;0
656;2
657;0
658;1
659;0
660;2
661;0
662;2
663;0
664;1
665;0
666;1
667;0
668;0
669;0
670;2
671;0
672;1
673;0
674;0
675;2
676;2
677;1
678;1
679;0
680;0
681;0
682;0
683;0
684;2
685;1
686;0
687;2
688;0
689;0
690;0
691;0
692;1
693;0
694;0
695;2
696;0
697;0
698;2
699;0
700;0
701;2
702;0
703;0
704;0
705;2
706;0
707;2
708;4
709;0
710;1
711;0
712;0
713;0
714;1
715;2
716;1
717;0
718;0
719;0
720;1
721;2
722;1
723;2
724;2
725;0
726;0
727;0
728;2
729;0
730;2
731;0
732;2
733;0
734;0
735;0
736;0
737;1
738;0
739;0
740;0
741;0
742;0
743;2
744;0
745;0
746;1
747;0
748;1
749;0
750;2
751;0
752;0
753;0
754;0
755;0
756;0
757;2
758;0
759;0
760;2
761;0
762;0
763;1
764;0
765;2
766;2
767;0
768;0
769;0
770;1
771;0
772;0
773;0
774;0
775;0
776;0
777;2
778;1
779;0
780;2
781;0
782;0
783;2
784;1
785;1
786;0
787;0
788;0
789;2
790;1
791;0
792;0
793;0
794;0
795;0
796;1
797;2
798;2
799;2
800;2
801;0
802;2
803;0
804;1
805;0
806;0
807;1
808;0
809;0
810;0
811;0
812;1
813;0
814;0
815;1
816;0
817;0
818;1
819;0
820;0
821;0
822;0
823;0
824;0
825;0
826;1
827;0
828;2
829;0
830;0
831;0
832;0
833;1
834;0
835;0
836;0
837;0
838;1
839;0
840;0
841;0
842;1
843;0
844;2
845;0
846;2
847;2
848;2
849;1
850;0
851;0
852;0
853;0
854;1
855;0
856;0
857;2
858;0
859;1
860;1
861;0
862;0
863;0
864;0
865;0
866;0
867;2
868;0
869;0
870;0
871;0
872;0
873;0
874;0
875;0
876;0
877;0
878;2
879;1
880;0
881;0
882;0
883;1
884;0
885;2
886;0
887;0
888;0
889;0
890;2
891;0
892;0
893;2
894;1
895;0
896;2
897;0
898;2
899;0
900;2
901;2
902;2
903;2
904;1
905;0
906;2
907;0
908;1
909;0
910;0
911;0
912;0
913;2
914;2
915;0
916;0
917;2
918;0
919;1
920;1
921;0
922;0
923;2
924;1
925;0
926;2
927;1
928;0
929;0
930;2
931;2
932;0
933;1
934;0
935;0
936;0
937;2
938;1
939;0
940;1
941;0
942;0
943;1
944;0
945;0
946;0
947;0
948;0
949;1
950;0
951;0
952;0
953;0
954;0
955;0
956;1
957;0
958;0
959;0
960;2
961;2
962;0
963;1
964;0
965;0
966;0
967;1
968;0
969;0
970;2
971;0
972;0
973;0
974;0
975;0
976;1
977;0
978;0
979;1
980;0
981;1
982;1
983;0
984;0
985;0
986;0
987;0
988;1
989;0
990;0
991;0
992;2
993;0
994;2
995;0
996;2
997;2
998;2
999;0
1000;2
1001;0
1002;0
1003;1
1004;2
1005;2
1006;2
1007;0
1008;0
1009;1
1010;0
1011;0
1012;1
1013;1
1014;0
1015;0
1016;0
1017;0
1018;0
1019;0
1020;0
1021;0
1022;0
1023;0
