0;1
1;0
2;0
3;2
4;1
5;1
6;0
7;1
8;2
9;0
10;0
11;2
12;2
13;1
14;0
15;0
16;0
17;0
18;1
19;0
20;0
21;0
22;0
23;0
24;0
25;0
26;0
27;0
28;0
29;2
30;2
31;1
32;2
33;0
34;1
35;0
36;0
37;0
38;0
39;0
40;2
41;0
42;0
43;0
44;0
45;0
46;2
47;0
48;1
49;0
50;1
51;0
52;2
53;2
54;2
55;0
56;0
57;2
58;2
59;2
60;2
61;0
62;0
63;0
64;0
65;0
66;1
67;0
68;2
69;0
70;0
71;2
72;0
73;0
74;2
75;0
76;0
77;0
78;2
79;1
80;0
81;0
82;0
83;0
84;0
85;2
86;0
87;2
88;1
89;0
90;0
91;2
92;1
93;0
94;0
95;0
96;0
97;2
98;0
99;2
100;2
101;0
102;0
103;2
104;0
105;0
106;0
107;0
108;2
109;2
110;1
111;0
112;2
113;0
114;0
115;0
116;2
117;0
118;1
119;0
120;0
121;0
122;1
123;0
124;0
125;0
126;0
127;0
128;0
129;0
130;0
131;2
132;2
133;0
134;0
135;0
136;0
137;0
138;0
139;0
140;0
141;0
142;0
143;0
144;0
145;0
146;1
147;1
148;0
149;0
150;0
151;0
152;2
153;1
154;0
155;2
156;0
157;0
158;0
159;0
160;0
161;2
162;0
163;0
164;2
165;2
166;0
167;2
168;1
169;0
170;0
171;0
172;0
173;1
174;0
175;0
176;2
177;0
178;0
179;0
180;2
181;0
182;1
183;0
184;0
185;0
186;1
187;0
188;2
189;0
190;0
191;0
192;1
193;0
194;0
195;0
196;0
197;0
198;2
199;2
200;1
201;0
202;1
203;0
204;2
205;0
206;0
207;0
208;0
209;0
210;1
211;1
212;0
213;0
214;1
215;0
216;0
217;0
218;0
219;0
220;1
221;0
222;0
223;0
224;2
225;2
226;0
227;0
228;0
229;2
230;0
231;2
232;1
233;1
234;0
235;0
236;2
237;0
238;2
239;2
240;2
241;0
242;2
243;2
244;2
245;2
246;0
247;0
248;0
249;0
250;1
251;0
252;0
253;2
254;0
255;0
256;0
257;0
258;0
259;2
260;4
261;1
262;0
263;0
264;0
265;2
266;2
267;2
268;1
269;0
270;0
271;0
272;2
273;2
274;0
275;0
276;0
277;1
278;0
279;0
280;1
281;0
282;0
283;2
284;0
285;0
286;1
287;0
288;0
289;0
290;2
291;0
292;0
293;1
294;0
295;0
296;2
297;0
298;0
299;0
300;0
301;0
302;1
303;2
304;2
305;2
306;0
307;0
308;0
309;0
310;0
311;0
312;0
313;0
314;2
315;0
316;0
317;0
318;2
319;1
320;0
321;2
322;0
323;2
324;0
325;0
326;0
327;0
328;0
329;0
330;0
331;0
332;0
333;0
334;0
335;0
336;0
337;0
338;0
339;1
340;0
341;1
342;0
343;0
344;0
345;2
346;1
347;0
348;2
349;2
350;0
351;0
352;2
353;0
354;2
355;2
356;0
357;0
358;0
359;2
360;0
361;0
362;0
363;0
364;2
365;0
366;0
367;0
368;0
369;0
370;0
371;0
372;0
373;0
374;0
375;2
376;1
377;0
378;0
379;0
380;0
381;0
382;0
383;0
384;0
385;1
386;0
387;0
388;0
389;0
390;1
391;0
392;2
393;1
394;0
395;1
396;0
397;0
398;1
399;0
400;2
401;0
402;0
403;0
404;0
405;2
406;2
407;1
408;0
409;0
410;1
411;2
412;2
413;0
414;0
415;0
416;1
417;0
418;0
419;2
420;2
421;2
422;1
423;0
424;0
425;0
426;1
427;0
428;0
429;0
430;2
431;0
432;1
433;0
434;0
435;0
436;0
437;1
438;0
439;2
440;0
441;0
442;0
443;0
444;1
445;2
446;0
447;2
448;1
449;0
450;1
451;0
452;1
453;0
454;0
455;2
456;1
457;0
458;2
459;2
460;2
461;0
462;2
463;2
464;2
465;2
466;0
467;0
468;0
469;1
470;2
471;0
472;0
473;0
474;1
475;1
476;0
477;0
478;0
479;2
480;0
481;1
482;0
483;0
484;0
485;2
486;1
487;0
488;0
489;0
490;0
491;0
492;0
493;2
494;0
495;0
496;0
497;1
498;0
499;0
500;0
501;0
502;0
503;0
504;1
505;0
506;1
507;0
508;0
509;0
510;2
511;2
512;2
513;0
514;0
515;0
516;0
517;0
518;0
519;0
520;0
521;0
522;0
523;0
524;1
525;2
526;2
527;2
528;2
529;0
530;1
531;0
532;2
533;2
534;0
535;0
536;0
537;0
538;2
539;2
540;0
541;0
542;0
543;0
544;0
545;0
546;2
547;0
548;0
549;0
550;0
551;0
552;1
553;0
554;1
555;0
556;2
557;0
558;0
559;0
560;0
561;0
562;0
563;0
564;1
565;0
566;0
567;0
568;0
569;0
570;0
571;0
572;0
573;0
574;0
575;0
576;2
577;0
578;0
579;0
580;0
581;2
582;0
583;0
584;0
585;0
586;0
587;1
588;0
589;0
590;0
591;2
592;2
593;0
594;1
595;0
596;0
597;0
598;0
599;0
600;2
601;0
602;0
603;0
604;0
605;2
606;0
607;1
608;0
609;0
610;0
611;0
612;0
613;0
614;0
615;2
616;0
617;0
618;0
619;1
620;0
621;2
622;0
623;2
624;0
625;1
626;0
627;2
628;1
629;0
630;0
631;0
632;0
633;2
634;0
635;0
636;0
637;0
638;0
639;0
640;1
641;0
642;0
643;2
644;2
645;0
646;1
647;0
648;0
649;0
650;0
651;2
652;2
653;1
654;0
655;2
656;2
657;0
658;0
659;0
660;1
661;0
662;1
663;2
664;1
665;0
666;0
667;0
668;0
669;0
670;0
671;0
672;0
673;2
674;0
675;0
676;0
677;0
678;0
679;1
680;0
681;2
682;0
683;0
684;2
685;0
686;2
687;0
688;0
689;0
690;1
691;0
692;0
693;2
694;0
695;2
696;0
697;0
698;4
699;2
700;2
701;0
702;0
703;0
704;0
705;0
706;1
707;0
708;1
709;0
710;0
711;2
712;1
713;0
714;2
715;2
716;1
717;0
718;0
719;0
720;1
721;2
722;0
723;1
724;0
725;0
726;0
727;0
728;0
729;2
730;2
731;2
732;0
733;0
734;2
735;2
736;2
737;1
738;1
739;0
740;0
741;2
742;2
743;0
744;2
745;1
746;0
747;0
748;2
749;1
750;0
751;0
752;2
753;0
754;1
755;0
756;1
757;0
758;0
759;1
760;0
761;0
762;0
763;0
764;1
765;0
766;0
767;0
768;1
769;0
770;1
771;2
772;2
773;0
774;0
775;0
776;2
777;0
778;0
779;0
780;1
781;0
782;0
783;2
784;1
785;0
786;0
787;0
788;0
789;0
790;2
791;2
792;0
793;0
794;1
795;0
796;0
797;0
798;1
799;0
800;0
801;0
802;2
803;2
804;1
805;0
806;0
807;0
808;0
809;1
810;0
811;2
812;1
813;0
814;0
815;0
816;0
817;2
818;0
819;0
820;0
821;0
822;0
823;0
824;1
825;0
826;2
827;2
828;1
829;0
830;1
831;0
832;0
833;0
834;0
835;0
836;0
837;0
838;0
839;2
840;1
841;0
842;0
843;2
844;0
845;0
846;0
847;2
848;1
849;1
850;0
851;0
852;0
853;0
854;1
855;0
856;0
857;0
858;2
859;2
860;0
861;0
862;2
863;2
864;2
865;0
866;0
867;2
868;0
869;0
870;0
871;0
872;0
873;0
874;1
875;0
876;2
877;0
878;1
879;0
880;1
881;0
882;2
883;0
884;1
885;0
886;1
887;0
888;0
889;0
890;1
891;0
892;0
893;0
894;2
895;2
896;2
897;0
898;0
899;0
900;0
901;0
902;0
903;0
904;0
905;2
906;2
907;0
908;1
909;0
910;0
911;0
912;0
913;1
914;0
915;2
916;0
917;1
918;0
919;0
920;0
921;0
922;2
923;0
924;1
925;1
926;0
927;0
928;2
929;0
930;0
931;2
932;0
933;0
934;2
935;2
936;0
937;0
938;0
939;2
940;0
941;0
942;2
943;0
944;0
945;0
946;0
947;2
948;2
949;0
950;0
951;0
952;1
953;0
954;2
955;0
956;2
957;0
958;0
959;2
960;2
961;0
962;2
963;2
964;2
965;0
966;0
967;1
968;2
969;0
970;0
971;0
972;0
973;0
974;2
975;2
976;2
977;0
978;0
979;2
980;0
981;0
982;0
983;0
984;2
985;0
986;1
987;0
988;0
989;0
990;2
991;0
992;0
993;2
994;1
995;0
996;0
997;1
998;0
999;0
1000;2
1001;0
1002;1
1003;0
1004;0
1005;0
1006;0
1007;2
1008;1
1009;0
1010;1
1011;0
1012;0
1013;0
1014;1
1015;0
1016;0
1017;0
1018;0
1019;0
1020;0
1021;0
1022;0
1023;0
