0;1
1;0
2;0
3;0
4;1
5;2
6;0
7;0
8;2
9;0
10;2
11;0
12;0
13;0
14;1
15;2
16;1
17;0
18;0
19;0
20;2
21;1
22;0
23;0
24;0
25;0
26;0
27;1
28;0
29;0
30;1
31;1
32;0
33;0
34;0
35;0
36;0
37;0
38;1
39;0
40;2
41;0
42;1
43;2
44;0
45;1
46;0
47;0
48;0
49;0
50;0
51;1
52;0
53;0
54;1
55;2
56;0
57;0
58;2
59;0
60;1
61;0
62;0
63;0
64;2
65;2
66;0
67;1
68;2
69;0
70;0
71;0
72;0
73;2
74;1
75;0
76;0
77;0
78;0
79;0
80;0
81;1
82;0
83;0
84;0
85;0
86;0
87;0
88;1
89;0
90;0
91;0
92;1
93;0
94;2
95;0
96;0
97;0
98;0
99;1
100;1
101;0
102;0
103;2
104;2
105;0
106;2
107;0
108;0
109;0
110;0
111;2
112;2
113;0
114;0
115;0
116;1
117;0
118;1
119;0
120;0
121;2
122;0
123;0
124;0
125;2
126;2
127;0
128;0
129;0
130;1
131;0
132;0
133;0
134;1
135;0
136;0
137;0
138;2
139;2
140;0
141;2
142;0
143;0
144;2
145;2
146;0
147;2
148;0
149;0
150;0
151;0
152;0
153;0
154;2
155;0
156;2
157;0
158;2
159;0
160;2
161;0
162;2
163;2
164;0
165;2
166;0
167;1
168;0
169;0
170;2
171;0
172;0
173;0
174;0
175;0
176;0
177;0
178;0
179;0
180;0
181;0
182;0
183;1
184;0
185;0
186;0
187;2
188;2
189;0
190;0
191;2
192;0
193;1
194;0
195;0
196;2
197;0
198;2
199;0
200;0
201;0
202;0
203;0
204;0
205;0
206;0
207;0
208;2
209;2
210;0
211;0
212;0
213;0
214;0
215;1
216;0
217;2
218;0
219;2
220;0
221;0
222;2
223;0
224;0
225;0
226;2
227;2
228;0
229;0
230;0
231;2
232;0
233;0
234;0
235;0
236;2
237;0
238;2
239;0
240;2
241;0
242;2
243;0
244;0
245;0
246;0
247;0
248;0
249;2
250;2
251;2
252;0
253;0
254;1
255;0
256;0
257;0
258;0
259;0
260;0
261;0
262;0
263;0
264;0
265;0
266;2
267;1
268;1
269;0
270;0
271;2
272;0
273;1
274;0
275;0
276;0
277;0
278;0
279;0
280;0
281;2
282;0
283;1
284;1
285;0
286;0
287;2
288;2
289;0
290;0
291;1
292;0
293;2
294;0
295;2
296;2
297;0
298;0
299;0
300;0
301;1
302;0
303;0
304;0
305;2
306;2
307;2
308;2
309;2
310;4
311;0
312;2
313;0
314;0
315;1
316;2
317;0
318;2
319;1
320;0
321;0
322;0
323;0
324;2
325;0
326;0
327;2
328;1
329;0
330;0
331;0
332;0
333;0
334;2
335;0
336;0
337;0
338;0
339;2
340;2
341;1
342;0
343;0
344;0
345;0
346;2
347;0
348;0
349;0
350;2
351;1
352;0
353;0
354;1
355;0
356;2
357;0
358;0
359;0
360;0
361;2
362;0
363;2
364;1
365;0
366;1
367;0
368;0
369;0
370;2
371;1
372;0
373;1
374;0
375;0
376;2
377;0
378;2
379;0
380;2
381;0
382;0
383;0
384;1
385;0
386;0
387;2
388;1
389;0
390;2
391;0
392;1
393;0
394;2
395;0
396;0
397;0
398;0
399;0
400;0
401;0
402;0
403;0
404;0
405;1
406;2
407;0
408;0
409;1
410;1
411;0
412;0
413;2
414;0
415;2
416;0
417;1
418;0
419;0
420;1
421;0
422;0
423;0
424;1
425;0
426;2
427;1
428;0
429;0
430;0
431;0
432;2
433;0
434;1
435;0
436;2
437;0
438;0
439;0
440;1
441;0
442;2
443;0
444;0
445;0
446;1
447;0
448;1
449;0
450;0
451;0
452;2
453;0
454;2
455;0
456;1
457;0
458;2
459;0
460;0
461;0
462;2
463;0
464;0
465;0
466;0
467;2
468;0
469;2
470;2
471;1
472;0
473;0
474;2
475;0
476;0
477;0
478;0
479;0
480;0
481;0
482;0
483;0
484;1
485;0
486;0
487;0
488;0
489;0
490;0
491;0
492;0
493;0
494;0
495;0
496;0
497;2
498;0
499;0
500;0
501;0
502;0
503;0
504;1
505;0
506;0
507;2
508;2
509;0
510;0
511;2
512;1
513;0
514;2
515;1
516;0
517;0
518;2
519;0
520;2
521;0
522;1
523;0
524;0
525;0
526;0
527;0
528;0
529;0
530;1
531;0
532;0
533;0
534;1
535;2
536;0
537;0
538;0
539;2
540;2
541;0
542;2
543;0
544;0
545;0
546;2
547;0
548;0
549;0
550;2
551;0
552;1
553;0
554;0
555;0
556;2
557;0
558;2
559;0
560;0
561;0
562;0
563;0
564;2
565;2
566;0
567;1
568;0
569;0
570;1
571;0
572;0
573;0
574;0
575;2
576;0
577;0
578;0
579;0
580;2
581;2
582;0
583;0
584;0
585;0
586;0
587;1
588;0
589;0
590;0
591;0
592;2
593;0
594;0
595;0
596;0
597;2
598;0
599;0
600;2
601;0
602;0
603;1
604;0
605;0
606;0
607;0
608;0
609;0
610;2
611;1
612;0
613;0
614;0
615;0
616;1
617;1
618;0
619;0
620;0
621;1
622;1
623;0
624;0
625;0
626;2
627;0
628;2
629;2
630;1
631;0
632;0
633;0
634;0
635;2
636;2
637;0
638;2
639;1
640;1
641;0
642;1
643;0
644;0
645;0
646;0
647;1
648;0
649;0
650;0
651;0
652;0
653;0
654;1
655;1
656;0
657;0
658;0
659;0
660;0
661;0
662;0
663;0
664;0
665;0
666;1
667;0
668;0
669;2
670;0
671;0
672;2
673;0
674;0
675;1
676;0
677;0
678;0
679;0
680;1
681;0
682;0
683;0
684;1
685;0
686;0
687;1
688;0
689;1
690;2
691;0
692;2
693;0
694;0
695;2
696;0
697;2
698;2
699;2
700;0
701;0
702;0
703;0
704;0
705;0
706;0
707;0
708;0
709;0
710;0
711;0
712;0
713;2
714;0
715;0
716;2
717;2
718;1
719;2
720;0
721;0
722;0
723;2
724;2
725;1
726;2
727;2
728;0
729;2
730;2
731;2
732;2
733;0
734;1
735;0
736;0
737;0
738;0
739;0
740;1
741;2
742;2
743;1
744;2
745;0
746;0
747;0
748;1
749;0
750;1
751;0
752;2
753;0
754;0
755;2
756;2
757;2
758;1
759;0
760;2
761;0
762;2
763;0
764;2
765;0
766;2
767;0
768;2
769;0
770;0
771;0
772;0
773;0
774;1
775;0
776;0
777;0
778;0
779;0
780;1
781;0
782;0
783;0
784;1
785;0
786;2
787;1
788;0
789;0
790;2
791;2
792;1
793;2
794;2
795;1
796;2
797;0
798;2
799;0
800;0
801;0
802;1
803;0
804;0
805;2
806;1
807;0
808;0
809;0
810;2
811;2
812;0
813;1
814;0
815;0
816;0
817;0
818;2
819;2
820;0
821;0
822;0
823;2
824;0
825;0
826;0
827;0
828;0
829;2
830;2
831;0
832;0
833;2
834;0
835;0
836;1
837;0
838;0
839;0
840;2
841;0
842;0
843;0
844;1
845;0
846;0
847;2
848;2
849;0
850;2
851;2
852;2
853;0
854;0
855;0
856;0
857;1
858;0
859;0
860;0
861;0
862;0
863;0
864;0
865;0
866;2
867;1
868;0
869;0
870;0
871;0
872;0
873;0
874;0
875;0
876;1
877;0
878;0
879;0
880;0
881;0
882;0
883;2
884;0
885;0
886;0
887;0
888;2
889;0
890;0
891;1
892;2
893;0
894;2
895;1
896;0
897;0
898;2
899;0
900;0
901;0
902;2
903;0
904;2
905;0
906;1
907;0
908;0
909;0
910;0
911;0
912;2
913;2
914;1
915;0
916;1
917;0
918;2
919;0
920;1
921;0
922;2
923;0
924;0
925;0
926;0
927;0
928;0
929;0
930;0
931;0
932;0
933;0
934;0
935;0
936;1
937;0
938;2
939;1
940;0
941;0
942;0
943;0
944;2
945;1
946;0
947;1
948;0
949;0
950;1
951;0
952;2
953;0
954;0
955;0
956;0
957;0
958;0
959;0
960;0
961;0
962;0
963;0
964;2
965;1
966;0
967;0
968;0
969;0
970;0
971;0
972;2
973;2
974;2
975;0
976;0
977;0
978;0
979;2
980;1
981;1
982;2
983;0
984;2
985;0
986;0
987;0
988;1
989;0
990;0
991;2
992;1
993;1
994;0
995;0
996;2
997;0
998;2
999;0
1000;2
1001;0
1002;0
1003;0
1004;2
1005;0
1006;0
1007;0
1008;2
1009;0
1010;0
1011;1
1012;0
1013;1
1014;0
1015;1
1016;0
1017;0
1018;0
1019;0
1020;0
1021;0
1022;0
1023;0
