0;1
1;0
2;0
3;0
4;2
5;0
6;2
7;0
8;1
9;0
10;2
11;0
12;2
13;2
14;0
15;0
16;0
17;1
18;0
19;0
20;0
21;0
22;0
23;0
24;0
25;0
26;0
27;1
28;0
29;2
30;0
31;2
32;2
33;0
34;0
35;0
36;0
37;0
38;2
39;0
40;0
41;0
42;0
43;0
44;0
45;0
46;2
47;0
48;1
49;0
50;1
51;0
52;0
53;2
54;2
55;0
56;0
57;2
58;2
59;1
60;0
61;0
62;0
63;0
64;0
65;0
66;0
67;0
68;0
69;0
70;0
71;2
72;0
73;0
74;0
75;0
76;0
77;0
78;0
79;0
80;0
81;0
82;0
83;0
84;0
85;2
86;1
87;2
88;1
89;0
90;0
91;0
92;1
93;1
94;2
95;0
96;0
97;2
98;0
99;2
100;2
101;0
102;2
103;2
104;2
105;0
106;0
107;0
108;2
109;0
110;1
111;0
112;1
113;0
114;0
115;0
116;2
117;0
118;0
119;0
120;0
121;0
122;0
123;0
124;0
125;2
126;0
127;2
128;1
129;0
130;0
131;0
132;2
133;0
134;0
135;0
136;0
137;0
138;0
139;1
140;0
141;0
142;0
143;0
144;0
145;2
146;2
147;2
148;0
149;2
150;0
151;0
152;2
153;2
154;0
155;2
156;0
157;0
158;0
159;0
160;0
161;0
162;0
163;1
164;2
165;2
166;0
167;2
168;2
169;2
170;2
171;2
172;0
173;1
174;0
175;0
176;2
177;0
178;0
179;0
180;2
181;0
182;0
183;0
184;0
185;0
186;0
187;2
188;0
189;0
190;0
191;0
192;0
193;0
194;2
195;2
196;1
197;0
198;2
199;1
200;0
201;0
202;0
203;2
204;4
205;0
206;1
207;2
208;2
209;0
210;0
211;0
212;2
213;0
214;0
215;0
216;0
217;0
218;2
219;0
220;0
221;1
222;0
223;0
224;0
225;0
226;0
227;1
228;0
229;0
230;0
231;2
232;0
233;0
234;2
235;0
236;0
237;2
238;0
239;0
240;0
241;0
242;0
243;0
244;0
245;2
246;0
247;2
248;0
249;1
250;0
251;0
252;0
253;2
254;2
255;2
256;2
257;0
258;0
259;0
260;0
261;1
262;0
263;0
264;2
265;0
266;2
267;0
268;0
269;0
270;0
271;0
272;0
273;1
274;0
275;4
276;0
277;0
278;0
279;0
280;1
281;0
282;2
283;1
284;0
285;0
286;0
287;2
288;2
289;0
290;2
291;2
292;2
293;0
294;0
295;0
296;1
297;0
298;0
299;0
300;0
301;0
302;0
303;2
304;1
305;0
306;0
307;0
308;0
309;0
310;2
311;0
312;0
313;0
314;2
315;0
316;2
317;0
318;1
319;0
320;0
321;0
322;2
323;2
324;1
325;0
326;0
327;1
328;2
329;0
330;2
331;2
332;2
333;0
334;2
335;0
336;2
337;0
338;2
339;0
340;1
341;0
342;0
343;0
344;0
345;1
346;0
347;0
348;0
349;0
350;0
351;2
352;0
353;2
354;2
355;0
356;0
357;0
358;0
359;1
360;0
361;0
362;0
363;0
364;0
365;0
366;0
367;0
368;0
369;0
370;0
371;0
372;0
373;1
374;0
375;1
376;0
377;2
378;2
379;2
380;0
381;0
382;0
383;0
384;2
385;0
386;2
387;2
388;0
389;0
390;0
391;0
392;2
393;0
394;0
395;0
396;0
397;0
398;0
399;0
400;0
401;0
402;0
403;0
404;0
405;0
406;0
407;0
408;1
409;0
410;0
411;2
412;0
413;0
414;0
415;0
416;0
417;1
418;0
419;0
420;0
421;0
422;2
423;2
424;2
425;0
426;0
427;0
428;0
429;0
430;2
431;2
432;1
433;0
434;0
435;0
436;0
437;0
438;0
439;0
440;1
441;0
442;1
443;0
444;2
445;0
446;0
447;0
448;2
449;0
450;0
451;2
452;2
453;0
454;0
455;0
456;0
457;0
458;2
459;0
460;0
461;2
462;2
463;0
464;1
465;0
466;0
467;0
468;0
469;1
470;0
471;0
472;0
473;0
474;0
475;0
476;0
477;2
478;0
479;2
480;0
481;0
482;0
483;0
484;0
485;0
486;0
487;0
488;2
489;0
490;2
491;2
492;2
493;2
494;0
495;1
496;0
497;0
498;0
499;1
500;0
501;0
502;0
503;2
504;0
505;1
506;0
507;0
508;0
509;2
510;2
511;2
512;2
513;0
514;0
515;2
516;0
517;2
518;1
519;0
520;1
521;2
522;0
523;0
524;0
525;0
526;0
527;0
528;0
529;0
530;0
531;0
532;0
533;0
534;1
535;0
536;1
537;0
538;0
539;2
540;4
541;0
542;2
543;2
544;2
545;0
546;2
547;0
548;2
549;2
550;0
551;0
552;2
553;0
554;0
555;0
556;0
557;2
558;2
559;2
560;2
561;0
562;1
563;0
564;0
565;1
566;0
567;0
568;0
569;1
570;0
571;0
572;2
573;2
574;0
575;0
576;0
577;0
578;1
579;0
580;0
581;4
582;0
583;0
584;0
585;0
586;1
587;1
588;0
589;1
590;0
591;0
592;1
593;0
594;0
595;0
596;0
597;0
598;2
599;2
600;1
601;0
602;0
603;2
604;4
605;0
606;2
607;0
608;2
609;0
610;2
611;0
612;2
613;2
614;1
615;0
616;1
617;0
618;0
619;0
620;0
621;0
622;0
623;0
624;0
625;0
626;1
627;0
628;2
629;2
630;0
631;0
632;2
633;0
634;0
635;1
636;0
637;0
638;2
639;1
640;0
641;0
642;0
643;0
644;0
645;0
646;0
647;0
648;0
649;0
650;0
651;0
652;2
653;0
654;0
655;0
656;0
657;0
658;0
659;0
660;1
661;0
662;0
663;0
664;0
665;0
666;2
667;0
668;2
669;0
670;0
671;1
672;0
673;2
674;0
675;0
676;0
677;1
678;2
679;0
680;0
681;0
682;0
683;0
684;0
685;0
686;0
687;0
688;2
689;0
690;0
691;0
692;0
693;0
694;0
695;2
696;0
697;0
698;0
699;0
700;0
701;2
702;2
703;2
704;0
705;0
706;0
707;2
708;1
709;0
710;2
711;2
712;1
713;0
714;2
715;2
716;2
717;1
718;0
719;2
720;2
721;0
722;0
723;0
724;0
725;0
726;1
727;2
728;1
729;0
730;0
731;0
732;0
733;0
734;0
735;0
736;0
737;2
738;0
739;0
740;0
741;0
742;0
743;2
744;2
745;2
746;2
747;2
748;2
749;0
750;1
751;0
752;0
753;0
754;0
755;0
756;1
757;2
758;0
759;0
760;0
761;2
762;2
763;2
764;2
765;0
766;2
767;0
768;0
769;0
770;0
771;0
772;0
773;0
774;0
775;0
776;1
777;0
778;0
779;0
780;0
781;2
782;2
783;2
784;0
785;0
786;2
787;2
788;2
789;0
790;0
791;0
792;0
793;2
794;1
795;0
796;0
797;2
798;0
799;0
800;2
801;0
802;0
803;0
804;1
805;0
806;0
807;0
808;0
809;0
810;0
811;0
812;0
813;0
814;0
815;2
816;0
817;0
818;0
819;0
820;0
821;1
822;2
823;0
824;0
825;0
826;1
827;0
828;2
829;2
830;0
831;0
832;2
833;0
834;0
835;0
836;0
837;0
838;0
839;0
840;0
841;0
842;2
843;2
844;2
845;0
846;0
847;0
848;0
849;0
850;1
851;0
852;0
853;0
854;1
855;0
856;0
857;0
858;0
859;0
860;0
861;0
862;2
863;2
864;1
865;0
866;0
867;2
868;0
869;0
870;0
871;0
872;2
873;0
874;0
875;0
876;0
877;0
878;0
879;2
880;1
881;0
882;0
883;0
884;0
885;0
886;0
887;0
888;0
889;0
890;0
891;2
892;1
893;0
894;0
895;0
896;0
897;0
898;2
899;0
900;1
901;1
902;0
903;0
904;0
905;0
906;2
907;2
908;1
909;1
910;0
911;2
912;2
913;0
914;2
915;2
916;1
917;0
918;2
919;0
920;2
921;0
922;0
923;0
924;0
925;0
926;0
927;1
928;2
929;0
930;0
931;2
932;0
933;0
934;0
935;2
936;0
937;0
938;0
939;0
940;0
941;0
942;2
943;0
944;0
945;0
946;1
947;0
948;1
949;0
950;1
951;0
952;1
953;0
954;1
955;0
956;0
957;0
958;2
959;2
960;2
961;0
962;2
963;2
964;1
965;0
966;0
967;0
968;0
969;2
970;0
971;0
972;1
973;0
974;0
975;1
976;0
977;0
978;0
979;2
980;2
981;0
982;2
983;2
984;2
985;0
986;2
987;0
988;2
989;1
990;2
991;0
992;2
993;1
994;0
995;0
996;0
997;0
998;2
999;0
1000;0
1001;1
1002;0
1003;0
1004;0
1005;0
1006;2
1007;2
1008;0
1009;2
1010;2
1011;0
1012;0
1013;0
1014;0
1015;1
1016;0
1017;0
1018;0
1019;0
1020;0
1021;0
1022;0
1023;0
