0;1
1;0
2;0
3;2
4;4
5;0
6;2
7;2
8;2
9;0
10;2
11;0
12;2
13;2
14;0
15;0
16;0
17;0
18;2
19;0
20;0
21;0
22;0
23;0
24;0
25;0
26;0
27;0
28;0
29;2
30;2
31;2
32;2
33;0
34;0
35;0
36;0
37;0
38;0
39;0
40;0
41;0
42;0
43;0
44;0
45;0
46;2
47;0
48;1
49;0
50;1
51;0
52;2
53;2
54;2
55;0
56;0
57;2
58;2
59;2
60;2
61;0
62;0
63;0
64;0
65;0
66;0
67;0
68;0
69;0
70;2
71;2
72;0
73;0
74;0
75;0
76;0
77;0
78;0
79;0
80;0
81;0
82;0
83;0
84;2
85;2
86;2
87;2
88;1
89;0
90;0
91;0
92;1
93;1
94;0
95;0
96;0
97;1
98;0
99;2
100;2
101;1
102;2
103;2
104;4
105;0
106;0
107;0
108;0
109;2
110;1
111;0
112;1
113;0
114;0
115;0
116;2
117;0
118;2
119;0
120;0
121;0
122;0
123;0
124;0
125;2
126;0
127;2
128;0
129;0
130;0
131;2
132;2
133;0
134;0
135;0
136;0
137;0
138;2
139;1
140;0
141;0
142;0
143;0
144;0
145;0
146;2
147;2
148;2
149;2
150;0
151;0
152;2
153;1
154;0
155;2
156;0
157;0
158;0
159;0
160;0
161;0
162;0
163;0
164;2
165;2
166;1
167;2
168;1
169;0
170;2
171;2
172;0
173;1
174;0
175;0
176;0
177;0
178;0
179;0
180;2
181;0
182;0
183;0
184;0
185;0
186;1
187;2
188;2
189;1
190;0
191;0
192;1
193;1
194;1
195;2
196;2
197;2
198;0
199;2
200;2
201;2
202;1
203;0
204;1
205;0
206;0
207;0
208;0
209;0
210;1
211;1
212;0
213;0
214;0
215;0
216;0
217;0
218;0
219;1
220;1
221;0
222;0
223;0
224;2
225;0
226;0
227;0
228;0
229;2
230;0
231;0
232;2
233;0
234;0
235;0
236;0
237;2
238;0
239;0
240;0
241;0
242;2
243;2
244;1
245;0
246;0
247;2
248;4
249;0
250;2
251;2
252;2
253;0
254;0
255;0
256;2
257;1
258;2
259;2
260;0
261;1
262;0
263;0
264;0
265;0
266;2
267;0
268;0
269;0
270;0
271;0
272;0
273;1
274;0
275;0
276;0
277;0
278;0
279;0
280;1
281;1
282;0
283;0
284;2
285;2
286;2
287;2
288;1
289;0
290;0
291;0
292;0
293;0
294;2
295;0
296;0
297;1
298;2
299;1
300;0
301;0
302;1
303;0
304;0
305;0
306;0
307;0
308;2
309;0
310;0
311;0
312;0
313;0
314;0
315;0
316;0
317;0
318;0
319;0
320;0
321;0
322;1
323;2
324;0
325;2
326;1
327;0
328;0
329;0
330;0
331;0
332;0
333;0
334;0
335;0
336;0
337;0
338;0
339;0
340;2
341;0
342;0
343;1
344;0
345;1
346;0
347;0
348;0
349;0
350;2
351;2
352;2
353;2
354;2
355;2
356;2
357;0
358;0
359;2
360;0
361;0
362;0
363;0
364;2
365;2
366;0
367;0
368;1
369;0
370;2
371;2
372;1
373;0
374;0
375;1
376;4
377;0
378;2
379;0
380;2
381;0
382;2
383;0
384;2
385;0
386;2
387;0
388;0
389;0
390;0
391;0
392;1
393;0
394;0
395;0
396;0
397;0
398;0
399;0
400;0
401;1
402;0
403;0
404;0
405;0
406;2
407;2
408;2
409;1
410;0
411;0
412;0
413;0
414;2
415;2
416;0
417;0
418;0
419;0
420;0
421;0
422;0
423;0
424;0
425;0
426;2
427;2
428;0
429;0
430;0
431;0
432;1
433;0
434;0
435;1
436;0
437;0
438;0
439;0
440;0
441;0
442;0
443;0
444;0
445;2
446;2
447;0
448;1
449;0
450;0
451;0
452;0
453;1
454;0
455;2
456;0
457;0
458;0
459;0
460;1
461;2
462;0
463;2
464;0
465;0
466;0
467;0
468;0
469;0
470;1
471;0
472;2
473;0
474;2
475;0
476;2
477;2
478;1
479;0
480;1
481;0
482;0
483;0
484;0
485;0
486;0
487;2
488;0
489;1
490;0
491;0
492;0
493;2
494;2
495;2
496;2
497;0
498;0
499;0
500;0
501;2
502;0
503;0
504;1
505;2
506;0
507;0
508;0
509;0
510;0
511;0
512;0
513;0
514;0
515;0
516;0
517;2
518;2
519;1
520;0
521;0
522;0
523;0
524;0
525;0
526;0
527;0
528;0
529;0
530;0
531;0
532;0
533;2
534;2
535;2
536;2
537;2
538;0
539;0
540;0
541;2
542;0
543;0
544;1
545;0
546;2
547;2
548;1
549;0
550;0
551;2
552;4
553;0
554;0
555;2
556;2
557;0
558;2
559;0
560;2
561;2
562;1
563;0
564;2
565;2
566;0
567;0
568;0
569;0
570;2
571;0
572;0
573;2
574;0
575;0
576;1
577;0
578;1
579;0
580;0
581;2
582;0
583;0
584;0
585;0
586;0
587;0
588;1
589;0
590;0
591;0
592;0
593;0
594;0
595;1
596;0
597;1
598;0
599;0
600;1
601;0
602;0
603;0
604;0
605;2
606;0
607;0
608;0
609;0
610;0
611;1
612;0
613;1
614;0
615;2
616;2
617;0
618;0
619;0
620;0
621;0
622;0
623;0
624;0
625;0
626;0
627;0
628;0
629;1
630;0
631;0
632;0
633;0
634;0
635;0
636;0
637;2
638;1
639;0
640;2
641;0
642;0
643;1
644;0
645;2
646;0
647;0
648;0
649;1
650;0
651;0
652;0
653;0
654;0
655;0
656;0
657;0
658;0
659;0
660;2
661;0
662;0
663;0
664;0
665;0
666;0
667;2
668;2
669;0
670;0
671;0
672;0
673;0
674;0
675;2
676;2
677;1
678;0
679;2
680;2
681;2
682;0
683;0
684;0
685;0
686;2
687;0
688;1
689;0
690;0
691;0
692;0
693;1
694;0
695;0
696;0
697;2
698;0
699;0
700;0
701;0
702;0
703;1
704;0
705;2
706;2
707;2
708;2
709;0
710;1
711;0
712;0
713;0
714;0
715;0
716;1
717;2
718;0
719;0
720;0
721;2
722;2
723;2
724;1
725;0
726;0
727;0
728;0
729;0
730;0
731;0
732;0
733;0
734;1
735;0
736;1
737;0
738;0
739;0
740;0
741;2
742;0
743;2
744;0
745;2
746;2
747;2
748;2
749;0
750;0
751;0
752;0
753;2
754;1
755;0
756;2
757;1
758;0
759;0
760;2
761;2
762;1
763;0
764;2
765;0
766;0
767;0
768;0
769;0
770;0
771;0
772;0
773;0
774;0
775;0
776;1
777;0
778;0
779;0
780;0
781;0
782;2
783;0
784;2
785;0
786;0
787;0
788;2
789;1
790;0
791;0
792;1
793;0
794;0
795;2
796;1
797;0
798;0
799;0
800;0
801;0
802;2
803;2
804;2
805;0
806;0
807;0
808;0
809;0
810;1
811;0
812;0
813;0
814;2
815;1
816;0
817;0
818;0
819;0
820;0
821;2
822;2
823;2
824;1
825;0
826;0
827;2
828;0
829;0
830;0
831;0
832;0
833;2
834;0
835;0
836;0
837;0
838;2
839;2
840;1
841;0
842;1
843;0
844;2
845;0
846;0
847;0
848;0
849;0
850;2
851;2
852;0
853;0
854;0
855;2
856;4
857;0
858;2
859;2
860;2
861;2
862;2
863;0
864;1
865;0
866;0
867;0
868;0
869;2
870;0
871;2
872;1
873;1
874;0
875;0
876;0
877;0
878;0
879;0
880;0
881;0
882;2
883;2
884;0
885;1
886;0
887;2
888;2
889;0
890;0
891;2
892;0
893;0
894;0
895;2
896;0
897;0
898;0
899;0
900;0
901;0
902;2
903;2
904;1
905;0
906;0
907;2
908;4
909;0
910;2
911;2
912;2
913;0
914;2
915;0
916;1
917;2
918;0
919;0
920;1
921;0
922;0
923;0
924;1
925;0
926;0
927;0
928;1
929;0
930;1
931;0
932;0
933;0
934;2
935;2
936;2
937;0
938;2
939;0
940;0
941;0
942;0
943;0
944;0
945;2
946;2
947;2
948;2
949;1
950;0
951;0
952;2
953;2
954;0
955;2
956;0
957;0
958;0
959;0
960;2
961;0
962;2
963;0
964;0
965;1
966;0
967;0
968;0
969;0
970;2
971;2
972;0
973;0
974;2
975;1
976;0
977;0
978;0
979;2
980;2
981;0
982;2
983;2
984;2
985;0
986;2
987;0
988;1
989;2
990;0
991;0
992;2
993;0
994;0
995;0
996;0
997;0
998;2
999;0
1000;2
1001;0
1002;0
1003;2
1004;0
1005;0
1006;0
1007;0
1008;0
1009;0
1010;0
1011;0
1012;0
1013;0
1014;1
1015;1
1016;0
1017;0
1018;0
1019;0
1020;0
1021;0
1022;0
1023;0
