0;1
1;0
2;0
3;2
4;2
5;0
6;2
7;1
8;0
9;0
10;2
11;0
12;0
13;0
14;0
15;0
16;0
17;0
18;0
19;0
20;0
21;0
22;0
23;0
24;0
25;0
26;0
27;0
28;0
29;1
30;0
31;1
32;0
33;0
34;0
35;0
36;0
37;0
38;0
39;0
40;2
41;0
42;1
43;0
44;0
45;0
46;2
47;0
48;1
49;0
50;1
51;0
52;2
53;2
54;2
55;2
56;0
57;1
58;0
59;0
60;2
61;0
62;0
63;0
64;0
65;0
66;0
67;0
68;0
69;0
70;0
71;2
72;0
73;2
74;0
75;0
76;0
77;0
78;0
79;0
80;0
81;0
82;0
83;0
84;0
85;2
86;0
87;1
88;1
89;0
90;0
91;0
92;1
93;2
94;0
95;0
96;0
97;2
98;0
99;2
100;1
101;1
102;2
103;0
104;4
105;0
106;0
107;1
108;2
109;2
110;1
111;0
112;1
113;0
114;0
115;0
116;1
117;0
118;0
119;0
120;0
121;0
122;0
123;0
124;0
125;2
126;2
127;2
128;0
129;0
130;0
131;2
132;2
133;0
134;2
135;0
136;1
137;0
138;2
139;1
140;0
141;0
142;0
143;0
144;0
145;0
146;2
147;0
148;0
149;2
150;0
151;0
152;0
153;1
154;0
155;2
156;0
157;0
158;0
159;0
160;0
161;0
162;0
163;0
164;0
165;0
166;0
167;0
168;2
169;0
170;0
171;2
172;0
173;1
174;0
175;0
176;0
177;0
178;0
179;2
180;1
181;0
182;0
183;0
184;0
185;0
186;1
187;2
188;2
189;0
190;0
191;0
192;0
193;0
194;0
195;0
196;1
197;0
198;0
199;1
200;0
201;0
202;1
203;0
204;1
205;0
206;0
207;2
208;0
209;0
210;1
211;0
212;0
213;0
214;0
215;0
216;0
217;0
218;0
219;0
220;1
221;0
222;0
223;0
224;2
225;0
226;0
227;0
228;2
229;2
230;0
231;0
232;2
233;0
234;0
235;1
236;0
237;2
238;0
239;0
240;0
241;0
242;0
243;0
244;0
245;1
246;0
247;0
248;0
249;0
250;0
251;0
252;0
253;1
254;0
255;0
256;0
257;0
258;0
259;0
260;1
261;0
262;0
263;2
264;2
265;0
266;2
267;2
268;2
269;0
270;2
271;0
272;1
273;0
274;0
275;0
276;0
277;0
278;0
279;0
280;0
281;0
282;1
283;0
284;0
285;0
286;0
287;2
288;1
289;0
290;0
291;2
292;2
293;0
294;1
295;0
296;0
297;0
298;2
299;0
300;0
301;0
302;0
303;0
304;2
305;0
306;1
307;0
308;0
309;0
310;0
311;0
312;2
313;0
314;0
315;0
316;0
317;0
318;0
319;0
320;0
321;0
322;0
323;0
324;0
325;0
326;1
327;2
328;0
329;0
330;2
331;0
332;0
333;0
334;0
335;0
336;0
337;0
338;0
339;1
340;0
341;0
342;0
343;0
344;2
345;0
346;0
347;1
348;0
349;0
350;0
351;0
352;0
353;0
354;1
355;0
356;2
357;1
358;2
359;2
360;2
361;0
362;2
363;2
364;0
365;0
366;0
367;0
368;1
369;0
370;1
371;0
372;0
373;0
374;0
375;1
376;0
377;0
378;2
379;2
380;2
381;1
382;0
383;0
384;2
385;1
386;1
387;0
388;0
389;0
390;1
391;0
392;0
393;0
394;2
395;0
396;0
397;0
398;0
399;0
400;0
401;0
402;0
403;2
404;1
405;0
406;2
407;0
408;1
409;0
410;0
411;0
412;0
413;0
414;0
415;0
416;0
417;0
418;2
419;0
420;2
421;1
422;0
423;0
424;0
425;0
426;2
427;2
428;0
429;0
430;2
431;0
432;0
433;0
434;2
435;0
436;0
437;0
438;0
439;2
440;2
441;2
442;0
443;0
444;0
445;0
446;0
447;0
448;2
449;2
450;0
451;0
452;0
453;0
454;0
455;0
456;0
457;2
458;2
459;1
460;1
461;0
462;0
463;1
464;0
465;1
466;0
467;2
468;1
469;0
470;0
471;0
472;1
473;2
474;0
475;1
476;0
477;2
478;0
479;0
480;0
481;0
482;0
483;0
484;0
485;0
486;2
487;0
488;0
489;1
490;0
491;2
492;1
493;1
494;0
495;1
496;0
497;0
498;0
499;2
500;0
501;1
502;0
503;0
504;0
505;0
506;0
507;2
508;2
509;0
510;0
511;0
512;0
513;0
514;0
515;0
516;2
517;1
518;0
519;0
520;0
521;0
522;1
523;0
524;0
525;0
526;0
527;0
528;0
529;2
530;1
531;0
532;2
533;0
534;0
535;0
536;0
537;0
538;0
539;0
540;0
541;0
542;0
543;2
544;0
545;2
546;1
547;2
548;2
549;0
550;0
551;1
552;0
553;2
554;0
555;0
556;1
557;0
558;1
559;0
560;1
561;0
562;0
563;2
564;4
565;0
566;2
567;1
568;0
569;0
570;0
571;0
572;2
573;2
574;0
575;0
576;0
577;0
578;0
579;0
580;0
581;0
582;0
583;2
584;0
585;2
586;0
587;0
588;1
589;0
590;1
591;0
592;0
593;0
594;0
595;0
596;0
597;0
598;0
599;0
600;1
601;0
602;1
603;0
604;2
605;0
606;0
607;1
608;1
609;1
610;0
611;0
612;2
613;0
614;0
615;1
616;0
617;2
618;1
619;0
620;0
621;0
622;0
623;1
624;0
625;1
626;0
627;2
628;2
629;0
630;0
631;0
632;0
633;0
634;0
635;0
636;1
637;0
638;1
639;0
640;0
641;0
642;0
643;2
644;2
645;0
646;0
647;2
648;1
649;0
650;0
651;0
652;0
653;0
654;0
655;0
656;0
657;1
658;0
659;0
660;0
661;0
662;1
663;0
664;2
665;0
666;0
667;1
668;0
669;0
670;2
671;0
672;0
673;0
674;0
675;0
676;0
677;0
678;0
679;0
680;0
681;0
682;0
683;2
684;0
685;0
686;2
687;2
688;1
689;0
690;0
691;2
692;0
693;2
694;0
695;0
696;1
697;1
698;0
699;2
700;2
701;1
702;0
703;1
704;0
705;1
706;0
707;2
708;0
709;0
710;1
711;2
712;2
713;1
714;0
715;0
716;0
717;1
718;1
719;1
720;0
721;2
722;0
723;0
724;0
725;0
726;0
727;0
728;0
729;1
730;2
731;2
732;2
733;0
734;1
735;0
736;0
737;0
738;0
739;0
740;1
741;2
742;0
743;0
744;0
745;2
746;2
747;2
748;2
749;0
750;1
751;1
752;0
753;0
754;0
755;0
756;0
757;2
758;2
759;0
760;1
761;0
762;0
763;0
764;0
765;2
766;0
767;0
768;0
769;1
770;0
771;2
772;1
773;0
774;0
775;2
776;0
777;0
778;0
779;1
780;0
781;0
782;2
783;0
784;2
785;0
786;0
787;1
788;0
789;0
790;0
791;0
792;0
793;2
794;1
795;0
796;2
797;0
798;0
799;0
800;0
801;1
802;0
803;0
804;0
805;0
806;0
807;0
808;1
809;0
810;0
811;0
812;0
813;0
814;2
815;0
816;0
817;0
818;0
819;0
820;2
821;1
822;0
823;0
824;1
825;0
826;2
827;2
828;0
829;0
830;0
831;0
832;0
833;0
834;2
835;2
836;1
837;0
838;0
839;0
840;0
841;0
842;1
843;0
844;1
845;0
846;2
847;2
848;1
849;0
850;2
851;0
852;0
853;2
854;2
855;0
856;1
857;0
858;0
859;2
860;0
861;0
862;0
863;2
864;0
865;2
866;0
867;0
868;0
869;0
870;2
871;0
872;1
873;0
874;0
875;0
876;0
877;0
878;0
879;0
880;0
881;0
882;0
883;2
884;0
885;0
886;1
887;0
888;0
889;0
890;0
891;2
892;1
893;1
894;0
895;0
896;0
897;0
898;0
899;2
900;2
901;0
902;2
903;2
904;0
905;2
906;2
907;2
908;0
909;0
910;0
911;2
912;1
913;0
914;0
915;2
916;2
917;1
918;0
919;0
920;0
921;0
922;2
923;0
924;1
925;0
926;2
927;0
928;1
929;0
930;1
931;0
932;1
933;1
934;0
935;0
936;0
937;0
938;2
939;2
940;2
941;0
942;2
943;0
944;2
945;1
946;0
947;0
948;0
949;2
950;0
951;2
952;0
953;0
954;0
955;2
956;2
957;2
958;0
959;0
960;0
961;0
962;0
963;0
964;0
965;0
966;1
967;0
968;0
969;1
970;0
971;0
972;0
973;0
974;0
975;1
976;0
977;0
978;0
979;2
980;0
981;0
982;0
983;0
984;0
985;0
986;2
987;0
988;2
989;0
990;1
991;0
992;2
993;0
994;0
995;0
996;0
997;0
998;0
999;2
1000;2
1001;1
1002;0
1003;0
1004;1
1005;0
1006;2
1007;2
1008;0
1009;0
1010;2
1011;2
1012;0
1013;0
1014;1
1015;0
1016;0
1017;0
1018;0
1019;0
1020;0
1021;0
1022;0
1023;0
