0;0
1;0
2;0
3;2
4;0
5;0
6;2
7;2
8;2
9;0
10;2
11;0
12;0
13;0
14;0
15;2
16;2
17;0
18;2
19;0
20;2
21;1
22;0
23;0
24;0
25;0
26;0
27;0
28;2
29;0
30;2
31;0
32;2
33;0
34;0
35;0
36;0
37;2
38;0
39;2
40;0
41;0
42;0
43;0
44;0
45;0
46;0
47;0
48;0
49;0
50;0
51;0
52;1
53;0
54;2
55;1
56;0
57;0
58;1
59;0
60;2
61;0
62;0
63;0
64;2
65;0
66;0
67;0
68;0
69;1
70;0
71;0
72;1
73;0
74;0
75;0
76;1
77;2
78;0
79;0
80;1
81;0
82;0
83;0
84;1
85;0
86;1
87;0
88;1
89;0
90;0
91;0
92;0
93;1
94;0
95;0
96;2
97;0
98;2
99;0
100;0
101;1
102;1
103;0
104;0
105;0
106;1
107;0
108;0
109;2
110;2
111;0
112;2
113;2
114;0
115;0
116;1
117;1
118;2
119;0
120;2
121;0
122;1
123;2
124;2
125;0
126;0
127;1
128;0
129;0
130;0
131;0
132;0
133;0
134;2
135;0
136;2
137;2
138;0
139;2
140;1
141;0
142;2
143;0
144;0
145;2
146;0
147;2
148;0
149;2
150;0
151;0
152;0
153;0
154;0
155;0
156;2
157;0
158;0
159;0
160;0
161;2
162;2
163;2
164;1
165;0
166;0
167;0
168;2
169;0
170;2
171;0
172;0
173;1
174;1
175;1
176;2
177;0
178;0
179;0
180;2
181;0
182;0
183;0
184;0
185;2
186;2
187;0
188;0
189;1
190;2
191;2
192;2
193;2
194;0
195;0
196;0
197;0
198;0
199;0
200;0
201;0
202;0
203;2
204;1
205;0
206;0
207;0
208;0
209;0
210;0
211;0
212;0
213;2
214;0
215;0
216;2
217;2
218;2
219;2
220;2
221;0
222;0
223;0
224;1
225;0
226;0
227;0
228;2
229;0
230;0
231;2
232;2
233;1
234;1
235;0
236;2
237;0
238;0
239;0
240;0
241;0
242;1
243;0
244;0
245;0
246;0
247;0
248;0
249;0
250;2
251;2
252;0
253;0
254;0
255;0
256;0
257;0
258;2
259;0
260;0
261;0
262;0
263;0
264;0
265;0
266;2
267;0
268;2
269;2
270;2
271;0
272;1
273;0
274;0
275;0
276;2
277;0
278;0
279;0
280;0
281;0
282;0
283;0
284;1
285;0
286;0
287;2
288;0
289;0
290;2
291;2
292;0
293;0
294;1
295;1
296;2
297;0
298;2
299;0
300;0
301;2
302;2
303;0
304;0
305;1
306;1
307;0
308;0
309;0
310;0
311;2
312;2
313;1
314;1
315;0
316;0
317;1
318;0
319;2
320;2
321;0
322;0
323;0
324;1
325;0
326;2
327;2
328;2
329;0
330;0
331;0
332;0
333;0
334;0
335;1
336;2
337;2
338;0
339;0
340;0
341;0
342;0
343;2
344;0
345;0
346;2
347;0
348;2
349;2
350;0
351;1
352;0
353;0
354;0
355;0
356;0
357;0
358;0
359;0
360;2
361;1
362;0
363;1
364;0
365;1
366;0
367;0
368;2
369;1
370;0
371;0
372;2
373;0
374;0
375;0
376;2
377;0
378;0
379;2
380;2
381;0
382;1
383;1
384;0
385;0
386;0
387;0
388;2
389;0
390;0
391;4
392;0
393;0
394;2
395;0
396;0
397;2
398;0
399;2
400;1
401;0
402;0
403;0
404;0
405;2
406;1
407;4
408;0
409;1
410;0
411;2
412;1
413;0
414;2
415;2
416;1
417;0
418;0
419;2
420;2
421;0
422;2
423;2
424;2
425;0
426;2
427;0
428;2
429;0
430;2
431;2
432;1
433;0
434;1
435;2
436;1
437;0
438;1
439;4
440;0
441;1
442;4
443;0
444;1
445;0
446;2
447;2
448;2
449;2
450;1
451;0
452;1
453;2
454;0
455;0
456;2
457;0
458;0
459;0
460;0
461;0
462;2
463;0
464;2
465;2
466;2
467;0
468;2
469;0
470;0
471;0
472;0
473;0
474;0
475;2
476;2
477;0
478;0
479;0
480;2
481;0
482;0
483;0
484;1
485;0
486;0
487;0
488;2
489;2
490;2
491;2
492;0
493;0
494;0
495;0
496;2
497;1
498;1
499;1
500;2
501;0
502;0
503;0
504;2
505;2
506;2
507;0
508;2
509;2
510;0
511;2
512;1
513;0
514;0
515;2
516;0
517;2
518;2
519;0
520;0
521;0
522;0
523;0
524;0
525;0
526;2
527;0
528;0
529;1
530;2
531;0
532;0
533;0
534;0
535;2
536;0
537;0
538;0
539;0
540;2
541;2
542;2
543;2
544;0
545;2
546;1
547;0
548;0
549;0
550;1
551;0
552;0
553;0
554;0
555;0
556;0
557;2
558;2
559;0
560;2
561;2
562;1
563;0
564;1
565;1
566;0
567;0
568;2
569;0
570;0
571;0
572;0
573;0
574;0
575;0
576;2
577;2
578;2
579;2
580;2
581;0
582;2
583;0
584;1
585;2
586;2
587;0
588;0
589;0
590;0
591;0
592;0
593;0
594;0
595;2
596;0
597;2
598;2
599;0
600;2
601;0
602;1
603;0
604;2
605;0
606;0
607;2
608;0
609;0
610;0
611;0
612;0
613;2
614;0
615;0
616;0
617;0
618;2
619;0
620;2
621;0
622;0
623;0
624;0
625;0
626;0
627;1
628;0
629;0
630;2
631;0
632;0
633;0
634;0
635;1
636;0
637;0
638;0
639;0
640;0
641;2
642;0
643;0
644;2
645;0
646;0
647;0
648;4
649;1
650;0
651;0
652;0
653;2
654;2
655;2
656;2
657;0
658;0
659;2
660;0
661;0
662;0
663;2
664;1
665;0
666;0
667;1
668;2
669;0
670;2
671;0
672;2
673;0
674;2
675;2
676;0
677;2
678;1
679;0
680;2
681;0
682;2
683;0
684;2
685;2
686;2
687;0
688;0
689;0
690;2
691;0
692;0
693;0
694;1
695;0
696;2
697;0
698;0
699;0
700;2
701;2
702;1
703;2
704;0
705;0
706;2
707;2
708;0
709;2
710;0
711;0
712;0
713;0
714;2
715;0
716;0
717;0
718;2
719;1
720;2
721;2
722;2
723;0
724;1
725;0
726;0
727;0
728;0
729;1
730;1
731;0
732;1
733;0
734;2
735;1
736;0
737;2
738;0
739;0
740;0
741;0
742;0
743;0
744;0
745;0
746;0
747;0
748;0
749;0
750;0
751;2
752;1
753;0
754;0
755;2
756;2
757;0
758;2
759;1
760;0
761;0
762;2
763;0
764;1
765;2
766;0
767;0
768;0
769;0
770;0
771;0
772;2
773;1
774;0
775;0
776;2
777;2
778;0
779;0
780;1
781;0
782;0
783;1
784;0
785;1
786;0
787;0
788;0
789;0
790;0
791;0
792;0
793;0
794;1
795;0
796;2
797;0
798;0
799;0
800;0
801;1
802;2
803;0
804;2
805;0
806;0
807;0
808;0
809;0
810;0
811;0
812;2
813;0
814;1
815;1
816;0
817;0
818;2
819;0
820;0
821;0
822;0
823;0
824;0
825;0
826;0
827;2
828;0
829;0
830;2
831;0
832;2
833;1
834;0
835;2
836;2
837;0
838;0
839;0
840;0
841;0
842;0
843;0
844;0
845;2
846;1
847;0
848;1
849;0
850;1
851;0
852;1
853;0
854;0
855;0
856;2
857;0
858;2
859;2
860;1
861;2
862;2
863;1
864;0
865;0
866;0
867;0
868;0
869;1
870;1
871;0
872;0
873;0
874;1
875;0
876;0
877;0
878;2
879;2
880;2
881;0
882;0
883;0
884;4
885;1
886;0
887;1
888;0
889;0
890;0
891;0
892;1
893;0
894;0
895;0
896;2
897;2
898;2
899;0
900;0
901;0
902;0
903;2
904;1
905;0
906;0
907;2
908;0
909;0
910;2
911;2
912;2
913;2
914;0
915;0
916;1
917;0
918;0
919;0
920;0
921;0
922;2
923;0
924;1
925;0
926;0
927;0
928;0
929;0
930;0
931;0
932;0
933;0
934;2
935;2
936;1
937;0
938;0
939;0
940;0
941;0
942;0
943;0
944;2
945;2
946;1
947;0
948;0
949;1
950;0
951;1
952;0
953;0
954;0
955;0
956;0
957;0
958;0
959;0
960;0
961;0
962;0
963;1
964;0
965;0
966;0
967;0
968;1
969;0
970;0
971;0
972;2
973;0
974;2
975;0
976;2
977;0
978;0
979;0
980;2
981;0
982;0
983;0
984;0
985;2
986;1
987;1
988;0
989;0
990;2
991;0
992;0
993;1
994;0
995;0
996;0
997;0
998;2
999;0
1000;0
1001;2
1002;2
1003;2
1004;2
1005;2
1006;1
1007;0
1008;2
1009;0
1010;1
1011;0
1012;0
1013;0
1014;1
1015;0
1016;0
1017;0
1018;0
1019;0
1020;0
1021;0
1022;0
1023;0
