0;1
1;0
2;0
3;0
4;0
5;0
6;2
7;1
8;0
9;0
10;0
11;0
12;4
13;0
14;0
15;0
16;0
17;0
18;1
19;0
20;2
21;2
22;0
23;0
24;0
25;2
26;2
27;2
28;1
29;0
30;0
31;0
32;0
33;0
34;0
35;0
36;0
37;2
38;0
39;1
40;1
41;0
42;0
43;0
44;0
45;0
46;0
47;0
48;0
49;0
50;0
51;0
52;1
53;0
54;2
55;2
56;2
57;0
58;1
59;0
60;2
61;0
62;0
63;0
64;0
65;0
66;0
67;0
68;0
69;0
70;1
71;0
72;1
73;0
74;0
75;0
76;1
77;2
78;0
79;0
80;1
81;0
82;0
83;0
84;2
85;2
86;0
87;0
88;0
89;0
90;0
91;0
92;0
93;0
94;0
95;0
96;0
97;0
98;2
99;0
100;1
101;0
102;0
103;0
104;1
105;0
106;0
107;0
108;0
109;0
110;2
111;0
112;2
113;2
114;0
115;0
116;0
117;1
118;2
119;0
120;1
121;0
122;2
123;0
124;0
125;0
126;0
127;0
128;0
129;1
130;0
131;0
132;0
133;0
134;0
135;0
136;2
137;2
138;0
139;1
140;2
141;2
142;0
143;0
144;0
145;1
146;0
147;0
148;0
149;2
150;0
151;1
152;0
153;0
154;0
155;0
156;2
157;0
158;0
159;0
160;2
161;2
162;2
163;0
164;1
165;0
166;1
167;0
168;0
169;2
170;0
171;0
172;1
173;1
174;0
175;0
176;2
177;0
178;0
179;0
180;1
181;1
182;0
183;0
184;2
185;2
186;2
187;2
188;0
189;0
190;0
191;0
192;2
193;0
194;0
195;2
196;0
197;0
198;0
199;1
200;0
201;0
202;0
203;1
204;0
205;0
206;0
207;0
208;0
209;0
210;0
211;1
212;0
213;2
214;0
215;0
216;2
217;2
218;2
219;2
220;0
221;0
222;0
223;0
224;1
225;1
226;0
227;0
228;2
229;0
230;2
231;2
232;2
233;1
234;0
235;0
236;0
237;0
238;0
239;0
240;0
241;0
242;0
243;0
244;2
245;0
246;0
247;0
248;2
249;0
250;0
251;2
252;0
253;0
254;1
255;0
256;2
257;0
258;1
259;0
260;2
261;0
262;0
263;0
264;0
265;0
266;0
267;0
268;0
269;2
270;1
271;0
272;1
273;0
274;0
275;0
276;2
277;0
278;0
279;0
280;0
281;0
282;0
283;0
284;1
285;0
286;0
287;2
288;0
289;0
290;2
291;2
292;0
293;0
294;1
295;0
296;1
297;0
298;2
299;0
300;0
301;2
302;1
303;0
304;0
305;1
306;0
307;0
308;0
309;0
310;1
311;1
312;1
313;1
314;1
315;0
316;0
317;0
318;2
319;2
320;4
321;0
322;0
323;0
324;1
325;0
326;0
327;2
328;2
329;0
330;0
331;0
332;0
333;0
334;0
335;0
336;0
337;2
338;0
339;0
340;0
341;2
342;2
343;2
344;0
345;0
346;2
347;0
348;2
349;0
350;0
351;1
352;0
353;0
354;0
355;1
356;0
357;0
358;0
359;2
360;2
361;2
362;1
363;1
364;0
365;1
366;0
367;2
368;2
369;2
370;2
371;1
372;0
373;0
374;0
375;0
376;1
377;0
378;0
379;2
380;2
381;0
382;1
383;0
384;2
385;2
386;1
387;0
388;1
389;1
390;0
391;0
392;0
393;2
394;2
395;0
396;0
397;2
398;2
399;1
400;0
401;0
402;0
403;0
404;0
405;0
406;1
407;0
408;2
409;0
410;2
411;2
412;1
413;0
414;2
415;2
416;0
417;0
418;0
419;0
420;4
421;0
422;0
423;2
424;2
425;0
426;0
427;0
428;4
429;1
430;2
431;1
432;0
433;0
434;1
435;2
436;1
437;0
438;1
439;2
440;1
441;1
442;2
443;2
444;2
445;2
446;2
447;0
448;2
449;1
450;0
451;1
452;0
453;2
454;0
455;0
456;2
457;2
458;2
459;0
460;0
461;1
462;0
463;0
464;0
465;2
466;0
467;2
468;2
469;0
470;0
471;0
472;1
473;0
474;0
475;2
476;0
477;2
478;0
479;0
480;2
481;0
482;0
483;0
484;0
485;0
486;0
487;0
488;2
489;1
490;0
491;2
492;0
493;1
494;1
495;1
496;2
497;2
498;1
499;2
500;0
501;2
502;0
503;0
504;2
505;1
506;2
507;0
508;2
509;1
510;0
511;0
512;2
513;1
514;0
515;1
516;1
517;0
518;0
519;1
520;0
521;0
522;0
523;2
524;2
525;0
526;0
527;0
528;1
529;0
530;2
531;0
532;0
533;0
534;0
535;2
536;0
537;0
538;0
539;0
540;0
541;1
542;0
543;0
544;2
545;2
546;1
547;0
548;0
549;0
550;1
551;0
552;0
553;0
554;0
555;0
556;0
557;2
558;2
559;1
560;2
561;2
562;2
563;2
564;2
565;0
566;0
567;0
568;0
569;0
570;0
571;0
572;2
573;1
574;0
575;0
576;1
577;0
578;2
579;2
580;2
581;0
582;0
583;0
584;1
585;1
586;0
587;0
588;0
589;0
590;0
591;0
592;0
593;0
594;0
595;0
596;0
597;2
598;2
599;0
600;1
601;1
602;0
603;0
604;2
605;2
606;2
607;0
608;0
609;0
610;0
611;0
612;0
613;1
614;0
615;0
616;0
617;0
618;2
619;0
620;2
621;0
622;2
623;0
624;2
625;0
626;0
627;0
628;0
629;0
630;2
631;0
632;2
633;0
634;2
635;0
636;0
637;0
638;2
639;0
640;0
641;2
642;2
643;0
644;1
645;0
646;0
647;0
648;0
649;1
650;2
651;0
652;0
653;0
654;0
655;2
656;2
657;0
658;0
659;2
660;0
661;0
662;0
663;1
664;1
665;0
666;0
667;1
668;0
669;0
670;2
671;0
672;2
673;2
674;2
675;0
676;0
677;0
678;0
679;0
680;2
681;2
682;2
683;0
684;0
685;0
686;2
687;0
688;0
689;0
690;1
691;2
692;0
693;0
694;0
695;2
696;2
697;2
698;0
699;0
700;2
701;2
702;2
703;0
704;2
705;0
706;2
707;0
708;0
709;2
710;0
711;0
712;0
713;0
714;0
715;0
716;0
717;1
718;2
719;2
720;2
721;0
722;0
723;0
724;1
725;0
726;0
727;0
728;0
729;2
730;1
731;2
732;0
733;0
734;1
735;0
736;0
737;2
738;0
739;0
740;0
741;0
742;0
743;0
744;0
745;0
746;0
747;0
748;0
749;0
750;0
751;2
752;1
753;0
754;0
755;2
756;4
757;0
758;2
759;1
760;0
761;0
762;0
763;0
764;1
765;0
766;2
767;2
768;0
769;0
770;0
771;0
772;0
773;1
774;0
775;0
776;0
777;2
778;2
779;0
780;0
781;0
782;0
783;1
784;0
785;2
786;2
787;0
788;1
789;0
790;0
791;0
792;0
793;0
794;0
795;1
796;0
797;2
798;2
799;0
800;0
801;0
802;2
803;1
804;0
805;0
806;4
807;0
808;0
809;0
810;0
811;1
812;0
813;0
814;2
815;0
816;0
817;0
818;2
819;2
820;1
821;0
822;0
823;0
824;0
825;2
826;0
827;2
828;0
829;0
830;0
831;0
832;2
833;1
834;0
835;0
836;0
837;2
838;2
839;0
840;0
841;0
842;0
843;0
844;2
845;2
846;2
847;1
848;0
849;0
850;2
851;2
852;2
853;0
854;0
855;2
856;2
857;0
858;1
859;0
860;0
861;0
862;2
863;0
864;1
865;0
866;0
867;0
868;0
869;1
870;0
871;0
872;0
873;0
874;1
875;0
876;0
877;2
878;1
879;0
880;2
881;0
882;2
883;0
884;0
885;0
886;0
887;1
888;0
889;0
890;2
891;0
892;1
893;0
894;0
895;0
896;0
897;2
898;2
899;0
900;0
901;0
902;0
903;2
904;0
905;0
906;0
907;2
908;0
909;0
910;0
911;1
912;0
913;0
914;1
915;0
916;0
917;1
918;0
919;0
920;0
921;0
922;2
923;0
924;1
925;0
926;0
927;1
928;0
929;0
930;0
931;0
932;0
933;2
934;2
935;1
936;0
937;0
938;0
939;0
940;0
941;0
942;0
943;0
944;2
945;0
946;0
947;0
948;0
949;0
950;0
951;2
952;1
953;0
954;0
955;0
956;0
957;0
958;0
959;0
960;0
961;1
962;0
963;1
964;0
965;0
966;0
967;0
968;0
969;0
970;0
971;0
972;2
973;0
974;2
975;0
976;2
977;0
978;0
979;0
980;0
981;1
982;0
983;0
984;0
985;0
986;0
987;1
988;0
989;0
990;2
991;0
992;0
993;0
994;0
995;2
996;0
997;0
998;0
999;0
1000;2
1001;2
1002;0
1003;1
1004;0
1005;1
1006;0
1007;0
1008;2
1009;0
1010;1
1011;0
1012;0
1013;0
1014;1
1015;0
1016;0
1017;0
1018;0
1019;0
1020;0
1021;0
1022;0
1023;0
