0;1
1;0
2;0
3;2
4;2
5;0
6;2
7;2
8;2
9;0
10;2
11;2
12;1
13;0
14;0
15;0
16;0
17;0
18;2
19;0
20;4
21;1
22;0
23;0
24;0
25;2
26;0
27;2
28;1
29;0
30;0
31;0
32;2
33;0
34;0
35;0
36;1
37;2
38;0
39;2
40;1
41;0
42;0
43;0
44;1
45;0
46;0
47;0
48;0
49;0
50;0
51;2
52;1
53;0
54;2
55;2
56;1
57;0
58;0
59;2
60;2
61;0
62;2
63;2
64;2
65;2
66;2
67;0
68;2
69;1
70;1
71;0
72;2
73;0
74;0
75;0
76;0
77;0
78;0
79;2
80;0
81;0
82;1
83;0
84;1
85;0
86;0
87;0
88;1
89;2
90;0
91;0
92;0
93;0
94;0
95;2
96;2
97;0
98;0
99;0
100;1
101;0
102;0
103;0
104;0
105;0
106;0
107;0
108;2
109;1
110;0
111;0
112;1
113;0
114;1
115;0
116;0
117;0
118;1
119;0
120;0
121;0
122;1
123;0
124;0
125;0
126;0
127;0
128;0
129;0
130;2
131;0
132;2
133;0
134;2
135;0
136;2
137;0
138;2
139;0
140;2
141;0
142;0
143;0
144;0
145;2
146;2
147;0
148;2
149;2
150;0
151;0
152;0
153;0
154;0
155;0
156;0
157;2
158;0
159;0
160;0
161;0
162;0
163;0
164;0
165;0
166;0
167;0
168;2
169;2
170;0
171;0
172;2
173;2
174;2
175;0
176;1
177;0
178;0
179;0
180;2
181;0
182;0
183;0
184;1
185;1
186;1
187;2
188;0
189;0
190;0
191;0
192;1
193;1
194;0
195;0
196;0
197;2
198;1
199;2
200;0
201;2
202;0
203;0
204;2
205;0
206;0
207;2
208;0
209;0
210;0
211;0
212;0
213;0
214;1
215;2
216;1
217;0
218;2
219;0
220;1
221;0
222;0
223;0
224;0
225;2
226;1
227;0
228;1
229;0
230;1
231;0
232;0
233;0
234;0
235;0
236;1
237;0
238;0
239;0
240;2
241;2
242;2
243;2
244;0
245;0
246;2
247;1
248;0
249;0
250;0
251;0
252;0
253;0
254;2
255;1
256;0
257;0
258;0
259;2
260;2
261;1
262;0
263;1
264;0
265;0
266;2
267;0
268;2
269;0
270;2
271;2
272;0
273;0
274;2
275;0
276;0
277;0
278;0
279;0
280;0
281;0
282;0
283;0
284;2
285;0
286;2
287;0
288;0
289;0
290;0
291;0
292;0
293;0
294;2
295;0
296;0
297;0
298;2
299;0
300;0
301;0
302;0
303;0
304;0
305;0
306;0
307;0
308;0
309;0
310;0
311;0
312;1
313;0
314;0
315;0
316;0
317;0
318;1
319;0
320;0
321;0
322;1
323;1
324;2
325;0
326;2
327;0
328;0
329;0
330;0
331;2
332;0
333;0
334;0
335;2
336;1
337;0
338;2
339;2
340;2
341;0
342;0
343;0
344;0
345;0
346;0
347;0
348;0
349;1
350;0
351;2
352;0
353;0
354;0
355;2
356;2
357;0
358;1
359;0
360;0
361;1
362;2
363;2
364;2
365;0
366;0
367;2
368;1
369;0
370;1
371;0
372;0
373;0
374;0
375;0
376;0
377;1
378;0
379;0
380;2
381;2
382;0
383;0
384;0
385;0
386;2
387;2
388;0
389;0
390;2
391;0
392;2
393;2
394;0
395;1
396;2
397;0
398;0
399;0
400;1
401;0
402;0
403;0
404;2
405;2
406;1
407;1
408;0
409;1
410;0
411;0
412;2
413;2
414;2
415;2
416;2
417;0
418;0
419;0
420;2
421;1
422;0
423;0
424;0
425;0
426;1
427;0
428;0
429;0
430;1
431;0
432;1
433;0
434;0
435;0
436;0
437;2
438;2
439;0
440;2
441;1
442;0
443;2
444;1
445;0
446;0
447;0
448;2
449;2
450;1
451;0
452;1
453;0
454;2
455;2
456;2
457;2
458;2
459;0
460;2
461;2
462;2
463;0
464;0
465;2
466;1
467;2
468;1
469;0
470;2
471;0
472;1
473;0
474;1
475;4
476;0
477;0
478;0
479;0
480;0
481;2
482;2
483;2
484;2
485;1
486;0
487;2
488;1
489;0
490;0
491;0
492;2
493;2
494;0
495;0
496;0
497;0
498;2
499;0
500;0
501;2
502;2
503;0
504;0
505;0
506;0
507;0
508;0
509;0
510;0
511;2
512;2
513;0
514;0
515;0
516;2
517;0
518;0
519;0
520;1
521;0
522;1
523;0
524;1
525;0
526;0
527;2
528;4
529;0
530;2
531;2
532;2
533;0
534;2
535;0
536;1
537;0
538;1
539;0
540;1
541;0
542;0
543;2
544;0
545;2
546;1
547;1
548;0
549;0
550;0
551;0
552;2
553;0
554;0
555;0
556;0
557;2
558;2
559;0
560;0
561;1
562;4
563;0
564;1
565;0
566;1
567;2
568;0
569;2
570;2
571;2
572;0
573;2
574;0
575;0
576;2
577;0
578;2
579;0
580;2
581;0
582;2
583;0
584;0
585;0
586;0
587;2
588;0
589;0
590;0
591;0
592;0
593;1
594;0
595;0
596;2
597;2
598;1
599;0
600;0
601;0
602;2
603;0
604;0
605;0
606;2
607;1
608;4
609;2
610;2
611;4
612;2
613;2
614;2
615;2
616;1
617;0
618;2
619;2
620;1
621;0
622;0
623;2
624;2
625;0
626;2
627;2
628;2
629;0
630;0
631;0
632;2
633;0
634;0
635;0
636;1
637;0
638;0
639;0
640;2
641;2
642;2
643;2
644;1
645;0
646;0
647;0
648;2
649;0
650;0
651;0
652;0
653;0
654;0
655;0
656;0
657;0
658;0
659;0
660;0
661;2
662;2
663;2
664;2
665;0
666;1
667;0
668;0
669;0
670;1
671;2
672;0
673;0
674;0
675;0
676;0
677;1
678;0
679;0
680;0
681;2
682;0
683;0
684;2
685;0
686;0
687;0
688;2
689;0
690;0
691;0
692;0
693;0
694;0
695;0
696;2
697;0
698;0
699;0
700;0
701;0
702;2
703;0
704;1
705;0
706;2
707;0
708;2
709;1
710;0
711;0
712;2
713;1
714;1
715;0
716;0
717;2
718;1
719;0
720;0
721;0
722;0
723;2
724;0
725;0
726;1
727;2
728;1
729;0
730;0
731;1
732;2
733;0
734;2
735;0
736;2
737;0
738;2
739;2
740;0
741;1
742;0
743;2
744;4
745;0
746;2
747;0
748;2
749;0
750;1
751;2
752;2
753;0
754;0
755;0
756;0
757;0
758;1
759;0
760;2
761;0
762;0
763;0
764;2
765;0
766;0
767;0
768;0
769;0
770;2
771;2
772;1
773;0
774;2
775;2
776;1
777;0
778;2
779;2
780;2
781;0
782;1
783;2
784;2
785;0
786;2
787;0
788;1
789;0
790;0
791;0
792;0
793;0
794;2
795;2
796;2
797;0
798;2
799;0
800;0
801;0
802;0
803;0
804;0
805;2
806;2
807;0
808;0
809;0
810;0
811;0
812;0
813;2
814;0
815;0
816;0
817;0
818;0
819;0
820;1
821;0
822;0
823;0
824;0
825;2
826;2
827;2
828;1
829;0
830;0
831;2
832;1
833;1
834;1
835;0
836;0
837;0
838;0
839;0
840;0
841;0
842;0
843;0
844;0
845;2
846;2
847;0
848;1
849;0
850;2
851;1
852;0
853;0
854;2
855;0
856;1
857;0
858;0
859;0
860;1
861;0
862;0
863;2
864;2
865;2
866;0
867;0
868;0
869;1
870;0
871;0
872;2
873;0
874;0
875;0
876;0
877;0
878;0
879;2
880;0
881;0
882;0
883;2
884;1
885;0
886;0
887;1
888;0
889;0
890;0
891;0
892;0
893;2
894;0
895;2
896;0
897;0
898;2
899;2
900;2
901;0
902;0
903;0
904;2
905;0
906;0
907;2
908;1
909;0
910;0
911;0
912;0
913;1
914;0
915;2
916;1
917;0
918;2
919;1
920;0
921;0
922;1
923;0
924;0
925;0
926;0
927;0
928;0
929;1
930;0
931;1
932;2
933;0
934;2
935;0
936;0
937;2
938;2
939;2
940;2
941;0
942;2
943;0
944;1
945;0
946;0
947;0
948;2
949;1
950;0
951;2
952;2
953;0
954;1
955;0
956;2
957;0
958;2
959;2
960;2
961;0
962;2
963;0
964;2
965;2
966;0
967;0
968;0
969;0
970;0
971;1
972;0
973;0
974;0
975;2
976;1
977;0
978;0
979;1
980;2
981;2
982;2
983;2
984;4
985;2
986;0
987;0
988;0
989;0
990;1
991;2
992;1
993;4
994;0
995;1
996;2
997;0
998;0
999;0
1000;0
1001;2
1002;1
1003;0
1004;2
1005;0
1006;0
1007;0
1008;0
1009;0
1010;0
1011;0
1012;1
1013;1
1014;0
1015;0
1016;0
1017;0
1018;0
1019;0
1020;0
1021;0
1022;0
1023;0
