0;1
1;0
2;0
3;2
4;2
5;0
6;0
7;0
8;1
9;0
10;2
11;2
12;1
13;0
14;0
15;0
16;0
17;1
18;2
19;0
20;2
21;1
22;0
23;0
24;2
25;2
26;1
27;1
28;2
29;0
30;0
31;0
32;2
33;1
34;0
35;0
36;2
37;2
38;0
39;2
40;0
41;0
42;0
43;0
44;1
45;0
46;2
47;0
48;0
49;0
50;0
51;2
52;1
53;0
54;0
55;0
56;0
57;0
58;0
59;1
60;0
61;0
62;0
63;0
64;0
65;0
66;0
67;2
68;0
69;0
70;1
71;0
72;1
73;0
74;0
75;0
76;1
77;2
78;0
79;0
80;1
81;0
82;0
83;0
84;1
85;0
86;1
87;0
88;1
89;0
90;0
91;0
92;0
93;0
94;0
95;0
96;2
97;0
98;2
99;0
100;1
101;0
102;2
103;0
104;0
105;0
106;0
107;0
108;0
109;0
110;2
111;0
112;2
113;0
114;0
115;0
116;1
117;0
118;2
119;0
120;2
121;0
122;2
123;0
124;2
125;0
126;0
127;0
128;0
129;0
130;0
131;2
132;0
133;2
134;2
135;0
136;2
137;1
138;0
139;0
140;2
141;2
142;0
143;0
144;0
145;2
146;2
147;1
148;0
149;2
150;0
151;0
152;0
153;0
154;0
155;0
156;2
157;0
158;0
159;0
160;2
161;0
162;2
163;0
164;1
165;0
166;1
167;0
168;0
169;0
170;2
171;0
172;0
173;1
174;2
175;2
176;1
177;1
178;0
179;0
180;0
181;0
182;0
183;0
184;0
185;2
186;2
187;0
188;0
189;2
190;1
191;0
192;0
193;0
194;0
195;2
196;0
197;0
198;0
199;0
200;0
201;0
202;0
203;2
204;1
205;0
206;2
207;0
208;1
209;0
210;0
211;0
212;0
213;2
214;0
215;0
216;2
217;2
218;2
219;2
220;2
221;0
222;0
223;0
224;1
225;0
226;0
227;0
228;1
229;0
230;0
231;1
232;0
233;1
234;0
235;0
236;0
237;0
238;0
239;0
240;0
241;0
242;0
243;0
244;2
245;0
246;0
247;1
248;0
249;0
250;1
251;0
252;0
253;0
254;1
255;0
256;2
257;0
258;2
259;0
260;2
261;0
262;0
263;0
264;0
265;0
266;2
267;0
268;2
269;2
270;2
271;0
272;1
273;0
274;0
275;0
276;2
277;0
278;0
279;0
280;0
281;0
282;0
283;2
284;1
285;0
286;0
287;2
288;0
289;0
290;1
291;0
292;0
293;0
294;1
295;0
296;2
297;0
298;0
299;2
300;0
301;2
302;0
303;0
304;0
305;0
306;1
307;1
308;0
309;0
310;2
311;0
312;0
313;1
314;2
315;0
316;0
317;1
318;0
319;0
320;2
321;0
322;0
323;0
324;2
325;0
326;0
327;0
328;2
329;0
330;0
331;0
332;1
333;0
334;0
335;0
336;2
337;0
338;0
339;0
340;0
341;2
342;0
343;0
344;0
345;0
346;2
347;0
348;0
349;2
350;0
351;0
352;0
353;2
354;0
355;0
356;0
357;1
358;0
359;0
360;2
361;1
362;1
363;1
364;0
365;2
366;0
367;0
368;0
369;2
370;1
371;0
372;2
373;0
374;0
375;0
376;2
377;1
378;0
379;0
380;2
381;0
382;1
383;0
384;0
385;0
386;2
387;0
388;2
389;0
390;0
391;0
392;0
393;0
394;2
395;0
396;2
397;2
398;2
399;0
400;1
401;2
402;0
403;0
404;0
405;1
406;1
407;0
408;0
409;0
410;2
411;2
412;1
413;0
414;1
415;0
416;0
417;2
418;0
419;2
420;1
421;0
422;0
423;1
424;0
425;0
426;2
427;0
428;2
429;1
430;2
431;2
432;2
433;2
434;1
435;2
436;1
437;0
438;0
439;2
440;0
441;4
442;1
443;0
444;1
445;0
446;2
447;2
448;2
449;2
450;1
451;2
452;2
453;0
454;0
455;0
456;2
457;2
458;0
459;0
460;0
461;0
462;2
463;0
464;2
465;2
466;2
467;0
468;0
469;1
470;0
471;0
472;0
473;0
474;0
475;2
476;0
477;0
478;0
479;0
480;2
481;0
482;0
483;0
484;1
485;0
486;0
487;0
488;0
489;2
490;2
491;2
492;1
493;2
494;1
495;0
496;1
497;0
498;0
499;2
500;0
501;0
502;0
503;0
504;2
505;2
506;2
507;0
508;0
509;2
510;0
511;0
512;0
513;2
514;1
515;1
516;2
517;0
518;0
519;0
520;2
521;0
522;1
523;0
524;0
525;0
526;2
527;0
528;0
529;0
530;1
531;0
532;0
533;0
534;0
535;2
536;0
537;0
538;0
539;0
540;0
541;1
542;0
543;0
544;1
545;2
546;1
547;0
548;0
549;0
550;1
551;0
552;1
553;0
554;1
555;2
556;1
557;2
558;1
559;0
560;2
561;2
562;0
563;2
564;2
565;0
566;0
567;0
568;0
569;0
570;0
571;0
572;0
573;0
574;0
575;0
576;0
577;0
578;0
579;0
580;2
581;0
582;0
583;0
584;0
585;1
586;2
587;0
588;0
589;0
590;0
591;0
592;1
593;0
594;0
595;0
596;2
597;1
598;0
599;0
600;2
601;0
602;1
603;0
604;2
605;0
606;1
607;2
608;0
609;0
610;0
611;0
612;0
613;1
614;0
615;0
616;0
617;0
618;2
619;0
620;2
621;0
622;0
623;0
624;2
625;0
626;0
627;0
628;0
629;0
630;1
631;2
632;0
633;0
634;2
635;0
636;0
637;0
638;2
639;0
640;2
641;0
642;2
643;0
644;2
645;0
646;0
647;0
648;4
649;0
650;2
651;0
652;0
653;2
654;2
655;0
656;2
657;0
658;0
659;2
660;2
661;0
662;0
663;0
664;1
665;0
666;0
667;1
668;2
669;0
670;0
671;0
672;0
673;2
674;2
675;2
676;1
677;1
678;0
679;0
680;0
681;0
682;2
683;0
684;2
685;0
686;2
687;0
688;2
689;0
690;2
691;0
692;2
693;0
694;1
695;0
696;1
697;0
698;0
699;0
700;2
701;2
702;2
703;0
704;2
705;0
706;0
707;2
708;0
709;2
710;0
711;0
712;0
713;1
714;0
715;0
716;2
717;0
718;2
719;0
720;2
721;0
722;2
723;0
724;1
725;0
726;0
727;0
728;0
729;2
730;1
731;0
732;0
733;0
734;2
735;0
736;0
737;0
738;0
739;0
740;0
741;0
742;0
743;0
744;0
745;0
746;0
747;2
748;0
749;0
750;0
751;1
752;0
753;0
754;0
755;2
756;4
757;0
758;0
759;2
760;2
761;0
762;0
763;0
764;1
765;2
766;0
767;0
768;0
769;0
770;0
771;0
772;0
773;0
774;0
775;0
776;2
777;1
778;0
779;0
780;1
781;0
782;2
783;1
784;0
785;0
786;0
787;0
788;1
789;0
790;1
791;0
792;2
793;0
794;0
795;2
796;2
797;0
798;0
799;0
800;0
801;2
802;2
803;2
804;0
805;0
806;0
807;0
808;0
809;0
810;2
811;1
812;0
813;0
814;0
815;2
816;0
817;0
818;1
819;0
820;0
821;0
822;0
823;0
824;0
825;2
826;2
827;2
828;0
829;1
830;0
831;1
832;0
833;2
834;0
835;0
836;0
837;0
838;0
839;0
840;0
841;0
842;0
843;0
844;0
845;2
846;0
847;1
848;1
849;0
850;0
851;0
852;0
853;0
854;0
855;2
856;2
857;0
858;2
859;1
860;0
861;0
862;2
863;0
864;1
865;0
866;0
867;0
868;0
869;1
870;0
871;0
872;0
873;2
874;1
875;0
876;0
877;2
878;2
879;2
880;0
881;0
882;2
883;0
884;2
885;2
886;1
887;1
888;0
889;0
890;0
891;0
892;1
893;0
894;0
895;0
896;0
897;2
898;2
899;0
900;0
901;0
902;0
903;2
904;0
905;0
906;0
907;1
908;0
909;0
910;2
911;1
912;0
913;0
914;2
915;0
916;2
917;1
918;0
919;0
920;0
921;0
922;1
923;0
924;0
925;1
926;0
927;1
928;0
929;0
930;0
931;0
932;0
933;2
934;2
935;1
936;0
937;0
938;0
939;0
940;0
941;1
942;0
943;1
944;2
945;2
946;1
947;1
948;0
949;0
950;0
951;1
952;0
953;0
954;0
955;0
956;0
957;0
958;0
959;0
960;0
961;0
962;0
963;2
964;1
965;0
966;0
967;0
968;0
969;0
970;0
971;0
972;0
973;0
974;2
975;0
976;2
977;0
978;2
979;0
980;0
981;1
982;0
983;0
984;0
985;0
986;0
987;1
988;0
989;0
990;2
991;0
992;2
993;2
994;0
995;0
996;0
997;0
998;2
999;1
1000;2
1001;1
1002;2
1003;2
1004;0
1005;2
1006;2
1007;2
1008;1
1009;0
1010;2
1011;1
1012;0
1013;1
1014;1
1015;0
1016;0
1017;0
1018;0
1019;0
1020;0
1021;0
1022;0
1023;0
