0;1
1;0
2;0
3;0
4;2
5;0
6;0
7;2
8;0
9;0
10;2
11;0
12;2
13;2
14;0
15;0
16;0
17;0
18;2
19;2
20;0
21;0
22;0
23;0
24;0
25;0
26;0
27;0
28;0
29;2
30;2
31;1
32;0
33;0
34;1
35;0
36;0
37;0
38;2
39;0
40;0
41;0
42;2
43;1
44;0
45;0
46;2
47;0
48;1
49;0
50;0
51;0
52;2
53;1
54;0
55;0
56;0
57;1
58;0
59;2
60;0
61;0
62;0
63;0
64;0
65;0
66;1
67;0
68;2
69;0
70;0
71;2
72;0
73;0
74;0
75;0
76;0
77;0
78;2
79;1
80;0
81;2
82;0
83;0
84;2
85;1
86;2
87;2
88;1
89;0
90;0
91;0
92;1
93;1
94;0
95;0
96;0
97;1
98;0
99;2
100;2
101;0
102;1
103;0
104;4
105;0
106;0
107;0
108;1
109;0
110;1
111;0
112;1
113;0
114;0
115;0
116;2
117;0
118;1
119;0
120;0
121;0
122;1
123;0
124;1
125;0
126;0
127;1
128;4
129;0
130;2
131;1
132;0
133;0
134;0
135;0
136;2
137;0
138;1
139;0
140;2
141;0
142;0
143;2
144;0
145;0
146;2
147;0
148;0
149;0
150;0
151;0
152;0
153;1
154;0
155;0
156;0
157;0
158;1
159;0
160;0
161;2
162;0
163;0
164;2
165;1
166;0
167;2
168;0
169;0
170;0
171;0
172;0
173;0
174;0
175;0
176;2
177;0
178;1
179;2
180;1
181;0
182;2
183;2
184;0
185;2
186;0
187;0
188;2
189;0
190;0
191;0
192;2
193;0
194;1
195;0
196;0
197;0
198;0
199;2
200;2
201;1
202;1
203;0
204;0
205;0
206;2
207;2
208;2
209;1
210;0
211;0
212;0
213;2
214;1
215;0
216;0
217;0
218;0
219;0
220;0
221;0
222;1
223;1
224;0
225;0
226;2
227;2
228;1
229;0
230;0
231;2
232;4
233;0
234;2
235;2
236;0
237;0
238;2
239;0
240;2
241;2
242;1
243;0
244;0
245;1
246;2
247;0
248;1
249;0
250;0
251;1
252;0
253;2
254;2
255;2
256;2
257;2
258;0
259;0
260;2
261;0
262;0
263;0
264;0
265;2
266;0
267;0
268;0
269;0
270;1
271;0
272;0
273;2
274;2
275;1
276;2
277;0
278;0
279;0
280;0
281;1
282;0
283;0
284;0
285;0
286;2
287;0
288;0
289;0
290;1
291;0
292;0
293;0
294;0
295;0
296;0
297;0
298;1
299;0
300;0
301;0
302;0
303;0
304;2
305;2
306;1
307;0
308;0
309;0
310;0
311;0
312;1
313;1
314;2
315;0
316;0
317;1
318;2
319;2
320;2
321;0
322;1
323;0
324;0
325;0
326;1
327;0
328;2
329;0
330;0
331;0
332;0
333;0
334;0
335;0
336;1
337;0
338;1
339;0
340;0
341;0
342;1
343;1
344;0
345;2
346;2
347;0
348;0
349;0
350;0
351;0
352;0
353;0
354;0
355;0
356;0
357;0
358;0
359;0
360;2
361;0
362;0
363;1
364;0
365;1
366;0
367;0
368;0
369;2
370;2
371;2
372;2
373;1
374;0
375;0
376;0
377;2
378;2
379;2
380;0
381;0
382;0
383;0
384;0
385;0
386;0
387;0
388;2
389;0
390;0
391;0
392;0
393;0
394;0
395;0
396;0
397;0
398;0
399;2
400;1
401;0
402;0
403;0
404;0
405;0
406;0
407;0
408;0
409;1
410;1
411;0
412;0
413;0
414;2
415;1
416;0
417;1
418;0
419;0
420;0
421;0
422;2
423;2
424;0
425;0
426;0
427;0
428;0
429;0
430;1
431;0
432;1
433;0
434;2
435;2
436;2
437;0
438;0
439;0
440;2
441;0
442;0
443;2
444;2
445;0
446;1
447;0
448;0
449;0
450;1
451;0
452;0
453;2
454;2
455;0
456;1
457;0
458;0
459;0
460;0
461;0
462;0
463;2
464;0
465;0
466;0
467;0
468;1
469;2
470;0
471;1
472;0
473;0
474;1
475;0
476;0
477;0
478;0
479;0
480;2
481;0
482;2
483;0
484;2
485;2
486;2
487;2
488;1
489;0
490;1
491;1
492;0
493;0
494;0
495;2
496;0
497;1
498;0
499;0
500;0
501;2
502;1
503;2
504;2
505;0
506;0
507;0
508;0
509;2
510;0
511;0
512;1
513;1
514;0
515;0
516;0
517;0
518;0
519;0
520;0
521;0
522;1
523;0
524;0
525;2
526;1
527;0
528;2
529;0
530;0
531;0
532;2
533;0
534;0
535;0
536;0
537;0
538;0
539;0
540;0
541;2
542;2
543;2
544;2
545;0
546;2
547;2
548;0
549;2
550;0
551;0
552;2
553;0
554;1
555;0
556;0
557;2
558;0
559;0
560;0
561;0
562;2
563;0
564;0
565;1
566;0
567;0
568;1
569;0
570;0
571;0
572;0
573;0
574;2
575;1
576;1
577;0
578;0
579;2
580;2
581;0
582;2
583;2
584;2
585;0
586;2
587;2
588;2
589;1
590;0
591;0
592;1
593;0
594;0
595;0
596;1
597;0
598;0
599;0
600;2
601;0
602;0
603;0
604;0
605;2
606;0
607;0
608;2
609;0
610;1
611;0
612;0
613;0
614;1
615;0
616;0
617;0
618;0
619;0
620;0
621;0
622;0
623;0
624;0
625;0
626;0
627;0
628;0
629;0
630;2
631;2
632;1
633;0
634;0
635;1
636;4
637;0
638;2
639;2
640;2
641;0
642;0
643;0
644;1
645;0
646;0
647;0
648;0
649;1
650;0
651;0
652;0
653;0
654;1
655;0
656;2
657;1
658;0
659;0
660;2
661;2
662;0
663;0
664;0
665;2
666;0
667;0
668;0
669;0
670;0
671;0
672;0
673;0
674;0
675;0
676;2
677;0
678;0
679;0
680;0
681;0
682;0
683;2
684;2
685;0
686;1
687;0
688;0
689;0
690;0
691;2
692;2
693;1
694;0
695;2
696;2
697;2
698;0
699;0
700;0
701;0
702;1
703;2
704;1
705;0
706;0
707;0
708;0
709;1
710;0
711;1
712;0
713;0
714;0
715;0
716;0
717;0
718;0
719;2
720;1
721;0
722;0
723;2
724;2
725;0
726;2
727;0
728;0
729;0
730;0
731;0
732;1
733;2
734;0
735;0
736;0
737;2
738;2
739;2
740;2
741;0
742;1
743;0
744;0
745;0
746;2
747;1
748;0
749;0
750;2
751;0
752;0
753;0
754;0
755;2
756;0
757;1
758;0
759;2
760;0
761;2
762;2
763;2
764;2
765;0
766;1
767;0
768;0
769;2
770;1
771;0
772;2
773;1
774;0
775;0
776;0
777;2
778;1
779;0
780;2
781;0
782;0
783;0
784;0
785;0
786;0
787;0
788;0
789;0
790;0
791;0
792;1
793;0
794;0
795;0
796;0
797;0
798;2
799;0
800;2
801;0
802;1
803;0
804;2
805;1
806;0
807;0
808;1
809;0
810;0
811;2
812;1
813;0
814;0
815;0
816;0
817;0
818;2
819;2
820;2
821;0
822;0
823;0
824;0
825;0
826;1
827;0
828;0
829;0
830;2
831;2
832;1
833;0
834;0
835;0
836;0
837;2
838;2
839;2
840;0
841;0
842;0
843;2
844;0
845;0
846;0
847;0
848;2
849;0
850;0
851;0
852;0
853;0
854;2
855;2
856;1
857;0
858;1
859;0
860;0
861;0
862;0
863;0
864;0
865;0
866;0
867;2
868;1
869;0
870;0
871;0
872;0
873;0
874;2
875;0
876;1
877;1
878;0
879;0
880;0
881;2
882;1
883;0
884;0
885;0
886;2
887;0
888;0
889;2
890;2
891;2
892;2
893;0
894;0
895;2
896;0
897;0
898;0
899;2
900;0
901;0
902;1
903;0
904;0
905;0
906;2
907;0
908;1
909;0
910;2
911;0
912;1
913;0
914;1
915;0
916;1
917;0
918;0
919;1
920;0
921;0
922;2
923;2
924;2
925;0
926;2
927;0
928;1
929;1
930;0
931;0
932;0
933;2
934;1
935;2
936;2
937;1
938;0
939;0
940;0
941;2
942;0
943;2
944;0
945;0
946;0
947;0
948;0
949;0
950;2
951;0
952;0
953;1
954;0
955;0
956;2
957;0
958;0
959;2
960;0
961;0
962;2
963;1
964;0
965;0
966;0
967;2
968;0
969;0
970;2
971;0
972;0
973;0
974;2
975;2
976;2
977;0
978;0
979;0
980;0
981;0
982;0
983;0
984;1
985;0
986;2
987;2
988;2
989;0
990;0
991;2
992;2
993;0
994;2
995;2
996;0
997;0
998;2
999;2
1000;1
1001;1
1002;0
1003;2
1004;4
1005;0
1006;2
1007;1
1008;1
1009;0
1010;2
1011;0
1012;1
1013;0
1014;1
1015;0
1016;0
1017;0
1018;0
1019;0
1020;0
1021;0
1022;0
1023;0
