0;1
1;0
2;0
3;2
4;2
5;0
6;2
7;2
8;0
9;0
10;2
11;2
12;2
13;0
14;1
15;0
16;0
17;0
18;0
19;0
20;0
21;1
22;0
23;0
24;0
25;2
26;2
27;1
28;0
29;0
30;0
31;0
32;0
33;0
34;0
35;0
36;0
37;2
38;0
39;2
40;0
41;0
42;0
43;0
44;0
45;0
46;0
47;0
48;0
49;0
50;0
51;2
52;1
53;0
54;0
55;2
56;2
57;0
58;0
59;0
60;0
61;0
62;0
63;0
64;0
65;0
66;0
67;2
68;0
69;0
70;1
71;0
72;1
73;0
74;0
75;0
76;1
77;2
78;2
79;0
80;1
81;0
82;0
83;0
84;2
85;0
86;0
87;0
88;0
89;0
90;0
91;0
92;1
93;0
94;0
95;0
96;2
97;0
98;0
99;2
100;1
101;0
102;0
103;0
104;1
105;0
106;1
107;0
108;0
109;0
110;1
111;0
112;1
113;0
114;2
115;0
116;0
117;0
118;0
119;2
120;2
121;0
122;2
123;2
124;2
125;0
126;2
127;0
128;2
129;0
130;0
131;0
132;0
133;0
134;1
135;0
136;2
137;2
138;0
139;0
140;0
141;1
142;0
143;0
144;0
145;0
146;0
147;0
148;0
149;2
150;0
151;0
152;1
153;0
154;2
155;0
156;0
157;2
158;2
159;2
160;0
161;2
162;0
163;0
164;0
165;0
166;0
167;0
168;0
169;0
170;0
171;0
172;2
173;2
174;2
175;0
176;0
177;0
178;1
179;0
180;0
181;0
182;2
183;2
184;0
185;0
186;0
187;0
188;2
189;0
190;0
191;2
192;2
193;0
194;0
195;0
196;2
197;2
198;0
199;4
200;1
201;0
202;2
203;0
204;0
205;0
206;2
207;1
208;0
209;2
210;2
211;0
212;0
213;0
214;0
215;1
216;2
217;0
218;0
219;0
220;1
221;0
222;0
223;0
224;0
225;0
226;0
227;2
228;1
229;0
230;2
231;0
232;1
233;0
234;0
235;1
236;0
237;2
238;0
239;0
240;2
241;2
242;1
243;0
244;2
245;2
246;0
247;0
248;2
249;0
250;0
251;0
252;2
253;0
254;0
255;1
256;0
257;2
258;0
259;1
260;1
261;0
262;0
263;2
264;0
265;0
266;0
267;0
268;0
269;0
270;0
271;0
272;0
273;0
274;0
275;0
276;0
277;0
278;1
279;0
280;1
281;0
282;0
283;0
284;2
285;0
286;0
287;0
288;0
289;1
290;0
291;0
292;2
293;2
294;2
295;2
296;1
297;0
298;0
299;0
300;1
301;0
302;0
303;0
304;1
305;0
306;0
307;2
308;4
309;0
310;2
311;1
312;0
313;0
314;2
315;0
316;2
317;0
318;1
319;0
320;0
321;0
322;1
323;0
324;2
325;0
326;0
327;1
328;0
329;0
330;0
331;0
332;0
333;0
334;0
335;0
336;0
337;1
338;1
339;0
340;1
341;0
342;0
343;2
344;0
345;0
346;0
347;0
348;2
349;2
350;0
351;0
352;0
353;1
354;0
355;0
356;0
357;0
358;0
359;2
360;2
361;1
362;1
363;0
364;2
365;2
366;2
367;1
368;0
369;0
370;1
371;0
372;2
373;2
374;1
375;0
376;2
377;0
378;0
379;0
380;0
381;0
382;0
383;0
384;2
385;2
386;0
387;0
388;0
389;2
390;2
391;2
392;0
393;0
394;2
395;0
396;1
397;0
398;0
399;1
400;0
401;0
402;0
403;0
404;0
405;0
406;0
407;0
408;2
409;2
410;0
411;1
412;0
413;0
414;1
415;0
416;2
417;1
418;0
419;0
420;2
421;0
422;0
423;0
424;0
425;0
426;0
427;1
428;0
429;0
430;1
431;1
432;0
433;0
434;0
435;0
436;4
437;0
438;0
439;0
440;0
441;0
442;0
443;0
444;2
445;0
446;2
447;0
448;1
449;0
450;0
451;0
452;0
453;2
454;1
455;0
456;2
457;0
458;1
459;0
460;0
461;1
462;0
463;0
464;2
465;0
466;2
467;1
468;0
469;0
470;1
471;2
472;2
473;0
474;0
475;0
476;1
477;0
478;1
479;4
480;4
481;0
482;0
483;2
484;1
485;0
486;2
487;2
488;1
489;0
490;1
491;2
492;1
493;0
494;0
495;0
496;2
497;0
498;0
499;0
500;0
501;1
502;0
503;0
504;0
505;2
506;2
507;0
508;0
509;0
510;0
511;0
512;0
513;0
514;0
515;1
516;0
517;0
518;0
519;0
520;2
521;0
522;0
523;0
524;1
525;0
526;0
527;0
528;2
529;2
530;2
531;0
532;0
533;2
534;0
535;1
536;2
537;2
538;1
539;0
540;0
541;0
542;0
543;0
544;2
545;1
546;0
547;0
548;2
549;2
550;0
551;0
552;0
553;2
554;1
555;0
556;0
557;0
558;2
559;2
560;1
561;0
562;2
563;2
564;2
565;0
566;2
567;2
568;0
569;2
570;2
571;1
572;2
573;0
574;0
575;0
576;1
577;2
578;2
579;2
580;2
581;0
582;0
583;2
584;1
585;0
586;0
587;0
588;0
589;0
590;0
591;2
592;0
593;0
594;0
595;0
596;0
597;1
598;0
599;0
600;2
601;2
602;2
603;1
604;0
605;0
606;0
607;2
608;4
609;0
610;2
611;1
612;2
613;0
614;0
615;0
616;2
617;0
618;2
619;0
620;0
621;0
622;0
623;1
624;0
625;2
626;2
627;1
628;0
629;2
630;2
631;2
632;2
633;0
634;0
635;0
636;0
637;0
638;0
639;0
640;0
641;0
642;0
643;0
644;2
645;2
646;0
647;0
648;0
649;0
650;0
651;0
652;1
653;0
654;0
655;0
656;0
657;0
658;0
659;0
660;0
661;0
662;0
663;0
664;2
665;2
666;2
667;2
668;0
669;2
670;1
671;0
672;2
673;0
674;0
675;2
676;0
677;0
678;1
679;0
680;0
681;0
682;0
683;0
684;0
685;0
686;0
687;2
688;2
689;0
690;0
691;0
692;2
693;0
694;0
695;0
696;0
697;1
698;0
699;1
700;2
701;0
702;2
703;0
704;0
705;0
706;0
707;0
708;1
709;0
710;0
711;2
712;2
713;0
714;2
715;1
716;0
717;0
718;0
719;0
720;0
721;1
722;0
723;0
724;0
725;1
726;0
727;0
728;0
729;2
730;2
731;2
732;0
733;0
734;0
735;0
736;0
737;0
738;2
739;0
740;1
741;0
742;0
743;1
744;1
745;0
746;2
747;0
748;1
749;0
750;2
751;0
752;0
753;0
754;0
755;2
756;0
757;0
758;2
759;1
760;0
761;0
762;0
763;0
764;1
765;0
766;0
767;2
768;0
769;0
770;0
771;0
772;0
773;2
774;0
775;0
776;1
777;0
778;0
779;0
780;2
781;0
782;1
783;0
784;2
785;0
786;0
787;0
788;2
789;2
790;2
791;0
792;0
793;0
794;1
795;0
796;0
797;2
798;0
799;0
800;0
801;0
802;0
803;0
804;2
805;0
806;2
807;0
808;2
809;1
810;0
811;0
812;1
813;0
814;0
815;0
816;2
817;0
818;1
819;0
820;0
821;0
822;0
823;0
824;0
825;2
826;0
827;0
828;0
829;0
830;0
831;1
832;2
833;2
834;0
835;0
836;0
837;0
838;1
839;0
840;2
841;0
842;0
843;2
844;1
845;0
846;2
847;0
848;1
849;0
850;0
851;0
852;2
853;0
854;0
855;0
856;2
857;2
858;0
859;0
860;0
861;0
862;2
863;1
864;0
865;2
866;0
867;0
868;0
869;0
870;0
871;0
872;1
873;0
874;2
875;2
876;2
877;0
878;0
879;0
880;0
881;2
882;0
883;0
884;0
885;0
886;0
887;1
888;0
889;0
890;1
891;0
892;1
893;0
894;0
895;0
896;1
897;0
898;2
899;2
900;1
901;0
902;0
903;0
904;0
905;2
906;0
907;2
908;0
909;0
910;0
911;0
912;2
913;0
914;0
915;2
916;0
917;0
918;0
919;0
920;0
921;0
922;0
923;0
924;2
925;2
926;2
927;2
928;1
929;0
930;2
931;1
932;0
933;0
934;1
935;0
936;0
937;0
938;0
939;0
940;2
941;2
942;2
943;2
944;2
945;0
946;0
947;0
948;2
949;2
950;2
951;0
952;2
953;0
954;0
955;0
956;0
957;0
958;0
959;0
960;2
961;2
962;2
963;1
964;0
965;0
966;0
967;1
968;1
969;0
970;0
971;2
972;1
973;0
974;2
975;1
976;0
977;2
978;2
979;0
980;0
981;1
982;0
983;0
984;0
985;0
986;0
987;0
988;0
989;0
990;0
991;1
992;0
993;0
994;0
995;0
996;0
997;0
998;0
999;0
1000;2
1001;0
1002;0
1003;0
1004;0
1005;0
1006;0
1007;0
1008;2
1009;2
1010;1
1011;0
1012;0
1013;0
1014;0
1015;1
1016;0
1017;0
1018;0
1019;0
1020;0
1021;0
1022;0
1023;0
