0;0
1;0
2;0
3;1
4;0
5;1
6;0
7;2
8;0
9;0
10;0
11;1
12;0
13;0
14;2
15;1
16;0
17;0
18;0
19;2
20;2
21;0
22;0
23;1
24;2
25;2
26;1
27;0
28;0
29;0
30;0
31;0
32;0
33;1
34;0
35;2
36;0
37;0
38;0
39;0
40;0
41;0
42;0
43;1
44;0
45;0
46;0
47;0
48;0
49;0
50;2
51;0
52;0
53;2
54;0
55;0
56;1
57;0
58;0
59;0
60;0
61;0
62;1
63;0
64;1
65;0
66;0
67;0
68;0
69;0
70;0
71;0
72;0
73;2
74;1
75;0
76;2
77;0
78;0
79;0
80;0
81;0
82;0
83;0
84;2
85;0
86;0
87;0
88;0
89;1
90;0
91;0
92;0
93;0
94;2
95;0
96;2
97;0
98;0
99;0
100;0
101;0
102;0
103;0
104;2
105;0
106;2
107;0
108;2
109;2
110;2
111;2
112;0
113;2
114;0
115;0
116;2
117;2
118;1
119;0
120;2
121;2
122;2
123;0
124;0
125;0
126;0
127;0
128;2
129;0
130;2
131;1
132;0
133;0
134;2
135;0
136;0
137;0
138;2
139;1
140;0
141;0
142;0
143;2
144;0
145;0
146;1
147;0
148;0
149;2
150;0
151;0
152;0
153;0
154;0
155;0
156;0
157;0
158;0
159;0
160;1
161;0
162;1
163;0
164;0
165;1
166;0
167;0
168;0
169;0
170;0
171;0
172;0
173;0
174;0
175;0
176;0
177;0
178;0
179;2
180;0
181;0
182;0
183;1
184;0
185;0
186;1
187;0
188;0
189;0
190;0
191;0
192;0
193;0
194;0
195;0
196;2
197;0
198;0
199;1
200;0
201;1
202;0
203;1
204;0
205;0
206;2
207;1
208;0
209;0
210;2
211;0
212;2
213;0
214;0
215;0
216;0
217;0
218;0
219;0
220;1
221;0
222;0
223;0
224;0
225;0
226;0
227;0
228;0
229;0
230;0
231;0
232;1
233;0
234;0
235;1
236;0
237;0
238;1
239;0
240;2
241;2
242;0
243;0
244;0
245;0
246;0
247;0
248;0
249;0
250;0
251;0
252;0
253;0
254;0
255;0
256;0
257;0
258;0
259;0
260;2
261;0
262;0
263;1
264;0
265;2
266;0
267;0
268;0
269;2
270;2
271;0
272;2
273;0
274;2
275;0
276;0
277;0
278;0
279;0
280;0
281;0
282;0
283;0
284;0
285;1
286;0
287;0
288;0
289;0
290;0
291;2
292;0
293;0
294;0
295;0
296;0
297;0
298;0
299;0
300;2
301;0
302;2
303;1
304;0
305;0
306;0
307;0
308;0
309;0
310;1
311;2
312;0
313;0
314;0
315;0
316;1
317;0
318;0
319;0
320;0
321;0
322;0
323;0
324;0
325;0
326;2
327;0
328;0
329;0
330;0
331;1
332;0
333;0
334;0
335;2
336;1
337;0
338;2
339;1
340;0
341;0
342;0
343;0
344;0
345;0
346;0
347;2
348;2
349;0
350;0
351;0
352;0
353;1
354;0
355;0
356;0
357;1
358;0
359;0
360;0
361;0
362;0
363;0
364;0
365;0
366;0
367;2
368;0
369;0
370;0
371;0
372;2
373;0
374;1
375;0
376;2
377;0
378;0
379;0
380;0
381;0
382;1
383;0
384;0
385;0
386;1
387;0
388;0
389;1
390;0
391;1
392;0
393;0
394;0
395;0
396;0
397;0
398;0
399;2
400;0
401;0
402;0
403;0
404;0
405;0
406;0
407;0
408;0
409;2
410;2
411;1
412;0
413;1
414;0
415;0
416;0
417;0
418;0
419;0
420;0
421;0
422;1
423;0
424;1
425;1
426;0
427;0
428;0
429;2
430;0
431;1
432;1
433;0
434;0
435;2
436;0
437;0
438;0
439;1
440;0
441;0
442;2
443;0
444;0
445;0
446;2
447;0
448;0
449;0
450;0
451;1
452;0
453;0
454;1
455;1
456;1
457;0
458;1
459;2
460;2
461;1
462;1
463;0
464;0
465;0
466;0
467;0
468;2
469;0
470;0
471;0
472;1
473;0
474;0
475;0
476;2
477;0
478;0
479;2
480;2
481;0
482;0
483;0
484;0
485;0
486;0
487;0
488;0
489;0
490;0
491;0
492;2
493;1
494;1
495;0
496;0
497;1
498;0
499;0
500;0
501;0
502;1
503;0
504;0
505;1
506;0
507;0
508;1
509;0
510;0
511;1
512;0
513;0
514;1
515;2
516;1
517;0
518;0
519;2
520;1
521;0
522;0
523;0
524;0
525;0
526;0
527;0
528;0
529;1
530;0
531;0
532;1
533;0
534;1
535;0
536;0
537;0
538;0
539;0
540;0
541;0
542;0
543;1
544;1
545;0
546;2
547;0
548;0
549;0
550;0
551;0
552;0
553;0
554;0
555;1
556;0
557;0
558;0
559;0
560;0
561;2
562;0
563;2
564;0
565;0
566;0
567;1
568;0
569;0
570;0
571;0
572;0
573;0
574;0
575;0
576;0
577;1
578;2
579;0
580;0
581;0
582;0
583;0
584;1
585;0
586;0
587;0
588;0
589;1
590;0
591;0
592;0
593;0
594;0
595;0
596;0
597;0
598;1
599;1
600;0
601;0
602;0
603;0
604;0
605;0
606;0
607;0
608;0
609;0
610;0
611;0
612;2
613;2
614;0
615;0
616;0
617;0
618;0
619;0
620;1
621;2
622;0
623;0
624;0
625;1
626;0
627;2
628;0
629;0
630;2
631;0
632;0
633;0
634;0
635;0
636;0
637;0
638;2
639;0
640;2
641;0
642;2
643;0
644;2
645;1
646;0
647;0
648;1
649;0
650;0
651;0
652;0
653;0
654;0
655;2
656;0
657;0
658;0
659;1
660;0
661;0
662;2
663;2
664;0
665;1
666;0
667;0
668;0
669;0
670;2
671;1
672;2
673;0
674;0
675;0
676;0
677;0
678;0
679;2
680;0
681;1
682;0
683;0
684;0
685;2
686;0
687;0
688;1
689;0
690;0
691;2
692;0
693;0
694;0
695;0
696;0
697;0
698;0
699;0
700;2
701;0
702;0
703;0
704;0
705;0
706;0
707;0
708;0
709;2
710;0
711;0
712;1
713;0
714;0
715;0
716;0
717;0
718;0
719;0
720;0
721;0
722;2
723;0
724;1
725;0
726;0
727;0
728;2
729;2
730;0
731;1
732;1
733;1
734;0
735;2
736;2
737;1
738;0
739;0
740;1
741;0
742;0
743;0
744;0
745;1
746;2
747;2
748;1
749;0
750;0
751;1
752;0
753;0
754;0
755;0
756;0
757;1
758;2
759;0
760;1
761;0
762;0
763;2
764;0
765;0
766;2
767;0
768;0
769;0
770;0
771;0
772;0
773;0
774;0
775;0
776;2
777;2
778;2
779;0
780;0
781;1
782;0
783;0
784;2
785;0
786;0
787;0
788;1
789;0
790;0
791;0
792;2
793;0
794;2
795;0
796;1
797;0
798;0
799;0
800;0
801;0
802;2
803;0
804;0
805;0
806;1
807;1
808;0
809;0
810;0
811;0
812;0
813;0
814;1
815;1
816;0
817;0
818;2
819;0
820;0
821;2
822;1
823;1
824;0
825;0
826;0
827;2
828;1
829;0
830;1
831;2
832;0
833;0
834;0
835;0
836;0
837;2
838;2
839;0
840;0
841;1
842;0
843;0
844;0
845;2
846;0
847;2
848;0
849;0
850;0
851;1
852;0
853;1
854;0
855;0
856;2
857;0
858;0
859;0
860;0
861;0
862;0
863;0
864;0
865;0
866;1
867;0
868;2
869;0
870;0
871;0
872;0
873;2
874;1
875;2
876;0
877;2
878;1
879;0
880;1
881;1
882;0
883;0
884;0
885;0
886;0
887;2
888;2
889;2
890;2
891;1
892;0
893;0
894;0
895;2
896;1
897;0
898;1
899;1
900;0
901;0
902;0
903;1
904;0
905;0
906;0
907;0
908;0
909;2
910;0
911;0
912;0
913;0
914;0
915;0
916;0
917;0
918;0
919;0
920;0
921;0
922;0
923;2
924;1
925;0
926;0
927;0
928;0
929;0
930;2
931;0
932;1
933;0
934;0
935;1
936;0
937;0
938;0
939;0
940;0
941;0
942;2
943;0
944;2
945;0
946;0
947;0
948;1
949;0
950;0
951;0
952;2
953;2
954;1
955;0
956;0
957;0
958;0
959;0
960;2
961;0
962;0
963;0
964;0
965;0
966;1
967;0
968;1
969;0
970;0
971;0
972;0
973;0
974;2
975;0
976;1
977;0
978;0
979;0
980;0
981;0
982;2
983;2
984;1
985;0
986;0
987;0
988;0
989;2
990;0
991;0
992;0
993;2
994;0
995;1
996;0
997;0
998;0
999;1
1000;0
1001;0
1002;1
1003;0
1004;0
1005;0
1006;2
1007;0
1008;1
1009;0
1010;0
1011;0
1012;1
1013;1
1014;1
1015;1
1016;0
1017;0
1018;0
1019;0
1020;0
1021;0
1022;0
1023;0
