0;1
1;0
2;0
3;2
4;4
5;0
6;2
7;2
8;2
9;0
10;2
11;0
12;1
13;0
14;0
15;0
16;0
17;0
18;2
19;0
20;1
21;0
22;0
23;0
24;1
25;0
26;0
27;0
28;0
29;0
30;2
31;0
32;2
33;0
34;0
35;0
36;0
37;2
38;0
39;2
40;0
41;0
42;0
43;0
44;1
45;2
46;0
47;0
48;0
49;0
50;0
51;2
52;1
53;0
54;2
55;2
56;1
57;0
58;0
59;2
60;1
61;1
62;2
63;2
64;2
65;0
66;2
67;0
68;2
69;0
70;1
71;0
72;2
73;0
74;0
75;0
76;0
77;0
78;0
79;2
80;0
81;0
82;1
83;0
84;1
85;0
86;0
87;0
88;1
89;2
90;0
91;0
92;1
93;0
94;0
95;0
96;1
97;2
98;2
99;0
100;1
101;0
102;0
103;0
104;0
105;0
106;0
107;0
108;2
109;0
110;0
111;0
112;0
113;0
114;1
115;2
116;1
117;0
118;2
119;0
120;0
121;0
122;2
123;0
124;2
125;0
126;0
127;0
128;1
129;0
130;2
131;0
132;2
133;0
134;2
135;0
136;2
137;0
138;0
139;2
140;4
141;0
142;0
143;0
144;0
145;0
146;2
147;0
148;1
149;0
150;0
151;0
152;2
153;2
154;0
155;0
156;0
157;0
158;0
159;2
160;0
161;2
162;0
163;0
164;1
165;0
166;0
167;0
168;2
169;0
170;0
171;0
172;2
173;1
174;0
175;0
176;1
177;0
178;0
179;0
180;0
181;0
182;2
183;0
184;1
185;1
186;0
187;0
188;2
189;0
190;0
191;0
192;1
193;0
194;0
195;0
196;0
197;2
198;2
199;2
200;0
201;2
202;2
203;2
204;0
205;0
206;0
207;2
208;1
209;0
210;0
211;0
212;0
213;0
214;0
215;2
216;1
217;0
218;0
219;0
220;0
221;0
222;0
223;0
224;0
225;1
226;0
227;0
228;2
229;2
230;2
231;2
232;2
233;2
234;0
235;0
236;1
237;0
238;1
239;0
240;2
241;2
242;2
243;2
244;2
245;1
246;0
247;0
248;2
249;0
250;0
251;0
252;0
253;0
254;0
255;0
256;2
257;0
258;0
259;0
260;0
261;0
262;2
263;2
264;0
265;0
266;1
267;0
268;0
269;0
270;2
271;0
272;2
273;0
274;0
275;0
276;0
277;0
278;0
279;0
280;2
281;2
282;2
283;2
284;1
285;0
286;0
287;0
288;0
289;0
290;0
291;0
292;0
293;0
294;0
295;0
296;1
297;0
298;0
299;2
300;0
301;0
302;1
303;0
304;0
305;0
306;1
307;1
308;2
309;0
310;1
311;2
312;0
313;2
314;2
315;0
316;0
317;0
318;0
319;0
320;2
321;0
322;2
323;2
324;2
325;1
326;1
327;0
328;0
329;0
330;2
331;2
332;4
333;0
334;0
335;1
336;2
337;2
338;2
339;2
340;2
341;2
342;2
343;2
344;1
345;0
346;0
347;0
348;4
349;0
350;2
351;2
352;2
353;0
354;0
355;0
356;1
357;0
358;1
359;0
360;1
361;0
362;1
363;2
364;0
365;0
366;2
367;2
368;2
369;0
370;0
371;0
372;1
373;0
374;0
375;0
376;0
377;0
378;0
379;0
380;0
381;0
382;0
383;0
384;0
385;0
386;0
387;0
388;1
389;0
390;0
391;0
392;2
393;0
394;0
395;1
396;0
397;0
398;1
399;0
400;0
401;0
402;0
403;0
404;1
405;0
406;0
407;0
408;0
409;2
410;1
411;0
412;0
413;0
414;0
415;0
416;1
417;0
418;0
419;2
420;2
421;0
422;1
423;0
424;0
425;0
426;2
427;0
428;1
429;0
430;0
431;0
432;0
433;0
434;2
435;2
436;1
437;0
438;0
439;2
440;1
441;0
442;2
443;0
444;2
445;0
446;2
447;0
448;2
449;0
450;0
451;0
452;0
453;0
454;0
455;0
456;0
457;0
458;0
459;0
460;1
461;2
462;0
463;2
464;2
465;0
466;2
467;0
468;1
469;0
470;2
471;2
472;0
473;0
474;2
475;0
476;2
477;0
478;1
479;0
480;0
481;1
482;0
483;0
484;1
485;0
486;0
487;0
488;2
489;2
490;0
491;0
492;0
493;0
494;2
495;0
496;0
497;2
498;2
499;0
500;2
501;0
502;0
503;0
504;0
505;0
506;0
507;2
508;2
509;0
510;0
511;0
512;2
513;0
514;0
515;0
516;1
517;0
518;0
519;0
520;2
521;2
522;1
523;2
524;1
525;2
526;2
527;0
528;0
529;0
530;1
531;2
532;0
533;0
534;0
535;0
536;2
537;2
538;2
539;0
540;2
541;4
542;0
543;0
544;0
545;2
546;1
547;2
548;0
549;1
550;0
551;0
552;4
553;2
554;1
555;0
556;2
557;0
558;2
559;0
560;2
561;1
562;2
563;0
564;0
565;0
566;0
567;2
568;0
569;0
570;0
571;0
572;0
573;1
574;0
575;2
576;2
577;2
578;1
579;0
580;0
581;0
582;0
583;0
584;1
585;0
586;0
587;0
588;0
589;2
590;0
591;0
592;0
593;2
594;2
595;1
596;0
597;0
598;0
599;0
600;0
601;0
602;0
603;0
604;1
605;0
606;0
607;0
608;2
609;1
610;2
611;2
612;2
613;0
614;0
615;0
616;1
617;1
618;2
619;0
620;0
621;1
622;0
623;0
624;0
625;0
626;0
627;0
628;2
629;2
630;2
631;2
632;2
633;0
634;1
635;0
636;2
637;0
638;1
639;2
640;0
641;0
642;0
643;0
644;1
645;1
646;0
647;0
648;0
649;0
650;2
651;0
652;2
653;0
654;0
655;0
656;2
657;0
658;0
659;0
660;0
661;0
662;0
663;0
664;0
665;0
666;2
667;0
668;0
669;0
670;2
671;0
672;1
673;0
674;2
675;0
676;2
677;1
678;0
679;0
680;4
681;1
682;1
683;4
684;0
685;2
686;2
687;2
688;1
689;0
690;2
691;1
692;1
693;0
694;0
695;2
696;2
697;0
698;0
699;2
700;2
701;0
702;2
703;0
704;2
705;1
706;0
707;1
708;0
709;0
710;0
711;0
712;1
713;0
714;0
715;1
716;0
717;0
718;2
719;2
720;2
721;0
722;2
723;2
724;0
725;2
726;2
727;2
728;2
729;0
730;2
731;0
732;0
733;0
734;0
735;0
736;0
737;0
738;2
739;0
740;0
741;0
742;1
743;0
744;2
745;0
746;0
747;0
748;2
749;2
750;1
751;0
752;2
753;0
754;0
755;2
756;0
757;2
758;0
759;0
760;1
761;0
762;0
763;0
764;0
765;0
766;2
767;2
768;2
769;2
770;2
771;0
772;1
773;0
774;0
775;0
776;0
777;0
778;1
779;0
780;0
781;0
782;0
783;0
784;0
785;2
786;0
787;0
788;0
789;0
790;0
791;0
792;0
793;0
794;0
795;0
796;0
797;0
798;0
799;2
800;2
801;0
802;0
803;2
804;1
805;1
806;0
807;0
808;0
809;0
810;0
811;0
812;0
813;0
814;0
815;0
816;0
817;2
818;0
819;0
820;1
821;0
822;0
823;1
824;0
825;0
826;2
827;0
828;1
829;0
830;0
831;0
832;1
833;0
834;2
835;1
836;2
837;0
838;0
839;0
840;0
841;0
842;1
843;0
844;0
845;0
846;1
847;1
848;0
849;0
850;2
851;0
852;0
853;0
854;2
855;0
856;1
857;0
858;2
859;2
860;1
861;0
862;0
863;0
864;0
865;2
866;0
867;2
868;0
869;0
870;2
871;2
872;1
873;0
874;2
875;0
876;1
877;0
878;0
879;2
880;2
881;0
882;0
883;2
884;2
885;0
886;2
887;2
888;2
889;0
890;0
891;1
892;2
893;2
894;0
895;0
896;0
897;0
898;0
899;0
900;1
901;2
902;2
903;2
904;1
905;0
906;2
907;1
908;0
909;0
910;1
911;0
912;0
913;0
914;0
915;0
916;2
917;2
918;2
919;2
920;2
921;0
922;2
923;1
924;1
925;1
926;0
927;2
928;0
929;0
930;2
931;0
932;1
933;0
934;0
935;0
936;0
937;2
938;2
939;0
940;0
941;0
942;0
943;1
944;1
945;0
946;0
947;2
948;1
949;0
950;2
951;2
952;0
953;2
954;0
955;0
956;0
957;1
958;0
959;0
960;0
961;0
962;2
963;0
964;0
965;0
966;0
967;1
968;0
969;0
970;0
971;0
972;0
973;0
974;2
975;2
976;2
977;0
978;0
979;0
980;0
981;0
982;1
983;0
984;2
985;2
986;0
987;0
988;0
989;0
990;0
991;0
992;0
993;0
994;0
995;0
996;0
997;0
998;0
999;0
1000;0
1001;0
1002;0
1003;0
1004;0
1005;0
1006;0
1007;0
1008;1
1009;0
1010;0
1011;0
1012;1
1013;0
1014;1
1015;0
1016;0
1017;0
1018;0
1019;0
1020;0
1021;0
1022;0
1023;0
