0;0
1;0
2;0
3;2
4;2
5;0
6;2
7;1
8;0
9;0
10;0
11;1
12;0
13;0
14;0
15;0
16;2
17;2
18;0
19;0
20;1
21;1
22;0
23;0
24;0
25;2
26;2
27;2
28;2
29;0
30;0
31;0
32;0
33;0
34;0
35;0
36;1
37;0
38;2
39;2
40;0
41;0
42;0
43;0
44;1
45;0
46;0
47;0
48;0
49;0
50;0
51;2
52;1
53;0
54;1
55;0
56;1
57;0
58;1
59;0
60;2
61;0
62;0
63;0
64;0
65;0
66;0
67;2
68;0
69;0
70;1
71;0
72;1
73;0
74;0
75;0
76;0
77;2
78;0
79;0
80;1
81;0
82;0
83;0
84;1
85;0
86;0
87;0
88;0
89;0
90;0
91;0
92;0
93;0
94;0
95;2
96;2
97;0
98;0
99;0
100;0
101;0
102;0
103;0
104;0
105;0
106;1
107;0
108;0
109;0
110;0
111;0
112;1
113;0
114;2
115;2
116;2
117;0
118;0
119;0
120;2
121;0
122;2
123;2
124;2
125;0
126;2
127;0
128;2
129;0
130;0
131;0
132;0
133;0
134;1
135;0
136;0
137;0
138;0
139;0
140;2
141;0
142;0
143;0
144;0
145;0
146;0
147;0
148;0
149;2
150;0
151;0
152;2
153;1
154;0
155;0
156;0
157;2
158;0
159;2
160;0
161;2
162;2
163;0
164;0
165;0
166;0
167;0
168;0
169;0
170;0
171;2
172;2
173;2
174;2
175;0
176;1
177;0
178;0
179;0
180;0
181;0
182;0
183;0
184;0
185;1
186;1
187;2
188;0
189;0
190;0
191;0
192;1
193;1
194;0
195;0
196;0
197;2
198;2
199;2
200;0
201;2
202;1
203;0
204;0
205;0
206;0
207;2
208;0
209;0
210;0
211;0
212;0
213;0
214;1
215;2
216;1
217;0
218;2
219;0
220;0
221;0
222;0
223;0
224;0
225;2
226;0
227;0
228;1
229;2
230;2
231;0
232;0
233;0
234;0
235;0
236;1
237;0
238;1
239;0
240;2
241;1
242;1
243;0
244;0
245;0
246;0
247;2
248;1
249;0
250;2
251;2
252;2
253;0
254;2
255;0
256;2
257;1
258;0
259;0
260;0
261;0
262;0
263;0
264;0
265;0
266;0
267;0
268;0
269;0
270;0
271;1
272;0
273;0
274;0
275;2
276;0
277;0
278;1
279;0
280;0
281;0
282;1
283;0
284;0
285;0
286;2
287;2
288;0
289;0
290;0
291;0
292;0
293;2
294;1
295;0
296;1
297;0
298;0
299;0
300;0
301;0
302;0
303;0
304;0
305;0
306;0
307;0
308;1
309;0
310;0
311;2
312;0
313;0
314;0
315;0
316;0
317;0
318;1
319;1
320;0
321;0
322;2
323;0
324;2
325;1
326;0
327;0
328;0
329;1
330;0
331;0
332;0
333;0
334;2
335;2
336;2
337;2
338;1
339;0
340;0
341;2
342;1
343;2
344;2
345;0
346;0
347;0
348;0
349;2
350;1
351;0
352;2
353;0
354;0
355;0
356;0
357;0
358;0
359;0
360;2
361;2
362;0
363;0
364;0
365;2
366;2
367;0
368;0
369;0
370;2
371;0
372;2
373;0
374;0
375;1
376;0
377;0
378;0
379;0
380;0
381;0
382;2
383;1
384;0
385;2
386;1
387;1
388;0
389;1
390;0
391;0
392;1
393;0
394;2
395;2
396;0
397;0
398;0
399;1
400;2
401;0
402;1
403;0
404;2
405;0
406;0
407;0
408;1
409;0
410;0
411;0
412;0
413;0
414;2
415;2
416;1
417;0
418;1
419;0
420;0
421;0
422;0
423;0
424;0
425;1
426;0
427;0
428;0
429;0
430;0
431;0
432;0
433;1
434;2
435;1
436;0
437;2
438;0
439;0
440;0
441;2
442;1
443;2
444;0
445;0
446;2
447;1
448;0
449;0
450;0
451;0
452;0
453;0
454;2
455;2
456;1
457;0
458;1
459;2
460;2
461;0
462;0
463;0
464;0
465;0
466;1
467;2
468;0
469;0
470;0
471;0
472;0
473;2
474;2
475;2
476;0
477;0
478;0
479;0
480;1
481;0
482;0
483;0
484;2
485;2
486;0
487;0
488;2
489;0
490;0
491;0
492;0
493;1
494;2
495;0
496;2
497;0
498;0
499;0
500;0
501;2
502;0
503;2
504;2
505;0
506;0
507;0
508;2
509;0
510;0
511;0
512;1
513;0
514;0
515;0
516;2
517;2
518;2
519;2
520;0
521;2
522;0
523;0
524;0
525;2
526;1
527;1
528;2
529;0
530;0
531;0
532;2
533;2
534;2
535;0
536;1
537;2
538;2
539;0
540;0
541;0
542;1
543;0
544;0
545;1
546;0
547;1
548;0
549;2
550;2
551;1
552;0
553;0
554;0
555;0
556;2
557;1
558;0
559;0
560;0
561;0
562;0
563;2
564;0
565;0
566;0
567;0
568;0
569;1
570;0
571;0
572;2
573;2
574;1
575;0
576;0
577;0
578;0
579;0
580;1
581;0
582;1
583;0
584;0
585;0
586;0
587;2
588;2
589;2
590;2
591;1
592;2
593;0
594;0
595;0
596;0
597;0
598;0
599;0
600;0
601;1
602;0
603;0
604;2
605;0
606;0
607;2
608;2
609;0
610;0
611;0
612;1
613;1
614;0
615;0
616;0
617;0
618;0
619;1
620;0
621;0
622;0
623;0
624;2
625;1
626;0
627;2
628;1
629;1
630;1
631;0
632;2
633;2
634;1
635;2
636;0
637;0
638;0
639;0
640;0
641;2
642;0
643;1
644;0
645;1
646;0
647;0
648;2
649;0
650;0
651;0
652;2
653;0
654;0
655;0
656;0
657;2
658;0
659;0
660;0
661;0
662;2
663;0
664;0
665;0
666;0
667;0
668;0
669;0
670;0
671;0
672;0
673;0
674;0
675;0
676;2
677;2
678;1
679;2
680;1
681;0
682;0
683;2
684;2
685;0
686;2
687;2
688;2
689;0
690;0
691;0
692;2
693;2
694;1
695;0
696;2
697;0
698;0
699;2
700;0
701;0
702;0
703;2
704;1
705;0
706;0
707;2
708;2
709;0
710;0
711;0
712;2
713;0
714;0
715;0
716;0
717;2
718;1
719;0
720;0
721;0
722;0
723;0
724;0
725;0
726;0
727;0
728;0
729;0
730;0
731;0
732;0
733;0
734;0
735;0
736;0
737;0
738;0
739;0
740;0
741;0
742;2
743;0
744;2
745;0
746;2
747;0
748;0
749;2
750;0
751;0
752;0
753;0
754;0
755;0
756;0
757;0
758;2
759;2
760;2
761;2
762;2
763;0
764;1
765;0
766;0
767;0
768;0
769;2
770;1
771;0
772;0
773;0
774;0
775;1
776;0
777;2
778;0
779;0
780;0
781;0
782;1
783;0
784;0
785;0
786;0
787;0
788;0
789;0
790;0
791;1
792;0
793;0
794;0
795;0
796;1
797;1
798;0
799;0
800;0
801;1
802;0
803;0
804;0
805;0
806;0
807;0
808;0
809;0
810;0
811;0
812;1
813;0
814;2
815;1
816;0
817;0
818;0
819;1
820;0
821;0
822;0
823;0
824;1
825;0
826;2
827;2
828;4
829;0
830;0
831;0
832;0
833;1
834;0
835;2
836;1
837;1
838;0
839;1
840;0
841;0
842;1
843;1
844;1
845;0
846;2
847;2
848;1
849;0
850;2
851;2
852;0
853;0
854;0
855;0
856;0
857;2
858;0
859;2
860;0
861;0
862;1
863;0
864;0
865;0
866;0
867;2
868;0
869;0
870;0
871;0
872;0
873;0
874;2
875;0
876;0
877;2
878;2
879;2
880;1
881;0
882;0
883;0
884;0
885;0
886;1
887;0
888;0
889;0
890;0
891;0
892;2
893;1
894;0
895;2
896;2
897;0
898;2
899;0
900;2
901;2
902;2
903;2
904;2
905;2
906;0
907;0
908;0
909;0
910;0
911;0
912;2
913;2
914;2
915;1
916;0
917;0
918;0
919;1
920;0
921;0
922;1
923;2
924;1
925;0
926;1
927;0
928;0
929;2
930;1
931;0
932;0
933;1
934;0
935;0
936;0
937;2
938;0
939;0
940;0
941;0
942;0
943;0
944;1
945;0
946;0
947;0
948;0
949;1
950;0
951;2
952;2
953;0
954;0
955;0
956;0
957;0
958;0
959;0
960;2
961;2
962;0
963;0
964;0
965;0
966;0
967;1
968;0
969;0
970;0
971;0
972;0
973;0
974;0
975;0
976;0
977;0
978;0
979;1
980;1
981;0
982;0
983;0
984;0
985;0
986;0
987;2
988;0
989;0
990;0
991;2
992;1
993;0
994;2
995;0
996;0
997;0
998;2
999;0
1000;1
1001;0
1002;0
1003;0
1004;0
1005;0
1006;2
1007;2
1008;1
1009;0
1010;0
1011;2
1012;0
1013;0
1014;0
1015;1
1016;0
1017;0
1018;0
1019;0
1020;0
1021;0
1022;0
1023;0
