0;0
1;0
2;0
3;0
4;2
5;0
6;0
7;2
8;2
9;0
10;2
11;0
12;0
13;0
14;2
15;2
16;1
17;0
18;1
19;0
20;2
21;0
22;1
23;0
24;0
25;0
26;0
27;0
28;0
29;0
30;0
31;2
32;0
33;0
34;0
35;0
36;0
37;2
38;0
39;0
40;0
41;0
42;0
43;0
44;1
45;0
46;0
47;0
48;2
49;2
50;2
51;2
52;2
53;0
54;2
55;2
56;1
57;2
58;0
59;0
60;0
61;0
62;0
63;2
64;2
65;2
66;1
67;0
68;1
69;0
70;0
71;0
72;4
73;2
74;0
75;2
76;2
77;0
78;0
79;0
80;1
81;0
82;2
83;0
84;0
85;2
86;0
87;0
88;2
89;2
90;1
91;0
92;1
93;0
94;2
95;0
96;2
97;0
98;2
99;0
100;0
101;2
102;1
103;0
104;1
105;0
106;0
107;2
108;0
109;0
110;0
111;2
112;2
113;2
114;2
115;2
116;2
117;0
118;2
119;0
120;2
121;2
122;2
123;0
124;2
125;0
126;0
127;0
128;0
129;0
130;1
131;2
132;2
133;0
134;0
135;0
136;0
137;0
138;2
139;1
140;0
141;0
142;0
143;0
144;0
145;0
146;0
147;0
148;2
149;0
150;0
151;0
152;0
153;1
154;0
155;2
156;4
157;0
158;0
159;2
160;0
161;1
162;0
163;0
164;1
165;0
166;0
167;0
168;0
169;0
170;0
171;0
172;2
173;0
174;0
175;2
176;1
177;0
178;0
179;2
180;4
181;0
182;1
183;0
184;0
185;0
186;2
187;2
188;4
189;1
190;0
191;0
192;1
193;0
194;1
195;0
196;1
197;0
198;2
199;1
200;0
201;0
202;2
203;0
204;0
205;0
206;0
207;0
208;1
209;0
210;0
211;0
212;0
213;2
214;0
215;0
216;2
217;2
218;0
219;1
220;1
221;0
222;2
223;1
224;2
225;0
226;0
227;0
228;2
229;2
230;2
231;0
232;0
233;0
234;0
235;0
236;1
237;0
238;2
239;0
240;2
241;2
242;0
243;0
244;2
245;0
246;1
247;0
248;2
249;1
250;0
251;0
252;0
253;0
254;0
255;0
256;0
257;2
258;0
259;0
260;2
261;0
262;0
263;1
264;0
265;0
266;0
267;1
268;0
269;0
270;0
271;2
272;2
273;0
274;2
275;1
276;2
277;0
278;2
279;0
280;2
281;0
282;0
283;0
284;0
285;0
286;0
287;0
288;2
289;0
290;0
291;0
292;0
293;0
294;0
295;0
296;0
297;2
298;2
299;0
300;1
301;1
302;1
303;0
304;0
305;2
306;0
307;0
308;2
309;2
310;0
311;0
312;0
313;0
314;1
315;0
316;0
317;0
318;1
319;0
320;2
321;2
322;1
323;0
324;0
325;0
326;0
327;0
328;0
329;1
330;0
331;0
332;0
333;0
334;0
335;0
336;0
337;2
338;0
339;0
340;0
341;0
342;0
343;0
344;1
345;0
346;0
347;0
348;4
349;0
350;2
351;2
352;2
353;0
354;0
355;0
356;2
357;2
358;0
359;2
360;2
361;2
362;1
363;0
364;0
365;0
366;0
367;0
368;0
369;0
370;1
371;0
372;2
373;0
374;1
375;1
376;0
377;0
378;0
379;2
380;2
381;0
382;1
383;0
384;0
385;0
386;2
387;0
388;0
389;0
390;0
391;1
392;0
393;0
394;2
395;2
396;2
397;2
398;2
399;0
400;1
401;0
402;0
403;2
404;2
405;0
406;0
407;2
408;2
409;0
410;2
411;1
412;0
413;0
414;0
415;0
416;0
417;0
418;2
419;0
420;0
421;0
422;1
423;2
424;2
425;0
426;0
427;0
428;0
429;0
430;0
431;0
432;0
433;2
434;2
435;1
436;0
437;0
438;0
439;2
440;2
441;0
442;0
443;2
444;2
445;0
446;2
447;0
448;2
449;0
450;0
451;0
452;1
453;0
454;0
455;0
456;2
457;0
458;0
459;0
460;2
461;0
462;0
463;2
464;0
465;0
466;0
467;0
468;1
469;0
470;0
471;0
472;0
473;0
474;0
475;0
476;0
477;2
478;0
479;2
480;0
481;0
482;0
483;0
484;2
485;2
486;0
487;2
488;2
489;0
490;0
491;0
492;0
493;2
494;1
495;0
496;1
497;0
498;0
499;0
500;0
501;1
502;2
503;2
504;0
505;1
506;0
507;0
508;0
509;0
510;0
511;2
512;0
513;2
514;2
515;1
516;0
517;1
518;0
519;0
520;2
521;2
522;0
523;0
524;1
525;1
526;0
527;0
528;0
529;0
530;0
531;2
532;4
533;0
534;0
535;0
536;0
537;0
538;0
539;0
540;2
541;1
542;1
543;0
544;1
545;0
546;0
547;0
548;1
549;0
550;0
551;0
552;2
553;0
554;2
555;2
556;2
557;0
558;0
559;0
560;1
561;0
562;0
563;0
564;1
565;0
566;0
567;0
568;1
569;0
570;1
571;0
572;0
573;1
574;0
575;0
576;1
577;0
578;1
579;1
580;0
581;0
582;0
583;2
584;1
585;1
586;0
587;0
588;0
589;0
590;1
591;2
592;2
593;0
594;0
595;0
596;2
597;0
598;0
599;0
600;2
601;0
602;0
603;0
604;2
605;2
606;1
607;0
608;2
609;0
610;2
611;0
612;2
613;0
614;0
615;0
616;0
617;0
618;1
619;0
620;0
621;0
622;1
623;0
624;1
625;0
626;0
627;2
628;0
629;0
630;0
631;0
632;0
633;0
634;0
635;2
636;2
637;2
638;1
639;1
640;0
641;0
642;0
643;0
644;0
645;0
646;0
647;0
648;2
649;1
650;0
651;1
652;0
653;0
654;1
655;0
656;0
657;1
658;0
659;0
660;2
661;2
662;0
663;0
664;2
665;0
666;2
667;0
668;0
669;0
670;0
671;0
672;0
673;0
674;2
675;0
676;0
677;0
678;0
679;0
680;0
681;1
682;1
683;0
684;1
685;0
686;0
687;2
688;0
689;0
690;0
691;0
692;0
693;0
694;1
695;0
696;0
697;0
698;1
699;0
700;0
701;0
702;0
703;0
704;1
705;0
706;1
707;0
708;1
709;0
710;0
711;0
712;4
713;0
714;2
715;1
716;0
717;0
718;0
719;0
720;1
721;0
722;0
723;0
724;0
725;1
726;0
727;0
728;0
729;0
730;1
731;0
732;0
733;0
734;0
735;1
736;0
737;0
738;2
739;0
740;2
741;0
742;1
743;0
744;2
745;2
746;1
747;0
748;2
749;2
750;0
751;1
752;0
753;0
754;2
755;0
756;0
757;0
758;1
759;2
760;0
761;2
762;0
763;0
764;1
765;1
766;0
767;0
768;1
769;0
770;1
771;0
772;2
773;0
774;0
775;0
776;2
777;0
778;0
779;2
780;0
781;1
782;0
783;0
784;2
785;0
786;0
787;0
788;0
789;0
790;0
791;0
792;1
793;0
794;2
795;0
796;1
797;0
798;1
799;0
800;0
801;0
802;0
803;0
804;0
805;0
806;2
807;1
808;0
809;2
810;0
811;2
812;1
813;0
814;0
815;2
816;1
817;0
818;0
819;2
820;1
821;0
822;2
823;2
824;1
825;0
826;0
827;0
828;0
829;0
830;0
831;0
832;2
833;2
834;0
835;0
836;1
837;1
838;0
839;1
840;2
841;0
842;0
843;0
844;0
845;2
846;2
847;0
848;1
849;0
850;0
851;1
852;0
853;0
854;1
855;0
856;0
857;2
858;1
859;0
860;2
861;0
862;0
863;0
864;0
865;0
866;0
867;0
868;1
869;1
870;0
871;0
872;0
873;1
874;2
875;0
876;0
877;2
878;0
879;0
880;0
881;0
882;2
883;1
884;0
885;0
886;2
887;1
888;0
889;0
890;0
891;0
892;0
893;2
894;0
895;0
896;0
897;0
898;0
899;0
900;0
901;2
902;2
903;2
904;2
905;0
906;1
907;0
908;0
909;1
910;0
911;2
912;0
913;2
914;1
915;0
916;2
917;0
918;2
919;1
920;0
921;0
922;1
923;0
924;0
925;2
926;1
927;0
928;0
929;0
930;0
931;0
932;1
933;0
934;0
935;2
936;2
937;0
938;2
939;2
940;0
941;0
942;2
943;0
944;2
945;0
946;2
947;2
948;1
949;1
950;1
951;0
952;0
953;0
954;1
955;0
956;0
957;0
958;0
959;0
960;0
961;0
962;1
963;1
964;0
965;2
966;0
967;0
968;1
969;1
970;1
971;0
972;2
973;0
974;2
975;0
976;0
977;0
978;2
979;2
980;0
981;2
982;1
983;0
984;1
985;0
986;0
987;1
988;0
989;0
990;0
991;2
992;0
993;1
994;0
995;2
996;2
997;2
998;2
999;0
1000;2
1001;2
1002;0
1003;2
1004;0
1005;2
1006;2
1007;0
1008;2
1009;0
1010;0
1011;0
1012;0
1013;0
1014;0
1015;1
1016;0
1017;0
1018;0
1019;0
1020;0
1021;0
1022;0
1023;0
