0;1
1;0
2;0
3;0
4;4
5;2
6;2
7;0
8;2
9;0
10;2
11;0
12;1
13;0
14;0
15;0
16;0
17;1
18;2
19;0
20;0
21;1
22;0
23;0
24;2
25;2
26;0
27;1
28;0
29;0
30;2
31;0
32;0
33;0
34;0
35;2
36;0
37;2
38;0
39;0
40;0
41;0
42;0
43;0
44;1
45;0
46;0
47;0
48;0
49;0
50;0
51;2
52;1
53;0
54;0
55;1
56;0
57;1
58;1
59;0
60;2
61;1
62;0
63;0
64;0
65;0
66;0
67;0
68;0
69;0
70;1
71;0
72;1
73;0
74;0
75;0
76;1
77;2
78;0
79;1
80;1
81;0
82;0
83;0
84;0
85;0
86;0
87;0
88;0
89;0
90;0
91;0
92;0
93;0
94;0
95;0
96;2
97;1
98;2
99;0
100;1
101;0
102;1
103;0
104;0
105;0
106;1
107;0
108;0
109;0
110;2
111;0
112;0
113;0
114;0
115;0
116;0
117;1
118;1
119;0
120;2
121;0
122;0
123;0
124;0
125;0
126;2
127;0
128;1
129;0
130;0
131;0
132;0
133;0
134;2
135;0
136;0
137;0
138;0
139;1
140;1
141;0
142;0
143;0
144;0
145;2
146;0
147;2
148;0
149;2
150;0
151;0
152;0
153;0
154;0
155;0
156;2
157;0
158;0
159;0
160;1
161;0
162;0
163;0
164;0
165;0
166;1
167;0
168;0
169;1
170;2
171;0
172;1
173;1
174;1
175;2
176;0
177;0
178;0
179;0
180;1
181;0
182;0
183;0
184;0
185;0
186;1
187;2
188;0
189;0
190;2
191;1
192;0
193;0
194;0
195;2
196;0
197;0
198;0
199;1
200;0
201;0
202;0
203;2
204;1
205;0
206;0
207;0
208;1
209;0
210;0
211;0
212;1
213;2
214;0
215;0
216;2
217;1
218;0
219;2
220;2
221;0
222;0
223;0
224;1
225;0
226;2
227;2
228;2
229;0
230;2
231;1
232;0
233;1
234;0
235;0
236;2
237;0
238;0
239;0
240;0
241;0
242;0
243;0
244;2
245;0
246;0
247;1
248;0
249;0
250;0
251;2
252;0
253;0
254;0
255;0
256;2
257;0
258;2
259;0
260;1
261;0
262;0
263;0
264;2
265;0
266;0
267;0
268;2
269;2
270;2
271;2
272;1
273;0
274;0
275;0
276;1
277;0
278;0
279;0
280;2
281;0
282;0
283;1
284;0
285;1
286;0
287;2
288;0
289;0
290;1
291;0
292;0
293;0
294;1
295;0
296;2
297;0
298;2
299;0
300;0
301;2
302;2
303;0
304;0
305;1
306;1
307;0
308;0
309;0
310;0
311;2
312;0
313;1
314;2
315;0
316;0
317;1
318;0
319;1
320;0
321;0
322;0
323;0
324;1
325;0
326;0
327;0
328;0
329;0
330;0
331;0
332;0
333;0
334;0
335;0
336;2
337;1
338;0
339;1
340;0
341;0
342;2
343;2
344;0
345;0
346;2
347;0
348;2
349;1
350;0
351;1
352;0
353;0
354;1
355;0
356;1
357;0
358;0
359;2
360;2
361;0
362;1
363;0
364;2
365;0
366;0
367;2
368;2
369;0
370;0
371;2
372;0
373;0
374;1
375;0
376;0
377;0
378;0
379;0
380;1
381;0
382;0
383;0
384;0
385;2
386;2
387;0
388;0
389;0
390;0
391;2
392;1
393;0
394;0
395;2
396;0
397;1
398;1
399;0
400;0
401;1
402;0
403;0
404;1
405;0
406;1
407;0
408;0
409;1
410;2
411;0
412;0
413;2
414;1
415;0
416;1
417;2
418;1
419;0
420;0
421;1
422;0
423;2
424;1
425;0
426;2
427;0
428;0
429;1
430;0
431;2
432;2
433;2
434;2
435;2
436;4
437;2
438;1
439;0
440;2
441;0
442;1
443;2
444;1
445;0
446;2
447;4
448;4
449;0
450;0
451;0
452;2
453;2
454;2
455;2
456;2
457;1
458;0
459;2
460;1
461;0
462;0
463;0
464;2
465;0
466;1
467;0
468;0
469;0
470;2
471;0
472;2
473;2
474;2
475;0
476;2
477;0
478;0
479;0
480;0
481;2
482;0
483;0
484;0
485;0
486;0
487;0
488;2
489;0
490;0
491;0
492;0
493;2
494;0
495;0
496;2
497;2
498;2
499;2
500;0
501;2
502;0
503;0
504;2
505;2
506;1
507;0
508;2
509;0
510;0
511;0
512;2
513;0
514;2
515;0
516;2
517;0
518;0
519;0
520;2
521;1
522;1
523;0
524;1
525;0
526;2
527;2
528;2
529;1
530;0
531;0
532;0
533;0
534;2
535;0
536;0
537;1
538;2
539;0
540;0
541;0
542;0
543;0
544;0
545;0
546;0
547;0
548;0
549;2
550;0
551;0
552;2
553;2
554;1
555;0
556;0
557;0
558;1
559;0
560;1
561;0
562;2
563;0
564;1
565;0
566;0
567;0
568;2
569;1
570;0
571;2
572;1
573;0
574;0
575;0
576;0
577;0
578;0
579;0
580;1
581;1
582;0
583;1
584;2
585;2
586;1
587;2
588;1
589;2
590;0
591;0
592;1
593;1
594;0
595;0
596;0
597;0
598;0
599;0
600;0
601;0
602;0
603;0
604;0
605;2
606;2
607;2
608;2
609;0
610;0
611;0
612;2
613;0
614;0
615;2
616;0
617;0
618;0
619;0
620;0
621;1
622;2
623;0
624;0
625;0
626;2
627;2
628;2
629;0
630;0
631;0
632;2
633;0
634;0
635;0
636;0
637;0
638;2
639;0
640;0
641;0
642;2
643;0
644;0
645;0
646;0
647;2
648;2
649;1
650;0
651;0
652;2
653;1
654;0
655;0
656;1
657;0
658;1
659;0
660;2
661;0
662;0
663;2
664;4
665;2
666;2
667;2
668;2
669;0
670;0
671;0
672;2
673;2
674;2
675;2
676;0
677;0
678;0
679;0
680;0
681;0
682;0
683;0
684;1
685;0
686;0
687;0
688;2
689;0
690;2
691;0
692;2
693;0
694;2
695;2
696;0
697;1
698;0
699;1
700;4
701;0
702;2
703;0
704;0
705;0
706;2
707;0
708;2
709;2
710;2
711;0
712;0
713;0
714;2
715;2
716;0
717;0
718;0
719;0
720;2
721;2
722;2
723;0
724;0
725;0
726;2
727;2
728;0
729;2
730;0
731;0
732;0
733;0
734;0
735;0
736;0
737;0
738;0
739;0
740;0
741;0
742;0
743;0
744;1
745;0
746;0
747;0
748;0
749;0
750;1
751;0
752;0
753;0
754;0
755;0
756;0
757;2
758;0
759;0
760;0
761;0
762;0
763;0
764;0
765;0
766;0
767;0
768;0
769;2
770;0
771;0
772;2
773;0
774;0
775;2
776;1
777;0
778;0
779;2
780;0
781;0
782;0
783;0
784;2
785;0
786;0
787;0
788;2
789;2
790;0
791;0
792;2
793;0
794;1
795;0
796;0
797;0
798;2
799;0
800;1
801;0
802;0
803;0
804;1
805;0
806;0
807;0
808;0
809;0
810;0
811;0
812;0
813;0
814;0
815;0
816;0
817;0
818;0
819;0
820;0
821;0
822;2
823;2
824;1
825;0
826;1
827;0
828;0
829;0
830;0
831;2
832;1
833;0
834;0
835;0
836;2
837;2
838;0
839;2
840;0
841;0
842;2
843;2
844;1
845;0
846;0
847;2
848;0
849;0
850;0
851;2
852;1
853;0
854;2
855;0
856;0
857;1
858;0
859;0
860;1
861;0
862;0
863;1
864;0
865;0
866;0
867;0
868;1
869;2
870;0
871;0
872;0
873;2
874;0
875;2
876;1
877;0
878;2
879;0
880;1
881;2
882;1
883;0
884;0
885;1
886;0
887;0
888;0
889;0
890;0
891;0
892;0
893;2
894;2
895;0
896;0
897;0
898;0
899;0
900;2
901;0
902;0
903;2
904;0
905;1
906;2
907;0
908;0
909;2
910;2
911;0
912;0
913;2
914;0
915;0
916;0
917;0
918;2
919;0
920;0
921;0
922;0
923;1
924;2
925;2
926;0
927;0
928;0
929;2
930;1
931;0
932;0
933;0
934;0
935;0
936;1
937;0
938;0
939;2
940;2
941;2
942;0
943;0
944;0
945;0
946;0
947;1
948;0
949;0
950;0
951;0
952;0
953;0
954;0
955;0
956;0
957;0
958;0
959;1
960;0
961;0
962;0
963;0
964;0
965;0
966;0
967;0
968;0
969;0
970;0
971;0
972;2
973;0
974;0
975;2
976;2
977;1
978;2
979;0
980;0
981;1
982;0
983;1
984;0
985;0
986;2
987;0
988;0
989;2
990;0
991;0
992;0
993;0
994;0
995;0
996;0
997;1
998;0
999;2
1000;0
1001;2
1002;2
1003;1
1004;4
1005;0
1006;0
1007;0
1008;0
1009;0
1010;2
1011;0
1012;1
1013;0
1014;1
1015;0
1016;0
1017;0
1018;0
1019;0
1020;0
1021;0
1022;0
1023;0
