0;1
1;0
2;0
3;2
4;2
5;0
6;2
7;2
8;2
9;0
10;2
11;0
12;1
13;0
14;0
15;0
16;0
17;1
18;2
19;0
20;4
21;1
22;0
23;0
24;1
25;1
26;0
27;0
28;2
29;0
30;2
31;0
32;2
33;0
34;0
35;0
36;0
37;0
38;0
39;2
40;0
41;0
42;0
43;0
44;1
45;0
46;0
47;0
48;0
49;0
50;0
51;2
52;1
53;0
54;2
55;2
56;0
57;0
58;0
59;0
60;4
61;0
62;2
63;1
64;0
65;2
66;0
67;0
68;1
69;0
70;1
71;0
72;2
73;0
74;0
75;0
76;0
77;0
78;0
79;2
80;0
81;0
82;1
83;0
84;1
85;2
86;0
87;0
88;1
89;0
90;0
91;0
92;2
93;0
94;0
95;2
96;2
97;0
98;2
99;0
100;1
101;0
102;0
103;0
104;1
105;0
106;0
107;0
108;2
109;0
110;2
111;0
112;1
113;0
114;0
115;0
116;1
117;0
118;1
119;0
120;0
121;0
122;0
123;0
124;2
125;0
126;0
127;0
128;0
129;2
130;2
131;0
132;2
133;0
134;2
135;0
136;1
137;0
138;0
139;0
140;1
141;0
142;0
143;0
144;0
145;0
146;2
147;0
148;2
149;2
150;0
151;0
152;1
153;0
154;0
155;0
156;0
157;1
158;0
159;0
160;0
161;0
162;0
163;0
164;0
165;0
166;0
167;0
168;2
169;0
170;0
171;0
172;2
173;2
174;2
175;0
176;0
177;0
178;0
179;0
180;0
181;2
182;0
183;0
184;0
185;1
186;1
187;2
188;0
189;0
190;0
191;0
192;0
193;0
194;0
195;2
196;0
197;2
198;2
199;0
200;0
201;0
202;2
203;2
204;0
205;0
206;0
207;0
208;0
209;0
210;2
211;0
212;0
213;0
214;0
215;2
216;1
217;0
218;2
219;0
220;2
221;0
222;0
223;1
224;0
225;2
226;0
227;0
228;2
229;2
230;2
231;0
232;0
233;0
234;0
235;0
236;0
237;0
238;0
239;0
240;2
241;0
242;2
243;2
244;2
245;1
246;0
247;0
248;0
249;0
250;0
251;0
252;0
253;0
254;0
255;0
256;2
257;0
258;0
259;0
260;0
261;0
262;2
263;0
264;0
265;0
266;1
267;0
268;2
269;0
270;2
271;0
272;1
273;0
274;0
275;0
276;0
277;0
278;2
279;0
280;2
281;2
282;2
283;0
284;1
285;0
286;0
287;0
288;2
289;2
290;0
291;0
292;0
293;0
294;0
295;0
296;1
297;0
298;0
299;1
300;0
301;1
302;0
303;0
304;1
305;0
306;1
307;0
308;2
309;0
310;2
311;0
312;0
313;1
314;0
315;0
316;0
317;1
318;0
319;0
320;0
321;0
322;2
323;2
324;2
325;1
326;1
327;0
328;0
329;1
330;0
331;2
332;0
333;0
334;0
335;0
336;2
337;2
338;2
339;1
340;1
341;0
342;2
343;0
344;0
345;0
346;0
347;2
348;2
349;0
350;2
351;2
352;2
353;0
354;2
355;0
356;1
357;2
358;0
359;2
360;1
361;0
362;0
363;2
364;2
365;0
366;2
367;2
368;2
369;0
370;2
371;0
372;1
373;2
374;0
375;0
376;0
377;0
378;0
379;0
380;0
381;0
382;1
383;0
384;0
385;0
386;0
387;0
388;1
389;0
390;0
391;0
392;2
393;0
394;0
395;0
396;0
397;0
398;0
399;0
400;0
401;0
402;0
403;0
404;1
405;0
406;0
407;0
408;0
409;2
410;2
411;1
412;0
413;0
414;0
415;0
416;1
417;0
418;0
419;2
420;2
421;0
422;1
423;0
424;0
425;0
426;2
427;0
428;0
429;0
430;0
431;0
432;0
433;0
434;2
435;2
436;1
437;0
438;0
439;1
440;4
441;0
442;2
443;2
444;2
445;0
446;2
447;0
448;2
449;0
450;0
451;0
452;0
453;0
454;0
455;0
456;0
457;0
458;0
459;0
460;1
461;0
462;2
463;2
464;2
465;0
466;2
467;0
468;1
469;0
470;1
471;2
472;0
473;0
474;0
475;1
476;0
477;0
478;2
479;0
480;1
481;0
482;2
483;2
484;1
485;0
486;0
487;0
488;4
489;2
490;0
491;0
492;0
493;0
494;2
495;0
496;2
497;2
498;2
499;0
500;2
501;0
502;0
503;0
504;0
505;0
506;0
507;2
508;2
509;0
510;0
511;0
512;2
513;2
514;0
515;0
516;0
517;0
518;0
519;0
520;2
521;2
522;2
523;2
524;0
525;2
526;2
527;0
528;1
529;0
530;1
531;1
532;2
533;0
534;0
535;0
536;0
537;2
538;2
539;0
540;2
541;2
542;0
543;0
544;2
545;0
546;0
547;0
548;1
549;0
550;0
551;1
552;0
553;2
554;2
555;2
556;2
557;0
558;1
559;1
560;2
561;1
562;2
563;0
564;1
565;0
566;0
567;0
568;0
569;0
570;1
571;0
572;0
573;1
574;0
575;0
576;2
577;0
578;1
579;0
580;0
581;0
582;0
583;0
584;1
585;0
586;0
587;0
588;1
589;1
590;0
591;2
592;1
593;0
594;0
595;2
596;2
597;0
598;0
599;0
600;2
601;0
602;1
603;0
604;0
605;1
606;0
607;0
608;0
609;2
610;1
611;0
612;2
613;0
614;0
615;0
616;1
617;0
618;0
619;0
620;0
621;0
622;0
623;0
624;0
625;0
626;0
627;0
628;0
629;2
630;0
631;2
632;2
633;0
634;1
635;2
636;2
637;0
638;1
639;2
640;0
641;0
642;0
643;0
644;0
645;0
646;0
647;0
648;2
649;0
650;2
651;0
652;0
653;0
654;0
655;0
656;1
657;0
658;0
659;0
660;0
661;0
662;2
663;0
664;4
665;0
666;2
667;0
668;0
669;0
670;2
671;0
672;2
673;2
674;2
675;0
676;2
677;1
678;0
679;0
680;4
681;1
682;2
683;1
684;0
685;0
686;2
687;2
688;1
689;0
690;2
691;1
692;0
693;0
694;0
695;0
696;4
697;0
698;2
699;1
700;0
701;0
702;2
703;0
704;2
705;0
706;0
707;1
708;0
709;0
710;1
711;0
712;0
713;0
714;0
715;1
716;2
717;0
718;4
719;0
720;2
721;0
722;0
723;2
724;0
725;0
726;1
727;0
728;1
729;0
730;2
731;0
732;0
733;0
734;2
735;0
736;2
737;2
738;2
739;0
740;1
741;0
742;1
743;0
744;2
745;0
746;0
747;0
748;2
749;0
750;0
751;0
752;2
753;0
754;2
755;2
756;0
757;2
758;0
759;0
760;0
761;0
762;0
763;0
764;0
765;0
766;0
767;2
768;0
769;2
770;2
771;0
772;1
773;0
774;0
775;2
776;0
777;2
778;0
779;0
780;0
781;0
782;0
783;1
784;0
785;2
786;2
787;0
788;0
789;0
790;2
791;0
792;0
793;0
794;0
795;0
796;0
797;0
798;0
799;2
800;2
801;0
802;2
803;2
804;1
805;1
806;0
807;0
808;0
809;0
810;0
811;0
812;0
813;0
814;1
815;0
816;0
817;2
818;2
819;0
820;1
821;0
822;2
823;1
824;0
825;2
826;2
827;0
828;1
829;0
830;0
831;0
832;0
833;0
834;1
835;0
836;2
837;0
838;0
839;0
840;0
841;2
842;2
843;2
844;2
845;0
846;1
847;0
848;0
849;0
850;2
851;2
852;2
853;0
854;2
855;2
856;1
857;0
858;0
859;0
860;1
861;0
862;0
863;0
864;2
865;2
866;2
867;2
868;0
869;0
870;2
871;2
872;1
873;0
874;2
875;0
876;1
877;0
878;0
879;2
880;4
881;0
882;2
883;1
884;2
885;0
886;2
887;0
888;1
889;0
890;0
891;0
892;0
893;2
894;0
895;1
896;0
897;2
898;0
899;0
900;1
901;0
902;0
903;2
904;1
905;0
906;2
907;1
908;0
909;0
910;1
911;0
912;0
913;0
914;0
915;0
916;2
917;2
918;2
919;0
920;0
921;0
922;2
923;0
924;2
925;1
926;2
927;0
928;2
929;0
930;1
931;1
932;0
933;0
934;0
935;0
936;0
937;2
938;2
939;0
940;1
941;0
942;0
943;1
944;1
945;0
946;0
947;2
948;1
949;0
950;0
951;1
952;0
953;2
954;2
955;0
956;1
957;0
958;0
959;0
960;0
961;2
962;2
963;0
964;1
965;1
966;0
967;1
968;0
969;0
970;1
971;0
972;0
973;2
974;1
975;0
976;2
977;0
978;0
979;0
980;0
981;0
982;0
983;2
984;1
985;0
986;0
987;0
988;0
989;0
990;0
991;1
992;0
993;0
994;0
995;0
996;2
997;0
998;0
999;0
1000;0
1001;0
1002;0
1003;2
1004;0
1005;0
1006;0
1007;0
1008;0
1009;0
1010;0
1011;0
1012;1
1013;0
1014;1
1015;0
1016;0
1017;0
1018;0
1019;0
1020;0
1021;0
1022;0
1023;0
