0;0
1;0
2;0
3;0
4;2
5;0
6;0
7;2
8;0
9;0
10;0
11;0
12;0
13;0
14;0
15;0
16;2
17;1
18;0
19;0
20;2
21;0
22;1
23;0
24;0
25;0
26;0
27;2
28;0
29;0
30;2
31;0
32;0
33;0
34;0
35;0
36;0
37;0
38;0
39;0
40;0
41;0
42;0
43;0
44;1
45;0
46;0
47;0
48;0
49;0
50;2
51;2
52;0
53;0
54;0
55;0
56;0
57;0
58;2
59;0
60;1
61;2
62;1
63;0
64;0
65;0
66;1
67;2
68;0
69;0
70;0
71;0
72;0
73;0
74;0
75;2
76;0
77;0
78;0
79;0
80;0
81;1
82;0
83;0
84;0
85;0
86;0
87;1
88;0
89;0
90;0
91;0
92;0
93;0
94;0
95;0
96;0
97;2
98;0
99;0
100;0
101;0
102;0
103;0
104;0
105;2
106;2
107;0
108;2
109;0
110;2
111;0
112;2
113;0
114;0
115;0
116;0
117;0
118;0
119;0
120;2
121;0
122;2
123;0
124;0
125;0
126;0
127;2
128;0
129;0
130;0
131;2
132;0
133;0
134;0
135;0
136;0
137;0
138;2
139;0
140;1
141;0
142;0
143;0
144;0
145;0
146;0
147;0
148;0
149;0
150;0
151;0
152;0
153;0
154;2
155;2
156;0
157;0
158;0
159;0
160;0
161;0
162;0
163;1
164;0
165;1
166;0
167;1
168;1
169;0
170;0
171;0
172;0
173;0
174;0
175;0
176;1
177;0
178;0
179;1
180;2
181;0
182;0
183;0
184;0
185;0
186;0
187;0
188;0
189;0
190;0
191;0
192;0
193;1
194;0
195;0
196;0
197;2
198;0
199;0
200;0
201;0
202;2
203;0
204;2
205;0
206;0
207;0
208;2
209;1
210;0
211;0
212;0
213;1
214;0
215;0
216;2
217;2
218;0
219;0
220;0
221;2
222;0
223;0
224;0
225;0
226;0
227;0
228;0
229;0
230;0
231;0
232;0
233;2
234;0
235;2
236;2
237;0
238;0
239;1
240;2
241;0
242;0
243;0
244;2
245;0
246;0
247;0
248;0
249;0
250;0
251;0
252;2
253;0
254;0
255;0
256;0
257;0
258;2
259;0
260;2
261;0
262;0
263;0
264;0
265;0
266;0
267;2
268;0
269;0
270;0
271;0
272;1
273;0
274;0
275;0
276;0
277;0
278;0
279;0
280;1
281;0
282;1
283;0
284;1
285;0
286;0
287;0
288;0
289;0
290;0
291;0
292;0
293;0
294;0
295;0
296;0
297;0
298;0
299;0
300;0
301;0
302;0
303;2
304;0
305;2
306;1
307;1
308;2
309;0
310;0
311;1
312;0
313;0
314;1
315;0
316;2
317;1
318;0
319;0
320;2
321;0
322;0
323;0
324;2
325;2
326;0
327;0
328;0
329;2
330;0
331;0
332;1
333;0
334;0
335;1
336;0
337;1
338;2
339;0
340;0
341;0
342;2
343;1
344;0
345;0
346;0
347;0
348;0
349;0
350;0
351;2
352;0
353;0
354;0
355;0
356;0
357;0
358;0
359;1
360;0
361;0
362;0
363;0
364;0
365;0
366;0
367;0
368;0
369;0
370;0
371;0
372;0
373;0
374;0
375;0
376;1
377;1
378;1
379;0
380;0
381;0
382;0
383;2
384;2
385;1
386;2
387;0
388;0
389;0
390;1
391;0
392;0
393;2
394;0
395;0
396;0
397;0
398;0
399;0
400;1
401;0
402;1
403;1
404;0
405;0
406;0
407;2
408;1
409;0
410;2
411;0
412;2
413;0
414;0
415;1
416;1
417;1
418;0
419;0
420;2
421;1
422;0
423;2
424;0
425;2
426;0
427;0
428;1
429;2
430;0
431;0
432;0
433;0
434;2
435;0
436;0
437;0
438;0
439;2
440;2
441;0
442;0
443;0
444;0
445;0
446;0
447;2
448;1
449;0
450;0
451;0
452;0
453;0
454;1
455;0
456;0
457;0
458;0
459;2
460;1
461;1
462;0
463;2
464;0
465;0
466;0
467;0
468;0
469;0
470;0
471;0
472;0
473;0
474;1
475;0
476;0
477;0
478;0
479;2
480;1
481;1
482;0
483;1
484;0
485;0
486;0
487;2
488;2
489;1
490;0
491;0
492;0
493;0
494;2
495;0
496;0
497;0
498;0
499;0
500;0
501;0
502;0
503;0
504;4
505;0
506;2
507;2
508;2
509;0
510;2
511;0
512;1
513;2
514;0
515;2
516;2
517;2
518;0
519;2
520;0
521;0
522;1
523;2
524;0
525;2
526;0
527;0
528;0
529;0
530;0
531;0
532;0
533;2
534;1
535;2
536;0
537;2
538;0
539;0
540;0
541;2
542;1
543;0
544;0
545;0
546;0
547;0
548;0
549;0
550;1
551;0
552;0
553;2
554;1
555;0
556;0
557;0
558;0
559;0
560;1
561;0
562;1
563;1
564;2
565;0
566;0
567;0
568;2
569;0
570;2
571;0
572;0
573;0
574;0
575;0
576;0
577;0
578;0
579;0
580;0
581;0
582;0
583;0
584;0
585;0
586;0
587;0
588;2
589;0
590;1
591;0
592;2
593;2
594;0
595;2
596;0
597;0
598;0
599;2
600;0
601;0
602;1
603;0
604;2
605;0
606;0
607;0
608;0
609;0
610;0
611;2
612;2
613;0
614;0
615;2
616;0
617;1
618;0
619;0
620;0
621;2
622;2
623;2
624;0
625;0
626;0
627;1
628;0
629;0
630;1
631;2
632;2
633;0
634;0
635;0
636;1
637;2
638;0
639;0
640;2
641;0
642;2
643;0
644;2
645;0
646;0
647;0
648;1
649;0
650;0
651;0
652;0
653;0
654;0
655;2
656;0
657;0
658;0
659;0
660;0
661;1
662;0
663;0
664;0
665;0
666;0
667;0
668;0
669;0
670;0
671;0
672;0
673;0
674;0
675;0
676;0
677;0
678;0
679;0
680;2
681;0
682;0
683;0
684;2
685;2
686;0
687;0
688;0
689;0
690;0
691;0
692;1
693;0
694;1
695;1
696;1
697;0
698;0
699;1
700;0
701;0
702;2
703;1
704;0
705;0
706;0
707;1
708;0
709;1
710;0
711;0
712;1
713;0
714;1
715;2
716;0
717;0
718;0
719;0
720;0
721;0
722;0
723;0
724;0
725;0
726;0
727;0
728;0
729;0
730;0
731;1
732;0
733;0
734;0
735;0
736;2
737;0
738;0
739;0
740;0
741;1
742;2
743;1
744;0
745;0
746;0
747;0
748;2
749;0
750;2
751;2
752;0
753;0
754;0
755;0
756;2
757;1
758;1
759;1
760;1
761;0
762;0
763;2
764;1
765;1
766;0
767;0
768;2
769;0
770;0
771;0
772;2
773;0
774;0
775;0
776;0
777;0
778;0
779;0
780;0
781;0
782;0
783;2
784;1
785;0
786;0
787;2
788;0
789;0
790;2
791;2
792;0
793;1
794;0
795;2
796;0
797;0
798;1
799;0
800;0
801;0
802;0
803;0
804;0
805;0
806;0
807;1
808;0
809;0
810;0
811;2
812;0
813;0
814;0
815;2
816;1
817;0
818;2
819;1
820;0
821;0
822;1
823;0
824;2
825;0
826;0
827;1
828;0
829;0
830;0
831;0
832;2
833;0
834;0
835;0
836;0
837;2
838;0
839;0
840;0
841;0
842;2
843;1
844;0
845;0
846;0
847;0
848;0
849;0
850;0
851;0
852;0
853;0
854;1
855;0
856;2
857;0
858;0
859;0
860;0
861;1
862;1
863;0
864;0
865;0
866;0
867;0
868;0
869;0
870;0
871;0
872;0
873;2
874;0
875;0
876;0
877;2
878;2
879;0
880;0
881;0
882;0
883;0
884;0
885;0
886;2
887;0
888;0
889;0
890;0
891;2
892;2
893;0
894;0
895;0
896;2
897;0
898;1
899;0
900;0
901;0
902;0
903;0
904;0
905;1
906;2
907;0
908;0
909;0
910;2
911;0
912;2
913;0
914;2
915;0
916;0
917;0
918;0
919;0
920;0
921;1
922;0
923;0
924;0
925;1
926;0
927;0
928;1
929;0
930;0
931;2
932;0
933;0
934;2
935;1
936;0
937;2
938;0
939;0
940;1
941;0
942;1
943;0
944;0
945;2
946;2
947;0
948;0
949;0
950;0
951;2
952;0
953;0
954;0
955;0
956;0
957;0
958;0
959;0
960;2
961;0
962;0
963;0
964;0
965;0
966;0
967;1
968;0
969;0
970;0
971;0
972;0
973;0
974;1
975;0
976;0
977;2
978;1
979;0
980;2
981;0
982;1
983;0
984;1
985;1
986;0
987;0
988;2
989;1
990;0
991;0
992;1
993;1
994;0
995;1
996;0
997;2
998;2
999;1
1000;2
1001;0
1002;0
1003;0
1004;0
1005;0
1006;0
1007;0
1008;0
1009;2
1010;2
1011;2
1012;1
1013;0
1014;1
1015;0
1016;0
1017;0
1018;0
1019;0
1020;0
1021;0
1022;0
1023;0
