0;1
1;0
2;0
3;2
4;4
5;0
6;2
7;2
8;2
9;0
10;2
11;0
12;1
13;0
14;0
15;0
16;0
17;0
18;0
19;0
20;2
21;1
22;0
23;0
24;1
25;2
26;2
27;0
28;0
29;0
30;0
31;0
32;2
33;0
34;0
35;0
36;2
37;2
38;0
39;2
40;0
41;0
42;0
43;0
44;1
45;0
46;0
47;0
48;0
49;0
50;0
51;2
52;1
53;0
54;2
55;2
56;1
57;0
58;0
59;2
60;4
61;0
62;2
63;2
64;0
65;0
66;2
67;0
68;2
69;2
70;0
71;0
72;2
73;0
74;0
75;0
76;0
77;0
78;0
79;0
80;0
81;0
82;1
83;0
84;1
85;0
86;0
87;0
88;1
89;2
90;0
91;0
92;1
93;0
94;0
95;0
96;2
97;0
98;0
99;0
100;1
101;0
102;2
103;0
104;1
105;0
106;0
107;2
108;2
109;0
110;0
111;2
112;4
113;0
114;2
115;0
116;2
117;0
118;0
119;0
120;1
121;0
122;0
123;0
124;2
125;0
126;0
127;0
128;0
129;0
130;1
131;0
132;1
133;0
134;1
135;0
136;0
137;0
138;0
139;0
140;2
141;0
142;0
143;0
144;0
145;1
146;2
147;0
148;2
149;0
150;0
151;0
152;0
153;0
154;0
155;0
156;4
157;0
158;0
159;0
160;0
161;0
162;0
163;0
164;2
165;2
166;0
167;0
168;2
169;2
170;0
171;0
172;0
173;2
174;0
175;2
176;0
177;2
178;0
179;0
180;0
181;0
182;0
183;0
184;2
185;0
186;0
187;0
188;2
189;2
190;2
191;0
192;1
193;0
194;0
195;0
196;0
197;0
198;0
199;0
200;0
201;2
202;0
203;1
204;0
205;0
206;0
207;0
208;1
209;0
210;0
211;0
212;0
213;2
214;2
215;2
216;0
217;2
218;2
219;2
220;2
221;0
222;0
223;0
224;0
225;0
226;0
227;0
228;0
229;0
230;0
231;2
232;1
233;0
234;2
235;0
236;1
237;0
238;0
239;0
240;0
241;2
242;0
243;0
244;0
245;0
246;2
247;2
248;2
249;0
250;0
251;0
252;1
253;0
254;0
255;0
256;2
257;0
258;2
259;1
260;0
261;1
262;0
263;0
264;2
265;0
266;0
267;0
268;0
269;0
270;0
271;0
272;2
273;0
274;0
275;1
276;0
277;0
278;2
279;2
280;0
281;0
282;1
283;0
284;2
285;0
286;0
287;0
288;4
289;0
290;0
291;0
292;0
293;0
294;0
295;0
296;2
297;1
298;2
299;0
300;1
301;0
302;0
303;0
304;2
305;0
306;0
307;0
308;0
309;0
310;0
311;0
312;1
313;0
314;0
315;2
316;0
317;0
318;1
319;0
320;0
321;0
322;1
323;1
324;2
325;0
326;2
327;0
328;0
329;2
330;0
331;0
332;0
333;2
334;0
335;0
336;0
337;0
338;2
339;2
340;2
341;1
342;1
343;0
344;0
345;2
346;2
347;2
348;4
349;0
350;0
351;0
352;2
353;2
354;2
355;2
356;2
357;0
358;0
359;0
360;0
361;0
362;0
363;0
364;2
365;2
366;0
367;0
368;0
369;2
370;2
371;2
372;0
373;0
374;2
375;0
376;2
377;2
378;0
379;1
380;0
381;0
382;0
383;0
384;0
385;0
386;0
387;0
388;2
389;2
390;1
391;1
392;0
393;1
394;0
395;0
396;2
397;2
398;2
399;2
400;2
401;0
402;0
403;0
404;1
405;0
406;0
407;2
408;4
409;0
410;1
411;0
412;0
413;0
414;0
415;0
416;4
417;0
418;0
419;1
420;0
421;0
422;0
423;2
424;2
425;2
426;2
427;2
428;1
429;2
430;0
431;0
432;0
433;2
434;1
435;2
436;0
437;0
438;0
439;2
440;2
441;0
442;0
443;0
444;0
445;2
446;2
447;2
448;1
449;0
450;1
451;2
452;2
453;0
454;1
455;0
456;1
457;1
458;0
459;4
460;4
461;0
462;0
463;0
464;2
465;2
466;2
467;2
468;1
469;0
470;1
471;2
472;1
473;0
474;0
475;0
476;2
477;1
478;0
479;0
480;2
481;0
482;0
483;0
484;0
485;2
486;2
487;0
488;2
489;0
490;0
491;0
492;0
493;0
494;0
495;2
496;2
497;0
498;0
499;0
500;2
501;0
502;0
503;0
504;1
505;0
506;0
507;0
508;2
509;2
510;2
511;2
512;0
513;0
514;2
515;0
516;2
517;2
518;1
519;0
520;2
521;0
522;0
523;0
524;2
525;2
526;2
527;0
528;2
529;2
530;0
531;0
532;1
533;0
534;2
535;2
536;1
537;0
538;0
539;2
540;4
541;0
542;2
543;2
544;2
545;0
546;2
547;0
548;4
549;2
550;0
551;1
552;0
553;0
554;0
555;2
556;4
557;2
558;2
559;2
560;2
561;0
562;0
563;2
564;2
565;1
566;2
567;0
568;0
569;0
570;0
571;2
572;0
573;0
574;0
575;0
576;0
577;1
578;0
579;0
580;0
581;2
582;2
583;0
584;0
585;0
586;1
587;0
588;1
589;0
590;0
591;1
592;0
593;2
594;2
595;2
596;1
597;0
598;2
599;2
600;1
601;0
602;0
603;0
604;4
605;0
606;2
607;2
608;2
609;0
610;2
611;0
612;1
613;1
614;0
615;0
616;0
617;0
618;0
619;0
620;1
621;0
622;0
623;0
624;2
625;1
626;0
627;2
628;2
629;0
630;0
631;0
632;1
633;1
634;0
635;0
636;0
637;0
638;0
639;0
640;0
641;0
642;0
643;0
644;2
645;1
646;0
647;2
648;1
649;2
650;1
651;0
652;2
653;0
654;1
655;2
656;0
657;0
658;0
659;0
660;0
661;1
662;0
663;0
664;0
665;0
666;0
667;0
668;2
669;0
670;0
671;0
672;2
673;0
674;0
675;0
676;0
677;1
678;0
679;0
680;2
681;0
682;0
683;0
684;0
685;1
686;0
687;2
688;2
689;0
690;0
691;0
692;0
693;1
694;0
695;0
696;4
697;1
698;2
699;0
700;0
701;2
702;2
703;2
704;2
705;0
706;0
707;2
708;0
709;0
710;0
711;0
712;1
713;0
714;0
715;1
716;2
717;0
718;2
719;0
720;2
721;0
722;2
723;2
724;1
725;2
726;2
727;2
728;1
729;0
730;0
731;0
732;4
733;0
734;0
735;0
736;2
737;0
738;0
739;0
740;1
741;0
742;1
743;0
744;2
745;0
746;0
747;0
748;0
749;2
750;2
751;0
752;2
753;0
754;2
755;2
756;0
757;2
758;0
759;0
760;0
761;0
762;0
763;0
764;0
765;2
766;2
767;1
768;0
769;2
770;1
771;2
772;1
773;2
774;0
775;0
776;0
777;0
778;1
779;0
780;0
781;0
782;0
783;0
784;0
785;2
786;0
787;0
788;0
789;0
790;0
791;0
792;1
793;0
794;0
795;0
796;0
797;2
798;2
799;2
800;2
801;0
802;0
803;2
804;1
805;2
806;0
807;0
808;1
809;0
810;0
811;0
812;0
813;0
814;0
815;0
816;0
817;2
818;0
819;0
820;1
821;0
822;2
823;1
824;0
825;0
826;0
827;0
828;1
829;0
830;0
831;0
832;1
833;0
834;2
835;2
836;4
837;0
838;0
839;0
840;0
841;2
842;2
843;2
844;2
845;0
846;1
847;0
848;0
849;0
850;2
851;4
852;2
853;0
854;2
855;2
856;1
857;0
858;2
859;2
860;1
861;0
862;0
863;0
864;0
865;2
866;0
867;2
868;0
869;0
870;2
871;2
872;0
873;0
874;0
875;2
876;0
877;0
878;0
879;0
880;0
881;0
882;0
883;0
884;0
885;2
886;2
887;2
888;1
889;0
890;2
891;1
892;0
893;0
894;1
895;0
896;1
897;0
898;0
899;0
900;2
901;2
902;2
903;2
904;2
905;0
906;2
907;0
908;4
909;2
910;2
911;2
912;2
913;0
914;0
915;0
916;1
917;0
918;0
919;0
920;1
921;2
922;2
923;0
924;0
925;0
926;0
927;1
928;1
929;0
930;0
931;2
932;1
933;0
934;2
935;1
936;0
937;2
938;2
939;0
940;4
941;1
942;0
943;0
944;0
945;0
946;0
947;0
948;1
949;1
950;0
951;0
952;1
953;0
954;0
955;0
956;0
957;2
958;2
959;2
960;2
961;0
962;0
963;0
964;0
965;0
966;0
967;0
968;2
969;2
970;0
971;0
972;0
973;0
974;0
975;2
976;2
977;0
978;0
979;0
980;0
981;0
982;0
983;0
984;0
985;0
986;0
987;2
988;1
989;0
990;0
991;2
992;1
993;0
994;0
995;0
996;4
997;0
998;0
999;0
1000;0
1001;0
1002;0
1003;0
1004;2
1005;1
1006;0
1007;0
1008;0
1009;0
1010;1
1011;1
1012;0
1013;0
1014;1
1015;0
1016;0
1017;0
1018;0
1019;0
1020;0
1021;0
1022;0
1023;0
