0;0
1;0
2;0
3;2
4;2
5;0
6;2
7;0
8;2
9;0
10;0
11;0
12;0
13;0
14;0
15;0
16;0
17;0
18;0
19;0
20;2
21;1
22;0
23;0
24;0
25;2
26;2
27;0
28;0
29;1
30;0
31;0
32;2
33;0
34;0
35;0
36;2
37;1
38;0
39;1
40;1
41;0
42;0
43;0
44;0
45;0
46;0
47;0
48;0
49;0
50;0
51;2
52;0
53;0
54;0
55;1
56;2
57;0
58;1
59;2
60;2
61;0
62;0
63;0
64;0
65;0
66;0
67;2
68;0
69;0
70;1
71;0
72;1
73;0
74;0
75;0
76;0
77;2
78;0
79;0
80;1
81;0
82;0
83;0
84;2
85;0
86;0
87;0
88;1
89;0
90;0
91;0
92;1
93;0
94;0
95;0
96;2
97;0
98;0
99;0
100;1
101;0
102;1
103;0
104;0
105;1
106;1
107;0
108;0
109;0
110;0
111;0
112;0
113;0
114;0
115;0
116;0
117;0
118;2
119;0
120;2
121;0
122;0
123;0
124;2
125;0
126;0
127;0
128;2
129;0
130;0
131;0
132;0
133;1
134;0
135;0
136;2
137;2
138;0
139;1
140;2
141;1
142;0
143;0
144;0
145;2
146;0
147;2
148;0
149;2
150;0
151;0
152;0
153;0
154;0
155;0
156;2
157;0
158;0
159;0
160;0
161;2
162;2
163;0
164;1
165;0
166;0
167;0
168;0
169;0
170;0
171;0
172;1
173;1
174;1
175;1
176;2
177;0
178;0
179;0
180;2
181;1
182;0
183;0
184;0
185;1
186;0
187;2
188;0
189;0
190;2
191;2
192;1
193;0
194;0
195;2
196;4
197;0
198;2
199;0
200;0
201;0
202;2
203;0
204;1
205;0
206;0
207;0
208;0
209;0
210;0
211;0
212;0
213;0
214;0
215;1
216;0
217;0
218;2
219;0
220;1
221;0
222;0
223;0
224;0
225;2
226;0
227;0
228;0
229;2
230;1
231;0
232;1
233;0
234;0
235;0
236;1
237;0
238;0
239;0
240;2
241;0
242;2
243;2
244;2
245;1
246;0
247;0
248;2
249;0
250;0
251;0
252;0
253;0
254;0
255;0
256;2
257;0
258;0
259;0
260;0
261;0
262;2
263;2
264;0
265;0
266;0
267;0
268;2
269;0
270;0
271;0
272;2
273;0
274;0
275;0
276;0
277;0
278;0
279;1
280;0
281;2
282;2
283;0
284;1
285;0
286;0
287;0
288;1
289;0
290;0
291;0
292;0
293;0
294;0
295;0
296;1
297;0
298;0
299;2
300;0
301;0
302;1
303;0
304;0
305;0
306;1
307;1
308;2
309;0
310;0
311;0
312;0
313;2
314;1
315;0
316;0
317;0
318;0
319;0
320;0
321;0
322;2
323;1
324;0
325;1
326;1
327;1
328;0
329;2
330;2
331;2
332;1
333;0
334;2
335;1
336;0
337;0
338;0
339;2
340;4
341;0
342;2
343;2
344;2
345;0
346;0
347;2
348;1
349;0
350;1
351;2
352;0
353;1
354;0
355;0
356;2
357;0
358;0
359;0
360;0
361;0
362;0
363;0
364;0
365;2
366;0
367;0
368;0
369;0
370;0
371;2
372;0
373;0
374;2
375;0
376;2
377;2
378;0
379;1
380;0
381;0
382;0
383;0
384;0
385;0
386;0
387;0
388;2
389;2
390;1
391;1
392;0
393;0
394;0
395;2
396;0
397;2
398;1
399;0
400;0
401;2
402;1
403;0
404;2
405;1
406;0
407;2
408;1
409;0
410;2
411;0
412;0
413;0
414;0
415;0
416;4
417;0
418;0
419;0
420;0
421;0
422;0
423;0
424;2
425;2
426;1
427;0
428;0
429;2
430;0
431;0
432;0
433;2
434;2
435;1
436;2
437;0
438;2
439;2
440;2
441;1
442;2
443;0
444;2
445;2
446;2
447;2
448;1
449;0
450;1
451;2
452;0
453;0
454;0
455;0
456;1
457;0
458;1
459;4
460;0
461;0
462;2
463;0
464;1
465;0
466;0
467;2
468;2
469;2
470;1
471;0
472;0
473;0
474;0
475;0
476;2
477;2
478;2
479;0
480;0
481;0
482;0
483;0
484;2
485;2
486;2
487;0
488;2
489;0
490;0
491;0
492;0
493;0
494;0
495;1
496;0
497;0
498;2
499;0
500;2
501;0
502;0
503;0
504;0
505;0
506;0
507;0
508;2
509;2
510;2
511;2
512;0
513;2
514;0
515;0
516;2
517;1
518;0
519;1
520;2
521;0
522;0
523;0
524;2
525;2
526;1
527;0
528;2
529;2
530;0
531;0
532;0
533;2
534;1
535;2
536;0
537;0
538;2
539;1
540;2
541;1
542;0
543;2
544;2
545;0
546;2
547;0
548;0
549;1
550;2
551;0
552;0
553;0
554;2
555;2
556;0
557;0
558;0
559;0
560;0
561;1
562;0
563;0
564;2
565;2
566;1
567;0
568;0
569;0
570;0
571;0
572;1
573;0
574;0
575;0
576;1
577;0
578;0
579;2
580;2
581;0
582;0
583;2
584;2
585;0
586;2
587;0
588;1
589;2
590;1
591;0
592;0
593;1
594;2
595;1
596;0
597;0
598;0
599;0
600;0
601;0
602;0
603;0
604;0
605;1
606;0
607;2
608;2
609;2
610;2
611;1
612;0
613;0
614;0
615;0
616;1
617;1
618;0
619;1
620;0
621;0
622;0
623;0
624;0
625;2
626;0
627;0
628;2
629;1
630;0
631;2
632;2
633;0
634;1
635;0
636;0
637;0
638;1
639;0
640;0
641;0
642;2
643;0
644;0
645;1
646;0
647;0
648;2
649;2
650;2
651;0
652;0
653;0
654;0
655;0
656;1
657;0
658;0
659;0
660;0
661;0
662;0
663;0
664;1
665;0
666;2
667;0
668;1
669;0
670;0
671;0
672;0
673;0
674;0
675;0
676;2
677;1
678;0
679;0
680;1
681;2
682;0
683;0
684;0
685;2
686;2
687;2
688;2
689;0
690;0
691;2
692;0
693;0
694;0
695;0
696;1
697;0
698;0
699;0
700;2
701;0
702;2
703;0
704;2
705;0
706;2
707;2
708;0
709;0
710;0
711;0
712;2
713;0
714;0
715;0
716;4
717;0
718;0
719;0
720;0
721;0
722;2
723;0
724;1
725;2
726;1
727;0
728;1
729;0
730;0
731;0
732;2
733;0
734;2
735;0
736;0
737;0
738;2
739;2
740;2
741;2
742;1
743;0
744;0
745;0
746;0
747;2
748;1
749;0
750;0
751;2
752;2
753;0
754;2
755;2
756;2
757;0
758;2
759;1
760;0
761;0
762;0
763;0
764;0
765;2
766;2
767;2
768;2
769;2
770;2
771;0
772;1
773;0
774;0
775;0
776;0
777;2
778;1
779;0
780;0
781;0
782;0
783;0
784;0
785;2
786;0
787;0
788;0
789;0
790;0
791;0
792;0
793;0
794;0
795;0
796;0
797;1
798;0
799;2
800;0
801;0
802;0
803;2
804;1
805;1
806;0
807;1
808;1
809;0
810;0
811;0
812;0
813;0
814;0
815;0
816;0
817;0
818;0
819;0
820;0
821;0
822;2
823;0
824;0
825;1
826;0
827;0
828;0
829;0
830;0
831;0
832;1
833;0
834;1
835;0
836;1
837;0
838;0
839;0
840;0
841;1
842;0
843;2
844;2
845;0
846;1
847;0
848;0
849;0
850;2
851;2
852;2
853;0
854;1
855;0
856;1
857;0
858;0
859;2
860;1
861;0
862;0
863;0
864;0
865;2
866;0
867;2
868;0
869;0
870;0
871;2
872;2
873;0
874;0
875;2
876;0
877;0
878;0
879;0
880;0
881;0
882;0
883;0
884;2
885;2
886;2
887;1
888;1
889;0
890;1
891;1
892;0
893;0
894;0
895;0
896;1
897;0
898;0
899;0
900;0
901;2
902;2
903;2
904;2
905;0
906;2
907;0
908;4
909;2
910;1
911;0
912;2
913;0
914;0
915;0
916;1
917;0
918;0
919;0
920;0
921;2
922;2
923;0
924;0
925;2
926;0
927;1
928;1
929;0
930;0
931;0
932;1
933;0
934;2
935;2
936;0
937;2
938;0
939;1
940;0
941;1
942;0
943;0
944;0
945;0
946;2
947;1
948;0
949;0
950;0
951;2
952;1
953;0
954;2
955;0
956;4
957;0
958;0
959;0
960;2
961;0
962;0
963;0
964;4
965;0
966;0
967;2
968;0
969;0
970;0
971;0
972;2
973;0
974;0
975;0
976;1
977;0
978;1
979;0
980;2
981;2
982;0
983;0
984;0
985;0
986;0
987;0
988;0
989;0
990;0
991;0
992;0
993;0
994;0
995;0
996;0
997;1
998;0
999;1
1000;0
1001;1
1002;0
1003;1
1004;0
1005;0
1006;0
1007;0
1008;0
1009;0
1010;0
1011;2
1012;1
1013;0
1014;1
1015;1
1016;0
1017;0
1018;0
1019;0
1020;0
1021;0
1022;0
1023;0
