0;1
1;1
2;0
3;2
4;2
5;0
6;1
7;0
8;0
9;0
10;0
11;0
12;2
13;2
14;0
15;0
16;0
17;0
18;0
19;0
20;0
21;0
22;1
23;0
24;0
25;0
26;0
27;0
28;0
29;0
30;2
31;2
32;2
33;2
34;0
35;0
36;2
37;0
38;2
39;0
40;0
41;0
42;2
43;0
44;0
45;0
46;0
47;0
48;1
49;0
50;0
51;0
52;2
53;2
54;2
55;0
56;2
57;2
58;1
59;0
60;0
61;0
62;0
63;0
64;0
65;0
66;2
67;0
68;0
69;0
70;0
71;2
72;0
73;0
74;1
75;2
76;0
77;2
78;2
79;0
80;0
81;0
82;0
83;0
84;0
85;1
86;2
87;2
88;0
89;0
90;0
91;0
92;1
93;1
94;0
95;0
96;0
97;2
98;0
99;2
100;2
101;0
102;0
103;0
104;0
105;0
106;0
107;0
108;0
109;0
110;2
111;2
112;1
113;0
114;0
115;0
116;4
117;0
118;2
119;0
120;2
121;0
122;2
123;0
124;1
125;0
126;0
127;2
128;1
129;1
130;0
131;2
132;0
133;0
134;0
135;2
136;0
137;0
138;0
139;1
140;0
141;0
142;0
143;0
144;1
145;0
146;2
147;1
148;0
149;0
150;0
151;0
152;0
153;0
154;0
155;2
156;2
157;2
158;0
159;0
160;2
161;1
162;0
163;2
164;0
165;0
166;0
167;0
168;1
169;0
170;0
171;0
172;2
173;0
174;1
175;0
176;1
177;0
178;2
179;2
180;0
181;1
182;0
183;0
184;2
185;0
186;0
187;0
188;0
189;0
190;0
191;0
192;0
193;0
194;1
195;2
196;1
197;0
198;1
199;0
200;0
201;2
202;2
203;2
204;1
205;2
206;2
207;2
208;1
209;0
210;2
211;2
212;2
213;0
214;0
215;0
216;0
217;0
218;1
219;2
220;2
221;0
222;2
223;0
224;0
225;0
226;0
227;0
228;1
229;0
230;0
231;0
232;2
233;0
234;0
235;0
236;0
237;0
238;0
239;0
240;1
241;0
242;2
243;0
244;0
245;2
246;0
247;0
248;0
249;0
250;0
251;0
252;0
253;1
254;0
255;0
256;2
257;0
258;0
259;1
260;2
261;1
262;0
263;0
264;0
265;0
266;2
267;0
268;0
269;2
270;1
271;1
272;0
273;1
274;0
275;0
276;2
277;0
278;2
279;0
280;0
281;1
282;0
283;0
284;2
285;2
286;1
287;0
288;1
289;0
290;0
291;0
292;0
293;0
294;2
295;0
296;0
297;0
298;2
299;2
300;2
301;0
302;2
303;0
304;0
305;0
306;1
307;0
308;0
309;0
310;2
311;0
312;0
313;0
314;0
315;0
316;1
317;0
318;1
319;0
320;0
321;0
322;1
323;1
324;0
325;2
326;2
327;0
328;2
329;0
330;0
331;0
332;0
333;0
334;0
335;0
336;0
337;0
338;0
339;0
340;2
341;0
342;0
343;1
344;0
345;2
346;0
347;0
348;2
349;2
350;2
351;2
352;1
353;0
354;2
355;2
356;2
357;0
358;2
359;2
360;0
361;0
362;1
363;0
364;2
365;0
366;0
367;2
368;2
369;0
370;0
371;0
372;0
373;0
374;0
375;1
376;0
377;1
378;0
379;0
380;2
381;2
382;0
383;0
384;0
385;0
386;0
387;0
388;0
389;2
390;0
391;0
392;0
393;0
394;2
395;2
396;0
397;1
398;0
399;0
400;0
401;0
402;2
403;2
404;0
405;0
406;0
407;0
408;0
409;0
410;0
411;0
412;0
413;0
414;2
415;2
416;2
417;0
418;0
419;0
420;2
421;0
422;0
423;2
424;1
425;0
426;0
427;0
428;0
429;0
430;0
431;2
432;1
433;0
434;2
435;2
436;2
437;0
438;2
439;0
440;2
441;2
442;2
443;1
444;0
445;0
446;0
447;0
448;0
449;1
450;0
451;0
452;0
453;0
454;0
455;0
456;2
457;0
458;1
459;1
460;0
461;0
462;0
463;0
464;2
465;0
466;0
467;0
468;1
469;0
470;2
471;2
472;0
473;0
474;0
475;1
476;0
477;0
478;2
479;2
480;0
481;0
482;2
483;2
484;2
485;1
486;0
487;0
488;0
489;2
490;0
491;0
492;0
493;0
494;0
495;0
496;1
497;0
498;0
499;0
500;0
501;0
502;0
503;1
504;0
505;2
506;1
507;0
508;0
509;2
510;2
511;0
512;0
513;0
514;0
515;0
516;1
517;0
518;0
519;0
520;2
521;0
522;0
523;0
524;0
525;0
526;0
527;0
528;0
529;0
530;0
531;0
532;0
533;1
534;2
535;1
536;0
537;0
538;0
539;0
540;0
541;0
542;0
543;0
544;0
545;0
546;0
547;0
548;0
549;2
550;2
551;1
552;0
553;0
554;2
555;0
556;0
557;2
558;0
559;0
560;0
561;0
562;0
563;2
564;0
565;2
566;0
567;0
568;0
569;0
570;0
571;0
572;0
573;1
574;0
575;0
576;0
577;0
578;2
579;2
580;1
581;0
582;0
583;0
584;4
585;0
586;2
587;2
588;2
589;0
590;0
591;0
592;2
593;0
594;0
595;0
596;0
597;0
598;0
599;0
600;1
601;0
602;0
603;0
604;0
605;0
606;0
607;0
608;0
609;0
610;0
611;0
612;0
613;2
614;1
615;0
616;0
617;2
618;0
619;0
620;0
621;0
622;0
623;1
624;0
625;1
626;0
627;0
628;2
629;0
630;2
631;0
632;0
633;0
634;0
635;0
636;0
637;0
638;0
639;0
640;0
641;1
642;1
643;1
644;0
645;0
646;0
647;0
648;0
649;0
650;1
651;0
652;2
653;0
654;0
655;1
656;0
657;2
658;2
659;0
660;0
661;1
662;0
663;0
664;0
665;0
666;0
667;1
668;0
669;0
670;0
671;0
672;2
673;0
674;2
675;0
676;0
677;0
678;0
679;0
680;0
681;0
682;0
683;0
684;0
685;0
686;0
687;0
688;2
689;1
690;0
691;2
692;1
693;0
694;0
695;0
696;0
697;0
698;1
699;2
700;1
701;0
702;0
703;0
704;0
705;1
706;0
707;0
708;1
709;0
710;0
711;0
712;0
713;0
714;0
715;1
716;0
717;2
718;2
719;2
720;2
721;0
722;1
723;0
724;0
725;0
726;0
727;0
728;0
729;2
730;0
731;0
732;1
733;0
734;2
735;2
736;0
737;0
738;0
739;0
740;2
741;0
742;0
743;0
744;0
745;1
746;0
747;0
748;1
749;0
750;0
751;0
752;0
753;2
754;0
755;2
756;0
757;0
758;2
759;2
760;2
761;0
762;0
763;0
764;0
765;2
766;0
767;1
768;2
769;1
770;0
771;0
772;1
773;0
774;0
775;0
776;2
777;0
778;0
779;0
780;0
781;0
782;0
783;0
784;0
785;0
786;0
787;0
788;1
789;0
790;0
791;0
792;0
793;0
794;0
795;0
796;2
797;0
798;0
799;0
800;2
801;0
802;0
803;0
804;1
805;0
806;0
807;0
808;1
809;0
810;0
811;0
812;0
813;0
814;2
815;2
816;2
817;0
818;2
819;0
820;0
821;1
822;0
823;0
824;0
825;0
826;2
827;1
828;0
829;0
830;0
831;0
832;0
833;1
834;2
835;2
836;1
837;2
838;0
839;0
840;0
841;0
842;0
843;0
844;2
845;0
846;0
847;0
848;1
849;0
850;2
851;0
852;1
853;0
854;1
855;0
856;0
857;0
858;0
859;0
860;0
861;0
862;0
863;1
864;1
865;0
866;0
867;0
868;0
869;0
870;2
871;0
872;0
873;0
874;0
875;0
876;0
877;0
878;2
879;0
880;1
881;0
882;2
883;2
884;0
885;1
886;0
887;0
888;2
889;0
890;0
891;2
892;0
893;0
894;0
895;1
896;0
897;0
898;2
899;0
900;0
901;0
902;2
903;0
904;1
905;0
906;1
907;0
908;1
909;0
910;1
911;0
912;1
913;0
914;0
915;1
916;0
917;2
918;2
919;1
920;0
921;0
922;0
923;2
924;2
925;0
926;2
927;2
928;2
929;0
930;2
931;0
932;2
933;0
934;0
935;0
936;0
937;0
938;0
939;0
940;0
941;1
942;0
943;0
944;2
945;1
946;0
947;0
948;0
949;2
950;2
951;2
952;0
953;0
954;0
955;0
956;0
957;0
958;1
959;0
960;1
961;0
962;0
963;0
964;2
965;0
966;2
967;2
968;2
969;0
970;2
971;0
972;2
973;0
974;0
975;0
976;2
977;0
978;0
979;0
980;2
981;0
982;2
983;2
984;0
985;0
986;2
987;0
988;0
989;0
990;0
991;1
992;1
993;0
994;2
995;0
996;2
997;0
998;2
999;0
1000;0
1001;1
1002;0
1003;0
1004;0
1005;0
1006;0
1007;0
1008;2
1009;0
1010;2
1011;2
1012;1
1013;0
1014;1
1015;0
1016;0
1017;0
1018;0
1019;0
1020;0
1021;0
1022;0
1023;0
