0;0
1;0
2;0
3;0
4;2
5;0
6;2
7;0
8;2
9;0
10;2
11;0
12;1
13;0
14;0
15;0
16;0
17;0
18;2
19;0
20;2
21;1
22;0
23;0
24;2
25;0
26;2
27;2
28;2
29;0
30;0
31;0
32;0
33;1
34;0
35;0
36;1
37;0
38;0
39;2
40;0
41;0
42;0
43;0
44;1
45;0
46;0
47;0
48;0
49;0
50;0
51;2
52;2
53;0
54;2
55;2
56;1
57;1
58;1
59;0
60;0
61;0
62;0
63;0
64;0
65;0
66;0
67;2
68;0
69;0
70;1
71;0
72;1
73;0
74;0
75;0
76;1
77;2
78;0
79;0
80;0
81;0
82;0
83;0
84;2
85;0
86;2
87;0
88;1
89;0
90;0
91;0
92;0
93;0
94;0
95;0
96;2
97;0
98;0
99;0
100;1
101;0
102;2
103;0
104;0
105;0
106;1
107;0
108;0
109;0
110;2
111;0
112;2
113;0
114;0
115;0
116;0
117;1
118;2
119;0
120;2
121;0
122;2
123;0
124;2
125;2
126;0
127;2
128;2
129;0
130;0
131;0
132;0
133;0
134;2
135;0
136;2
137;1
138;0
139;0
140;2
141;0
142;0
143;0
144;0
145;2
146;0
147;2
148;0
149;2
150;0
151;0
152;0
153;0
154;0
155;0
156;0
157;0
158;0
159;0
160;1
161;0
162;2
163;2
164;0
165;0
166;0
167;0
168;0
169;2
170;1
171;2
172;1
173;0
174;1
175;1
176;2
177;0
178;0
179;0
180;1
181;1
182;0
183;0
184;0
185;2
186;2
187;2
188;0
189;2
190;2
191;2
192;2
193;0
194;0
195;2
196;0
197;0
198;0
199;1
200;0
201;0
202;0
203;0
204;1
205;0
206;2
207;0
208;1
209;0
210;0
211;0
212;0
213;2
214;0
215;0
216;2
217;1
218;0
219;2
220;2
221;0
222;0
223;2
224;2
225;1
226;0
227;0
228;2
229;0
230;2
231;2
232;2
233;1
234;0
235;0
236;2
237;0
238;0
239;0
240;0
241;0
242;0
243;0
244;2
245;0
246;0
247;0
248;0
249;0
250;0
251;2
252;0
253;0
254;0
255;0
256;0
257;0
258;0
259;0
260;2
261;0
262;0
263;0
264;0
265;0
266;2
267;0
268;2
269;2
270;2
271;0
272;1
273;0
274;0
275;0
276;2
277;0
278;0
279;0
280;0
281;0
282;0
283;0
284;1
285;0
286;0
287;2
288;0
289;0
290;1
291;0
292;0
293;0
294;1
295;1
296;2
297;2
298;2
299;0
300;0
301;2
302;2
303;0
304;0
305;0
306;0
307;0
308;0
309;0
310;2
311;2
312;2
313;1
314;1
315;0
316;0
317;2
318;0
319;2
320;1
321;0
322;0
323;0
324;2
325;2
326;1
327;2
328;2
329;0
330;0
331;0
332;0
333;0
334;0
335;0
336;0
337;2
338;0
339;0
340;0
341;2
342;2
343;0
344;0
345;2
346;2
347;0
348;2
349;2
350;0
351;1
352;0
353;0
354;0
355;0
356;0
357;0
358;0
359;0
360;2
361;1
362;0
363;1
364;0
365;0
366;0
367;0
368;2
369;2
370;2
371;1
372;0
373;0
374;0
375;0
376;2
377;0
378;2
379;2
380;2
381;0
382;1
383;1
384;0
385;0
386;2
387;0
388;2
389;0
390;1
391;0
392;0
393;0
394;2
395;0
396;2
397;2
398;2
399;2
400;1
401;2
402;1
403;0
404;0
405;2
406;1
407;1
408;1
409;0
410;1
411;0
412;0
413;0
414;1
415;0
416;1
417;0
418;0
419;2
420;1
421;2
422;2
423;1
424;0
425;0
426;0
427;0
428;2
429;1
430;2
431;1
432;2
433;0
434;2
435;0
436;1
437;0
438;0
439;2
440;1
441;1
442;1
443;2
444;2
445;2
446;0
447;2
448;2
449;2
450;0
451;2
452;1
453;0
454;0
455;0
456;2
457;2
458;0
459;0
460;2
461;0
462;2
463;0
464;0
465;2
466;2
467;0
468;1
469;1
470;0
471;0
472;0
473;0
474;0
475;2
476;2
477;0
478;0
479;1
480;0
481;0
482;0
483;0
484;1
485;0
486;1
487;0
488;2
489;1
490;0
491;2
492;0
493;0
494;2
495;0
496;2
497;2
498;1
499;1
500;2
501;0
502;0
503;0
504;2
505;2
506;2
507;0
508;0
509;1
510;1
511;0
512;2
513;2
514;1
515;1
516;2
517;2
518;2
519;2
520;2
521;2
522;2
523;0
524;1
525;2
526;2
527;0
528;0
529;1
530;0
531;0
532;0
533;0
534;0
535;0
536;0
537;0
538;0
539;0
540;0
541;1
542;0
543;0
544;2
545;2
546;1
547;1
548;0
549;1
550;1
551;0
552;1
553;0
554;0
555;0
556;1
557;0
558;1
559;2
560;2
561;1
562;0
563;2
564;2
565;0
566;0
567;0
568;0
569;0
570;0
571;0
572;0
573;1
574;0
575;0
576;2
577;2
578;2
579;1
580;0
581;0
582;0
583;0
584;1
585;1
586;0
587;0
588;0
589;0
590;0
591;0
592;0
593;0
594;0
595;0
596;2
597;2
598;1
599;0
600;2
601;0
602;1
603;0
604;2
605;0
606;1
607;2
608;0
609;0
610;0
611;0
612;1
613;0
614;0
615;0
616;0
617;0
618;2
619;0
620;2
621;0
622;0
623;0
624;2
625;0
626;0
627;2
628;0
629;0
630;2
631;0
632;2
633;0
634;0
635;0
636;0
637;0
638;2
639;0
640;2
641;0
642;2
643;0
644;1
645;1
646;0
647;0
648;1
649;1
650;2
651;0
652;0
653;2
654;0
655;2
656;2
657;0
658;0
659;2
660;0
661;0
662;0
663;0
664;1
665;0
666;0
667;0
668;2
669;0
670;2
671;0
672;2
673;0
674;2
675;2
676;0
677;2
678;0
679;0
680;2
681;0
682;0
683;0
684;2
685;0
686;2
687;0
688;2
689;0
690;2
691;0
692;1
693;0
694;1
695;0
696;2
697;0
698;0
699;0
700;2
701;2
702;0
703;0
704;2
705;0
706;2
707;0
708;0
709;0
710;0
711;0
712;0
713;0
714;0
715;0
716;0
717;0
718;0
719;2
720;2
721;2
722;2
723;0
724;1
725;0
726;0
727;0
728;0
729;2
730;0
731;0
732;0
733;0
734;0
735;0
736;0
737;2
738;1
739;0
740;0
741;0
742;1
743;2
744;0
745;0
746;0
747;0
748;0
749;0
750;2
751;2
752;1
753;0
754;0
755;2
756;2
757;0
758;2
759;2
760;2
761;0
762;0
763;0
764;1
765;0
766;0
767;0
768;0
769;0
770;0
771;0
772;0
773;1
774;2
775;0
776;2
777;2
778;0
779;0
780;1
781;0
782;2
783;1
784;0
785;0
786;2
787;0
788;1
789;0
790;0
791;0
792;1
793;0
794;0
795;2
796;2
797;0
798;0
799;2
800;0
801;1
802;1
803;0
804;2
805;0
806;0
807;0
808;0
809;0
810;0
811;2
812;0
813;0
814;0
815;2
816;1
817;0
818;0
819;2
820;1
821;0
822;0
823;0
824;0
825;2
826;0
827;2
828;0
829;0
830;0
831;1
832;0
833;1
834;0
835;0
836;2
837;0
838;0
839;0
840;0
841;0
842;0
843;0
844;0
845;2
846;1
847;0
848;1
849;0
850;0
851;2
852;1
853;1
854;0
855;2
856;1
857;2
858;2
859;2
860;2
861;0
862;2
863;0
864;1
865;0
866;0
867;0
868;0
869;1
870;0
871;0
872;0
873;0
874;1
875;0
876;2
877;2
878;2
879;2
880;2
881;0
882;2
883;0
884;2
885;2
886;1
887;0
888;1
889;0
890;2
891;0
892;0
893;0
894;0
895;0
896;0
897;2
898;2
899;0
900;0
901;0
902;0
903;1
904;1
905;0
906;0
907;2
908;1
909;0
910;1
911;0
912;0
913;2
914;2
915;0
916;0
917;1
918;0
919;0
920;0
921;0
922;1
923;0
924;0
925;0
926;1
927;1
928;1
929;0
930;0
931;0
932;0
933;0
934;2
935;2
936;2
937;0
938;0
939;0
940;0
941;0
942;0
943;0
944;2
945;0
946;0
947;0
948;0
949;0
950;0
951;1
952;0
953;0
954;0
955;0
956;0
957;0
958;0
959;0
960;0
961;0
962;0
963;2
964;1
965;0
966;0
967;0
968;0
969;0
970;0
971;0
972;2
973;0
974;1
975;0
976;2
977;0
978;2
979;0
980;0
981;1
982;0
983;0
984;0
985;0
986;0
987;0
988;0
989;0
990;0
991;0
992;0
993;2
994;0
995;1
996;0
997;2
998;2
999;0
1000;2
1001;2
1002;0
1003;2
1004;0
1005;1
1006;0
1007;0
1008;0
1009;0
1010;0
1011;0
1012;0
1013;1
1014;1
1015;0
1016;0
1017;0
1018;0
1019;0
1020;0
1021;0
1022;0
1023;0
