0;0
1;0
2;0
3;2
4;2
5;0
6;2
7;1
8;2
9;0
10;0
11;0
12;1
13;0
14;1
15;0
16;0
17;0
18;1
19;0
20;2
21;1
22;0
23;0
24;0
25;0
26;2
27;2
28;1
29;0
30;1
31;0
32;0
33;0
34;0
35;0
36;0
37;0
38;0
39;0
40;1
41;0
42;0
43;2
44;1
45;0
46;2
47;1
48;0
49;0
50;2
51;0
52;2
53;0
54;0
55;2
56;0
57;0
58;2
59;2
60;0
61;0
62;0
63;0
64;0
65;2
66;2
67;0
68;0
69;0
70;0
71;0
72;0
73;0
74;0
75;0
76;2
77;0
78;0
79;0
80;0
81;0
82;1
83;0
84;1
85;0
86;0
87;0
88;1
89;2
90;0
91;0
92;0
93;0
94;0
95;0
96;0
97;0
98;1
99;0
100;0
101;0
102;0
103;0
104;2
105;0
106;0
107;0
108;2
109;0
110;0
111;0
112;0
113;0
114;1
115;0
116;0
117;1
118;0
119;0
120;0
121;2
122;0
123;0
124;2
125;0
126;1
127;0
128;1
129;1
130;2
131;0
132;2
133;0
134;0
135;0
136;2
137;0
138;0
139;0
140;4
141;0
142;0
143;0
144;0
145;0
146;1
147;0
148;2
149;2
150;0
151;0
152;0
153;2
154;0
155;0
156;2
157;2
158;0
159;0
160;0
161;1
162;0
163;0
164;0
165;0
166;0
167;0
168;2
169;0
170;0
171;0
172;2
173;0
174;2
175;0
176;1
177;0
178;0
179;0
180;0
181;0
182;1
183;0
184;1
185;0
186;1
187;1
188;0
189;0
190;0
191;0
192;1
193;0
194;0
195;0
196;2
197;2
198;2
199;2
200;0
201;2
202;2
203;0
204;2
205;0
206;0
207;2
208;0
209;0
210;0
211;1
212;0
213;0
214;0
215;0
216;1
217;0
218;0
219;0
220;0
221;0
222;0
223;0
224;0
225;0
226;0
227;0
228;2
229;2
230;1
231;2
232;2
233;0
234;0
235;0
236;1
237;1
238;0
239;0
240;0
241;2
242;2
243;1
244;0
245;1
246;0
247;0
248;2
249;0
250;0
251;0
252;0
253;0
254;0
255;0
256;2
257;0
258;0
259;1
260;0
261;0
262;2
263;2
264;0
265;0
266;0
267;0
268;0
269;0
270;1
271;0
272;2
273;0
274;0
275;0
276;0
277;2
278;2
279;0
280;1
281;0
282;0
283;2
284;1
285;0
286;2
287;0
288;0
289;0
290;2
291;0
292;1
293;0
294;2
295;1
296;0
297;0
298;0
299;0
300;2
301;0
302;0
303;0
304;0
305;0
306;0
307;0
308;1
309;0
310;0
311;2
312;0
313;0
314;0
315;0
316;0
317;0
318;2
319;1
320;2
321;0
322;2
323;0
324;2
325;2
326;2
327;0
328;0
329;2
330;0
331;0
332;0
333;0
334;2
335;0
336;2
337;0
338;0
339;0
340;0
341;2
342;2
343;2
344;2
345;0
346;0
347;0
348;0
349;2
350;0
351;0
352;0
353;0
354;0
355;0
356;0
357;0
358;0
359;0
360;2
361;2
362;0
363;0
364;0
365;1
366;0
367;2
368;0
369;2
370;2
371;0
372;1
373;0
374;0
375;1
376;2
377;0
378;0
379;0
380;0
381;0
382;0
383;2
384;2
385;2
386;1
387;0
388;0
389;1
390;0
391;0
392;1
393;2
394;0
395;0
396;0
397;0
398;0
399;0
400;1
401;0
402;0
403;2
404;2
405;0
406;1
407;0
408;0
409;0
410;1
411;0
412;2
413;0
414;0
415;1
416;0
417;0
418;1
419;0
420;2
421;2
422;2
423;2
424;1
425;0
426;0
427;0
428;2
429;2
430;0
431;0
432;4
433;1
434;0
435;2
436;2
437;0
438;0
439;0
440;1
441;0
442;0
443;1
444;0
445;0
446;1
447;2
448;2
449;0
450;1
451;0
452;1
453;0
454;1
455;2
456;2
457;1
458;0
459;0
460;0
461;0
462;0
463;2
464;0
465;2
466;1
467;2
468;1
469;0
470;0
471;0
472;0
473;0
474;0
475;2
476;0
477;0
478;1
479;0
480;0
481;0
482;2
483;0
484;0
485;0
486;0
487;0
488;0
489;2
490;0
491;2
492;2
493;0
494;0
495;0
496;2
497;0
498;0
499;0
500;0
501;0
502;0
503;0
504;2
505;2
506;1
507;0
508;0
509;2
510;2
511;0
512;0
513;1
514;0
515;2
516;2
517;0
518;2
519;0
520;2
521;2
522;2
523;0
524;0
525;2
526;1
527;0
528;1
529;0
530;1
531;1
532;2
533;2
534;2
535;2
536;1
537;2
538;1
539;0
540;0
541;0
542;0
543;0
544;2
545;1
546;2
547;0
548;1
549;0
550;0
551;2
552;0
553;0
554;0
555;0
556;0
557;1
558;0
559;0
560;2
561;2
562;1
563;0
564;0
565;1
566;1
567;0
568;1
569;0
570;0
571;0
572;1
573;0
574;2
575;2
576;2
577;2
578;1
579;2
580;2
581;0
582;0
583;0
584;0
585;0
586;1
587;0
588;1
589;2
590;0
591;0
592;1
593;0
594;2
595;2
596;1
597;0
598;0
599;1
600;1
601;1
602;0
603;0
604;0
605;0
606;0
607;0
608;0
609;0
610;0
611;2
612;2
613;2
614;2
615;2
616;2
617;0
618;1
619;0
620;2
621;0
622;2
623;2
624;0
625;0
626;0
627;0
628;0
629;1
630;0
631;0
632;0
633;0
634;1
635;0
636;0
637;0
638;0
639;0
640;1
641;0
642;0
643;0
644;2
645;0
646;0
647;0
648;1
649;0
650;1
651;1
652;1
653;0
654;0
655;0
656;2
657;0
658;1
659;0
660;2
661;0
662;0
663;0
664;0
665;0
666;0
667;0
668;0
669;0
670;1
671;0
672;2
673;1
674;0
675;0
676;4
677;2
678;0
679;0
680;0
681;2
682;2
683;2
684;2
685;0
686;2
687;1
688;0
689;0
690;0
691;0
692;1
693;0
694;0
695;1
696;0
697;0
698;0
699;2
700;2
701;0
702;2
703;2
704;0
705;2
706;2
707;2
708;0
709;2
710;0
711;0
712;0
713;0
714;2
715;0
716;0
717;0
718;0
719;2
720;2
721;0
722;1
723;0
724;0
725;0
726;0
727;0
728;2
729;2
730;2
731;0
732;2
733;0
734;0
735;2
736;2
737;2
738;0
739;0
740;0
741;0
742;0
743;0
744;1
745;0
746;0
747;2
748;2
749;0
750;2
751;2
752;1
753;0
754;0
755;0
756;0
757;2
758;1
759;0
760;0
761;0
762;2
763;0
764;0
765;2
766;0
767;0
768;2
769;0
770;0
771;0
772;4
773;0
774;0
775;0
776;0
777;2
778;2
779;2
780;2
781;0
782;0
783;2
784;1
785;1
786;0
787;0
788;0
789;0
790;0
791;0
792;0
793;0
794;0
795;2
796;4
797;0
798;2
799;1
800;0
801;0
802;2
803;0
804;2
805;0
806;0
807;0
808;0
809;2
810;2
811;0
812;1
813;0
814;0
815;1
816;0
817;0
818;0
819;0
820;0
821;0
822;0
823;0
824;1
825;0
826;2
827;1
828;0
829;0
830;0
831;0
832;0
833;1
834;0
835;1
836;0
837;0
838;0
839;0
840;0
841;0
842;1
843;1
844;0
845;0
846;0
847;1
848;0
849;0
850;2
851;2
852;1
853;0
854;0
855;0
856;2
857;2
858;0
859;2
860;1
861;0
862;2
863;2
864;2
865;0
866;2
867;1
868;0
869;0
870;0
871;0
872;0
873;0
874;0
875;0
876;0
877;0
878;0
879;0
880;1
881;0
882;2
883;0
884;0
885;0
886;1
887;0
888;0
889;0
890;0
891;2
892;0
893;1
894;0
895;0
896;2
897;2
898;2
899;0
900;4
901;2
902;1
903;0
904;2
905;0
906;1
907;0
908;1
909;0
910;0
911;0
912;0
913;2
914;2
915;0
916;0
917;0
918;0
919;0
920;1
921;0
922;0
923;2
924;0
925;0
926;2
927;1
928;0
929;0
930;0
931;0
932;1
933;1
934;0
935;0
936;0
937;0
938;0
939;0
940;1
941;1
942;0
943;1
944;0
945;0
946;0
947;0
948;0
949;2
950;1
951;0
952;2
953;0
954;0
955;0
956;2
957;0
958;0
959;2
960;1
961;0
962;1
963;0
964;0
965;0
966;1
967;0
968;0
969;0
970;0
971;2
972;0
973;0
974;0
975;0
976;0
977;0
978;0
979;2
980;1
981;0
982;0
983;0
984;0
985;0
986;0
987;0
988;4
989;0
990;0
991;0
992;2
993;0
994;1
995;0
996;2
997;1
998;0
999;0
1000;0
1001;0
1002;1
1003;1
1004;0
1005;0
1006;2
1007;0
1008;0
1009;2
1010;0
1011;2
1012;0
1013;0
1014;1
1015;0
1016;0
1017;0
1018;0
1019;0
1020;0
1021;0
1022;0
1023;0
