0;0
1;0
2;0
3;2
4;2
5;0
6;2
7;0
8;2
9;0
10;2
11;0
12;0
13;2
14;0
15;0
16;0
17;0
18;0
19;0
20;0
21;0
22;1
23;0
24;0
25;0
26;0
27;0
28;0
29;1
30;0
31;2
32;2
33;0
34;0
35;0
36;2
37;0
38;0
39;0
40;2
41;0
42;0
43;0
44;0
45;0
46;2
47;0
48;2
49;0
50;0
51;2
52;1
53;0
54;0
55;0
56;4
57;0
58;0
59;1
60;0
61;0
62;2
63;0
64;2
65;2
66;2
67;0
68;2
69;2
70;1
71;2
72;2
73;0
74;0
75;0
76;0
77;0
78;0
79;0
80;0
81;0
82;0
83;2
84;0
85;0
86;0
87;0
88;0
89;1
90;0
91;0
92;0
93;0
94;0
95;0
96;0
97;1
98;1
99;0
100;1
101;0
102;1
103;0
104;1
105;1
106;2
107;0
108;0
109;1
110;0
111;2
112;0
113;0
114;0
115;1
116;0
117;0
118;0
119;0
120;2
121;1
122;1
123;0
124;1
125;0
126;2
127;0
128;0
129;0
130;0
131;0
132;0
133;0
134;0
135;0
136;0
137;2
138;0
139;2
140;0
141;0
142;0
143;2
144;2
145;0
146;0
147;0
148;1
149;0
150;2
151;1
152;0
153;0
154;0
155;0
156;0
157;2
158;0
159;0
160;1
161;0
162;0
163;0
164;2
165;1
166;0
167;2
168;0
169;2
170;0
171;0
172;0
173;0
174;0
175;2
176;0
177;0
178;1
179;0
180;1
181;0
182;2
183;2
184;0
185;1
186;0
187;0
188;1
189;0
190;0
191;0
192;0
193;0
194;2
195;2
196;1
197;0
198;0
199;2
200;2
201;0
202;2
203;2
204;0
205;0
206;2
207;2
208;2
209;2
210;2
211;0
212;2
213;1
214;0
215;0
216;0
217;1
218;0
219;0
220;0
221;1
222;2
223;0
224;0
225;0
226;0
227;2
228;1
229;1
230;1
231;0
232;1
233;0
234;0
235;0
236;1
237;0
238;1
239;0
240;2
241;0
242;0
243;0
244;1
245;0
246;2
247;2
248;1
249;0
250;0
251;2
252;2
253;0
254;2
255;1
256;4
257;0
258;2
259;2
260;2
261;0
262;0
263;0
264;1
265;2
266;0
267;0
268;0
269;0
270;0
271;2
272;2
273;2
274;0
275;0
276;0
277;2
278;1
279;0
280;1
281;1
282;0
283;0
284;2
285;1
286;0
287;0
288;2
289;1
290;0
291;0
292;1
293;0
294;1
295;0
296;0
297;0
298;0
299;0
300;0
301;0
302;0
303;0
304;0
305;0
306;2
307;2
308;1
309;0
310;2
311;2
312;1
313;0
314;0
315;0
316;2
317;0
318;2
319;2
320;2
321;0
322;0
323;0
324;1
325;0
326;1
327;0
328;0
329;0
330;0
331;0
332;0
333;0
334;0
335;0
336;0
337;0
338;1
339;0
340;0
341;0
342;0
343;0
344;1
345;0
346;2
347;0
348;0
349;0
350;2
351;0
352;2
353;0
354;0
355;0
356;0
357;0
358;0
359;0
360;0
361;0
362;0
363;0
364;0
365;0
366;2
367;1
368;0
369;1
370;0
371;1
372;0
373;2
374;2
375;2
376;2
377;2
378;2
379;2
380;2
381;2
382;2
383;2
384;0
385;0
386;0
387;0
388;2
389;1
390;0
391;0
392;0
393;2
394;2
395;0
396;0
397;0
398;0
399;0
400;4
401;0
402;2
403;1
404;0
405;0
406;2
407;0
408;2
409;0
410;2
411;0
412;0
413;0
414;0
415;0
416;1
417;2
418;0
419;0
420;0
421;0
422;0
423;0
424;0
425;0
426;0
427;0
428;0
429;0
430;2
431;0
432;2
433;1
434;0
435;0
436;2
437;0
438;2
439;0
440;1
441;0
442;0
443;0
444;2
445;0
446;0
447;0
448;1
449;0
450;2
451;1
452;0
453;0
454;0
455;0
456;2
457;0
458;0
459;2
460;0
461;0
462;0
463;0
464;0
465;0
466;0
467;0
468;0
469;2
470;0
471;2
472;2
473;0
474;0
475;0
476;0
477;1
478;0
479;2
480;0
481;0
482;0
483;0
484;1
485;2
486;0
487;0
488;0
489;0
490;0
491;0
492;0
493;0
494;1
495;0
496;2
497;0
498;0
499;0
500;2
501;2
502;2
503;2
504;1
505;0
506;0
507;1
508;0
509;2
510;0
511;2
512;0
513;1
514;0
515;0
516;0
517;1
518;2
519;0
520;0
521;0
522;2
523;2
524;0
525;0
526;0
527;0
528;0
529;2
530;0
531;1
532;0
533;0
534;0
535;0
536;1
537;1
538;0
539;0
540;0
541;2
542;2
543;2
544;2
545;0
546;0
547;0
548;0
549;0
550;0
551;0
552;0
553;0
554;1
555;0
556;0
557;0
558;0
559;1
560;2
561;0
562;0
563;0
564;0
565;2
566;2
567;0
568;2
569;0
570;2
571;2
572;0
573;0
574;0
575;0
576;0
577;0
578;0
579;0
580;0
581;1
582;0
583;0
584;1
585;0
586;2
587;2
588;0
589;0
590;0
591;2
592;4
593;2
594;2
595;2
596;2
597;2
598;2
599;0
600;2
601;0
602;0
603;0
604;0
605;1
606;0
607;0
608;0
609;0
610;0
611;0
612;0
613;0
614;0
615;0
616;0
617;1
618;0
619;0
620;2
621;0
622;0
623;0
624;0
625;0
626;0
627;0
628;1
629;0
630;0
631;1
632;0
633;2
634;1
635;2
636;2
637;0
638;1
639;0
640;0
641;2
642;0
643;2
644;2
645;0
646;0
647;0
648;0
649;1
650;0
651;1
652;0
653;0
654;2
655;0
656;0
657;0
658;2
659;0
660;0
661;0
662;0
663;0
664;0
665;0
666;0
667;0
668;1
669;1
670;1
671;0
672;0
673;0
674;0
675;0
676;0
677;0
678;2
679;0
680;0
681;2
682;0
683;0
684;1
685;0
686;0
687;2
688;0
689;0
690;0
691;0
692;0
693;0
694;0
695;2
696;2
697;1
698;0
699;0
700;2
701;0
702;0
703;0
704;1
705;0
706;1
707;2
708;1
709;0
710;0
711;0
712;0
713;1
714;0
715;0
716;0
717;0
718;0
719;0
720;0
721;0
722;0
723;0
724;0
725;2
726;2
727;2
728;0
729;0
730;1
731;0
732;0
733;0
734;0
735;0
736;0
737;2
738;0
739;2
740;0
741;2
742;2
743;0
744;0
745;1
746;0
747;0
748;2
749;0
750;0
751;0
752;0
753;0
754;1
755;0
756;1
757;0
758;0
759;0
760;0
761;2
762;0
763;2
764;0
765;2
766;0
767;2
768;2
769;2
770;1
771;0
772;0
773;0
774;0
775;0
776;0
777;0
778;0
779;0
780;4
781;0
782;2
783;2
784;2
785;0
786;2
787;0
788;2
789;0
790;0
791;1
792;0
793;0
794;0
795;0
796;0
797;0
798;0
799;0
800;2
801;0
802;0
803;0
804;0
805;0
806;0
807;0
808;0
809;0
810;0
811;0
812;1
813;1
814;0
815;0
816;0
817;0
818;2
819;0
820;2
821;0
822;1
823;0
824;0
825;1
826;0
827;0
828;1
829;0
830;0
831;0
832;1
833;0
834;0
835;0
836;0
837;0
838;2
839;2
840;1
841;0
842;1
843;0
844;0
845;0
846;1
847;0
848;0
849;0
850;2
851;0
852;1
853;0
854;0
855;0
856;0
857;1
858;2
859;0
860;1
861;0
862;0
863;2
864;0
865;0
866;0
867;0
868;2
869;2
870;0
871;0
872;0
873;0
874;2
875;0
876;0
877;1
878;1
879;0
880;0
881;0
882;0
883;0
884;0
885;0
886;0
887;2
888;1
889;0
890;0
891;0
892;0
893;0
894;2
895;0
896;0
897;0
898;0
899;0
900;0
901;1
902;0
903;0
904;0
905;0
906;0
907;2
908;0
909;2
910;1
911;0
912;0
913;0
914;2
915;2
916;2
917;0
918;0
919;2
920;2
921;0
922;2
923;2
924;2
925;0
926;2
927;2
928;2
929;0
930;0
931;0
932;2
933;1
934;0
935;0
936;1
937;0
938;0
939;0
940;0
941;0
942;0
943;0
944;0
945;0
946;0
947;0
948;0
949;0
950;0
951;0
952;0
953;2
954;0
955;0
956;0
957;2
958;2
959;0
960;0
961;0
962;1
963;0
964;1
965;0
966;0
967;0
968;0
969;2
970;0
971;2
972;2
973;0
974;0
975;0
976;0
977;0
978;2
979;2
980;0
981;0
982;2
983;2
984;2
985;2
986;0
987;0
988;2
989;2
990;0
991;2
992;2
993;0
994;0
995;0
996;0
997;0
998;2
999;0
1000;0
1001;1
1002;0
1003;0
1004;0
1005;1
1006;2
1007;2
1008;0
1009;0
1010;2
1011;2
1012;0
1013;0
1014;0
1015;1
1016;0
1017;0
1018;0
1019;0
1020;0
1021;0
1022;0
1023;0
