0;0
1;0
2;0
3;0
4;0
5;0
6;0
7;2
8;0
9;0
10;2
11;2
12;2
13;2
14;0
15;0
16;0
17;0
18;0
19;0
20;0
21;0
22;0
23;0
24;0
25;0
26;0
27;0
28;0
29;0
30;0
31;1
32;0
33;0
34;0
35;0
36;0
37;0
38;2
39;0
40;0
41;0
42;0
43;0
44;0
45;0
46;2
47;0
48;2
49;0
50;1
51;0
52;0
53;2
54;2
55;0
56;0
57;0
58;1
59;0
60;2
61;0
62;0
63;0
64;0
65;0
66;0
67;0
68;0
69;2
70;0
71;0
72;0
73;0
74;0
75;0
76;0
77;1
78;0
79;0
80;0
81;0
82;0
83;0
84;0
85;0
86;1
87;0
88;1
89;0
90;0
91;0
92;1
93;1
94;2
95;0
96;1
97;1
98;0
99;2
100;0
101;0
102;0
103;2
104;0
105;0
106;0
107;0
108;0
109;2
110;2
111;0
112;2
113;0
114;0
115;0
116;1
117;2
118;0
119;0
120;0
121;2
122;0
123;0
124;0
125;2
126;0
127;2
128;0
129;0
130;0
131;1
132;0
133;0
134;0
135;0
136;0
137;2
138;1
139;0
140;0
141;0
142;2
143;0
144;2
145;0
146;0
147;2
148;2
149;2
150;0
151;0
152;2
153;1
154;0
155;2
156;0
157;0
158;0
159;2
160;0
161;0
162;0
163;0
164;2
165;2
166;1
167;2
168;1
169;0
170;2
171;2
172;0
173;0
174;0
175;0
176;0
177;0
178;0
179;2
180;2
181;0
182;0
183;0
184;0
185;0
186;2
187;2
188;2
189;0
190;0
191;0
192;0
193;4
194;1
195;2
196;1
197;0
198;2
199;2
200;2
201;2
202;1
203;0
204;2
205;0
206;0
207;0
208;2
209;0
210;0
211;0
212;0
213;2
214;0
215;0
216;0
217;0
218;0
219;1
220;1
221;0
222;0
223;0
224;1
225;2
226;0
227;0
228;0
229;2
230;1
231;0
232;2
233;0
234;1
235;0
236;0
237;2
238;0
239;0
240;0
241;2
242;0
243;0
244;0
245;2
246;2
247;2
248;2
249;0
250;0
251;0
252;0
253;1
254;0
255;1
256;0
257;0
258;0
259;0
260;0
261;0
262;1
263;0
264;0
265;1
266;0
267;0
268;0
269;0
270;0
271;0
272;0
273;0
274;0
275;0
276;2
277;1
278;0
279;2
280;1
281;0
282;0
283;2
284;2
285;1
286;2
287;0
288;0
289;0
290;0
291;0
292;0
293;0
294;0
295;0
296;0
297;0
298;1
299;0
300;0
301;0
302;0
303;0
304;0
305;0
306;0
307;0
308;0
309;0
310;0
311;0
312;0
313;0
314;1
315;1
316;2
317;2
318;2
319;2
320;0
321;0
322;0
323;0
324;0
325;0
326;0
327;0
328;0
329;0
330;0
331;2
332;2
333;0
334;0
335;2
336;0
337;1
338;0
339;0
340;0
341;2
342;2
343;0
344;1
345;0
346;1
347;0
348;0
349;0
350;2
351;2
352;0
353;0
354;0
355;2
356;2
357;2
358;2
359;0
360;1
361;0
362;0
363;0
364;0
365;1
366;1
367;0
368;0
369;0
370;1
371;2
372;1
373;0
374;1
375;0
376;0
377;0
378;0
379;0
380;0
381;1
382;2
383;0
384;0
385;0
386;2
387;4
388;2
389;1
390;0
391;0
392;0
393;0
394;0
395;2
396;2
397;0
398;0
399;0
400;2
401;0
402;1
403;0
404;1
405;0
406;1
407;0
408;0
409;0
410;0
411;0
412;0
413;0
414;0
415;2
416;2
417;0
418;2
419;1
420;0
421;2
422;2
423;0
424;0
425;0
426;2
427;2
428;0
429;0
430;0
431;0
432;0
433;2
434;0
435;0
436;0
437;0
438;0
439;0
440;0
441;0
442;0
443;0
444;0
445;0
446;0
447;0
448;2
449;1
450;2
451;1
452;0
453;0
454;0
455;0
456;2
457;0
458;0
459;0
460;1
461;0
462;0
463;1
464;0
465;2
466;0
467;0
468;0
469;0
470;1
471;0
472;1
473;0
474;0
475;0
476;1
477;0
478;2
479;2
480;1
481;1
482;0
483;1
484;0
485;0
486;0
487;2
488;0
489;0
490;0
491;0
492;0
493;0
494;1
495;0
496;2
497;2
498;0
499;0
500;0
501;1
502;0
503;0
504;1
505;0
506;0
507;0
508;0
509;0
510;0
511;0
512;1
513;0
514;0
515;0
516;0
517;0
518;0
519;2
520;2
521;0
522;0
523;0
524;0
525;0
526;0
527;0
528;0
529;0
530;0
531;0
532;0
533;0
534;0
535;0
536;2
537;2
538;0
539;0
540;0
541;2
542;0
543;0
544;0
545;0
546;2
547;2
548;1
549;0
550;0
551;0
552;0
553;0
554;2
555;0
556;2
557;1
558;0
559;0
560;0
561;0
562;0
563;0
564;0
565;2
566;0
567;0
568;0
569;0
570;0
571;2
572;1
573;0
574;0
575;2
576;2
577;0
578;1
579;1
580;2
581;0
582;2
583;2
584;1
585;0
586;0
587;0
588;0
589;0
590;1
591;0
592;0
593;1
594;1
595;0
596;2
597;0
598;0
599;0
600;2
601;0
602;0
603;0
604;0
605;0
606;1
607;0
608;1
609;0
610;1
611;0
612;0
613;0
614;0
615;2
616;1
617;0
618;0
619;2
620;1
621;2
622;2
623;0
624;2
625;0
626;2
627;0
628;2
629;0
630;0
631;1
632;0
633;0
634;0
635;0
636;0
637;2
638;0
639;0
640;0
641;0
642;0
643;0
644;0
645;2
646;0
647;0
648;2
649;0
650;0
651;1
652;0
653;2
654;0
655;0
656;0
657;1
658;0
659;0
660;0
661;0
662;0
663;0
664;2
665;0
666;2
667;0
668;2
669;2
670;0
671;1
672;0
673;0
674;0
675;0
676;1
677;0
678;0
679;0
680;0
681;0
682;0
683;2
684;2
685;1
686;0
687;0
688;2
689;2
690;0
691;0
692;0
693;0
694;2
695;0
696;2
697;0
698;0
699;0
700;0
701;0
702;0
703;0
704;0
705;2
706;0
707;0
708;0
709;0
710;0
711;0
712;2
713;2
714;0
715;0
716;2
717;0
718;1
719;0
720;0
721;0
722;1
723;0
724;0
725;2
726;0
727;0
728;0
729;1
730;0
731;2
732;2
733;2
734;0
735;0
736;2
737;0
738;0
739;0
740;0
741;0
742;2
743;0
744;1
745;0
746;0
747;2
748;0
749;2
750;0
751;2
752;0
753;1
754;0
755;2
756;2
757;2
758;0
759;0
760;0
761;2
762;1
763;0
764;2
765;0
766;0
767;0
768;1
769;0
770;0
771;0
772;1
773;0
774;0
775;2
776;2
777;0
778;2
779;0
780;0
781;0
782;2
783;0
784;1
785;0
786;0
787;0
788;0
789;0
790;0
791;0
792;0
793;0
794;0
795;0
796;0
797;0
798;0
799;0
800;1
801;0
802;0
803;0
804;0
805;0
806;0
807;0
808;2
809;0
810;2
811;0
812;2
813;1
814;0
815;0
816;1
817;0
818;0
819;2
820;0
821;0
822;0
823;0
824;2
825;0
826;2
827;2
828;2
829;0
830;0
831;0
832;0
833;0
834;1
835;0
836;0
837;0
838;2
839;0
840;1
841;0
842;2
843;0
844;0
845;1
846;0
847;2
848;1
849;0
850;0
851;1
852;0
853;0
854;0
855;0
856;2
857;0
858;0
859;0
860;0
861;0
862;1
863;0
864;1
865;0
866;1
867;0
868;0
869;0
870;0
871;0
872;0
873;0
874;0
875;2
876;1
877;0
878;0
879;0
880;0
881;0
882;2
883;0
884;1
885;1
886;0
887;0
888;2
889;0
890;0
891;0
892;0
893;0
894;2
895;2
896;0
897;1
898;0
899;2
900;2
901;2
902;0
903;2
904;0
905;0
906;0
907;0
908;1
909;0
910;0
911;2
912;2
913;0
914;0
915;2
916;2
917;0
918;0
919;0
920;1
921;1
922;0
923;2
924;4
925;2
926;2
927;1
928;0
929;0
930;0
931;0
932;1
933;0
934;0
935;2
936;0
937;0
938;2
939;2
940;1
941;0
942;0
943;2
944;2
945;2
946;2
947;1
948;0
949;0
950;0
951;0
952;1
953;0
954;1
955;0
956;0
957;0
958;1
959;0
960;2
961;0
962;2
963;0
964;1
965;0
966;0
967;0
968;0
969;2
970;2
971;1
972;0
973;1
974;0
975;2
976;1
977;0
978;0
979;2
980;0
981;0
982;0
983;0
984;0
985;0
986;2
987;0
988;0
989;2
990;2
991;2
992;0
993;0
994;2
995;2
996;2
997;0
998;2
999;2
1000;1
1001;0
1002;0
1003;0
1004;2
1005;0
1006;2
1007;0
1008;0
1009;0
1010;2
1011;2
1012;1
1013;0
1014;0
1015;0
1016;0
1017;0
1018;0
1019;0
1020;0
1021;0
1022;0
1023;0
