0;1
1;0
2;0
3;2
4;2
5;0
6;2
7;1
8;0
9;0
10;0
11;0
12;2
13;2
14;0
15;0
16;0
17;0
18;0
19;0
20;0
21;0
22;0
23;0
24;0
25;0
26;0
27;0
28;1
29;2
30;2
31;2
32;2
33;0
34;0
35;0
36;2
37;0
38;2
39;0
40;0
41;0
42;0
43;1
44;1
45;0
46;2
47;0
48;1
49;0
50;2
51;2
52;1
53;0
54;0
55;2
56;4
57;0
58;2
59;2
60;2
61;0
62;0
63;0
64;2
65;2
66;2
67;0
68;0
69;2
70;2
71;2
72;2
73;1
74;0
75;0
76;0
77;1
78;0
79;0
80;0
81;0
82;0
83;2
84;0
85;0
86;0
87;0
88;0
89;0
90;0
91;0
92;0
93;0
94;0
95;0
96;0
97;1
98;1
99;0
100;1
101;0
102;0
103;0
104;2
105;0
106;0
107;0
108;0
109;1
110;0
111;0
112;2
113;0
114;2
115;2
116;4
117;0
118;0
119;0
120;2
121;0
122;1
123;0
124;1
125;0
126;0
127;0
128;2
129;0
130;0
131;0
132;0
133;0
134;0
135;0
136;0
137;0
138;0
139;2
140;0
141;0
142;0
143;2
144;0
145;0
146;0
147;0
148;0
149;0
150;2
151;1
152;1
153;0
154;1
155;0
156;0
157;0
158;0
159;2
160;2
161;2
162;0
163;0
164;2
165;1
166;0
167;2
168;0
169;0
170;0
171;0
172;0
173;0
174;0
175;2
176;2
177;2
178;1
179;2
180;1
181;0
182;0
183;2
184;0
185;0
186;0
187;0
188;2
189;0
190;0
191;0
192;1
193;0
194;2
195;2
196;1
197;0
198;0
199;1
200;2
201;2
202;2
203;2
204;2
205;0
206;2
207;0
208;2
209;0
210;2
211;0
212;2
213;0
214;0
215;0
216;0
217;0
218;0
219;0
220;0
221;1
222;2
223;1
224;0
225;0
226;0
227;2
228;0
229;2
230;1
231;2
232;1
233;0
234;2
235;0
236;0
237;2
238;2
239;2
240;2
241;2
242;0
243;0
244;1
245;0
246;4
247;2
248;1
249;0
250;0
251;0
252;4
253;0
254;2
255;0
256;2
257;0
258;2
259;0
260;2
261;1
262;0
263;0
264;0
265;2
266;0
267;0
268;0
269;0
270;0
271;1
272;1
273;2
274;1
275;0
276;0
277;2
278;2
279;2
280;1
281;1
282;0
283;0
284;0
285;0
286;0
287;0
288;0
289;2
290;1
291;0
292;2
293;2
294;2
295;1
296;0
297;0
298;0
299;0
300;0
301;0
302;0
303;0
304;0
305;2
306;1
307;0
308;2
309;2
310;2
311;2
312;0
313;0
314;0
315;2
316;4
317;1
318;0
319;1
320;0
321;0
322;2
323;0
324;1
325;0
326;1
327;0
328;0
329;0
330;0
331;0
332;0
333;2
334;0
335;2
336;1
337;0
338;0
339;0
340;0
341;0
342;0
343;0
344;0
345;0
346;1
347;2
348;0
349;0
350;2
351;0
352;0
353;0
354;0
355;0
356;0
357;0
358;0
359;0
360;0
361;0
362;0
363;0
364;2
365;0
366;0
367;1
368;0
369;1
370;0
371;0
372;1
373;2
374;2
375;2
376;2
377;1
378;0
379;2
380;2
381;0
382;2
383;2
384;0
385;2
386;0
387;0
388;0
389;2
390;0
391;0
392;1
393;0
394;1
395;0
396;0
397;0
398;0
399;2
400;4
401;0
402;2
403;2
404;2
405;0
406;2
407;0
408;2
409;0
410;2
411;0
412;0
413;0
414;0
415;0
416;0
417;0
418;0
419;0
420;0
421;0
422;0
423;0
424;0
425;1
426;0
427;0
428;0
429;0
430;2
431;2
432;2
433;1
434;0
435;0
436;0
437;0
438;2
439;2
440;0
441;0
442;0
443;0
444;0
445;0
446;0
447;1
448;0
449;0
450;2
451;2
452;2
453;0
454;0
455;0
456;2
457;0
458;2
459;2
460;2
461;0
462;0
463;0
464;0
465;0
466;0
467;0
468;0
469;0
470;2
471;0
472;1
473;0
474;0
475;0
476;0
477;1
478;0
479;1
480;0
481;0
482;0
483;0
484;0
485;2
486;0
487;0
488;0
489;0
490;0
491;0
492;0
493;0
494;0
495;0
496;0
497;0
498;2
499;0
500;0
501;2
502;1
503;0
504;2
505;0
506;0
507;1
508;0
509;0
510;0
511;2
512;0
513;1
514;0
515;0
516;0
517;2
518;1
519;0
520;0
521;2
522;0
523;0
524;1
525;2
526;0
527;0
528;1
529;1
530;0
531;0
532;0
533;0
534;0
535;0
536;0
537;0
538;0
539;0
540;2
541;2
542;0
543;2
544;2
545;2
546;0
547;0
548;0
549;0
550;0
551;0
552;0
553;0
554;0
555;0
556;0
557;0
558;2
559;2
560;2
561;0
562;0
563;1
564;0
565;2
566;0
567;0
568;2
569;0
570;2
571;2
572;0
573;2
574;0
575;0
576;0
577;0
578;0
579;0
580;0
581;1
582;0
583;0
584;1
585;0
586;2
587;2
588;1
589;0
590;0
591;2
592;2
593;0
594;2
595;2
596;0
597;0
598;2
599;2
600;0
601;0
602;0
603;0
604;0
605;0
606;0
607;0
608;1
609;0
610;0
611;0
612;0
613;0
614;0
615;0
616;0
617;1
618;0
619;0
620;1
621;0
622;0
623;0
624;0
625;0
626;0
627;0
628;0
629;0
630;0
631;1
632;0
633;1
634;0
635;1
636;0
637;0
638;0
639;0
640;0
641;0
642;0
643;0
644;2
645;0
646;2
647;0
648;0
649;1
650;0
651;0
652;0
653;0
654;0
655;0
656;0
657;0
658;2
659;2
660;2
661;0
662;0
663;1
664;0
665;2
666;0
667;0
668;2
669;1
670;0
671;0
672;0
673;0
674;0
675;0
676;0
677;0
678;0
679;0
680;2
681;2
682;0
683;0
684;0
685;0
686;0
687;2
688;2
689;0
690;1
691;0
692;0
693;0
694;0
695;1
696;2
697;1
698;0
699;2
700;2
701;2
702;0
703;0
704;0
705;0
706;1
707;2
708;1
709;0
710;0
711;0
712;0
713;1
714;0
715;0
716;0
717;2
718;0
719;0
720;0
721;0
722;0
723;1
724;0
725;0
726;2
727;2
728;2
729;0
730;1
731;0
732;0
733;0
734;0
735;1
736;1
737;2
738;0
739;0
740;0
741;1
742;0
743;2
744;2
745;0
746;0
747;0
748;0
749;0
750;0
751;0
752;0
753;0
754;2
755;0
756;1
757;0
758;0
759;0
760;0
761;2
762;0
763;2
764;0
765;1
766;1
767;0
768;0
769;0
770;0
771;0
772;0
773;0
774;2
775;0
776;1
777;0
778;0
779;2
780;4
781;0
782;0
783;1
784;0
785;0
786;2
787;0
788;2
789;0
790;0
791;1
792;0
793;0
794;0
795;0
796;0
797;0
798;2
799;0
800;2
801;0
802;0
803;0
804;0
805;0
806;0
807;0
808;0
809;0
810;0
811;0
812;1
813;0
814;0
815;0
816;0
817;0
818;2
819;0
820;2
821;0
822;1
823;2
824;2
825;1
826;0
827;0
828;1
829;1
830;0
831;2
832;1
833;0
834;0
835;0
836;0
837;0
838;2
839;0
840;2
841;1
842;0
843;0
844;0
845;0
846;0
847;0
848;0
849;0
850;2
851;1
852;0
853;0
854;0
855;0
856;0
857;0
858;0
859;0
860;1
861;0
862;0
863;2
864;0
865;0
866;0
867;0
868;2
869;0
870;0
871;0
872;0
873;0
874;0
875;2
876;1
877;0
878;1
879;0
880;0
881;0
882;0
883;2
884;0
885;0
886;0
887;1
888;0
889;0
890;0
891;0
892;0
893;0
894;0
895;0
896;1
897;2
898;0
899;0
900;0
901;0
902;0
903;0
904;0
905;0
906;2
907;0
908;0
909;1
910;0
911;2
912;1
913;0
914;2
915;0
916;1
917;1
918;0
919;2
920;4
921;0
922;2
923;2
924;2
925;0
926;2
927;0
928;2
929;0
930;1
931;0
932;4
933;1
934;0
935;2
936;1
937;0
938;2
939;2
940;2
941;0
942;0
943;0
944;0
945;0
946;0
947;0
948;0
949;0
950;2
951;0
952;2
953;2
954;0
955;2
956;0
957;0
958;0
959;0
960;0
961;2
962;2
963;2
964;4
965;0
966;0
967;0
968;0
969;2
970;1
971;2
972;2
973;0
974;0
975;0
976;0
977;0
978;2
979;2
980;0
981;2
982;2
983;2
984;2
985;1
986;0
987;0
988;2
989;2
990;0
991;2
992;0
993;0
994;0
995;0
996;0
997;0
998;2
999;0
1000;0
1001;1
1002;0
1003;0
1004;0
1005;0
1006;2
1007;2
1008;0
1009;2
1010;2
1011;2
1012;0
1013;0
1014;0
1015;1
1016;0
1017;0
1018;0
1019;0
1020;0
1021;0
1022;0
1023;0
