0;1
1;0
2;0
3;0
4;2
5;0
6;0
7;0
8;2
9;0
10;1
11;0
12;1
13;0
14;0
15;0
16;0
17;0
18;1
19;0
20;0
21;1
22;1
23;0
24;1
25;0
26;2
27;0
28;0
29;0
30;0
31;0
32;0
33;0
34;0
35;0
36;2
37;2
38;2
39;0
40;0
41;0
42;1
43;0
44;1
45;0
46;0
47;0
48;0
49;0
50;0
51;2
52;1
53;0
54;2
55;1
56;0
57;0
58;2
59;0
60;2
61;0
62;0
63;0
64;0
65;0
66;0
67;2
68;1
69;0
70;1
71;0
72;1
73;0
74;0
75;2
76;2
77;0
78;0
79;0
80;0
81;0
82;0
83;0
84;0
85;0
86;0
87;0
88;0
89;1
90;0
91;0
92;2
93;1
94;0
95;0
96;2
97;0
98;0
99;0
100;0
101;0
102;1
103;0
104;0
105;0
106;0
107;0
108;0
109;0
110;0
111;0
112;0
113;0
114;0
115;2
116;1
117;0
118;0
119;2
120;2
121;0
122;2
123;2
124;2
125;0
126;0
127;0
128;2
129;0
130;0
131;0
132;0
133;0
134;1
135;0
136;0
137;0
138;0
139;0
140;2
141;0
142;0
143;0
144;0
145;2
146;0
147;0
148;1
149;0
150;0
151;0
152;2
153;0
154;0
155;0
156;0
157;2
158;0
159;2
160;0
161;2
162;0
163;0
164;0
165;0
166;0
167;0
168;2
169;0
170;0
171;0
172;2
173;1
174;0
175;1
176;0
177;0
178;0
179;0
180;0
181;0
182;0
183;1
184;0
185;0
186;1
187;1
188;2
189;0
190;0
191;0
192;0
193;1
194;0
195;0
196;2
197;0
198;2
199;1
200;0
201;2
202;1
203;0
204;1
205;0
206;0
207;2
208;0
209;0
210;0
211;0
212;0
213;0
214;0
215;2
216;1
217;0
218;2
219;0
220;1
221;0
222;0
223;0
224;0
225;0
226;0
227;0
228;0
229;0
230;2
231;2
232;2
233;0
234;0
235;0
236;1
237;0
238;0
239;0
240;1
241;0
242;0
243;1
244;0
245;0
246;0
247;2
248;1
249;2
250;2
251;2
252;2
253;0
254;0
255;0
256;2
257;1
258;0
259;0
260;2
261;0
262;0
263;0
264;0
265;0
266;0
267;0
268;0
269;0
270;0
271;0
272;0
273;0
274;2
275;0
276;0
277;0
278;0
279;0
280;0
281;2
282;0
283;0
284;0
285;0
286;0
287;0
288;0
289;2
290;0
291;0
292;0
293;0
294;2
295;0
296;1
297;0
298;2
299;0
300;2
301;0
302;0
303;2
304;0
305;0
306;0
307;0
308;1
309;0
310;0
311;0
312;0
313;0
314;2
315;0
316;0
317;0
318;1
319;2
320;2
321;0
322;1
323;0
324;0
325;2
326;2
327;0
328;2
329;2
330;0
331;1
332;0
333;0
334;0
335;1
336;0
337;0
338;1
339;0
340;0
341;2
342;2
343;0
344;2
345;0
346;0
347;0
348;2
349;2
350;2
351;0
352;2
353;0
354;0
355;0
356;0
357;0
358;0
359;0
360;1
361;0
362;0
363;0
364;0
365;2
366;2
367;2
368;0
369;0
370;2
371;0
372;2
373;0
374;0
375;1
376;0
377;0
378;0
379;0
380;0
381;0
382;0
383;0
384;2
385;0
386;0
387;1
388;0
389;0
390;0
391;0
392;1
393;0
394;2
395;1
396;0
397;0
398;0
399;2
400;2
401;0
402;2
403;0
404;0
405;0
406;2
407;0
408;0
409;0
410;0
411;0
412;1
413;0
414;0
415;2
416;2
417;0
418;0
419;0
420;0
421;2
422;0
423;0
424;0
425;0
426;0
427;0
428;0
429;0
430;0
431;0
432;0
433;2
434;2
435;1
436;1
437;2
438;0
439;0
440;0
441;2
442;1
443;2
444;0
445;0
446;2
447;2
448;2
449;0
450;0
451;0
452;0
453;1
454;2
455;2
456;1
457;0
458;1
459;2
460;2
461;0
462;0
463;0
464;0
465;0
466;1
467;2
468;0
469;2
470;0
471;0
472;0
473;2
474;2
475;2
476;0
477;0
478;0
479;2
480;1
481;0
482;0
483;0
484;2
485;2
486;0
487;0
488;2
489;0
490;0
491;1
492;0
493;2
494;0
495;0
496;2
497;1
498;0
499;0
500;0
501;0
502;0
503;0
504;2
505;0
506;0
507;0
508;0
509;0
510;0
511;0
512;1
513;0
514;0
515;0
516;2
517;0
518;2
519;2
520;0
521;2
522;2
523;0
524;2
525;1
526;1
527;1
528;2
529;0
530;2
531;0
532;2
533;0
534;2
535;0
536;2
537;2
538;0
539;0
540;2
541;2
542;1
543;1
544;1
545;0
546;2
547;1
548;0
549;1
550;0
551;2
552;0
553;0
554;1
555;0
556;0
557;1
558;2
559;0
560;0
561;0
562;0
563;0
564;2
565;0
566;0
567;0
568;0
569;1
570;0
571;0
572;2
573;2
574;1
575;0
576;0
577;0
578;0
579;0
580;1
581;0
582;0
583;2
584;0
585;1
586;0
587;2
588;2
589;0
590;0
591;0
592;2
593;0
594;0
595;1
596;0
597;0
598;0
599;2
600;1
601;2
602;0
603;0
604;2
605;1
606;0
607;2
608;2
609;0
610;0
611;0
612;1
613;1
614;2
615;0
616;0
617;0
618;0
619;0
620;0
621;0
622;0
623;0
624;1
625;2
626;0
627;2
628;2
629;0
630;1
631;0
632;2
633;0
634;1
635;2
636;0
637;0
638;0
639;0
640;0
641;1
642;0
643;0
644;0
645;0
646;0
647;0
648;0
649;0
650;0
651;0
652;2
653;0
654;0
655;0
656;0
657;0
658;0
659;0
660;1
661;0
662;2
663;0
664;0
665;0
666;0
667;0
668;0
669;0
670;1
671;0
672;0
673;0
674;0
675;0
676;1
677;0
678;1
679;0
680;0
681;0
682;0
683;2
684;0
685;0
686;2
687;1
688;0
689;0
690;2
691;0
692;0
693;0
694;0
695;1
696;0
697;0
698;0
699;0
700;0
701;0
702;0
703;0
704;0
705;0
706;0
707;0
708;2
709;0
710;2
711;2
712;2
713;2
714;2
715;2
716;0
717;2
718;1
719;0
720;2
721;0
722;0
723;0
724;0
725;0
726;0
727;0
728;2
729;2
730;0
731;0
732;1
733;0
734;1
735;0
736;0
737;0
738;0
739;0
740;0
741;2
742;2
743;0
744;2
745;0
746;2
747;2
748;2
749;2
750;0
751;0
752;0
753;0
754;0
755;0
756;0
757;2
758;2
759;2
760;2
761;2
762;0
763;0
764;0
765;0
766;0
767;0
768;0
769;2
770;1
771;0
772;0
773;1
774;0
775;0
776;0
777;2
778;0
779;0
780;0
781;0
782;0
783;0
784;0
785;0
786;0
787;0
788;0
789;0
790;2
791;2
792;2
793;0
794;0
795;2
796;1
797;1
798;1
799;0
800;0
801;1
802;0
803;0
804;0
805;0
806;0
807;0
808;0
809;2
810;0
811;0
812;0
813;0
814;2
815;1
816;0
817;0
818;0
819;0
820;0
821;0
822;0
823;0
824;0
825;2
826;2
827;2
828;2
829;0
830;0
831;0
832;0
833;2
834;2
835;1
836;2
837;0
838;0
839;0
840;0
841;0
842;2
843;0
844;2
845;0
846;0
847;0
848;0
849;0
850;1
851;0
852;0
853;0
854;0
855;0
856;0
857;2
858;0
859;2
860;0
861;2
862;2
863;2
864;2
865;2
866;0
867;2
868;0
869;0
870;0
871;2
872;0
873;0
874;0
875;0
876;0
877;1
878;0
879;2
880;1
881;0
882;1
883;0
884;0
885;0
886;1
887;0
888;0
889;0
890;0
891;2
892;2
893;0
894;1
895;0
896;2
897;0
898;0
899;0
900;2
901;2
902;2
903;2
904;2
905;0
906;0
907;0
908;0
909;2
910;0
911;0
912;0
913;2
914;2
915;0
916;1
917;0
918;0
919;1
920;2
921;2
922;0
923;2
924;0
925;0
926;2
927;1
928;0
929;2
930;2
931;0
932;0
933;1
934;0
935;0
936;0
937;2
938;0
939;0
940;0
941;1
942;0
943;1
944;0
945;0
946;0
947;0
948;0
949;1
950;2
951;0
952;2
953;0
954;0
955;0
956;0
957;0
958;0
959;2
960;0
961;0
962;0
963;0
964;0
965;0
966;0
967;0
968;0
969;0
970;0
971;0
972;0
973;0
974;0
975;0
976;0
977;0
978;1
979;4
980;2
981;1
982;0
983;0
984;1
985;0
986;2
987;1
988;1
989;0
990;0
991;2
992;4
993;2
994;2
995;1
996;0
997;0
998;2
999;0
1000;2
1001;0
1002;0
1003;0
1004;2
1005;0
1006;0
1007;2
1008;1
1009;0
1010;0
1011;0
1012;0
1013;0
1014;0
1015;1
1016;0
1017;0
1018;0
1019;0
1020;0
1021;0
1022;0
1023;0
